# 6448 6449 6450 6451 6452 6528 6529 6530 6531 6532 6610 6611 6612 6613 6614 6693 6694 6695 6696 6697 6776 6777 6778 6779 6780 6859 6860 6861 6862 6863 Date
23.143 23.169 23.117 22.399 22.470 23.075 23.065 23.032 23.060 22.839 22.836 23.062 23.063 22.912 22.847 22.648 22.694 23.257 23.088 23.413 22.616 22.692 22.641 23.350 23.501 22.496 22.674 22.810 23.468 23.267 01/08/2078
23.129 23.175 23.054 22.136 22.482 23.067 22.944 22.954 23.095 22.718 22.927 23.005 23.187 23.067 22.780 22.760 23.203 23.216 23.097 23.139 23.272 23.189 23.114 23.274 23.465 23.419 23.372 23.423 23.512 23.296 02/08/2078
24.921 24.869 24.728 24.133 24.317 24.692 24.603 24.643 24.599 24.265 24.644 24.663 24.673 24.592 24.309 25.139 26.054 24.745 24.658 24.421 25.296 26.025 24.675 24.773 24.965 25.809 26.282 25.049 25.187 24.770 03/08/2078
25.230 25.218 25.311 23.708 24.757 25.057 24.966 25.266 25.552 24.984 24.826 25.236 25.427 25.345 25.075 24.467 25.379 25.502 25.392 25.408 24.944 25.340 25.460 25.563 25.565 25.355 25.375 25.621 25.763 25.384 04/08/2078
23.391 23.598 23.645 23.279 23.680 23.426 23.380 23.590 24.428 24.087 23.527 24.135 24.226 24.141 24.110 23.463 24.550 24.495 24.359 24.534 24.242 24.535 24.377 24.539 24.887 24.728 24.782 24.766 24.827 24.756 05/08/2078
24.696 24.691 24.746 24.895 25.249 24.594 24.524 24.725 25.636 25.495 24.621 24.820 25.540 25.472 25.592 24.507 25.074 25.710 25.617 25.734 24.939 25.049 25.566 25.745 26.030 25.177 25.318 25.879 25.946 25.950 06/08/2078
25.697 25.536 25.579 24.782 24.997 25.479 25.439 25.603 25.829 25.044 25.595 25.580 25.828 25.745 25.177 25.664 26.124 25.846 25.818 25.783 25.831 26.105 25.793 25.895 25.970 26.076 26.303 26.144 26.022 25.899 07/08/2078
22.605 22.342 22.145 21.408 20.336 22.189 22.116 22.091 21.036 20.124 22.410 22.128 21.275 21.129 20.312 22.348 21.804 21.286 21.135 20.832 22.193 21.767 21.284 21.347 21.207 22.273 21.886 21.578 21.480 20.912 08/08/2078
23.046 22.620 22.444 22.005 22.225 22.486 22.362 22.318 21.969 22.188 22.310 22.318 22.083 22.038 22.335 22.301 22.050 21.971 21.922 21.908 22.333 22.040 21.960 22.000 22.181 22.438 22.263 22.288 22.335 22.086 09/08/2078
24.562 24.323 24.319 23.894 24.123 24.186 24.087 24.203 23.758 23.583 23.988 23.966 23.892 23.816 23.676 24.109 23.911 23.652 23.524 23.246 24.236 23.902 23.870 23.704 23.391 24.038 23.703 23.763 23.657 23.193 10/08/2078
24.841 24.755 24.094 23.568 23.575 24.626 24.532 23.957 23.623 23.362 25.147 24.603 23.956 23.845 23.439 25.090 24.581 23.892 23.806 23.497 25.187 24.565 24.639 23.926 23.728 25.559 24.681 24.807 24.195 23.523 11/08/2078
22.533 22.539 21.865 21.168 21.563 22.299 22.113 21.732 21.976 21.582 22.489 22.165 22.019 21.869 21.727 22.586 22.576 22.119 21.936 21.929 22.736 22.520 22.265 22.172 22.334 23.107 22.711 22.541 22.633 22.070 12/08/2078
23.731 23.421 23.115 22.182 22.694 23.255 23.128 23.032 22.978 22.722 23.215 23.184 23.084 22.952 22.854 23.261 23.219 23.017 22.903 22.832 23.174 23.188 23.123 23.095 23.148 23.487 23.309 23.415 23.393 22.951 13/08/2078
23.847 23.423 23.089 22.036 22.343 23.137 22.929 22.936 23.482 22.543 23.106 23.155 23.671 23.499 22.734 23.321 22.895 23.555 23.347 23.399 23.447 22.882 23.658 23.619 23.790 23.703 22.962 23.980 23.979 23.523 14/08/2078
24.385 24.284 24.279 24.086 23.905 24.170 24.092 24.196 23.958 24.483 24.382 24.382 23.687 23.614 24.591 24.951 24.435 23.620 23.547 23.814 25.210 24.387 23.771 23.645 23.978 25.551 24.455 23.762 23.984 23.906 15/08/2078
25.088 24.889 24.912 24.002 23.922 24.685 24.452 24.811 25.225 24.677 24.937 25.079 25.119 24.997 24.817 24.063 24.263 25.274 25.153 25.382 24.461 24.235 25.314 25.345 25.786 24.803 24.307 25.607 25.802 25.559 16/08/2078
24.172 24.280 24.141 23.048 23.946 24.103 23.990 24.064 24.913 24.704 24.231 24.462 24.714 24.644 24.865 24.923 25.682 24.884 24.783 25.006 25.137 25.662 24.975 24.923 25.197 25.219 25.713 24.972 25.196 25.124 17/08/2078
27.077 26.944 27.057 26.173 27.837 26.906 26.824 27.029 28.132 27.905 26.728 27.034 28.190 28.101 27.901 27.107 27.317 28.119 28.036 28.117 27.269 27.309 27.991 28.164 28.281 27.387 27.230 28.007 28.367 28.157 18/08/2078
27.594 27.641 27.923 26.864 27.588 27.588 27.461 27.871 28.687 27.793 27.523 27.685 28.952 28.717 27.779 27.827 27.983 28.750 28.452 28.509 27.951 27.961 28.607 28.811 28.813 27.741 27.830 28.592 28.849 28.456 19/08/2078
26.060 26.328 26.282 25.379 26.416 26.318 26.251 26.264 26.724 26.501 26.114 26.388 26.959 26.842 26.536 25.867 26.771 26.671 26.559 26.888 25.927 26.763 26.595 26.710 27.001 25.765 26.524 26.444 26.797 26.830 20/08/2078
28.014 28.335 28.154 27.996 27.729 28.326 28.325 28.145 28.914 27.945 28.662 28.566 28.864 28.868 27.985 28.375 28.451 28.837 28.869 29.062 28.077 28.467 28.892 28.823 28.764 28.021 27.980 28.405 28.521 28.814 21/08/2078
28.599 28.724 28.794 28.335 28.788 28.696 28.713 28.763 29.205 28.682 28.825 28.757 28.761 28.795 28.679 28.729 28.668 28.367 28.405 29.005 28.374 28.697 28.485 28.349 28.491 28.211 28.153 27.936 27.995 28.598 22/08/2078
26.536 26.476 26.278 26.003 25.700 26.318 26.299 26.215 26.002 25.628 26.749 26.391 26.042 25.906 25.685 26.740 25.634 26.239 26.174 26.243 26.699 25.634 26.358 26.274 26.187 26.834 25.774 26.449 26.278 26.114 23/08/2078
26.446 26.387 26.062 26.112 26.329 26.268 26.168 25.975 26.168 25.926 26.693 26.197 26.262 26.123 25.987 26.377 25.725 26.366 26.278 26.356 26.114 25.727 26.339 26.404 26.541 26.172 26.037 26.662 26.589 26.445 24/08/2078
22.051 21.755 21.639 21.200 21.727 21.586 21.397 21.531 21.669 21.546 22.856 21.710 21.546 21.372 21.697 22.312 22.521 21.912 21.708 21.330 22.521 22.486 22.719 22.020 20.934 22.133 22.328 22.479 21.781 20.717 25/08/2078
21.188 20.866 20.643 20.412 20.629 20.686 20.570 20.548 21.190 20.680 20.894 20.414 21.048 20.852 20.823 21.070 21.389 21.295 21.075 21.031 21.253 21.358 21.519 21.412 21.170 21.464 21.370 21.617 21.615 20.904 26/08/2078
20.779 20.867 20.369 19.600 19.915 20.624 20.482 20.256 20.091 19.768 20.644 20.269 20.423 20.334 19.802 20.793 21.027 20.254 20.198 19.722 21.058 20.990 20.648 20.296 20.250 21.429 21.086 20.786 20.263 20.153 27/08/2078
22.115 22.030 21.873 21.571 22.151 21.873 21.793 21.775 21.404 21.955 21.770 21.695 21.508 21.504 21.968 21.753 22.290 21.396 21.387 21.327 21.646 22.263 21.421 21.433 21.302 21.541 22.276 21.379 21.407 21.298 28/08/2078
17.699 17.981 17.963 17.791 18.044 17.819 17.667 17.836 18.094 17.952 17.793 17.643 17.771 17.696 18.017 18.143 18.462 17.965 17.845 18.012 18.368 18.446 17.765 18.015 18.174 18.559 18.734 18.231 18.198 18.008 29/08/2078
19.776 19.858 20.202 20.174 20.954 19.745 19.606 20.059 21.043 21.001 19.512 19.681 20.917 20.826 21.137 20.206 20.431 20.885 20.731 21.041 20.334 20.400 20.423 20.924 21.370 20.832 20.739 20.790 20.915 21.109 30/08/2078
19.555 19.872 19.325 18.508 18.567 19.664 19.512 19.201 19.034 18.584 19.929 19.697 19.569 19.379 18.757 20.338 20.592 19.634 19.389 19.209 20.757 20.552 19.795 19.718 19.886 21.139 21.054 20.403 20.085 19.537 31/08/2078
18.751 18.814 18.580 18.373 18.755 18.701 18.575 18.510 19.130 18.734 19.080 18.673 19.240 19.154 18.826 19.477 20.091 19.307 19.158 18.952 19.537 20.062 19.883 19.381 19.303 20.062 20.209 20.134 19.674 19.071 01/09/2078
19.653 19.795 19.663 18.769 19.115 19.720 19.600 19.599 19.411 19.000 19.610 19.588 19.578 19.460 19.073 19.556 19.571 19.560 19.414 19.379 19.375 19.555 19.460 19.628 19.861 19.487 19.699 19.718 19.860 19.620 02/09/2078
19.779 19.510 19.444 19.068 19.003 19.483 19.417 19.403 19.529 18.827 19.496 19.397 19.539 19.473 18.915 20.060 19.873 19.436 19.324 19.335 19.830 19.904 19.440 19.482 19.707 19.693 19.871 19.547 19.693 19.563 03/09/2078
21.464 21.445 21.399 20.871 21.089 21.380 21.344 21.338 21.366 21.016 21.360 21.332 21.296 21.254 21.093 21.617 21.675 21.342 21.277 21.360 21.409 21.682 21.435 21.372 21.434 21.214 21.467 21.253 21.347 21.346 04/09/2078
23.330 23.189 23.184 22.682 22.909 23.092 23.019 23.130 23.477 22.972 23.103 23.098 23.409 23.326 23.047 23.776 23.699 23.301 23.171 23.234 23.522 23.696 23.310 23.342 23.267 23.391 23.461 23.280 23.295 23.069 05/09/2078
22.962 22.932 22.961 22.299 22.452 22.884 22.848 22.932 22.982 22.578 22.846 22.875 22.807 22.767 22.656 23.288 22.899 22.703 22.598 22.815 23.123 22.892 22.637 22.733 22.812 22.782 22.764 22.702 22.788 22.570 06/09/2078
22.821 22.863 22.867 21.802 21.940 22.912 22.957 22.899 22.621 22.099 22.941 22.899 22.491 22.517 22.155 23.057 22.696 22.338 22.301 22.425 22.819 22.718 22.369 22.343 22.315 22.430 22.472 22.314 22.281 22.248 07/09/2078
20.105 20.089 20.249 19.965 19.773 19.932 19.826 20.143 20.572 19.793 19.979 19.864 20.350 20.216 19.881 20.554 20.331 20.436 20.234 20.613 20.793 20.289 20.235 20.497 20.999 20.991 20.785 20.806 20.906 20.793 08/09/2078
17.266 17.175 16.956 15.569 15.758 17.088 17.018 16.915 15.536 15.926 17.485 17.145 15.804 15.792 15.990 17.974 17.023 16.025 15.989 15.852 18.247 16.981 16.082 16.043 16.187 18.676 17.476 16.604 16.399 16.165 09/09/2078
16.208 16.183 16.090 15.795 15.976 16.229 16.257 16.111 15.257 15.948 16.602 16.162 15.327 15.249 16.011 16.890 17.163 15.397 15.320 15.271 16.989 17.133 15.523 15.435 15.525 17.192 17.439 16.030 15.706 15.421 10/09/2078
19.739 19.645 19.479 18.970 18.988 19.552 19.488 19.426 19.144 18.956 19.901 19.597 19.242 19.125 18.978 20.699 20.504 19.278 19.148 19.312 20.766 20.510 19.543 19.320 19.588 20.714 20.423 19.674 19.632 19.417 11/09/2078
20.466 20.396 20.460 20.021 20.190 20.298 20.279 20.414 20.439 20.359 20.552 20.422 20.466 20.358 20.433 21.288 21.268 20.439 20.337 20.625 21.383 21.268 20.383 20.488 20.633 21.351 21.266 20.486 20.618 20.462 12/09/2078
20.580 20.517 20.501 19.514 18.756 20.330 20.234 20.360 19.641 19.116 20.583 20.416 19.770 19.583 19.279 21.374 20.965 19.722 19.513 19.766 21.549 20.940 19.610 19.825 19.977 21.860 21.148 20.028 19.967 19.681 13/09/2078
22.221 22.388 22.570 20.430 20.772 22.567 22.724 22.682 20.559 21.054 22.346 22.371 20.464 20.449 21.149 21.372 20.464 20.399 20.418 20.496 21.658 20.463 20.386 20.439 20.421 21.349 20.428 20.441 20.400 20.383 14/09/2078
22.638 22.633 22.729 22.336 22.216 22.687 22.782 22.769 22.038 22.213 22.889 22.580 21.976 21.904 22.302 22.868 21.981 22.047 22.016 21.905 22.845 21.999 22.040 22.090 21.932 22.581 21.971 22.235 22.083 21.770 15/09/2078
23.056 22.963 23.208 22.744 22.508 22.997 23.014 23.229 22.664 22.354 22.986 22.817 22.525 22.541 22.391 22.815 22.692 22.426 22.476 22.360 22.539 22.691 22.344 22.415 21.964 22.378 22.411 22.087 21.991 22.028 16/09/2078
21.861 21.842 21.773 22.215 21.621 21.888 21.920 21.802 21.810 21.569 22.274 22.029 21.679 21.747 21.619 22.844 22.231 21.923 22.004 22.109 22.551 22.260 21.666 21.886 21.950 22.526 22.279 21.663 21.726 22.060 17/09/2078
20.425 20.158 20.223 19.784 19.940 20.155 20.138 20.207 20.936 20.620 20.941 20.893 20.849 20.858 20.691 21.251 21.510 21.614 21.646 21.510 21.742 21.521 21.202 21.601 21.748 21.855 21.684 21.475 21.500 21.778 18/09/2078
21.883 21.557 21.612 21.057 21.503 21.568 21.581 21.606 21.744 21.360 21.584 21.347 21.782 21.736 21.402 21.649 22.470 22.019 21.967 21.949 21.644 22.483 21.977 22.032 22.793 21.780 22.782 22.365 22.526 22.761 19/09/2078
22.686 22.467 22.267 21.419 21.530 22.403 22.363 22.261 21.929 21.392 22.185 22.062 22.145 22.085 21.461 22.103 22.127 22.258 22.171 22.168 22.118 22.094 22.300 22.289 22.752 22.427 22.380 22.574 22.626 22.643 20/09/2078
20.218 20.185 20.113 20.709 19.135 20.080 19.982 20.046 20.289 19.306 20.057 20.229 20.669 20.537 19.432 20.180 20.341 20.706 20.578 20.287 20.301 20.345 20.610 20.758 20.774 20.260 20.128 20.652 20.564 20.577 21/09/2078
16.201 15.967 16.135 15.707 15.571 15.883 15.780 16.060 15.880 15.602 16.210 16.067 16.117 16.077 15.653 16.381 16.504 16.286 16.211 16.260 16.410 16.509 16.189 16.303 16.414 16.469 16.418 16.199 16.292 16.335 22/09/2078
18.610 18.123 17.773 17.046 17.377 18.043 17.930 17.690 17.381 17.086 18.115 18.164 17.656 17.639 17.142 18.381 18.299 17.172 17.115 17.230 18.015 18.284 17.542 17.230 17.126 17.445 17.806 17.221 17.225 17.026 23/09/2078
16.840 16.260 16.349 15.808 16.457 16.169 16.087 16.303 15.509 15.989 15.786 15.449 15.401 15.228 16.143 15.921 15.588 14.706 14.464 15.143 15.661 15.594 14.780 14.802 14.774 15.903 15.493 14.839 14.566 14.461 24/09/2078
19.583 19.378 19.510 18.754 18.546 19.307 19.224 19.505 18.608 18.454 18.853 18.745 18.467 18.426 18.526 19.402 19.717 18.134 18.101 18.358 19.133 19.731 17.842 18.163 17.828 19.234 19.458 17.527 17.603 17.770 25/09/2078
22.180 21.480 21.322 21.344 20.379 21.363 21.283 21.249 20.166 19.374 20.830 20.270 20.034 19.939 19.451 20.743 20.356 19.760 19.686 19.772 20.565 20.312 19.983 19.836 19.308 19.984 19.977 19.749 19.309 19.188 26/09/2078
19.208 19.098 19.218 19.085 19.240 18.982 18.905 19.147 19.362 18.871 18.646 18.834 19.322 19.200 18.969 18.699 19.353 19.009 18.827 18.850 18.779 19.321 19.202 19.066 18.470 18.849 19.029 19.074 19.079 18.246 27/09/2078
18.948 18.816 18.904 18.586 18.595 18.685 18.605 18.825 19.055 18.604 18.630 18.802 19.047 18.948 18.738 18.974 19.413 18.905 18.742 18.907 19.071 19.364 18.970 18.953 18.961 19.220 19.312 19.011 19.044 18.752 28/09/2078
18.754 18.543 18.429 18.217 18.106 18.378 18.275 18.330 18.794 18.265 18.298 18.389 18.889 18.781 18.399 18.484 18.917 18.827 18.694 18.726 18.524 18.889 18.783 18.877 18.827 18.611 18.926 18.911 18.924 18.653 29/09/2078
18.007 17.937 17.816 16.911 17.139 17.709 17.522 17.662 18.335 17.493 17.660 17.841 18.409 18.218 17.574 18.091 18.411 18.465 18.244 18.312 18.214 18.380 18.278 18.548 18.728 18.463 18.580 18.687 18.747 18.407 30/09/2078
15.297 15.098 15.168 15.362 15.246 14.900 14.765 15.083 15.823 15.698 14.960 15.204 15.692 15.581 15.766 15.445 15.832 15.732 15.609 15.922 15.590 15.839 15.605 15.788 16.115 15.685 15.950 15.970 16.052 15.929 01/10/2078
16.905 16.896 16.983 15.879 16.101 16.755 16.647 16.888 16.695 16.349 16.381 16.555 16.897 16.846 16.409 17.263 17.386 16.284 16.198 16.448 17.384 17.361 16.269 16.331 16.262 17.399 17.268 16.376 16.194 16.113 02/10/2078
16.071 16.115 15.741 14.511 14.865 15.944 15.836 15.641 15.788 15.410 16.020 15.876 15.885 15.762 15.522 16.656 16.775 15.745 15.604 15.645 16.696 16.753 16.066 15.817 15.764 16.931 16.730 16.224 15.939 15.501 03/10/2078
15.207 15.431 15.221 14.943 15.724 15.279 15.165 15.096 15.574 15.951 15.148 15.241 15.528 15.451 16.068 15.584 16.224 15.614 15.542 15.584 15.748 16.200 15.836 15.637 15.685 16.094 16.284 16.002 15.802 15.586 04/10/2078
16.324 16.087 16.209 15.602 16.552 15.937 15.848 16.090 16.234 16.643 15.970 16.003 16.234 16.161 16.728 16.377 16.932 16.398 16.298 16.302 16.561 16.916 16.288 16.445 16.526 16.770 16.972 16.420 16.494 16.358 05/10/2078
16.117 16.141 15.947 14.866 15.743 15.955 15.862 15.823 15.777 15.740 15.634 15.796 16.326 16.232 15.828 16.114 16.808 16.176 16.044 15.431 16.250 16.772 16.418 16.227 15.724 15.645 16.752 16.465 16.553 15.567 06/10/2078
15.721 16.039 16.194 14.944 15.303 15.941 15.831 16.088 15.992 15.511 15.705 15.903 16.412 16.299 15.611 16.178 16.635 16.256 16.090 16.007 16.217 16.603 16.167 16.304 16.196 16.144 16.703 16.375 16.537 16.017 07/10/2078
16.075 16.105 15.929 15.949 15.758 15.946 15.849 15.830 16.318 15.787 15.751 15.435 16.095 16.029 15.875 16.160 15.828 15.610 15.437 16.019 15.867 15.780 15.406 15.636 16.052 16.036 16.023 15.731 15.809 15.845 08/10/2078
16.954 17.104 17.354 17.019 17.207 17.008 16.979 17.303 17.704 17.086 17.191 16.965 17.431 17.434 17.126 17.832 17.373 17.625 17.601 17.716 17.914 17.368 17.293 17.631 17.906 18.199 17.783 17.722 17.881 17.861 09/10/2078
15.421 15.221 15.149 14.500 14.752 15.079 14.994 15.051 15.173 14.734 15.075 15.018 15.173 15.108 14.799 15.160 15.106 15.313 15.203 15.680 15.153 15.086 15.099 15.354 16.022 15.016 15.091 15.184 15.828 15.904 10/10/2078
13.526 12.953 12.768 12.336 12.275 12.734 12.578 12.662 12.566 12.123 13.543 12.869 12.609 12.503 12.257 13.791 14.196 12.781 12.573 12.391 13.888 14.159 13.606 12.844 12.645 14.008 14.179 13.632 13.293 12.411 11/10/2078
11.455 10.856 10.783 10.278 10.304 10.705 10.568 10.694 10.430 10.207 11.333 10.819 10.608 10.531 10.341 11.536 11.498 10.778 10.637 10.185 11.818 11.462 11.328 10.833 10.714 11.741 11.083 10.927 11.067 10.530 12/10/2078
9.893 9.512 9.379 9.071 8.662 9.371 9.220 9.268 9.141 8.897 9.774 9.697 8.964 9.075 9.011 9.981 9.836 9.346 9.356 9.321 10.238 9.813 9.724 9.316 9.689 10.366 9.932 9.419 9.434 9.889 13/10/2078
10.220 10.143 10.122 11.025 9.575 9.885 9.620 9.976 9.536 9.685 10.357 10.203 9.093 9.034 9.572 10.564 10.197 9.328 9.376 9.654 11.089 10.177 9.388 9.409 9.834 11.419 10.665 9.758 9.684 9.923 14/10/2078
12.137 12.447 12.428 12.660 12.762 12.307 12.191 12.344 13.074 13.099 12.598 12.475 12.880 12.813 13.086 12.598 12.801 13.045 13.007 13.246 13.045 12.784 13.045 13.100 13.332 13.263 12.961 13.327 13.235 13.240 15/10/2078
11.711 11.701 11.713 11.602 11.623 11.552 11.464 11.635 12.192 11.941 11.542 11.702 12.079 11.940 12.009 11.622 12.294 11.944 11.824 12.176 11.822 12.286 11.804 12.021 12.204 12.014 12.428 12.103 12.023 11.984 16/10/2078
11.676 11.680 11.835 11.755 11.624 11.531 11.431 11.724 12.478 12.127 11.606 11.859 12.226 12.112 12.195 11.829 12.513 12.205 12.078 12.369 12.161 12.489 12.387 12.278 12.633 12.137 12.300 12.336 12.442 12.409 17/10/2078
12.219 12.280 12.271 12.101 12.191 12.190 12.176 12.209 12.722 12.317 12.218 12.523 12.589 12.554 12.348 11.871 12.163 12.618 12.582 12.707 12.168 12.154 12.540 12.639 12.855 12.118 11.960 12.413 12.613 12.800 18/10/2078
14.478 14.763 14.590 14.172 13.784 14.597 14.451 14.474 13.970 13.512 14.830 14.772 13.713 13.676 13.565 14.292 14.620 13.586 13.553 13.610 14.326 14.604 13.969 13.618 13.644 13.996 14.436 13.775 13.544 13.564 19/10/2078
17.947 17.758 17.238 16.681 16.450 17.534 17.321 17.068 16.624 16.089 17.632 17.213 16.645 16.488 16.238 17.416 16.475 16.293 16.124 15.933 16.956 16.451 16.552 16.361 15.968 16.832 16.355 16.657 16.339 15.699 20/10/2078
17.387 17.174 17.103 16.527 16.995 17.034 16.905 16.989 16.740 16.607 17.288 16.939 16.893 16.874 16.601 17.830 17.350 16.651 16.589 16.691 17.451 17.343 16.825 16.685 16.197 17.203 17.171 16.675 16.300 16.117 21/10/2078
17.302 16.859 16.801 16.365 15.920 16.800 16.729 16.780 15.686 15.595 16.376 16.326 15.829 15.824 15.625 17.069 17.387 15.773 15.704 15.105 17.215 17.367 16.064 15.812 14.537 16.599 16.719 15.602 15.000 14.483 22/10/2078
15.820 15.470 15.447 15.380 15.117 15.391 15.332 15.411 15.219 14.971 14.734 15.024 15.493 15.436 15.042 15.072 15.946 15.530 15.462 15.109 15.306 15.941 15.307 15.573 15.358 15.668 16.023 15.381 15.590 15.274 23/10/2078
17.155 16.998 17.373 17.000 16.904 16.890 16.753 17.278 17.542 17.116 16.437 16.621 17.674 17.354 17.279 15.811 16.585 17.543 17.236 17.142 15.708 16.563 17.312 17.677 17.539 15.879 16.743 17.907 17.811 17.093 24/10/2078
17.843 17.605 17.591 17.042 17.638 17.435 17.233 17.465 17.666 17.426 17.411 17.316 17.935 17.735 17.618 17.263 16.912 17.579 17.378 17.022 17.328 16.861 17.958 17.671 17.498 17.226 17.165 18.509 18.120 17.185 25/10/2078
17.677 17.632 17.491 17.196 17.213 17.440 17.245 17.388 17.377 16.812 17.546 17.394 17.118 17.012 16.919 18.072 17.614 17.133 16.966 16.876 17.855 17.612 17.398 17.189 17.081 17.667 17.473 17.487 17.544 16.859 26/10/2078
17.112 17.092 16.860 17.657 17.576 16.923 16.808 16.737 17.186 17.354 16.794 16.767 17.043 16.928 17.387 17.573 17.471 16.975 16.782 17.085 17.236 17.506 16.886 17.068 17.389 16.962 17.360 17.156 17.546 17.107 27/10/2078
19.329 19.347 19.305 19.184 18.753 19.195 19.103 19.199 18.982 18.674 19.113 19.166 18.705 18.606 18.728 19.663 19.538 18.533 18.409 18.653 19.637 19.508 18.570 18.563 18.780 19.876 19.598 18.765 18.853 18.610 28/10/2078
16.486 16.798 16.723 16.380 16.266 16.665 16.596 16.635 16.927 16.470 16.951 16.907 16.750 16.658 16.557 17.500 17.733 16.997 16.878 17.098 17.469 17.714 16.703 17.024 17.283 17.657 17.772 16.833 17.133 17.134 29/10/2078
13.198 13.264 13.164 12.848 12.642 13.108 12.969 13.042 13.603 13.246 13.393 13.300 13.380 13.272 13.348 13.911 14.010 13.755 13.651 13.876 14.221 13.992 13.631 13.821 14.320 14.667 14.217 14.053 14.248 14.128 30/10/2078
10.195 10.228 10.253 9.516 9.345 10.063 9.890 10.156 10.263 9.931 10.514 10.524 10.279 10.190 9.985 10.746 11.046 10.493 10.389 10.651 10.949 11.022 10.682 10.546 10.958 11.450 11.134 10.898 10.904 10.833 31/10/2078
8.261 8.401 8.446 8.036 7.924 8.348 8.221 8.434 8.592 8.263 8.802 8.551 8.599 8.596 8.273 9.100 9.382 8.710 8.696 8.894 9.339 9.372 8.995 8.731 9.219 9.748 9.508 9.098 9.151 9.214 01/11/2078
8.960 9.362 9.281 8.839 8.984 9.304 9.200 9.230 9.450 8.778 9.117 9.227 9.434 9.435 8.839 9.668 10.377 9.357 9.375 9.473 9.334 10.453 9.467 9.373 9.522 9.602 10.257 9.533 9.463 9.523 02/11/2078
13.518 13.666 13.796 13.135 13.663 13.639 13.616 13.753 14.150 13.456 13.262 13.474 14.143 14.171 13.491 13.402 14.239 14.033 14.019 14.059 13.224 14.265 13.905 13.999 13.747 13.361 14.239 13.888 13.946 13.803 03/11/2078
14.830 15.090 15.426 14.709 15.387 14.990 14.894 15.389 15.858 15.293 14.613 14.879 15.625 15.573 15.339 14.766 15.338 15.397 15.333 15.513 14.725 15.351 15.238 15.409 15.312 14.838 15.422 15.459 15.325 15.274 04/11/2078
15.307 15.339 15.454 15.234 16.131 15.172 15.036 15.336 16.555 15.975 14.652 14.845 16.187 16.107 15.979 16.069 16.431 15.963 15.826 15.994 15.980 16.417 15.814 16.029 16.175 15.871 16.624 16.170 16.011 15.971 05/11/2078
14.765 14.275 14.277 14.067 14.114 14.122 14.001 14.184 14.851 14.333 14.221 14.119 14.432 14.343 14.400 14.627 14.420 14.558 14.407 14.649 14.517 14.396 14.491 14.650 15.297 14.894 14.871 15.165 15.208 15.030 06/11/2078
17.611 17.425 17.524 17.985 17.614 17.291 17.154 17.410 18.386 17.706 16.972 17.061 17.997 17.871 17.808 17.199 17.721 17.885 17.729 17.915 17.165 17.680 17.564 17.944 17.827 17.152 17.784 17.817 17.888 17.581 07/11/2078
17.066 16.993 16.988 17.224 17.363 16.808 16.659 16.853 17.791 17.406 16.699 16.612 17.639 17.488 17.553 16.950 17.065 17.593 17.382 17.492 17.012 17.031 17.492 17.661 17.654 17.334 17.210 17.699 17.746 17.400 08/11/2078
14.249 14.523 14.356 14.089 14.580 14.342 14.180 14.217 15.004 14.748 14.621 14.649 14.943 14.791 14.842 15.187 15.118 14.899 14.714 14.591 15.121 15.104 14.847 14.974 14.928 15.161 15.045 14.947 14.986 14.689 09/11/2078
9.239 9.225 9.086 8.937 8.846 9.132 9.056 9.045 9.180 8.917 9.263 9.047 9.269 9.137 9.024 9.710 9.727 9.342 9.206 9.376 9.968 9.714 9.196 9.393 9.632 10.658 10.263 9.961 9.870 9.412 10/11/2078
7.976 7.505 7.065 6.136 6.307 7.068 6.701 6.822 6.951 6.366 7.130 7.116 6.985 6.930 6.458 7.854 7.489 6.976 6.898 7.162 7.644 7.499 7.039 6.979 7.539 6.933 7.797 7.575 7.504 7.397 11/11/2078
6.920 6.796 6.984 7.433 6.273 6.624 6.429 6.864 7.209 6.509 6.666 6.832 7.001 6.925 6.649 7.367 7.784 7.282 7.250 7.434 7.595 7.779 6.569 7.329 7.779 7.698 7.894 6.847 7.522 7.668 12/11/2078
9.783 9.974 9.899 9.350 9.050 9.796 9.661 9.755 9.698 9.443 10.239 10.119 9.745 9.711 9.510 10.285 10.250 10.015 9.966 9.573 10.475 10.237 9.985 10.042 9.610 10.544 10.376 10.213 9.908 9.538 13/11/2078
13.791 13.958 13.752 13.216 14.088 13.830 13.667 13.658 13.888 14.196 14.310 14.039 14.016 13.926 14.321 14.499 14.418 14.167 14.053 13.918 14.792 14.398 14.293 14.201 14.139 15.099 14.662 14.746 14.490 13.987 14/11/2078
10.704 10.907 10.644 10.108 9.828 10.806 10.691 10.560 10.238 9.936 11.481 11.174 10.807 10.729 10.029 11.612 11.508 10.652 10.542 10.403 11.883 11.503 11.212 10.698 10.750 12.196 11.664 11.460 11.050 10.611 15/11/2078
10.302 10.748 10.245 9.241 9.421 10.578 10.428 10.132 10.293 9.716 11.731 11.021 10.826 10.728 9.831 11.993 11.629 11.115 10.975 10.712 12.055 11.609 11.492 11.172 11.112 12.466 11.807 11.883 11.476 10.913 16/11/2078
12.052 12.029 11.923 10.895 11.608 11.911 11.832 11.854 12.092 11.706 12.127 11.939 12.050 11.941 11.779 12.429 12.096 12.143 12.033 12.041 12.524 12.087 12.128 12.186 12.320 12.646 12.419 12.531 12.479 12.162 17/11/2078
13.527 13.328 14.475 13.244 13.268 13.171 14.124 14.371 13.752 14.562 14.287 14.255 14.856 14.721 14.684 14.487 13.739 14.712 14.554 14.684 14.599 13.722 13.493 14.779 14.790 14.946 13.961 13.842 13.869 14.570 18/11/2078
10.367 10.282 10.449 10.165 10.296 10.163 10.133 10.349 10.741 10.550 10.399 10.670 10.983 10.875 10.625 10.700 11.154 10.907 10.794 11.189 11.010 11.137 10.974 10.972 11.339 11.520 11.289 11.348 11.314 11.180 19/11/2078
10.412 10.980 10.355 9.966 9.693 10.847 10.739 10.279 10.633 10.014 11.013 10.962 11.072 10.874 10.187 11.306 11.724 11.190 10.977 10.574 11.571 11.702 11.257 11.282 11.436 11.519 11.653 11.373 11.604 11.163 20/11/2078
11.380 11.880 11.245 11.072 11.040 11.718 11.548 11.162 11.398 11.239 12.371 12.220 12.030 11.834 11.360 12.454 13.101 12.610 12.436 12.043 12.858 13.064 12.827 12.696 13.206 12.940 13.251 13.233 13.346 12.899 21/11/2078
12.103 11.981 11.910 11.427 11.523 11.844 11.704 11.823 11.754 11.284 11.996 12.059 12.223 12.065 11.451 12.320 12.814 12.407 12.261 11.918 12.673 12.793 12.542 12.469 12.546 12.810 12.694 12.679 12.673 12.285 22/11/2078
9.718 9.422 9.166 8.338 8.511 9.273 9.150 9.103 8.843 8.546 8.695 9.144 9.307 9.242 8.673 9.404 9.168 9.042 9.000 8.781 9.406 9.170 8.855 9.052 8.942 9.376 8.914 8.694 8.949 8.881 23/11/2078
8.022 7.760 7.663 7.351 6.970 7.635 7.505 7.583 7.093 6.998 7.618 7.630 7.251 7.148 7.109 7.647 7.481 7.082 6.994 6.984 7.596 7.485 7.055 7.136 7.183 7.573 7.476 7.099 7.127 7.093 24/11/2078
7.217 6.831 6.841 6.491 6.588 6.653 6.488 6.732 6.757 6.374 6.421 6.549 6.776 6.675 6.455 7.287 7.208 6.454 6.349 6.507 7.234 7.181 6.348 6.512 6.591 7.417 7.231 6.456 6.599 6.420 25/11/2078
9.368 9.682 9.483 8.805 9.198 9.470 9.295 9.342 9.574 9.215 9.311 9.633 9.414 9.287 9.320 9.186 9.697 9.107 9.056 9.229 9.371 9.679 9.164 9.184 9.160 9.151 9.719 9.227 9.191 8.992 26/11/2078
11.826 11.873 11.872 12.402 12.044 11.733 11.609 11.809 12.847 12.082 11.294 11.670 12.710 12.487 12.277 11.381 11.783 12.505 12.207 12.502 11.283 11.755 12.223 12.647 12.539 10.873 11.714 12.595 12.691 12.075 27/11/2078
11.312 11.524 11.445 10.935 11.298 11.388 11.266 11.361 12.015 11.747 11.257 11.582 11.992 11.851 11.876 11.543 12.171 11.898 11.731 11.866 11.624 12.163 11.457 11.965 12.365 11.713 12.421 11.907 12.438 12.113 28/11/2078
14.105 14.234 14.150 13.708 13.780 14.072 13.927 14.036 14.411 14.111 13.303 13.910 14.463 14.292 14.254 13.726 14.110 14.219 14.008 14.053 13.722 14.078 13.857 14.318 14.161 14.029 13.984 13.804 14.300 13.872 29/11/2078
14.780 15.668 15.567 15.420 15.409 15.512 15.343 15.441 15.691 15.370 14.406 14.455 15.761 15.679 15.485 14.660 15.725 15.558 15.447 15.355 14.431 15.683 15.473 15.616 15.201 15.622 15.526 15.443 15.352 15.010 30/11/2078
12.742 12.920 12.992 12.569 12.371 12.806 12.709 12.890 13.079 12.594 12.337 12.643 13.091 13.009 12.690 12.696 13.260 13.073 13.008 12.961 12.933 13.250 12.852 13.110 13.075 13.567 13.470 13.115 13.044 12.960 01/12/2078
13.620 13.547 13.676 14.004 13.090 13.388 13.288 13.581 13.456 13.220 12.992 13.342 13.522 13.375 13.178 12.971 13.341 13.530 13.360 13.213 12.980 13.337 13.339 13.607 13.553 13.320 13.580 13.837 13.784 13.293 02/12/2078
11.191 10.913 10.783 10.954 10.758 10.785 10.717 10.711 10.946 10.637 10.789 10.757 11.074 11.025 10.632 11.817 11.587 11.042 10.930 10.714 11.901 11.560 11.190 11.080 10.962 11.974 11.625 11.360 11.196 10.803 03/12/2078
12.103 11.862 11.564 11.536 11.472 11.702 11.598 11.478 12.172 11.710 11.857 11.702 11.959 11.882 11.862 12.066 12.467 12.332 12.264 12.183 12.344 12.439 12.626 12.363 12.583 12.476 12.849 13.159 12.719 12.453 04/12/2078
13.193 13.241 12.904 12.580 12.523 13.049 12.931 12.802 12.976 12.538 13.145 13.047 13.221 13.132 12.656 13.345 13.564 13.262 13.171 13.005 13.406 13.515 13.478 13.296 13.195 13.427 13.517 13.599 13.345 13.019 05/12/2078
12.429 12.488 12.185 11.606 11.497 12.288 12.144 12.034 11.951 11.406 12.225 12.246 12.188 12.054 11.517 12.312 12.482 12.142 11.948 11.806 12.416 12.419 12.290 12.225 12.286 12.505 12.612 12.581 12.537 12.044 06/12/2078
9.808 10.030 9.704 9.709 9.173 9.875 9.716 9.595 10.076 9.463 10.256 10.049 10.149 10.011 9.611 10.327 10.405 10.387 10.210 10.130 10.561 10.375 10.249 10.467 10.982 10.899 10.782 10.936 10.988 10.700 07/12/2078
9.936 9.864 9.618 9.852 9.267 9.701 9.562 9.526 9.819 9.487 9.828 9.901 9.730 9.599 9.590 9.946 10.144 9.856 9.734 9.929 10.194 10.117 9.938 9.918 10.230 10.541 10.171 10.166 10.169 10.037 08/12/2078
10.314 10.241 10.004 9.899 10.083 10.027 9.900 9.871 10.362 10.067 10.161 10.257 10.461 10.350 10.129 10.816 10.976 10.519 10.367 10.379 11.140 10.950 10.639 10.589 10.427 11.331 10.980 10.878 10.440 10.240 09/12/2078
12.339 12.236 12.107 11.752 11.644 12.058 11.932 11.996 11.885 11.729 12.304 12.196 11.901 11.837 11.807 12.449 12.421 12.178 12.089 11.994 12.509 12.415 12.232 12.213 12.159 12.839 12.665 12.538 12.224 12.052 10/12/2078
9.152 9.406 9.077 9.070 8.852 9.290 9.176 9.014 9.266 8.937 9.634 9.328 9.245 9.115 9.030 10.007 10.075 9.301 9.137 9.015 9.814 10.043 9.546 9.375 9.617 10.040 10.328 9.984 9.880 9.378 11/12/2078
5.974 6.122 5.997 6.343 5.682 6.004 5.832 5.894 6.218 5.853 6.361 6.152 6.148 6.109 5.930 6.423 6.389 6.228 6.190 6.201 6.640 6.380 6.412 6.245 6.612 6.791 6.469 6.584 6.623 6.496 12/12/2078
5.073 5.219 5.173 5.493 4.136 5.306 5.315 5.217 3.955 4.144 5.541 5.482 3.757 3.842 4.052 4.611 4.633 4.080 4.159 4.083 4.776 4.623 4.059 4.051 3.996 4.912 4.881 4.103 4.091 4.090 13/12/2078
5.859 5.788 5.609 5.709 5.261 5.610 5.446 5.515 5.471 5.224 5.661 5.634 5.507 5.394 5.307 6.570 6.714 5.684 5.543 5.428 6.413 6.687 5.499 5.751 5.660 6.711 6.787 5.770 5.834 5.469 14/12/2078
7.920 7.818 7.530 6.995 7.239 7.653 7.528 7.426 7.054 6.950 8.046 7.730 7.617 7.503 7.004 8.343 8.353 7.896 7.772 7.237 8.255 8.329 8.068 7.990 7.881 8.387 8.273 8.149 7.921 7.695 15/12/2078
7.528 7.327 7.293 7.796 7.941 7.157 7.029 7.189 8.100 7.862 7.303 7.268 7.663 7.572 7.961 7.551 7.963 7.709 7.585 7.864 7.791 7.959 7.945 7.793 7.864 7.708 8.046 8.185 8.114 7.681 16/12/2078
4.823 4.412 4.640 4.866 5.010 4.299 4.235 4.524 5.183 4.930 3.954 4.043 4.560 4.443 4.987 4.183 4.146 3.991 3.921 4.452 4.021 4.130 4.215 4.046 4.259 4.079 4.239 4.441 4.323 4.098 17/12/2078
4.234 3.634 3.592 2.929 3.861 3.419 3.236 3.444 3.993 3.837 3.388 3.308 3.906 3.845 3.862 3.781 3.884 3.763 3.670 3.816 3.734 3.860 3.979 3.811 3.794 3.826 3.449 3.685 3.755 3.681 18/12/2078
1.703 1.448 1.502 1.146 1.010 1.423 1.384 1.486 0.922 0.984 1.326 1.462 1.000 0.879 1.092 1.293 1.766 1.040 0.895 1.065 1.377 1.764 1.006 1.094 1.304 1.657 1.746 1.115 1.211 1.163 19/12/2078
5.602 5.293 5.255 3.665 3.733 5.115 4.963 5.141 4.499 3.551 5.026 5.185 4.648 4.372 3.663 4.449 4.494 4.537 4.229 4.217 4.428 4.495 4.516 4.654 4.646 4.557 4.476 4.928 4.796 4.237 20/12/2078
5.793 5.397 5.238 4.336 4.228 5.231 5.074 5.139 4.511 3.981 4.786 4.926 4.659 4.479 4.070 5.257 4.919 4.406 4.148 4.121 5.010 4.901 4.365 4.500 4.321 5.234 4.967 4.650 4.566 3.988 21/12/2078
4.442 4.315 4.247 4.160 3.583 4.206 4.091 4.164 3.198 3.357 3.928 4.119 3.360 3.267 3.430 4.031 3.691 3.163 3.080 2.866 3.974 3.665 3.204 3.212 2.871 3.917 3.644 3.225 3.160 2.711 22/12/2078
6.759 6.239 5.776 3.786 4.497 6.012 5.787 5.666 4.093 4.148 5.789 5.665 4.372 4.224 4.232 5.981 5.002 4.133 3.968 3.693 5.686 4.993 4.391 4.215 3.617 5.686 4.664 4.285 4.244 3.363 23/12/2078
7.010 6.581 6.107 6.119 5.208 6.348 6.142 5.994 5.081 4.850 6.133 6.066 5.394 5.273 4.918 6.150 5.058 4.949 4.822 4.710 5.905 5.036 5.069 4.994 4.319 5.652 4.799 4.963 4.866 4.095 24/12/2078
6.047 6.404 5.982 5.327 5.081 6.113 5.878 5.834 6.233 5.633 6.540 6.667 6.662 6.392 5.883 6.816 7.297 6.836 6.518 6.513 7.185 7.226 6.728 6.983 6.672 7.273 7.354 7.120 7.074 6.226 25/12/2078
3.691 3.886 3.854 3.503 3.583 3.709 3.570 3.800 3.824 3.815 3.490 3.902 3.885 3.800 3.897 3.925 3.726 3.421 3.249 3.556 4.023 3.690 3.266 3.505 3.007 3.743 3.309 3.033 3.066 2.839 26/12/2078
2.699 2.916 2.887 1.511 1.228 2.870 2.877 2.845 1.270 1.367 2.761 2.917 1.276 1.297 1.544 3.533 1.830 1.149 1.182 1.233 3.547 1.788 1.098 1.147 0.913 3.225 1.676 0.859 1.015 0.929 27/12/2078
5.288 5.254 5.360 3.478 3.900 5.115 4.851 5.245 4.441 4.063 4.854 5.257 4.564 4.329 4.257 4.927 4.923 4.334 4.063 4.252 4.920 4.904 4.174 4.456 4.427 4.757 4.714 4.229 4.434 4.029 28/12/2078
5.408 5.003 4.753 4.654 4.025 4.671 4.401 4.537 4.478 4.351 4.900 4.729 4.806 4.556 4.624 5.323 5.018 4.872 4.540 4.355 5.385 5.001 4.982 5.004 4.835 4.840 4.661 5.288 5.118 4.317 29/12/2078
1.383 1.219 1.245 1.389 1.414 0.940 0.755 1.067 1.591 1.197 1.008 1.137 1.683 1.585 1.310 1.291 1.788 1.812 1.686 1.795 1.385 1.738 1.701 1.861 1.976 1.371 1.962 1.990 2.057 1.834 30/12/2078
1.006 0.981 1.159 1.472 2.074 0.829 0.755 1.095 1.535 1.767 0.675 0.831 1.241 1.258 1.763 0.807 1.598 1.201 1.209 1.413 1.015 1.563 0.932 1.180 1.130 1.037 1.546 0.945 0.994 1.198 31/12/2078
4.854 4.861 4.975 3.747 6.002 4.896 4.933 5.027 5.515 5.622 4.876 4.844 5.231 5.329 5.555 4.417 5.743 5.224 5.379 5.424 4.451 5.731 5.348 5.190 5.283 4.384 5.781 5.276 5.201 5.453 01/01/2079
6.554 6.406 6.640 6.721 7.996 6.286 6.141 6.519 7.746 7.810 5.762 6.071 7.440 7.526 7.757 6.285 7.067 7.385 7.473 7.660 6.292 7.054 7.175 7.327 7.165 6.312 7.077 7.028 7.075 7.338 02/01/2079
7.837 7.533 7.762 7.122 7.491 7.362 7.243 7.662 7.733 7.345 7.245 7.405 7.803 7.821 7.378 7.595 7.730 7.651 7.670 7.765 7.694 7.710 7.658 7.633 7.565 7.776 7.729 7.589 7.542 7.596 03/01/2079
6.963 6.897 6.852 6.578 6.749 6.731 6.645 6.754 7.192 6.905 6.961 7.051 7.112 7.067 6.923 7.204 8.014 7.698 7.636 7.831 7.697 7.997 7.659 7.734 8.012 8.337 8.697 8.219 8.234 7.890 04/01/2079
8.555 8.264 8.177 8.374 8.654 8.128 8.054 8.101 8.581 8.566 8.331 8.182 8.574 8.545 8.633 8.700 8.629 8.616 8.577 8.689 8.799 8.624 8.559 8.636 8.758 9.004 8.813 8.756 8.819 8.715 05/01/2079
8.762 8.894 8.945 8.437 8.376 8.772 8.658 8.893 8.658 8.207 7.596 8.204 8.813 8.787 8.262 8.036 8.546 8.723 8.680 8.713 8.189 8.547 8.701 8.756 8.811 8.509 8.770 8.910 8.901 8.754 06/01/2079
6.095 6.102 6.073 6.137 5.986 6.053 5.981 6.034 6.825 6.240 5.820 6.012 6.980 6.853 6.276 5.975 6.408 7.097 6.891 7.087 6.085 6.421 6.945 7.137 7.420 6.128 6.463 7.154 7.358 7.218 07/01/2079
5.049 4.967 4.903 4.275 4.047 4.873 4.736 4.834 4.575 4.378 4.797 4.795 4.459 4.418 4.421 5.278 5.940 4.623 4.516 4.786 5.242 5.917 4.469 4.624 4.953 5.303 6.078 4.619 4.845 4.861 08/01/2079
6.808 6.248 6.209 6.083 5.874 6.128 6.023 6.128 6.171 5.973 6.067 5.926 5.950 5.905 6.072 6.033 6.220 5.969 5.889 6.262 5.685 6.187 5.797 5.998 5.955 5.698 6.076 5.695 5.857 5.861 09/01/2079
6.301 6.663 6.577 7.000 6.338 6.635 6.581 6.566 6.766 6.444 6.509 6.501 6.261 6.188 6.486 6.963 6.529 6.355 6.248 6.582 6.961 6.532 5.980 6.400 6.474 7.242 6.811 6.471 6.569 6.322 10/01/2079
8.092 8.290 8.008 6.679 6.193 8.098 7.933 7.897 6.947 6.238 8.282 8.167 6.932 6.822 6.295 8.145 7.536 6.964 6.840 6.818 8.223 7.507 7.173 7.008 7.085 8.328 7.716 7.563 7.186 6.891 11/01/2079
10.862 10.713 10.522 9.983 10.667 10.498 10.348 10.394 10.980 10.720 10.769 10.580 11.046 10.951 10.747 11.368 11.609 10.957 10.841 10.858 11.422 11.575 10.998 11.012 10.932 11.465 11.627 11.143 11.024 10.730 12/01/2079
11.262 11.273 11.157 10.450 11.516 11.038 10.855 11.009 12.210 11.754 11.505 11.424 12.324 12.258 11.804 12.119 12.883 12.393 12.307 12.190 12.392 12.843 12.407 12.425 12.264 12.333 12.920 12.468 12.392 12.135 13/01/2079
11.734 11.858 11.603 11.702 10.494 11.668 11.529 11.470 11.426 10.559 12.374 12.133 11.732 11.735 10.643 12.158 12.196 12.072 12.024 11.786 12.629 12.138 12.542 12.089 11.906 12.756 12.431 12.770 12.213 11.855 14/01/2079
12.999 12.947 12.774 12.482 11.294 12.804 12.696 12.664 11.957 11.226 12.917 12.979 12.036 12.087 11.266 12.389 12.390 11.932 11.972 11.791 12.612 12.366 12.433 11.905 11.696 12.608 12.537 12.542 11.786 11.787 15/01/2079
12.306 12.200 12.091 12.194 11.946 11.997 11.815 11.942 11.599 12.019 12.149 12.197 11.654 11.629 12.029 12.572 12.556 11.579 11.540 11.702 12.822 12.542 11.802 11.610 11.827 12.929 12.684 12.040 11.727 11.733 16/01/2079
6.550 6.514 6.571 6.794 6.779 6.380 6.244 6.459 6.870 7.119 6.513 6.691 7.033 6.900 7.224 7.763 6.066 7.092 6.934 7.056 6.092 6.023 7.038 7.156 7.534 6.314 5.969 7.211 7.227 7.320 17/01/2079
5.401 5.355 5.240 4.683 4.776 5.257 5.136 5.178 5.786 5.382 5.340 5.448 5.709 5.637 5.448 5.912 5.639 5.988 5.912 6.097 5.628 5.616 5.832 6.022 6.348 6.050 5.837 6.118 6.191 6.219 18/01/2079
3.181 3.329 3.242 2.702 3.289 3.221 3.112 3.175 3.718 3.927 3.299 3.519 3.619 3.589 3.899 3.935 4.166 3.905 3.878 4.230 4.245 4.155 3.782 3.932 4.465 4.726 4.482 4.151 4.333 4.340 19/01/2079
3.265 4.444 4.613 4.221 3.320 4.302 4.179 4.555 5.005 4.434 4.741 5.158 4.897 4.722 4.485 4.851 5.801 5.076 4.908 5.476 5.463 5.790 4.764 5.141 5.719 5.703 5.973 5.213 5.569 5.432 20/01/2079
9.069 9.942 10.045 9.187 7.809 9.687 9.551 9.912 9.824 8.577 10.580 10.627 9.909 9.784 8.693 10.409 10.955 10.045 9.897 9.981 10.811 10.930 9.974 10.119 10.178 10.885 10.967 10.171 10.247 9.928 21/01/2079
10.244 10.412 10.274 9.447 8.900 10.145 10.001 10.131 9.692 9.183 10.313 10.432 9.793 9.692 9.256 9.884 10.008 9.742 9.619 9.729 9.998 9.982 9.687 9.806 9.858 10.155 9.948 9.829 9.867 9.647 22/01/2079
8.838 8.966 8.975 8.712 8.064 8.747 8.642 8.824 8.413 8.276 8.794 8.967 8.572 8.485 8.304 8.499 8.689 8.540 8.389 8.557 8.623 8.652 8.393 8.606 8.660 8.879 8.641 8.499 8.607 8.468 23/01/2079
6.621 6.774 6.454 6.694 7.056 6.653 6.584 6.355 7.675 7.427 7.194 7.142 7.657 7.556 7.492 7.323 8.246 8.009 7.861 7.826 8.051 8.210 7.962 8.055 8.047 8.737 8.576 8.429 8.375 7.900 24/01/2079
6.693 6.785 6.159 4.519 6.446 6.730 6.659 6.152 6.388 6.950 7.621 6.966 6.657 6.529 6.981 7.926 8.209 7.729 7.587 6.994 8.294 8.153 7.591 7.773 7.708 9.032 8.649 8.120 8.243 7.511 25/01/2079
7.160 6.881 6.558 5.287 6.512 6.772 6.713 6.517 6.530 6.755 7.090 6.887 7.171 7.070 6.788 7.805 7.718 7.444 7.322 6.795 7.723 7.695 7.592 7.493 7.069 7.495 7.434 7.492 7.461 6.906 26/01/2079
5.782 5.884 5.924 5.457 6.083 5.724 5.628 5.671 6.298 6.206 6.077 6.086 6.619 6.544 6.231 6.455 7.064 6.812 6.724 6.535 6.683 7.035 7.023 6.859 6.912 7.225 7.036 7.073 7.036 6.824 27/01/2079
8.362 8.118 7.861 7.455 7.738 7.904 7.769 7.704 7.825 7.579 8.337 7.961 7.976 7.891 7.632 8.468 8.296 8.028 7.929 7.823 8.293 8.259 8.136 8.078 8.052 8.437 8.235 8.185 8.155 7.871 28/01/2079
10.163 9.993 9.869 9.371 8.781 9.825 9.665 9.751 9.430 8.738 10.062 9.896 9.378 9.346 8.851 9.551 9.112 9.408 9.371 9.272 9.589 9.079 9.495 9.425 9.328 10.047 9.230 9.646 9.596 9.253 29/01/2079
7.742 7.744 7.491 6.324 6.532 7.697 7.674 7.481 8.566 6.829 7.785 7.663 8.555 8.591 6.882 8.484 8.093 8.497 8.533 8.372 8.431 8.093 8.625 8.487 8.247 8.456 8.122 8.650 8.407 8.246 30/01/2079
8.765 8.796 8.459 8.657 9.612 8.612 8.449 8.360 8.590 9.631 8.554 8.555 8.673 8.594 9.536 8.727 9.266 8.542 8.466 8.271 8.870 9.236 8.655 8.574 8.182 8.992 9.453 8.870 8.592 8.031 31/01/2079
5.742 5.485 5.168 5.279 4.946 5.313 5.156 5.078 5.299 4.596 5.731 5.528 5.145 5.021 4.704 6.031 6.228 5.080 4.940 4.560 5.983 6.178 5.738 5.151 5.228 5.892 5.946 5.562 5.331 5.014 01/02/2079
4.049 3.958 3.891 3.843 3.729 3.797 3.671 3.794 4.143 3.840 3.931 3.918 3.929 3.780 3.937 4.402 4.635 4.028 3.859 3.941 4.560 4.610 4.001 4.079 4.489 4.802 4.841 4.366 4.481 4.221 02/02/2079
8.199 8.594 8.451 7.906 7.768 8.435 8.310 8.334 8.292 8.168 8.709 9.148 8.831 8.756 8.192 8.673 8.892 8.897 8.847 8.700 8.718 8.869 8.815 8.924 9.132 8.746 8.753 8.815 8.996 8.993 03/02/2079
8.492 9.164 9.299 7.994 8.344 8.918 8.778 9.143 10.178 9.524 9.407 9.952 10.159 10.002 9.661 9.156 9.978 10.833 10.641 10.809 9.549 9.999 10.183 10.925 10.755 9.902 10.039 10.599 11.020 10.510 04/02/2079
6.681 6.910 6.755 5.752 5.883 6.774 6.693 6.668 6.545 6.171 7.043 6.982 6.732 6.668 6.244 7.094 7.283 6.872 6.792 6.688 7.316 7.283 6.987 6.923 7.059 7.514 7.309 7.139 7.099 6.919 05/02/2079
5.529 5.326 5.128 4.491 4.914 5.157 5.068 5.013 5.080 4.966 5.257 5.289 5.253 5.212 4.959 5.663 5.661 5.354 5.316 5.408 5.699 5.657 5.314 5.390 5.595 5.688 5.624 5.347 5.454 5.547 06/02/2079
3.562 3.287 2.982 3.004 3.323 3.182 3.092 2.908 3.497 3.479 3.352 3.219 3.473 3.470 3.492 3.574 3.807 3.741 3.704 3.886 3.874 3.815 3.735 3.754 4.387 4.203 4.144 4.090 4.150 4.309 07/02/2079
4.313 4.351 4.130 3.781 4.461 4.222 4.149 4.080 4.907 4.602 4.874 4.562 4.885 4.852 4.644 5.239 5.561 5.073 5.017 5.035 5.566 5.532 5.438 5.097 5.182 5.918 5.926 5.808 5.420 5.092 08/02/2079
4.969 5.151 4.621 4.835 5.176 5.084 4.967 4.555 4.690 4.917 5.591 5.131 4.852 4.807 4.992 5.888 5.730 5.009 4.958 4.681 6.069 5.701 5.535 5.051 4.589 6.308 5.911 5.740 5.275 4.513 09/02/2079
7.276 7.156 7.176 7.090 7.397 7.066 6.969 7.085 7.397 7.128 6.909 6.997 7.043 6.959 7.209 7.397 7.309 6.829 6.717 6.952 7.375 7.263 6.932 6.871 6.609 7.445 7.371 7.021 6.800 6.456 10/02/2079
10.006 9.999 9.846 9.528 10.097 9.823 9.684 9.729 10.600 10.297 9.854 9.925 10.887 10.756 10.483 10.534 10.930 10.896 10.738 10.659 10.625 10.881 11.086 10.954 10.742 10.869 10.981 11.281 11.260 10.505 11/02/2079
11.110 10.887 10.871 10.601 10.475 10.614 10.388 10.698 10.919 10.461 10.366 10.535 10.813 10.662 10.571 10.422 10.644 10.116 9.964 10.110 10.514 10.623 10.209 10.182 10.038 10.653 10.639 10.398 10.260 9.840 12/02/2079
9.108 9.491 9.538 9.168 8.225 9.422 9.321 9.484 9.733 9.351 9.574 9.985 9.695 9.539 9.445 9.835 10.283 9.679 9.547 9.671 10.087 10.262 9.587 9.746 9.575 10.359 10.259 9.769 9.563 9.358 13/02/2079
6.432 6.521 6.395 5.626 4.818 6.377 6.253 6.313 6.122 5.496 6.207 6.529 6.208 6.035 5.643 6.097 6.789 6.323 6.136 6.235 6.577 6.741 6.133 6.411 6.486 7.088 6.915 6.491 6.570 6.192 14/02/2079
6.394 6.448 6.442 6.206 6.298 6.399 6.355 6.404 6.793 6.548 6.341 6.601 6.906 6.774 6.637 6.238 6.695 6.939 6.785 6.874 6.744 6.660 6.884 7.003 7.210 7.126 6.805 7.144 7.168 6.975 15/02/2079
2.055 2.086 2.088 2.003 2.241 2.013 1.932 2.030 2.982 2.685 2.104 2.135 3.183 2.999 2.845 2.114 2.433 3.349 3.189 3.228 2.560 2.416 3.280 3.418 3.687 3.050 2.852 3.859 3.774 3.447 16/02/2079
1.235 1.013 0.843 0.838 0.447 0.833 0.717 0.759 1.402 0.453 0.853 0.846 1.616 1.510 0.670 1.704 1.670 1.536 1.346 1.234 1.979 1.677 1.684 1.600 1.471 2.331 1.862 2.047 1.690 1.273 17/02/2079
2.030 2.332 2.042 1.701 1.025 2.262 2.174 1.986 1.432 0.973 2.292 2.269 1.745 1.712 0.945 2.444 2.627 1.983 2.002 1.812 3.003 2.636 2.073 2.000 1.807 3.232 2.723 2.166 1.887 1.790 18/02/2079
0.985 1.086 1.046 0.918 0.942 1.139 1.115 1.035 1.498 1.165 1.234 1.264 1.637 1.636 1.234 1.524 2.309 1.792 1.814 1.817 1.919 2.319 1.771 1.774 1.839 1.978 2.467 1.775 1.761 1.899 19/02/2079
0.885 1.030 0.857 1.265 0.983 1.004 1.024 0.831 0.996 1.132 1.158 1.142 1.215 1.099 1.187 1.077 1.824 1.281 1.103 1.015 1.422 1.797 1.350 1.332 1.202 1.574 1.934 1.636 1.485 1.037 20/02/2079
0.539 0.255 0.368 0.217 0.158 -0.062 -0.252 0.181 0.214 0.357 -0.010 -0.060 -0.018 -0.161 0.523 0.077 0.485 -0.134 -0.433 -0.341 0.319 0.423 -0.250 -0.030 -0.006 0.472 0.611 0.107 0.095 -0.361 21/02/2079
0.263 -0.115 -0.385 -0.555 -0.449 -0.439 -0.636 -0.546 -0.330 -0.315 -0.521 -0.517 -0.140 -0.222 -0.292 0.622 0.180 -0.147 -0.378 -0.476 0.903 0.170 -0.089 -0.113 -0.073 1.216 0.309 0.144 0.110 -0.346 22/02/2079
1.656 1.283 1.109 0.848 0.937 1.162 1.065 1.040 1.100 0.987 1.139 1.127 1.073 1.020 1.025 1.538 1.512 1.291 1.204 1.256 1.639 1.548 1.217 1.330 1.750 1.697 1.563 1.477 1.647 1.596 23/02/2079
5.317 5.015 4.612 4.028 3.961 4.891 4.802 4.529 4.163 3.863 4.845 4.572 4.553 4.475 3.988 5.406 4.960 4.112 3.948 4.084 5.463 4.952 4.486 4.168 4.032 5.093 4.744 4.451 4.143 3.859 24/02/2079
4.273 4.011 3.808 3.420 3.829 3.914 3.809 3.734 4.510 3.838 4.264 3.958 4.798 4.654 3.885 4.860 3.942 4.766 4.559 4.614 5.004 3.895 4.834 4.819 4.829 4.863 3.949 5.070 4.941 4.548 25/02/2079
2.412 2.439 2.002 1.818 2.653 2.281 2.162 1.905 3.301 2.910 2.828 2.415 3.308 3.266 2.969 3.960 4.202 3.461 3.397 3.529 3.982 4.188 3.481 3.518 3.816 4.309 4.279 3.772 3.660 3.598 26/02/2079
3.543 3.636 3.601 3.412 3.599 3.542 3.463 3.529 4.055 3.932 3.714 3.813 4.084 4.059 4.013 4.749 4.768 4.265 4.257 4.376 4.997 4.778 4.251 4.263 4.421 5.010 4.660 4.202 4.277 4.377 27/02/2079
5.810 5.715 5.879 6.195 5.447 5.770 5.766 5.912 5.715 5.452 5.722 5.803 5.714 5.633 5.571 6.444 5.649 5.681 5.570 5.691 6.451 5.646 5.655 5.716 5.851 6.604 5.520 5.718 5.859 5.687 28/02/2079
4.790 4.681 4.353 4.491 4.175 4.605 4.445 4.297 4.626 4.282 4.952 4.530 4.555 4.398 4.488 5.271 5.122 4.429 4.233 4.876 5.100 5.108 4.885 4.484 5.123 4.970 4.897 4.820 4.895 4.931 01/03/2079
5.851 5.689 5.256 4.784 5.148 5.609 5.555 5.192 5.127 4.987 5.787 5.542 4.902 4.908 5.103 6.301 6.006 5.157 5.098 5.391 6.090 5.993 5.468 5.134 5.354 6.098 5.939 5.431 5.365 5.327 02/03/2079
8.480 8.271 7.995 7.328 7.648 8.187 8.073 7.943 8.013 7.837 8.283 8.238 8.137 8.107 7.935 8.692 9.158 8.563 8.486 8.578 8.766 9.122 8.402 8.608 8.952 9.260 9.614 8.884 8.983 8.849 03/03/2079
8.440 8.219 8.150 7.672 7.374 8.025 7.896 8.031 7.794 7.512 7.878 8.014 7.846 7.809 7.590 7.929 8.110 7.886 7.851 7.924 8.039 8.084 7.777 7.927 8.155 8.248 8.240 7.936 8.065 8.067 04/03/2079
6.606 6.508 6.322 5.733 5.481 6.290 6.179 6.199 6.014 5.629 6.710 6.411 6.051 5.931 5.753 6.921 6.890 6.286 6.146 6.137 7.066 6.830 6.385 6.376 6.288 7.026 6.785 6.489 6.343 6.081 05/03/2079
10.337 10.660 10.542 9.835 9.363 10.350 10.065 10.309 9.620 9.594 10.288 10.356 9.749 9.533 9.783 10.856 9.733 9.678 9.440 9.498 11.181 9.682 9.517 9.798 9.685 11.730 9.762 9.873 9.857 9.309 06/03/2079
8.961 8.953 8.892 8.313 8.531 8.797 8.687 8.802 8.800 8.759 8.383 8.562 8.838 8.671 8.926 9.145 9.321 8.827 8.676 8.909 9.391 9.292 8.494 8.891 8.907 9.653 9.355 8.697 8.920 8.690 07/03/2079
8.590 8.385 8.335 7.876 7.807 8.244 8.138 8.234 8.163 7.942 7.838 8.038 8.147 8.025 8.022 8.170 8.309 7.988 7.826 8.117 8.337 8.295 7.936 8.018 7.981 8.310 8.464 8.122 8.017 7.796 08/03/2079
10.199 10.144 10.303 9.816 9.842 9.983 9.858 10.201 10.332 9.862 9.967 9.899 10.323 10.189 10.008 10.346 10.454 10.136 9.976 10.296 10.610 10.425 10.147 10.165 10.169 10.598 10.568 10.365 10.228 9.977 09/03/2079
14.261 14.456 14.554 13.636 14.771 14.386 14.266 14.519 15.509 14.802 14.143 14.264 15.544 15.452 14.923 15.079 15.718 15.188 15.112 15.312 15.192 15.695 14.944 15.216 15.099 15.295 15.872 15.204 15.200 14.922 10/03/2079
15.264 15.244 15.458 15.898 15.922 15.203 15.137 15.395 16.333 15.847 14.924 15.089 16.194 16.086 15.890 15.171 15.630 15.980 15.902 15.954 15.096 15.613 15.705 16.035 15.843 15.207 15.754 16.011 16.132 15.690 11/03/2079
15.888 15.791 15.827 15.306 15.730 15.578 15.411 15.689 15.208 15.684 14.934 15.277 15.060 15.020 15.670 15.459 15.538 14.687 14.659 14.783 15.461 15.493 14.443 14.705 14.458 15.580 15.549 14.442 14.602 14.389 12/03/2079
15.760 15.787 16.020 14.983 15.021 15.710 15.648 15.988 14.806 14.602 15.018 15.299 14.364 14.359 14.603 16.190 15.269 13.983 13.940 14.210 16.147 15.278 13.861 13.977 13.847 16.261 14.985 13.525 13.877 13.813 13/03/2079
16.654 16.658 16.649 15.975 15.560 16.586 16.497 16.599 16.613 15.630 15.978 16.295 16.615 16.424 15.822 16.944 16.491 16.176 15.910 15.898 16.904 16.489 15.845 16.274 15.805 16.972 16.269 15.971 16.093 15.396 14/03/2079
14.868 14.925 14.741 15.235 12.496 14.487 14.096 14.449 14.405 13.353 14.572 14.822 14.219 13.908 13.677 12.851 12.814 14.343 13.939 14.242 12.980 12.644 14.082 14.482 14.840 13.910 13.214 14.724 14.952 14.337 15/03/2079
9.598 9.935 9.917 9.455 9.661 9.846 9.715 9.847 10.609 10.336 10.218 10.278 10.387 10.294 10.438 10.798 10.313 10.810 10.673 10.930 10.739 10.306 10.609 10.815 11.292 11.015 10.548 11.048 11.276 11.167 16/03/2079
10.927 11.066 11.162 10.543 11.026 10.957 10.816 11.079 11.588 11.188 11.152 10.949 11.458 11.366 11.308 11.845 11.673 11.599 11.509 11.534 11.765 11.672 11.351 11.641 11.711 11.762 11.791 11.670 11.835 11.516 17/03/2079
10.993 10.726 10.531 9.900 10.170 10.554 10.391 10.434 10.009 9.699 10.557 10.390 10.476 10.324 9.845 11.239 10.945 10.289 10.112 9.441 10.929 10.902 10.419 10.368 9.530 10.536 10.688 10.112 9.945 9.274 18/03/2079
10.088 10.116 10.126 9.401 9.486 10.003 9.911 10.088 9.638 9.524 9.456 9.828 10.118 10.076 9.586 9.732 10.041 9.922 9.840 9.515 9.883 10.013 9.586 9.948 9.808 10.125 10.075 9.677 9.647 9.692 19/03/2079
9.079 9.027 8.943 8.826 8.841 8.895 8.774 8.874 9.327 9.078 8.989 9.050 8.787 8.701 9.155 9.327 9.501 8.602 8.490 9.257 9.380 9.475 8.753 8.644 9.368 9.463 9.178 8.511 8.558 9.175 20/03/2079
8.829 8.750 8.774 8.296 7.873 8.572 8.380 8.654 8.301 7.914 8.101 8.325 8.143 8.013 8.030 8.349 8.412 7.975 7.792 8.122 8.061 8.371 7.676 8.043 8.139 7.966 8.162 7.561 7.873 7.903 21/03/2079
10.928 10.677 10.825 10.159 10.411 10.488 10.299 10.710 10.893 10.582 10.100 10.255 10.794 10.659 10.699 10.348 10.764 10.559 10.415 10.724 10.461 10.716 10.282 10.615 10.784 10.711 10.937 10.541 10.616 10.586 22/03/2079
8.814 8.795 8.937 8.542 8.678 8.624 8.494 8.834 8.949 8.921 8.387 8.551 9.030 8.903 9.025 8.736 9.256 9.021 8.868 8.830 8.827 9.224 8.393 9.098 9.097 9.207 9.376 8.645 8.902 8.866 23/03/2079
7.777 7.566 7.679 7.337 7.709 7.411 7.261 7.539 7.920 7.871 7.403 7.471 7.824 7.745 7.983 7.850 8.220 7.875 7.775 8.013 7.977 8.210 7.607 7.932 8.372 8.262 8.272 7.700 7.892 8.259 24/03/2079
9.200 8.852 8.671 8.303 8.636 8.535 8.301 8.467 9.291 8.839 8.787 8.594 9.489 9.336 8.983 8.510 8.963 9.409 9.251 9.331 8.488 8.955 9.316 9.504 9.641 8.811 8.966 9.529 9.591 9.397 25/03/2079
8.674 8.601 8.379 7.721 8.513 8.412 8.167 8.203 8.859 8.727 8.625 8.445 8.957 8.818 8.854 8.894 9.271 9.016 8.874 8.904 8.873 9.232 8.931 9.103 9.209 9.173 9.437 9.233 9.240 8.974 26/03/2079
10.880 11.058 10.991 9.664 11.418 10.977 10.861 10.931 12.019 11.878 11.411 11.351 12.071 11.933 12.013 11.469 11.960 12.337 12.211 11.981 11.685 11.941 12.271 12.398 12.216 11.766 11.930 12.428 12.611 12.015 27/03/2079
12.855 13.224 12.936 12.566 13.040 13.130 13.051 12.915 14.067 13.752 13.204 13.490 14.127 14.030 13.832 13.356 13.651 14.391 14.280 14.326 13.499 13.628 14.015 14.434 14.446 13.508 13.586 14.111 14.491 14.296 28/03/2079
9.656 9.826 9.691 9.525 9.644 9.659 9.527 9.564 10.070 10.018 10.075 10.125 10.182 10.080 10.108 10.176 10.054 10.410 10.273 10.368 10.502 10.436 10.286 10.472 10.676 10.354 10.441 9.936 10.658 10.462 29/03/2079
13.728 14.171 14.122 13.611 13.578 14.027 13.933 14.047 14.445 13.582 13.703 14.043 14.751 14.615 13.655 13.873 13.972 14.709 14.556 14.266 13.322 14.041 14.102 14.780 14.211 12.890 13.577 13.644 14.281 14.043 30/03/2079
12.511 12.561 12.314 11.765 11.877 12.448 12.371 12.240 12.324 12.026 12.305 12.641 13.109 12.987 12.103 12.494 13.856 14.032 13.922 13.422 12.886 13.868 13.648 14.070 14.058 13.732 14.374 14.331 14.536 13.944 31/03/2079
10.722 10.471 10.321 9.718 9.708 10.302 10.454 10.237 10.304 10.110 10.085 10.275 10.765 10.327 10.379 10.406 10.712 10.392 10.198 10.599 10.635 10.683 10.045 10.785 10.469 10.707 10.997 10.213 10.657 10.355 01/04/2079
9.372 9.392 9.311 8.720 8.673 9.207 9.189 9.213 8.979 8.781 9.091 9.214 9.082 8.880 8.973 9.272 9.572 8.991 8.864 8.997 9.479 9.533 8.826 9.140 9.064 9.553 9.697 8.985 9.170 8.876 02/04/2079
11.251 11.251 11.193 10.673 11.316 11.029 10.880 11.041 11.867 11.661 10.967 11.105 11.970 11.808 11.796 11.699 12.193 11.948 11.784 11.780 11.889 12.165 11.766 12.041 11.777 12.123 12.297 12.033 12.087 11.508 03/04/2079
13.750 13.923 13.566 12.351 13.015 13.698 13.547 13.425 13.945 13.487 13.991 13.848 14.166 14.033 13.651 14.223 14.494 14.349 14.191 14.193 14.423 14.478 14.362 14.413 14.331 14.318 14.388 14.454 14.298 14.128 04/04/2079
13.595 13.500 12.744 12.192 12.518 13.366 13.239 12.657 13.331 13.071 13.652 13.350 13.451 13.308 13.248 13.818 13.412 13.356 13.231 13.434 13.906 13.404 13.563 13.422 13.623 13.829 13.350 13.790 13.588 13.385 05/04/2079
13.575 13.714 13.373 13.019 13.039 13.568 13.482 13.312 13.515 13.326 13.625 13.580 13.543 13.455 13.439 13.520 13.665 13.463 13.371 13.448 13.509 13.632 13.475 13.515 13.445 13.448 13.647 13.604 13.557 13.306 06/04/2079
14.955 14.929 15.054 15.102 14.506 14.775 14.635 14.960 15.204 14.633 14.415 14.822 15.086 14.980 14.757 14.515 15.189 15.029 14.899 14.895 14.668 15.162 14.714 15.082 15.038 14.847 15.253 14.874 15.081 14.840 07/04/2079
14.169 14.317 13.857 13.429 13.076 14.039 13.825 13.695 13.938 13.450 14.111 14.081 14.160 14.017 13.597 14.521 14.452 14.098 13.889 13.842 14.542 14.427 14.105 14.178 13.998 14.742 14.539 14.424 14.363 13.725 08/04/2079
16.493 16.504 16.501 16.207 15.884 16.392 16.305 16.424 15.903 15.993 16.262 16.259 15.902 15.929 15.995 16.021 16.000 15.860 15.892 15.873 15.880 15.995 15.721 15.845 15.503 15.976 15.913 15.583 15.614 15.528 09/04/2079
19.180 18.997 18.721 18.221 18.325 18.776 18.572 18.610 18.134 18.395 18.134 18.226 18.235 18.191 18.450 17.904 18.411 17.954 17.903 17.896 17.716 18.407 17.735 17.985 17.631 17.800 18.453 17.905 17.835 17.578 10/04/2079
17.579 17.539 17.562 17.381 17.583 17.503 17.438 17.532 17.620 17.773 16.845 17.221 17.660 17.625 17.775 17.033 17.731 17.560 17.526 17.619 17.067 17.699 17.299 17.603 17.617 17.391 18.005 17.598 17.605 17.553 11/04/2079
13.392 13.279 13.093 12.629 12.643 13.157 13.034 12.991 12.989 12.737 13.613 13.156 13.358 13.209 12.828 13.914 14.006 13.313 13.134 12.922 14.489 13.974 13.382 13.404 13.365 15.393 14.886 14.528 13.821 13.167 12/04/2079
16.369 16.406 16.555 15.238 15.592 16.187 16.008 16.398 16.677 16.233 16.557 16.314 16.586 16.458 16.370 17.227 17.719 16.616 16.434 16.585 17.933 17.712 16.460 16.683 17.019 18.914 18.231 17.264 17.269 16.756 13/04/2079
19.396 19.317 19.064 18.841 18.232 19.096 19.025 18.927 19.290 18.601 18.629 18.935 19.610 19.529 18.819 18.932 19.420 19.269 19.169 19.255 18.936 19.380 18.989 19.316 19.163 19.311 19.357 19.192 19.305 19.009 14/04/2079
18.363 18.335 18.092 18.139 17.833 18.131 17.997 17.946 18.364 17.958 17.917 18.128 18.483 18.433 18.093 18.513 19.266 18.404 18.300 18.435 18.855 19.210 18.323 18.428 18.526 19.431 19.504 18.657 18.612 18.435 15/04/2079
20.817 20.735 20.704 20.375 20.323 20.692 20.596 20.665 20.495 20.399 19.852 20.287 20.560 20.499 20.469 19.867 20.161 20.386 20.278 20.474 19.834 20.145 19.890 20.437 20.401 19.993 20.300 20.140 20.464 20.248 16/04/2079
15.491 15.079 14.813 15.096 15.307 15.021 14.943 14.764 14.952 14.913 14.331 14.376 14.872 14.796 14.972 14.488 14.647 14.687 14.592 14.763 14.301 14.617 14.458 14.729 14.831 14.189 14.897 14.848 14.843 14.678 17/04/2079
14.207 14.024 13.349 13.480 13.640 13.855 13.709 13.597 12.865 12.750 13.765 13.631 13.423 13.367 12.842 14.147 14.129 13.428 13.291 12.922 14.064 14.084 13.457 13.494 13.622 14.083 14.274 13.486 13.675 13.518 18/04/2079
14.988 14.647 14.355 14.331 14.443 14.448 14.260 14.284 14.572 14.296 14.569 14.527 14.641 14.550 14.431 14.820 15.174 14.863 14.722 14.566 14.888 15.141 14.695 14.947 14.727 14.695 15.043 14.691 14.798 14.550 19/04/2079
15.484 15.323 15.163 13.754 14.643 15.158 14.968 15.036 16.338 14.567 14.818 14.873 16.293 16.142 14.737 15.215 14.425 16.435 16.277 16.361 15.319 14.314 16.411 16.487 17.371 16.240 15.843 17.355 17.538 17.052 20/04/2079
12.782 13.016 13.094 11.500 12.766 12.739 12.470 12.903 14.709 13.837 13.008 13.440 14.938 14.791 14.027 13.572 13.931 15.254 15.089 15.149 14.372 13.856 15.071 15.340 15.315 14.856 14.452 15.511 15.748 15.102 21/04/2079
10.755 10.804 10.866 10.183 9.985 10.640 10.485 10.779 10.681 10.600 10.834 11.170 10.818 10.725 10.718 10.911 11.264 10.941 10.820 10.866 10.996 11.231 10.643 10.970 10.680 11.248 11.428 10.876 10.937 10.534 22/04/2079
11.433 11.690 11.400 10.804 11.098 11.693 11.659 11.391 11.503 11.402 11.689 11.764 11.743 11.673 11.509 11.703 11.759 11.628 11.540 11.579 11.774 11.767 11.758 11.654 11.696 11.925 11.880 12.042 12.048 11.575 23/04/2079
13.437 13.633 13.650 13.656 13.506 13.656 13.665 13.646 13.707 13.447 13.826 13.738 13.842 13.777 13.499 14.348 13.538 13.642 13.522 13.510 14.549 13.545 13.777 13.675 13.529 14.637 13.682 14.038 13.835 13.422 24/04/2079
17.513 17.405 17.422 17.734 17.455 17.351 17.311 17.408 17.471 17.378 16.681 16.951 17.389 17.309 17.448 17.228 17.460 17.195 17.047 17.199 17.112 17.438 16.882 17.222 17.253 17.058 17.393 16.904 17.257 17.090 25/04/2079
14.667 14.611 14.810 14.547 14.484 14.418 14.232 14.716 14.680 14.567 14.220 14.326 14.631 14.461 14.699 14.470 14.205 14.350 14.115 14.348 14.339 14.164 13.971 14.455 14.161 14.014 14.013 13.931 14.192 13.833 26/04/2079
11.719 11.876 12.006 12.002 12.086 11.742 11.596 11.928 12.605 12.356 12.387 12.416 12.661 12.542 12.444 12.765 12.897 12.413 12.263 12.272 12.703 12.889 12.394 12.485 11.818 12.089 12.299 11.951 12.102 11.690 27/04/2079
12.284 12.575 12.543 11.705 12.010 12.412 12.287 12.425 12.359 12.324 12.633 12.721 12.566 12.469 12.423 12.973 13.575 12.789 12.661 12.675 13.451 13.565 12.873 12.841 12.993 13.716 13.747 13.153 13.198 12.865 28/04/2079
9.751 9.603 9.630 9.366 9.312 9.408 9.261 9.508 9.590 9.472 9.508 9.521 9.546 9.429 9.559 9.766 10.163 9.627 9.517 9.815 9.876 10.138 9.602 9.661 9.829 10.049 10.132 9.674 9.638 9.651 29/04/2079
8.864 9.380 9.475 9.020 9.266 9.170 9.010 9.335 10.155 9.954 9.600 9.802 10.051 9.967 10.040 9.950 11.015 10.368 10.196 10.532 10.478 10.975 10.214 10.425 10.858 11.150 11.409 10.831 10.861 10.680 30/04/2079
10.461 10.371 10.387 10.137 9.909 10.222 10.127 10.310 10.389 10.145 10.189 10.240 10.378 10.304 10.234 10.061 10.365 10.400 10.281 10.504 10.187 10.349 10.250 10.440 10.441 10.479 10.436 10.364 10.372 10.313 01/05/2079
11.865 12.116 12.068 11.216 11.480 12.006 11.896 11.997 12.291 11.776 12.057 12.080 12.661 12.510 11.867 11.931 12.408 12.673 12.515 12.397 11.871 12.382 12.442 12.766 12.439 11.959 12.437 12.583 12.719 12.211 02/05/2079
12.376 12.333 12.202 11.743 12.087 12.211 12.105 12.104 12.150 11.878 12.504 12.427 12.389 12.266 11.947 12.822 12.830 12.659 12.508 12.247 12.823 12.801 12.661 12.703 12.458 12.712 12.784 12.631 12.607 12.282 03/05/2079
11.388 11.581 11.846 12.088 12.508 11.452 11.347 11.787 12.362 12.400 11.428 11.673 12.038 11.882 12.472 11.848 12.596 12.153 12.001 12.283 12.188 12.575 12.091 12.223 12.615 12.404 12.762 12.384 12.587 12.391 04/05/2079
13.491 13.752 13.838 13.444 14.210 13.554 13.391 13.718 14.087 14.258 13.584 13.800 14.195 14.076 14.340 13.886 14.654 14.062 13.897 14.090 14.098 14.610 14.070 14.114 14.299 14.280 14.620 14.168 14.191 14.077 05/05/2079
11.393 11.487 11.775 11.700 11.730 11.452 11.446 11.728 12.286 11.869 11.670 11.685 12.582 12.529 11.954 11.946 12.482 12.487 12.414 12.341 12.122 12.448 12.295 12.496 12.646 12.096 12.480 12.280 12.557 12.542 06/05/2079
12.814 12.741 12.780 12.304 13.983 12.482 12.339 12.617 13.144 13.940 12.680 12.685 13.233 13.060 14.021 13.724 13.419 13.109 12.867 12.994 13.820 13.380 12.996 13.210 13.436 13.790 13.461 13.275 13.359 13.116 07/05/2079
18.427 18.169 18.138 18.675 19.111 17.870 17.624 17.922 18.810 18.738 18.085 17.881 18.855 18.793 18.849 18.375 17.700 18.476 18.419 18.274 18.441 17.647 18.452 18.531 18.565 18.383 17.999 18.716 18.584 18.463 08/05/2079
14.917 14.332 13.929 13.139 12.533 13.906 13.563 13.610 13.302 12.179 14.222 13.622 13.688 13.301 12.463 14.481 13.865 13.290 12.871 12.618 14.454 13.788 13.451 13.506 13.198 14.322 13.926 13.830 13.434 12.555 09/05/2079
12.822 12.551 12.316 12.798 12.678 12.341 12.195 12.194 12.272 12.298 12.681 12.313 12.627 12.554 12.312 12.065 13.166 12.300 12.232 12.060 12.117 13.124 12.690 12.340 12.405 11.970 13.120 12.676 12.487 12.263 10/05/2079
14.688 14.843 14.447 14.838 15.180 14.596 14.395 14.293 15.227 15.759 14.913 15.049 15.467 15.287 15.877 15.329 16.271 15.822 15.616 15.454 16.051 16.229 15.893 15.899 16.269 16.572 16.622 16.384 16.411 15.941 11/05/2079
17.645 17.719 17.585 16.591 17.612 17.596 17.487 17.519 17.905 17.673 17.408 17.593 18.243 18.110 17.774 17.458 17.363 17.289 17.169 16.885 16.980 17.350 17.571 17.319 16.734 16.312 16.525 16.696 16.571 16.516 12/05/2079
16.002 16.061 16.023 15.513 16.245 15.897 15.845 15.944 16.534 16.490 16.022 15.839 16.735 16.634 16.576 16.187 16.505 16.772 16.631 16.656 16.205 16.484 16.522 16.811 17.115 16.540 16.885 16.972 16.933 16.881 13/05/2079
14.470 14.398 14.193 13.451 13.697 14.253 14.139 14.091 14.302 13.854 14.228 14.423 14.350 14.245 13.934 14.604 15.228 14.386 14.248 14.033 14.967 15.202 14.565 14.435 14.315 15.061 15.350 14.790 14.497 14.101 14/05/2079
12.290 12.164 11.910 12.160 11.592 12.027 11.901 11.816 11.635 11.306 11.518 11.745 11.782 11.706 11.438 11.859 12.107 11.769 11.643 11.482 11.906 12.079 11.683 11.818 11.603 12.028 12.025 11.699 11.713 11.388 15/05/2079
12.735 12.605 12.435 12.265 12.222 12.487 12.374 12.337 12.998 12.452 12.115 12.238 13.030 12.914 12.549 12.479 12.855 12.877 12.672 12.888 12.543 12.817 12.639 12.973 13.137 12.698 13.017 12.958 13.028 12.894 16/05/2079
12.366 12.340 12.120 11.085 11.494 12.215 12.103 12.035 12.057 11.723 12.934 12.497 12.154 12.036 11.791 12.780 12.691 12.637 12.462 12.256 13.306 12.652 12.707 12.727 12.627 13.370 13.422 13.507 13.205 12.423 17/05/2079
15.018 14.804 14.581 13.589 13.830 14.595 14.451 14.446 15.253 14.055 14.763 14.569 15.533 15.373 14.223 14.893 15.057 15.158 14.969 14.931 15.040 15.009 15.354 15.230 15.108 15.152 15.321 15.788 15.513 14.823 18/05/2079
14.270 14.119 13.483 12.699 13.209 13.998 13.850 13.408 13.839 13.407 13.845 13.917 13.926 13.785 13.529 14.131 14.690 14.029 13.853 13.321 14.281 14.642 14.580 14.070 13.590 14.217 14.805 14.791 14.250 13.395 19/05/2079
16.482 16.375 16.059 15.749 15.808 16.216 16.124 15.935 16.162 15.775 16.472 16.305 16.417 16.267 15.859 16.772 16.858 16.416 16.222 16.015 16.777 16.803 16.702 16.455 16.402 16.828 16.877 16.795 16.634 16.167 20/05/2079
17.767 17.706 17.446 17.162 17.827 17.631 17.580 17.400 17.910 18.094 17.846 17.755 18.079 18.007 18.107 17.828 18.842 18.294 18.180 18.076 18.192 18.796 18.182 18.319 18.357 18.657 19.194 18.514 18.372 18.264 21/05/2079
20.047 19.879 20.068 19.818 20.043 19.706 19.573 19.961 20.375 20.034 19.905 19.859 20.216 20.105 20.130 20.018 20.617 20.502 20.404 20.537 20.355 20.595 20.464 20.549 20.658 20.423 20.583 20.695 20.706 20.510 22/05/2079
20.734 20.748 21.074 20.817 20.975 20.582 20.440 20.953 21.715 21.338 20.571 20.650 21.555 21.340 21.383 20.103 20.532 21.391 21.168 21.284 20.341 20.504 21.380 21.454 21.479 20.690 20.954 21.942 21.789 21.225 23/05/2079
21.283 21.348 21.474 20.805 20.749 21.204 21.115 21.374 22.006 21.191 21.362 21.419 21.920 21.868 21.317 21.324 21.814 22.148 22.025 22.261 21.653 21.784 22.252 22.197 22.439 21.859 22.282 22.890 22.665 22.214 24/05/2079
19.653 19.693 19.945 19.230 19.668 19.550 19.438 19.870 20.386 20.055 19.866 20.013 20.189 19.980 20.191 20.259 20.564 20.525 20.337 20.414 20.605 20.514 20.556 20.563 20.665 21.011 20.894 21.106 20.930 20.354 25/05/2079
20.759 20.306 20.322 19.154 19.837 20.293 20.314 20.268 20.301 19.935 20.018 19.923 20.169 20.141 20.063 20.277 20.149 20.418 20.376 20.358 20.532 20.138 20.192 20.443 20.325 20.771 20.367 20.460 20.372 20.259 26/05/2079
20.532 20.410 20.466 20.128 20.529 20.249 20.170 20.380 21.167 20.553 20.392 20.531 21.233 21.077 20.703 21.573 21.737 21.466 21.282 21.142 21.833 21.671 21.630 21.516 21.621 22.012 21.813 21.882 21.736 21.366 27/05/2079
19.579 18.875 19.080 18.844 18.900 18.753 18.642 19.012 18.952 18.709 18.689 18.608 19.080 18.942 18.854 18.849 19.201 18.937 18.775 18.844 19.416 19.155 19.207 19.025 18.967 19.734 19.627 19.695 19.463 18.716 28/05/2079
15.375 15.250 15.145 14.997 15.136 15.102 14.959 15.052 15.506 15.188 15.080 15.248 15.536 15.432 15.301 15.600 15.813 15.636 15.535 15.464 15.788 15.775 15.622 15.674 15.662 15.895 15.852 15.768 15.724 15.508 29/05/2079
13.303 12.967 12.962 11.719 11.503 12.659 12.396 12.733 11.746 11.409 12.998 12.784 11.723 11.595 11.563 13.415 12.294 11.819 11.690 11.512 13.651 12.260 11.976 11.895 11.788 13.136 12.504 12.317 11.867 11.555 30/05/2079
12.648 12.074 12.038 12.224 11.960 11.909 11.817 11.932 11.771 11.616 11.957 11.895 11.768 11.616 11.731 11.795 12.280 11.775 11.638 11.418 12.071 12.232 12.016 11.844 11.918 12.017 12.327 12.257 11.996 11.657 31/05/2079
14.432 14.440 14.590 14.958 14.013 14.384 14.343 14.554 14.387 14.040 14.753 14.678 14.556 14.414 14.154 14.647 15.579 14.779 14.576 14.503 15.074 15.537 15.027 14.868 15.073 15.324 15.771 15.406 15.293 14.806 01/06/2079
15.639 15.466 15.295 15.311 14.294 15.338 15.181 15.197 15.107 14.531 15.552 15.421 14.927 14.786 14.655 15.695 16.155 15.049 14.848 15.020 15.885 16.131 15.032 15.133 15.337 15.809 16.276 15.370 15.368 15.097 02/06/2079
19.266 19.034 18.950 18.909 17.982 18.812 18.620 18.818 18.890 18.288 18.798 18.879 18.824 18.673 18.470 18.059 18.270 18.807 18.631 18.791 18.166 18.245 18.633 18.899 19.004 18.306 18.330 18.906 18.962 18.745 03/06/2079
20.057 19.884 19.662 19.509 19.440 19.684 19.550 19.542 19.844 19.759 19.791 19.714 19.827 19.657 19.943 19.753 20.068 19.731 19.569 19.605 19.895 20.030 19.802 19.798 19.667 19.842 19.844 19.731 19.648 19.403 04/06/2079
21.329 20.834 20.536 20.120 20.637 20.577 20.375 20.367 21.187 20.860 20.945 20.635 21.356 21.203 21.044 21.677 21.728 21.312 21.076 20.991 21.625 21.681 21.414 21.404 21.196 21.418 21.394 21.310 21.279 20.897 05/06/2079
21.114 21.078 20.884 20.451 20.953 20.876 20.731 20.757 21.040 21.087 20.935 21.041 21.152 21.054 21.167 21.297 21.565 21.244 21.124 20.973 21.381 21.551 21.436 21.292 21.090 21.298 21.293 21.216 21.160 20.924 06/06/2079
21.935 21.926 21.856 21.611 22.049 21.748 21.619 21.763 22.257 22.080 21.850 21.994 22.270 22.160 22.199 21.880 22.401 22.300 22.165 22.162 22.059 22.370 22.332 22.333 22.433 22.261 22.429 22.445 22.450 22.265 07/06/2079
20.096 19.638 19.399 18.984 19.264 19.423 19.272 19.272 19.875 19.269 19.624 19.405 19.883 19.759 19.420 20.013 19.904 19.817 19.659 19.734 19.986 19.874 19.933 19.874 19.750 19.884 19.692 19.943 19.799 19.548 08/06/2079
21.144 20.731 20.561 19.822 20.273 20.635 20.536 20.503 20.289 20.342 20.693 20.627 20.573 20.445 20.469 20.908 21.635 20.394 20.233 20.246 21.026 21.609 20.577 20.457 20.460 20.973 21.508 20.589 20.466 20.245 09/06/2079
19.980 19.909 19.891 19.452 19.898 19.793 19.718 19.821 20.331 20.102 19.702 19.718 20.308 20.215 20.239 20.260 21.002 20.251 20.122 20.186 20.328 20.985 20.244 20.311 20.417 20.494 21.044 20.358 20.427 20.241 10/06/2079
23.625 23.658 23.721 23.262 23.496 23.606 23.557 23.679 24.259 23.595 23.738 23.682 24.296 24.250 23.664 23.382 23.989 24.386 24.310 24.304 23.472 23.966 24.270 24.414 24.540 23.791 24.165 24.541 24.644 24.393 11/06/2079
19.963 19.998 20.234 19.699 20.300 19.812 19.722 20.157 20.885 20.644 20.050 20.302 20.648 20.636 20.731 20.295 20.737 21.018 20.990 21.159 20.609 20.727 20.688 21.043 21.466 20.812 21.041 21.096 21.303 21.364 12/06/2079
16.400 16.124 16.129 16.373 17.796 15.933 15.778 15.994 17.923 17.922 15.966 15.896 18.022 17.922 18.033 16.261 17.603 18.207 18.100 18.066 16.285 17.548 17.985 18.250 18.448 16.493 17.934 18.406 18.447 18.261 13/06/2079
19.574 19.610 19.523 19.587 20.093 19.420 19.264 19.381 20.377 20.211 19.571 19.581 20.354 20.229 20.350 19.597 20.267 20.411 20.262 20.371 19.753 20.230 20.317 20.468 20.579 19.727 20.341 20.499 20.461 20.372 14/06/2079
23.558 23.434 23.406 23.478 23.161 23.309 23.210 23.319 23.377 22.886 23.505 23.347 23.599 23.461 23.042 23.445 24.131 23.347 23.188 23.109 23.429 24.098 23.633 23.435 23.199 23.537 24.003 23.706 23.594 22.924 15/06/2079
25.154 24.984 25.055 24.350 24.611 24.896 24.786 25.014 24.852 24.407 24.866 24.936 24.931 24.777 24.575 24.682 24.647 24.307 24.132 24.094 24.393 24.617 24.446 24.407 24.036 24.252 24.434 24.613 24.388 23.827 16/06/2079
22.893 22.996 22.964 22.564 22.499 22.905 22.803 22.928 23.760 22.969 23.226 23.242 23.762 23.650 23.121 23.029 23.751 23.939 23.776 23.796 23.281 23.724 23.949 23.993 24.140 23.600 23.924 24.163 24.127 23.955 17/06/2079
22.440 22.408 22.244 21.615 22.092 22.220 22.060 22.139 23.040 22.585 22.355 22.361 23.171 23.038 22.697 22.516 23.058 23.344 23.192 23.086 22.595 23.020 23.155 23.412 23.408 22.822 23.173 23.420 23.486 23.168 18/06/2079
19.545 19.446 19.414 18.918 19.208 19.374 19.308 19.369 20.100 19.691 19.665 19.610 20.154 20.104 19.783 19.789 20.384 20.277 20.202 20.141 19.740 20.411 20.287 20.293 20.080 19.872 20.373 20.314 20.255 19.987 19/06/2079
18.710 18.737 18.638 18.610 18.251 18.556 18.447 18.521 19.170 18.849 19.050 18.777 19.268 19.082 18.969 18.990 19.287 19.222 19.053 19.057 19.116 19.264 19.220 19.329 19.105 19.314 19.336 19.514 19.427 18.789 20/06/2079
18.758 18.786 18.554 18.791 18.751 18.609 18.508 18.451 18.757 18.638 19.742 18.789 18.785 18.698 18.707 19.787 19.591 18.585 18.472 18.576 20.030 19.543 19.285 18.665 18.435 20.371 19.717 19.512 18.571 18.224 21/06/2079
20.382 20.340 20.362 20.027 20.182 20.172 20.071 20.298 20.383 20.176 20.661 20.241 20.496 20.410 20.257 20.683 20.571 20.470 20.361 20.420 20.721 20.548 20.456 20.530 20.435 20.685 20.749 20.743 20.680 20.245 22/06/2079
21.869 21.836 21.629 21.168 21.765 21.646 21.498 21.474 21.782 21.612 22.288 21.835 22.120 22.021 21.688 22.479 22.041 21.937 21.795 21.532 22.295 22.003 22.382 22.005 21.589 22.084 21.942 22.507 21.915 21.331 23/06/2079
20.368 20.365 20.034 19.974 20.320 20.231 20.118 19.964 20.344 20.095 20.583 20.462 20.812 20.703 20.184 20.668 21.120 20.815 20.667 20.361 20.726 21.087 20.866 20.886 20.413 20.792 21.004 20.951 20.762 20.250 24/06/2079
20.226 20.264 19.929 20.289 20.933 20.130 20.113 19.872 21.264 20.890 20.397 20.198 21.626 21.540 21.031 20.434 21.263 21.500 21.401 21.157 20.482 21.273 21.615 21.576 21.521 20.592 21.291 21.768 21.703 21.392 25/06/2079
19.763 19.413 19.092 18.742 19.046 19.232 19.090 18.983 19.128 18.731 19.344 19.065 19.588 19.461 18.866 19.719 19.789 19.478 19.303 19.056 19.732 19.765 19.793 19.533 19.471 19.896 19.874 20.040 19.605 19.274 26/06/2079
19.179 18.858 18.699 17.554 17.999 18.690 18.551 18.551 18.512 18.189 18.870 18.703 18.650 18.547 18.309 19.415 19.349 18.841 18.681 18.527 19.460 19.341 18.856 18.902 18.726 19.617 19.531 19.203 18.953 18.584 27/06/2079
19.344 19.276 19.063 18.656 18.242 19.143 19.028 18.973 19.165 18.502 19.394 19.253 19.232 19.201 18.592 18.965 19.780 19.589 19.536 19.297 18.963 19.741 19.522 19.611 19.434 19.128 20.004 19.713 19.542 19.356 28/06/2079
22.503 22.328 22.186 21.495 21.737 22.023 21.765 21.967 22.655 22.073 22.340 22.350 22.725 22.647 22.206 22.019 23.078 22.940 22.793 22.728 22.254 23.050 22.843 23.005 22.933 22.540 23.287 23.170 23.022 22.716 29/06/2079
23.633 23.592 23.473 22.208 23.184 23.419 23.298 23.357 23.968 23.628 23.716 23.682 24.163 24.037 23.715 23.323 23.924 24.268 24.175 24.183 23.458 23.872 24.162 24.344 24.202 23.774 24.107 24.430 24.335 24.017 30/06/2079
22.632 22.627 22.365 22.009 22.184 22.447 22.290 22.245 22.795 22.412 22.551 22.472 22.948 22.862 22.573 22.363 23.046 22.970 22.862 22.557 22.515 23.019 23.030 23.024 22.713 22.751 22.987 23.108 23.057 22.494 01/07/2079
23.884 23.863 23.649 23.561 23.744 23.756 23.668 23.571 24.307 23.911 24.091 23.952 24.514 24.389 24.055 24.348 24.732 24.519 24.384 24.197 24.398 24.693 24.618 24.583 24.010 24.449 24.629 24.662 24.492 23.759 02/07/2079
21.102 20.968 20.562 19.730 20.206 20.865 20.769 20.497 20.745 20.415 20.989 20.819 21.055 20.954 20.523 21.267 21.411 20.950 20.864 20.722 21.125 21.382 21.015 21.004 20.831 21.205 21.420 21.107 21.043 20.665 03/07/2079
21.664 21.578 21.008 20.912 21.810 21.386 21.227 20.926 21.684 21.847 21.306 21.474 22.165 22.073 21.952 21.785 21.799 22.197 22.108 21.647 21.771 21.761 22.062 22.219 21.595 21.762 21.713 22.048 22.041 21.453 04/07/2079
21.992 21.799 21.398 21.534 20.950 21.721 21.658 21.333 21.163 20.890 21.986 21.620 21.523 21.465 20.964 22.700 22.615 21.577 21.512 21.114 22.778 22.607 21.875 21.613 21.045 22.687 22.463 21.739 21.490 20.919 05/07/2079
23.379 23.408 23.184 22.788 22.965 23.284 23.174 23.106 23.550 23.056 23.225 23.054 23.731 23.597 23.141 23.403 23.535 23.692 23.532 23.482 23.386 23.507 23.538 23.768 23.554 23.542 23.596 23.745 23.780 23.308 06/07/2079
20.692 20.786 20.638 20.498 20.803 20.720 20.661 20.595 21.047 20.776 20.710 20.797 21.204 21.106 20.807 21.001 21.350 21.119 21.025 21.006 21.195 21.315 21.203 21.185 20.963 21.344 21.304 21.282 21.304 20.808 07/07/2079
23.156 23.307 22.916 22.532 22.648 23.141 22.984 22.818 22.943 22.688 23.293 23.231 23.184 23.072 22.817 23.400 23.832 23.305 23.149 22.870 23.615 23.785 23.596 23.364 22.932 23.565 23.714 23.555 23.327 22.700 08/07/2079
20.928 21.055 20.670 20.398 20.484 20.875 20.739 20.555 20.797 20.527 21.095 21.092 21.021 20.925 20.636 21.283 21.809 21.162 21.046 20.830 21.760 21.788 21.368 21.209 20.931 21.796 21.785 21.480 21.239 20.757 09/07/2079
22.020 22.054 21.848 21.359 21.863 21.815 21.664 21.698 22.728 22.380 22.331 22.296 22.962 22.858 22.509 23.096 23.612 23.304 23.181 22.982 23.338 23.590 23.171 23.339 22.998 23.582 23.744 23.497 23.427 22.825 10/07/2079
23.884 23.898 23.775 22.998 23.799 23.734 23.604 23.684 24.351 24.203 23.961 23.910 24.455 24.324 24.303 24.444 24.916 24.457 24.354 24.177 24.501 24.879 24.372 24.518 23.899 24.531 24.850 24.437 24.139 23.728 11/07/2079
24.280 24.658 24.728 24.820 25.701 24.613 24.595 24.717 25.465 25.797 25.078 25.081 25.628 25.655 25.817 25.282 25.866 25.738 25.764 25.462 25.447 25.852 25.833 25.731 25.077 25.190 25.607 25.523 25.342 25.083 12/07/2079
22.958 22.721 22.631 22.367 22.802 22.656 22.623 22.583 22.797 22.628 22.359 22.616 23.310 23.164 22.692 22.577 23.020 22.930 22.832 22.481 22.738 22.993 23.131 22.957 22.080 22.709 22.699 22.957 22.498 21.916 13/07/2079
24.720 24.332 24.555 23.405 23.717 24.232 24.156 24.521 23.917 23.237 23.913 23.829 24.250 24.167 23.294 24.062 23.918 23.537 23.434 23.494 23.818 23.893 23.614 23.582 23.078 23.504 23.686 23.535 23.383 22.913 14/07/2079
23.474 22.975 23.031 22.412 22.495 22.835 22.712 22.945 22.330 21.966 22.384 22.109 22.468 22.347 22.060 21.986 22.490 21.763 21.555 22.061 21.665 22.464 21.734 21.856 21.339 21.435 22.270 21.718 21.514 21.100 15/07/2079
24.221 23.994 23.818 23.564 23.286 23.856 23.753 23.734 23.650 23.220 23.952 23.676 23.760 23.618 23.308 23.995 23.887 23.559 23.391 23.523 24.013 23.835 23.602 23.638 23.525 24.039 23.968 23.850 23.718 23.297 16/07/2079
27.115 26.957 26.668 25.930 26.027 26.704 26.497 26.514 26.071 26.028 27.258 26.915 26.299 26.212 26.112 27.365 27.244 25.947 25.801 25.751 27.296 27.191 26.214 26.008 25.669 27.201 27.230 26.400 26.060 25.403 17/07/2079
28.116 28.260 28.277 28.625 29.673 28.288 28.300 28.298 29.455 29.944 28.205 28.440 29.344 29.375 29.935 28.361 28.910 29.100 29.161 29.238 28.543 28.869 29.168 29.097 28.834 28.404 28.824 28.975 28.998 28.895 18/07/2079
24.366 23.866 23.558 23.503 23.804 23.704 23.550 23.472 23.792 23.612 23.873 23.903 24.347 24.275 23.662 24.138 24.688 24.029 23.927 23.315 24.329 24.649 24.509 24.065 23.568 24.307 24.489 24.420 23.858 23.429 19/07/2079
19.986 19.844 19.689 18.976 19.366 19.664 19.562 19.563 19.619 19.334 19.601 19.668 19.898 19.782 19.462 19.525 20.121 19.832 19.691 19.429 19.930 20.066 20.101 19.904 19.916 20.327 20.294 20.457 20.227 19.655 20/07/2079
20.064 19.881 19.483 18.977 19.280 19.687 19.492 19.358 19.951 19.364 19.721 19.618 20.182 20.034 19.513 20.114 20.894 20.341 20.156 19.931 20.414 20.875 20.402 20.404 20.410 20.713 21.150 20.867 20.619 20.192 21/07/2079
19.518 19.258 18.977 17.896 16.537 18.971 18.700 18.764 18.182 17.017 19.000 19.070 18.185 17.965 17.209 20.113 19.956 18.350 18.078 18.101 20.165 19.888 18.331 18.440 18.725 20.484 20.239 18.883 18.816 18.387 22/07/2079
21.796 21.249 21.025 20.620 20.189 21.085 20.954 20.919 20.574 20.195 21.152 21.036 20.764 20.649 20.316 20.921 21.314 20.603 20.470 20.346 20.874 21.278 20.939 20.671 20.653 21.051 21.392 21.133 20.859 20.445 23/07/2079
23.245 22.826 22.544 21.272 22.221 22.628 22.388 22.415 22.712 22.290 22.671 22.473 22.920 22.749 22.397 22.404 23.435 22.765 22.571 22.447 22.377 23.373 22.920 22.820 22.635 22.636 23.477 23.082 22.927 22.344 24/07/2079
24.462 24.530 24.525 23.770 24.531 24.626 24.632 24.596 24.592 24.474 24.623 24.538 24.649 24.596 24.469 24.816 25.098 24.615 24.556 24.480 24.589 25.101 24.619 24.628 24.468 24.155 24.973 24.552 24.547 24.390 25/07/2079
24.196 23.944 23.993 23.850 24.105 23.847 23.773 23.915 24.183 24.007 23.763 23.662 23.949 23.848 24.048 23.465 23.658 23.658 23.514 23.663 23.269 23.634 23.647 23.726 23.471 23.007 23.402 23.585 23.573 23.289 26/07/2079
22.378 22.111 21.818 21.530 21.916 22.009 21.917 21.767 21.929 21.876 21.900 21.905 21.991 21.889 21.895 22.026 22.428 21.839 21.747 21.788 22.384 22.410 22.014 21.905 21.945 22.374 22.376 22.135 22.086 21.779 27/07/2079
20.278 20.109 20.060 19.782 20.100 19.962 19.838 19.970 20.165 19.964 19.903 19.938 20.297 20.187 20.032 20.112 20.543 20.176 20.045 19.982 20.439 20.512 20.239 20.235 20.113 20.577 20.593 20.451 20.247 19.920 28/07/2079
21.171 21.231 21.164 20.328 20.704 21.090 20.978 21.068 21.181 20.925 21.072 21.216 21.632 21.511 21.077 21.076 21.315 21.379 21.237 21.030 21.312 21.276 21.368 21.435 21.232 21.198 21.373 21.503 21.411 21.039 29/07/2079
21.558 21.319 21.235 20.680 21.411 21.075 21.047 21.092 21.153 21.452 21.278 21.067 21.374 21.221 21.548 21.314 21.883 21.248 21.077 20.985 21.645 21.827 21.375 21.313 21.239 21.956 22.203 21.852 21.520 20.998 30/07/2079
23.683 23.607 23.490 24.042 24.028 23.493 23.467 23.423 24.229 24.028 23.603 23.454 24.417 24.366 24.166 23.228 23.768 24.306 24.262 24.141 23.364 23.761 24.418 24.319 24.266 23.546 23.871 24.578 24.433 24.201 31/07/2079
