# 6448 6449 6450 6451 6452 6528 6529 6530 6531 6532 6610 6611 6612 6613 6614 6693 6694 6695 6696 6697 6776 6777 6778 6779 6780 6859 6860 6861 6862 6863 Date
22.444 22.432 22.363 22.312 22.124 22.316 22.187 22.282 22.120 21.999 22.640 22.526 22.205 22.123 22.082 22.596 22.872 22.222 22.144 22.098 22.630 22.878 22.419 22.269 22.165 22.607 22.813 22.521 22.364 21.954 01/08/2052
24.894 24.999 25.020 24.869 24.814 24.920 24.922 24.963 25.421 24.722 25.222 25.051 25.425 25.395 24.918 25.230 25.758 25.659 25.630 25.446 25.281 25.771 25.795 25.672 25.233 25.257 25.562 25.641 25.574 25.251 02/08/2052
24.738 24.935 24.837 24.735 25.381 24.760 24.651 24.733 25.827 25.313 25.354 25.187 26.137 26.044 25.405 25.881 26.209 25.949 25.786 25.599 26.075 26.198 26.057 26.019 25.806 25.833 26.142 26.186 25.941 25.593 03/08/2052
26.554 26.695 26.656 26.256 26.845 26.530 26.401 26.553 27.638 26.847 26.943 26.897 27.848 27.680 26.926 27.158 28.068 27.810 27.600 27.406 27.817 28.063 27.943 27.906 27.668 27.418 27.979 28.116 27.788 27.400 04/08/2052
30.219 30.794 30.771 30.937 31.028 30.569 30.396 30.627 31.597 31.300 31.198 31.049 31.650 31.592 31.290 30.114 31.180 31.767 31.693 31.714 30.588 31.168 31.870 31.800 31.663 30.940 31.397 32.079 31.756 31.568 05/08/2052
32.818 33.450 33.580 34.235 34.045 33.237 33.108 33.437 33.881 33.827 33.918 33.658 33.983 33.953 33.801 32.530 33.390 34.012 33.972 34.026 32.810 33.375 34.277 34.027 34.090 33.070 33.455 34.270 34.119 34.040 06/08/2052
33.203 33.305 33.427 34.002 33.897 33.079 32.938 33.283 33.524 33.446 33.505 33.161 33.444 33.423 33.415 32.286 32.975 33.406 33.377 33.506 32.454 32.961 33.668 33.417 33.522 32.720 32.934 33.533 33.403 33.461 07/08/2052
30.977 31.046 31.301 30.682 30.710 30.770 30.622 31.137 32.327 30.875 31.119 31.154 31.960 31.928 30.874 30.503 31.169 32.233 32.181 32.455 30.816 31.157 31.782 32.255 32.362 30.920 31.286 31.804 32.139 32.287 08/08/2052
31.868 31.996 32.107 32.563 30.858 31.790 31.654 31.975 32.420 30.997 31.914 31.871 32.352 32.335 31.026 30.974 31.775 32.448 32.409 32.532 31.289 31.769 32.305 32.463 32.524 31.605 31.985 32.455 32.524 32.479 09/08/2052
32.092 32.236 32.309 32.930 32.127 32.038 31.880 32.178 32.229 31.992 32.036 32.032 32.107 32.068 31.962 31.076 31.676 32.239 32.190 32.312 31.275 31.671 32.117 32.258 32.463 31.595 31.853 32.263 32.355 32.435 10/08/2052
30.914 31.165 31.282 31.111 30.185 30.905 30.745 31.117 30.501 30.059 31.071 30.944 30.416 30.371 30.059 30.087 30.538 30.542 30.483 30.659 30.352 30.532 30.626 30.564 30.698 30.617 30.714 30.712 30.638 30.625 11/08/2052
27.242 27.527 27.611 26.465 26.529 27.296 27.183 27.506 27.089 26.715 27.195 27.419 27.170 27.171 26.662 26.825 27.555 27.225 27.219 27.459 26.992 27.570 27.221 27.228 28.116 27.088 27.731 27.185 27.278 28.142 12/08/2052
25.533 25.908 25.632 24.895 25.412 25.800 25.795 25.558 25.842 25.559 25.637 25.789 26.156 26.066 25.611 25.644 26.115 25.945 25.802 25.918 25.791 26.094 25.869 25.997 26.012 25.700 26.181 25.990 26.122 25.816 13/08/2052
23.139 23.149 23.035 22.461 23.128 23.147 23.192 23.002 23.191 23.126 22.971 23.117 23.443 23.418 23.024 23.009 23.652 23.448 23.390 23.685 23.204 23.635 23.395 23.475 24.187 23.361 23.743 23.632 23.961 24.001 14/08/2052
21.012 20.965 20.961 20.144 20.582 20.934 20.899 20.940 20.771 20.547 20.636 20.719 20.851 20.812 20.548 20.911 21.466 20.783 20.794 21.021 21.015 21.434 20.592 20.785 21.518 21.279 21.809 21.062 21.225 21.460 15/08/2052
23.700 23.623 23.549 22.922 22.347 23.511 23.398 23.503 22.593 22.255 23.408 23.315 22.595 22.507 22.337 23.001 22.989 22.468 22.371 22.477 23.118 22.942 22.414 22.506 22.794 23.326 23.135 22.715 22.756 22.615 16/08/2052
25.024 25.310 25.326 25.058 25.190 25.177 25.063 25.247 25.448 25.294 24.988 25.224 25.425 25.360 25.348 25.596 26.852 25.587 25.533 25.645 26.111 26.811 25.374 25.609 25.680 26.791 27.066 25.809 25.792 25.572 17/08/2052
24.468 24.438 24.295 23.347 23.662 24.297 24.226 24.162 23.916 23.484 23.914 23.918 24.109 24.040 23.539 24.732 24.844 23.888 23.817 24.126 24.708 24.802 23.628 23.931 24.145 24.864 25.068 23.999 24.076 24.015 18/08/2052
22.608 22.600 22.521 22.631 23.147 22.466 22.350 22.431 23.244 23.177 22.547 22.441 23.243 23.186 23.280 22.933 23.324 23.259 23.203 23.238 22.958 23.291 23.165 23.276 23.101 23.140 23.352 23.245 23.153 23.027 19/08/2052
23.117 23.409 23.196 22.931 23.489 23.191 23.047 23.051 23.834 23.627 23.490 23.389 23.979 23.852 23.789 23.595 23.992 24.098 23.950 23.935 23.950 23.960 24.161 24.158 24.132 24.073 23.959 24.330 24.205 23.896 20/08/2052
23.836 23.581 23.335 23.387 23.311 23.404 23.305 23.261 23.424 23.139 23.640 23.355 23.518 23.409 23.237 23.542 23.206 23.445 23.329 23.333 23.653 23.160 23.461 23.528 23.637 23.711 23.295 23.756 23.631 23.454 21/08/2052
25.005 24.952 24.968 24.896 24.303 24.856 24.843 24.922 25.051 24.214 24.885 24.820 25.035 24.973 24.311 24.710 24.732 24.973 24.929 24.893 24.795 24.700 24.938 24.983 24.949 24.767 24.683 24.966 24.923 24.874 22/08/2052
25.216 25.405 25.425 24.569 24.889 25.381 25.415 25.403 25.318 25.025 25.611 25.343 25.440 25.452 25.033 25.483 25.330 25.311 25.288 25.284 25.326 25.342 25.268 25.302 25.213 25.324 25.186 25.267 25.154 25.156 23/08/2052
20.883 20.705 20.816 20.424 20.689 20.512 20.376 20.691 20.988 20.848 20.724 20.766 20.946 20.824 20.941 20.796 21.448 21.191 20.987 21.065 21.428 21.404 21.352 21.237 21.118 21.557 21.009 20.995 21.234 20.891 24/08/2052
21.063 20.905 20.420 19.452 19.979 20.662 20.430 20.264 19.942 19.613 20.769 20.558 20.493 20.377 19.712 21.232 21.282 20.211 20.060 20.202 21.359 21.249 20.828 20.287 20.632 20.815 20.774 20.458 20.589 20.440 25/08/2052
20.323 20.139 20.035 19.236 20.234 19.973 19.836 19.939 20.487 20.312 19.589 19.926 20.917 20.820 20.406 19.980 20.965 20.942 20.822 20.813 20.193 20.938 20.735 21.007 20.869 20.615 21.229 21.099 21.209 20.731 26/08/2052
18.948 18.648 18.490 17.898 18.412 18.497 18.332 18.388 18.483 18.315 18.080 18.177 18.672 18.536 18.450 18.322 18.750 18.687 18.531 18.646 18.467 18.708 18.471 18.749 18.619 18.978 19.070 18.969 18.807 18.416 27/08/2052
19.694 19.496 19.412 18.959 18.841 19.361 19.246 19.323 19.226 19.028 19.175 19.360 19.454 19.343 19.187 19.614 19.939 19.383 19.263 19.222 19.714 19.923 19.220 19.439 19.044 19.960 19.873 19.335 19.409 18.860 28/08/2052
19.165 18.897 18.928 18.217 17.962 18.761 18.656 18.827 19.072 18.023 18.724 18.786 19.074 19.005 18.168 19.205 19.169 19.022 18.940 18.841 19.340 19.147 18.946 19.059 18.691 19.561 19.131 18.974 18.942 18.588 29/08/2052
19.876 19.503 19.408 18.422 18.331 19.276 19.084 19.247 18.667 18.209 19.228 19.133 18.788 18.647 18.323 18.984 19.044 18.567 18.407 18.515 18.992 19.008 18.641 18.646 18.523 19.160 19.076 18.791 18.658 18.289 30/08/2052
21.485 21.236 21.125 21.142 20.100 21.109 21.018 21.034 20.385 19.845 20.978 20.945 20.475 20.294 19.966 20.431 20.081 20.305 20.111 19.976 20.667 20.030 20.474 20.405 20.071 20.817 19.882 20.577 20.361 19.743 31/08/2052
23.071 22.926 22.995 22.824 22.525 22.781 22.647 22.901 23.077 22.397 23.030 22.957 23.075 22.891 22.472 23.105 23.165 22.809 22.605 22.663 23.125 23.118 23.179 22.894 22.576 23.003 23.082 23.418 23.080 22.217 01/09/2052
22.373 22.212 22.236 22.287 22.784 22.077 21.970 22.156 23.828 22.538 21.961 22.031 23.844 23.603 22.709 23.041 24.012 23.688 23.431 23.356 23.304 23.960 23.580 23.798 23.617 23.421 24.145 23.953 23.966 23.244 02/09/2052
20.696 20.556 20.544 20.285 20.456 20.539 20.524 20.534 20.734 20.378 20.501 20.504 20.909 20.834 20.472 21.034 21.107 20.993 20.898 20.723 21.008 21.095 20.972 21.029 21.022 20.981 21.150 21.119 21.021 20.895 03/09/2052
19.525 19.214 19.108 18.723 19.104 19.138 19.092 19.104 19.193 18.995 19.729 19.130 19.138 19.096 19.062 19.783 20.469 19.076 19.013 19.036 19.865 20.440 19.330 19.097 19.095 19.894 20.625 19.490 19.140 18.984 04/09/2052
19.709 19.546 19.590 18.913 19.093 19.305 19.132 19.460 19.399 18.993 19.527 19.421 19.697 19.571 19.090 19.500 20.298 19.512 19.333 19.133 19.705 20.250 19.638 19.592 19.314 19.434 20.188 19.704 19.536 19.097 05/09/2052
19.569 19.962 19.891 18.750 19.039 19.800 19.665 19.781 19.655 19.316 19.940 19.721 19.799 19.696 19.382 20.177 20.561 19.397 19.297 19.144 20.082 20.518 20.073 19.450 19.367 20.116 20.306 19.990 19.305 19.182 06/09/2052
20.370 20.487 20.303 19.668 19.862 20.387 20.313 20.216 19.998 19.668 20.441 20.255 20.222 20.097 19.725 20.935 21.011 19.767 19.685 19.492 20.751 20.982 20.389 19.808 19.409 20.598 20.697 20.064 19.445 19.346 07/09/2052
19.504 19.746 19.734 19.325 19.560 19.634 19.544 19.662 19.788 19.401 19.863 19.890 20.105 19.971 19.459 20.068 20.670 20.152 19.978 19.664 20.002 20.638 20.425 20.216 19.661 19.936 20.224 20.057 19.611 19.479 08/09/2052
18.503 18.374 18.620 17.799 18.201 18.331 18.299 18.586 18.846 18.439 18.821 18.780 18.928 18.861 18.536 19.247 19.716 18.896 18.805 18.796 19.295 19.710 19.206 18.950 18.797 19.224 19.360 18.928 18.750 18.676 09/09/2052
19.194 19.472 19.386 18.471 18.650 19.413 19.380 19.354 19.546 19.294 20.009 20.014 19.885 19.850 19.323 20.344 20.784 19.898 19.849 19.907 20.602 20.775 20.126 19.924 19.763 20.200 20.298 19.636 19.597 19.664 10/09/2052
20.948 20.795 20.548 19.244 18.986 20.682 20.657 20.484 20.175 19.788 20.946 20.795 20.260 20.188 19.814 20.856 20.886 20.320 20.240 20.415 20.619 20.898 20.339 20.349 20.376 20.648 20.848 20.296 20.259 20.298 11/09/2052
20.488 20.399 20.286 19.374 19.263 20.381 20.316 20.242 20.224 19.655 20.643 20.504 20.561 20.465 19.690 21.206 21.194 20.583 20.473 20.355 20.978 21.220 20.783 20.628 20.604 20.790 20.830 20.497 20.624 20.452 12/09/2052
18.881 18.994 18.852 18.257 18.554 18.883 18.837 18.798 19.324 19.101 19.340 19.106 19.318 19.237 19.198 19.558 19.998 19.515 19.459 19.467 19.644 20.009 19.707 19.535 19.656 19.651 19.978 19.812 19.649 19.561 13/09/2052
20.363 20.414 20.932 20.290 20.454 20.341 20.287 20.869 21.005 20.381 20.587 20.622 20.824 20.782 20.506 21.207 21.348 20.715 20.619 20.598 21.088 21.379 20.801 20.749 20.637 21.059 21.297 20.896 20.677 20.512 14/09/2052
21.539 21.535 21.813 22.388 21.973 21.519 21.481 21.787 23.535 21.770 21.638 21.772 23.581 23.601 21.864 21.873 22.709 23.576 23.566 23.296 22.066 22.698 23.664 23.574 23.449 22.078 22.719 23.648 23.565 23.433 15/09/2052
20.872 20.927 21.293 21.077 20.827 20.957 20.972 21.307 21.602 20.888 21.068 21.205 21.232 21.264 20.920 21.378 21.505 21.173 21.202 21.433 21.326 21.528 21.024 21.165 21.724 21.130 21.737 21.523 21.633 21.725 16/09/2052
18.283 18.141 18.396 18.692 18.612 18.028 17.940 18.304 19.710 19.269 18.310 18.145 19.035 18.960 19.369 18.493 18.631 19.261 19.128 19.758 18.632 18.597 18.631 19.292 20.035 19.068 19.425 19.489 19.710 19.835 17/09/2052
18.034 17.966 17.794 17.141 17.284 17.830 17.731 17.699 17.093 17.263 17.772 17.947 16.658 16.647 17.348 18.020 17.227 16.757 16.741 16.909 18.011 17.179 16.819 16.773 17.136 18.109 17.410 16.868 17.117 17.057 18/09/2052
15.344 15.036 15.108 15.382 15.859 14.940 14.822 15.053 15.734 15.866 14.579 14.984 14.922 14.902 15.924 14.401 14.776 14.716 14.700 15.343 14.407 14.737 14.820 14.741 15.108 14.643 14.729 14.834 15.045 15.028 19/09/2052
18.090 17.949 17.796 17.583 17.731 17.839 17.770 17.752 17.760 17.606 17.805 17.841 17.667 17.585 17.680 17.999 17.949 17.395 17.267 17.274 18.077 17.948 17.746 17.433 17.407 17.933 17.840 17.736 17.650 17.237 20/09/2052
18.035 17.517 17.279 16.848 16.854 17.392 17.300 17.186 17.211 17.042 17.348 17.257 17.265 17.175 17.124 17.538 17.791 17.071 16.959 16.911 17.653 17.763 17.207 17.103 16.817 17.353 17.715 16.959 16.879 16.696 21/09/2052
18.245 17.984 17.618 16.778 17.381 17.804 17.662 17.488 17.715 17.487 17.957 17.748 18.034 17.896 17.580 18.301 18.159 17.810 17.667 17.561 18.493 18.147 18.050 17.863 17.716 18.394 18.175 18.227 17.818 17.493 22/09/2052
18.549 18.147 18.077 17.640 17.871 18.080 18.013 18.036 17.774 17.734 18.142 17.872 17.699 17.659 17.802 18.153 18.491 17.341 17.310 17.281 18.072 18.468 17.595 17.352 17.170 17.959 18.477 17.544 17.361 17.115 23/09/2052
16.373 16.232 16.071 15.924 15.784 16.140 16.027 16.005 16.087 15.728 16.223 15.964 16.143 16.068 15.770 16.371 16.514 15.879 15.757 15.949 16.456 16.509 16.243 15.907 16.030 16.528 16.539 16.493 16.226 15.915 24/09/2052
15.953 15.636 15.277 15.409 15.377 15.475 15.364 15.212 15.799 15.547 15.718 15.486 15.569 15.507 15.623 15.923 15.709 15.488 15.385 15.579 15.969 15.675 15.428 15.558 15.357 15.662 15.790 15.632 15.272 15.207 25/09/2052
16.121 15.838 15.535 15.742 15.246 15.669 15.552 15.421 15.759 15.487 16.172 15.598 15.725 15.630 15.567 16.370 16.192 15.908 15.753 15.901 16.473 16.184 15.861 15.942 15.961 16.476 16.422 16.207 16.049 15.775 26/09/2052
15.705 15.870 15.496 15.519 15.335 15.716 15.558 15.420 15.444 15.368 15.790 15.853 15.688 15.604 15.429 15.981 17.111 15.888 15.768 15.611 16.365 17.076 16.170 15.929 15.750 16.114 17.247 16.345 15.760 15.573 27/09/2052
16.282 15.970 16.122 15.919 15.970 15.712 15.530 15.972 17.006 16.166 16.775 16.219 17.050 16.913 16.300 16.914 17.360 17.210 17.033 17.106 17.464 17.314 17.371 17.279 17.498 18.046 17.988 18.206 17.607 17.226 28/09/2052
15.237 15.144 15.188 14.625 14.795 14.983 14.859 15.039 15.371 15.140 15.045 15.073 15.370 15.268 15.241 15.349 15.600 15.387 15.231 15.339 15.529 15.590 15.436 15.436 15.445 15.757 15.743 15.754 15.415 15.269 29/09/2052
13.250 13.149 12.954 12.500 12.300 13.041 12.953 12.852 13.125 12.954 13.015 13.237 13.033 12.965 13.032 13.259 13.775 13.439 13.368 13.618 13.598 13.753 13.457 13.466 13.887 13.895 13.847 13.583 13.801 13.766 30/09/2052
12.618 12.485 12.546 11.791 12.293 12.368 12.279 12.443 13.392 12.683 12.331 12.562 13.267 13.163 12.748 12.846 14.299 13.568 13.455 13.682 13.317 14.277 13.399 13.595 14.199 13.665 14.566 13.772 13.970 14.043 01/10/2052
13.697 13.821 13.864 12.676 13.522 13.798 13.796 13.848 14.166 13.590 14.043 13.966 14.164 14.104 13.617 14.395 15.296 14.276 14.213 14.260 14.562 15.297 14.427 14.292 14.639 14.552 15.474 14.687 14.509 14.507 02/10/2052
15.823 15.615 15.838 14.538 15.201 15.591 15.580 15.808 15.484 14.891 15.047 15.336 15.485 15.505 14.932 15.400 15.652 15.215 15.206 15.238 15.245 15.617 15.138 15.180 15.118 15.471 15.852 15.319 15.183 15.166 03/10/2052
15.131 15.146 13.981 13.541 13.883 14.970 14.857 13.906 13.715 13.672 15.372 15.192 14.147 14.070 13.739 15.615 15.412 14.169 14.067 13.394 15.679 15.377 15.275 14.179 13.837 15.905 15.616 15.503 14.921 13.759 04/10/2052
15.492 15.499 15.681 15.234 15.114 15.326 15.207 15.576 15.070 14.841 15.497 15.270 15.624 15.502 14.936 15.340 14.931 14.909 14.763 14.789 15.480 14.925 14.869 14.971 14.519 15.394 14.918 15.015 14.753 14.400 05/10/2052
16.441 16.460 16.189 15.643 15.410 16.336 16.218 16.053 15.582 15.349 16.227 16.197 16.170 16.041 15.452 16.305 15.976 15.746 15.577 15.478 16.245 15.941 15.559 15.794 15.316 15.645 15.792 15.506 15.460 15.123 06/10/2052
15.505 15.673 15.615 14.572 14.283 15.563 15.457 15.518 14.780 14.567 15.368 15.442 14.928 14.840 14.661 15.288 15.088 14.836 14.686 14.819 15.231 15.075 14.912 14.883 14.964 14.705 14.813 14.817 14.904 14.792 07/10/2052
13.308 13.176 13.092 12.263 12.868 13.022 12.860 12.985 12.993 13.104 13.267 13.206 13.178 13.129 13.156 13.996 14.533 13.178 13.136 13.088 14.260 14.502 13.421 13.218 13.300 14.260 14.527 13.458 13.289 13.241 08/10/2052
12.398 12.049 12.050 11.232 12.005 11.930 11.773 11.984 11.971 12.024 12.075 11.990 12.106 12.034 12.143 12.115 12.243 11.757 11.689 11.925 12.110 12.242 12.265 11.806 11.814 12.159 12.193 12.277 11.954 11.693 09/10/2052
11.843 10.925 10.865 9.976 9.906 10.703 10.520 10.760 9.289 9.039 10.352 10.265 9.478 9.409 9.160 10.226 9.587 9.054 8.986 9.026 10.229 9.575 9.303 9.093 8.768 9.482 9.101 8.878 8.704 8.585 10/10/2052
11.169 10.753 10.652 9.528 9.536 10.627 10.508 10.565 9.888 9.766 10.075 10.344 10.019 9.952 9.839 10.445 10.360 9.562 9.543 9.688 10.493 10.330 9.643 9.597 9.483 10.452 10.140 9.487 9.403 9.357 11/10/2052
9.849 9.561 9.608 8.941 9.221 9.480 9.439 9.568 9.357 9.181 9.517 9.537 9.462 9.342 9.241 9.434 9.523 9.217 9.150 9.142 9.391 9.521 9.444 9.262 9.017 9.354 9.277 9.315 9.130 8.866 12/10/2052
11.718 11.796 11.605 10.242 11.359 11.580 11.402 11.484 12.403 11.774 11.676 11.542 12.793 12.644 11.856 12.390 13.129 12.843 12.751 12.591 12.439 13.107 12.817 12.927 12.996 12.902 13.285 13.240 13.204 12.817 13/10/2052
11.848 11.556 11.238 11.115 10.909 11.167 10.898 11.019 11.449 11.114 11.114 10.973 11.700 11.669 11.192 11.696 12.211 11.134 11.124 11.454 11.997 12.066 11.329 11.135 11.339 12.209 12.231 11.342 11.305 11.288 14/10/2052
11.592 11.526 11.092 10.396 10.128 11.425 11.348 11.012 10.468 9.995 11.360 11.281 10.589 10.578 10.012 11.761 11.605 10.381 10.414 10.329 11.567 11.608 10.502 10.380 10.324 11.525 11.583 10.471 10.385 10.395 15/10/2052
11.177 11.026 10.878 10.218 9.690 10.980 10.949 10.820 10.024 9.562 10.607 10.775 10.179 10.068 9.594 10.306 10.090 9.972 9.855 9.930 10.270 10.089 9.802 10.048 10.200 10.376 10.170 10.110 10.266 10.039 16/10/2052
13.041 12.650 12.375 11.771 11.124 12.500 12.359 12.273 11.395 11.212 12.697 12.503 11.405 11.235 11.339 12.781 12.446 11.512 11.284 11.238 13.037 12.419 12.004 11.610 11.636 13.305 12.767 12.611 12.144 11.375 17/10/2052
14.076 13.801 13.280 13.324 12.273 13.690 13.506 13.149 12.840 12.226 13.966 13.992 13.285 13.124 12.334 13.941 14.099 13.554 13.338 13.067 14.050 14.051 13.876 13.624 13.876 13.929 14.111 14.092 13.942 13.606 18/10/2052
13.624 12.990 12.743 12.622 12.536 12.817 12.678 12.636 12.798 12.492 12.687 12.617 12.581 12.454 12.607 12.983 12.825 12.913 12.768 13.324 12.882 12.806 12.672 12.990 13.939 13.106 13.640 13.714 14.013 13.727 19/10/2052
14.022 13.548 13.358 13.608 13.481 13.234 13.042 13.194 13.810 13.434 13.461 13.377 14.081 13.948 13.429 13.795 13.316 13.794 13.640 13.723 13.794 13.283 13.915 13.849 13.755 13.812 13.309 14.031 13.921 13.517 20/10/2052
15.520 15.161 14.748 14.463 13.560 15.008 14.921 14.666 13.757 13.245 15.257 15.049 14.115 14.043 13.262 14.840 13.350 13.885 13.831 13.710 14.699 13.334 14.270 13.907 13.759 14.515 13.345 14.315 13.982 13.635 21/10/2052
14.250 13.552 13.439 13.753 13.524 13.453 13.372 13.371 13.687 13.196 13.637 13.358 14.039 13.868 13.330 14.157 14.074 13.811 13.596 13.443 14.188 14.031 14.004 13.894 13.564 14.370 14.094 14.192 13.826 13.267 22/10/2052
14.073 13.766 13.899 14.050 14.144 13.623 13.499 13.821 14.478 14.198 13.772 13.723 14.389 14.269 14.317 14.260 14.417 14.014 13.875 14.213 14.384 14.381 14.128 14.079 14.214 14.463 14.508 14.403 14.346 13.981 23/10/2052
13.543 13.378 13.219 13.165 13.143 13.222 13.115 13.149 13.616 13.316 13.260 13.106 13.623 13.505 13.386 13.583 13.820 13.576 13.449 13.697 13.633 13.791 13.487 13.634 13.795 14.015 13.945 13.769 13.978 13.591 24/10/2052
13.661 13.699 13.506 13.355 13.037 13.521 13.367 13.386 13.549 13.143 13.542 13.498 13.624 13.512 13.215 13.639 13.687 13.560 13.418 13.571 13.787 13.649 13.504 13.621 13.900 14.017 13.767 13.767 13.921 13.714 25/10/2052
15.041 15.071 14.816 14.479 14.561 14.884 14.679 14.651 14.952 14.492 14.817 14.523 15.024 14.899 14.585 15.079 15.111 14.908 14.770 14.883 15.106 15.074 14.874 14.951 14.957 15.288 15.368 15.263 15.192 14.825 26/10/2052
13.699 13.425 13.609 13.210 13.368 13.272 13.159 13.486 13.849 13.646 13.418 13.193 13.355 13.269 13.738 13.425 13.354 12.877 12.788 13.561 13.396 13.318 13.039 12.923 13.941 13.718 13.762 13.531 14.086 13.819 27/10/2052
12.121 12.204 12.387 12.627 12.716 12.078 12.012 12.323 13.133 12.989 12.071 12.437 12.836 12.738 13.088 12.153 13.327 12.971 12.879 13.400 12.621 13.282 13.027 13.027 13.286 13.168 13.565 13.358 13.830 13.204 28/10/2052
11.707 11.860 11.398 11.097 11.078 11.750 11.681 11.353 11.044 11.000 11.992 11.894 11.421 11.351 11.076 12.069 12.294 11.417 11.322 11.213 12.344 12.266 12.049 11.451 11.277 12.377 12.346 12.127 11.958 11.154 29/10/2052
13.327 13.393 12.767 12.497 12.296 13.290 13.223 12.724 12.526 12.419 13.425 13.275 12.783 12.698 12.494 13.475 13.521 12.836 12.707 12.585 13.426 13.515 13.090 12.882 12.767 13.345 13.488 13.202 13.036 12.641 30/10/2052
13.286 13.092 12.913 12.906 12.636 12.973 12.891 12.833 12.403 12.374 13.063 12.790 12.714 12.680 12.434 13.108 12.829 12.115 12.074 12.040 13.026 12.832 12.626 12.142 11.934 12.925 12.811 12.566 12.442 11.880 31/10/2052
10.585 10.252 10.617 9.534 9.214 10.154 10.026 10.520 9.373 9.181 9.542 9.687 9.891 9.845 9.243 9.899 9.687 9.286 9.227 9.186 9.788 9.664 8.461 9.313 9.214 10.044 10.006 8.931 9.352 9.164 01/11/2052
14.211 14.178 14.275 13.615 13.218 14.118 14.045 14.216 13.252 13.085 13.851 13.662 13.663 13.591 13.109 13.889 13.426 13.311 13.226 13.344 13.131 13.412 12.755 13.340 13.720 13.345 13.417 12.805 13.325 13.621 02/11/2052
15.574 15.725 15.581 15.096 14.651 15.672 15.612 15.526 15.286 14.742 15.623 15.549 15.612 15.460 14.852 15.514 15.077 15.436 15.251 15.237 15.151 15.071 15.183 15.514 15.380 15.087 14.925 15.128 15.442 15.200 03/11/2052
13.336 13.231 12.989 12.551 12.162 13.084 13.002 12.901 13.160 12.313 13.117 13.084 13.261 13.057 12.496 13.058 13.076 13.140 12.899 12.812 12.871 13.042 13.109 13.238 12.990 12.886 13.064 13.331 13.362 12.718 04/11/2052
12.409 12.347 12.255 11.866 11.790 12.276 12.188 12.222 11.786 11.534 12.389 12.414 12.261 12.211 11.558 12.242 12.574 12.038 11.982 11.873 12.200 12.552 12.328 12.069 12.126 12.100 12.497 12.141 11.984 12.077 05/11/2052
10.999 11.152 11.060 10.423 10.265 11.032 10.941 10.956 10.644 10.407 11.125 11.002 10.850 10.835 10.386 11.273 11.445 10.995 10.973 10.998 11.281 11.446 10.928 10.990 11.219 11.257 11.440 10.931 11.056 11.158 06/11/2052
9.020 8.951 8.909 8.408 8.489 8.790 8.635 8.822 8.977 8.872 8.733 8.812 8.804 8.692 8.945 8.979 9.323 8.847 8.717 8.908 8.991 9.315 8.745 8.895 8.839 8.835 9.177 8.582 8.873 8.631 07/11/2052
6.755 6.757 6.662 6.642 7.157 6.684 6.692 6.631 7.050 7.077 6.955 6.686 6.757 6.712 7.157 7.318 7.738 6.830 6.826 6.964 7.331 7.747 6.965 6.890 6.904 7.419 7.669 6.929 6.908 6.822 08/11/2052
7.314 7.433 7.205 7.428 8.184 7.342 7.307 7.189 8.052 8.102 7.627 7.471 7.694 7.660 8.154 7.840 8.458 7.775 7.794 7.699 7.774 8.450 8.046 7.798 7.592 7.782 8.337 7.937 7.768 7.537 09/11/2052
10.253 9.999 9.891 10.573 11.061 9.914 9.878 9.842 10.244 10.293 9.256 9.414 10.010 10.001 10.322 9.326 9.579 9.631 9.636 9.376 9.110 9.586 9.729 9.633 9.050 9.115 9.447 9.585 9.467 9.036 10/11/2052
13.258 13.094 12.954 12.743 12.781 12.946 12.858 12.864 12.439 12.328 12.497 12.582 12.499 12.473 12.381 13.218 12.415 12.247 12.226 11.945 13.391 12.403 12.260 12.256 11.949 13.729 12.552 12.486 12.257 11.876 11/11/2052
14.935 15.147 14.910 14.635 14.204 14.968 14.842 14.823 14.652 14.194 14.625 14.936 14.913 14.791 14.326 15.075 15.090 14.566 14.414 14.252 15.165 15.071 14.792 14.604 14.123 15.225 15.230 15.090 14.902 13.919 12/11/2052
14.854 14.781 14.886 14.493 14.493 14.624 14.531 14.821 14.477 14.355 13.973 13.891 14.133 14.071 14.414 14.496 14.254 13.821 13.768 13.699 14.434 14.232 13.767 13.825 13.469 14.487 14.398 13.923 13.916 13.373 13/11/2052
15.256 14.940 15.004 14.772 14.939 14.757 14.623 14.917 14.863 14.590 14.396 14.332 14.839 14.698 14.694 14.767 14.415 14.238 14.117 13.888 14.505 14.393 14.255 14.292 13.957 14.611 14.776 14.726 14.483 13.770 14/11/2052
14.514 14.460 14.518 14.531 14.826 14.255 14.092 14.422 15.199 14.828 14.144 14.237 15.075 14.911 14.963 14.696 15.123 14.995 14.829 14.881 14.797 15.105 14.790 15.084 14.890 15.245 15.319 15.246 15.148 14.649 15/11/2052
10.233 10.395 10.027 9.920 9.679 10.216 10.120 9.965 10.185 9.897 10.830 10.704 10.260 10.174 9.960 10.685 10.967 10.721 10.661 10.183 10.888 10.963 10.967 10.770 10.216 10.952 11.042 11.075 10.613 10.104 16/11/2052
5.453 5.546 5.538 5.624 5.770 5.537 5.531 5.523 5.990 6.091 5.841 5.674 5.696 5.680 6.123 5.741 5.814 5.857 5.880 5.920 5.730 5.826 5.740 5.863 6.026 5.808 5.751 5.647 5.980 5.960 17/11/2052
6.148 6.110 6.205 6.386 5.810 5.894 5.689 6.069 5.836 5.715 5.841 5.909 5.585 5.631 5.722 5.935 6.000 5.448 5.495 5.711 5.887 6.026 5.276 5.474 5.397 5.853 6.037 5.227 5.337 5.407 18/11/2052
6.304 6.846 7.066 7.577 6.113 6.674 6.514 6.967 6.311 5.974 6.405 6.718 5.971 5.942 6.063 5.630 5.852 5.864 5.856 6.132 5.681 5.850 5.600 5.913 5.981 5.558 5.860 5.659 5.837 5.918 19/11/2052
6.609 7.200 7.528 7.441 6.836 7.138 7.036 7.442 6.969 6.795 6.390 6.976 6.339 6.351 6.771 6.494 6.829 6.075 6.035 6.364 6.391 6.884 5.719 6.093 6.130 6.372 6.688 5.645 5.867 6.081 20/11/2052
7.659 7.913 8.179 8.602 7.745 7.854 7.793 8.128 7.948 7.398 7.132 7.535 7.486 7.438 7.623 7.364 7.657 7.231 7.154 7.312 7.215 7.676 7.047 7.257 7.093 7.316 7.502 6.873 7.142 6.882 21/11/2052
11.386 11.045 11.342 11.147 10.600 10.716 10.425 11.142 11.551 10.156 10.141 10.432 11.133 10.934 10.458 10.394 11.057 10.747 10.483 10.575 10.341 11.012 10.525 10.815 10.506 10.435 10.910 10.532 10.811 10.184 22/11/2052
14.161 13.920 14.555 14.556 13.625 13.749 13.590 14.463 15.185 13.630 12.727 13.418 14.462 14.384 13.722 12.586 12.026 14.096 13.957 14.683 12.594 12.006 13.275 14.135 14.621 12.852 12.121 13.430 14.129 14.425 23/11/2052
11.394 11.431 11.527 10.730 10.442 11.284 11.145 11.458 11.405 10.569 10.724 11.218 11.477 11.390 10.648 10.679 10.584 11.236 11.135 11.154 10.869 10.554 10.877 11.269 11.273 11.272 10.662 11.092 11.530 11.108 24/11/2052
8.404 8.694 8.636 8.194 8.369 8.569 8.458 8.548 8.776 8.487 8.211 8.647 9.071 8.983 8.587 8.264 8.654 8.654 8.568 8.418 8.538 8.615 8.664 8.717 8.733 8.820 8.545 8.658 8.889 8.577 25/11/2052
8.617 9.235 9.326 9.718 9.404 9.164 9.088 9.276 9.838 9.581 9.061 9.350 9.650 9.577 9.683 8.674 8.929 9.536 9.456 9.870 8.745 8.897 9.089 9.599 9.865 8.868 8.897 9.120 9.673 9.777 26/11/2052
11.433 11.699 12.240 11.916 11.779 11.550 11.452 12.147 12.134 11.944 11.452 11.790 12.463 12.370 12.071 11.670 12.316 12.508 12.396 12.283 11.948 12.299 11.907 12.558 12.457 12.342 12.325 12.025 12.576 12.289 27/11/2052
10.385 10.269 10.403 10.639 10.586 10.105 9.988 10.336 11.191 10.911 10.296 10.084 10.435 10.337 11.015 10.679 10.984 10.331 10.249 10.233 11.013 10.951 10.504 10.395 10.779 11.211 11.043 10.741 11.101 10.600 28/11/2052
6.957 7.580 7.171 7.867 8.045 7.461 7.403 7.129 7.615 7.514 8.230 7.487 7.189 7.114 7.557 8.475 8.402 7.209 7.173 6.977 8.380 8.347 7.808 7.253 7.489 8.166 8.626 8.026 8.043 7.415 29/11/2052
5.910 6.190 5.932 5.947 6.157 6.073 6.037 5.883 6.217 6.088 5.860 5.984 6.131 6.097 6.139 5.684 6.226 6.072 6.010 6.167 5.589 6.213 6.268 6.116 6.219 6.059 6.317 6.315 6.424 6.177 30/11/2052
6.148 6.143 6.063 5.350 6.086 6.001 5.895 5.977 6.513 6.144 5.894 6.048 6.627 6.544 6.182 7.311 7.807 6.571 6.476 6.499 7.434 7.764 6.605 6.608 6.739 7.668 7.989 6.805 6.860 6.612 01/12/2052
4.814 4.736 4.840 4.649 5.278 4.639 4.579 4.772 5.409 5.336 4.303 4.685 5.409 5.316 5.389 4.499 4.865 5.499 5.382 5.460 4.667 4.869 5.217 5.543 5.853 4.869 4.954 5.509 5.767 5.635 02/12/2052
8.419 8.455 8.376 8.396 8.233 8.254 8.086 8.265 8.698 8.271 7.993 8.268 8.750 8.645 8.387 8.468 8.905 8.617 8.456 8.666 8.527 8.882 8.457 8.667 8.972 8.740 8.815 8.605 8.791 8.724 03/12/2052
7.832 7.800 7.841 7.973 7.607 7.628 7.464 7.739 8.109 7.681 7.613 7.571 7.996 7.875 7.790 7.796 8.138 7.955 7.823 8.056 7.893 8.102 7.779 8.006 8.147 8.070 8.053 7.834 8.058 7.937 04/12/2052
7.092 6.745 6.658 6.517 6.238 6.511 6.362 6.537 6.585 6.168 6.356 6.431 6.605 6.461 6.304 6.673 6.833 6.638 6.474 6.651 6.719 6.813 6.435 6.707 6.771 6.866 6.827 6.625 6.686 6.534 05/12/2052
6.685 6.924 6.929 6.672 6.831 6.769 6.631 6.826 7.256 6.896 6.926 6.950 7.450 7.368 6.952 7.116 7.254 7.492 7.379 7.264 7.229 7.218 7.515 7.550 7.313 7.322 7.203 7.630 7.486 7.133 06/12/2052
5.595 6.204 6.304 5.898 5.825 6.098 6.023 6.230 6.686 6.397 5.990 6.361 6.532 6.449 6.453 6.259 6.597 6.705 6.618 6.997 6.477 6.571 6.367 6.742 7.264 6.060 6.545 6.431 6.815 7.105 07/12/2052
7.728 7.857 7.709 6.949 6.940 7.706 7.594 7.609 7.465 7.194 7.756 7.705 7.556 7.437 7.308 8.034 7.985 7.580 7.470 7.522 8.210 7.966 7.534 7.631 7.748 8.338 8.093 7.822 7.753 7.590 08/12/2052
8.938 8.904 8.788 8.453 7.969 8.730 8.616 8.695 8.302 8.030 8.505 8.600 8.554 8.446 8.135 8.567 8.642 8.220 8.105 8.238 8.623 8.623 8.204 8.282 8.742 8.801 8.705 8.420 8.704 8.537 09/12/2052
5.519 5.622 5.833 5.726 6.083 5.493 5.362 5.751 6.317 6.039 5.548 5.181 5.766 5.693 6.113 5.752 6.106 5.630 5.549 6.533 5.652 6.090 5.647 5.651 6.465 5.774 6.402 5.978 6.480 6.332 10/12/2052
5.760 5.583 5.652 5.576 5.565 5.426 5.275 5.571 6.088 5.747 4.712 5.410 5.900 5.799 5.814 5.647 6.071 6.021 5.896 6.175 6.049 6.051 5.456 6.070 6.443 6.790 6.441 5.949 6.335 6.270 11/12/2052
8.363 7.864 7.822 7.682 7.301 7.708 7.592 7.706 7.904 7.521 7.984 7.799 7.747 7.663 7.569 8.211 7.862 7.790 7.638 7.764 8.279 7.842 7.773 7.859 7.732 8.218 8.054 8.078 7.950 7.531 12/12/2052
8.592 8.458 7.843 7.420 7.314 8.291 8.134 7.754 7.457 7.181 8.755 8.347 8.050 7.953 7.302 9.080 8.808 7.974 7.857 7.627 9.071 8.786 8.339 8.026 8.215 8.890 8.812 8.472 8.254 8.053 13/12/2052
9.266 9.263 8.772 8.326 7.657 9.125 9.027 8.686 8.432 7.997 9.411 9.256 8.762 8.525 8.113 9.471 9.604 9.164 8.969 9.122 9.568 9.554 8.944 9.244 9.504 9.707 9.804 9.381 9.518 9.612 14/12/2052
11.992 12.055 11.764 12.229 11.537 11.842 11.618 11.602 12.210 11.772 12.244 12.027 12.413 12.267 11.927 12.410 13.331 12.518 12.364 12.323 12.790 13.282 12.722 12.592 12.578 13.027 13.372 12.980 12.726 12.395 15/12/2052
14.098 14.055 13.955 13.874 13.826 13.875 13.706 13.824 14.186 13.865 14.084 14.008 14.262 14.190 13.962 14.311 14.691 14.208 14.116 14.154 14.539 14.664 14.338 14.264 14.324 14.652 14.761 14.466 14.259 14.177 16/12/2052
12.658 12.450 12.510 12.529 12.223 12.373 12.331 12.470 12.127 11.776 12.553 12.341 11.869 11.735 11.896 12.425 12.248 11.651 11.481 11.569 12.622 12.252 11.884 11.728 11.662 12.677 12.120 12.055 11.891 11.412 17/12/2052
10.849 10.723 10.961 11.617 11.109 10.482 10.373 10.822 11.265 10.596 10.982 10.688 11.089 11.027 10.708 10.733 10.934 10.925 10.846 10.786 10.675 10.945 11.043 10.959 10.794 10.650 10.817 10.998 10.971 10.688 18/12/2052
10.176 9.915 9.944 10.336 9.968 9.726 9.633 9.850 10.291 9.735 9.854 9.642 9.860 9.806 9.771 9.813 9.495 9.717 9.617 9.890 9.730 9.478 9.509 9.736 9.909 9.690 9.687 9.777 9.855 9.782 19/12/2052
11.349 11.265 11.469 11.902 12.822 10.922 10.629 11.253 12.413 12.427 10.925 10.912 12.067 12.104 12.323 10.813 10.906 12.026 12.021 12.134 10.807 10.867 11.896 11.995 11.997 11.076 11.245 12.049 11.944 12.030 20/12/2052
12.164 12.128 12.421 12.139 12.122 12.035 11.973 12.344 12.516 12.021 11.928 12.172 12.449 12.420 12.026 11.889 12.418 12.330 12.257 12.205 12.156 12.381 12.347 12.351 12.206 12.540 12.630 12.597 12.383 12.148 21/12/2052
10.060 9.886 9.681 9.250 9.320 9.761 9.643 9.616 9.344 9.271 9.835 9.655 9.511 9.463 9.343 10.350 9.544 9.286 9.263 9.438 10.204 9.525 9.152 9.332 9.456 10.307 9.831 9.527 9.335 9.387 22/12/2052
7.770 7.563 7.415 6.644 6.701 7.375 7.246 7.290 6.488 6.673 7.371 7.305 6.484 6.399 6.746 7.583 7.543 6.362 6.282 5.881 7.446 7.515 6.698 6.412 6.201 7.361 7.691 6.939 6.555 6.036 23/12/2052
9.101 8.749 8.674 8.048 7.980 8.589 8.496 8.565 8.122 7.866 8.285 8.365 8.283 8.176 7.941 8.519 8.420 8.267 8.165 8.158 8.516 8.391 7.999 8.316 8.621 8.702 8.786 8.490 8.796 8.465 24/12/2052
6.094 5.788 5.572 5.647 6.093 5.661 5.579 5.507 6.504 6.325 6.061 5.966 6.411 6.356 6.367 6.442 6.993 7.073 6.994 6.928 6.708 6.981 6.712 7.128 7.197 7.052 7.293 7.278 7.443 7.007 25/12/2052
5.142 4.883 4.671 4.361 4.740 4.778 4.659 4.577 4.519 4.846 4.907 4.822 4.496 4.542 4.750 5.378 5.008 4.989 4.930 4.734 5.539 5.006 4.793 4.957 5.073 5.704 5.078 4.895 5.087 5.040 26/12/2052
3.124 3.111 2.926 2.850 3.827 3.138 3.242 3.018 4.151 3.938 3.169 3.130 4.003 3.959 3.891 4.420 3.665 4.242 4.205 4.063 4.162 3.705 4.063 4.244 4.587 3.975 3.746 4.231 4.452 4.540 27/12/2052
4.197 4.493 4.540 3.817 3.574 4.726 4.962 4.735 3.444 3.577 4.675 4.641 3.067 3.361 3.394 5.005 3.013 3.221 3.594 3.655 4.876 3.041 3.126 3.063 3.360 4.855 3.024 2.737 3.017 3.896 28/12/2052
3.092 3.119 3.433 4.566 3.698 2.891 2.743 3.329 3.426 3.613 2.891 2.952 2.958 2.986 3.552 2.626 3.136 2.945 2.988 3.455 2.214 3.177 2.367 2.933 3.291 1.832 3.176 2.374 2.762 3.414 29/12/2052
3.853 3.996 4.435 5.810 4.954 3.914 3.856 4.416 5.326 5.398 3.415 3.610 4.644 4.677 5.393 5.070 5.015 4.215 4.206 4.978 4.440 5.061 3.557 4.200 4.018 3.781 4.465 3.034 3.543 4.054 30/12/2052
3.166 3.422 3.765 3.267 3.515 3.387 3.360 3.784 3.596 3.520 3.269 3.429 3.284 3.306 3.445 4.960 4.228 3.119 3.144 3.338 4.829 4.253 2.905 3.132 2.899 4.471 3.977 2.688 2.837 2.923 31/12/2052
2.657 2.527 2.868 2.396 2.446 2.447 2.366 2.829 3.722 2.298 2.302 2.379 3.596 3.593 2.341 3.551 3.331 3.534 3.532 3.618 3.598 3.346 3.440 3.545 3.436 3.493 3.357 3.412 3.390 3.426 01/01/2053
4.319 4.369 4.513 3.562 3.312 4.381 4.423 4.514 3.322 3.332 4.259 4.349 3.463 3.365 3.342 4.655 3.816 3.397 3.288 3.207 4.764 3.829 3.400 3.430 3.188 4.828 3.882 3.579 3.358 3.015 02/01/2053
3.310 3.433 3.410 2.974 3.478 3.424 3.410 3.373 4.566 3.432 3.417 3.291 4.609 4.581 3.465 4.723 5.123 4.514 4.451 4.162 4.750 5.119 4.604 4.522 4.227 4.673 5.002 4.561 4.461 4.141 03/01/2053
7.243 6.590 6.614 5.978 5.972 6.383 6.194 6.494 5.806 5.688 6.093 6.174 5.484 5.466 5.703 5.864 6.074 4.995 4.919 5.089 5.425 6.063 5.071 5.031 4.694 5.159 5.699 4.750 4.679 4.595 04/01/2053
10.721 10.608 10.402 9.392 8.714 10.447 10.328 10.281 8.877 8.446 10.232 10.321 9.362 9.289 8.514 10.418 10.313 9.165 9.078 8.641 10.438 10.281 9.313 9.206 8.377 10.512 10.139 9.215 9.041 8.217 05/01/2053
8.199 8.195 7.810 7.078 7.006 8.055 7.911 7.735 7.224 6.937 8.181 8.256 7.716 7.558 7.096 8.625 9.078 7.868 7.651 7.862 8.758 9.015 8.031 7.963 8.000 8.809 9.182 8.317 8.490 7.714 06/01/2053
11.542 11.471 11.062 10.255 9.826 11.280 11.137 10.957 10.782 10.203 10.922 11.133 11.104 11.004 10.292 11.588 12.023 11.089 10.987 10.847 11.788 11.984 11.079 11.145 11.005 11.980 12.072 11.231 11.265 10.834 07/01/2053
12.652 12.770 12.848 12.309 12.194 12.600 12.499 12.763 13.255 12.830 12.614 12.802 13.346 13.320 12.908 12.942 13.590 13.423 13.375 13.443 13.379 13.585 13.301 13.429 13.508 13.540 13.705 13.492 13.522 13.454 08/01/2053
9.923 9.652 9.593 9.417 9.039 9.555 9.480 9.528 9.479 9.277 9.918 9.911 9.698 9.700 9.349 9.871 9.839 9.582 9.593 9.632 10.061 9.828 9.874 9.583 9.688 10.188 9.762 9.805 9.514 9.702 09/01/2053
6.771 6.450 6.454 5.779 5.470 6.346 6.235 6.387 6.005 5.579 6.270 6.346 6.137 6.047 5.592 6.468 6.729 6.065 5.947 6.013 6.671 6.704 6.228 6.132 6.381 7.042 6.797 6.404 6.318 6.216 10/01/2053
7.091 6.843 6.318 6.806 6.881 6.717 6.617 6.250 7.266 6.951 6.864 6.630 6.591 6.508 6.995 7.137 6.588 6.256 6.179 7.050 7.007 6.566 6.335 6.299 7.072 6.737 6.614 6.483 6.715 6.928 11/01/2053
7.298 7.573 7.149 6.366 7.236 7.459 7.397 7.076 7.588 7.408 7.951 7.731 8.004 7.902 7.452 8.217 8.134 8.181 8.045 7.823 8.278 8.126 8.388 8.241 8.068 8.206 8.102 8.458 8.245 7.889 12/01/2053
8.999 9.114 8.842 8.360 8.469 9.063 9.102 8.815 8.632 8.619 9.224 9.262 9.020 9.015 8.605 9.461 9.262 8.958 9.004 8.706 9.581 9.275 9.249 8.964 8.842 9.748 9.254 9.194 8.948 8.866 13/01/2053
9.364 9.364 8.817 8.183 8.212 9.296 9.249 8.746 8.410 8.191 9.427 9.221 8.798 8.804 8.223 9.623 9.234 8.798 8.827 8.025 9.587 9.234 9.165 8.814 8.048 9.676 9.143 9.120 8.759 8.098 14/01/2053
8.743 8.577 8.562 7.867 8.166 8.366 8.260 8.502 8.608 8.386 8.336 8.466 8.992 8.870 8.472 8.759 8.855 8.968 8.827 8.766 8.822 8.830 8.816 9.029 8.860 8.841 8.890 8.960 9.242 8.655 15/01/2053
6.574 6.683 6.383 5.362 4.139 6.475 6.316 6.268 4.624 4.507 6.937 6.878 4.741 4.688 4.500 7.457 7.414 5.367 5.315 5.659 7.681 7.374 5.458 5.417 5.826 7.648 7.574 5.785 5.784 5.771 16/01/2053
4.306 4.296 3.580 4.119 3.963 3.190 3.141 3.478 4.163 4.105 4.242 3.344 4.078 4.023 4.122 4.522 4.099 4.426 4.350 4.710 4.645 4.095 4.340 4.426 4.855 4.637 4.006 4.370 4.461 4.846 17/01/2053
3.172 2.992 3.180 3.211 3.166 2.653 2.542 3.097 3.731 3.346 3.062 2.748 3.693 3.544 3.481 3.217 3.347 3.683 3.513 3.819 3.378 3.346 3.384 3.731 4.037 3.477 3.340 3.573 3.980 3.848 18/01/2053
2.656 2.429 2.376 2.424 2.339 2.239 2.071 2.275 2.616 2.252 2.254 2.272 2.620 2.521 2.387 2.258 2.613 2.511 2.415 2.516 2.653 2.604 2.734 2.560 2.809 2.840 2.765 2.933 2.765 2.635 19/01/2053
1.238 0.985 0.868 1.068 1.575 0.785 0.527 0.721 1.714 1.647 0.939 0.879 1.953 1.894 1.842 0.914 1.275 1.858 1.751 1.747 1.235 1.244 2.056 1.901 1.908 1.411 1.435 2.222 2.039 1.800 20/01/2053
1.442 1.476 1.221 0.510 0.845 1.315 1.158 1.144 1.178 0.953 1.311 1.313 1.372 1.312 1.076 1.918 2.118 1.272 1.145 1.161 1.924 2.086 1.675 1.314 1.432 2.018 2.120 1.805 1.466 1.272 21/01/2053
-0.973 -1.032 -1.051 -1.247 -1.717 -1.126 -1.357 -1.115 -1.565 -2.058 -1.165 -1.079 -1.406 -1.525 -1.976 -1.556 -1.224 -1.392 -1.528 -1.599 -1.411 -1.256 -1.450 -1.351 -1.453 -1.081 -1.115 -1.156 -1.389 -1.601 22/01/2053
-2.766 -2.671 -2.026 -1.556 -1.260 -2.769 -3.012 -2.051 -0.888 -1.577 -3.187 -2.586 -1.237 -1.388 -1.501 -1.807 -1.119 -1.265 -1.449 -1.252 -1.709 -1.128 -1.687 -1.180 -1.317 -1.639 -1.339 -1.528 -1.423 -1.612 23/01/2053
-0.042 0.097 0.437 0.381 0.515 -0.060 -0.173 0.342 0.805 0.505 -0.315 -0.012 0.656 0.518 0.611 0.042 0.540 0.458 0.305 0.473 0.141 0.532 0.045 0.522 0.395 0.283 0.618 0.277 0.434 0.205 24/01/2053
4.365 4.495 4.918 4.913 5.841 4.465 4.422 4.877 5.982 5.494 4.354 4.546 5.872 5.838 5.540 5.084 5.389 5.620 5.537 5.871 5.248 5.424 5.241 5.648 5.552 4.800 5.292 5.282 5.540 5.434 25/01/2053
5.930 6.147 6.204 6.064 5.242 6.153 6.075 6.170 5.009 4.962 5.918 6.191 5.029 4.985 4.988 4.980 5.293 4.866 4.821 4.763 5.210 5.319 4.848 4.873 4.516 5.102 5.381 5.021 4.844 4.423 26/01/2053
2.352 2.476 2.322 2.426 2.739 2.337 2.180 2.178 2.677 2.610 1.914 2.223 2.688 2.478 2.478 3.320 3.549 2.356 2.125 2.347 3.028 3.588 2.199 2.417 2.336 2.911 3.479 2.544 2.499 2.047 27/01/2053
2.098 2.485 2.575 2.828 1.576 2.195 1.923 2.382 2.524 1.854 2.186 2.590 2.548 2.286 1.971 2.546 2.716 2.332 2.039 2.247 2.622 2.747 2.158 2.446 2.439 2.810 2.609 2.609 2.634 1.999 28/01/2053
3.414 3.403 3.423 3.692 2.824 3.113 2.834 3.238 3.291 2.746 3.327 3.410 3.389 3.160 2.827 4.766 4.978 3.289 2.991 2.935 4.748 4.958 3.180 3.404 3.159 4.792 4.896 3.424 3.306 2.779 29/01/2053
8.355 8.273 8.333 7.080 5.799 8.185 8.082 8.269 6.552 5.587 7.931 8.169 6.769 6.384 5.617 8.243 7.887 6.462 5.978 6.009 8.277 7.876 6.216 6.647 6.261 8.178 7.873 6.914 6.773 5.509 30/01/2053
9.948 9.913 9.776 8.566 7.886 9.880 9.835 9.740 7.900 7.870 9.816 9.840 8.177 8.158 7.802 9.965 9.605 8.127 8.088 7.933 9.913 9.603 8.021 8.154 7.861 9.724 9.569 7.951 7.992 7.828 31/01/2053
6.338 6.191 5.955 5.498 5.300 6.037 5.905 5.874 5.554 5.360 5.783 6.016 5.642 5.568 5.422 5.930 6.142 5.577 5.460 5.441 5.636 6.121 5.631 5.621 5.483 5.319 5.480 5.062 5.730 5.333 01/02/2053
9.211 9.049 9.238 8.894 8.759 8.836 8.665 9.121 9.430 8.990 8.512 8.927 9.361 9.222 9.131 8.941 9.477 9.303 9.106 9.392 9.123 9.438 8.954 9.378 9.517 9.292 9.231 8.837 9.424 9.260 02/02/2053
10.710 10.583 10.503 10.174 9.796 10.387 10.213 10.366 10.233 9.765 10.649 10.519 10.338 10.231 9.862 10.854 11.118 10.368 10.220 10.162 11.008 11.090 10.523 10.421 10.354 11.178 11.244 10.811 10.551 10.143 03/02/2053
11.849 11.741 11.699 11.236 11.351 11.551 11.441 11.572 11.492 11.225 11.660 11.609 11.597 11.473 11.288 12.111 12.027 11.562 11.400 11.298 12.188 12.005 11.773 11.603 11.462 12.338 12.157 11.976 11.762 11.279 04/02/2053
10.892 10.637 10.460 10.203 10.082 10.463 10.343 10.328 10.590 10.224 10.450 10.563 10.650 10.464 10.321 10.667 10.764 10.764 10.565 10.550 10.763 10.714 10.675 10.843 10.685 11.216 11.021 11.097 10.924 10.418 05/02/2053
10.452 10.328 10.261 10.220 9.869 10.155 9.999 10.150 10.216 9.789 10.462 10.446 10.297 10.093 9.841 10.792 10.744 10.509 10.267 10.234 11.104 10.704 10.469 10.612 10.792 11.633 11.127 11.093 11.020 10.439 06/02/2053
11.669 11.373 11.427 11.391 11.173 11.164 10.990 11.294 11.593 11.074 11.297 11.256 11.439 11.290 11.251 11.681 11.660 11.253 11.054 11.152 11.429 11.611 11.408 11.360 11.389 11.725 11.414 11.280 11.494 11.006 07/02/2053
7.037 7.009 6.847 6.584 6.043 6.839 6.692 6.761 6.856 6.226 6.881 6.885 7.070 6.889 6.355 7.487 7.276 7.010 6.770 6.770 7.525 7.269 6.845 7.098 7.037 7.604 7.247 7.154 7.207 6.744 08/02/2053
1.583 1.385 1.081 0.678 0.383 1.219 1.070 0.993 0.709 0.459 1.329 1.146 0.906 0.786 0.608 1.602 1.239 0.921 0.765 0.768 1.770 1.230 0.958 0.982 0.969 1.860 1.381 1.234 1.110 0.759 09/02/2053
2.570 2.388 2.074 0.998 1.272 2.300 2.219 1.994 1.695 1.383 2.293 2.114 2.174 2.071 1.435 2.632 2.576 2.141 2.019 1.712 2.909 2.557 2.366 2.197 2.087 3.185 2.688 2.640 2.403 1.878 10/02/2053
3.141 3.141 3.182 2.289 2.473 3.000 2.894 3.102 2.909 2.559 2.919 3.040 3.381 3.275 2.657 3.229 3.651 3.336 3.219 2.844 3.633 3.625 3.449 3.373 3.140 4.215 3.954 3.841 3.621 2.956 11/02/2053
6.366 6.412 6.218 5.460 5.375 6.269 6.119 6.117 5.760 5.343 6.497 6.446 6.315 6.167 5.450 6.870 7.097 6.381 6.199 5.718 7.043 7.071 6.612 6.444 5.957 7.119 6.996 6.694 6.400 5.765 12/02/2053
7.535 7.540 7.266 7.011 6.932 7.345 7.182 7.159 7.447 7.176 6.945 6.959 7.066 6.932 7.269 7.314 7.543 7.376 7.218 7.382 7.407 7.510 6.938 7.445 7.372 7.352 7.550 7.142 7.201 7.138 13/02/2053
6.638 6.774 6.848 7.093 6.716 6.579 6.444 6.737 7.100 6.922 6.137 6.512 6.990 6.886 6.992 7.205 7.189 7.239 7.122 7.521 7.626 7.209 6.640 7.277 7.082 7.817 7.108 6.764 7.131 6.935 14/02/2053
9.666 10.104 10.050 9.791 9.524 9.949 9.826 9.954 9.060 8.895 9.638 9.851 8.649 8.602 8.960 9.549 8.681 8.554 8.524 8.454 9.547 8.716 8.296 8.579 8.246 9.660 8.529 8.236 8.263 8.145 15/02/2053
10.577 10.784 10.929 11.119 10.263 10.618 10.486 10.825 10.632 9.862 11.090 10.888 10.333 10.209 10.014 11.378 11.332 10.520 10.414 10.654 11.607 11.315 10.460 10.577 10.934 11.828 11.515 10.788 10.826 10.753 16/02/2053
9.967 9.876 10.107 10.261 10.493 9.701 9.545 9.992 10.552 10.332 9.100 9.314 10.345 10.299 10.352 9.309 9.625 10.061 9.998 10.448 9.393 9.623 9.356 10.086 10.099 9.486 9.580 9.321 9.698 10.002 17/02/2053
11.117 10.993 10.997 11.306 11.141 10.906 10.840 10.933 11.468 11.054 10.683 10.747 11.585 11.498 11.144 10.913 11.073 11.424 11.296 11.306 10.974 11.071 11.343 11.483 11.282 11.104 11.028 11.523 11.467 11.093 18/02/2053
12.662 12.422 12.541 12.228 12.336 12.289 12.174 12.466 12.628 12.170 11.915 12.134 12.426 12.376 12.252 11.820 12.353 12.087 11.969 12.277 11.758 12.323 11.854 12.130 12.031 11.716 12.142 11.778 12.022 11.857 19/02/2053
12.471 12.470 13.054 13.164 13.029 12.353 12.315 12.973 13.792 13.186 12.026 12.380 13.322 13.291 13.234 12.091 13.223 13.599 13.583 13.853 12.558 13.209 12.984 13.594 13.952 13.542 13.790 13.539 13.775 13.971 20/02/2053
12.911 12.908 13.079 12.744 12.726 12.769 12.674 12.965 12.844 12.305 12.447 12.876 13.091 13.067 12.390 12.739 13.560 13.169 13.166 13.161 13.269 13.562 13.128 13.176 13.173 13.820 13.639 13.212 13.172 13.159 21/02/2053
12.513 12.784 13.008 12.653 12.929 12.664 12.608 12.953 13.047 12.777 12.392 12.539 13.161 13.136 12.799 13.011 13.290 12.891 12.922 12.950 12.972 13.271 12.825 12.905 12.849 13.175 13.317 12.816 13.003 12.849 22/02/2053
12.640 12.609 12.686 12.688 12.585 12.491 12.427 12.613 12.795 12.480 12.166 12.422 12.741 12.673 12.547 12.732 13.130 12.549 12.515 12.674 12.694 13.123 12.422 12.590 12.578 12.739 13.100 12.441 12.614 12.487 23/02/2053
9.975 9.798 9.624 9.577 9.110 9.527 9.342 9.452 9.967 9.491 10.010 9.926 9.913 9.826 9.651 9.948 9.775 10.154 9.986 9.590 9.970 9.738 9.899 10.211 9.957 9.926 9.623 9.875 10.079 9.735 24/02/2053
10.713 10.533 10.558 10.205 9.718 10.368 10.266 10.448 9.583 9.639 10.395 10.431 9.653 9.543 9.712 10.294 9.906 9.749 9.618 9.282 10.344 9.894 9.658 9.812 9.386 10.279 9.697 9.638 9.665 9.194 25/02/2053
10.191 10.175 10.331 10.228 10.248 10.011 9.870 10.204 10.053 9.853 10.134 10.201 10.410 10.308 9.918 10.150 10.240 10.066 9.968 9.678 10.250 10.213 10.307 10.133 9.482 10.053 9.990 10.115 9.693 9.277 26/02/2053
10.914 10.596 10.676 10.128 10.470 10.497 10.391 10.605 10.787 10.555 10.570 10.730 10.828 10.781 10.618 10.149 10.808 10.924 10.889 10.818 10.742 10.794 10.980 10.958 10.811 10.867 10.897 11.053 11.026 10.747 27/02/2053
8.786 8.111 8.149 7.574 8.028 7.955 7.815 8.046 8.746 8.555 8.681 8.704 8.577 8.488 8.645 8.972 9.562 9.085 8.969 9.221 9.319 9.545 9.141 9.117 9.381 9.555 9.486 9.084 9.460 9.216 28/02/2053
11.963 12.067 11.543 10.833 10.786 11.842 11.681 11.412 11.587 11.167 12.989 12.594 12.227 12.094 11.314 13.080 13.560 12.934 12.735 12.034 13.721 13.538 13.422 13.001 12.963 14.293 13.926 13.894 13.662 12.720 01/03/2053
13.158 13.226 13.240 13.016 13.207 13.101 13.046 13.194 13.652 13.456 13.812 13.210 13.396 13.317 13.571 14.103 14.947 14.359 14.259 14.056 14.720 14.943 14.630 14.399 14.269 15.391 15.439 15.311 14.995 14.114 02/03/2053
13.113 12.671 12.885 12.734 12.631 12.578 12.471 12.821 12.630 12.355 12.568 12.173 12.330 12.266 12.494 12.977 13.048 12.567 12.461 12.719 12.929 13.023 12.588 12.626 12.827 13.361 13.232 12.907 12.905 12.637 03/03/2053
11.980 11.939 11.941 11.248 11.260 11.801 11.669 11.864 11.396 11.311 11.919 11.622 11.806 11.733 11.375 12.447 12.685 11.880 11.794 11.518 12.528 12.644 11.999 11.925 11.695 12.757 12.840 12.241 12.036 11.555 04/03/2053
10.561 10.693 10.570 10.205 10.351 10.615 10.556 10.520 10.659 10.611 10.831 10.684 10.761 10.678 10.660 11.299 11.463 10.673 10.604 10.464 11.441 11.434 10.911 10.716 10.593 11.774 11.462 11.000 10.758 10.485 05/03/2053
9.832 9.912 10.075 9.999 9.731 9.809 9.762 10.006 9.925 9.804 9.707 9.850 10.203 10.185 9.810 9.870 10.194 10.137 10.134 10.066 10.041 10.207 9.699 10.150 9.943 10.263 10.376 9.882 10.173 9.941 06/03/2053
11.301 11.222 11.076 10.189 10.273 11.069 10.997 10.989 10.186 10.124 11.084 10.997 10.197 10.116 10.163 11.272 11.306 10.136 10.038 10.233 10.983 11.263 9.865 10.144 10.230 11.125 11.400 10.033 10.165 10.138 07/03/2053
11.063 11.273 10.876 9.751 9.878 11.100 10.927 10.787 10.484 10.169 10.948 10.689 10.759 10.623 10.262 11.251 10.912 10.680 10.516 10.455 10.886 10.863 10.307 10.757 10.684 11.133 11.165 10.784 10.933 10.455 08/03/2053
14.064 13.914 13.755 12.507 12.722 13.829 13.764 13.703 13.518 12.883 13.809 13.636 13.746 13.676 12.954 14.502 14.014 13.449 13.394 13.388 14.419 13.999 13.427 13.499 13.354 14.472 14.205 13.736 13.622 13.250 09/03/2053
12.926 11.477 12.743 12.154 10.955 11.341 11.210 12.606 11.391 11.115 10.994 11.141 11.353 11.280 11.233 11.295 11.462 11.389 11.259 11.373 11.372 11.435 11.096 11.434 11.475 11.765 11.584 11.393 11.431 11.221 10/03/2053
11.293 10.921 11.376 11.047 11.077 10.787 10.681 11.268 11.391 11.120 10.771 10.841 11.259 11.128 11.259 11.161 11.562 11.377 11.198 11.294 11.413 11.542 11.115 11.432 11.445 11.820 11.905 11.681 11.579 11.232 11/03/2053
12.450 12.871 12.849 12.509 12.751 12.710 12.618 12.743 13.448 13.279 13.156 13.126 13.459 13.382 13.365 13.417 13.981 13.594 13.487 13.532 13.562 13.970 13.420 13.648 13.255 13.586 13.735 13.425 13.427 13.083 12/03/2053
13.497 13.751 13.824 12.914 13.024 13.566 13.406 13.714 14.027 13.389 14.009 13.896 14.340 14.204 13.541 13.935 14.037 14.438 14.251 13.964 13.798 14.012 14.135 14.515 13.976 13.849 14.113 14.336 14.304 13.741 13/03/2053
12.972 13.249 13.015 12.570 12.517 13.080 12.910 12.882 12.554 12.479 13.472 13.356 12.653 12.604 12.582 13.666 13.702 12.828 12.764 12.858 13.477 13.710 12.877 12.861 12.642 13.681 13.660 12.988 12.768 12.595 14/03/2053
8.012 7.978 7.855 7.487 7.330 7.804 7.625 7.715 7.792 7.574 8.478 8.292 7.795 7.703 7.698 8.726 9.041 7.914 7.770 7.887 9.270 9.008 8.399 7.972 8.586 9.657 9.533 8.993 8.676 8.489 15/03/2053
5.863 5.762 5.670 4.869 5.232 5.566 5.382 5.541 6.128 5.702 5.599 5.781 6.338 6.179 5.838 5.980 6.669 6.311 6.112 6.180 6.210 6.648 6.366 6.369 6.721 6.697 7.018 6.817 6.875 6.473 16/03/2053
4.796 4.472 4.458 3.808 4.441 4.296 4.096 4.318 4.735 4.691 4.393 4.491 4.780 4.660 4.793 4.863 5.492 5.017 4.840 4.705 5.012 5.455 4.921 5.061 5.294 5.303 5.755 5.215 5.374 5.080 17/03/2053
5.502 5.475 5.423 4.628 5.096 5.360 5.219 5.346 5.828 5.457 5.252 5.458 6.052 5.874 5.621 5.956 6.211 6.049 5.831 5.704 6.116 6.183 5.850 6.132 6.243 6.548 6.417 6.322 6.488 5.952 18/03/2053
5.936 6.340 6.227 6.038 5.834 6.197 6.061 6.142 6.643 6.491 6.488 6.814 6.609 6.515 6.580 6.550 6.713 6.843 6.687 6.803 7.017 6.683 6.743 6.904 7.106 7.503 6.925 7.098 7.149 6.909 19/03/2053
6.089 6.405 6.541 5.840 5.939 6.244 6.158 6.426 6.736 6.591 6.655 6.770 6.749 6.646 6.750 6.533 7.087 7.154 6.950 6.822 7.072 7.035 6.917 7.200 7.237 7.518 7.494 7.562 7.429 6.999 20/03/2053
4.807 4.874 4.974 4.917 4.916 4.704 4.554 4.827 5.876 5.092 4.704 4.839 5.943 5.787 5.259 5.800 6.739 6.010 5.798 5.806 6.079 6.683 5.906 6.093 6.097 6.160 6.876 6.307 6.297 5.804 21/03/2053
5.934 5.742 5.794 5.218 5.680 5.580 5.510 5.694 5.469 5.442 5.341 5.509 5.667 5.629 5.495 5.661 6.003 5.493 5.445 5.244 5.740 5.997 5.404 5.519 5.395 5.322 5.756 5.253 5.281 5.328 22/03/2053
7.418 7.332 7.388 6.725 7.029 7.116 6.970 7.273 7.405 7.260 7.003 7.119 7.445 7.347 7.340 7.508 7.885 7.488 7.369 7.420 7.649 7.866 7.276 7.522 8.016 7.667 8.016 7.552 7.736 7.924 23/03/2053
10.793 10.292 10.067 9.522 9.407 10.109 9.970 9.976 9.375 9.219 9.877 9.893 9.958 9.868 9.343 10.051 9.921 9.859 9.725 9.230 9.953 9.892 9.775 9.910 9.230 9.954 9.950 9.963 9.862 9.056 24/03/2053
8.241 8.221 8.246 7.442 7.646 8.060 7.895 8.154 8.039 8.044 7.972 8.264 8.082 7.958 8.138 7.677 8.451 8.093 8.022 8.332 8.155 8.406 7.928 8.156 8.398 8.658 8.629 8.194 8.482 8.223 25/03/2053
12.077 12.024 12.131 11.638 11.101 11.857 11.723 12.041 11.996 11.470 11.560 11.893 11.978 11.764 11.687 11.686 12.213 11.763 11.535 11.842 11.981 12.111 11.310 11.872 12.201 12.222 12.679 11.838 12.280 11.835 26/03/2053
9.306 9.363 9.492 9.591 9.577 9.261 9.145 9.448 9.695 9.333 9.106 9.138 9.852 9.736 9.450 9.200 9.331 9.391 9.290 9.101 9.164 9.312 9.324 9.441 9.368 9.187 9.380 9.485 9.379 9.192 27/03/2053
9.763 9.509 9.301 8.902 8.783 9.294 9.118 9.119 8.293 8.596 8.957 9.063 8.514 8.385 8.692 8.677 8.575 8.299 8.156 8.344 8.538 8.526 8.408 8.358 8.609 8.678 8.718 8.714 8.595 8.382 28/03/2053
8.920 8.981 8.524 8.220 8.294 8.768 8.599 8.409 8.243 8.166 9.075 8.914 9.002 8.851 8.256 9.201 9.081 8.487 8.391 8.209 8.825 9.043 8.636 8.563 8.291 8.729 8.794 8.501 8.384 8.093 29/03/2053
8.391 8.252 8.199 8.067 8.037 8.062 7.918 8.082 8.051 7.999 7.776 7.969 8.235 8.107 8.055 7.995 8.193 7.961 7.857 7.818 7.920 8.173 7.848 8.012 7.950 7.910 8.180 7.982 8.057 7.794 30/03/2053
9.908 10.041 9.762 10.115 10.637 9.921 9.795 9.615 10.831 10.790 9.878 9.950 10.880 10.772 10.914 10.045 10.294 10.682 10.569 10.588 9.908 10.283 10.554 10.718 10.736 10.044 10.432 10.698 10.784 10.568 31/03/2053
13.885 13.856 13.841 13.577 13.824 13.876 13.903 13.844 14.078 13.958 13.602 13.739 13.747 13.625 14.065 13.744 13.839 13.538 13.442 13.481 13.574 13.838 13.531 13.603 13.365 13.275 13.453 13.425 13.462 13.206 01/04/2053
12.578 13.054 13.081 12.440 12.681 12.949 12.874 13.014 13.513 13.126 12.536 13.247 13.723 13.607 13.212 12.575 13.217 13.905 13.798 13.580 12.724 13.192 13.424 13.945 14.183 12.822 13.360 13.669 14.098 13.952 02/04/2053
11.678 11.420 11.689 11.118 12.144 11.225 11.053 11.592 11.834 12.405 11.576 11.487 11.969 11.801 12.489 12.172 12.307 12.048 11.842 11.944 12.461 12.281 11.780 12.100 12.190 12.487 12.615 12.253 12.306 11.973 03/04/2053
12.906 12.694 12.477 12.137 12.764 12.495 12.340 12.364 12.692 12.788 12.646 12.625 12.672 12.605 12.812 13.111 13.238 12.761 12.683 12.814 13.396 13.210 12.666 12.776 12.790 13.627 13.447 12.881 12.893 12.657 04/04/2053
15.862 15.888 15.830 15.301 14.740 15.710 15.555 15.726 14.848 14.524 15.372 15.308 14.944 14.854 14.609 15.386 15.126 14.902 14.781 14.886 15.103 15.114 14.629 14.934 14.870 15.225 15.186 14.790 14.900 14.717 05/04/2053
14.482 14.106 13.885 13.580 13.397 13.907 13.723 13.751 13.533 13.544 13.574 13.658 13.768 13.645 13.618 13.779 14.298 14.018 13.869 14.005 14.405 14.279 13.830 14.058 14.195 14.779 14.607 14.138 14.511 14.033 06/04/2053
13.584 13.350 12.801 12.295 12.247 13.167 13.032 12.691 12.883 12.590 12.854 12.944 12.763 12.642 12.726 12.998 13.486 13.031 12.848 12.982 13.470 13.462 13.069 13.106 13.136 13.707 13.017 12.742 13.445 12.901 07/04/2053
13.150 13.203 12.994 11.879 11.736 13.010 12.861 12.882 12.453 11.983 12.889 12.990 12.763 12.602 12.140 12.299 12.578 12.812 12.640 12.676 12.465 12.550 12.657 12.896 12.664 12.440 12.262 12.662 12.854 12.427 08/04/2053
13.182 13.063 12.751 12.153 12.077 12.818 12.671 12.593 12.565 12.258 13.379 13.066 12.981 12.806 12.368 13.355 13.925 13.598 13.459 13.079 14.071 13.892 13.710 13.667 14.338 14.496 14.391 14.444 14.553 14.107 09/04/2053
14.654 14.442 14.305 14.312 14.281 14.200 14.016 14.167 14.657 14.210 13.934 14.098 14.939 14.592 14.470 14.485 15.233 14.984 14.623 14.371 14.850 15.125 14.593 15.162 15.179 15.571 15.757 15.575 15.625 14.613 10/04/2053
15.030 14.879 14.810 14.597 15.207 14.781 14.731 14.769 14.937 15.261 14.704 14.971 15.090 15.021 15.338 14.949 15.322 14.923 14.897 14.672 15.041 15.315 15.091 14.951 14.808 15.546 15.373 15.202 15.034 14.727 11/04/2053
14.483 15.150 15.093 14.123 15.345 15.403 15.629 15.271 14.689 15.574 15.256 15.293 14.701 14.712 15.799 14.981 15.241 14.845 14.904 14.918 14.434 15.347 14.752 14.827 15.016 14.524 15.069 14.755 14.954 15.113 12/04/2053
11.636 11.669 11.319 11.238 10.944 11.610 11.599 11.315 11.416 10.930 11.565 11.512 11.405 11.384 10.969 11.637 11.892 11.479 11.460 11.492 11.655 11.888 11.509 11.483 11.644 11.977 11.941 11.541 11.523 11.619 13/04/2053
14.102 14.067 14.009 12.493 13.893 13.941 13.866 13.925 13.878 14.025 13.811 13.864 13.859 13.753 14.095 13.534 13.608 13.690 13.563 13.704 13.422 13.571 13.616 13.729 13.744 13.606 13.648 13.653 13.612 13.573 14/04/2053
11.731 11.654 11.536 11.020 11.227 11.426 11.256 11.405 11.523 11.596 11.288 11.451 11.525 11.396 11.718 11.367 11.612 11.629 11.479 11.589 11.548 11.570 11.400 11.707 11.911 12.128 11.946 11.896 11.828 11.677 15/04/2053
15.767 15.752 15.507 15.134 15.263 15.560 15.352 15.389 15.374 15.426 15.592 15.571 15.588 15.579 15.537 15.646 15.551 15.792 15.730 15.603 16.103 15.516 15.717 15.801 15.898 16.504 15.821 15.992 15.967 15.822 16/04/2053
12.486 12.540 13.641 14.469 15.084 12.412 12.267 13.538 15.201 14.976 12.120 12.798 14.364 14.244 15.079 11.892 12.751 14.108 13.981 14.969 12.615 12.728 13.185 14.160 14.996 12.896 12.696 13.315 13.982 14.798 17/04/2053
10.760 10.891 11.227 11.602 11.496 10.724 10.532 11.111 11.953 11.794 10.702 10.994 11.651 11.541 11.898 10.689 11.395 11.800 11.652 11.930 11.055 11.347 11.174 11.870 12.107 11.455 11.605 11.625 11.906 11.932 18/04/2053
11.339 11.217 11.305 11.361 11.240 11.041 10.921 11.218 11.685 11.525 11.069 11.094 11.627 11.541 11.627 11.154 12.296 11.523 11.432 11.651 11.214 12.267 11.257 11.560 11.643 11.471 12.423 11.550 11.650 11.511 19/04/2053
13.556 13.662 13.789 12.489 12.778 13.537 13.433 13.719 12.349 12.996 13.516 13.798 12.322 12.269 12.983 13.021 13.228 12.375 12.301 12.468 13.347 13.212 12.223 12.396 12.666 13.687 13.358 12.512 12.574 12.598 20/04/2053
17.234 17.481 17.640 17.308 16.994 17.369 17.283 17.570 17.620 17.219 17.205 17.428 17.515 17.383 17.401 17.010 18.457 17.402 17.231 17.358 17.230 18.408 17.299 17.490 17.507 17.526 18.642 17.699 17.586 17.298 21/04/2053
18.161 18.594 18.868 18.516 18.910 18.446 18.287 18.756 19.462 19.177 18.726 18.885 19.367 19.224 19.309 19.141 19.735 19.442 19.317 19.023 19.390 19.734 19.420 19.510 19.431 19.772 19.967 19.853 19.707 19.140 22/04/2053
19.226 19.294 19.586 18.572 18.778 19.018 18.777 19.461 19.685 18.957 19.168 19.186 19.141 19.061 19.063 18.767 19.184 18.979 18.869 19.053 18.775 19.188 18.862 19.028 19.277 18.938 19.291 19.143 19.256 19.145 23/04/2053
16.912 17.095 17.359 16.394 16.405 17.046 17.005 17.300 17.359 17.079 17.044 17.199 17.067 16.997 17.136 17.719 18.144 16.946 16.829 17.098 17.812 18.138 16.812 16.982 17.599 17.998 18.391 17.113 17.334 17.450 24/04/2053
14.053 13.677 14.257 13.897 14.022 13.484 13.386 14.143 14.305 14.161 14.082 14.032 14.281 14.191 14.211 14.604 14.779 14.177 14.055 14.298 14.666 14.761 14.062 14.214 14.409 14.883 14.918 14.269 14.219 13.943 25/04/2053
13.328 13.211 13.568 13.292 13.618 13.096 13.000 13.477 14.241 13.938 13.409 13.413 14.161 14.055 14.022 13.781 14.078 13.955 13.812 14.019 13.843 14.034 13.871 13.999 14.441 14.139 14.356 14.259 14.373 14.192 26/04/2053
12.239 12.173 12.104 11.643 11.808 12.007 11.879 12.011 12.162 11.892 11.701 12.065 12.357 12.239 11.981 12.443 12.538 12.331 12.191 12.121 12.466 12.522 12.285 12.398 12.403 12.750 12.739 12.622 12.546 12.198 27/04/2053
18.168 18.238 18.067 16.597 17.035 18.001 17.772 17.936 16.826 16.762 17.848 17.971 17.002 16.990 16.688 16.510 17.096 17.016 17.027 16.837 16.657 17.022 16.956 17.020 16.929 17.189 17.414 17.172 17.076 16.947 28/04/2053
14.483 14.641 14.303 13.876 13.610 14.429 14.311 14.185 14.520 13.719 14.394 13.993 14.530 14.468 13.858 14.983 14.877 14.538 14.479 14.310 14.625 14.842 14.556 14.571 14.610 14.892 14.869 14.709 14.571 14.433 29/04/2053
19.939 20.088 20.069 19.746 19.299 19.906 19.771 19.953 20.321 19.574 19.512 19.826 20.164 20.043 19.781 19.831 20.452 20.340 20.216 20.235 20.239 20.423 19.897 20.420 20.766 20.563 20.959 20.538 20.647 20.557 30/04/2053
12.082 11.934 11.559 11.026 11.196 11.752 11.624 11.492 11.821 11.441 11.666 11.653 11.915 11.763 11.554 11.824 12.027 11.944 11.756 11.907 12.133 11.995 11.860 12.014 12.333 12.300 12.189 12.186 12.151 12.116 01/05/2053
9.934 9.822 9.877 9.794 9.527 9.679 9.517 9.762 10.254 9.546 9.201 9.508 9.956 9.805 9.673 9.307 9.740 9.287 9.123 9.564 9.522 9.715 9.530 9.355 9.675 9.585 9.353 9.041 9.351 9.427 02/05/2053
12.226 11.906 11.862 11.287 11.222 11.718 11.538 11.740 11.444 10.918 11.213 11.453 11.955 11.791 11.053 11.471 11.526 11.167 11.034 10.942 11.332 11.488 11.152 11.221 10.373 11.245 11.167 10.848 10.718 10.132 03/05/2053
11.996 11.407 11.699 11.524 11.660 11.214 11.032 11.584 11.578 11.332 11.226 11.478 11.845 11.719 11.398 11.606 11.978 11.421 11.271 11.275 11.858 11.951 11.612 11.504 11.335 12.194 11.767 11.513 11.285 11.099 04/05/2053
9.687 9.335 9.453 9.625 9.702 9.171 9.015 9.317 9.829 9.664 9.088 9.170 9.643 9.502 9.778 9.820 10.072 9.290 9.149 9.561 10.011 10.054 9.458 9.372 9.750 10.175 10.074 9.633 9.331 9.520 05/05/2053
12.500 12.160 11.919 11.381 11.921 11.983 11.813 11.785 11.821 11.637 11.814 11.709 11.914 11.747 11.715 11.877 11.896 11.789 11.645 11.653 11.867 11.882 11.663 11.853 12.091 11.877 11.776 11.719 11.998 11.874 06/05/2053
13.318 13.446 13.450 13.485 13.900 13.326 13.191 13.395 14.231 13.923 13.476 13.492 14.244 14.086 14.043 13.919 14.113 14.277 14.097 14.251 14.052 14.129 14.141 14.356 14.441 14.016 14.141 14.317 14.315 14.202 07/05/2053
16.846 16.888 16.785 15.625 16.312 16.705 16.561 16.667 16.548 16.209 16.853 16.866 16.981 16.828 16.400 17.062 17.069 16.600 16.468 16.215 17.265 17.029 16.984 16.678 16.031 17.300 16.742 16.960 16.286 15.710 08/05/2053
12.054 12.136 12.389 12.029 12.147 12.068 11.868 12.298 12.867 12.600 11.934 12.115 12.719 12.661 12.773 11.699 12.648 12.966 12.919 13.083 12.015 12.623 12.852 12.982 13.186 12.656 12.869 13.051 13.290 13.086 09/05/2053
11.567 11.281 11.121 11.301 10.937 11.029 10.836 10.950 11.475 11.215 10.965 11.332 11.844 11.590 11.445 11.624 12.420 11.842 11.578 11.563 11.965 12.370 11.782 11.941 12.338 12.088 12.471 12.060 12.291 12.004 10/05/2053
9.462 9.161 9.193 9.200 9.329 8.803 8.488 8.966 9.629 9.326 9.376 9.002 9.507 9.302 9.471 10.054 10.316 9.554 9.305 9.460 10.259 10.238 9.620 9.641 10.012 10.629 10.649 10.255 9.826 9.712 11/05/2053
9.422 8.881 8.832 8.776 9.259 8.643 8.453 8.671 8.898 9.305 9.303 8.898 8.982 8.866 9.446 9.390 9.464 9.137 8.977 8.973 9.547 9.432 9.291 9.210 9.469 9.619 9.716 9.763 9.539 9.223 12/05/2053
10.333 10.017 9.887 9.728 9.597 9.972 9.890 9.862 9.766 9.710 10.492 10.210 9.945 9.942 9.829 10.726 10.592 10.237 10.166 9.996 10.539 10.558 10.282 10.250 10.443 10.813 10.713 10.347 10.365 10.334 13/05/2053
12.909 12.566 12.432 11.918 11.454 12.356 12.175 12.308 11.555 11.435 12.693 12.555 11.494 11.448 11.525 12.627 11.994 11.707 11.661 11.500 12.806 11.979 11.692 11.742 11.800 13.108 12.151 12.005 11.982 11.690 14/05/2053
10.638 10.541 10.282 9.633 9.390 10.352 10.216 10.198 9.557 9.546 10.599 10.481 9.506 9.348 9.602 11.206 10.770 9.658 9.510 9.631 11.259 10.739 9.781 9.736 10.095 11.458 10.907 10.170 10.163 9.851 15/05/2053
10.271 10.123 9.881 9.784 9.475 9.931 9.775 9.772 9.685 9.433 10.323 10.264 9.849 9.691 9.530 10.792 11.093 10.053 9.894 9.836 10.994 11.033 10.239 10.130 10.080 10.990 10.881 10.293 10.305 9.809 16/05/2053
9.815 9.668 9.593 8.914 9.258 9.468 9.294 9.475 9.201 9.051 9.735 9.533 9.440 9.322 9.116 9.839 9.816 9.401 9.251 9.132 9.925 9.799 9.489 9.461 9.411 10.214 9.796 9.637 9.313 9.219 17/05/2053
12.483 12.185 12.797 12.211 12.419 11.912 11.710 12.665 13.032 12.591 11.968 12.035 12.573 12.461 12.703 12.906 12.730 12.227 12.126 13.145 12.942 12.692 11.925 12.297 13.096 12.995 12.800 12.091 12.189 12.899 18/05/2053
11.744 11.503 11.713 11.333 11.540 11.321 11.148 11.622 11.831 11.564 11.278 11.269 11.712 11.621 11.639 11.828 12.076 11.616 11.520 11.751 11.871 12.022 11.463 11.632 11.830 12.160 12.150 11.656 11.597 11.712 19/05/2053
12.827 12.703 12.650 12.384 12.611 12.557 12.384 12.549 12.905 12.689 13.165 13.394 13.669 13.551 12.825 13.457 14.320 13.778 13.693 12.948 14.194 14.274 14.043 13.840 13.527 14.579 14.456 14.363 14.062 13.369 20/05/2053
12.588 12.573 12.400 12.446 12.601 12.403 12.263 12.310 12.717 12.607 12.652 12.835 13.007 12.909 12.701 12.756 13.351 13.117 13.018 12.690 12.927 13.325 13.218 13.168 13.021 13.102 13.460 13.460 13.392 12.889 21/05/2053
13.733 13.890 13.976 14.570 14.414 13.713 13.604 13.873 14.795 14.566 14.200 14.150 14.789 14.668 14.680 14.986 16.094 15.312 15.184 14.701 15.695 16.064 15.518 15.362 15.538 16.125 16.327 15.929 15.829 15.350 22/05/2053
13.326 13.212 13.090 13.048 13.579 13.023 12.890 12.975 14.078 13.746 13.241 13.192 14.011 13.894 13.898 13.795 14.842 14.323 14.184 14.199 14.233 14.820 14.307 14.387 14.803 14.509 15.288 14.949 14.825 14.606 23/05/2053
13.540 13.393 13.209 12.666 13.327 13.205 13.053 13.086 13.353 13.053 13.664 13.522 13.743 13.608 13.144 14.172 14.475 13.564 13.462 12.961 14.331 14.431 14.162 13.649 13.342 14.449 14.242 14.032 13.233 13.103 24/05/2053
13.754 13.544 13.566 13.483 13.884 13.394 13.258 13.466 13.873 13.646 13.513 13.786 14.052 13.906 13.753 13.666 14.273 14.037 13.963 13.547 13.956 14.242 14.247 14.093 13.961 14.171 14.287 14.450 13.978 13.773 25/05/2053
12.596 12.162 12.294 12.537 12.495 11.992 11.911 12.155 12.786 12.450 12.106 12.093 12.586 12.465 12.542 12.508 13.268 12.728 12.546 12.522 12.743 13.235 12.720 12.791 12.787 13.010 13.308 12.973 12.713 12.535 26/05/2053
11.649 11.496 11.574 11.650 12.195 11.413 11.300 11.506 11.718 12.159 11.791 11.526 11.484 11.364 12.255 12.168 12.613 11.529 11.413 11.874 12.135 12.589 11.654 11.574 12.406 12.076 12.529 11.750 11.719 12.261 27/05/2053
12.712 12.104 11.917 11.616 12.125 11.956 11.823 11.829 11.934 11.840 12.348 12.013 11.960 11.877 11.956 12.641 12.647 11.961 11.844 11.893 12.790 12.622 12.388 12.007 12.161 12.924 12.817 12.708 12.413 12.019 28/05/2053
12.940 12.722 12.451 12.204 12.539 12.559 12.414 12.342 12.340 12.291 13.179 12.629 12.475 12.384 12.343 13.605 13.424 12.663 12.545 12.449 13.754 13.400 13.163 12.698 12.552 13.600 13.255 13.159 12.913 12.412 29/05/2053
15.318 15.309 15.359 15.073 15.066 15.173 15.065 15.275 14.738 14.706 15.523 15.516 15.264 15.229 14.800 15.755 15.827 15.197 15.154 15.160 15.860 15.805 15.590 15.243 15.308 15.425 15.719 15.488 15.513 15.170 30/05/2053
13.983 14.353 14.148 13.810 13.993 14.201 14.103 14.052 13.832 13.665 14.521 14.302 14.194 14.158 13.778 14.835 14.571 13.911 13.852 13.753 14.623 14.534 14.211 13.947 13.741 14.343 14.252 13.740 13.591 13.661 31/05/2053
13.988 14.080 13.988 13.201 13.321 13.929 13.790 13.905 13.534 13.287 14.141 14.248 13.564 13.532 13.442 14.552 15.062 13.661 13.552 13.559 14.549 15.053 14.208 13.698 13.460 14.348 14.904 14.141 14.043 13.275 01/06/2053
13.279 13.217 13.639 12.821 13.162 13.090 12.948 13.569 13.365 13.255 12.916 13.095 13.126 13.039 13.324 13.765 14.051 12.872 12.755 13.140 13.807 14.021 12.819 12.957 12.955 13.600 13.838 12.630 12.612 12.758 02/06/2053
15.300 15.456 15.572 14.717 14.473 15.302 15.149 15.477 14.652 14.328 15.207 15.318 14.811 14.734 14.418 15.643 15.013 14.541 14.464 14.462 15.568 14.968 14.417 14.610 14.477 15.657 15.133 14.702 14.613 14.379 03/06/2053
13.598 13.572 13.543 12.869 12.865 13.422 13.303 13.443 12.615 12.420 13.594 13.093 12.965 12.854 12.521 13.702 12.971 12.261 12.118 11.950 13.234 12.952 12.428 12.330 11.788 13.062 12.836 12.332 12.038 11.570 04/06/2053
16.315 16.498 16.414 15.781 15.791 16.327 16.221 16.296 16.479 15.951 16.364 16.471 16.728 16.561 16.077 16.233 16.757 16.569 16.404 16.324 16.233 16.719 16.527 16.649 16.649 16.461 16.788 16.698 16.737 16.429 05/06/2053
16.886 16.867 16.512 16.328 16.359 16.699 16.521 16.400 16.629 16.617 16.900 16.642 16.687 16.536 16.753 17.117 17.420 16.916 16.746 16.457 17.174 17.379 16.988 16.998 16.632 17.467 17.589 17.324 17.112 16.315 06/06/2053
14.815 15.294 14.948 14.540 14.653 15.129 14.957 14.841 15.470 15.154 15.636 15.410 15.499 15.389 15.336 15.649 16.382 15.971 15.869 15.744 16.182 16.371 16.018 16.027 16.286 16.727 17.026 16.735 16.615 16.165 07/06/2053
17.891 17.993 18.107 18.026 17.757 17.805 17.640 17.968 18.717 18.541 17.887 17.947 18.412 18.299 18.681 17.863 19.080 19.018 18.897 19.074 18.724 19.045 18.899 19.088 19.516 19.457 19.595 19.473 19.463 19.293 08/06/2053
16.082 15.569 15.288 15.326 15.919 15.185 14.919 15.036 15.810 16.238 15.660 15.280 15.629 15.541 16.283 16.642 16.315 16.031 15.936 15.979 17.315 16.283 16.108 16.089 16.474 17.907 16.978 16.858 16.379 16.369 09/06/2053
18.981 18.633 18.118 17.038 17.462 18.404 18.239 18.010 17.860 17.680 18.693 18.382 18.038 17.919 17.784 19.053 18.744 18.194 18.042 18.108 19.304 18.687 18.579 18.264 18.627 19.453 18.832 18.856 18.447 18.446 10/06/2053
19.458 19.245 19.052 18.079 19.459 18.949 18.711 18.872 19.592 19.475 19.119 19.046 19.603 19.237 19.648 19.807 20.491 19.572 19.184 19.306 19.969 20.397 19.551 19.733 19.831 20.455 20.682 20.115 19.902 19.303 11/06/2053
22.425 22.352 22.130 21.893 22.640 22.200 22.040 22.035 22.259 22.503 22.312 22.222 22.287 22.132 22.574 21.920 21.846 22.282 22.109 21.984 21.865 21.822 22.451 22.377 22.500 22.080 21.842 22.650 22.664 22.245 12/06/2053
24.502 24.479 24.306 24.725 24.259 24.344 24.226 24.192 24.387 24.203 24.311 24.348 24.378 24.273 24.312 24.256 25.027 24.407 24.258 24.255 24.246 24.992 24.550 24.477 24.536 24.404 25.097 24.758 24.701 24.383 13/06/2053
25.411 25.274 25.359 25.576 24.728 25.038 24.824 25.224 25.106 24.468 24.836 25.170 25.021 24.877 24.528 24.820 25.334 24.944 24.763 24.732 25.025 25.311 24.844 25.011 25.037 25.337 25.451 25.124 25.165 24.812 14/06/2053
23.697 23.382 23.442 23.009 23.776 23.214 23.107 23.363 23.904 23.656 23.188 23.170 23.757 23.734 23.674 22.889 23.537 23.753 23.783 23.781 22.824 23.494 23.763 23.761 23.799 22.657 23.554 23.932 23.966 23.794 15/06/2053
25.268 25.222 25.131 24.989 25.273 25.059 24.936 25.057 25.628 25.336 25.067 25.174 25.691 25.608 25.401 25.227 25.695 25.683 25.587 25.550 25.394 25.632 25.748 25.728 25.802 25.539 25.687 25.867 25.897 25.640 16/06/2053
26.647 26.615 26.462 26.094 25.950 26.454 26.328 26.366 26.368 25.923 26.281 26.491 26.494 26.360 25.996 26.096 26.653 26.434 26.301 26.229 26.274 26.638 26.622 26.492 26.623 26.643 26.637 26.729 26.737 26.469 17/06/2053
27.387 27.213 27.020 26.150 26.481 26.982 26.795 26.868 26.526 26.328 26.756 26.831 26.721 26.585 26.329 26.512 26.724 26.642 26.447 26.366 26.751 26.680 26.707 26.734 26.668 27.118 26.663 26.814 26.752 26.393 18/06/2053
26.562 26.468 26.558 25.730 25.953 26.291 26.182 26.406 26.444 26.141 26.382 26.377 26.485 26.273 26.170 26.513 26.522 26.525 26.276 26.409 26.783 26.525 26.698 26.634 26.771 27.093 26.427 26.781 26.944 26.437 19/06/2053
26.363 26.266 26.138 25.091 25.109 26.097 25.995 26.042 25.792 25.327 26.823 26.551 26.113 25.963 25.421 25.565 26.686 26.379 26.202 25.903 25.782 26.665 26.579 26.463 26.401 25.526 26.546 26.641 26.688 26.120 20/06/2053
27.032 27.092 26.971 26.438 26.105 27.008 27.070 26.942 26.734 25.926 27.146 27.094 26.997 26.974 25.977 26.122 26.924 27.141 27.104 26.736 26.147 26.932 27.479 27.148 27.125 26.009 26.621 27.221 27.139 27.064 21/06/2053
25.698 25.734 25.739 25.233 24.830 25.762 25.840 25.784 25.511 25.144 25.786 25.835 25.316 25.333 25.247 25.393 25.478 25.437 25.421 25.548 25.473 25.496 25.467 25.424 25.724 25.802 25.446 25.513 25.507 25.695 22/06/2053
24.575 24.578 24.635 23.900 24.591 24.583 24.554 24.636 24.650 24.638 24.583 24.590 24.669 24.621 24.652 24.775 25.407 24.558 24.479 24.617 25.160 25.384 24.668 24.597 24.686 25.160 25.130 24.515 24.638 24.552 23/06/2053
24.761 24.928 25.007 24.647 25.822 24.783 24.642 24.904 25.735 26.348 25.471 25.635 25.846 25.748 26.369 26.186 26.373 25.725 25.629 25.821 26.574 26.337 25.948 25.797 25.691 26.468 26.013 25.760 25.741 25.491 24/06/2053
24.754 24.522 24.255 23.881 24.040 24.478 24.437 24.205 24.910 24.298 24.645 24.914 25.096 24.924 24.347 25.123 25.470 24.992 24.824 24.878 25.229 25.447 25.199 25.103 24.889 24.681 24.936 24.850 24.977 24.601 25/06/2053
25.213 24.949 24.619 24.301 24.862 24.824 24.710 24.559 24.957 24.747 24.793 24.910 25.179 25.071 24.801 25.251 25.906 25.132 25.061 25.069 25.558 25.861 25.544 25.204 25.210 25.542 25.793 25.504 25.384 25.054 26/06/2053
22.973 22.847 22.608 22.391 22.753 22.734 22.693 22.572 22.931 22.721 22.710 22.710 23.145 23.063 22.743 23.403 23.721 23.426 23.399 23.025 23.642 23.715 23.536 23.465 23.730 24.373 24.532 24.239 24.062 23.568 27/06/2053
23.142 22.906 22.609 22.197 22.764 22.795 22.732 22.557 22.984 22.744 22.640 22.600 23.056 22.919 22.807 23.055 23.095 23.076 22.959 22.848 22.886 23.063 22.900 23.115 23.104 23.034 23.234 23.085 23.143 22.927 28/06/2053
21.886 21.708 21.722 21.234 21.530 21.566 21.493 21.650 21.844 21.578 21.472 21.549 21.907 21.781 21.700 21.527 21.814 22.000 21.848 21.751 21.600 21.783 21.720 22.052 21.940 21.813 21.985 21.984 22.094 21.736 29/06/2053
21.567 21.461 21.476 21.143 21.718 21.289 21.129 21.350 21.768 21.724 21.255 21.369 21.852 21.723 21.802 21.418 21.854 21.893 21.772 21.818 21.758 21.811 21.662 21.965 22.075 22.009 22.083 22.073 22.064 21.855 30/06/2053
20.342 19.939 19.870 19.304 19.856 19.798 19.715 19.790 19.350 19.568 19.846 19.810 19.752 19.672 19.604 19.928 20.166 19.467 19.399 19.497 19.833 20.147 19.572 19.526 19.653 19.953 20.250 19.715 19.598 19.490 01/07/2053
19.390 19.177 19.219 18.737 19.219 18.980 18.841 19.104 19.052 19.166 19.041 18.886 19.049 19.004 19.195 18.912 18.937 18.824 18.727 18.753 18.984 18.914 18.756 18.848 18.735 19.043 18.956 18.807 18.796 18.609 02/07/2053
20.176 19.972 19.892 19.409 19.842 19.786 19.618 19.771 19.974 19.834 19.757 19.711 20.065 19.918 19.913 20.088 20.281 20.018 19.871 19.872 20.185 20.256 19.882 20.061 20.009 20.321 20.373 20.091 20.165 19.838 03/07/2053
23.018 23.073 23.200 22.540 23.238 23.165 23.171 23.252 23.261 23.318 23.327 23.300 23.254 23.221 23.320 23.250 23.194 23.314 23.288 23.162 23.002 23.193 23.021 23.303 23.133 22.763 23.157 23.010 23.030 23.079 04/07/2053
24.570 24.326 24.209 23.472 23.869 24.186 24.135 24.161 24.379 23.765 24.016 24.103 24.509 24.399 23.822 24.130 24.435 24.383 24.258 23.987 23.955 24.415 24.289 24.430 24.009 24.125 24.391 24.409 24.292 23.804 05/07/2053
21.610 21.822 21.799 21.080 21.458 21.702 21.648 21.730 21.776 21.370 22.059 22.044 22.110 21.957 21.445 22.412 22.769 22.020 21.876 21.411 22.465 22.744 22.114 22.094 21.229 22.519 22.650 22.185 21.702 21.056 06/07/2053
19.986 20.729 20.676 20.168 20.571 20.532 20.377 20.549 21.153 20.962 20.678 20.791 21.276 21.141 21.086 20.894 21.486 21.445 21.249 21.240 21.198 21.429 21.122 21.526 21.532 21.519 21.688 21.644 21.692 21.296 07/07/2053
18.045 17.892 17.430 17.154 17.166 17.616 17.457 17.277 17.401 17.008 17.774 17.445 17.563 17.381 17.153 18.314 17.991 17.256 17.007 17.384 18.328 17.932 17.115 17.315 17.472 18.490 18.231 17.505 17.487 17.246 08/07/2053
19.908 19.687 19.668 18.771 19.098 19.595 19.494 19.596 18.936 19.013 19.742 19.581 18.857 18.755 19.052 19.711 19.913 18.774 18.707 18.847 19.819 19.925 18.863 18.830 18.900 19.656 19.985 19.245 19.115 18.812 09/07/2053
19.317 19.160 19.159 19.126 19.038 18.988 18.871 19.034 19.406 19.097 19.106 19.053 19.275 19.107 19.230 19.243 19.755 19.403 19.273 19.283 19.540 19.724 19.215 19.475 19.548 19.691 19.891 19.607 19.621 19.352 10/07/2053
21.650 22.252 22.323 22.406 22.058 22.126 22.006 22.246 22.608 22.342 23.147 23.308 22.621 22.530 22.438 23.219 23.302 22.789 22.734 22.576 23.630 23.308 22.954 22.845 23.010 23.855 23.221 23.111 23.062 22.896 11/07/2053
20.742 20.908 20.577 19.810 19.999 20.839 20.745 20.510 20.295 20.185 20.716 20.805 20.579 20.521 20.261 21.015 20.349 20.070 20.008 20.130 20.642 20.341 19.906 20.088 19.877 20.383 20.176 19.800 19.883 19.789 12/07/2053
18.575 18.470 18.261 17.383 17.659 18.263 18.098 18.153 18.054 17.656 18.068 18.307 18.507 18.368 17.798 18.339 18.717 18.193 18.049 18.048 18.499 18.697 18.280 18.275 18.082 18.386 18.552 18.250 18.179 17.872 13/07/2053
17.235 17.156 17.319 17.227 17.464 17.030 16.910 17.212 18.095 17.649 16.713 16.996 17.947 17.802 17.795 16.696 17.872 17.932 17.752 17.892 17.018 17.815 17.688 17.988 18.117 17.118 18.088 17.991 18.115 17.920 14/07/2053
19.402 19.209 19.172 18.492 18.611 19.101 18.988 19.105 19.343 18.878 18.742 19.118 19.432 19.293 19.004 18.842 18.802 19.332 19.148 19.179 18.902 18.763 19.202 19.398 19.416 19.068 18.914 19.407 19.511 19.177 15/07/2053
21.311 21.320 21.396 20.884 21.324 21.265 21.221 21.370 22.444 21.770 21.287 21.553 22.440 22.315 21.865 21.504 22.086 22.571 22.433 22.459 21.626 22.077 22.477 22.585 22.595 21.741 22.127 22.584 22.623 22.435 16/07/2053
19.892 19.206 18.980 17.985 18.276 19.082 19.002 18.889 18.145 18.007 18.678 18.317 18.348 18.256 18.098 18.895 18.367 18.179 18.059 18.161 18.591 18.338 18.124 18.195 18.476 18.622 18.436 18.220 18.322 18.314 17/07/2053
18.760 18.343 18.056 17.256 17.581 18.231 18.085 18.015 17.261 17.182 18.328 18.069 17.760 17.640 17.260 18.617 18.362 17.237 17.071 16.955 18.639 18.310 17.924 17.297 16.832 18.741 18.223 17.848 17.067 16.736 18/07/2053
19.526 19.272 18.874 17.597 17.771 19.104 18.927 18.727 17.847 17.409 19.287 19.107 18.936 18.818 17.537 19.700 18.852 18.859 18.690 17.702 19.739 18.853 19.199 18.907 17.826 19.722 18.991 19.385 18.887 17.505 19/07/2053
21.337 21.251 21.117 20.961 21.051 21.092 21.000 21.035 21.198 21.217 21.144 21.375 21.375 21.354 21.228 21.473 22.050 21.533 21.498 21.427 21.919 22.015 21.399 21.528 21.401 22.105 22.165 21.525 21.593 21.364 20/07/2053
22.990 22.786 22.259 21.508 21.137 22.507 22.274 22.113 21.361 21.154 22.750 22.590 21.584 21.524 21.233 23.012 22.965 21.597 21.524 21.274 23.093 22.939 21.982 21.631 21.306 23.182 22.803 21.938 21.593 21.285 21/07/2053
21.950 21.546 21.481 21.167 21.547 21.430 21.328 21.427 21.535 21.333 21.575 21.401 21.469 21.418 21.411 21.843 21.845 21.268 21.211 21.271 21.872 21.850 21.539 21.297 21.103 21.758 21.672 21.388 21.341 21.011 22/07/2053
21.831 21.441 21.344 20.924 21.069 21.226 21.083 21.209 21.396 21.049 21.177 21.224 21.464 21.325 21.189 21.394 21.742 21.370 21.201 21.149 21.629 21.704 21.413 21.449 21.236 21.838 21.804 21.647 21.350 20.985 23/07/2053
19.844 18.886 18.440 18.032 18.049 18.699 18.585 18.341 18.220 17.912 18.630 18.225 18.424 18.277 18.064 18.820 18.862 18.497 18.324 18.307 18.586 18.825 18.483 18.580 19.229 19.458 19.609 19.460 19.131 18.968 24/07/2053
20.258 20.198 19.662 18.705 18.936 20.038 19.898 19.562 19.429 18.848 19.492 19.717 19.791 19.651 18.984 19.795 20.218 19.742 19.594 19.453 20.069 20.172 19.688 19.806 19.651 20.098 20.255 19.913 19.908 19.387 25/07/2053
19.381 19.159 19.194 18.575 18.641 18.999 18.875 19.100 18.895 18.484 18.969 18.999 19.117 18.990 18.628 18.739 19.891 18.961 18.781 18.747 19.253 19.844 19.177 19.043 18.940 19.358 19.966 19.477 19.587 18.708 26/07/2053
18.940 18.807 18.766 18.343 18.832 18.662 18.566 18.674 18.671 18.898 18.711 18.506 19.334 19.246 18.950 18.682 18.968 18.919 18.747 18.914 18.882 18.928 18.561 18.972 18.333 19.224 19.344 18.951 18.755 18.110 27/07/2053
21.231 21.054 21.015 20.602 20.723 20.925 20.844 20.921 21.177 21.007 21.037 21.110 21.375 21.236 21.156 21.312 21.953 21.564 21.423 21.493 21.574 21.922 21.401 21.635 21.911 21.860 22.247 21.892 22.056 21.673 28/07/2053
23.174 22.899 22.713 21.611 22.591 22.791 22.747 22.640 22.257 22.386 22.626 22.710 22.574 22.529 22.407 22.467 22.823 22.386 22.353 22.152 22.447 22.818 22.445 22.401 22.686 22.294 22.958 22.649 22.645 22.598 29/07/2053
20.854 20.617 20.495 19.900 20.460 20.482 20.389 20.402 20.508 20.427 20.207 20.327 20.687 20.605 20.490 20.272 21.059 20.610 20.515 20.491 20.263 21.036 20.563 20.645 20.810 20.279 21.080 20.704 20.790 20.649 30/07/2053
19.654 19.339 18.730 18.374 18.964 19.084 18.901 18.591 19.136 19.072 18.893 19.010 19.133 19.044 19.186 19.119 19.044 19.048 18.938 19.051 19.013 19.004 18.940 19.098 19.326 19.155 19.157 19.060 19.303 19.113 31/07/2053
