# 6448 6449 6450 6451 6452 6528 6529 6530 6531 6532 6610 6611 6612 6613 6614 6693 6694 6695 6696 6697 6776 6777 6778 6779 6780 6859 6860 6861 6862 6863 Date
0.000 0.000 0.000 0.000 0.000 0.000 0.572 0.000 0.000 2.381 0.000 0.000 0.000 0.118 0.000 0.000 0.000 0.719 0.000 1.903 0.000 0.000 1.231 0.533 0.000 1.182 0.000 1.109 0.000 0.000 01/08/1977
0.000 0.000 0.000 0.000 0.000 0.000 0.000 0.000 0.429 0.000 0.000 0.000 0.000 1.133 0.000 2.323 0.000 0.000 0.000 0.000 0.000 0.000 0.000 0.974 0.000 0.000 0.000 0.234 0.186 0.100 02/08/1977
0.000 0.000 0.000 0.000 0.000 0.000 0.000 0.000 0.000 0.000 0.000 0.000 0.000 0.000 0.000 0.309 0.000 0.000 0.000 0.000 0.000 0.000 0.000 0.265 0.000 0.000 0.000 0.000 0.000 0.000 03/08/1977
0.000 0.000 0.000 0.000 0.000 0.000 0.000 0.000 0.000 0.000 0.000 0.000 0.000 0.000 0.000 0.000 0.000 0.000 0.000 0.000 0.000 0.000 0.000 0.000 0.000 0.000 0.000 0.000 0.000 0.000 04/08/1977
0.000 0.000 0.000 0.000 0.000 0.000 0.000 0.000 0.000 0.000 0.000 0.000 0.000 0.000 0.000 0.000 0.000 0.000 0.000 0.000 0.000 0.000 0.000 0.000 0.000 0.000 0.000 0.000 0.000 0.000 05/08/1977
0.000 0.000 0.000 0.000 0.000 0.000 0.000 0.000 0.000 0.000 0.000 0.000 0.000 0.000 0.000 0.000 0.000 0.000 0.000 0.000 0.000 0.000 0.000 0.000 0.000 0.000 0.000 0.000 0.000 0.000 06/08/1977
0.000 2.097 0.000 0.000 0.000 0.000 0.000 0.844 0.114 0.000 0.000 0.000 0.000 0.118 0.000 0.000 0.000 0.000 0.000 0.114 0.000 0.000 0.000 0.000 0.000 0.000 0.000 0.000 0.000 0.502 07/08/1977
0.000 0.000 0.000 0.000 0.000 0.000 0.000 1.293 0.000 0.000 0.153 0.000 0.319 0.000 1.019 0.000 0.109 0.000 0.000 0.000 0.000 0.146 1.231 1.883 0.000 0.734 0.399 0.000 0.000 0.240 08/08/1977
0.000 0.000 0.000 0.000 0.000 0.000 0.000 0.000 0.000 0.000 0.000 0.000 0.000 0.000 0.000 0.000 0.000 0.000 0.000 0.000 0.000 0.000 0.205 0.000 0.000 0.140 0.000 0.000 0.000 0.000 09/08/1977
0.000 0.000 0.000 0.000 0.000 0.000 0.000 0.000 0.000 0.000 0.000 0.000 0.000 0.000 0.000 0.000 0.000 0.000 0.118 0.000 0.000 0.000 0.000 0.000 0.000 0.000 0.000 0.000 0.000 0.000 10/08/1977
0.000 0.890 0.000 0.000 0.000 0.552 0.000 0.000 0.000 1.960 0.000 0.000 0.000 0.000 0.000 0.130 0.000 0.000 0.000 0.000 0.117 0.000 0.000 0.000 1.067 0.127 0.000 0.000 0.000 0.186 11/08/1977
0.000 0.000 0.000 0.157 0.000 0.100 0.000 0.000 0.000 0.000 0.000 0.000 0.000 0.663 0.000 0.000 0.000 0.719 0.000 0.000 0.000 0.000 0.000 0.000 0.718 0.000 0.884 0.133 1.301 0.000 12/08/1977
0.000 0.000 0.000 0.000 0.000 0.000 0.000 0.000 0.000 0.000 0.000 0.000 0.000 0.000 1.019 1.340 0.239 0.000 0.000 0.000 0.000 0.000 0.000 0.000 0.000 0.000 0.000 0.000 0.000 0.000 13/08/1977
4.202 3.245 4.090 2.467 2.873 3.285 3.317 4.118 3.239 3.452 3.980 6.081 2.909 2.936 3.428 3.843 2.893 3.194 3.229 2.503 3.077 2.899 3.244 3.180 0.567 0.000 0.000 1.297 1.301 0.000 14/08/1977
6.961 7.763 7.058 7.363 9.121 7.852 7.925 7.114 6.758 8.691 6.090 6.413 5.768 5.820 8.617 5.332 5.520 6.464 6.535 6.316 4.634 5.533 5.694 6.434 5.717 0.000 2.987 3.426 6.108 5.805 15/08/1977
4.422 3.767 0.000 2.603 2.970 3.811 3.846 0.000 2.441 2.828 4.134 3.188 2.620 2.644 2.805 3.922 2.483 3.125 3.159 2.417 3.611 2.489 2.839 3.111 2.952 3.569 2.455 2.752 3.197 2.998 16/08/1977
0.569 0.000 0.000 0.000 0.000 1.293 0.000 0.116 0.000 0.000 0.000 0.000 0.000 0.000 1.579 0.000 0.000 1.975 0.990 0.729 2.277 0.000 0.000 0.000 0.000 0.000 0.000 0.133 0.000 0.000 17/08/1977
0.116 0.000 0.000 0.000 0.000 0.000 0.000 0.000 0.000 0.100 0.000 0.000 0.000 0.000 0.320 1.205 0.000 0.000 0.990 0.000 0.000 0.000 0.000 0.000 0.974 0.127 0.000 0.000 0.000 0.989 18/08/1977
0.000 0.000 0.000 0.317 0.000 0.554 0.183 0.000 0.000 0.564 0.000 1.177 0.271 0.138 0.000 0.000 0.000 0.000 0.000 0.000 0.000 0.000 0.000 0.000 0.000 0.000 0.000 0.159 0.194 0.100 19/08/1977
0.000 0.000 0.585 0.721 0.000 0.000 0.000 0.000 0.000 0.000 0.000 0.000 0.000 1.221 0.000 0.755 0.000 0.000 0.000 0.354 0.000 0.000 0.000 0.000 0.000 0.000 0.000 0.000 0.000 0.000 20/08/1977
1.516 1.487 1.338 1.717 2.188 1.506 1.521 1.348 1.229 1.897 1.501 1.421 1.394 1.407 1.882 1.189 0.901 1.408 1.423 0.354 0.696 0.903 1.058 1.401 0.000 0.000 1.371 1.397 0.803 0.000 21/08/1977
2.623 1.957 2.355 2.295 2.923 1.982 2.002 2.374 2.251 2.796 2.506 2.569 3.037 3.061 2.776 2.327 2.675 3.527 3.562 3.616 2.817 2.681 3.123 3.512 4.408 2.471 3.345 3.791 5.910 4.476 22/08/1977
2.304 2.971 1.966 2.294 2.923 3.004 3.032 1.982 2.774 3.053 4.378 3.548 3.207 3.232 3.028 4.319 4.148 4.349 4.397 5.695 4.206 4.158 4.774 4.330 5.610 4.236 4.930 6.077 5.568 5.698 23/08/1977
1.509 1.922 1.620 1.477 1.911 1.946 1.966 1.637 1.393 1.981 2.545 2.454 2.043 2.061 1.969 2.367 2.854 2.927 2.958 2.030 2.988 2.860 3.240 2.919 3.027 3.829 3.293 3.747 3.080 3.067 24/08/1977
9.323 8.658 8.618 10.783 12.781 8.768 8.858 8.687 10.945 10.233 9.565 8.122 7.926 7.994 10.147 7.602 7.397 7.253 7.327 9.480 6.956 7.415 8.052 7.222 7.817 6.942 7.746 9.130 9.845 7.931 25/08/1977
0.000 0.000 0.000 0.207 0.330 0.000 0.000 0.000 0.000 0.000 0.000 0.000 0.000 0.000 0.000 0.191 0.252 0.000 0.000 0.000 0.000 0.253 0.241 0.000 0.000 0.507 0.000 0.000 0.000 0.000 26/08/1977
7.329 5.720 6.761 9.921 10.210 5.792 5.850 6.815 7.836 7.229 3.079 3.498 5.559 5.611 7.167 2.966 2.150 3.124 3.154 4.460 1.666 2.156 2.479 3.114 2.678 0.899 1.342 1.388 1.692 2.717 27/08/1977
1.549 3.434 3.476 3.447 3.697 3.477 3.512 3.504 7.989 7.616 9.421 7.861 9.089 9.173 7.551 10.132 13.032 14.108 14.265 11.551 15.229 13.063 13.705 14.043 13.962 16.564 17.218 16.624 16.482 14.183 28/08/1977
0.000 0.000 0.000 0.000 0.000 0.000 0.000 0.000 0.000 0.000 0.000 0.000 0.000 0.000 0.000 0.000 0.000 0.000 0.000 0.000 0.000 0.000 0.000 0.000 0.000 0.000 0.000 0.000 0.000 0.000 29/08/1977
0.000 0.000 0.000 0.000 0.107 0.000 0.000 0.000 0.000 0.626 0.000 0.000 0.319 0.000 0.000 0.000 0.239 0.000 0.503 0.000 0.000 0.000 0.000 0.237 0.000 0.000 0.000 0.000 0.000 0.000 30/08/1977
0.000 0.000 0.000 0.000 0.000 0.350 0.000 0.000 0.100 0.000 0.000 0.000 0.000 0.000 0.000 0.000 0.000 0.000 0.000 0.000 0.000 0.000 0.000 0.000 0.425 0.000 0.119 0.000 0.000 0.000 31/08/1977
3.797 3.501 6.424 5.588 6.343 3.550 3.584 6.475 5.501 5.128 2.681 2.760 6.138 6.195 5.085 2.103 2.330 3.789 3.822 4.498 1.748 2.335 3.156 3.776 3.900 0.954 2.044 2.735 3.188 3.950 01/09/1977
0.000 0.000 0.000 0.000 0.000 0.000 0.000 0.000 0.000 0.000 0.000 0.000 0.000 0.000 0.000 0.000 0.000 0.000 0.000 0.000 0.000 0.000 0.000 0.000 0.000 0.000 0.000 0.000 0.000 0.000 02/09/1977
3.935 3.976 3.945 4.268 4.708 4.027 4.068 3.976 5.910 5.476 4.332 3.796 4.243 4.281 5.429 3.745 3.346 4.219 4.263 4.529 3.599 3.353 4.334 4.200 3.961 4.177 3.217 3.873 3.817 4.013 03/09/1977
0.000 0.000 0.000 0.000 0.000 0.000 0.000 0.000 0.000 0.000 0.000 0.000 0.000 0.000 0.000 0.000 0.000 0.000 0.000 0.000 0.000 0.000 0.000 0.000 0.000 0.000 0.000 0.000 0.000 0.000 04/09/1977
0.000 0.000 0.000 0.000 0.000 0.000 0.000 0.000 0.100 0.000 0.000 0.000 0.000 0.000 0.000 0.000 0.000 0.000 0.000 0.000 0.000 0.000 0.000 0.000 0.000 0.000 0.000 0.000 0.000 0.000 05/09/1977
0.000 0.000 0.000 0.000 0.000 0.000 0.000 0.000 0.000 0.000 0.000 0.000 0.000 0.000 0.000 0.000 0.000 0.000 0.000 0.000 0.000 0.000 0.000 0.000 0.000 0.000 0.000 0.000 0.000 0.000 06/09/1977
0.000 0.000 0.000 0.000 0.000 0.000 0.000 0.000 0.000 0.000 0.000 0.000 0.000 0.000 0.000 0.000 0.000 0.000 0.000 0.000 0.000 0.000 0.000 0.000 0.000 0.000 0.000 0.000 0.000 0.000 07/09/1977
0.000 0.000 0.000 0.000 0.000 0.000 0.000 0.000 0.000 0.000 0.000 0.000 0.000 0.000 0.000 0.000 0.000 0.000 0.000 0.000 0.000 0.000 0.000 0.000 0.000 0.000 0.000 0.000 0.000 0.000 08/09/1977
0.000 0.000 0.000 0.000 0.000 0.100 0.000 0.000 0.000 0.000 0.000 0.000 0.000 0.000 0.000 0.000 0.000 0.000 0.000 0.000 0.000 0.000 0.000 0.000 0.000 0.000 0.000 0.000 0.000 0.000 09/09/1977
0.000 0.000 0.000 0.000 0.000 0.000 0.000 0.000 0.000 0.000 0.000 0.000 0.000 0.000 0.000 0.000 0.000 0.000 0.000 0.000 0.000 0.000 0.000 0.000 0.000 0.000 0.000 0.000 0.000 0.000 10/09/1977
0.000 0.000 0.000 0.000 0.000 0.000 0.000 0.000 0.000 0.000 0.000 0.000 0.000 0.000 0.000 0.000 0.000 0.000 0.000 0.000 0.000 0.000 0.000 0.000 0.000 0.000 0.000 0.000 0.000 0.000 11/09/1977
0.000 0.000 0.000 0.000 0.000 0.000 0.000 0.000 0.000 0.000 0.000 0.000 0.000 0.000 0.000 0.000 0.000 0.000 0.000 0.000 0.000 0.000 0.000 0.000 0.000 0.000 0.000 0.000 0.000 0.000 12/09/1977
0.000 0.000 0.000 0.000 0.000 0.000 0.000 0.000 0.000 0.000 0.000 0.000 0.000 0.000 0.000 0.000 0.000 0.000 0.000 0.000 0.000 0.000 0.000 0.000 0.000 0.000 0.000 0.000 0.000 0.000 13/09/1977
0.000 0.000 0.000 0.000 0.000 0.000 0.000 0.000 0.000 0.000 0.000 0.000 0.000 0.000 0.000 0.000 0.000 0.000 0.000 0.000 0.000 0.000 0.000 0.000 0.000 0.000 0.000 0.000 0.000 0.000 14/09/1977
1.046 1.982 1.891 1.775 2.146 2.111 2.131 1.942 2.273 2.317 1.939 2.036 2.503 2.526 2.298 1.653 1.364 2.563 2.594 2.579 1.411 1.366 2.483 2.550 2.647 1.477 1.133 1.418 1.869 2.703 15/09/1977
0.000 0.000 0.000 0.000 0.000 0.100 0.000 0.000 0.000 0.000 0.000 0.000 0.000 0.000 0.000 0.000 0.000 0.000 0.000 0.000 0.000 0.000 0.000 0.000 0.000 0.000 0.000 0.000 0.000 0.000 16/09/1977
1.845 1.952 2.846 3.668 4.328 1.959 1.969 2.841 2.122 2.433 1.185 1.360 1.788 1.808 2.412 1.159 0.926 1.490 1.510 1.733 0.658 0.927 1.376 1.456 1.671 0.649 0.788 1.126 1.442 1.699 17/09/1977
2.612 5.870 5.471 6.150 7.526 5.938 5.988 5.515 6.024 6.320 5.733 5.951 4.605 4.647 6.268 5.681 5.132 5.177 5.226 5.816 5.229 5.143 5.879 5.157 5.534 5.051 5.392 6.011 5.795 5.613 18/09/1977
0.899 0.472 0.953 0.738 0.454 0.478 0.482 0.959 1.032 0.910 0.414 1.018 0.893 0.902 0.903 0.513 0.418 0.131 0.132 0.134 1.133 0.420 0.683 0.132 0.961 0.491 0.898 1.330 0.239 0.976 19/09/1977
0.000 0.000 0.000 0.000 0.000 0.000 0.000 0.000 0.000 0.000 0.000 0.000 0.000 0.000 0.000 0.000 0.000 0.000 0.000 0.000 0.000 0.000 0.000 0.000 0.000 0.000 0.000 0.000 0.000 0.000 20/09/1977
0.175 0.169 0.104 0.038 0.000 0.172 0.173 0.105 0.000 0.000 0.100 0.166 0.133 0.134 0.000 0.108 0.109 0.133 0.134 0.000 0.120 0.110 0.162 0.134 0.000 0.000 0.110 0.163 0.125 0.000 21/09/1977
2.543 1.763 1.481 2.897 3.322 1.784 1.789 1.493 1.682 1.846 1.431 1.765 1.512 1.535 1.823 1.474 1.607 1.478 1.498 1.446 1.601 1.609 1.889 1.438 1.314 1.427 1.083 1.589 1.430 1.331 22/09/1977
0.000 0.000 0.000 0.000 0.000 0.000 0.000 0.000 0.000 0.000 0.000 0.000 0.000 0.000 0.000 0.000 0.000 0.000 0.000 0.000 0.000 0.000 0.000 0.000 0.000 0.000 0.000 0.000 0.000 0.000 23/09/1977
0.000 0.000 0.000 0.038 0.000 0.000 0.000 0.000 0.000 0.000 0.000 0.000 0.000 0.000 0.000 0.000 0.000 0.000 0.000 0.000 0.000 0.000 0.000 0.000 0.000 0.000 0.000 0.000 0.000 0.000 24/09/1977
0.000 0.000 0.000 0.000 0.000 0.000 0.000 0.000 0.000 0.000 0.000 0.000 0.000 0.000 0.000 0.000 0.000 0.000 0.000 0.000 0.000 0.000 0.000 0.000 0.000 0.000 0.000 0.000 0.000 0.000 25/09/1977
0.000 0.000 0.000 0.000 0.000 0.000 0.000 0.000 0.000 0.000 0.000 0.000 0.000 0.000 0.000 0.000 0.000 0.000 0.000 0.000 0.000 0.000 0.000 0.000 0.000 0.000 0.000 0.000 0.000 0.000 26/09/1977
0.211 0.130 0.000 0.000 0.000 0.131 0.132 0.000 0.000 0.000 0.000 0.000 0.000 0.000 0.000 0.000 0.000 0.000 0.000 0.000 0.000 0.000 0.000 0.000 0.000 0.000 0.000 0.000 0.000 0.000 27/09/1977
11.036 16.438 10.985 9.496 11.577 16.641 16.807 11.073 7.378 8.477 17.503 10.365 7.347 7.416 8.411 16.839 11.006 6.112 6.179 2.549 13.052 11.032 12.890 6.084 0.896 8.788 3.230 3.792 3.713 0.900 28/09/1977
0.106 0.107 0.104 0.163 0.000 0.107 0.107 0.104 0.202 0.133 0.000 0.129 0.123 0.124 0.132 0.000 0.150 0.211 0.212 0.221 0.129 0.151 0.158 0.211 0.285 0.329 0.253 0.283 0.295 0.289 29/09/1977
8.463 8.535 12.667 14.717 16.800 8.642 8.730 12.830 20.066 22.164 9.775 11.879 18.995 19.165 21.982 9.971 12.786 17.923 18.116 24.213 11.691 12.816 14.578 17.842 23.869 11.529 11.210 12.947 16.150 24.235 30/09/1977
11.549 6.307 5.699 6.209 6.889 6.385 6.448 5.744 3.808 4.371 4.119 3.536 3.773 3.785 4.333 4.387 3.846 4.299 4.339 4.544 4.119 3.855 4.328 4.282 5.785 4.928 5.086 6.060 6.136 5.863 01/10/1977
0.132 0.140 0.199 0.317 0.110 0.141 0.142 0.199 0.195 0.121 0.116 0.175 0.157 0.162 0.121 0.118 0.148 0.277 0.279 0.264 0.146 0.148 0.153 0.276 0.211 0.265 0.148 0.152 0.169 0.212 02/10/1977
3.987 3.929 4.490 6.913 7.771 3.953 4.002 4.526 6.123 6.852 5.074 4.245 4.306 4.339 6.797 5.319 4.797 5.227 5.285 5.862 6.093 4.807 5.959 5.203 4.707 5.565 4.735 5.853 5.192 4.766 03/10/1977
0.000 0.000 0.000 0.000 0.000 0.000 0.000 0.000 0.000 0.000 0.000 0.000 0.000 0.000 0.000 0.000 0.000 0.000 0.000 0.000 0.110 0.000 0.000 0.000 0.000 0.805 0.000 0.000 0.000 0.000 04/10/1977
7.263 7.386 6.426 6.213 6.891 7.482 7.558 6.475 6.418 7.261 7.431 7.243 6.829 6.893 7.201 7.335 6.777 7.058 7.145 6.892 8.165 6.794 7.660 7.025 6.938 7.624 6.563 7.443 7.892 7.057 05/10/1977
7.779 7.406 9.354 11.477 11.165 7.500 7.577 9.428 10.071 10.363 6.120 7.138 8.822 8.904 10.282 5.571 6.617 8.622 8.717 9.760 4.845 6.633 7.893 8.582 9.514 5.409 6.874 7.905 8.960 9.664 06/10/1977
6.134 6.801 5.666 4.201 4.708 6.888 6.953 5.707 4.273 4.903 7.880 6.862 6.141 6.182 4.861 7.917 6.333 5.994 6.052 4.740 7.562 6.348 7.427 5.970 4.755 7.105 6.067 6.759 5.625 4.824 07/10/1977
1.129 1.074 1.196 1.519 1.815 1.088 1.097 1.204 1.499 1.660 1.051 1.100 1.556 1.574 1.641 0.851 1.022 1.705 1.680 1.516 1.009 1.023 1.488 1.654 1.532 0.941 1.166 1.636 1.707 1.555 08/10/1977
2.766 2.589 2.895 3.339 3.825 2.606 2.565 2.901 3.149 3.812 2.354 2.500 2.921 2.939 3.781 2.376 2.385 3.114 3.133 3.393 2.406 2.391 2.983 3.104 3.523 2.427 2.348 2.917 3.253 3.570 09/10/1977
6.033 5.667 6.963 7.549 9.158 5.731 5.781 7.018 8.333 9.382 4.729 5.750 6.596 6.654 9.302 5.060 5.376 5.840 5.897 7.509 5.567 5.387 6.055 5.813 6.012 5.985 4.677 5.319 5.131 6.092 10/10/1977
0.770 0.639 1.123 2.015 2.214 0.640 0.641 1.131 1.699 1.859 0.892 0.708 1.270 1.282 1.837 0.750 0.555 1.199 1.212 1.633 0.759 0.557 0.836 1.194 1.568 0.823 0.554 0.856 1.276 1.592 11/10/1977
4.938 5.481 5.658 5.998 6.748 5.550 5.606 5.699 5.173 5.765 4.653 4.831 4.906 4.948 5.716 5.053 3.740 4.752 4.804 4.707 4.495 3.746 4.728 4.730 4.143 3.552 3.134 4.102 3.996 4.208 12/10/1977
4.405 4.256 3.181 3.103 3.529 4.309 4.353 3.205 2.905 3.495 5.524 4.297 3.308 3.337 3.465 5.198 4.335 3.336 3.371 2.968 5.755 4.345 5.130 3.321 3.268 6.199 4.799 5.559 3.680 3.316 13/10/1977
0.233 0.203 0.100 0.000 0.000 0.203 0.200 0.100 0.588 0.482 0.355 0.179 0.235 0.237 0.480 0.478 0.156 1.163 1.173 0.210 0.353 0.156 0.232 1.158 0.191 0.223 1.063 1.557 4.723 0.190 14/10/1977
0.245 0.196 0.170 0.175 0.100 0.196 0.197 0.173 0.173 0.000 0.193 0.189 0.203 0.205 0.000 0.176 0.160 0.167 0.167 0.145 0.145 0.161 0.207 0.166 0.105 0.114 0.109 0.138 0.131 0.108 15/10/1977
0.412 0.371 0.524 0.804 0.847 0.368 0.371 0.537 0.686 1.063 0.224 0.313 0.722 0.728 1.054 0.213 0.298 0.476 0.481 1.303 0.190 0.298 0.343 0.475 0.522 0.266 0.410 0.469 0.342 0.531 16/10/1977
9.217 8.269 7.341 7.147 8.156 8.374 8.460 7.399 7.648 7.738 7.407 7.858 7.742 7.812 7.677 6.926 7.385 7.548 7.629 6.619 6.262 7.402 8.280 7.515 6.374 5.687 6.398 7.603 6.593 6.473 17/10/1977
4.126 4.734 4.421 7.147 8.156 4.796 4.846 4.456 6.363 5.975 4.787 6.554 5.710 5.762 5.925 4.303 5.517 6.330 6.399 4.501 3.596 5.529 7.002 6.300 4.347 4.069 5.209 6.122 5.932 4.416 18/10/1977
0.585 0.616 0.408 0.741 0.776 0.618 0.622 0.414 0.343 0.257 1.354 0.501 0.378 0.381 0.262 1.306 0.435 0.399 0.402 0.397 0.983 0.436 0.487 0.398 0.609 0.933 0.299 0.345 0.402 0.620 19/10/1977
0.000 0.000 0.000 0.000 0.000 0.000 0.000 0.000 0.000 0.000 0.000 0.000 0.000 0.000 0.000 0.000 0.000 0.000 0.000 0.000 0.000 0.000 0.000 0.000 0.000 0.000 0.000 0.000 0.000 0.000 20/10/1977
0.000 0.000 0.000 0.000 0.000 0.000 0.000 0.000 0.000 0.000 0.000 0.000 0.000 0.000 0.000 0.000 0.000 0.000 0.000 0.000 0.000 0.000 0.000 0.000 0.000 0.000 0.000 0.000 0.000 0.000 21/10/1977
0.000 0.000 0.000 0.000 0.000 0.000 0.000 0.000 0.000 0.000 0.000 0.000 0.000 0.000 0.000 0.000 0.000 0.000 0.000 0.000 0.000 0.000 0.000 0.000 0.000 0.000 0.000 0.000 0.000 0.000 22/10/1977
0.000 0.000 0.000 0.000 0.000 0.000 0.000 0.000 0.000 0.000 0.000 0.000 0.000 0.000 0.000 0.000 0.000 0.000 0.000 0.000 0.000 0.000 0.000 0.000 0.000 0.000 0.000 0.000 0.000 0.000 23/10/1977
0.000 0.000 0.000 0.000 0.000 0.000 0.000 0.000 0.000 0.000 0.000 0.000 0.000 0.000 0.000 0.000 0.000 0.000 0.000 0.000 0.000 0.000 0.000 0.000 0.000 0.000 0.000 0.000 0.000 0.000 24/10/1977
0.000 0.000 0.000 0.000 0.000 0.000 0.000 0.000 0.000 0.000 0.000 0.000 0.000 0.100 0.000 0.000 0.000 0.000 0.000 0.000 0.000 0.000 0.000 0.000 0.000 0.000 0.000 0.000 0.000 0.000 25/10/1977
0.000 0.000 0.000 0.000 0.000 0.000 0.000 0.000 0.000 0.000 0.000 0.000 0.000 0.000 0.000 0.000 0.000 0.000 0.000 0.000 0.000 0.000 0.000 0.000 0.000 0.000 0.000 0.000 0.000 0.000 26/10/1977
0.000 0.000 0.000 0.000 0.000 0.000 0.000 0.000 0.000 0.000 0.000 0.000 0.000 0.000 0.000 0.000 0.000 0.000 0.000 0.000 0.000 0.000 0.000 0.000 0.000 0.000 0.000 0.000 0.000 0.000 27/10/1977
0.000 0.000 0.000 0.038 0.000 0.000 0.000 0.000 0.000 0.000 0.000 0.000 0.000 0.000 0.000 0.000 0.000 0.000 0.000 0.000 0.000 0.000 0.000 0.000 0.000 0.000 0.000 0.000 0.000 0.000 28/10/1977
0.000 0.000 0.000 0.000 0.000 0.000 0.000 0.000 0.000 0.000 0.000 0.000 0.000 0.000 0.000 0.000 0.000 0.000 0.000 0.000 0.000 0.000 0.000 0.000 0.000 0.000 0.000 0.000 0.000 0.000 29/10/1977
0.000 0.000 0.000 0.000 0.000 0.000 0.000 0.000 0.000 0.000 0.000 0.100 0.000 0.000 0.000 0.000 0.000 0.000 0.000 0.000 0.000 0.000 0.000 0.000 0.000 0.000 0.000 0.000 0.000 0.000 30/10/1977
0.000 0.000 0.000 0.000 0.000 0.000 0.000 0.000 0.000 0.000 0.000 0.000 0.000 0.000 0.000 0.000 0.000 0.000 0.000 0.000 0.000 0.000 0.000 0.000 0.000 0.000 0.000 0.000 0.100 0.000 31/10/1977
0.000 0.000 0.000 0.000 0.000 0.000 0.000 0.000 0.000 0.000 0.000 0.000 0.000 0.000 0.000 0.000 0.000 0.000 0.000 0.000 0.000 0.000 0.000 0.000 0.000 0.000 0.000 0.000 0.000 0.000 01/11/1977
0.000 0.000 0.000 0.000 0.000 0.000 0.000 0.000 0.000 0.000 0.000 0.000 0.000 0.000 0.000 0.000 0.000 0.000 0.000 0.000 0.000 0.000 0.000 0.000 0.000 0.000 0.000 0.000 0.000 0.000 02/11/1977
0.000 0.000 0.000 0.000 0.000 0.000 0.000 0.000 0.000 0.000 0.000 0.000 0.000 0.000 0.000 0.000 0.000 0.000 0.000 0.000 0.000 0.000 0.000 0.000 0.000 0.000 0.000 0.000 0.000 0.000 03/11/1977
0.000 0.000 0.000 0.000 0.000 0.000 0.000 0.000 0.000 0.000 0.000 0.000 0.000 0.000 0.000 0.000 0.000 0.000 0.000 0.000 0.000 0.000 0.000 0.000 0.000 0.000 0.000 0.000 0.000 0.000 04/11/1977
0.000 0.000 0.000 0.000 0.000 0.100 0.000 0.000 0.000 0.000 0.000 0.000 0.000 0.000 0.000 0.000 0.000 0.000 0.000 0.000 0.000 0.000 0.000 0.000 0.000 0.000 0.000 0.000 0.000 0.000 05/11/1977
0.294 0.288 0.324 0.623 0.270 0.286 0.288 0.324 0.302 0.209 0.294 0.295 0.389 0.392 0.208 0.350 0.153 0.229 0.231 0.188 0.183 0.153 0.228 0.229 0.304 0.405 0.218 0.337 0.265 0.309 06/11/1977
4.763 5.463 5.737 6.311 7.955 5.532 5.589 5.776 8.087 9.109 5.804 5.736 5.640 5.687 9.032 5.836 5.921 7.832 7.903 7.905 6.274 5.934 6.571 7.802 7.043 7.343 8.273 9.113 7.267 7.159 07/11/1977
2.476 2.117 2.365 3.562 4.167 2.116 2.131 2.380 5.226 5.825 2.403 2.305 3.126 3.138 5.780 2.477 2.312 5.949 6.006 5.427 3.298 2.317 2.859 5.922 5.944 6.576 7.361 8.259 8.168 6.027 08/11/1977
7.022 7.402 7.782 9.685 11.742 7.484 7.552 7.840 10.074 10.888 7.866 7.511 8.154 8.217 10.795 7.893 7.402 8.263 8.344 8.607 7.547 7.419 8.457 8.230 6.414 7.168 7.873 8.733 8.126 6.505 09/11/1977
1.133 1.370 1.020 0.863 0.672 1.380 1.388 1.028 0.180 0.100 2.585 1.236 0.585 0.577 0.100 2.590 0.909 0.776 0.785 0.675 2.394 0.909 1.479 0.774 0.351 2.050 0.918 1.431 1.249 0.357 10/11/1977
0.635 0.489 0.559 0.957 0.788 0.494 0.498 0.561 0.757 0.665 0.484 0.408 0.480 0.477 0.664 0.556 0.317 0.302 0.305 0.788 0.590 0.319 0.519 0.301 0.593 0.602 0.289 0.511 0.402 0.589 11/11/1977
1.031 0.997 0.685 0.776 0.830 1.010 1.019 0.674 1.031 0.822 0.938 0.947 0.944 0.946 0.816 1.028 0.690 0.900 0.904 0.895 1.099 0.692 1.035 0.899 0.805 1.232 0.644 0.950 0.826 0.818 12/11/1977
0.000 0.000 0.000 0.000 0.000 0.000 0.000 0.000 0.000 0.000 0.000 0.000 0.000 0.000 0.000 0.000 0.105 0.100 0.000 0.000 0.000 0.000 0.000 0.000 0.000 0.000 0.000 0.000 0.000 0.000 13/11/1977
0.000 0.000 0.000 0.000 0.000 0.000 0.000 0.000 0.000 0.000 0.000 0.100 0.000 0.000 0.000 0.000 0.000 0.000 0.000 0.000 0.000 0.000 0.000 0.000 0.000 0.000 0.000 0.121 0.156 0.000 14/11/1977
6.849 5.943 5.694 4.447 5.336 6.028 6.096 5.740 4.033 4.499 5.918 5.273 4.457 4.498 4.461 5.961 3.419 3.392 3.424 3.405 5.437 3.427 4.100 3.377 2.786 4.245 2.819 3.249 2.980 2.828 15/11/1977
0.000 0.000 0.000 0.227 0.100 0.000 0.000 0.000 0.251 0.182 0.000 0.000 0.170 0.171 0.180 0.000 0.000 0.000 0.000 0.511 0.000 0.000 0.000 0.000 0.230 0.000 0.000 0.000 0.000 0.234 16/11/1977
3.285 2.353 1.326 1.077 0.987 2.363 2.382 1.330 0.803 0.690 1.475 1.501 1.232 1.244 0.687 1.534 0.638 0.499 0.502 0.580 1.392 0.638 1.075 0.496 0.948 1.119 0.357 0.648 0.517 0.963 17/11/1977
2.070 1.370 1.134 1.142 1.167 1.386 1.399 1.143 1.338 1.482 1.212 1.326 1.309 1.321 1.473 1.400 1.408 1.429 1.443 1.546 1.396 1.411 1.414 1.423 1.797 1.729 1.540 1.567 1.478 1.824 18/11/1977
5.762 3.956 4.226 3.981 4.657 4.006 4.047 4.260 3.101 3.248 2.916 2.668 2.829 2.895 3.225 3.221 2.168 2.260 2.286 2.343 2.738 2.172 2.524 2.249 1.887 2.577 1.974 2.249 1.834 1.904 19/11/1977
0.231 0.221 0.311 0.450 0.394 0.225 0.225 0.310 0.347 0.257 0.107 0.140 0.261 0.268 0.240 0.159 0.000 0.201 0.202 0.167 0.000 0.000 0.000 0.201 0.161 0.000 0.000 0.000 0.000 0.168 20/11/1977
2.673 3.048 4.453 5.099 6.257 3.086 3.116 4.488 5.718 6.914 2.907 4.081 4.555 4.596 6.857 3.210 4.082 4.885 4.939 5.465 4.188 4.092 4.823 4.862 5.023 4.728 4.216 4.914 5.179 5.102 21/11/1977
4.682 5.719 6.875 9.220 10.200 5.792 5.852 6.930 9.163 9.942 5.839 6.809 8.097 8.172 9.868 5.820 7.526 8.842 8.940 8.698 6.780 7.544 8.351 8.801 8.690 7.683 7.979 8.666 9.181 8.827 22/11/1977
5.810 5.716 6.757 7.082 8.280 5.790 5.850 6.810 7.316 8.303 4.975 6.034 5.596 5.643 8.232 4.872 3.379 5.128 5.184 7.225 5.469 3.387 4.068 5.104 3.248 6.873 4.329 5.039 3.161 3.301 23/11/1977
11.822 13.234 10.149 10.589 13.357 13.392 13.522 10.230 13.020 14.431 9.081 10.054 13.309 13.433 14.307 9.313 10.430 11.536 11.661 12.334 7.579 10.454 11.666 11.483 10.810 6.646 8.858 9.528 8.461 10.974 24/11/1977
2.806 5.704 3.239 4.585 5.215 5.766 5.813 3.263 8.208 9.227 9.190 10.089 9.781 9.867 9.148 9.443 10.904 14.354 14.513 13.418 9.847 10.930 13.147 14.288 12.930 8.810 9.626 10.452 13.049 13.134 25/11/1977
0.131 0.106 0.105 0.000 0.000 0.107 0.107 0.103 0.134 0.000 0.209 0.000 0.165 0.171 0.000 0.290 0.158 0.000 0.000 0.145 0.450 0.158 0.281 0.000 0.147 0.969 0.183 0.385 0.270 0.148 26/11/1977
1.312 1.243 1.700 1.440 2.739 1.257 1.155 1.713 0.821 2.246 0.537 0.614 0.859 0.234 2.227 0.560 1.017 0.695 0.709 0.598 0.815 1.020 0.420 0.789 0.646 0.778 1.176 0.671 0.936 0.648 27/11/1977
9.546 10.898 9.583 9.999 11.249 11.036 11.148 9.660 10.927 12.076 14.288 12.659 13.045 13.166 11.973 14.269 13.546 13.049 13.193 12.223 14.765 13.578 14.222 12.989 12.079 14.002 13.438 13.831 12.900 12.269 28/11/1977
5.037 5.034 4.907 4.067 4.871 5.093 5.142 4.946 3.957 4.355 6.297 5.251 4.461 4.501 4.319 6.527 4.602 4.382 4.431 4.041 5.830 4.614 5.329 4.362 4.061 4.976 4.300 5.007 4.803 4.136 29/11/1977
4.300 5.020 5.927 6.931 8.060 5.080 5.129 5.979 6.333 7.124 4.205 4.494 5.072 5.119 7.064 4.324 3.397 4.032 4.078 4.240 4.443 3.405 4.082 4.013 4.449 3.925 3.689 4.330 4.564 4.518 30/11/1977
0.000 0.000 0.000 0.000 0.000 0.000 0.000 0.000 0.096 0.000 0.000 0.000 0.000 0.000 0.000 0.179 0.000 0.000 0.000 0.000 0.000 0.000 0.000 0.000 0.000 0.000 0.000 0.000 0.000 0.000 01/12/1977
0.000 0.000 0.000 0.000 0.000 0.000 0.000 0.000 0.000 0.000 0.000 0.000 0.000 0.100 0.000 0.000 0.000 0.000 0.000 0.000 0.000 0.000 0.000 0.000 0.000 0.000 0.000 0.000 0.000 0.000 02/12/1977
0.000 0.000 0.000 0.000 0.000 0.000 0.000 0.000 0.000 0.000 0.000 0.000 0.000 0.000 0.000 0.000 0.000 0.000 0.000 0.000 0.000 0.000 0.000 0.000 0.000 0.000 0.104 0.000 0.000 0.000 03/12/1977
0.000 0.000 0.129 0.000 0.000 0.000 0.000 0.000 0.047 0.000 0.100 0.000 0.000 0.000 0.000 0.000 0.000 0.000 0.000 0.000 0.000 0.000 0.096 0.000 0.000 0.000 0.000 0.000 0.100 0.000 04/12/1977
4.441 2.524 2.053 2.703 5.226 2.999 3.033 2.010 2.548 3.194 0.947 1.718 4.846 4.616 3.173 3.130 1.861 3.538 3.259 0.116 1.263 1.846 3.573 3.531 0.910 1.326 1.814 2.867 2.998 0.385 05/12/1977
3.444 2.527 1.854 1.971 2.177 2.544 2.568 1.949 1.377 1.625 2.151 1.977 1.259 1.270 1.587 2.260 1.501 1.592 1.670 1.538 2.160 1.501 1.766 1.596 1.456 1.855 1.448 1.603 1.582 1.563 06/12/1977
0.864 0.885 2.690 4.127 4.564 0.936 0.926 2.854 5.381 5.961 1.893 3.155 4.970 5.162 5.825 2.226 4.279 6.742 6.887 6.697 2.716 4.249 5.200 6.725 4.494 4.192 5.098 5.891 5.195 4.562 07/12/1977
0.000 0.000 0.000 0.000 0.000 0.000 0.000 0.000 0.000 0.000 0.000 0.000 0.000 0.000 0.000 0.240 0.000 0.048 0.000 0.000 0.000 0.000 0.000 0.052 0.000 0.000 0.000 0.000 0.000 0.000 08/12/1977
0.000 0.000 0.129 0.000 0.020 0.000 0.000 0.000 0.000 0.000 0.000 0.075 0.000 0.000 0.000 0.000 0.000 0.000 0.000 0.000 0.000 0.000 0.000 0.000 0.000 0.000 0.000 0.000 0.000 0.000 09/12/1977
0.000 0.000 0.000 0.000 0.000 0.000 0.000 0.000 0.000 0.000 0.000 0.000 0.000 0.000 0.000 0.000 0.000 0.000 0.000 0.000 0.000 0.000 0.096 0.000 0.000 0.151 0.000 0.000 0.000 0.000 10/12/1977
0.000 0.000 0.000 0.000 0.000 0.000 0.000 0.130 0.000 0.000 0.000 0.000 0.000 0.000 0.000 0.000 0.000 0.000 0.000 0.000 0.000 0.000 0.000 0.000 0.000 0.000 0.000 0.000 0.000 0.040 11/12/1977
0.584 0.403 0.560 2.177 2.672 0.413 0.408 0.566 1.839 2.126 0.432 0.774 1.113 1.145 2.114 0.701 0.985 1.156 1.184 1.792 0.478 0.986 1.196 1.151 2.360 0.318 0.302 0.469 1.202 2.399 12/12/1977
0.142 0.180 0.101 0.309 0.259 0.193 0.190 0.101 0.507 0.684 0.552 0.420 0.489 0.457 0.725 0.513 0.761 0.974 0.993 0.895 0.850 0.763 1.016 0.970 1.199 1.153 1.202 1.315 1.416 1.182 13/12/1977
0.000 0.000 0.000 0.000 0.000 0.000 0.000 0.000 0.000 0.000 0.000 0.000 0.000 0.000 0.000 0.000 0.000 0.000 0.000 0.000 0.000 0.000 0.000 0.000 0.000 0.000 0.000 0.098 0.000 0.000 14/12/1977
0.000 0.105 0.000 0.000 0.000 0.000 0.000 0.000 0.000 0.070 0.104 0.000 0.000 0.000 0.000 0.000 0.109 0.000 0.000 0.000 0.000 0.109 0.000 0.000 0.109 0.108 0.000 0.000 0.000 0.000 15/12/1977
0.000 0.000 0.000 0.000 0.000 0.000 0.000 0.000 0.000 0.000 0.000 0.000 0.000 0.000 0.000 0.000 0.000 0.000 0.000 0.000 0.000 0.000 0.000 0.000 0.000 0.000 0.000 0.000 0.000 0.000 16/12/1977
0.000 0.000 0.000 0.000 0.000 0.104 0.000 0.000 0.000 0.000 0.000 0.000 0.000 0.000 0.000 0.000 0.000 0.000 0.000 0.000 0.000 0.000 0.000 0.000 0.000 0.000 0.000 0.000 0.000 0.000 17/12/1977
0.115 0.000 0.000 0.000 0.000 0.000 0.000 0.000 0.046 0.000 0.000 0.000 0.000 0.000 0.000 0.000 0.000 0.000 0.000 0.000 0.000 0.000 0.000 0.000 0.000 0.000 0.000 0.000 0.000 0.000 18/12/1977
1.539 1.513 1.172 1.576 1.547 1.400 1.329 1.105 1.388 1.490 1.419 1.360 1.445 1.506 1.405 1.070 1.258 1.352 1.455 1.279 1.034 1.261 1.497 1.340 1.023 0.954 1.123 1.380 1.178 1.248 19/12/1977
0.000 0.000 0.000 0.000 0.000 0.000 0.000 0.000 0.000 0.000 0.000 0.000 0.000 0.000 0.000 0.000 0.100 0.000 0.039 0.000 0.000 0.000 0.000 0.000 0.000 0.000 0.000 0.000 0.000 0.000 20/12/1977
0.000 0.000 0.000 0.000 0.000 0.000 0.000 0.000 0.000 0.000 0.000 0.000 0.000 0.000 0.000 0.000 0.000 0.000 0.109 0.000 0.000 0.000 0.000 0.000 0.000 0.000 0.000 0.000 0.000 0.000 21/12/1977
0.588 0.747 0.709 0.706 0.587 0.760 0.783 0.715 0.419 0.416 0.797 0.713 0.660 0.664 0.413 0.778 0.289 0.534 0.546 0.413 0.541 0.289 0.524 0.526 0.394 0.239 0.129 0.215 0.275 0.388 22/12/1977
16.111 14.932 16.805 17.456 21.868 15.121 15.275 16.940 15.686 18.949 12.552 12.794 15.154 15.290 18.787 11.842 9.815 11.386 11.506 12.087 11.235 9.846 11.458 11.336 10.983 10.007 9.474 10.940 10.612 11.146 23/12/1977
0.153 0.248 0.332 0.602 0.429 0.249 0.273 0.333 0.177 0.102 0.353 0.266 0.190 0.186 0.101 0.343 0.376 0.251 0.254 0.171 0.575 0.377 0.619 0.249 0.671 0.573 0.408 0.628 0.626 0.676 24/12/1977
7.152 5.984 7.499 6.868 7.916 6.041 6.102 7.555 8.277 10.446 9.164 9.084 8.090 8.158 10.359 8.763 7.576 10.445 10.559 11.085 7.974 7.591 9.506 10.398 9.524 7.474 7.374 9.076 9.601 9.665 25/12/1977
0.728 0.986 0.703 0.937 0.806 1.007 1.192 0.708 1.169 1.192 1.093 2.242 1.634 1.638 1.297 1.343 2.339 1.905 1.966 0.928 1.271 2.345 2.793 1.902 1.161 2.218 1.768 1.852 1.608 1.240 26/12/1977
0.870 1.051 0.905 1.046 0.952 1.077 1.029 0.917 0.911 0.714 1.727 1.115 1.154 1.127 0.746 2.184 0.000 1.679 1.561 1.341 2.307 0.000 1.448 1.658 1.673 2.388 0.094 1.770 1.699 1.686 27/12/1977
0.000 0.000 0.000 0.000 0.000 0.000 0.000 0.000 0.000 0.000 0.000 0.000 0.000 0.000 0.000 0.000 0.000 0.000 0.000 0.084 0.000 0.000 0.000 0.000 0.000 0.000 0.000 0.000 0.000 0.000 28/12/1977
0.000 0.000 0.000 0.000 0.000 0.000 0.000 0.000 0.000 0.000 0.000 0.000 0.000 0.043 0.000 0.000 0.000 0.000 0.000 0.262 0.000 0.000 0.000 0.052 0.650 0.000 0.000 0.000 0.373 0.689 29/12/1977
0.632 0.318 0.193 0.561 0.690 0.362 0.363 0.198 1.173 1.345 0.267 0.200 0.829 0.838 1.351 0.334 0.261 0.929 0.929 2.302 0.224 0.258 0.576 0.925 2.902 0.367 0.632 0.944 1.700 3.013 30/12/1977
1.338 3.525 1.442 0.481 0.397 3.561 3.592 1.443 0.741 0.885 1.479 1.619 1.474 1.478 0.887 1.380 1.398 1.093 1.042 0.839 0.424 1.401 1.515 1.097 0.128 0.296 0.413 0.779 0.321 0.134 31/12/1977
11.370 11.040 11.439 10.623 14.779 11.212 11.337 11.558 12.552 14.528 8.955 9.934 11.199 11.303 14.449 8.423 7.844 11.237 11.365 12.293 7.890 7.861 10.656 11.185 10.792 7.614 7.850 10.118 10.063 10.962 01/01/1978
3.207 1.757 2.142 2.901 4.059 1.774 1.791 2.162 1.914 2.188 1.343 1.193 1.512 1.531 2.246 1.305 1.073 1.213 1.260 1.271 0.837 1.077 1.178 1.231 1.417 0.923 1.272 1.412 1.332 1.478 02/01/1978
0.000 0.000 0.000 0.000 0.000 0.000 0.000 0.000 0.000 0.000 0.000 0.000 0.000 0.000 0.000 0.000 0.000 0.000 0.000 0.000 0.000 0.000 0.000 0.000 0.000 0.000 0.000 0.000 0.000 0.000 03/01/1978
0.576 0.477 0.412 0.771 0.874 0.546 0.532 0.419 0.651 0.866 0.542 0.411 0.613 0.618 0.858 0.502 0.269 0.527 0.475 0.521 0.347 0.266 0.580 0.545 0.246 0.000 0.089 0.226 0.239 0.270 04/01/1978
0.000 0.075 0.109 0.593 0.839 0.100 0.089 0.105 0.834 0.902 0.124 0.193 0.510 0.468 0.905 0.111 0.241 0.722 0.681 0.911 0.194 0.236 0.558 0.750 0.903 0.197 0.228 0.595 0.821 0.902 05/01/1978
2.466 1.733 1.958 2.567 3.508 1.745 1.763 1.974 1.652 2.030 1.044 1.440 2.027 2.084 2.048 1.171 1.326 1.392 1.373 1.276 0.825 1.322 1.431 1.387 0.913 0.744 0.790 1.013 1.090 0.909 06/01/1978
2.062 1.694 1.748 2.179 3.165 1.703 1.717 1.752 2.230 2.801 2.491 1.920 2.180 2.245 2.773 2.599 2.391 2.387 2.424 2.245 2.948 2.390 2.801 2.366 1.951 2.256 2.109 2.398 2.160 2.047 07/01/1978
0.931 0.789 0.626 1.197 1.332 0.797 0.799 0.614 1.053 1.172 0.787 0.761 1.015 1.004 1.190 0.756 0.366 0.656 0.638 0.886 0.391 0.363 0.713 0.679 0.310 0.109 0.103 0.239 0.275 0.321 08/01/1978
0.171 0.117 0.100 0.368 0.330 0.125 0.153 0.100 0.459 0.574 0.102 0.108 0.273 0.302 0.639 0.098 0.000 0.299 0.304 0.499 0.073 0.000 0.177 0.301 0.468 0.000 0.000 0.172 0.191 0.449 09/01/1978
8.669 11.469 8.499 5.428 7.375 11.656 11.800 8.561 4.873 5.424 12.172 11.707 8.794 8.901 5.379 10.975 11.485 10.827 10.964 7.976 10.532 11.510 13.077 10.778 13.875 10.922 19.011 16.891 13.917 14.182 10/01/1978
0.000 0.000 0.000 0.000 0.000 0.000 0.000 0.000 0.000 0.000 0.000 0.000 0.000 0.000 0.000 0.000 0.000 0.000 0.000 0.000 0.000 0.000 0.000 0.000 0.316 0.000 0.000 0.104 0.131 0.337 11/01/1978
0.000 0.129 0.000 0.000 0.000 0.000 0.000 0.000 0.000 0.000 0.000 0.000 0.000 0.000 0.000 0.000 0.000 0.000 0.000 0.000 0.000 0.000 0.000 0.000 0.000 0.000 0.000 0.000 0.000 0.000 12/01/1978
0.000 0.000 0.000 0.000 0.000 0.000 0.000 0.000 0.000 0.000 0.178 0.000 0.000 0.000 0.000 0.000 0.000 0.000 0.000 0.000 0.000 0.000 0.000 0.000 0.000 0.000 0.000 0.000 0.000 0.000 13/01/1978
0.000 0.000 0.000 0.000 0.000 0.000 0.000 0.000 0.000 0.000 0.000 0.000 0.000 0.000 0.000 0.000 0.000 0.000 0.000 0.000 0.000 0.000 0.000 0.000 0.000 0.000 0.000 0.000 0.000 0.000 14/01/1978
0.134 0.169 0.159 0.300 0.171 0.169 0.170 0.163 0.156 0.000 0.153 0.157 0.182 0.181 0.000 0.131 0.122 0.127 0.122 0.000 0.000 0.122 0.146 0.126 0.000 0.000 0.000 0.124 0.000 0.000 15/01/1978
0.000 0.000 0.000 0.000 0.000 0.000 0.000 0.000 0.000 0.000 0.000 0.000 0.000 0.000 0.000 0.000 0.000 0.108 0.000 0.000 0.000 0.000 0.000 0.000 0.000 0.000 0.000 0.000 0.000 0.000 16/01/1978
0.000 0.000 0.000 0.000 0.000 0.000 0.000 0.000 0.000 0.000 0.000 0.000 0.000 0.000 0.000 0.000 0.000 0.000 0.000 0.000 0.000 0.000 0.000 0.000 0.000 0.000 0.000 0.000 0.000 0.000 17/01/1978
0.000 0.000 0.000 0.000 0.000 0.000 0.000 0.000 0.000 0.000 0.000 0.000 0.000 0.000 0.000 0.000 0.000 0.000 0.000 0.000 0.000 0.000 0.000 0.000 0.000 0.000 0.000 0.000 0.000 0.000 18/01/1978
0.000 0.000 0.000 0.000 0.000 0.000 0.000 0.000 0.000 0.000 0.000 0.000 0.000 0.000 0.000 0.000 0.000 0.000 0.000 0.000 0.000 0.000 0.000 0.000 0.000 0.000 0.000 0.000 0.000 0.000 19/01/1978
0.000 0.129 0.000 0.000 0.108 0.000 0.000 0.000 0.000 0.000 0.000 0.000 0.000 0.000 0.116 0.000 0.000 0.000 0.000 0.000 0.000 0.000 0.113 0.000 0.000 0.000 0.000 0.102 0.000 0.000 20/01/1978
4.354 4.553 4.748 5.623 6.406 4.589 4.631 4.780 5.328 5.928 4.826 4.913 5.661 5.840 5.770 4.962 4.970 5.289 5.376 4.936 5.218 4.877 5.958 5.239 4.641 5.285 5.205 6.245 5.775 4.712 21/01/1978
0.862 0.928 1.067 1.498 1.522 0.955 0.960 1.074 1.148 1.378 1.082 1.079 1.092 1.102 1.386 0.972 0.813 1.058 1.070 1.079 1.024 0.814 1.049 1.052 1.084 1.111 1.000 1.149 1.058 1.102 22/01/1978
3.555 0.688 1.014 1.155 1.231 0.699 0.722 1.022 0.211 0.181 0.000 0.000 0.000 0.000 0.189 0.000 0.000 0.000 0.000 0.000 0.000 0.000 0.000 0.000 0.000 0.000 0.000 0.000 0.000 0.000 23/01/1978
4.897 2.988 4.731 8.130 9.049 3.021 3.058 4.727 6.244 7.462 1.659 2.742 4.826 4.864 7.401 1.395 5.349 7.850 7.931 12.193 4.521 5.361 6.098 7.813 7.334 6.598 5.387 6.028 6.524 7.432 24/01/1978
10.960 9.299 9.155 9.987 10.945 9.446 9.529 9.228 8.223 10.372 8.633 9.255 8.517 8.556 10.287 8.486 5.955 6.742 6.752 6.634 6.552 5.966 7.169 6.715 4.110 4.332 3.470 4.345 4.462 4.163 25/01/1978
20.157 24.502 22.924 20.614 27.080 24.811 25.061 23.101 25.153 29.432 27.986 26.534 25.489 25.726 29.181 25.584 26.592 28.705 29.023 25.769 28.267 26.653 28.771 28.572 25.233 27.223 24.383 27.444 26.294 25.632 26/01/1978
10.012 12.185 10.286 8.182 9.101 12.339 12.330 10.361 9.462 10.886 13.965 13.370 12.250 12.361 10.799 13.293 13.692 14.415 14.575 12.435 14.071 13.724 16.309 14.348 16.728 15.551 15.222 18.353 17.544 16.982 27/01/1978
12.279 12.331 14.134 13.219 17.519 12.478 12.742 14.243 14.099 17.992 18.661 15.808 15.042 15.167 17.838 19.477 21.666 23.281 23.530 21.615 26.587 21.714 24.317 23.177 24.865 27.658 27.495 29.876 25.833 25.218 28/01/1978
0.150 0.000 0.550 1.787 2.098 0.000 0.000 0.564 1.252 1.575 0.000 0.000 0.733 0.724 1.535 0.000 0.000 0.390 0.431 0.877 0.000 0.000 0.119 0.391 0.479 0.000 0.000 0.000 0.173 0.451 29/01/1978
1.128 0.961 0.650 0.637 0.790 0.966 0.991 0.666 0.575 0.744 1.115 0.915 0.994 1.010 0.798 1.124 0.949 0.987 1.002 0.708 1.076 0.949 1.212 0.986 0.759 0.711 0.596 0.996 1.005 0.694 30/01/1978
5.475 5.156 7.405 14.966 19.233 5.220 5.269 7.460 7.380 8.825 1.548 3.827 5.562 5.614 8.756 1.273 1.920 3.953 3.999 4.605 1.068 1.922 2.383 3.902 3.088 0.951 1.164 1.398 2.483 3.136 31/01/1978
0.000 0.000 0.000 0.000 0.000 0.000 0.000 0.000 0.000 0.000 0.000 0.000 0.000 0.000 0.000 0.000 0.000 0.000 0.000 0.000 0.000 0.000 0.000 0.000 0.000 0.000 0.000 0.000 0.000 0.000 01/02/1978
0.000 0.000 0.000 0.000 0.000 0.000 0.000 0.000 0.000 0.000 0.079 0.000 0.000 0.000 0.000 0.107 0.000 0.000 0.000 0.000 0.000 0.000 0.000 0.000 0.000 0.000 0.000 0.000 0.000 0.000 02/02/1978
0.000 0.000 0.000 0.000 0.000 0.000 0.000 0.000 0.000 0.000 0.000 0.000 0.000 0.000 0.000 0.000 0.000 0.000 0.000 0.000 0.000 0.000 0.000 0.100 0.000 0.000 0.000 0.000 0.000 0.000 03/02/1978
0.000 0.000 0.000 0.000 0.000 0.000 0.000 0.000 0.000 0.000 0.000 0.000 0.000 0.000 0.000 0.000 0.000 0.000 0.000 0.000 0.000 0.000 0.000 0.000 0.000 0.000 0.000 0.000 0.000 0.000 04/02/1978
0.000 0.000 0.000 0.000 0.000 0.000 0.000 0.000 0.000 0.000 0.000 0.000 0.000 0.000 0.100 0.000 0.000 0.000 0.000 0.000 0.000 0.000 0.000 0.000 0.000 0.000 0.000 0.000 0.000 0.000 05/02/1978
0.184 0.161 0.000 0.100 0.000 0.161 0.172 0.000 0.000 0.000 0.139 0.143 0.119 0.120 0.000 0.150 0.070 0.134 0.134 0.000 0.147 0.070 0.175 0.134 0.000 0.146 0.109 0.183 0.147 0.000 06/02/1978
0.646 0.540 0.376 0.358 0.190 0.546 0.579 0.376 0.191 0.124 0.435 0.518 0.302 0.288 0.123 0.436 0.317 0.370 0.366 0.186 0.442 0.317 0.555 0.380 0.228 0.474 0.450 0.657 0.440 0.235 07/02/1978
0.000 0.000 0.000 0.000 0.000 0.000 0.000 0.000 0.000 0.000 0.000 0.000 0.000 0.000 0.000 0.000 0.000 0.000 0.075 0.000 0.000 0.000 0.000 0.000 0.000 0.000 0.000 0.000 0.000 0.000 08/02/1978
0.000 0.000 0.000 0.000 0.000 0.000 0.000 0.100 0.000 0.000 0.000 0.000 0.000 0.000 0.000 0.000 0.000 0.000 0.000 0.000 0.000 0.000 0.000 0.000 0.000 0.000 0.000 0.000 0.000 0.000 09/02/1978
0.263 0.240 0.212 0.435 0.270 0.241 0.266 0.214 0.336 0.271 0.332 0.283 0.219 0.215 0.266 0.315 0.205 0.315 0.316 0.272 0.476 0.206 0.392 0.314 0.261 0.513 0.228 0.423 0.381 0.269 10/02/1978
0.000 0.000 0.000 0.000 0.000 0.000 0.000 0.000 0.000 0.000 0.000 0.000 0.000 0.000 0.000 0.000 0.000 0.000 0.000 0.000 0.000 0.000 0.000 0.000 0.000 0.000 0.000 0.000 0.000 0.000 11/02/1978
0.337 0.263 0.166 0.000 0.000 0.273 0.258 0.167 0.000 0.000 0.361 0.202 0.161 0.160 0.000 0.419 0.162 0.000 0.000 0.000 0.237 0.162 0.195 0.000 0.000 0.137 0.000 0.168 0.000 0.000 12/02/1978
1.156 0.713 1.309 1.554 4.198 0.799 0.626 1.345 0.905 2.826 1.093 0.628 1.625 1.657 3.428 0.377 0.253 1.509 1.586 1.584 0.329 0.253 1.422 1.536 1.470 0.286 1.257 1.876 1.686 1.150 13/02/1978
0.000 0.000 0.000 0.000 0.000 0.000 0.000 0.000 0.000 0.000 0.000 0.000 0.000 0.000 0.000 0.000 0.000 0.000 0.000 0.000 0.000 0.000 0.000 0.000 0.000 0.000 0.000 0.000 0.000 0.000 14/02/1978
0.000 0.000 0.000 0.000 0.000 0.000 0.000 0.000 0.000 0.000 0.000 0.000 0.000 0.000 0.000 0.000 0.000 0.000 0.000 0.000 0.000 0.000 0.000 0.000 0.000 0.000 0.000 0.000 0.044 0.000 15/02/1978
0.000 0.000 0.000 0.000 0.000 0.000 0.000 0.000 0.000 0.000 0.000 0.000 0.000 0.000 0.000 0.000 0.000 0.000 0.000 0.000 0.000 0.000 0.000 0.000 0.000 0.000 0.000 0.000 0.000 0.000 16/02/1978
0.000 0.000 0.000 0.000 0.000 0.000 0.000 0.000 0.000 0.000 0.000 0.000 0.000 0.000 0.000 0.000 0.000 0.000 0.000 0.000 0.000 0.000 0.000 0.000 0.000 0.000 0.000 0.000 0.000 0.000 17/02/1978
0.000 0.000 0.000 0.125 0.000 0.000 0.000 0.000 0.000 0.000 0.000 0.000 0.000 0.000 0.000 0.000 0.100 0.000 0.000 0.000 0.000 0.000 0.000 0.000 0.000 0.000 0.000 0.000 0.000 0.000 18/02/1978
0.000 0.000 0.000 0.000 0.000 0.000 0.000 0.000 0.000 0.000 0.000 0.000 0.000 0.000 0.000 0.000 0.000 0.000 0.000 0.000 0.000 0.000 0.000 0.000 0.000 0.000 0.000 0.000 0.100 0.000 19/02/1978
0.000 0.000 0.000 0.000 0.000 0.000 0.000 0.000 0.000 0.000 0.000 0.000 0.000 0.000 0.000 0.000 0.000 0.000 0.000 0.000 0.000 0.062 0.000 0.000 0.000 0.000 0.000 0.000 0.000 0.000 20/02/1978
0.000 0.000 0.000 0.000 0.000 0.000 0.000 0.000 0.000 0.000 0.000 0.000 0.000 0.000 0.000 0.000 0.000 0.000 0.000 0.000 0.000 0.000 0.000 0.000 0.000 0.000 0.000 0.000 0.000 0.000 21/02/1978
0.000 0.000 0.000 0.000 0.000 0.000 0.000 0.000 0.000 0.000 0.000 0.000 0.000 0.000 0.000 0.000 0.000 0.000 0.000 0.000 0.000 0.000 0.000 0.000 0.000 0.000 0.000 0.000 0.000 0.000 22/02/1978
0.000 0.100 0.000 0.000 0.000 0.000 0.000 0.000 0.000 0.000 0.000 0.000 0.000 0.000 0.000 0.000 0.000 0.000 0.000 0.000 0.000 0.000 0.000 0.000 0.000 0.000 0.000 0.000 0.000 0.000 23/02/1978
2.731 3.188 2.416 3.350 3.588 3.223 3.280 2.403 7.504 9.002 4.499 4.293 5.290 5.335 8.930 4.919 7.046 10.864 10.976 10.165 5.922 7.062 8.024 10.817 5.680 9.031 8.370 9.992 7.782 5.764 24/02/1978
11.018 13.100 12.764 5.542 7.957 12.833 12.525 12.155 12.313 12.747 13.852 13.152 12.985 13.112 12.641 14.236 12.872 12.724 12.856 13.641 14.611 12.901 14.221 12.665 17.156 17.738 16.276 18.294 18.091 17.164 25/02/1978
6.766 7.411 7.780 8.339 9.738 7.829 8.000 8.063 9.827 11.145 8.673 8.390 11.167 11.702 10.970 8.364 11.187 11.572 11.987 10.335 8.629 11.203 11.527 11.409 10.959 8.440 10.617 11.278 11.206 10.802 26/02/1978
5.671 6.069 5.302 5.397 6.201 6.162 6.225 5.338 6.077 6.503 11.939 9.266 8.962 9.205 6.450 11.573 11.229 12.738 12.871 11.621 11.897 11.256 12.731 12.679 13.544 12.409 8.090 9.887 11.705 13.866 27/02/1978
1.992 2.289 5.437 9.324 11.699 2.351 2.294 5.465 9.258 11.098 2.712 3.038 5.284 5.356 10.939 2.777 3.505 5.006 5.117 7.623 2.625 3.513 4.030 4.984 5.832 2.215 2.547 2.820 3.786 6.004 28/02/1978
1.695 1.706 2.122 3.930 5.178 1.727 1.744 2.135 4.515 5.280 1.186 1.373 2.619 2.417 5.241 1.059 1.284 2.547 2.339 3.651 0.976 1.287 1.353 2.537 3.771 0.839 1.200 1.261 2.673 3.830 01/03/1978
8.371 9.129 6.662 7.236 6.165 9.299 9.047 6.750 3.793 4.386 7.262 7.633 5.440 5.535 4.322 7.714 5.623 4.110 3.215 3.289 7.680 5.637 5.778 4.070 2.301 6.973 5.438 5.067 3.355 2.407 02/03/1978
0.000 0.000 0.100 0.076 0.017 0.000 0.100 0.132 0.000 0.000 0.000 0.000 0.102 0.102 0.000 0.000 0.115 0.101 0.101 0.000 0.000 0.115 0.102 0.101 0.000 0.000 0.000 0.101 0.000 0.000 03/03/1978
0.000 0.000 0.000 0.000 0.000 0.000 0.000 0.000 0.000 0.000 0.000 0.000 0.000 0.000 0.000 0.000 0.000 0.000 0.000 0.000 0.000 0.000 0.000 0.000 0.000 0.000 0.000 0.000 0.000 0.000 04/03/1978
5.562 7.480 7.031 6.692 8.039 7.570 7.643 7.086 7.393 8.932 6.668 6.946 7.887 7.959 8.856 6.913 7.646 8.332 8.424 8.041 6.456 7.664 7.407 8.294 3.474 3.279 5.183 5.867 5.923 3.528 05/03/1978
2.319 5.125 4.892 5.068 6.561 4.902 4.951 4.931 9.213 11.400 12.234 10.447 10.350 10.501 11.292 13.220 9.654 13.288 13.510 13.395 7.503 9.676 11.363 13.211 14.349 5.885 6.616 6.636 10.375 14.926 06/03/1978
0.000 0.000 0.000 0.000 0.000 0.000 0.000 0.000 0.000 0.000 0.000 0.000 0.000 0.000 0.000 0.000 0.000 0.000 0.000 0.000 0.000 0.000 0.000 0.000 0.000 0.000 0.000 0.000 0.000 0.000 07/03/1978
0.000 0.000 0.000 0.000 0.000 0.000 0.000 0.000 0.000 0.000 0.000 0.000 0.000 0.000 0.000 0.000 0.000 0.000 0.000 0.000 0.000 0.000 0.000 0.000 0.000 0.000 0.000 0.000 0.000 0.000 08/03/1978
0.000 0.000 0.000 0.000 0.000 0.000 0.000 0.000 0.000 0.000 0.000 0.000 0.000 0.000 0.000 0.000 0.000 0.000 0.000 0.000 0.000 0.000 0.000 0.000 0.000 0.000 0.000 0.000 0.000 0.000 09/03/1978
0.000 0.000 0.000 0.000 0.000 0.000 0.000 0.000 0.000 0.000 0.000 0.000 0.000 0.000 0.000 0.000 0.000 0.000 0.000 0.000 0.000 0.000 0.000 0.000 0.000 0.000 0.000 0.000 0.000 0.000 10/03/1978
0.000 0.000 0.000 0.000 0.000 0.000 0.000 0.000 0.100 0.000 0.000 0.000 0.000 0.000 0.000 0.000 0.000 0.000 0.000 0.000 0.000 0.000 0.000 0.000 0.000 0.000 0.000 0.000 0.000 0.000 11/03/1978
0.000 0.000 0.000 0.000 0.000 0.000 0.000 0.000 0.000 0.000 0.000 0.000 0.000 0.000 0.000 0.000 0.000 0.000 0.000 0.000 0.000 0.000 0.000 0.000 0.000 0.000 0.000 0.000 0.000 0.000 12/03/1978
0.000 0.000 0.000 0.000 0.000 0.000 0.000 0.000 0.000 0.000 0.000 0.000 0.000 0.000 0.000 0.000 0.000 0.000 0.000 0.000 0.000 0.000 0.000 0.000 0.000 0.000 0.000 0.000 0.000 0.000 13/03/1978
0.000 0.000 0.000 0.000 0.000 0.000 0.000 0.000 0.000 0.000 0.000 0.000 0.000 0.000 0.000 0.000 0.000 0.000 0.000 0.000 0.000 0.000 0.000 0.000 0.000 0.000 0.000 0.000 0.000 0.000 14/03/1978
0.281 1.291 1.025 1.768 1.277 1.310 1.333 0.988 0.654 1.724 1.694 1.911 1.481 1.537 1.700 1.571 2.447 1.449 0.524 0.350 1.920 2.428 0.793 1.421 0.282 2.087 2.323 0.394 0.384 0.331 15/03/1978
1.406 1.279 1.696 2.076 2.002 1.295 1.309 1.709 1.966 2.356 1.083 1.312 1.605 1.618 2.266 0.986 0.878 1.608 1.623 2.190 0.706 0.880 1.096 1.601 1.874 0.468 0.605 0.841 1.316 1.903 16/03/1978
0.232 0.150 0.132 0.334 0.000 0.148 0.149 0.135 0.109 0.000 0.000 0.000 0.000 0.000 0.000 0.000 0.000 0.000 0.000 0.000 0.000 0.000 0.000 0.000 0.000 0.000 0.000 0.000 0.000 0.000 17/03/1978
0.000 0.000 0.000 0.000 0.000 0.000 0.000 0.000 0.000 0.000 0.000 0.000 0.000 0.000 0.000 0.000 0.000 0.000 0.000 0.000 0.000 0.000 0.000 0.000 0.000 0.000 0.000 0.000 0.000 0.000 18/03/1978
0.000 0.000 0.000 0.000 0.000 0.000 0.000 0.000 0.000 0.000 0.000 0.000 0.000 0.000 0.000 0.000 0.000 0.000 0.000 0.000 0.000 0.000 0.000 0.000 0.000 0.000 0.000 0.000 0.000 0.000 19/03/1978
0.000 0.000 0.000 0.000 0.000 0.000 0.000 0.000 0.000 0.000 0.000 0.000 0.000 0.000 0.000 0.000 0.000 0.000 0.000 0.000 0.000 0.000 0.000 0.000 0.000 0.000 0.000 0.000 0.000 0.000 20/03/1978
0.000 0.000 0.000 0.000 0.000 0.000 0.000 0.073 0.000 0.000 0.000 0.000 0.000 0.000 0.000 0.000 0.000 0.000 0.000 0.000 0.000 0.000 0.000 0.000 0.000 0.000 0.000 0.000 0.000 0.000 21/03/1978
0.000 0.000 0.000 0.000 0.000 0.000 0.000 0.000 0.000 0.000 0.075 0.000 0.000 0.000 0.000 0.000 0.000 0.000 0.000 0.000 0.000 0.000 0.000 0.000 0.000 0.000 0.000 0.000 0.000 0.000 22/03/1978
0.000 0.000 0.000 0.000 0.000 0.000 0.000 0.000 0.000 0.000 0.000 0.000 0.000 0.000 0.000 0.000 0.000 0.000 0.000 0.000 0.000 0.000 0.000 0.000 0.000 0.000 0.000 0.000 0.000 0.000 23/03/1978
0.000 0.000 0.000 0.000 0.000 0.000 0.000 0.000 0.000 0.000 0.134 0.000 0.112 0.112 0.000 0.000 0.000 0.000 0.000 0.000 0.000 0.000 0.102 0.000 0.000 0.000 0.000 0.000 0.000 0.000 24/03/1978
1.405 1.900 2.051 2.805 2.900 1.925 1.946 2.066 4.809 4.732 3.079 3.143 4.491 4.527 4.753 2.932 2.656 3.411 3.450 4.122 2.372 2.662 3.321 3.396 2.364 1.785 2.066 2.575 2.569 2.337 25/03/1978
2.285 2.392 2.551 2.934 3.225 2.422 2.482 2.571 4.584 4.221 2.587 3.394 4.052 4.090 4.185 2.541 3.250 4.625 4.665 5.039 3.440 3.245 4.476 4.608 6.033 3.810 3.728 4.623 5.704 6.040 26/03/1978
8.610 9.613 13.172 10.408 11.436 9.699 9.788 13.273 10.410 10.942 7.395 8.620 15.622 15.760 10.850 7.906 10.282 16.316 16.486 15.569 7.383 10.304 11.259 16.245 15.068 8.999 11.173 12.363 15.396 15.298 27/03/1978
15.303 10.834 15.477 11.961 15.251 10.972 11.084 15.600 12.181 15.523 10.262 10.374 13.410 13.533 15.390 10.321 9.323 11.220 11.345 10.165 8.561 9.345 10.432 11.169 12.016 7.674 9.696 10.639 11.433 12.205 28/03/1978
0.124 0.160 0.889 1.186 1.341 0.162 0.161 0.893 0.899 1.301 0.100 0.160 0.569 0.561 1.288 0.000 0.000 0.546 0.512 0.827 0.000 0.000 0.124 0.546 0.948 0.000 0.114 0.172 0.395 0.963 29/03/1978
6.500 7.745 7.103 8.399 10.108 7.842 7.920 7.161 8.052 9.881 9.056 8.098 7.990 8.064 9.797 8.872 8.773 7.997 8.085 8.699 9.073 8.794 8.655 7.960 16.944 19.211 19.514 17.968 17.584 17.211 30/03/1978
4.677 3.535 4.583 5.972 6.627 3.578 3.614 4.620 5.102 5.404 3.148 3.622 4.721 4.700 5.359 2.799 2.326 3.723 3.765 4.830 2.194 2.330 3.006 3.706 2.519 1.480 1.407 1.775 2.238 2.550 31/03/1978
9.465 10.959 11.565 12.619 15.902 11.099 11.212 11.657 13.440 16.160 10.738 12.022 13.896 14.023 16.026 10.866 11.823 14.106 14.261 13.712 10.911 11.850 13.562 14.042 12.794 9.721 11.116 11.899 11.927 12.995 01/04/1978
11.667 11.805 11.683 12.914 16.216 11.956 12.078 11.776 13.896 16.391 12.562 12.748 14.152 14.281 16.257 12.888 14.573 16.274 16.453 15.924 14.352 14.607 16.345 16.199 16.590 14.747 15.150 16.462 16.515 16.851 02/04/1978
0.975 1.054 0.995 1.030 1.094 1.067 1.077 1.002 0.779 1.083 1.629 1.339 1.110 1.116 1.087 1.615 1.375 1.058 1.066 0.814 2.109 1.378 1.700 1.055 1.010 3.050 1.882 2.312 1.676 1.025 03/04/1978
4.045 4.880 5.070 5.987 6.646 5.055 5.107 5.110 6.229 6.965 4.922 5.518 5.853 5.907 6.907 4.508 5.249 6.152 6.221 6.607 4.461 5.260 5.995 6.124 6.609 4.528 4.896 5.676 6.155 6.713 04/04/1978
4.457 5.417 5.002 5.738 6.324 5.508 5.563 5.042 6.038 6.754 4.859 5.108 5.725 5.778 6.698 4.361 3.364 4.575 4.625 4.619 3.224 3.371 4.221 4.555 4.552 4.173 5.455 5.989 4.626 4.623 05/04/1978
8.024 8.519 7.817 7.341 8.604 8.954 9.038 7.934 6.556 7.945 7.761 7.199 6.641 6.703 7.877 7.965 8.469 7.361 7.442 6.524 9.134 8.489 8.320 7.327 9.131 9.733 10.106 11.261 10.468 9.274 06/04/1978
6.738 7.615 6.123 7.649 8.906 7.708 7.784 6.171 6.397 7.372 7.350 6.205 5.880 5.935 7.310 7.564 5.889 5.874 5.940 6.207 6.798 5.903 6.246 5.847 5.896 6.440 6.269 6.418 6.214 5.989 07/04/1978
8.524 11.836 15.775 21.590 22.696 11.974 12.087 15.901 28.639 26.196 11.966 12.418 13.757 13.883 25.973 11.480 13.209 13.771 13.923 13.672 13.643 13.240 14.444 13.708 12.276 12.770 15.830 16.090 12.190 12.458 08/04/1978
1.320 0.885 1.982 4.026 4.116 0.894 0.902 1.998 4.609 4.287 0.846 1.671 3.397 3.428 4.252 0.731 2.628 4.552 4.596 5.253 1.213 2.634 3.214 4.535 5.071 1.538 2.419 2.663 3.764 5.116 09/04/1978
3.839 3.867 3.882 4.804 5.355 3.916 3.966 3.913 5.200 5.131 3.864 3.399 4.528 4.562 5.314 3.891 3.399 5.015 5.045 5.534 2.721 3.399 4.560 4.994 6.369 2.349 3.317 4.454 5.055 6.416 10/04/1978
3.020 2.174 2.123 2.042 2.068 2.189 2.216 2.123 2.225 2.490 1.713 1.773 2.268 2.241 2.484 1.855 2.047 2.556 2.591 2.177 2.440 2.052 2.298 2.559 1.676 2.657 2.029 2.220 1.611 1.702 11/04/1978
13.540 13.079 14.811 14.767 16.864 13.241 13.372 14.949 24.622 23.946 21.666 19.181 25.957 26.184 23.743 20.295 11.446 11.111 11.228 13.124 10.569 11.472 11.782 11.062 11.529 9.397 10.444 10.724 10.540 11.705 12/04/1978
20.176 19.186 19.305 22.608 23.323 19.430 19.629 19.459 24.738 21.502 15.376 15.439 22.954 23.165 21.318 14.903 16.961 18.854 19.055 16.392 15.518 17.001 18.314 18.770 13.690 12.889 15.421 15.803 15.449 13.904 13/04/1978
0.100 0.100 0.000 0.000 0.000 0.000 0.000 0.000 0.000 0.000 0.000 0.000 0.000 0.000 0.000 0.000 0.000 0.000 0.000 0.000 0.000 0.000 0.000 0.000 0.000 0.000 0.000 0.000 0.000 0.000 14/04/1978
0.000 0.000 0.000 0.000 0.000 0.000 0.000 0.000 0.000 0.000 0.000 0.000 0.000 0.000 0.000 0.000 0.000 0.000 0.000 0.000 0.118 0.000 0.000 0.000 0.000 0.137 0.000 0.104 0.000 0.000 15/04/1978
0.401 0.309 0.703 1.006 1.058 0.310 0.345 0.709 0.588 0.780 0.291 0.427 0.772 0.772 0.789 0.424 0.345 0.430 0.415 0.409 0.164 0.343 0.513 0.429 0.476 0.000 0.000 0.000 0.138 0.472 16/04/1978
0.000 0.000 0.000 0.000 0.000 0.000 0.000 0.000 0.000 0.000 0.000 0.000 0.000 0.000 0.000 0.000 0.000 0.000 0.000 0.213 0.000 0.000 0.000 0.000 0.000 0.000 0.000 0.000 0.000 0.000 17/04/1978
1.166 0.727 0.896 1.300 1.448 0.743 0.752 0.878 1.039 1.360 0.119 0.357 0.904 0.908 1.350 0.164 0.229 0.597 0.623 1.261 0.435 0.224 0.429 0.630 0.872 1.049 0.938 1.099 0.461 0.900 18/04/1978
2.086 1.082 1.360 2.045 2.071 1.104 1.140 1.347 1.777 2.004 0.999 0.744 1.272 1.263 1.971 1.084 0.792 0.819 0.836 1.319 1.094 0.784 0.905 0.827 0.871 1.402 1.251 1.441 0.863 0.900 19/04/1978
3.088 1.561 2.166 2.661 2.797 1.589 1.612 2.172 2.229 2.494 1.756 0.975 1.673 1.688 2.488 1.887 1.213 1.032 1.015 1.383 1.706 1.207 1.374 1.047 0.871 1.595 1.609 1.781 1.315 0.899 20/04/1978
1.472 1.526 5.153 7.986 10.067 1.559 1.578 5.191 4.829 5.249 2.434 2.121 5.557 5.608 5.206 2.545 3.145 6.373 6.444 5.066 2.641 3.152 3.640 6.344 5.233 2.905 4.922 5.303 7.741 5.359 21/04/1978
1.784 3.162 4.201 5.201 6.243 3.207 3.238 4.227 3.984 4.904 4.660 4.410 2.238 2.200 4.864 4.886 1.497 1.672 1.716 2.775 3.722 1.503 1.681 1.665 2.308 1.070 0.790 0.894 1.462 2.309 22/04/1978
2.883 2.275 2.967 3.632 4.434 2.293 2.322 2.991 2.562 2.914 3.612 3.029 3.544 3.571 2.876 3.378 4.649 3.694 3.757 2.387 4.258 4.660 5.034 3.679 3.463 3.891 4.113 4.361 3.268 3.507 23/04/1978
4.034 4.388 2.446 1.708 1.683 4.435 4.429 2.457 1.639 1.871 1.466 2.815 2.597 2.655 1.870 1.625 2.703 2.990 3.042 1.280 1.720 2.709 3.196 2.976 1.394 2.152 2.808 3.331 4.975 1.395 24/04/1978
4.705 6.380 4.797 4.680 5.722 6.469 6.536 4.836 6.112 6.595 3.955 4.835 5.499 5.551 6.539 3.699 6.353 7.825 7.913 6.847 5.107 6.368 7.133 7.788 3.907 6.708 7.012 7.815 5.912 3.953 25/04/1978
1.469 1.409 0.927 0.716 0.705 1.419 1.425 0.903 0.569 0.714 2.205 1.406 0.781 0.780 0.731 2.291 0.928 0.562 0.568 0.736 1.426 0.932 1.077 0.577 1.113 0.984 0.348 0.509 0.623 1.096 26/04/1978
6.917 9.630 7.900 7.754 9.383 9.752 9.852 7.963 8.777 9.296 4.072 4.357 8.289 8.365 9.224 3.973 5.474 5.817 5.881 6.751 3.626 5.487 5.787 5.791 6.589 5.694 6.281 6.941 7.424 6.693 27/04/1978
7.047 6.619 7.185 6.780 8.335 6.700 6.765 7.231 6.474 7.401 8.603 7.121 6.935 6.999 7.338 7.759 7.441 6.342 6.412 5.079 6.148 7.459 7.624 6.313 5.610 5.239 5.456 5.933 5.231 5.699 28/04/1978
4.372 3.794 4.712 6.591 8.123 3.843 3.883 4.748 6.350 7.009 2.611 3.387 5.101 5.146 6.949 2.221 4.050 4.516 4.566 5.702 1.786 4.059 4.444 4.495 4.489 2.177 2.807 3.195 4.395 4.560 29/04/1978
4.905 4.753 4.068 3.796 4.975 4.809 4.855 4.099 4.028 4.937 4.491 4.120 4.292 4.331 4.898 4.212 3.940 4.143 4.188 3.671 3.796 3.949 4.367 4.124 3.467 2.753 3.280 3.499 3.764 3.521 30/04/1978
22.526 18.071 18.119 18.495 22.838 18.300 18.487 18.263 17.805 22.179 16.346 16.879 17.868 18.027 21.992 13.936 15.981 16.497 16.680 15.315 14.317 16.018 17.068 16.421 14.437 13.056 14.192 15.382 14.695 14.665 01/05/1978
1.563 2.026 2.034 3.530 4.315 2.046 2.063 2.047 4.601 5.335 1.639 2.647 3.399 3.430 5.297 1.423 2.109 3.511 3.549 4.687 1.110 2.113 2.466 3.495 3.941 0.323 1.959 2.254 3.246 4.003 02/05/1978
4.077 4.579 5.043 6.883 8.530 4.636 4.683 5.077 10.665 11.016 5.177 5.522 7.455 7.514 10.923 4.892 8.749 11.524 11.651 14.524 6.218 8.769 9.326 11.471 16.767 7.358 10.999 12.130 14.773 17.030 03/05/1978
0.201 1.249 2.483 3.630 4.429 1.276 1.276 2.491 6.204 6.671 1.506 3.575 4.972 5.039 6.616 1.654 6.314 8.337 8.429 9.863 3.935 6.329 7.066 8.298 10.608 6.999 8.252 9.174 10.210 10.770 04/05/1978
0.000 0.000 0.000 0.000 0.000 0.000 0.000 0.000 0.000 0.000 0.000 0.000 0.000 0.000 0.000 0.000 0.000 0.000 0.000 0.000 0.000 0.000 0.000 0.000 0.000 0.000 0.000 0.000 0.000 0.000 05/05/1978
7.693 7.580 7.905 6.218 7.376 7.677 7.756 7.968 9.382 9.937 3.126 4.657 7.442 7.511 9.843 3.052 5.244 8.292 8.384 8.390 2.704 5.256 5.542 8.254 7.420 3.181 6.066 6.524 5.911 7.538 06/05/1978
9.854 9.793 5.752 6.455 7.623 9.918 10.020 5.798 6.709 7.162 11.372 9.302 8.961 8.982 7.101 9.889 8.174 7.462 7.545 4.898 9.745 8.193 9.153 7.428 4.767 8.154 7.804 8.571 7.072 4.837 07/05/1978
1.227 0.420 0.869 1.797 1.769 0.428 0.482 0.854 0.520 0.646 0.286 0.178 0.160 0.162 0.650 0.416 0.799 0.803 0.811 0.354 0.931 0.797 0.920 0.809 0.838 0.283 0.582 0.729 1.090 0.872 08/05/1978
7.813 7.839 6.653 7.481 9.033 7.939 8.020 6.714 7.175 7.435 5.228 6.712 8.239 8.315 7.374 5.670 5.175 5.799 5.863 5.761 5.556 5.188 5.502 5.773 5.679 3.953 3.705 3.903 6.504 5.773 09/05/1978
7.890 6.698 6.891 6.564 7.688 6.779 6.845 6.941 6.759 8.181 6.046 6.964 8.027 8.101 8.112 6.199 7.093 7.203 7.282 2.986 6.231 7.110 7.001 7.170 5.469 4.562 5.328 5.941 4.377 5.552 10/05/1978
6.261 7.657 6.308 6.195 6.875 7.751 7.828 6.358 6.087 6.808 8.839 7.254 7.916 7.989 6.751 8.751 11.104 11.447 11.575 12.262 10.752 11.130 12.058 11.394 13.207 9.770 10.468 11.496 12.694 13.413 11/05/1978
0.000 0.000 0.160 0.221 0.166 0.000 0.000 0.162 0.000 0.000 0.000 0.000 0.000 0.000 0.000 0.000 0.000 0.000 0.000 0.000 0.000 0.000 0.000 0.000 0.000 0.000 0.000 0.000 0.000 0.000 12/05/1978
0.000 0.000 0.000 0.000 0.000 0.000 0.000 0.000 0.000 0.000 0.000 0.000 0.000 0.000 0.000 0.000 0.000 0.000 0.000 0.000 0.000 0.000 0.000 0.000 0.000 0.000 0.000 0.000 0.000 0.000 13/05/1978
0.000 0.000 0.000 0.000 0.000 0.000 0.000 0.000 0.000 0.000 0.000 0.000 0.000 0.000 0.000 0.000 0.000 0.000 0.000 0.000 0.000 0.000 0.000 0.000 0.000 0.000 0.000 0.000 0.000 0.000 14/05/1978
1.806 2.691 3.291 6.729 7.276 2.725 2.842 3.323 10.080 10.455 3.917 3.472 4.745 4.782 10.366 4.206 5.184 6.974 7.050 11.437 4.367 5.195 6.146 6.942 12.958 4.990 7.582 8.898 10.932 13.155 15/05/1978
6.276 6.927 6.370 4.975 5.634 7.015 7.104 6.421 7.166 7.504 7.051 7.289 9.182 9.260 7.442 7.420 7.331 9.736 9.841 8.768 4.422 7.348 7.870 9.693 7.914 2.300 4.220 5.424 6.714 8.042 16/05/1978
1.346 2.137 1.381 0.873 0.929 2.163 2.217 1.406 1.689 1.677 3.533 3.455 2.301 2.392 1.663 3.771 5.434 4.412 4.487 2.670 6.331 5.445 6.316 4.393 8.565 7.144 7.316 7.909 7.230 8.694 17/05/1978
0.000 0.135 0.095 0.115 0.000 0.137 0.142 0.100 0.122 0.000 0.470 0.141 0.217 0.218 0.000 0.420 0.120 0.000 0.000 0.224 0.670 0.120 0.168 0.000 0.987 0.313 0.131 0.182 0.619 1.002 18/05/1978
0.000 0.000 0.000 0.000 0.000 0.000 0.000 0.000 0.000 0.000 0.000 0.000 0.000 0.000 0.000 0.000 0.000 0.000 0.000 0.000 0.000 0.000 0.000 0.000 0.000 0.000 0.000 0.000 0.000 0.000 19/05/1978
0.000 0.000 0.000 0.000 0.000 0.000 0.000 0.000 0.000 0.000 0.000 0.000 0.000 0.000 0.000 0.000 0.000 0.000 0.000 0.000 0.000 0.000 0.000 0.000 0.000 0.000 0.000 0.000 0.000 0.000 20/05/1978
0.000 0.000 0.000 0.000 0.000 0.000 0.000 0.000 0.000 0.000 0.000 0.000 0.000 0.000 0.000 0.000 0.000 0.000 0.000 0.000 0.000 0.000 0.000 0.000 0.000 0.000 0.000 0.000 0.000 0.000 21/05/1978
0.000 0.000 0.000 0.000 0.000 0.000 0.000 0.000 0.000 0.000 0.000 0.106 0.000 0.000 0.000 0.000 0.000 0.000 0.000 0.000 0.112 0.000 0.121 0.000 0.000 0.000 0.631 0.699 0.221 0.000 22/05/1978
1.379 2.388 3.440 3.564 3.645 2.417 2.441 3.466 4.584 4.761 3.905 4.473 6.500 6.560 4.721 3.279 3.826 6.544 6.616 5.768 3.083 3.835 4.660 6.514 4.123 4.578 4.179 4.832 4.849 4.189 23/05/1978
0.577 1.099 0.979 1.389 1.670 1.111 1.128 0.987 2.351 2.763 0.744 1.706 2.168 2.203 2.741 0.823 1.265 2.207 2.228 4.563 1.740 1.267 1.492 2.199 4.161 1.254 0.999 1.211 2.647 4.227 24/05/1978
0.000 0.000 0.000 0.716 0.848 0.000 0.000 0.000 0.718 0.955 0.000 0.000 0.132 0.132 0.954 0.000 0.000 0.469 0.464 0.786 0.000 0.000 0.108 0.467 0.771 0.000 0.150 0.247 0.627 0.777 25/05/1978
0.000 0.000 0.000 0.000 0.000 0.000 0.000 0.000 0.000 0.000 0.000 0.000 0.000 0.000 0.000 0.000 0.000 0.000 0.000 0.000 0.000 0.000 0.000 0.000 0.000 0.000 0.000 0.000 0.000 0.000 26/05/1978
0.000 0.000 0.000 0.000 0.000 0.000 0.000 0.000 0.000 0.000 0.000 0.000 0.000 0.000 0.000 0.000 0.000 0.000 0.000 0.000 0.000 0.000 0.000 0.000 0.000 0.000 0.000 0.000 0.000 0.000 27/05/1978
0.000 0.000 0.000 0.000 0.000 0.000 0.000 0.000 0.000 0.000 0.000 0.000 0.000 0.000 0.000 0.000 0.000 0.000 0.000 0.000 0.000 0.000 0.000 0.000 0.000 0.000 0.000 0.000 0.000 0.000 28/05/1978
0.000 0.000 0.000 0.000 0.000 0.000 0.000 0.000 0.000 0.000 0.000 0.000 0.000 0.000 0.000 0.000 0.000 0.000 0.000 0.000 0.000 0.000 0.000 0.000 0.000 0.000 0.000 0.000 0.000 0.000 29/05/1978
0.000 0.000 0.000 0.000 0.000 0.000 0.000 0.000 0.000 0.000 0.000 0.000 0.000 0.000 0.000 0.000 0.000 0.000 0.000 0.000 0.000 0.000 0.000 0.000 0.000 0.000 0.000 0.000 0.000 0.000 30/05/1978
0.000 0.000 0.000 0.000 0.000 0.000 0.000 0.000 0.000 0.000 0.000 0.000 0.000 0.000 0.000 0.000 0.000 0.000 0.000 0.000 0.000 0.000 0.000 0.000 0.000 0.000 0.000 0.000 0.000 0.000 31/05/1978
0.000 0.000 0.000 0.000 0.000 0.000 0.000 0.000 0.000 0.000 0.000 0.000 0.000 0.000 0.000 0.000 0.000 0.000 0.000 0.000 0.000 0.000 0.000 0.000 0.000 0.000 0.000 0.000 0.000 0.000 01/06/1978
5.955 5.982 5.855 5.402 6.664 6.058 6.120 5.901 5.756 6.693 5.453 5.810 5.651 5.702 6.603 4.996 4.375 4.000 4.044 5.621 4.671 4.385 4.942 3.981 5.504 4.577 4.060 4.615 4.887 5.590 02/06/1978
6.966 4.333 5.997 4.654 4.441 4.389 4.433 6.044 3.519 4.395 2.931 2.880 3.425 3.457 4.359 2.856 2.221 2.392 2.419 2.770 2.233 2.226 2.199 2.381 2.427 1.974 2.728 2.518 1.972 2.465 03/06/1978
0.000 0.000 0.000 0.000 0.000 0.000 0.000 0.000 0.000 0.000 0.000 0.000 0.000 0.000 0.000 0.000 0.000 0.000 0.000 0.170 0.000 0.000 0.000 0.000 0.000 0.160 0.155 0.100 0.000 0.000 04/06/1978
0.000 0.000 0.000 0.000 0.000 0.000 0.000 0.000 0.000 0.000 0.000 0.000 0.000 0.000 0.000 0.000 0.000 0.000 0.000 0.170 0.000 0.000 0.000 0.118 0.000 0.000 0.000 0.000 0.000 0.000 05/06/1978
2.723 7.729 8.216 10.001 12.001 7.827 7.907 8.281 17.057 16.264 18.257 18.801 18.323 18.493 16.126 14.387 12.411 10.924 11.048 6.784 14.037 12.440 16.834 10.873 1.825 6.916 3.668 3.450 2.424 1.854 06/06/1978
0.000 0.000 0.000 0.000 0.000 0.000 0.000 0.000 0.000 0.110 0.000 0.000 0.000 0.000 0.000 0.000 0.000 0.000 0.000 0.000 0.181 0.000 0.000 0.000 0.000 0.000 0.000 0.000 0.130 0.000 07/06/1978
0.000 0.000 0.000 0.000 0.000 0.000 0.000 0.000 0.000 0.000 0.000 0.000 0.000 0.000 0.000 0.000 0.121 0.000 0.000 0.000 0.000 0.000 0.000 0.000 0.000 0.238 0.000 0.000 0.000 0.000 08/06/1978
9.047 12.563 14.006 12.780 14.525 12.719 12.847 14.112 16.081 14.147 12.519 14.243 16.379 16.528 14.029 9.433 11.717 15.737 15.904 9.281 9.870 11.745 16.211 15.667 6.325 11.152 10.479 14.643 9.936 6.419 09/06/1978
0.567 0.610 0.729 0.853 1.069 0.614 0.617 0.731 0.752 0.996 0.507 0.661 0.728 0.732 0.989 0.360 0.475 0.754 0.758 0.719 0.395 0.476 0.682 0.752 0.487 0.441 0.475 0.676 0.790 0.490 10/06/1978
2.586 3.139 3.055 2.564 3.065 3.170 3.195 3.075 3.469 3.580 4.162 2.970 3.941 3.978 3.550 3.994 3.482 2.368 2.394 2.486 3.282 3.490 3.956 2.357 2.716 4.146 2.937 3.271 3.221 2.755 11/06/1978
0.000 0.000 0.000 0.000 0.000 0.000 0.000 0.000 0.000 0.000 0.000 0.000 0.000 0.000 0.000 0.000 0.121 0.000 0.000 0.000 0.000 0.000 0.000 0.000 0.000 0.191 0.000 0.000 0.000 0.000 12/06/1978
7.638 4.682 3.360 2.395 2.971 4.741 4.790 3.387 0.940 1.295 6.630 3.656 1.835 1.852 1.289 5.438 1.011 0.792 0.798 0.705 2.421 1.014 1.329 0.789 0.393 0.758 0.726 0.907 0.424 0.394 13/06/1978
10.672 8.090 8.166 9.414 11.417 8.193 8.277 8.231 6.616 7.170 8.506 7.101 6.192 6.246 7.109 6.919 6.466 6.043 6.105 5.612 7.034 6.481 7.074 6.018 4.494 5.321 5.344 6.267 4.817 4.552 14/06/1978
6.846 5.550 6.911 7.659 9.164 5.620 5.678 6.965 7.952 8.664 11.723 9.475 8.635 8.712 8.590 9.059 10.887 9.382 9.484 5.178 8.145 10.913 15.466 9.339 10.210 7.286 9.643 13.170 10.541 10.372 15/06/1978
1.719 1.814 1.768 3.488 3.732 1.836 1.853 1.782 3.758 3.818 2.810 2.087 2.588 2.611 3.786 2.739 2.096 3.975 4.019 5.693 3.875 2.101 2.401 3.957 6.881 3.842 4.268 5.011 4.398 6.984 16/06/1978
0.000 0.000 0.000 0.000 0.000 0.000 0.000 0.000 0.000 0.000 0.000 0.000 0.000 0.000 0.000 0.000 0.000 0.000 0.000 0.000 0.000 0.000 0.000 0.000 0.000 0.000 0.000 0.000 0.000 0.000 17/06/1978
0.000 0.000 0.000 0.000 0.000 0.000 0.000 0.000 0.000 0.000 0.000 0.000 0.000 0.000 0.000 0.000 0.000 0.000 0.000 0.000 0.000 0.000 0.100 0.000 0.000 0.000 0.000 0.000 0.000 0.000 18/06/1978
0.000 0.000 0.000 1.184 0.000 0.000 0.422 0.000 0.000 0.000 0.000 0.929 0.000 0.000 0.000 0.000 0.000 1.214 0.000 0.705 0.000 0.000 0.198 0.000 0.000 0.000 0.000 0.447 0.000 0.000 19/06/1978
2.956 2.064 1.375 2.334 2.424 2.077 2.092 0.000 1.680 2.286 2.572 1.254 0.000 0.000 2.267 2.252 0.000 0.000 0.000 2.039 0.000 0.000 0.104 0.554 2.083 0.000 0.000 1.199 0.000 2.114 20/06/1978
13.447 13.986 19.046 21.019 22.078 14.158 14.298 19.199 19.680 21.036 13.953 18.744 18.682 18.849 20.856 12.020 14.732 17.398 17.586 16.602 12.136 14.767 14.911 17.320 14.980 12.110 13.975 14.120 15.608 15.217 21/06/1978
6.973 6.661 6.259 8.854 8.842 6.746 6.815 6.309 6.636 7.967 4.723 5.279 5.773 5.822 7.900 4.168 2.954 4.261 4.307 4.531 4.071 2.961 3.668 4.242 4.798 3.308 3.419 3.965 3.780 4.861 22/06/1978
0.114 0.000 0.000 0.000 0.000 0.000 0.000 0.000 0.000 1.035 0.000 0.180 0.000 0.000 0.000 0.000 0.000 0.000 0.159 0.677 0.000 0.178 0.000 1.251 0.000 0.000 0.202 0.548 0.000 0.000 23/06/1978
1.730 2.154 2.081 2.268 2.350 2.173 2.191 2.090 2.073 2.715 2.961 2.711 2.217 2.237 2.694 2.753 2.496 2.701 2.727 2.477 3.145 2.501 2.806 2.690 3.108 3.090 2.672 3.116 3.088 3.154 24/06/1978
0.000 0.000 0.575 0.503 0.000 0.000 0.976 0.000 0.000 0.000 0.000 0.000 0.000 0.000 0.000 0.000 0.000 0.000 0.000 0.000 0.000 0.000 0.000 0.000 0.000 0.000 0.000 0.000 0.000 0.000 25/06/1978
0.000 0.000 0.100 0.000 0.000 0.000 0.000 0.100 0.000 0.000 0.000 0.000 0.000 0.000 0.000 0.000 0.000 0.000 0.000 0.000 0.000 0.000 0.000 0.000 0.196 0.000 0.000 0.000 0.000 0.000 26/06/1978
0.000 0.000 0.000 0.000 0.000 0.000 0.000 0.000 0.000 0.000 0.000 0.000 0.000 0.000 0.000 0.000 0.000 0.000 0.000 0.000 0.000 0.000 0.000 0.000 0.000 0.000 0.000 0.000 0.000 0.000 27/06/1978
0.000 0.000 0.000 0.000 0.000 0.000 0.000 0.000 0.000 0.000 0.000 0.000 0.000 0.000 0.000 0.000 0.000 0.000 0.000 0.000 0.000 0.000 0.000 0.265 0.000 0.000 0.000 0.000 0.000 0.000 28/06/1978
0.000 0.000 0.000 0.000 0.000 0.000 0.000 0.000 0.000 0.000 0.000 0.000 0.000 0.000 0.000 0.000 0.000 0.000 0.000 0.000 0.000 0.000 0.000 0.000 0.000 0.000 0.000 0.000 0.000 0.000 29/06/1978
0.116 0.000 0.000 0.611 0.000 1.293 0.000 0.000 0.000 0.000 0.000 0.000 0.000 0.000 0.000 0.000 0.000 0.000 0.576 0.000 2.277 0.000 0.000 0.000 0.000 0.000 0.000 0.307 0.000 0.000 30/06/1978
0.000 0.128 0.000 0.000 0.000 0.000 0.000 1.250 0.000 1.247 0.000 0.000 0.100 0.000 0.000 0.000 0.000 0.000 0.000 0.000 1.259 0.000 0.114 0.000 0.000 0.127 0.000 0.493 0.000 1.584 01/07/1978
0.424 0.000 0.000 0.000 0.000 0.000 0.178 0.000 1.892 0.000 0.000 0.000 1.399 0.000 0.000 0.000 0.168 0.000 0.000 0.000 0.000 0.000 0.000 0.533 0.000 0.000 0.000 0.609 0.000 0.000 02/07/1978
1.747 0.000 0.224 0.000 0.000 0.350 0.000 0.844 0.000 0.255 0.000 0.486 0.000 0.000 0.000 0.000 0.000 0.000 0.576 0.000 0.000 0.000 0.000 0.000 0.000 0.000 0.000 0.000 0.000 0.000 03/07/1978
0.112 0.000 0.000 0.000 0.000 0.114 0.000 0.000 0.000 0.000 0.000 0.000 0.164 0.000 0.000 0.000 0.000 0.000 0.000 0.000 0.000 0.109 0.000 0.000 0.000 0.000 0.000 0.000 0.000 0.000 04/07/1978
0.000 0.000 0.000 0.000 0.000 0.000 0.000 0.000 0.000 0.000 0.000 0.000 0.000 0.000 0.000 0.000 0.000 0.000 0.000 0.170 0.000 0.000 0.000 0.182 0.000 0.000 0.000 0.000 0.000 0.000 05/07/1978
0.000 0.000 0.000 0.000 0.000 0.000 0.000 0.000 0.000 0.000 0.000 0.000 0.000 0.100 0.000 0.000 0.000 0.000 0.171 0.131 0.000 0.000 0.000 0.000 0.000 0.000 0.000 0.000 0.204 0.000 06/07/1978
0.000 0.000 0.000 0.000 0.000 0.000 0.000 0.130 0.000 0.000 0.000 0.000 0.000 0.211 0.000 0.000 0.000 0.000 0.000 0.000 0.000 0.000 0.000 0.000 0.000 0.000 0.000 0.000 0.000 0.000 07/07/1978
5.392 4.188 3.956 4.503 4.422 4.241 4.284 3.987 4.123 4.596 3.498 3.767 3.694 3.728 4.559 3.506 2.910 3.638 3.678 3.097 3.156 2.916 2.846 3.621 2.174 3.156 3.209 3.122 2.217 2.208 08/07/1978
1.305 4.121 2.508 3.967 4.019 4.173 4.216 2.528 4.264 4.671 1.049 2.416 2.247 2.268 4.632 1.036 1.741 1.925 1.946 3.619 0.838 1.746 1.997 1.916 4.096 0.000 0.273 0.379 0.603 4.156 09/07/1978
0.907 1.738 0.914 1.053 1.170 1.760 1.778 0.919 1.202 1.713 2.555 2.124 1.360 1.372 1.699 2.388 1.216 1.199 1.213 1.078 1.697 1.219 1.379 1.194 0.795 0.575 0.667 0.832 1.089 0.803 10/07/1978
1.769 0.823 0.583 0.351 0.491 0.833 0.841 0.587 0.000 0.110 0.786 0.577 0.558 0.561 0.000 0.663 0.639 0.658 0.669 0.000 0.505 0.641 0.812 0.645 0.391 0.376 0.000 0.000 0.751 0.392 11/07/1978
1.820 2.312 2.731 2.829 3.222 2.341 2.365 2.753 5.616 5.364 3.373 3.492 4.148 4.187 5.319 3.195 2.230 2.282 2.307 4.056 2.641 2.235 2.626 2.271 5.481 3.786 3.347 3.793 3.126 5.567 12/07/1978
0.000 0.000 0.000 0.000 0.000 0.000 0.000 0.000 0.000 0.000 0.000 0.000 0.000 0.000 0.000 0.100 0.000 0.000 0.000 0.000 0.000 0.000 0.000 0.000 0.000 0.000 0.000 0.000 0.000 0.000 13/07/1978
0.000 0.000 0.000 0.000 0.000 0.000 0.000 0.000 0.000 0.000 0.000 0.000 0.000 0.000 0.000 0.000 0.000 0.000 0.000 0.000 0.000 0.000 0.000 0.000 0.000 0.000 0.000 0.100 0.000 0.000 14/07/1978
0.835 2.204 2.198 5.199 6.313 2.221 2.244 2.208 6.269 7.392 2.206 2.779 4.932 4.977 7.325 2.509 2.880 4.792 4.845 4.125 3.401 2.887 3.207 4.770 2.366 0.000 2.862 3.148 2.602 2.403 15/07/1978
8.511 8.504 9.091 10.909 13.136 8.610 8.697 9.162 11.578 13.053 8.147 10.375 10.286 10.376 12.942 7.230 9.079 10.924 11.039 10.305 6.732 9.099 8.531 10.876 10.031 7.857 10.072 9.642 9.978 10.182 16/07/1978
12.777 11.981 11.967 10.641 12.285 12.132 12.256 12.062 10.337 11.656 10.484 11.123 11.110 11.209 11.556 9.860 10.968 11.252 11.373 9.600 8.406 10.992 10.570 11.201 9.410 8.367 12.227 11.482 11.149 9.558 17/07/1978
2.881 2.756 3.332 5.348 4.643 2.783 2.809 3.358 2.292 3.347 2.527 2.844 2.330 2.352 3.319 2.352 2.114 2.333 2.359 2.692 1.181 2.119 2.152 2.322 3.892 3.184 3.872 3.597 3.634 3.953 18/07/1978
1.572 1.581 1.765 1.913 2.212 1.601 1.618 1.780 1.708 2.238 1.698 1.632 1.229 1.241 2.220 1.530 1.191 1.077 1.087 1.058 1.339 1.194 1.374 1.073 1.172 1.462 1.194 1.352 1.218 1.190 19/07/1978
0.000 0.000 0.000 0.000 0.000 0.000 0.000 0.000 0.000 0.000 0.100 0.000 0.000 0.000 0.000 0.000 0.000 0.000 0.000 0.000 0.104 0.000 0.000 0.000 0.000 0.000 0.000 0.000 0.000 0.000 20/07/1978
3.740 3.987 3.923 5.454 4.752 4.038 4.079 3.954 3.717 4.442 3.086 3.785 3.449 3.481 4.406 3.188 3.593 3.469 3.508 3.552 2.387 3.600 3.442 3.453 3.148 1.811 2.906 2.817 3.267 3.198 21/07/1978
0.000 0.000 0.000 0.000 0.110 0.000 0.000 0.000 0.000 0.000 0.000 0.000 0.000 0.118 0.000 0.000 0.000 0.000 0.000 0.000 0.000 0.000 0.000 0.000 0.000 0.000 0.155 0.000 0.000 0.000 22/07/1978
0.000 0.000 0.000 0.000 0.110 0.000 0.000 0.000 0.000 0.000 0.000 0.000 0.000 0.000 0.000 0.000 0.000 0.000 0.000 0.000 0.000 0.000 0.000 0.000 0.000 0.000 0.000 0.000 0.000 0.000 23/07/1978
0.000 0.000 0.000 0.000 0.000 0.000 0.000 0.000 0.000 0.000 0.000 0.000 0.000 0.000 0.000 0.000 0.000 0.000 0.000 0.000 0.000 0.000 0.000 0.000 0.000 0.000 0.000 0.000 0.000 0.000 24/07/1978
0.000 0.000 0.000 0.000 0.000 0.271 0.000 0.000 0.000 0.000 0.000 0.113 0.000 0.000 0.000 0.000 0.000 0.000 0.000 0.000 0.000 0.000 0.000 0.000 0.000 0.000 0.000 0.000 0.000 0.000 25/07/1978
0.000 0.000 0.000 0.000 0.110 0.000 0.000 0.000 0.000 0.000 0.000 0.000 0.000 0.000 0.000 0.000 0.121 0.000 0.000 0.000 0.000 0.000 0.000 0.000 0.118 0.000 0.000 0.000 0.000 0.000 26/07/1978
0.000 0.000 0.000 0.000 0.000 0.000 0.000 0.000 0.000 0.310 0.000 0.000 0.000 0.000 0.000 0.000 0.000 0.000 0.000 0.000 0.000 0.000 0.000 0.000 0.000 0.000 0.000 0.000 0.000 0.000 27/07/1978
0.000 0.736 1.066 1.421 1.602 0.744 0.751 1.074 0.856 1.171 0.000 0.717 0.671 0.685 1.165 0.385 0.000 0.000 0.000 0.633 0.000 0.000 0.000 0.000 0.855 0.000 0.000 0.204 0.000 0.862 28/07/1978
0.144 0.000 0.000 0.165 0.000 0.100 0.000 0.000 0.000 0.000 0.000 0.000 0.000 0.000 0.000 0.000 0.000 0.000 0.000 0.000 0.308 0.000 0.000 0.000 0.000 0.191 0.000 0.000 0.000 0.000 29/07/1978
0.000 0.000 0.000 0.000 0.000 0.000 0.000 0.000 0.000 0.000 0.000 0.000 0.000 0.000 0.000 0.000 0.000 0.000 0.000 0.000 0.000 0.000 0.000 0.000 0.000 0.000 0.000 0.000 0.000 0.000 30/07/1978
0.000 0.000 0.000 0.000 0.110 0.000 0.000 0.000 0.000 0.000 0.000 0.000 0.000 0.000 0.000 0.000 0.000 0.000 0.000 0.000 0.000 0.000 0.000 0.208 0.000 0.000 0.108 0.000 0.000 0.100 31/07/1978
