# 6448 6449 6450 6451 6452 6528 6529 6530 6531 6532 6610 6611 6612 6613 6614 6693 6694 6695 6696 6697 6776 6777 6778 6779 6780 6859 6860 6861 6862 6863 Date
29.770 29.310 29.346 28.701 29.641 29.815 28.930 29.444 29.522 29.902 29.831 29.422 29.546 29.739 29.959 29.651 29.530 29.500 29.635 29.568 29.656 29.725 29.655 29.932 30.220 29.630 29.773 29.902 30.188 29.682 01/08/2080
26.995 26.682 26.665 26.229 26.753 26.831 25.906 26.416 26.500 26.715 26.838 26.580 26.755 26.384 26.574 26.656 26.561 26.724 26.314 26.017 26.528 26.452 26.611 26.619 26.269 26.455 26.564 26.773 26.814 26.327 02/08/2080
27.193 26.696 26.336 25.841 25.603 27.427 26.584 26.358 26.447 25.690 27.433 26.663 26.743 26.348 25.898 27.477 26.988 26.715 26.284 26.048 27.737 27.445 27.105 26.904 26.344 27.731 27.575 27.551 27.141 26.574 03/08/2080
29.583 29.282 29.499 29.070 29.586 29.730 29.627 29.454 29.601 29.588 29.740 29.336 29.516 29.606 30.292 30.678 29.990 29.493 29.555 29.941 31.066 30.753 30.363 29.810 30.093 31.176 30.859 31.138 30.775 30.570 04/08/2080
30.056 29.992 30.183 29.755 29.402 30.130 29.872 29.876 29.481 29.387 30.149 29.723 29.342 29.329 29.633 30.036 29.711 29.303 29.301 29.615 30.581 30.118 29.667 29.446 29.656 30.621 30.106 30.413 30.096 29.497 05/08/2080
29.999 29.750 29.148 29.000 28.745 29.804 28.519 28.677 28.959 28.687 29.843 28.999 29.275 28.259 29.073 29.240 29.094 29.240 28.208 29.175 29.399 29.528 29.579 28.730 29.526 29.479 29.683 29.786 29.346 29.374 06/08/2080
31.549 31.573 31.674 31.904 32.284 31.581 30.973 31.548 31.794 32.169 31.608 31.552 31.805 31.332 32.377 30.912 31.212 31.782 31.285 32.469 31.047 31.465 32.092 31.909 32.730 31.247 31.613 32.305 32.463 32.821 07/08/2080
30.465 30.751 30.659 30.565 29.591 30.733 30.097 30.386 30.587 30.081 30.756 30.892 30.953 30.593 30.684 30.306 30.628 30.953 30.592 30.802 30.546 30.789 31.085 30.980 31.317 30.454 30.748 31.095 31.151 31.420 08/08/2080
31.477 32.456 33.126 32.698 31.286 31.891 32.080 32.650 32.319 31.257 31.920 32.763 32.400 32.258 31.583 32.455 32.353 32.386 32.221 32.177 32.886 32.277 32.269 32.474 32.741 32.794 32.262 32.762 32.844 32.593 09/08/2080
27.359 28.144 28.240 27.691 27.421 27.786 27.802 27.940 27.984 27.538 27.799 28.211 28.275 28.244 27.899 27.822 28.099 28.246 28.185 28.332 28.018 28.069 28.211 28.546 28.936 27.972 28.170 28.558 28.809 28.735 10/08/2080
25.335 25.655 25.523 24.974 24.530 25.496 25.010 25.292 25.172 24.644 25.525 25.753 25.855 25.527 25.116 25.474 25.741 25.813 25.450 25.325 25.819 25.922 25.940 26.353 26.545 25.799 26.023 26.506 26.551 26.397 11/08/2080
22.884 23.115 22.834 22.367 22.087 22.633 22.201 22.447 22.445 22.119 22.653 22.769 22.899 22.524 22.440 23.088 23.325 22.857 22.512 22.613 23.329 23.244 22.885 23.347 23.532 23.486 23.420 23.207 23.088 23.262 12/08/2080
24.022 23.980 23.654 22.848 23.503 23.816 23.180 23.713 24.071 23.836 23.844 24.028 24.331 23.993 23.910 24.281 24.396 24.291 23.915 23.995 24.767 24.442 24.364 24.467 24.590 24.932 24.590 24.591 24.289 24.286 13/08/2080
27.213 27.003 26.363 25.515 25.334 26.706 26.205 26.062 26.796 26.081 26.732 26.587 27.319 26.878 26.161 27.236 27.965 27.234 26.748 26.694 26.908 27.246 26.365 26.679 26.398 27.388 27.513 26.390 26.179 25.635 14/08/2080
26.054 26.038 25.871 25.463 25.652 26.049 25.862 25.968 26.870 26.677 26.078 26.816 27.658 27.713 27.098 26.522 28.132 27.623 27.613 27.626 26.420 27.797 27.096 27.800 27.429 26.526 27.800 27.095 27.117 26.926 15/08/2080
25.457 25.411 24.956 24.916 24.937 25.456 25.393 24.939 25.384 25.396 25.467 25.612 26.058 26.001 25.638 25.971 25.434 26.028 25.966 25.894 26.284 25.454 26.077 26.414 26.123 26.587 25.544 25.453 25.315 25.704 16/08/2080
30.530 30.691 30.740 29.171 29.356 30.543 30.508 30.323 29.676 29.418 30.563 30.535 29.950 29.998 29.438 29.916 30.344 29.925 29.944 29.888 30.148 30.343 29.902 30.248 29.984 30.154 30.353 29.556 29.219 29.435 17/08/2080
31.563 31.784 31.926 30.838 31.699 31.715 32.197 31.554 31.424 31.460 31.715 31.585 31.459 31.619 31.357 32.016 32.102 31.470 31.630 31.597 32.132 31.966 31.354 31.612 31.464 32.135 32.020 30.751 30.501 30.980 18/08/2080
31.232 31.425 31.487 31.139 31.515 31.339 31.808 31.379 31.403 31.290 31.337 31.073 31.104 31.329 31.217 31.106 31.279 31.116 31.340 31.399 31.028 31.226 31.050 31.422 31.385 30.887 31.177 30.665 30.667 31.023 19/08/2080
27.857 27.944 27.916 27.275 27.597 27.776 27.552 27.858 27.882 27.580 27.778 27.848 27.948 28.028 27.644 27.526 28.102 27.927 27.978 27.853 27.750 27.844 27.680 27.962 28.058 27.665 27.903 27.817 27.487 27.624 20/08/2080
26.952 26.735 26.676 26.327 26.742 27.021 26.787 26.926 26.991 26.971 27.023 26.819 26.964 27.201 27.145 26.629 26.836 26.929 27.136 27.236 26.796 26.801 26.847 27.358 27.689 26.837 26.880 27.111 27.164 27.294 21/08/2080
22.181 21.940 21.670 21.435 21.584 21.714 21.814 21.798 22.183 21.986 21.741 21.701 22.123 22.416 22.395 21.996 22.012 22.087 22.346 22.212 21.985 21.980 21.994 22.665 22.618 22.122 22.131 22.406 22.649 22.328 22/08/2080
19.583 19.285 19.179 18.655 18.924 19.032 18.872 19.055 19.233 19.005 19.058 19.105 19.335 19.116 19.226 19.631 19.759 19.286 19.030 19.070 19.630 19.401 18.958 19.271 19.322 19.842 19.569 19.210 19.366 19.035 23/08/2080
18.612 18.420 18.364 17.657 18.127 18.355 18.372 18.454 18.286 18.345 18.365 18.434 18.325 18.176 18.515 18.814 19.335 18.275 18.160 18.462 18.846 19.163 18.096 18.185 18.282 18.903 19.203 18.436 18.329 18.061 24/08/2080
20.012 19.744 19.736 19.055 19.309 19.538 19.637 19.678 19.464 19.300 19.548 19.664 19.456 19.370 19.248 19.662 20.385 19.421 19.363 19.414 19.767 20.268 19.292 19.317 19.267 19.897 20.348 19.491 19.444 19.335 25/08/2080
20.463 20.085 20.027 19.276 19.502 20.031 19.970 19.883 19.715 19.513 20.038 19.950 19.815 19.643 19.575 20.036 20.379 19.788 19.600 19.698 20.107 20.292 19.708 19.710 19.621 20.177 20.335 19.903 19.772 19.501 26/08/2080
23.089 22.716 22.728 21.860 22.306 22.622 22.441 22.684 23.054 22.572 22.649 22.693 23.089 22.948 22.599 22.217 22.698 23.052 22.900 22.987 22.385 22.457 22.823 22.926 22.906 22.562 22.549 23.031 22.905 22.697 27/08/2080
23.646 23.124 23.136 22.372 23.251 23.210 22.810 23.063 23.228 23.578 23.227 23.057 23.258 23.061 23.442 22.165 22.697 23.245 23.051 23.530 22.353 22.401 23.037 22.896 23.199 22.580 22.539 23.127 22.928 22.952 28/08/2080
21.287 21.143 21.086 20.851 21.642 20.955 20.668 20.959 21.768 21.828 20.979 20.973 21.855 21.559 21.740 21.381 21.823 21.806 21.493 21.730 21.621 21.713 21.696 21.856 21.936 21.729 21.778 22.015 22.231 21.841 29/08/2080
18.841 18.634 18.216 17.827 18.094 18.890 18.528 18.417 18.685 18.339 18.904 18.912 19.200 19.041 18.900 18.956 19.251 19.153 18.991 18.798 19.326 19.603 19.487 19.597 19.188 19.477 19.690 19.879 19.855 19.299 30/08/2080
17.561 17.496 17.346 16.862 16.760 17.217 17.168 17.192 17.136 16.810 17.245 17.290 17.195 17.066 17.031 17.089 17.413 17.170 17.021 16.868 17.316 17.463 17.221 17.305 17.066 17.448 17.591 17.591 17.556 17.165 31/08/2080
18.577 17.781 17.277 16.379 16.117 17.552 17.557 17.180 16.821 16.216 17.561 17.626 17.349 16.599 16.492 17.909 18.132 17.311 16.537 16.771 17.868 17.960 17.102 17.075 17.047 17.934 18.027 17.323 17.281 16.858 01/09/2080
16.821 16.063 16.118 15.976 16.343 16.313 15.932 16.094 16.823 16.779 16.323 16.243 17.073 16.873 17.266 16.525 16.428 17.090 16.887 17.020 16.950 16.562 17.220 16.914 16.932 16.896 16.567 17.348 17.011 17.118 02/09/2080
17.835 17.280 17.281 18.241 17.138 17.144 16.702 17.130 17.527 17.516 17.164 17.295 17.725 17.419 17.915 17.486 17.913 17.692 17.389 17.872 17.991 18.027 17.829 17.590 17.779 18.069 18.086 17.944 17.647 17.533 03/09/2080
19.285 19.107 18.832 18.864 18.409 18.991 18.278 18.758 18.742 18.747 18.998 18.942 18.901 18.909 19.001 19.222 19.376 18.889 18.896 19.218 19.561 19.607 19.192 18.870 19.306 19.607 19.658 19.078 18.873 18.688 04/09/2080
22.300 22.277 21.673 20.064 19.664 22.245 21.588 21.697 20.998 20.186 22.255 22.425 21.417 21.317 20.432 22.285 22.578 21.382 21.262 21.218 22.917 22.640 21.297 21.668 22.094 22.956 22.649 22.314 22.206 21.608 05/09/2080
25.838 25.706 25.361 23.223 22.852 26.002 24.869 25.366 25.685 23.289 26.016 25.989 26.289 25.970 23.288 25.977 26.219 26.267 25.927 25.868 26.165 26.038 26.102 26.035 26.235 26.197 26.084 26.455 26.141 25.927 06/09/2080
27.108 26.731 26.344 25.301 24.827 26.902 26.083 26.209 25.923 25.205 26.916 26.938 26.642 26.233 25.177 26.894 27.130 26.630 26.211 25.888 27.012 27.050 26.574 26.314 26.350 27.060 27.144 26.582 26.313 26.154 07/09/2080
23.665 22.782 22.960 22.214 22.337 22.728 22.176 22.420 22.749 22.446 22.736 22.665 22.997 22.871 22.773 23.233 23.491 22.967 22.792 23.399 23.302 23.319 22.730 23.231 23.381 23.470 23.371 22.715 23.233 23.440 08/09/2080
20.021 19.848 19.502 19.659 19.188 19.681 19.199 19.003 19.153 19.288 19.708 19.316 19.525 19.632 19.632 19.884 19.581 19.508 19.585 19.902 19.923 19.851 19.690 19.964 19.958 20.053 19.878 19.845 20.024 19.921 09/09/2080
16.837 16.914 16.599 17.224 16.620 16.545 16.914 16.248 16.609 16.476 16.568 16.782 17.058 16.884 16.900 17.331 17.433 17.020 16.856 16.832 17.692 17.525 17.132 17.333 17.404 17.992 17.588 17.579 17.893 17.616 10/09/2080
18.075 18.217 18.118 18.176 17.934 18.244 18.168 18.074 18.256 17.880 18.270 18.244 18.439 18.180 18.032 18.477 18.582 18.412 18.144 18.136 18.323 18.227 18.039 18.314 18.302 18.452 18.310 18.334 18.390 18.084 11/09/2080
17.679 17.885 17.967 17.817 17.736 17.973 17.834 18.035 18.155 17.398 17.990 17.955 18.026 18.029 17.525 18.009 18.159 18.015 17.974 17.629 18.005 18.028 17.895 17.927 17.776 18.130 18.138 18.136 18.077 17.777 12/09/2080
17.617 17.597 17.501 17.548 17.755 17.294 17.108 17.365 17.458 17.853 17.323 17.172 17.178 17.205 17.687 17.187 17.569 17.152 17.191 17.121 17.134 17.315 16.883 16.963 17.132 17.291 17.392 16.917 16.905 16.740 13/09/2080
19.060 19.234 19.105 18.543 18.336 18.257 18.388 18.553 18.165 18.349 18.292 18.080 17.681 17.682 18.064 17.604 18.175 17.650 17.648 17.931 17.425 17.777 17.282 17.401 17.546 17.541 17.884 17.350 17.312 17.028 14/09/2080
21.890 21.901 21.662 21.702 21.630 21.490 21.500 21.227 21.874 21.413 21.500 21.198 21.881 21.634 21.557 21.227 22.061 21.854 21.627 21.686 21.168 21.811 21.614 21.736 21.660 21.228 21.970 21.996 21.606 21.453 15/09/2080
22.171 22.037 22.083 22.335 22.361 22.367 22.107 23.021 22.506 22.284 22.376 22.782 22.321 22.465 22.263 22.115 22.246 22.328 22.477 22.500 22.234 22.142 22.287 22.274 22.161 22.160 22.287 22.336 22.376 22.170 16/09/2080
18.865 18.982 18.907 18.649 18.673 18.854 18.685 19.017 19.513 18.944 18.876 18.863 19.399 19.629 19.138 18.823 19.259 19.373 19.627 19.464 18.973 19.103 19.209 19.431 19.496 19.184 19.251 19.502 19.627 19.500 17/09/2080
15.652 16.300 16.027 15.881 16.041 15.645 15.848 15.864 16.142 16.011 15.676 15.784 16.022 16.242 16.323 15.941 15.972 16.021 16.220 16.247 16.079 15.821 15.824 16.228 16.226 16.264 15.909 16.114 16.355 16.281 18/09/2080
15.444 15.670 15.566 15.459 15.619 15.380 15.489 15.251 15.614 15.271 15.412 15.247 15.590 15.599 15.733 15.383 15.501 15.588 15.550 15.709 15.496 15.249 15.344 15.390 15.465 15.713 15.301 15.566 15.707 15.516 19/09/2080
17.535 17.515 16.951 17.633 18.346 17.552 16.933 16.828 18.015 18.355 17.540 16.959 18.100 18.095 18.504 16.887 17.128 18.092 18.055 18.003 16.717 17.004 17.969 18.231 18.023 16.913 17.061 17.984 18.277 17.818 20/09/2080
15.965 16.219 15.377 14.915 15.480 15.660 15.159 15.088 15.528 15.438 15.647 15.564 15.955 15.469 14.796 15.770 16.318 15.941 15.457 15.073 15.993 16.511 16.178 15.585 15.602 16.185 16.617 16.072 16.210 15.468 21/09/2080
14.444 14.400 14.246 13.864 14.114 14.342 14.180 14.212 14.388 13.833 14.359 14.259 14.458 14.535 14.084 14.310 14.583 14.436 14.503 13.989 14.472 14.595 14.432 14.537 14.221 14.573 14.707 14.731 14.732 14.170 22/09/2080
16.563 16.402 16.284 15.978 16.536 16.255 16.093 16.476 16.981 16.882 16.285 16.557 17.083 17.128 17.152 16.666 17.081 17.063 17.083 17.146 16.805 17.170 17.152 17.408 17.435 16.966 17.299 17.411 17.370 17.016 23/09/2080
16.758 17.060 17.305 17.977 17.615 16.900 17.062 17.446 17.854 17.944 16.915 17.364 17.705 17.648 17.690 17.522 18.329 17.694 17.619 17.755 17.542 18.247 17.624 17.739 17.921 17.632 18.318 17.785 17.802 17.620 24/09/2080
16.985 16.528 16.581 17.113 17.428 16.705 16.427 16.648 17.022 17.852 16.730 16.684 17.062 16.970 17.756 17.039 18.243 17.046 16.949 17.698 17.043 18.222 17.052 17.200 17.520 17.166 18.392 17.310 17.373 17.404 25/09/2080
20.288 20.473 20.851 19.461 20.130 20.292 20.803 21.004 20.608 20.309 20.307 20.753 20.436 20.548 20.355 20.704 21.406 20.404 20.487 20.840 20.658 21.212 20.082 20.450 20.524 20.791 21.364 20.376 20.436 20.056 26/09/2080
22.834 22.860 23.175 22.715 23.141 22.685 23.297 23.537 23.592 23.512 22.701 23.197 23.212 23.612 23.843 22.842 23.599 23.208 23.590 24.087 23.018 23.553 23.105 23.543 24.106 23.191 23.633 23.499 23.692 23.766 27/09/2080
20.502 20.213 20.602 20.407 21.125 20.296 20.264 21.220 21.363 22.413 20.308 20.889 21.051 22.010 22.532 20.622 21.196 21.046 21.982 22.512 20.952 21.696 21.387 21.801 21.666 21.098 21.757 21.272 21.242 20.786 28/09/2080
21.840 22.098 22.666 21.944 22.153 21.674 22.014 22.679 22.600 22.499 21.688 22.344 22.277 22.437 22.820 22.271 22.959 22.244 22.415 23.137 22.221 22.713 21.849 22.345 22.570 22.195 22.793 22.198 22.277 22.035 29/09/2080
22.275 22.379 22.715 21.758 22.474 22.507 22.753 22.905 22.494 22.710 22.512 23.130 22.842 22.730 22.927 23.215 23.649 22.812 22.695 23.278 23.147 23.722 22.852 22.816 22.828 23.234 23.784 22.636 22.709 22.187 30/09/2080
20.578 20.473 20.638 19.907 20.486 20.839 20.781 20.630 20.486 20.305 20.845 20.729 20.610 20.677 20.652 21.244 21.513 20.600 20.671 20.960 21.517 21.936 21.109 21.012 20.949 21.551 21.849 21.175 20.888 20.481 01/10/2080
20.741 20.185 20.051 19.312 19.593 20.819 19.964 19.846 19.369 19.016 20.821 20.436 20.096 19.644 18.984 20.557 20.912 20.081 19.619 19.054 20.407 20.974 20.141 19.901 19.679 20.366 20.832 20.067 19.896 19.631 02/10/2080
19.719 19.459 19.357 18.626 17.990 19.402 18.585 18.802 18.606 17.746 19.411 19.117 18.985 18.380 17.581 19.310 19.675 18.948 18.316 18.086 19.210 19.594 18.815 18.655 18.660 19.359 19.568 19.055 18.744 18.288 03/10/2080
20.082 20.315 20.356 19.727 19.212 19.816 19.687 19.866 19.593 18.489 19.845 19.537 19.257 19.112 18.520 19.663 19.726 19.241 19.096 19.066 19.488 19.373 18.857 18.791 18.654 19.542 19.389 18.749 18.440 18.072 04/10/2080
19.510 19.514 19.658 18.976 19.290 19.401 19.080 19.487 20.321 19.305 19.443 19.362 20.226 20.140 19.424 19.627 19.795 20.186 20.071 20.372 19.934 19.882 20.240 20.234 20.371 20.132 19.984 20.608 20.429 19.915 05/10/2080
18.747 19.220 19.549 19.746 19.221 18.994 19.029 19.285 19.612 19.165 19.002 18.528 18.917 19.103 18.897 19.156 19.854 18.899 19.084 19.206 18.945 19.710 18.622 18.600 18.974 19.008 19.663 18.872 18.733 18.721 06/10/2080
18.183 18.158 18.179 18.224 17.770 17.778 17.295 17.793 17.903 17.628 17.814 17.533 17.608 17.644 17.509 17.655 18.014 17.595 17.632 17.735 17.639 17.837 17.342 17.271 17.725 17.839 17.792 17.508 17.353 17.397 07/10/2080
17.905 18.027 17.957 17.950 17.843 17.733 17.571 17.743 17.987 17.878 17.749 17.643 17.885 17.838 17.712 17.652 18.511 17.861 17.824 17.882 17.649 18.431 17.761 17.641 17.940 17.757 18.483 17.854 17.775 17.781 08/10/2080
18.295 18.185 18.139 17.610 17.647 18.148 17.821 18.097 18.097 17.331 18.159 18.046 18.102 18.027 17.411 17.890 18.212 18.091 18.010 17.960 17.998 18.210 18.096 17.902 17.816 18.104 18.277 17.997 17.931 17.608 09/10/2080
18.314 18.241 18.446 18.058 17.708 18.042 17.681 18.273 17.956 17.586 18.071 18.050 17.704 17.644 17.613 17.975 17.772 17.699 17.638 17.872 17.948 17.669 17.635 17.588 17.730 18.037 17.728 17.636 17.631 17.500 10/10/2080
17.769 18.200 18.637 18.518 18.866 18.291 18.240 18.988 19.073 19.014 18.328 18.934 19.127 18.953 19.113 19.237 20.086 19.092 18.887 19.076 19.438 19.988 19.002 18.995 19.175 19.604 20.124 18.940 18.964 18.757 11/10/2080
16.963 16.444 16.368 15.845 15.899 16.438 15.871 16.232 16.476 16.199 16.474 16.539 16.817 16.448 16.280 16.667 17.185 16.798 16.389 16.484 17.187 17.273 16.845 16.680 16.708 17.415 17.390 16.912 16.719 16.634 12/10/2080
13.874 13.101 12.943 12.881 12.379 13.295 12.503 12.928 13.085 12.616 13.325 13.422 13.535 13.116 13.032 13.709 14.231 13.509 13.050 13.111 14.088 14.097 13.307 13.306 13.391 14.212 14.207 13.546 13.420 13.188 13/10/2080
11.016 10.311 10.476 10.141 9.935 10.331 10.020 10.414 10.039 9.993 10.340 10.380 9.984 9.730 9.761 9.959 10.551 9.960 9.710 9.895 10.213 10.261 9.683 9.625 9.751 10.315 10.315 10.151 9.969 9.702 14/10/2080
13.465 13.031 12.881 13.388 13.165 12.799 12.540 12.548 13.816 13.272 12.868 12.693 13.970 13.366 12.874 12.594 12.292 13.917 13.277 13.199 12.691 12.273 13.987 13.615 13.350 12.915 12.591 14.386 13.905 13.152 15/10/2080
16.160 16.062 16.191 16.235 16.054 16.211 16.017 15.775 16.683 16.582 16.264 16.559 17.546 17.039 16.516 16.630 17.438 17.502 16.952 16.843 17.208 17.440 17.514 17.548 17.705 17.484 17.688 17.993 17.924 17.374 16/10/2080
14.308 13.997 14.000 13.910 13.605 14.017 13.612 13.734 14.022 13.613 14.039 13.918 14.263 14.048 13.784 13.757 13.915 14.245 13.998 13.781 13.870 13.784 14.191 14.192 14.313 14.028 13.947 14.572 14.417 14.254 17/10/2080
14.958 15.161 14.809 14.160 14.289 15.043 14.721 14.714 14.774 14.230 15.062 15.105 15.171 14.599 14.477 14.701 14.853 15.154 14.572 14.529 14.581 14.303 14.661 14.761 14.719 14.731 14.389 14.862 14.875 14.749 18/10/2080
17.239 17.478 17.407 17.189 17.028 17.209 17.283 17.387 17.714 17.081 17.222 17.233 17.570 17.404 17.233 17.325 17.309 17.540 17.367 17.484 17.219 17.127 17.345 17.456 17.512 17.257 17.117 17.509 17.563 17.264 19/10/2080
18.198 18.256 18.420 17.940 17.936 18.042 18.206 18.435 18.458 17.764 18.060 18.254 18.347 18.468 18.311 18.279 18.609 18.307 18.409 18.567 18.448 18.810 18.469 18.667 18.937 18.580 18.873 18.826 18.898 18.656 20/10/2080
16.258 15.931 15.474 15.045 14.891 15.831 14.803 15.404 15.534 14.873 15.860 15.845 15.939 15.743 15.486 16.326 16.525 15.912 15.671 15.652 16.705 16.575 15.980 16.129 16.225 16.887 16.745 16.354 16.348 16.005 21/10/2080
15.541 15.522 15.440 15.054 15.195 15.358 14.900 15.353 15.449 15.211 15.379 15.392 15.492 15.297 15.491 15.153 15.561 15.485 15.261 15.647 15.329 15.583 15.499 15.538 15.782 15.383 15.637 15.938 15.699 15.334 22/10/2080
15.315 15.284 15.144 14.694 16.242 15.255 15.069 15.130 15.931 15.829 15.306 15.230 16.044 15.688 16.103 15.146 15.087 16.016 15.648 15.720 15.384 15.083 16.065 15.869 15.765 15.791 15.294 16.355 15.977 15.313 23/10/2080
18.693 18.748 18.899 18.527 20.215 18.627 18.515 18.377 19.640 19.772 18.653 18.141 19.393 19.320 19.763 18.148 18.497 19.351 19.292 19.267 18.087 18.460 19.329 19.187 19.102 18.285 18.611 19.455 19.371 18.812 24/10/2080
18.272 18.098 18.238 18.055 18.506 18.277 17.927 18.078 18.323 18.426 18.292 18.160 18.491 18.368 18.473 18.307 17.708 18.455 18.339 18.636 18.307 17.683 18.497 18.724 18.864 18.437 17.762 18.848 18.854 18.499 25/10/2080
17.721 17.682 17.786 17.174 17.623 17.680 17.779 17.641 17.599 17.438 17.679 17.650 17.659 17.492 17.191 18.406 18.160 17.627 17.466 17.334 18.533 18.048 17.526 17.571 17.683 18.750 18.113 17.769 17.685 17.551 26/10/2080
15.375 15.828 15.421 15.003 14.764 15.377 15.585 14.846 15.228 15.182 15.386 15.169 15.473 15.382 15.698 15.091 15.561 15.431 15.335 15.826 15.028 15.885 15.806 16.091 16.286 15.235 15.975 15.918 16.023 16.024 27/10/2080
12.268 12.299 12.184 11.838 11.289 12.312 12.045 11.859 11.839 11.004 12.312 12.064 11.996 11.692 11.380 12.835 12.782 11.981 11.653 11.476 13.032 12.759 11.932 11.948 11.856 13.114 12.764 12.255 12.200 11.962 28/10/2080
11.715 11.291 10.996 10.575 11.033 11.476 10.621 10.602 10.852 10.964 11.478 11.061 11.430 10.728 10.627 11.787 11.897 11.411 10.671 10.418 11.939 12.230 11.604 11.348 11.155 12.114 12.272 11.862 11.719 11.291 29/10/2080
11.031 11.252 11.167 11.006 10.872 11.121 11.033 11.243 11.626 10.955 11.132 11.292 11.612 11.639 11.346 11.335 11.621 11.605 11.592 11.434 11.443 11.522 11.527 11.590 11.629 11.510 11.548 11.514 11.889 11.765 30/10/2080
14.754 14.968 15.047 13.914 14.643 14.698 14.722 14.977 15.005 14.723 14.728 14.909 14.905 14.898 14.742 14.701 15.032 14.880 14.837 14.860 14.981 14.997 14.865 14.960 14.974 15.118 15.099 14.870 15.019 14.841 31/10/2080
12.865 13.005 13.121 12.574 12.417 12.870 12.831 13.013 12.899 12.598 12.883 13.025 12.851 12.922 12.787 13.218 13.419 12.830 12.888 12.985 13.349 13.495 12.881 12.967 12.993 13.450 13.542 13.008 13.089 12.971 01/11/2080
11.657 11.468 11.741 11.409 10.985 11.400 11.364 11.556 11.324 10.925 11.419 11.511 11.263 11.208 11.192 11.616 11.794 11.235 11.163 11.329 11.812 11.631 11.125 11.209 11.369 12.014 11.746 11.174 11.446 11.290 02/11/2080
12.866 12.979 13.160 12.744 12.303 12.946 13.127 13.305 12.978 12.488 12.962 13.148 12.787 13.086 12.628 13.279 13.242 12.783 13.078 12.994 13.619 13.345 12.896 13.149 12.967 13.746 13.387 12.977 13.309 13.054 03/11/2080
15.758 15.429 15.391 14.839 14.934 15.731 14.954 15.214 15.264 14.883 15.749 16.027 16.089 15.759 15.384 16.370 16.556 16.057 15.681 15.516 16.600 16.593 16.107 15.936 15.912 16.781 16.742 16.457 16.699 15.977 04/11/2080
17.298 17.313 17.185 17.078 16.995 17.262 17.109 17.167 17.283 17.157 17.281 17.340 17.492 17.324 17.458 17.652 18.141 17.456 17.271 17.179 17.786 18.130 17.415 17.472 17.545 17.989 18.220 17.801 17.862 17.560 05/11/2080
15.717 15.586 15.348 15.069 14.578 15.479 15.024 15.261 15.466 14.905 15.512 15.608 15.794 15.392 15.108 15.618 15.919 15.766 15.329 15.319 15.788 16.029 15.860 15.723 15.627 15.978 16.165 16.039 15.789 15.369 06/11/2080
13.513 13.520 13.631 13.243 14.147 13.540 13.905 13.387 13.829 14.012 13.528 13.267 13.853 13.669 13.812 13.569 13.637 13.799 13.600 13.523 13.710 13.643 13.828 13.996 13.895 13.953 13.778 14.039 13.904 13.512 07/11/2080
14.666 15.070 15.329 14.898 14.362 15.045 15.321 15.081 14.548 14.198 15.056 14.726 14.220 14.202 13.894 15.741 14.666 14.191 14.144 14.254 15.695 14.482 14.039 14.290 14.124 15.779 14.654 14.143 14.111 13.848 08/11/2080
14.214 14.309 14.539 14.103 14.884 14.107 14.512 14.393 14.677 14.794 14.125 13.882 14.027 14.417 14.615 13.966 14.346 14.023 14.371 14.719 13.690 13.793 13.512 13.799 13.906 13.780 13.865 13.443 13.597 13.205 09/11/2080
10.042 10.081 10.048 10.078 9.721 9.839 10.110 10.106 9.521 9.738 9.867 10.044 9.497 9.724 9.668 10.340 10.633 9.485 9.699 8.969 10.575 10.606 9.612 9.740 9.470 10.726 10.636 9.658 9.598 9.387 10/11/2080
9.554 9.864 9.926 9.335 9.808 9.389 9.957 9.776 9.918 9.390 9.408 9.742 9.845 9.937 9.337 9.705 10.043 9.845 9.914 9.773 9.693 10.013 9.772 9.792 9.792 9.816 10.069 9.550 9.534 9.706 11/11/2080
8.903 9.092 9.107 8.518 8.085 8.901 8.887 9.071 8.482 7.961 8.923 9.032 8.596 8.501 7.877 9.021 8.747 8.580 8.473 8.139 9.175 8.724 8.528 8.509 8.239 9.314 8.803 8.387 8.451 8.227 12/11/2080
9.892 10.001 9.856 8.674 7.605 9.812 9.602 9.637 8.101 7.567 9.833 9.632 8.085 8.327 7.628 9.979 8.724 8.100 8.358 7.869 10.147 9.005 8.457 8.074 7.956 10.391 9.088 7.987 7.944 8.099 13/11/2080
7.204 7.066 6.652 5.824 5.648 6.768 6.386 6.548 6.376 5.510 6.812 6.695 6.528 6.175 5.500 7.402 6.870 6.491 6.101 5.608 7.578 6.873 6.577 6.401 5.953 7.765 6.931 6.741 6.418 6.038 14/11/2080
7.883 8.430 8.443 8.334 8.283 7.984 8.264 8.227 8.297 8.331 8.002 7.981 7.956 8.026 8.048 7.865 8.422 7.939 7.986 7.872 7.956 8.147 7.669 7.849 7.672 8.127 8.228 7.652 7.338 7.196 15/11/2080
9.507 9.986 9.681 9.289 9.900 9.509 9.627 9.924 9.978 9.976 9.525 9.509 9.637 9.833 9.714 9.625 10.148 9.611 9.802 9.755 9.232 9.987 9.444 9.806 9.645 9.377 10.079 9.309 9.467 9.310 16/11/2080
10.632 10.654 10.540 10.333 10.249 10.713 10.449 10.643 10.670 10.211 10.722 10.971 11.033 10.767 10.393 11.202 11.626 11.008 10.748 10.767 11.021 11.428 10.761 11.060 11.345 11.137 11.486 10.738 11.144 11.107 17/11/2080
10.780 10.553 10.115 9.948 9.542 10.371 10.167 10.076 9.968 9.351 10.380 10.460 10.408 9.928 9.662 10.410 10.605 10.385 9.878 9.500 10.387 10.452 10.079 10.032 9.984 10.479 10.483 10.131 10.216 9.950 18/11/2080
12.867 13.030 13.136 12.893 13.274 12.678 12.750 13.403 12.981 12.745 12.699 12.953 12.525 12.491 13.379 12.736 12.980 12.526 12.476 12.856 12.732 12.974 12.459 12.884 12.812 12.818 13.009 12.842 13.026 12.594 19/11/2080
11.997 11.917 11.846 11.297 11.775 12.007 11.167 11.847 11.660 11.622 12.029 12.057 11.931 11.487 11.336 12.068 12.229 11.926 11.461 11.144 12.192 12.218 11.901 11.710 11.569 12.282 12.301 12.093 12.026 11.488 20/11/2080
10.920 10.692 10.830 10.934 11.182 10.789 10.127 10.559 10.173 11.341 10.807 10.620 10.168 10.174 11.407 11.001 10.390 10.160 10.168 10.646 11.022 10.305 10.101 10.025 10.882 11.042 10.350 10.270 10.302 10.555 21/11/2080
11.463 11.595 11.687 11.074 10.970 11.439 11.362 11.623 11.097 11.126 11.455 11.719 11.114 11.100 11.231 11.745 11.722 11.103 11.077 11.265 11.877 11.613 10.983 11.107 11.284 11.967 11.662 11.081 11.178 11.204 22/11/2080
9.969 10.148 9.929 9.468 9.294 9.939 9.931 9.855 9.470 9.183 9.936 9.982 9.626 9.375 9.249 9.999 10.080 9.619 9.371 9.377 9.829 9.896 9.434 9.583 9.563 9.865 9.898 9.466 9.451 9.378 23/11/2080
10.000 10.452 10.342 9.935 9.773 10.501 10.645 10.151 10.184 9.636 10.521 10.540 10.496 9.786 9.294 10.629 10.926 10.485 9.764 9.371 10.582 10.747 10.271 9.785 9.510 10.662 10.813 9.629 9.986 9.461 24/11/2080
9.066 9.229 8.721 8.455 8.181 9.036 9.124 8.711 8.629 8.249 9.048 9.239 9.201 8.741 8.421 8.944 9.513 9.198 8.728 8.437 9.071 9.461 9.146 8.927 8.306 9.147 9.497 9.099 9.062 8.469 25/11/2080
7.643 7.681 7.516 7.472 7.367 7.686 6.929 7.109 7.172 7.286 7.699 7.303 7.348 6.929 7.331 7.502 7.736 7.340 6.922 7.286 7.794 7.826 7.373 6.941 7.401 7.823 7.840 7.116 6.972 7.329 26/11/2080
7.035 7.286 6.949 6.696 6.797 7.284 7.272 6.665 6.453 6.603 7.290 6.989 6.930 6.685 6.683 7.872 7.940 6.911 6.650 6.446 8.221 8.276 7.230 6.895 6.848 8.354 8.336 7.024 7.263 6.810 27/11/2080
9.749 9.998 9.986 10.191 10.624 9.650 9.432 9.693 10.117 10.474 9.672 9.530 9.874 10.010 10.387 9.980 10.943 9.860 10.010 10.047 10.342 10.976 10.005 9.951 10.002 10.654 11.177 9.911 9.960 9.813 28/11/2080
10.256 10.849 11.173 10.659 10.564 10.093 10.520 10.882 10.351 10.419 10.116 10.393 9.856 10.165 10.354 10.849 11.349 9.837 10.151 10.423 10.991 11.414 9.971 10.375 10.287 11.203 11.541 10.036 10.336 10.201 29/11/2080
12.661 13.116 13.351 11.827 12.665 12.509 12.716 12.924 12.098 12.480 12.569 12.848 11.966 12.030 12.460 12.339 12.922 11.951 12.009 12.266 12.323 13.016 12.017 12.245 12.133 12.406 13.046 12.192 12.415 12.074 30/11/2080
10.827 10.784 11.272 10.993 10.480 10.719 10.518 10.700 10.624 10.551 10.744 10.774 10.699 10.558 10.594 10.691 10.962 10.670 10.533 10.774 10.750 10.757 10.423 10.499 10.824 10.845 10.826 10.427 10.354 10.405 01/12/2080
10.855 10.475 10.145 10.043 9.235 10.515 9.546 10.047 9.889 9.048 10.530 10.262 10.129 9.583 8.258 10.346 10.786 10.087 9.539 8.627 10.602 10.592 9.832 9.300 8.765 10.680 10.651 8.939 8.682 7.862 02/12/2080
9.989 9.518 8.998 8.323 7.848 9.527 7.401 8.246 8.268 8.501 9.555 8.596 8.645 8.651 8.525 9.243 9.463 8.618 8.627 8.800 9.159 9.511 8.728 9.102 8.931 9.315 9.665 8.653 8.771 8.176 03/12/2080
9.681 9.678 9.667 9.385 8.592 9.146 8.195 9.143 9.301 8.579 9.185 9.030 9.096 8.916 8.949 9.024 9.213 9.052 8.856 9.041 9.140 9.011 8.883 8.984 8.873 9.341 9.196 8.936 8.962 8.320 04/12/2080
7.818 7.743 7.811 7.180 6.903 7.474 7.005 7.550 7.262 6.866 7.496 7.469 7.274 6.912 6.804 7.635 7.353 7.247 6.883 7.056 7.690 7.151 6.980 6.860 6.918 7.820 7.232 7.049 6.894 6.628 05/12/2080
8.521 8.427 8.679 8.615 7.854 8.268 7.804 8.550 8.504 7.753 8.285 8.505 8.506 8.421 8.234 8.996 9.041 8.484 8.367 8.478 9.085 9.052 8.471 8.469 8.308 9.224 9.161 8.625 8.482 7.955 06/12/2080
11.789 11.523 11.735 11.683 11.061 11.545 11.064 11.752 12.075 10.975 11.568 11.374 11.743 12.041 11.201 11.826 11.788 11.708 11.979 11.434 11.913 11.668 11.649 11.959 11.358 12.097 11.759 11.585 11.553 11.100 07/12/2080
14.783 14.304 14.407 14.012 13.259 14.490 13.896 13.976 14.047 13.238 14.498 14.249 14.278 13.978 13.499 14.140 14.373 14.243 13.907 13.855 14.185 14.143 13.932 14.026 13.986 14.379 14.278 14.077 13.938 13.656 08/12/2080
13.092 12.498 12.320 11.763 11.134 12.982 11.896 12.031 12.058 11.162 13.004 12.538 12.633 12.104 11.475 12.557 12.757 12.594 12.025 11.736 13.057 12.598 12.416 12.356 12.165 13.278 12.765 12.680 12.554 12.058 09/12/2080
12.611 12.025 11.885 11.581 11.156 12.097 11.538 11.666 12.383 11.115 12.112 11.910 12.651 12.292 11.333 12.417 12.758 12.593 12.149 11.989 12.626 12.724 12.506 12.662 12.752 12.865 12.913 13.010 13.019 12.319 10/12/2080
9.618 9.085 8.909 8.633 8.148 8.920 8.463 8.658 8.530 8.200 8.948 8.970 8.864 8.654 8.150 9.272 9.351 8.844 8.622 8.303 9.371 9.333 8.854 8.753 8.943 9.529 9.423 8.933 8.944 8.673 11/12/2080
10.042 9.864 9.620 9.058 9.089 9.694 9.595 9.382 9.635 8.934 9.717 9.459 9.667 9.516 9.077 9.620 9.472 9.657 9.487 9.464 9.559 9.472 9.663 9.493 9.625 9.679 9.529 9.562 9.497 9.366 12/12/2080
11.200 11.033 11.164 11.110 11.004 10.913 10.695 10.942 11.592 10.887 10.930 10.774 11.511 11.453 11.021 11.497 11.148 11.467 11.396 11.314 11.373 11.016 11.228 11.500 12.152 11.427 11.036 11.486 11.483 11.395 13/12/2080
10.837 10.620 10.473 10.494 10.056 10.414 10.098 10.326 10.554 10.136 10.434 10.330 10.593 10.379 10.196 10.833 11.187 10.566 10.328 10.332 10.724 11.106 10.460 10.418 10.641 10.876 11.130 10.499 10.453 10.336 14/12/2080
10.144 10.058 9.811 9.471 9.801 9.968 9.501 9.768 10.098 9.804 9.983 9.931 10.206 10.043 9.956 10.045 9.966 10.195 9.996 10.241 9.809 9.556 9.914 10.057 10.054 9.945 9.621 10.030 10.144 10.097 15/12/2080
6.139 5.276 4.407 4.258 5.174 5.732 4.545 4.414 5.140 5.112 5.736 5.593 6.167 5.148 5.105 5.949 6.172 6.137 5.128 4.648 5.928 5.842 5.816 5.467 4.996 5.953 5.909 5.675 5.385 5.099 16/12/2080
5.892 5.304 5.317 5.471 5.303 5.635 5.034 5.312 5.560 5.235 5.671 5.632 5.813 5.464 4.829 6.079 6.368 5.781 5.408 4.921 5.936 6.153 5.577 5.688 5.212 6.007 6.203 5.803 5.892 5.185 17/12/2080
8.569 8.727 8.566 8.267 8.248 8.048 8.216 8.355 8.576 8.306 8.077 8.210 8.352 7.959 7.810 8.337 8.846 8.322 7.901 8.031 8.513 8.358 7.834 8.018 8.107 8.669 8.454 7.998 7.991 7.743 18/12/2080
6.986 7.306 7.945 7.478 7.424 6.591 6.850 7.628 7.612 7.326 6.618 6.974 7.053 7.033 7.184 7.964 8.370 7.034 6.991 7.367 7.780 7.943 6.437 7.053 7.408 7.774 7.988 6.016 6.814 6.994 19/12/2080
9.344 9.327 9.715 9.510 8.499 8.918 8.807 9.359 9.226 8.779 8.950 9.228 9.158 8.999 8.819 9.415 9.767 9.112 8.907 9.047 9.595 9.565 8.880 9.016 9.198 9.715 9.637 8.907 9.195 8.923 20/12/2080
11.789 11.543 11.562 11.419 10.789 11.834 11.441 11.434 11.314 10.800 11.857 11.857 11.813 11.373 10.756 12.050 11.930 11.775 11.330 11.156 12.145 11.817 11.686 11.571 11.375 12.309 11.835 11.849 11.569 11.226 21/12/2080
13.857 13.705 14.057 14.067 13.265 14.722 13.682 13.994 14.100 13.557 14.763 14.903 15.019 14.476 13.871 14.556 15.136 15.016 14.476 14.881 14.705 14.912 14.796 14.930 14.683 14.747 14.886 14.806 14.961 15.014 22/12/2080
11.912 11.840 12.260 11.657 11.615 11.915 11.609 11.649 11.195 11.197 11.950 12.043 11.712 11.419 11.012 12.393 12.194 11.688 11.350 10.919 12.531 12.220 11.647 11.607 11.468 12.634 12.269 11.705 11.430 11.104 23/12/2080
9.763 9.322 9.221 9.003 8.025 9.420 8.779 8.498 8.730 8.362 9.457 9.197 9.227 8.919 8.157 9.493 9.414 9.197 8.868 8.462 9.531 9.265 9.072 9.076 9.137 9.752 9.341 9.098 9.177 8.838 24/12/2080
6.882 6.381 6.065 5.502 5.249 6.588 5.852 6.059 6.180 5.468 6.607 6.550 6.547 6.286 5.819 7.063 6.855 6.522 6.234 6.046 7.247 7.016 6.694 6.620 6.581 7.330 7.054 6.880 6.934 6.780 25/12/2080
3.667 3.598 3.507 3.238 3.650 3.530 3.266 3.524 4.288 3.899 3.556 3.706 4.460 4.465 4.132 3.946 4.343 4.425 4.428 4.468 4.301 4.498 4.555 4.598 4.616 4.512 4.538 4.606 4.574 4.403 26/12/2080
3.549 3.448 3.141 2.320 2.623 3.143 2.841 3.040 3.680 3.219 3.189 3.191 3.865 3.523 3.329 2.798 3.135 3.819 3.439 3.470 3.263 3.276 3.898 3.833 3.934 3.477 3.394 4.418 4.104 3.735 27/12/2080
0.380 0.366 0.127 -0.285 -0.561 -0.236 -0.103 -0.002 -0.043 -0.640 -0.214 -0.186 -0.174 -0.229 -0.581 -0.186 -0.056 -0.203 -0.274 -0.621 -0.107 -0.212 -0.296 -0.276 -0.074 0.070 -0.074 -0.155 -0.100 -0.237 28/12/2080
3.139 2.904 2.659 2.110 1.724 2.932 2.504 2.847 2.840 2.163 2.956 3.045 3.003 2.529 2.477 3.091 3.344 2.974 2.470 2.724 3.217 2.916 2.618 2.615 2.809 3.284 2.944 2.998 2.867 2.484 29/12/2080
0.465 0.647 0.173 0.289 -0.190 0.456 0.043 -0.046 0.357 -0.561 0.492 0.097 0.366 -0.162 -0.525 0.557 0.564 0.355 -0.250 -0.386 0.474 0.380 0.088 0.067 -0.232 0.602 0.470 0.527 0.366 -0.242 30/12/2080
-0.929 -0.886 -1.047 -1.528 -0.656 -1.109 -1.154 -1.637 -0.908 -1.195 -1.094 -1.452 -0.500 -0.828 -1.175 -0.301 -0.097 -0.527 -0.900 -1.247 -0.127 0.088 -0.473 -0.410 -0.747 0.138 0.245 0.135 -0.128 -1.043 31/12/2080
-0.017 0.130 0.278 0.026 0.024 -0.218 -0.174 0.036 0.544 -0.191 -0.189 -0.204 0.380 0.266 -0.321 0.145 0.348 0.346 0.183 0.107 0.322 0.346 0.306 0.486 0.093 0.573 0.470 0.643 0.629 -0.170 01/01/2081
0.828 0.816 0.847 0.215 0.359 0.602 0.329 0.622 0.909 0.456 0.648 0.549 0.857 0.660 0.725 0.960 1.253 0.825 0.603 0.738 1.111 1.094 0.676 0.682 0.740 1.317 1.221 1.013 0.941 0.640 02/01/2081
0.661 0.544 0.433 -0.130 -0.405 0.562 0.263 0.502 1.034 0.244 0.594 1.589 2.007 1.896 1.182 2.208 2.135 2.010 1.871 1.927 3.450 3.120 2.879 2.852 2.797 3.548 3.326 3.704 3.449 3.205 03/01/2081
-1.401 -1.825 -2.460 -3.359 -2.180 -1.367 -1.634 -1.735 -1.440 -1.624 -1.350 -1.041 -0.843 -0.997 -1.254 -1.133 -0.902 -0.835 -1.001 -1.016 -0.670 -0.481 -0.501 -0.618 -0.821 -0.442 -0.381 -0.332 -0.373 -0.645 04/01/2081
3.838 3.988 4.238 3.914 6.221 3.795 4.539 4.449 6.148 6.343 3.805 3.679 5.133 5.672 6.229 5.423 5.027 5.086 5.621 6.023 4.841 4.867 4.855 5.233 4.931 4.674 4.899 5.258 5.138 4.471 05/01/2081
10.812 10.794 10.925 10.659 10.747 10.619 11.082 10.801 10.700 10.773 10.635 10.426 10.290 10.416 10.724 10.625 10.736 10.246 10.384 10.620 10.306 10.548 10.048 10.191 10.128 10.265 10.557 10.318 10.323 9.958 06/01/2081
12.479 12.461 12.353 11.846 11.752 12.397 12.384 12.342 12.170 11.991 12.414 12.392 12.170 12.134 12.071 12.849 12.725 12.144 12.113 12.299 12.707 12.703 12.126 12.137 12.017 12.771 12.761 12.239 12.292 11.978 07/01/2081
11.932 11.743 11.714 11.389 11.136 11.903 11.651 11.683 11.987 11.377 11.927 12.096 12.567 12.267 11.649 12.253 12.503 12.533 12.207 11.965 12.432 12.482 12.497 12.530 12.467 12.532 12.568 12.740 12.783 12.356 08/01/2081
12.285 12.071 12.027 11.692 11.220 12.154 11.822 11.976 11.940 11.437 12.182 12.404 12.435 11.980 11.627 12.556 12.745 12.388 11.900 11.841 12.723 12.627 12.153 12.153 12.180 12.901 12.709 12.458 12.386 12.074 09/01/2081
12.016 11.878 11.626 11.443 10.711 11.811 11.654 11.668 11.671 10.841 11.832 11.734 11.773 11.526 10.982 11.968 12.079 11.741 11.433 11.423 12.021 12.033 11.668 11.739 11.623 12.140 12.065 11.864 11.937 11.517 10/01/2081
12.573 12.774 12.823 12.592 11.975 12.657 12.570 12.839 13.050 12.155 12.678 12.854 13.108 13.003 12.288 13.051 13.286 13.097 12.960 13.016 13.124 13.239 13.075 13.164 13.266 13.258 13.287 13.308 13.296 13.006 11/01/2081
7.208 6.908 6.701 6.472 6.205 7.195 6.128 6.699 6.980 6.272 7.220 7.198 7.427 6.952 6.863 7.538 7.622 7.399 6.913 6.941 7.823 7.896 7.631 7.486 7.941 7.902 7.948 7.425 7.850 7.861 12/01/2081
6.558 6.261 6.055 5.670 5.023 6.348 5.546 5.844 5.748 5.103 6.380 6.065 5.956 5.356 4.599 6.561 6.824 5.938 5.339 4.812 6.383 6.718 5.825 5.787 5.312 6.459 6.688 5.701 5.650 5.141 13/01/2081
8.726 8.838 8.871 8.534 8.106 8.471 8.110 8.756 8.488 8.314 8.498 8.308 8.114 8.099 7.975 8.129 8.259 8.097 8.070 8.351 7.842 7.974 7.747 8.010 8.115 7.951 8.024 7.415 7.776 7.546 14/01/2081
5.572 5.769 6.079 6.104 5.829 5.541 4.840 5.752 6.026 5.827 5.560 5.527 5.790 5.606 5.787 5.768 6.505 5.787 5.572 6.085 5.796 6.311 5.593 5.786 6.146 5.941 6.303 5.835 6.042 5.957 15/01/2081
8.607 8.712 8.702 8.715 8.616 8.079 7.721 8.127 8.945 8.386 8.116 7.848 8.716 8.379 8.081 8.899 9.529 8.682 8.337 8.710 8.613 9.067 8.236 8.369 8.784 8.858 9.269 8.345 8.466 8.276 16/01/2081
8.611 9.056 9.240 8.812 10.225 8.854 9.280 8.954 10.167 9.873 8.841 8.470 9.799 9.821 9.872 9.743 10.203 9.784 9.811 10.048 9.387 9.996 9.622 9.551 9.945 10.157 10.132 9.545 9.693 9.857 17/01/2081
8.027 8.409 8.560 8.185 9.323 8.517 8.611 8.480 9.020 9.120 8.501 8.395 8.964 8.853 8.930 8.841 9.998 8.982 8.888 8.730 8.868 10.059 9.158 8.672 8.457 8.787 10.179 9.013 8.744 8.801 18/01/2081
9.532 9.548 9.385 9.054 9.381 9.319 9.100 9.243 9.966 9.373 9.359 9.186 9.904 9.738 9.310 9.445 8.805 9.901 9.653 9.520 9.570 8.835 9.978 9.915 9.442 9.692 8.910 10.364 10.138 9.488 19/01/2081
7.243 7.499 7.579 7.712 7.963 7.081 7.338 7.472 7.842 7.865 7.091 7.187 7.612 7.768 7.823 6.979 7.251 7.597 7.753 7.795 6.671 7.006 7.371 7.564 7.907 6.758 7.033 7.473 7.625 7.721 20/01/2081
8.642 8.881 8.809 9.495 9.792 8.616 8.394 8.639 10.148 9.503 8.642 8.588 10.166 10.095 9.669 9.472 9.904 10.143 10.052 9.767 9.544 9.695 9.915 9.923 9.808 9.711 9.745 9.997 9.920 9.625 21/01/2081
8.962 8.889 8.807 7.780 7.637 8.450 8.317 8.629 8.420 7.757 8.479 8.518 8.312 8.402 7.972 8.950 9.033 8.294 8.368 8.380 9.089 9.080 8.331 8.462 8.315 9.224 9.151 8.303 7.920 7.991 22/01/2081
7.534 7.158 6.922 6.684 5.936 7.507 6.838 6.726 6.697 6.114 7.541 7.051 7.116 6.848 6.157 7.552 7.587 7.099 6.795 6.448 7.808 7.689 7.192 7.103 7.138 7.906 7.754 7.368 6.985 6.874 23/01/2081
4.604 4.386 4.130 4.233 4.216 4.400 3.832 4.282 4.961 4.753 4.458 4.698 5.518 5.341 5.204 5.332 5.246 5.482 5.269 5.354 6.043 5.445 5.660 5.695 5.629 6.271 5.635 6.084 5.869 5.370 24/01/2081
3.175 4.042 4.935 4.634 5.118 3.814 4.243 4.989 4.809 5.474 3.831 4.490 4.258 4.779 5.089 3.553 4.062 4.250 4.770 5.145 3.882 3.779 4.043 4.269 4.685 4.060 3.930 4.134 4.155 4.264 25/01/2081
1.061 1.682 2.580 2.612 2.876 1.155 1.781 2.590 2.360 3.324 1.170 1.773 1.693 2.285 3.116 1.694 2.346 1.699 2.278 3.305 1.967 2.173 1.526 2.042 2.502 2.048 2.182 1.969 1.895 2.118 26/01/2081
-1.396 -1.481 -1.565 -1.622 -2.231 -1.727 -2.038 -2.406 -0.906 -0.336 -1.709 -1.819 -0.706 -0.212 -0.325 -1.471 -0.403 -0.687 -0.269 0.451 -1.230 0.028 -0.172 -0.298 0.239 -1.004 0.063 0.260 0.271 -0.337 27/01/2081
-1.238 -0.917 -0.810 -1.244 -1.334 -1.220 -1.313 -1.187 -1.259 -0.764 -1.215 -1.195 -1.332 -1.225 -0.669 -1.298 -0.694 -1.324 -1.228 -0.657 -1.011 -0.257 -0.968 -0.955 -0.312 -0.967 -0.216 -0.296 -0.229 -0.486 28/01/2081
2.709 3.042 3.157 3.521 2.323 2.678 3.283 3.034 2.745 2.346 2.641 2.603 2.407 2.364 2.424 2.123 2.352 2.368 2.289 2.551 1.906 2.622 2.548 2.601 2.712 2.007 2.473 3.207 2.914 2.306 29/01/2081
5.058 4.760 4.573 3.317 2.857 5.113 5.041 4.708 3.582 2.704 5.107 4.528 3.412 3.262 2.446 4.527 3.884 3.396 3.218 3.420 4.236 3.933 3.538 3.476 3.608 4.327 3.905 3.846 3.534 3.381 30/01/2081
5.634 5.286 5.199 4.362 4.010 5.413 5.206 5.220 4.724 4.483 5.417 5.244 4.831 4.552 4.414 5.891 5.785 4.805 4.487 4.598 6.015 5.785 4.840 4.752 4.829 6.154 5.842 5.057 4.952 4.653 31/01/2081
7.975 7.973 7.965 7.112 6.856 7.753 7.590 7.756 7.285 7.200 7.779 7.734 7.304 7.153 7.151 8.262 8.292 7.266 7.116 7.224 8.548 8.340 7.347 7.398 7.465 8.748 8.451 7.718 7.622 7.307 01/02/2081
4.794 4.849 4.799 4.425 4.035 4.649 4.562 4.693 4.616 4.239 4.672 4.515 4.423 4.401 4.178 5.556 5.542 4.390 4.393 4.442 5.753 5.659 4.496 4.568 4.574 5.891 5.753 4.685 4.678 4.614 02/02/2081
4.139 4.107 4.208 3.605 3.628 3.899 3.865 4.050 4.148 3.717 3.923 4.046 4.154 4.137 4.041 4.628 4.843 4.123 4.110 4.416 4.849 4.881 4.182 4.427 4.639 5.036 5.009 4.561 4.702 4.535 03/02/2081
2.375 2.372 2.276 1.505 1.999 2.304 2.284 2.051 2.037 1.991 2.321 2.253 2.242 2.073 2.095 2.674 2.717 2.219 2.054 2.127 2.741 2.730 2.235 2.307 2.266 2.906 2.803 2.452 2.467 2.182 04/02/2081
1.518 1.340 1.125 -0.037 0.392 1.419 1.217 1.186 0.862 0.626 1.448 1.491 1.097 1.116 0.911 2.040 1.779 1.081 1.106 1.137 2.178 1.750 1.123 1.160 1.245 2.349 1.842 1.255 1.236 1.083 05/02/2081
0.496 0.626 0.968 0.329 1.804 0.713 1.245 1.299 2.114 2.068 0.730 1.087 1.841 2.317 2.187 1.273 1.553 1.827 2.264 2.636 1.440 1.631 2.010 2.485 2.594 1.574 1.720 2.498 2.622 2.450 06/02/2081
2.386 2.722 3.092 2.424 3.290 2.404 2.519 2.860 3.198 3.236 2.431 2.786 2.984 3.197 3.070 2.536 3.007 2.970 3.154 3.406 2.655 2.986 3.011 3.235 3.199 2.787 3.063 3.236 3.389 2.995 07/02/2081
2.816 2.875 3.265 2.612 2.927 2.939 2.665 3.056 3.188 2.936 2.966 3.443 3.520 3.386 2.833 3.678 4.138 3.489 3.347 3.143 4.142 4.516 3.804 3.611 3.358 4.240 4.523 3.981 4.040 3.559 08/02/2081
2.750 2.689 2.710 2.164 2.471 2.274 2.456 2.673 2.813 2.443 2.286 2.461 2.616 2.245 2.340 2.906 3.085 2.589 2.185 2.498 3.241 3.293 2.847 2.920 2.592 3.314 3.334 3.102 2.936 2.587 09/02/2081
2.651 2.660 2.607 2.223 2.030 2.443 2.449 2.489 3.030 2.208 2.481 2.720 3.260 3.099 2.491 3.310 3.993 3.203 3.011 2.943 3.435 4.157 3.397 3.359 3.405 3.489 4.231 3.665 3.400 3.028 10/02/2081
5.113 5.001 4.916 4.275 3.478 5.053 4.995 5.094 4.212 3.610 5.086 5.168 4.289 4.181 3.941 4.550 4.888 4.263 4.139 4.399 4.879 5.026 4.407 4.415 4.467 5.061 5.165 4.593 4.427 4.201 11/02/2081
8.092 8.338 8.066 7.360 6.537 8.096 8.047 8.097 7.006 6.552 8.117 7.987 6.864 6.851 6.851 7.943 7.749 6.840 6.826 6.995 8.119 7.781 6.890 6.941 6.835 8.273 7.819 7.042 7.033 6.797 12/02/2081
10.199 9.856 9.441 9.668 9.118 10.085 9.570 9.527 9.755 9.358 10.101 9.880 10.225 9.705 9.329 10.309 10.001 10.212 9.673 9.487 10.306 9.951 10.089 9.991 9.778 10.443 9.985 10.071 10.400 9.600 13/02/2081
10.800 10.438 10.059 10.433 9.904 10.363 10.131 10.094 10.261 9.487 10.401 10.419 10.738 10.927 9.930 10.902 11.124 10.705 10.884 10.086 11.084 11.187 10.794 10.860 10.595 11.370 11.290 10.766 10.694 10.594 14/02/2081
11.769 11.795 11.619 12.081 11.118 11.454 11.355 11.601 12.283 11.130 11.495 11.852 12.537 12.467 11.230 11.449 12.443 12.495 12.419 12.090 11.456 12.491 12.545 12.668 12.361 11.691 12.617 12.512 12.608 12.069 15/02/2081
13.840 13.308 13.089 13.044 13.044 13.391 12.793 13.009 13.603 12.919 13.429 13.485 14.014 13.791 13.219 13.092 13.688 14.000 13.762 13.463 13.403 13.949 14.317 14.330 14.416 13.631 14.086 14.590 14.802 14.634 16/02/2081
14.240 13.526 13.321 13.235 12.710 13.666 13.116 13.219 12.552 12.615 13.685 13.531 12.856 12.569 12.372 13.482 12.912 12.831 12.542 12.035 13.597 13.003 12.933 12.874 12.910 13.721 13.030 13.181 13.280 13.049 17/02/2081
16.528 15.932 15.721 15.727 15.131 16.037 15.505 15.555 16.123 15.511 16.052 15.866 16.417 16.048 15.216 15.895 16.002 16.405 15.983 15.831 15.994 16.046 16.451 16.320 16.441 16.068 16.074 16.640 16.624 16.555 18/02/2081
10.814 10.033 9.514 9.561 8.742 10.510 9.812 9.699 9.961 9.234 10.533 10.558 10.897 10.179 9.194 11.394 11.630 10.883 10.116 9.522 11.593 11.675 10.942 10.440 10.161 11.819 11.668 11.070 10.636 10.125 19/02/2081
7.912 7.159 7.103 6.735 6.682 7.657 7.201 7.272 7.095 7.167 7.670 7.751 7.592 7.269 6.826 7.945 7.852 7.580 7.236 7.000 8.146 7.966 7.706 7.344 7.229 8.274 8.032 7.909 7.596 7.203 20/02/2081
12.327 12.477 12.905 11.501 12.307 12.160 12.272 12.647 11.139 12.310 12.168 11.853 10.353 10.504 11.509 11.125 11.639 10.340 10.476 10.789 11.254 11.391 10.210 10.113 10.396 11.486 11.523 10.466 10.329 10.193 21/02/2081
11.403 11.214 11.462 10.863 11.991 10.789 10.618 11.125 11.617 12.029 10.826 10.619 11.319 11.003 11.869 10.350 10.963 11.176 10.749 11.136 10.594 10.728 10.930 11.514 11.821 10.973 11.114 11.656 11.728 10.614 22/02/2081
10.412 9.885 10.056 9.530 10.810 9.949 9.667 9.883 10.287 10.758 9.981 9.999 10.459 10.112 10.418 11.033 12.043 10.374 9.982 10.277 11.260 12.121 10.514 10.612 10.672 11.422 12.256 10.929 10.959 10.353 23/02/2081
7.584 7.011 7.234 7.090 7.039 7.070 6.842 7.368 7.697 7.722 7.089 7.448 7.867 8.113 7.982 7.935 9.301 7.815 8.032 8.214 8.343 9.477 8.083 8.452 8.751 8.566 9.672 8.468 8.572 8.228 24/02/2081
8.192 7.676 8.020 7.387 6.653 7.973 7.391 7.890 7.375 7.429 7.999 8.206 7.719 7.737 7.318 8.914 8.978 7.680 7.657 7.733 9.402 9.249 8.053 8.142 8.869 9.548 9.425 8.508 8.594 8.518 25/02/2081
7.719 7.394 7.567 7.406 7.294 7.692 7.348 7.780 8.409 7.917 7.723 7.984 8.670 8.411 8.076 8.995 9.487 8.588 8.285 8.477 9.122 9.442 8.567 8.773 9.170 9.244 9.572 8.884 8.889 8.587 26/02/2081
6.673 7.131 7.728 7.555 7.772 6.509 6.763 7.430 8.140 7.932 6.547 6.610 7.327 7.617 7.663 7.788 8.220 7.306 7.583 8.074 8.394 8.321 7.436 7.244 7.786 8.548 8.408 8.324 8.081 7.488 27/02/2081
8.646 8.426 8.239 6.643 8.048 8.407 8.218 8.696 9.228 8.472 8.436 8.581 9.105 9.018 8.743 9.275 9.548 9.081 8.977 8.982 9.592 9.509 9.094 8.996 8.911 9.754 9.586 9.370 8.892 8.508 28/02/2081
11.091 11.307 11.176 10.142 10.297 11.088 11.262 11.447 11.523 10.644 11.100 11.165 11.253 11.455 10.663 11.620 11.856 11.236 11.422 11.306 11.808 11.852 11.259 11.454 11.581 11.923 11.932 11.481 11.471 11.148 01/03/2081
12.071 12.176 11.818 11.545 11.737 11.838 12.054 12.186 12.627 12.080 11.859 12.038 12.531 12.297 12.257 12.609 13.102 12.526 12.260 12.424 12.563 12.972 12.445 12.564 12.374 12.687 13.089 12.328 12.379 12.157 02/03/2081
10.980 11.327 11.228 10.603 11.253 10.956 11.237 11.274 11.564 11.383 10.979 11.108 11.323 11.566 11.544 11.395 11.743 11.288 11.509 11.609 11.583 11.834 11.344 11.725 11.723 11.751 11.943 11.729 11.749 11.538 03/03/2081
10.121 10.662 10.458 10.103 9.915 10.529 10.640 10.426 10.478 10.089 10.564 10.623 10.667 10.656 10.224 11.162 11.550 10.646 10.611 10.171 11.292 11.602 10.681 10.817 10.530 11.386 11.720 10.800 10.788 10.415 04/03/2081
11.251 11.470 11.197 10.669 11.043 11.292 11.660 11.232 11.501 10.866 11.331 11.449 11.686 11.620 10.923 11.573 12.148 11.653 11.563 11.006 11.955 12.248 11.713 11.896 11.668 12.132 12.382 12.145 12.122 11.499 05/03/2081
13.696 13.937 13.925 13.271 12.976 13.785 13.966 13.940 13.344 12.637 13.809 13.779 13.142 13.426 12.746 13.566 13.916 13.125 13.376 13.106 13.751 14.009 13.215 13.551 13.385 13.861 14.090 13.438 13.661 13.335 06/03/2081
11.878 12.053 12.047 11.562 12.654 11.877 12.500 12.044 12.216 12.728 11.891 11.936 12.186 12.409 12.883 12.419 12.755 12.148 12.371 12.216 12.516 12.844 12.208 12.661 12.654 12.629 12.931 12.535 12.714 12.567 07/03/2081
9.724 9.630 9.609 9.166 9.339 9.598 9.860 9.483 9.881 9.309 9.620 9.597 9.982 9.624 9.512 10.310 10.363 9.952 9.585 9.487 10.358 10.434 9.969 10.094 10.074 10.480 10.498 10.106 10.094 9.881 08/03/2081
9.438 9.714 9.870 9.376 9.021 9.613 10.043 9.908 10.002 9.535 9.641 9.936 10.038 10.338 9.701 10.288 10.649 10.016 10.284 10.099 10.415 10.407 9.758 10.169 10.247 10.594 10.499 9.854 10.252 10.073 09/03/2081
9.999 10.543 10.710 10.713 10.392 10.297 10.749 10.533 10.134 10.304 10.327 10.394 10.059 10.246 10.159 11.477 11.334 10.005 10.208 9.450 11.678 11.282 9.937 10.331 10.407 11.960 11.535 10.369 10.615 9.965 10/03/2081
7.938 7.935 7.995 7.832 7.910 7.759 7.980 7.874 7.613 7.764 7.777 7.873 7.659 7.660 7.785 8.884 8.824 7.634 7.626 7.261 8.894 8.725 7.573 7.721 7.593 8.993 8.874 7.755 7.807 7.494 11/03/2081
8.797 8.853 8.720 8.613 8.767 8.787 8.683 8.556 8.573 8.393 8.804 8.646 8.698 8.615 8.583 9.362 9.506 8.681 8.596 8.218 9.427 9.509 8.694 8.856 8.655 9.525 9.572 8.843 8.786 8.632 12/03/2081
9.988 9.864 9.571 9.324 9.498 10.158 10.148 10.247 10.204 10.243 10.159 10.215 10.184 10.091 10.277 10.480 10.810 10.182 10.061 10.178 10.620 10.903 10.251 10.447 10.380 10.744 10.955 10.239 10.142 10.388 13/03/2081
9.370 9.526 9.406 9.228 9.125 9.578 9.956 9.852 9.942 9.471 9.597 10.060 10.200 10.394 10.065 9.917 10.434 10.191 10.345 10.192 10.196 10.447 10.153 10.427 10.368 10.393 10.589 10.327 10.368 10.072 14/03/2081
10.603 11.075 11.211 10.879 11.009 10.837 11.345 11.189 11.240 11.034 10.858 10.941 11.074 11.287 11.115 10.845 11.365 11.073 11.264 11.211 10.776 11.290 10.931 10.959 11.047 10.915 11.334 10.953 10.842 10.745 15/03/2081
12.836 12.913 13.336 12.896 12.909 13.139 13.367 13.138 13.415 13.048 13.154 13.512 13.846 13.724 12.988 13.882 14.610 13.830 13.695 13.021 13.792 14.626 13.881 13.700 13.799 13.981 14.694 13.814 13.774 13.637 16/03/2081
12.411 11.998 11.993 12.181 12.139 12.090 12.191 11.982 13.096 12.407 12.110 12.352 13.573 13.474 12.800 13.345 13.435 13.516 13.392 13.020 13.384 13.520 13.563 14.151 14.146 13.472 13.629 14.277 14.448 13.830 17/03/2081
9.989 9.167 8.642 8.941 8.650 9.244 8.669 8.546 8.876 8.751 9.289 9.157 9.553 9.309 9.220 9.760 9.707 9.524 9.225 8.814 10.000 9.837 9.698 9.691 9.725 10.210 9.949 9.928 9.669 9.471 18/03/2081
13.117 13.152 13.134 13.397 14.996 12.998 12.871 12.975 16.130 15.131 13.026 13.138 16.379 16.065 15.418 13.212 14.550 16.319 16.008 15.914 13.413 14.597 16.533 16.468 16.374 13.556 15.092 17.046 16.792 16.242 19/03/2081
10.797 10.639 10.580 10.221 11.174 11.003 10.942 10.735 11.683 11.257 11.001 10.954 11.901 11.960 11.197 11.387 10.672 11.914 11.995 11.660 11.147 10.862 12.131 11.784 11.660 10.993 10.869 11.899 11.526 11.848 20/03/2081
11.815 11.885 11.810 11.403 11.369 12.053 12.083 11.889 11.977 11.333 12.060 11.690 11.762 11.817 11.164 12.224 12.338 11.705 11.706 11.148 12.116 12.429 11.891 11.877 11.325 12.227 12.567 11.842 11.612 10.896 21/03/2081
12.273 12.700 12.405 12.272 12.301 12.151 12.384 12.187 12.452 12.142 12.162 12.070 12.350 12.246 12.200 12.279 12.539 12.329 12.197 12.187 12.237 12.522 12.329 12.571 12.729 12.389 12.570 12.815 13.111 12.926 22/03/2081
11.107 11.494 11.416 11.113 10.658 11.540 11.428 11.445 11.507 10.730 11.565 11.657 11.711 11.774 10.956 11.500 11.881 11.680 11.726 11.047 11.420 11.880 11.543 11.753 11.457 11.582 12.000 11.705 11.655 11.331 23/03/2081
9.622 9.477 9.502 8.993 8.396 9.629 9.174 9.179 8.825 8.380 9.655 9.634 9.360 9.118 8.587 9.767 9.713 9.332 9.026 8.576 10.287 9.997 9.395 9.354 9.202 10.524 10.139 9.798 9.565 9.261 24/03/2081
9.647 9.366 8.894 8.633 7.990 9.489 9.260 8.656 8.473 7.847 9.511 9.333 9.264 8.606 8.445 9.671 10.242 9.229 8.579 8.518 10.138 10.367 9.481 9.243 9.043 10.237 10.542 10.083 9.888 9.303 25/03/2081
14.015 14.476 14.508 13.459 14.777 14.171 14.567 14.483 14.121 14.546 14.158 14.172 13.833 14.158 14.606 14.634 14.660 13.859 14.198 14.175 14.503 14.310 13.554 13.723 13.766 14.489 14.269 13.324 13.112 13.584 26/03/2081
15.126 15.631 15.722 15.664 16.029 15.161 15.718 15.593 15.058 15.818 15.161 15.093 14.564 14.980 15.620 15.041 16.404 14.561 14.988 14.944 14.610 16.353 14.479 14.738 14.686 14.364 16.180 14.377 14.412 14.513 27/03/2081
11.049 11.086 10.694 9.722 10.445 10.783 10.979 10.779 10.542 10.241 10.809 10.881 10.630 10.502 9.548 10.796 11.248 10.606 10.479 9.640 10.764 11.072 10.411 10.704 10.575 10.924 11.104 10.499 10.712 10.530 28/03/2081
9.532 9.184 9.091 8.553 8.657 9.171 8.716 8.660 9.079 8.129 9.202 9.115 9.422 8.774 8.093 9.698 9.902 9.395 8.712 8.059 9.770 9.907 9.408 9.035 8.634 9.919 10.013 9.434 9.352 9.020 29/03/2081
12.013 11.909 11.665 11.179 11.411 11.302 11.241 11.299 11.830 10.748 11.335 11.019 11.560 11.027 10.765 11.350 11.626 11.511 10.945 10.785 11.347 11.330 11.065 10.982 10.792 11.493 11.410 10.841 10.663 10.076 30/03/2081
11.088 11.182 11.210 10.942 11.054 10.935 10.980 11.172 11.554 11.505 10.969 11.057 11.521 11.503 11.504 11.577 12.272 11.479 11.412 11.403 11.729 12.078 11.219 11.403 11.190 11.831 12.260 11.545 11.422 10.979 31/03/2081
13.182 13.461 13.829 13.292 12.861 13.210 13.363 13.574 12.831 12.618 13.245 13.627 13.081 12.704 12.489 13.284 13.462 13.050 12.669 12.512 13.477 12.992 12.553 12.751 12.735 13.571 13.111 12.630 12.723 12.915 01/04/2081
12.245 12.725 12.596 12.121 12.272 12.358 12.803 12.397 12.776 12.309 12.371 12.454 12.870 12.719 12.590 12.910 13.347 12.843 12.669 12.526 13.308 13.292 12.812 12.951 12.645 13.432 13.365 13.044 12.636 11.985 02/04/2081
12.273 12.298 12.023 11.613 11.686 11.952 11.935 11.968 12.140 11.978 11.969 12.055 12.197 12.121 12.332 12.865 13.237 12.181 12.100 12.476 13.307 13.494 12.443 12.370 12.603 13.414 13.606 12.677 12.493 12.283 03/04/2081
12.414 12.206 12.020 11.745 11.829 11.924 11.577 11.730 12.304 11.815 11.954 11.611 12.240 12.099 12.097 12.751 13.107 12.189 12.016 12.418 13.093 13.202 12.197 12.415 12.667 13.256 13.311 12.692 12.553 12.247 04/04/2081
12.709 12.260 12.004 11.715 12.125 12.473 11.869 11.786 12.234 12.210 12.485 11.985 12.439 12.396 12.634 12.837 13.312 12.407 12.323 12.671 12.934 13.488 12.530 12.739 13.045 13.149 13.554 13.060 12.970 12.556 05/04/2081
14.355 14.476 14.487 13.424 13.707 14.500 14.557 14.659 14.284 14.165 14.526 15.008 14.545 14.776 14.508 15.360 14.920 14.529 14.754 14.881 15.912 15.482 14.902 14.881 14.807 16.034 15.494 15.062 14.974 14.622 06/04/2081
12.970 13.188 13.738 13.551 14.105 13.315 13.701 13.876 14.208 14.495 13.336 13.957 14.181 14.560 14.883 13.897 14.410 14.178 14.514 14.736 14.359 14.628 14.434 14.732 14.897 14.492 14.692 14.688 15.095 14.932 07/04/2081
16.232 16.529 16.869 16.437 17.504 16.440 16.708 16.608 17.383 17.769 16.462 16.632 17.230 17.484 17.893 16.836 17.208 17.224 17.436 17.599 17.189 17.387 17.480 17.505 17.431 17.314 17.506 17.754 17.697 17.255 08/04/2081
16.141 16.792 16.844 16.754 16.966 16.416 17.053 16.982 17.412 17.500 16.417 16.631 17.114 17.395 17.420 16.596 17.223 17.108 17.358 17.470 16.915 17.535 17.344 17.531 17.484 17.162 17.543 17.641 17.814 17.589 09/04/2081
17.369 17.242 17.059 16.776 17.513 17.480 17.412 17.120 18.270 17.713 17.491 17.454 18.577 18.628 17.995 18.120 18.540 18.556 18.539 18.285 18.138 18.851 18.898 18.973 19.067 18.358 18.887 19.107 19.273 19.062 10/04/2081
14.559 14.309 14.240 15.177 14.185 14.397 14.499 14.809 15.520 15.471 14.431 15.023 15.747 16.003 16.223 14.997 15.452 15.710 15.934 16.132 15.220 15.823 16.016 16.307 16.672 15.431 15.936 16.398 16.487 16.189 11/04/2081
13.083 13.274 13.115 12.793 12.467 13.517 13.645 13.366 13.198 12.747 13.523 13.945 13.802 13.524 13.102 13.988 14.352 13.784 13.479 13.060 14.305 14.621 14.046 13.815 13.844 14.439 14.666 14.037 13.513 13.325 12/04/2081
13.775 13.795 13.676 13.302 11.942 13.414 12.885 13.203 13.357 11.954 13.440 14.011 14.242 13.193 12.062 13.822 14.231 14.212 13.131 12.329 13.851 14.018 13.960 13.301 13.228 14.023 14.126 14.109 13.374 13.190 13/04/2081
13.347 13.445 13.109 12.733 12.198 13.125 12.618 12.804 12.867 12.156 13.158 13.249 13.366 12.824 12.258 13.275 13.702 13.336 12.773 12.405 13.334 13.357 12.930 12.625 12.657 13.497 13.464 13.129 12.881 12.451 14/04/2081
12.785 12.939 12.798 12.960 12.511 12.858 12.099 12.218 12.158 11.972 12.898 12.558 12.518 11.947 12.114 12.694 13.297 12.489 11.913 11.744 12.677 13.215 12.403 12.202 12.240 12.712 13.385 12.749 12.476 12.198 15/04/2081
12.075 12.188 12.109 12.368 11.787 11.944 11.983 12.085 11.758 11.529 11.974 12.055 11.846 12.026 11.750 11.956 11.627 11.823 11.994 11.750 12.061 11.814 12.043 12.124 12.131 12.183 11.862 12.300 12.247 12.121 16/04/2081
18.395 18.456 18.498 18.479 18.317 18.319 18.235 18.568 18.677 18.347 18.348 18.457 18.617 18.594 18.434 18.667 18.538 18.590 18.537 18.509 18.806 18.531 18.572 18.748 18.725 18.947 18.581 18.947 18.930 18.779 17/04/2081
12.659 11.621 11.468 11.535 12.515 12.110 11.198 11.690 12.388 12.907 12.128 12.073 12.721 12.306 13.158 12.484 12.744 12.699 12.253 12.591 12.666 12.567 12.505 12.322 12.291 12.828 12.681 12.851 12.481 12.109 18/04/2081
16.464 15.985 15.638 14.607 14.984 15.892 15.153 15.370 15.300 15.046 15.932 15.488 15.474 14.902 14.974 15.856 15.740 15.440 14.843 14.996 15.931 15.484 15.214 14.970 14.893 16.229 15.590 15.606 15.155 14.658 19/04/2081
15.288 15.519 15.055 14.799 15.154 15.266 15.326 15.513 16.037 15.326 15.300 16.188 16.773 16.375 15.101 16.279 17.599 16.734 16.319 15.340 16.571 17.551 16.702 16.521 15.772 16.822 17.661 16.630 15.762 16.153 20/04/2081
14.815 15.278 15.124 13.826 13.694 15.310 15.298 15.601 15.535 13.896 15.334 16.148 16.162 15.535 14.088 15.278 15.859 16.137 15.460 14.598 15.020 14.976 15.316 15.074 14.854 15.025 14.912 14.499 14.582 15.081 21/04/2081
17.184 17.474 17.218 15.869 16.362 16.903 16.140 17.121 17.400 16.148 16.952 16.663 17.086 16.830 16.003 17.265 17.447 17.032 16.712 16.330 16.989 16.887 16.417 16.581 16.759 17.082 16.944 16.804 16.482 16.278 22/04/2081
13.342 13.342 13.119 12.510 12.637 13.307 12.708 12.207 12.475 12.110 13.340 12.549 12.784 12.268 11.757 12.955 13.070 12.740 12.193 11.977 12.281 12.887 12.516 12.527 12.227 12.416 12.969 12.282 12.489 12.172 23/04/2081
13.357 13.649 13.666 12.609 12.720 13.328 13.243 13.343 12.640 12.630 13.358 13.256 12.612 12.354 12.474 13.493 13.932 12.585 12.288 12.551 13.572 14.060 12.667 12.674 12.368 13.740 14.109 12.902 12.814 12.281 24/04/2081
12.162 11.941 12.145 11.459 11.044 11.761 11.075 11.891 11.838 10.927 11.780 12.034 12.002 11.504 11.247 11.292 11.724 11.966 11.415 11.452 11.723 11.862 12.118 11.998 11.799 11.948 11.993 12.340 12.148 11.674 25/04/2081
12.448 12.144 12.668 12.550 13.767 11.702 11.407 12.468 13.037 13.782 11.727 12.197 12.612 13.029 13.999 12.404 13.028 12.567 12.946 13.031 12.171 12.946 12.474 13.049 13.302 12.263 13.051 12.451 12.708 13.035 26/04/2081
13.043 12.494 12.847 13.121 13.814 12.575 11.820 12.702 14.238 13.884 12.603 12.620 14.005 13.928 14.098 12.521 13.442 13.956 13.864 14.205 12.623 13.299 13.849 13.981 14.441 12.802 13.359 13.864 13.798 13.865 27/04/2081
14.854 14.731 14.919 14.916 15.198 14.338 14.081 14.808 15.323 15.080 14.374 14.240 14.588 14.901 14.697 15.009 15.325 14.557 14.838 14.788 15.121 15.015 14.274 15.015 14.839 15.410 15.204 14.160 15.097 14.747 28/04/2081
15.353 15.694 15.871 15.801 15.821 15.232 15.578 15.898 15.956 15.831 15.252 15.430 15.474 15.681 15.897 15.656 16.125 15.436 15.640 15.977 15.705 16.132 15.513 15.992 16.054 15.839 16.249 15.668 16.076 15.787 29/04/2081
12.133 12.547 12.565 12.975 12.241 11.994 12.480 12.595 13.023 12.232 12.022 12.014 12.537 12.882 12.333 13.098 13.337 12.512 12.847 12.905 12.982 13.187 12.452 12.906 12.958 13.199 13.400 12.454 12.671 12.600 30/04/2081
11.158 10.557 10.507 10.449 9.886 10.642 9.855 10.174 10.387 11.127 10.654 10.222 10.493 10.518 10.063 10.728 10.870 10.445 10.434 10.070 10.996 11.140 10.863 10.493 10.448 11.193 11.260 10.859 10.551 9.976 01/05/2081
10.509 10.295 9.849 9.369 9.296 10.305 10.194 9.891 9.934 10.082 10.323 10.088 10.182 10.188 10.363 10.440 10.865 10.139 10.125 10.381 10.718 10.991 10.292 10.492 10.595 10.904 11.140 10.548 10.541 10.076 02/05/2081
9.514 9.444 9.150 8.548 8.189 9.158 9.374 9.209 8.050 8.525 9.190 9.237 8.058 8.318 8.664 9.170 10.287 8.047 8.272 8.488 9.296 10.357 8.291 8.460 8.560 9.432 10.512 8.307 8.300 8.250 03/05/2081
11.025 11.490 11.373 10.930 11.226 11.062 11.558 10.933 11.253 11.145 11.078 10.977 11.148 11.018 10.678 11.197 11.233 11.115 10.980 10.890 11.358 11.494 11.493 11.431 11.241 11.469 11.568 11.792 11.919 11.672 04/05/2081
14.002 14.385 14.649 14.473 14.645 14.224 14.457 14.697 14.788 14.840 14.249 14.576 14.752 14.739 14.659 14.737 14.872 14.712 14.675 14.822 14.481 14.695 14.497 14.890 15.090 14.600 14.774 14.537 14.777 14.662 05/05/2081
13.003 13.852 15.036 14.751 14.762 13.150 13.750 13.800 14.235 14.416 13.168 13.492 13.982 14.235 14.167 14.182 14.515 13.948 14.213 14.396 15.421 14.721 14.167 14.426 14.066 15.569 14.819 15.274 15.160 14.421 06/05/2081
14.953 15.500 15.575 15.474 16.287 15.198 15.524 15.555 16.912 16.531 15.227 15.666 17.008 17.114 16.840 16.176 16.610 16.989 17.022 16.971 16.674 16.617 16.989 17.462 17.259 17.064 16.750 17.818 17.912 17.470 07/05/2081
14.816 15.180 15.312 14.910 15.287 14.740 14.886 15.061 15.468 15.128 14.768 14.815 15.251 15.514 15.464 14.950 15.634 15.239 15.456 15.553 15.038 15.449 15.113 15.574 15.693 15.193 15.578 15.648 15.738 15.500 08/05/2081
15.752 15.709 15.600 14.245 13.417 15.364 15.307 15.433 14.063 13.453 15.385 15.430 14.236 14.136 13.697 14.348 14.434 14.214 14.059 13.953 14.318 14.265 14.053 14.328 14.301 14.425 14.408 14.202 14.334 14.093 09/05/2081
12.559 11.295 11.228 10.302 11.916 11.666 10.604 11.209 11.780 12.310 11.703 11.648 12.152 11.568 12.164 11.243 10.820 12.135 11.506 11.752 11.863 10.963 12.266 11.847 11.620 12.097 11.159 12.579 12.308 11.746 10/05/2081
10.835 10.013 9.439 10.696 10.712 10.523 8.816 9.161 11.155 10.928 10.542 10.352 11.949 10.958 11.258 11.571 12.187 11.945 10.992 11.249 11.769 12.026 11.806 10.949 11.057 11.873 12.088 11.728 11.096 11.283 11/05/2081
14.188 13.802 13.421 12.456 12.904 14.146 13.543 13.841 14.093 13.656 14.166 14.380 14.600 14.276 14.165 14.653 15.274 14.569 14.204 14.604 15.211 15.667 14.956 14.872 14.525 15.306 15.754 14.704 14.863 14.919 12/05/2081
14.475 13.680 13.703 14.672 14.680 13.741 12.756 13.448 15.585 14.600 13.802 13.967 16.113 15.786 14.685 13.355 14.634 16.123 15.780 15.721 14.222 14.673 16.299 16.145 16.017 14.836 15.056 16.454 16.504 16.446 13/05/2081
13.506 13.492 13.520 13.807 13.467 13.184 13.336 13.844 13.180 13.594 13.191 13.660 13.065 13.357 13.945 13.416 14.125 13.037 13.348 13.619 13.733 14.397 13.354 13.797 13.991 13.817 14.533 14.083 14.349 14.281 14/05/2081
8.404 9.013 8.995 8.065 8.104 8.387 8.548 8.991 8.998 8.638 8.394 8.888 8.921 9.030 8.877 8.975 9.458 8.882 8.976 8.776 9.209 9.672 9.171 9.401 9.753 9.365 9.800 9.766 9.955 9.927 15/05/2081
10.537 10.357 10.161 9.681 9.358 10.274 9.861 10.131 10.117 9.523 10.304 10.297 10.303 10.151 9.721 10.560 10.860 10.262 10.058 9.889 10.590 10.674 10.041 10.211 10.263 10.759 10.807 10.143 10.147 10.122 16/05/2081
11.479 11.064 10.641 10.438 10.687 11.085 10.589 10.630 11.615 10.772 11.114 10.929 11.912 11.771 10.819 11.382 11.775 11.901 11.737 11.385 11.429 11.674 11.831 11.869 11.651 11.580 11.758 11.771 11.965 11.931 17/05/2081
14.271 14.393 14.734 14.449 13.943 14.686 14.339 14.893 14.529 14.076 14.685 14.777 14.244 14.032 13.587 15.255 15.236 14.275 14.083 14.293 15.159 14.912 13.833 13.532 13.625 14.979 14.842 13.639 13.522 13.674 18/05/2081
15.241 15.083 15.792 15.517 15.769 15.166 15.119 15.832 16.102 16.331 15.202 15.459 15.793 15.590 16.098 15.514 15.733 15.756 15.523 16.164 16.146 16.171 16.110 16.166 16.453 16.300 16.355 16.892 16.867 16.377 19/05/2081
15.819 15.307 15.972 15.739 16.809 15.673 15.794 16.399 16.628 17.166 15.674 16.032 16.287 16.484 17.226 15.828 16.868 16.272 16.458 16.812 16.244 17.106 16.542 16.767 16.866 16.487 17.242 16.886 17.018 16.858 20/05/2081
18.302 17.639 17.742 17.905 17.945 17.949 17.382 17.852 17.854 18.332 17.971 17.970 18.073 17.698 18.443 18.397 19.098 18.048 17.667 17.832 18.761 19.093 18.023 17.892 17.931 18.962 19.167 18.358 17.997 17.691 21/05/2081
18.252 17.967 17.981 17.835 18.512 18.119 18.239 18.274 18.565 18.938 18.141 18.474 18.823 19.015 19.357 18.638 19.335 18.826 19.029 19.183 18.950 19.675 19.140 19.121 19.291 19.138 19.781 19.198 19.102 18.856 22/05/2081
20.137 20.130 19.806 19.084 19.810 19.885 20.042 20.207 20.737 20.275 19.914 20.056 20.659 20.923 20.911 20.588 20.921 20.612 20.885 21.129 20.444 21.033 20.703 21.066 21.233 20.557 21.062 20.991 21.081 20.635 23/05/2081
20.942 21.106 21.045 20.834 21.194 20.985 21.341 21.315 21.405 21.687 20.992 21.156 21.311 21.512 22.171 21.238 22.042 21.262 21.492 21.779 21.526 22.226 21.475 21.834 21.954 21.608 22.332 22.035 22.052 21.669 24/05/2081
19.031 19.092 19.127 17.897 19.288 19.153 19.468 19.333 19.783 19.720 19.171 19.341 20.005 20.195 20.486 19.890 19.365 19.961 20.153 20.426 20.179 19.845 20.302 20.640 20.581 20.250 19.864 20.744 21.041 20.523 25/05/2081
20.522 20.412 20.448 20.104 20.493 20.332 20.531 20.464 20.134 20.398 20.365 20.273 19.954 20.132 20.495 20.658 20.856 19.924 20.069 20.153 20.693 20.858 19.978 20.198 20.431 20.664 20.970 20.092 20.084 19.760 26/05/2081
22.735 22.173 21.878 21.163 22.054 23.078 22.283 22.319 23.502 22.559 23.104 23.150 24.392 24.073 22.769 24.650 25.269 24.367 24.047 23.406 24.998 25.307 24.491 24.512 24.305 25.169 25.441 24.401 24.663 24.194 27/05/2081
21.284 20.527 20.170 19.511 20.056 21.344 20.580 20.598 21.253 20.534 21.355 21.859 22.600 22.243 21.187 23.064 23.217 22.570 22.196 21.973 23.620 23.542 23.009 22.736 22.692 23.749 23.592 23.146 22.747 22.458 28/05/2081
19.604 18.298 18.425 17.788 18.192 19.589 18.239 18.656 18.670 18.466 19.595 19.826 20.060 19.455 18.840 20.586 20.477 20.023 19.420 19.353 21.253 20.746 20.316 19.833 19.704 21.426 20.856 20.227 19.825 19.392 29/05/2081
21.886 20.760 20.423 20.097 20.195 21.581 19.980 20.155 20.747 20.449 21.596 21.286 21.881 20.960 20.860 21.918 21.780 21.877 20.916 20.855 22.480 21.907 22.045 21.424 21.339 22.793 21.903 21.956 21.543 21.169 30/05/2081
22.421 21.815 21.632 21.517 21.563 22.544 21.354 21.799 22.594 21.852 22.555 22.755 23.575 23.030 22.061 23.072 23.404 23.574 22.980 22.736 23.421 23.291 23.513 23.123 23.302 23.518 23.370 23.570 23.184 22.901 31/05/2081
20.126 19.959 19.822 20.194 20.189 20.106 19.479 19.888 20.165 20.366 20.138 20.342 20.664 20.291 20.542 20.220 20.438 20.633 20.249 20.393 20.644 20.347 20.511 20.512 20.512 20.784 20.387 20.656 20.464 20.123 01/06/2081
18.710 18.693 18.925 18.411 19.164 18.326 18.054 18.475 19.045 18.813 18.349 18.553 19.110 19.079 19.256 18.780 19.232 19.080 19.004 19.221 18.999 19.349 19.203 19.399 19.329 19.169 19.484 19.491 19.119 19.143 02/06/2081
18.088 18.230 18.343 18.113 18.037 18.163 18.608 18.551 18.636 18.525 18.192 18.492 18.644 18.890 18.998 18.582 19.232 18.618 18.849 19.202 18.652 19.274 18.638 18.930 18.788 18.816 19.298 18.731 18.675 18.069 03/06/2081
20.342 20.350 20.324 19.849 19.906 20.081 19.774 19.639 19.965 19.775 20.110 19.722 20.050 19.758 19.998 19.819 20.245 20.021 19.725 20.062 19.760 20.187 19.981 20.097 19.929 19.957 20.289 19.531 19.933 19.901 04/06/2081
21.067 21.401 21.376 20.905 20.928 20.922 20.637 20.850 21.026 20.491 20.966 20.903 21.035 20.805 20.226 21.119 21.587 20.993 20.743 20.337 21.001 21.343 20.714 20.400 20.192 21.084 21.551 20.798 20.483 20.319 05/06/2081
18.382 19.064 19.272 18.865 19.499 18.293 18.839 18.963 19.379 19.280 18.324 18.410 18.721 19.091 19.394 18.215 18.877 18.690 19.053 19.349 17.884 18.376 18.130 18.788 19.018 18.025 18.515 18.039 18.540 18.722 06/06/2081
17.547 17.749 17.726 17.330 17.549 16.896 16.950 17.376 17.453 17.286 16.922 16.998 17.032 17.303 17.809 16.889 17.356 16.996 17.277 17.706 16.991 17.226 16.807 17.113 17.660 17.173 17.381 17.036 17.107 17.350 07/06/2081
19.093 19.114 19.023 18.453 18.780 18.772 18.785 19.007 19.138 18.837 18.801 18.825 18.961 19.101 19.087 18.870 19.152 18.933 19.030 19.125 18.742 19.122 18.906 19.166 19.362 18.869 19.228 18.981 19.242 19.166 08/06/2081
21.990 22.041 22.186 21.847 21.969 21.895 22.054 22.259 22.488 22.205 21.908 21.984 22.236 22.301 22.370 21.681 22.132 22.206 22.243 22.367 21.543 21.943 22.019 22.178 22.370 21.674 22.050 22.061 22.120 21.867 09/06/2081
24.346 23.839 24.178 23.360 24.601 24.159 24.229 24.322 23.545 24.547 24.178 24.438 23.632 23.517 24.506 23.896 24.131 23.633 23.506 23.762 23.807 24.222 23.745 23.843 23.615 23.743 24.231 23.738 23.864 23.388 10/06/2081
21.505 21.372 21.444 20.748 21.438 20.818 21.305 21.317 21.298 21.411 20.839 21.223 21.115 21.268 21.378 20.545 21.255 21.095 21.246 21.302 20.658 21.254 21.069 21.417 21.411 20.684 21.273 21.276 21.506 21.345 11/06/2081
16.535 15.697 16.444 16.166 15.507 15.252 15.812 16.102 16.097 15.637 15.276 15.174 15.207 16.329 16.532 16.852 15.513 15.179 16.312 16.509 16.869 15.155 14.971 15.266 16.638 16.986 15.194 16.095 16.617 16.527 12/06/2081
19.257 19.501 19.615 19.123 19.104 18.943 19.363 19.583 19.778 19.268 18.981 19.268 19.553 19.609 19.296 19.379 19.821 19.516 19.556 19.722 19.470 19.867 19.531 19.654 19.688 19.685 20.004 19.892 20.082 19.629 13/06/2081
19.571 20.077 20.186 19.931 20.385 19.660 19.958 20.311 20.950 20.705 19.695 20.036 20.812 21.015 20.917 20.129 20.762 20.760 20.901 21.142 20.173 20.733 20.705 21.147 21.388 20.253 20.817 21.096 21.411 21.373 14/06/2081
18.941 19.138 19.135 18.948 19.420 18.787 19.243 19.289 19.608 19.592 18.827 18.963 19.322 19.667 19.809 18.756 19.452 19.282 19.603 19.853 18.904 19.594 19.390 19.761 19.594 19.096 19.648 19.749 19.615 19.523 15/06/2081
19.148 19.150 19.353 19.401 19.074 19.010 19.696 19.303 19.574 19.353 19.034 19.145 19.468 19.808 19.655 19.131 19.799 19.433 19.776 19.972 19.212 19.969 19.573 19.905 19.896 19.374 20.043 19.735 19.802 19.843 16/06/2081
19.625 19.639 19.763 19.286 19.596 19.346 19.852 19.587 20.009 19.653 19.353 19.483 19.921 20.076 19.742 19.450 20.002 19.883 20.028 19.930 19.420 19.821 19.736 20.125 19.994 19.602 19.947 19.910 19.973 19.806 17/06/2081
15.474 15.875 16.012 15.761 16.387 15.650 16.034 15.917 16.357 16.160 15.668 16.227 16.478 16.572 16.792 16.204 16.574 16.433 16.516 16.746 16.643 16.701 16.710 17.153 17.084 16.789 16.818 17.120 17.313 17.025 18/06/2081
16.459 16.707 16.574 16.279 16.498 16.126 16.318 16.421 16.769 16.467 16.169 16.331 16.665 16.664 16.863 16.628 17.211 16.630 16.617 16.930 16.775 17.095 16.447 16.760 16.867 16.967 17.232 16.662 16.796 16.523 19/06/2081
16.277 16.508 15.336 14.849 14.445 16.381 16.494 15.441 15.577 14.180 16.426 16.588 16.644 15.861 14.885 16.312 16.317 16.597 15.819 15.237 16.157 15.639 15.721 15.675 15.010 16.350 15.752 14.887 15.396 14.733 20/06/2081
15.862 16.095 16.009 15.352 15.206 15.567 15.795 15.941 16.232 15.367 15.615 16.000 16.244 16.101 15.481 15.932 16.512 16.188 15.978 15.764 15.971 16.553 16.185 16.424 16.359 16.241 16.716 16.344 16.609 16.108 21/06/2081
15.527 15.444 15.442 14.910 15.028 15.060 15.056 15.308 15.491 15.120 15.099 15.409 15.615 15.345 15.331 15.664 16.278 15.561 15.225 15.208 15.791 16.210 15.437 15.711 15.684 15.984 16.352 15.823 16.048 15.557 22/06/2081
16.255 16.412 16.486 16.178 16.587 16.410 16.532 16.683 17.245 17.036 16.421 16.992 17.517 17.446 17.178 17.549 18.117 17.503 17.407 17.170 18.037 18.335 17.688 17.787 17.421 18.250 18.448 18.012 18.043 17.611 23/06/2081
20.857 21.059 21.116 20.750 21.137 20.633 20.870 21.012 21.525 21.194 20.675 20.766 21.292 21.398 21.325 20.745 21.173 21.266 21.347 21.433 20.942 21.157 21.215 21.387 21.365 21.171 21.279 21.501 21.531 21.200 24/06/2081
21.143 21.332 21.127 21.168 21.728 20.907 20.922 21.035 21.804 21.744 20.929 21.105 21.879 21.785 21.834 21.077 21.647 21.864 21.755 21.793 21.218 21.568 21.769 21.916 21.948 21.389 21.653 21.906 22.061 22.091 25/06/2081
19.636 20.072 19.934 19.535 19.931 19.557 19.726 19.884 20.112 20.021 19.572 19.861 20.120 20.088 20.176 19.894 20.500 20.085 20.028 20.118 20.043 20.516 20.080 20.358 20.350 20.215 20.621 20.517 20.613 20.370 26/06/2081
19.406 19.720 19.493 18.788 19.000 19.408 19.363 19.382 19.010 18.847 19.427 19.524 19.149 18.956 18.969 19.250 19.497 19.139 18.922 18.794 19.170 19.403 19.071 19.195 19.058 19.271 19.442 19.387 19.354 19.456 27/06/2081
20.539 21.039 21.141 20.847 20.957 20.684 20.796 21.134 21.175 20.865 20.724 21.074 21.096 21.046 20.900 20.560 21.115 21.061 20.986 20.932 20.727 21.092 21.034 21.192 20.987 20.927 21.251 21.405 21.346 21.109 28/06/2081
19.761 20.281 20.407 20.146 20.527 19.751 20.221 20.413 20.699 20.629 19.800 20.177 20.468 20.658 20.884 20.246 20.757 20.423 20.565 20.859 20.572 20.759 20.387 20.781 20.775 20.826 20.883 20.787 20.765 20.558 29/06/2081
19.207 18.894 18.959 18.500 19.376 18.848 18.673 19.005 19.392 19.507 18.867 19.258 19.702 19.530 19.723 19.390 19.818 19.650 19.451 19.556 19.792 19.729 19.597 19.770 19.858 20.040 19.892 19.940 19.853 19.671 30/06/2081
19.102 18.936 18.866 18.573 19.151 19.070 18.829 18.950 19.213 19.400 19.083 19.359 19.691 19.479 19.743 19.343 19.667 19.650 19.430 19.527 19.721 19.785 19.774 20.037 20.030 20.024 19.893 20.102 20.066 19.940 01/07/2081
20.362 20.345 20.569 19.897 20.649 20.605 20.337 20.602 20.564 20.949 20.619 20.873 20.971 20.510 20.982 20.500 21.012 20.969 20.471 20.852 20.678 20.875 20.819 20.934 21.134 20.792 20.922 21.008 20.971 21.042 02/07/2081
23.504 23.514 23.683 22.302 23.438 23.731 23.443 23.674 23.703 23.700 23.748 23.816 23.982 23.557 23.585 23.841 23.595 23.963 23.526 23.627 24.070 23.350 23.781 23.749 23.874 24.158 23.349 24.240 23.943 23.758 03/07/2081
27.613 27.685 27.583 26.532 27.597 27.751 26.734 27.103 26.868 27.361 27.774 27.700 27.444 26.805 27.225 27.783 27.239 27.412 26.733 26.783 28.006 27.165 27.291 27.284 27.151 28.078 27.090 28.140 27.581 27.045 04/07/2081
29.453 29.056 28.862 28.218 28.942 29.224 28.611 28.107 28.587 28.730 29.251 28.729 29.103 28.579 28.422 29.084 28.651 29.077 28.537 28.423 28.913 28.412 28.720 28.858 28.952 28.852 28.305 29.039 28.932 28.834 05/07/2081
23.727 24.082 24.068 23.336 23.919 23.632 23.233 23.633 23.856 23.682 23.667 24.030 24.339 23.718 23.571 23.823 24.802 24.314 23.622 23.926 23.769 24.521 23.882 24.421 24.865 23.764 24.534 24.125 24.424 24.605 06/07/2081
25.243 24.940 24.639 23.787 23.832 24.666 24.031 24.292 24.158 23.723 24.714 24.812 24.807 24.257 23.837 25.053 25.249 24.783 24.196 24.005 25.514 25.246 24.772 24.856 24.766 25.683 25.241 25.012 25.103 25.022 07/07/2081
28.985 28.979 28.382 27.866 27.989 29.082 28.201 28.374 28.770 28.418 29.116 29.576 29.865 29.258 29.132 29.396 30.018 29.842 29.209 29.137 29.735 30.074 29.917 29.785 30.064 29.920 30.163 30.326 30.225 30.250 08/07/2081
29.086 28.925 28.116 27.738 27.432 29.055 28.076 28.008 27.995 27.651 29.093 29.234 29.450 28.832 28.140 29.114 29.633 29.432 28.783 28.385 29.389 29.611 29.388 29.334 29.445 29.500 29.743 29.678 29.545 29.444 09/07/2081
29.493 29.266 28.390 28.221 27.787 29.300 28.607 28.308 28.176 27.793 29.336 29.346 29.480 28.712 28.100 29.116 29.387 29.462 28.677 28.319 29.401 29.515 29.522 29.471 29.398 29.507 29.652 29.804 29.595 29.383 10/07/2081
28.954 28.740 27.799 27.605 26.589 29.029 27.844 27.991 27.775 26.898 29.060 28.966 28.882 28.063 27.058 28.879 29.049 28.864 28.032 27.286 29.127 28.937 28.767 28.533 28.662 29.220 29.056 29.140 28.740 28.562 11/07/2081
29.233 29.004 28.637 28.839 28.721 29.440 28.620 28.746 28.816 28.705 29.472 29.800 30.287 29.595 28.963 29.243 29.682 30.269 29.575 28.874 29.603 29.637 30.159 30.024 30.252 29.697 29.717 30.689 30.378 30.279 12/07/2081
31.322 30.794 30.029 30.680 30.340 30.991 29.996 30.003 30.291 30.263 31.017 31.093 31.402 30.748 30.531 30.249 30.592 31.380 30.710 30.474 30.450 30.725 31.568 31.472 31.334 30.628 30.845 32.026 31.763 31.394 13/07/2081
30.173 29.814 29.320 29.639 29.331 30.064 28.818 28.970 29.306 28.766 30.101 30.080 30.258 29.671 28.874 29.927 30.276 30.263 29.677 29.276 30.156 30.171 30.175 30.077 30.032 30.249 30.282 30.912 30.047 30.162 14/07/2081
30.272 30.265 29.870 29.672 29.185 30.353 30.102 30.074 29.652 29.604 30.390 30.788 30.121 29.110 29.580 30.204 30.493 30.109 29.107 28.931 31.007 30.902 31.010 31.073 30.655 31.167 31.047 29.655 29.486 29.570 15/07/2081
27.701 27.515 27.250 27.259 25.792 27.295 26.350 26.951 27.786 25.847 27.366 27.517 28.294 27.839 25.645 28.093 28.670 28.262 27.761 27.270 28.656 28.760 28.533 28.538 28.528 29.022 29.050 28.211 28.265 28.158 16/07/2081
25.301 25.161 24.811 23.478 24.827 25.174 24.734 24.775 25.155 24.963 25.208 25.015 25.339 25.346 24.770 24.896 25.316 25.333 25.342 25.033 24.892 25.227 25.298 25.113 25.444 25.070 25.389 25.123 24.831 24.962 17/07/2081
22.928 23.376 23.281 23.084 23.601 22.832 23.003 23.408 23.592 23.770 22.850 22.684 22.984 23.177 23.196 22.722 22.873 22.969 23.161 23.209 22.849 22.902 22.955 23.079 23.155 23.036 23.036 23.335 23.195 22.987 18/07/2081
22.526 23.183 23.379 23.274 23.503 22.557 23.344 23.343 23.317 23.373 22.553 22.684 22.778 23.177 23.292 22.603 23.211 22.780 23.167 23.376 22.674 23.287 22.860 23.183 23.357 22.736 23.290 23.179 23.374 23.329 19/07/2081
20.867 21.978 22.055 21.825 21.868 21.039 22.136 21.925 22.147 22.035 21.051 21.584 21.773 21.986 22.031 21.378 22.036 21.758 21.986 22.193 21.548 21.979 21.737 22.225 22.185 21.712 22.091 22.094 22.315 22.194 20/07/2081
20.656 20.698 20.700 20.225 20.567 20.291 20.463 20.577 20.432 20.579 20.317 20.430 20.254 20.360 20.684 20.599 20.700 20.228 20.306 20.424 20.804 20.582 20.115 20.484 20.523 20.991 20.700 20.452 20.514 20.362 21/07/2081
20.502 20.377 20.073 19.113 19.651 19.941 19.940 19.667 19.328 19.514 19.973 19.889 19.564 19.121 19.381 20.638 19.972 19.540 19.077 19.286 20.728 19.802 19.380 19.436 19.503 20.793 19.875 19.601 19.796 19.920 22/07/2081
20.106 19.942 19.895 20.103 19.524 19.942 19.996 19.911 19.968 19.455 19.964 20.133 20.144 19.661 19.420 20.313 20.819 20.136 19.610 19.505 20.445 20.310 19.637 19.904 19.664 20.631 20.407 19.985 20.049 19.723 23/07/2081
21.358 20.999 21.066 20.770 21.362 20.987 20.759 20.841 21.024 21.008 20.986 20.902 21.093 20.475 20.806 21.575 21.908 21.071 20.419 20.277 21.513 21.545 20.649 20.715 20.553 21.640 21.566 20.886 20.830 20.462 24/07/2081
21.623 22.272 22.202 21.742 22.891 21.864 22.189 22.290 22.824 22.895 21.880 22.623 23.170 22.882 22.618 23.029 23.405 23.161 22.854 22.797 23.217 23.173 22.876 23.006 23.064 23.279 23.192 22.974 22.992 23.250 25/07/2081
20.387 20.232 20.164 19.776 19.313 20.244 19.897 20.038 19.638 19.262 20.257 20.649 20.418 19.627 19.313 20.353 20.653 20.401 19.571 19.261 20.578 20.373 20.035 19.866 19.740 20.720 20.452 20.095 19.953 19.840 26/07/2081
20.478 20.104 19.868 19.914 19.793 19.966 19.400 19.605 19.989 19.710 20.001 20.243 20.721 19.877 19.809 19.879 20.468 20.681 19.791 19.431 20.064 20.062 20.264 20.136 19.942 20.273 20.170 20.173 20.092 19.782 27/07/2081
21.613 21.220 21.039 21.204 21.032 20.908 20.337 20.734 21.056 21.049 20.952 21.281 21.626 20.913 21.041 21.302 21.530 21.589 20.826 20.358 22.122 21.655 21.694 21.584 20.878 22.387 21.740 21.881 21.722 21.279 28/07/2081
22.636 21.968 22.038 22.021 22.501 22.183 21.413 22.032 22.488 22.905 22.200 22.523 22.967 22.540 22.963 23.152 23.143 22.969 22.540 22.593 23.745 23.157 22.965 22.670 22.720 24.098 23.172 23.002 22.582 22.665 29/07/2081
23.780 24.001 24.385 23.888 24.375 23.897 23.664 24.135 23.846 24.340 23.914 24.373 24.115 23.860 24.321 24.235 24.799 24.094 23.825 23.769 24.152 24.473 23.791 23.982 24.281 24.241 24.538 23.971 23.988 23.899 30/07/2081
21.424 21.655 21.643 20.857 20.934 21.236 21.360 21.591 21.535 21.237 21.258 21.648 21.620 21.515 21.248 21.428 21.937 21.591 21.471 21.383 21.571 21.890 21.575 21.695 21.580 21.689 21.950 21.899 21.778 21.504 31/07/2081
