# 6448 6449 6450 6451 6452 6528 6529 6530 6531 6532 6610 6611 6612 6613 6614 6693 6694 6695 6696 6697 6776 6777 6778 6779 6780 6859 6860 6861 6862 6863 Date
26.067 25.926 25.964 25.366 25.979 25.796 25.723 25.881 25.955 25.883 25.777 25.795 26.086 25.949 26.014 25.979 26.565 26.034 25.874 25.814 26.383 26.562 26.211 26.136 26.057 26.953 26.766 26.569 26.350 25.790 01/08/1993
23.209 23.189 23.181 22.668 22.319 22.969 22.854 23.049 22.886 22.321 23.074 23.134 23.046 22.916 22.465 23.489 23.589 23.215 23.081 22.995 23.763 23.560 23.304 23.296 23.299 24.062 23.778 23.759 23.612 23.079 02/08/1993
22.055 21.687 21.734 20.271 20.756 21.510 21.393 21.650 20.666 20.527 21.359 21.350 20.663 20.578 20.648 20.168 20.803 20.610 20.540 20.580 20.094 20.774 20.515 20.632 20.564 20.297 20.853 20.693 20.650 20.468 03/08/1993
17.611 17.465 17.472 16.975 17.565 17.280 17.125 17.346 17.670 17.661 16.993 17.108 17.543 17.417 17.755 17.699 18.093 17.542 17.448 17.818 17.607 18.054 17.269 17.613 18.056 17.753 18.192 17.530 17.877 17.852 04/08/1993
17.652 17.480 17.341 16.555 16.887 17.303 17.137 17.210 17.121 17.011 17.109 17.233 17.512 17.366 17.152 17.307 17.449 17.457 17.301 17.294 17.380 17.415 17.365 17.530 17.628 17.604 17.643 17.737 17.740 17.369 05/08/1993
16.444 16.347 16.149 16.059 15.672 16.053 15.852 15.943 15.797 15.850 15.878 15.974 16.071 15.913 16.088 15.615 16.289 16.055 15.844 15.906 15.805 16.233 15.992 16.132 16.365 16.088 16.476 16.302 16.404 16.052 06/08/1993
16.640 16.800 16.628 16.047 16.206 16.639 16.496 16.523 17.496 16.953 17.252 17.304 17.817 17.739 17.083 18.525 18.734 17.937 17.824 17.785 18.770 18.712 17.951 17.964 18.043 19.067 18.913 18.197 18.187 17.927 07/08/1993
15.901 15.660 15.476 14.928 15.386 15.572 15.461 15.419 15.652 15.364 15.571 15.488 15.964 15.846 15.516 16.407 16.303 15.745 15.608 15.432 16.325 16.274 15.853 15.819 15.659 16.256 16.227 15.831 15.767 15.465 08/08/1993
16.249 16.131 15.928 15.595 15.432 15.967 15.800 15.824 16.449 15.518 15.981 15.965 16.667 16.445 15.685 16.181 16.855 16.542 16.275 16.219 16.245 16.808 16.591 16.671 16.534 16.303 16.986 17.038 16.859 16.168 09/08/1993
15.089 14.928 14.874 15.125 15.176 14.777 14.613 14.756 15.286 15.309 14.939 14.866 15.300 15.138 15.486 15.104 15.625 15.334 15.117 15.102 15.303 15.570 15.357 15.441 15.384 15.522 15.749 15.714 15.622 15.079 10/08/1993
18.284 18.382 18.359 17.690 17.737 18.271 18.208 18.281 18.204 17.954 18.518 18.521 18.268 18.113 18.061 18.609 18.655 18.250 18.082 18.067 18.708 18.611 18.228 18.292 18.217 18.825 18.705 18.410 18.336 18.037 11/08/1993
21.291 21.167 21.078 19.096 19.389 21.036 20.877 21.010 19.549 19.192 21.218 20.981 19.605 19.515 19.331 21.118 20.145 19.407 19.318 19.260 21.138 20.121 19.594 19.461 19.403 21.355 20.257 19.844 19.559 19.247 12/08/1993
21.437 21.293 21.081 20.113 20.065 21.060 20.887 20.946 20.407 20.197 20.972 20.852 20.350 20.284 20.314 20.642 20.909 20.404 20.379 20.569 20.664 20.892 20.406 20.452 20.948 21.321 21.456 21.103 21.024 20.816 13/08/1993
20.838 20.708 20.621 20.361 19.651 20.441 20.205 20.461 20.127 19.758 20.494 20.542 20.170 20.043 19.927 20.888 21.371 20.124 20.017 19.987 21.115 21.336 20.123 20.214 20.212 21.433 21.511 20.447 20.362 20.007 14/08/1993
19.418 19.359 19.234 19.634 19.695 19.168 18.979 19.070 19.936 19.858 19.198 19.228 20.021 19.932 19.949 19.350 19.861 19.970 19.856 19.816 19.570 19.825 19.988 20.024 20.004 19.789 20.012 20.250 20.180 19.765 15/08/1993
16.975 17.153 17.243 16.801 17.153 16.860 16.625 17.052 17.684 17.467 17.725 17.717 18.151 17.947 17.615 18.018 18.568 18.362 18.127 17.719 18.588 18.528 18.637 18.492 18.562 18.750 18.678 18.918 18.847 18.210 16/08/1993
15.437 15.698 15.781 15.170 15.569 15.460 15.285 15.652 16.285 16.172 15.743 15.754 16.132 16.025 16.332 16.118 16.537 16.137 15.959 16.294 16.375 16.489 15.894 16.194 16.784 17.047 17.118 16.561 16.662 16.588 17/08/1993
14.614 14.572 14.449 14.007 14.948 14.382 14.220 14.329 15.185 15.165 14.590 14.449 15.165 15.068 15.275 14.874 15.330 15.175 15.054 15.098 15.104 15.302 15.096 15.224 15.350 15.422 15.751 15.614 15.478 15.193 18/08/1993
15.981 16.032 15.949 14.866 15.006 15.865 15.713 15.851 15.329 15.109 16.320 16.238 15.680 15.525 15.272 16.496 16.208 15.718 15.528 15.274 16.688 16.182 15.869 15.781 15.470 16.559 16.126 15.920 15.646 15.238 19/08/1993
16.365 15.995 15.758 15.133 14.925 15.845 15.725 15.662 15.203 15.155 15.771 15.555 15.267 15.135 15.313 15.979 15.950 15.507 15.308 15.397 16.078 15.926 15.372 15.572 15.574 16.221 16.218 15.729 15.648 15.374 20/08/1993
16.170 16.169 15.923 15.252 15.387 15.996 15.855 15.803 15.583 15.518 16.161 15.998 15.927 15.773 15.652 16.195 16.276 15.867 15.684 15.560 16.214 16.247 16.041 15.935 15.837 16.352 16.297 16.224 16.063 15.567 21/08/1993
18.011 17.887 17.732 17.501 18.348 17.683 17.516 17.583 18.319 18.237 17.587 17.560 18.552 18.437 18.340 18.133 18.180 18.226 18.038 17.863 18.160 18.148 18.352 18.286 17.859 18.284 18.141 18.290 18.183 17.632 22/08/1993
17.598 17.149 16.818 16.001 15.980 16.772 16.530 16.609 16.496 15.975 17.022 16.873 16.913 16.654 16.161 17.521 17.867 16.733 16.401 16.254 17.760 17.865 16.761 16.864 16.358 19.162 18.290 17.573 17.047 15.930 23/08/1993
17.413 17.384 17.214 16.552 17.044 17.216 17.081 17.095 17.252 17.084 17.232 17.208 17.386 17.286 17.218 17.215 17.514 17.372 17.227 17.099 17.182 17.505 17.361 17.427 17.225 17.307 17.500 17.570 17.462 17.020 24/08/1993
16.206 16.188 15.984 15.756 15.963 16.040 15.941 15.886 16.222 16.130 16.094 16.071 16.383 16.278 16.249 15.830 16.446 16.440 16.319 16.192 15.977 16.435 16.481 16.498 16.400 16.302 16.603 16.803 16.677 16.214 25/08/1993
15.711 15.694 15.476 14.957 15.093 15.475 15.323 15.361 15.517 15.303 15.393 15.474 15.696 15.542 15.445 15.526 15.438 15.747 15.561 15.415 15.735 15.414 15.785 15.819 15.756 16.074 15.605 16.144 16.030 15.506 26/08/1993
16.621 16.498 16.318 15.891 16.029 16.279 16.146 16.210 16.125 16.076 16.251 16.336 16.298 16.159 16.170 16.239 16.690 16.321 16.146 15.958 16.354 16.660 16.252 16.392 16.117 16.509 16.640 16.338 16.449 15.920 27/08/1993
17.785 17.747 17.646 17.569 16.766 17.580 17.452 17.535 17.347 16.879 17.656 17.659 17.578 17.380 17.053 17.392 17.272 17.550 17.341 17.197 17.611 17.221 17.513 17.653 17.557 17.969 17.353 17.844 17.785 17.233 28/08/1993
16.362 16.272 16.173 16.287 16.186 16.110 15.973 16.069 16.299 16.145 16.095 16.145 16.519 16.362 16.368 15.838 15.626 16.220 16.055 15.736 15.943 15.610 16.408 16.298 15.717 15.786 15.379 16.267 16.016 15.461 29/08/1993
14.771 14.522 14.255 13.735 13.388 14.292 14.097 14.102 13.706 13.445 14.455 14.482 14.091 13.941 13.615 14.530 14.691 14.134 13.974 13.698 14.699 14.647 14.302 14.208 14.083 14.836 14.698 14.423 14.286 13.849 30/08/1993
14.370 14.160 13.917 13.620 13.289 13.967 13.816 13.790 13.901 13.464 14.137 13.981 14.028 13.834 13.616 14.156 14.483 14.053 13.843 13.734 14.262 14.455 14.122 14.152 14.135 14.169 14.465 14.358 14.289 13.829 31/08/1993
16.138 16.098 15.848 16.214 15.518 15.994 15.869 15.766 15.801 15.674 15.779 15.973 15.944 15.814 15.776 16.571 15.990 15.727 15.569 15.462 16.620 15.958 15.668 15.778 15.742 16.662 15.867 15.724 15.869 15.539 01/09/1993
16.950 16.864 16.856 16.770 16.128 16.704 16.580 16.738 15.558 16.107 16.484 16.627 15.738 15.613 16.146 16.473 15.809 15.654 15.492 15.435 16.541 15.762 15.642 15.702 15.682 16.703 15.878 15.860 15.869 15.484 02/09/1993
18.100 18.055 17.971 17.658 16.742 17.906 17.765 17.869 17.125 16.733 17.972 17.857 17.154 17.033 16.827 18.360 18.131 17.232 17.101 17.041 18.486 18.109 17.189 17.303 17.091 18.631 18.092 17.359 17.335 16.883 03/09/1993
22.566 22.758 22.721 22.821 21.616 22.617 22.411 22.613 22.154 21.745 22.821 22.883 22.285 22.171 21.917 21.248 21.218 22.411 22.268 22.238 21.614 21.162 22.527 22.448 22.734 22.009 21.442 22.963 22.917 22.445 04/09/1993
19.974 20.440 20.368 20.395 20.508 20.274 20.123 20.248 21.114 20.780 20.366 20.356 20.971 20.847 20.951 20.335 20.792 21.138 21.037 21.294 20.629 20.764 20.900 21.179 21.615 21.004 21.051 21.285 21.457 21.430 05/09/1993
17.924 17.823 17.983 18.057 17.433 17.729 17.669 17.957 17.440 17.446 17.695 17.761 17.323 17.298 17.456 17.375 17.429 17.380 17.366 17.560 17.519 17.412 17.220 17.381 17.699 17.576 17.502 17.358 17.553 17.621 06/09/1993
16.115 15.937 16.062 15.717 15.489 15.745 15.638 15.933 15.504 15.466 15.701 15.833 15.528 15.350 15.518 15.459 15.769 15.443 15.245 15.351 15.685 15.736 15.242 15.543 15.611 16.002 15.913 15.798 15.872 15.301 07/09/1993
15.750 15.716 15.674 14.798 14.492 15.573 15.505 15.585 14.487 14.467 15.597 15.621 14.534 14.444 14.516 16.190 15.210 14.526 14.397 14.362 16.168 15.179 14.440 14.572 14.562 16.227 15.200 14.652 14.714 14.383 08/09/1993
15.470 15.083 14.733 14.324 14.385 14.997 14.888 14.627 14.674 14.550 15.432 14.966 14.651 14.533 14.620 15.588 15.034 14.781 14.643 14.712 15.579 15.013 14.816 14.836 15.035 15.924 15.417 15.338 15.188 14.853 09/09/1993
13.728 13.692 13.410 13.139 13.387 13.635 13.612 13.334 13.940 13.369 13.773 13.650 14.195 14.026 13.500 14.184 14.150 14.110 13.921 13.846 14.245 14.119 14.302 14.184 14.065 14.492 14.373 14.712 14.378 13.803 10/09/1993
11.285 11.330 10.963 10.198 11.250 11.252 11.187 10.861 11.694 11.348 11.249 11.234 11.897 11.798 11.387 12.375 12.813 11.899 11.788 11.638 12.512 12.801 12.071 11.941 11.702 12.687 12.933 12.328 12.124 11.584 11/09/1993
13.049 13.090 12.713 12.044 12.064 12.929 12.802 12.582 12.599 12.275 13.008 12.927 12.691 12.601 12.432 13.173 13.463 12.846 12.713 12.617 13.363 13.457 12.951 12.902 12.727 13.592 13.707 13.321 13.036 12.552 12/09/1993
13.375 13.411 13.146 12.831 12.362 13.140 12.901 12.968 13.309 12.529 13.167 13.266 13.314 13.145 12.644 13.238 13.595 13.231 12.963 12.967 13.466 13.556 13.257 13.320 13.198 13.545 13.634 13.507 13.485 12.879 13/09/1993
11.847 11.787 11.714 11.296 11.145 11.570 11.403 11.580 11.416 11.095 11.693 11.784 11.514 11.387 11.196 11.816 11.870 11.347 11.206 11.182 11.825 11.836 11.404 11.413 11.495 11.859 11.893 11.574 11.655 11.283 14/09/1993
11.575 11.474 11.306 10.819 11.107 11.272 11.131 11.174 11.368 11.307 11.582 11.503 11.403 11.360 11.405 11.380 11.955 11.569 11.474 11.399 11.663 11.925 11.654 11.629 11.553 11.922 12.018 11.822 11.781 11.429 15/09/1993
13.845 13.676 13.645 12.983 13.779 13.457 13.305 13.464 14.103 13.792 13.720 13.691 14.240 14.134 13.936 14.509 15.330 14.381 14.224 13.986 14.793 15.312 14.521 14.443 14.232 15.330 15.480 14.819 14.649 14.068 16/09/1993
14.471 14.468 14.296 13.509 13.910 14.246 14.064 14.126 13.870 13.765 14.339 14.310 14.250 14.114 13.878 15.157 15.138 14.203 14.025 13.734 15.411 15.136 14.335 14.258 14.021 15.669 15.268 14.519 14.393 13.798 17/09/1993
18.685 18.566 18.376 17.466 17.093 18.239 17.950 18.167 18.674 17.168 18.405 18.361 18.829 18.749 17.274 19.325 19.344 18.884 18.790 18.571 19.618 19.315 19.033 18.947 18.759 19.824 19.513 19.264 19.067 18.587 18/09/1993
19.763 19.563 19.422 18.947 18.268 19.230 18.919 19.217 19.502 18.528 19.333 19.388 19.447 19.288 18.612 19.615 20.353 19.844 19.634 19.801 20.040 20.323 19.703 19.939 20.365 20.690 20.880 20.463 20.557 20.075 19/09/1993
21.521 21.375 21.369 20.701 20.612 21.280 21.160 21.300 21.369 20.667 21.361 21.338 21.474 21.411 20.753 21.996 22.220 21.565 21.487 21.342 22.173 22.232 21.592 21.585 21.663 22.378 22.407 21.836 21.812 21.568 20/09/1993
18.597 18.574 18.599 17.959 18.202 18.476 18.378 18.518 18.809 18.383 18.437 18.622 18.991 18.906 18.481 18.562 19.052 19.073 18.963 18.941 18.799 19.040 18.896 19.111 19.124 19.099 19.239 19.219 19.222 18.982 21/09/1993
17.814 17.734 17.615 16.556 16.673 17.577 17.476 17.514 17.053 16.486 17.581 17.521 17.351 17.268 16.613 17.804 17.809 17.259 17.133 16.781 17.820 17.779 17.431 17.315 16.926 17.867 17.799 17.559 17.325 16.740 22/09/1993
16.433 16.411 16.224 15.953 15.789 16.263 16.185 16.148 16.853 15.623 16.311 16.155 17.196 17.028 15.856 16.890 16.497 17.061 16.802 16.600 16.886 16.481 17.241 17.161 16.930 17.148 16.749 17.717 17.454 16.590 23/09/1993
17.576 17.371 17.191 16.084 16.581 17.175 17.016 17.098 16.960 16.499 17.741 17.457 17.361 17.209 16.691 18.202 17.674 17.256 17.105 16.740 18.232 17.677 17.783 17.334 17.186 18.292 17.669 17.948 17.761 16.934 24/09/1993
19.604 19.735 19.125 18.965 19.383 19.656 19.528 19.044 19.585 19.281 19.881 19.878 19.298 19.219 19.391 20.488 21.091 19.644 19.569 19.569 20.346 21.079 19.681 19.692 19.744 20.436 20.994 19.685 19.860 19.561 25/09/1993
19.939 20.026 19.915 19.530 19.816 19.925 19.866 19.850 20.015 19.719 19.906 20.001 19.995 19.938 19.795 20.839 20.894 19.933 19.860 19.900 20.708 20.931 19.888 19.963 19.868 20.576 20.811 19.922 19.901 19.766 26/09/1993
19.274 18.999 18.981 18.296 18.605 18.815 18.682 18.889 18.600 18.465 18.483 18.569 18.596 18.553 18.554 19.113 19.419 18.597 18.534 18.596 19.031 19.390 18.572 18.634 18.863 19.345 19.553 18.730 18.806 18.718 27/09/1993
17.620 17.396 17.421 17.048 17.227 17.168 17.090 17.316 17.680 17.419 17.202 17.333 17.701 17.610 17.520 17.487 18.013 17.734 17.617 17.760 17.785 17.983 17.693 17.792 18.103 18.131 18.033 17.816 17.886 17.917 28/09/1993
17.508 17.345 16.960 16.615 16.768 17.148 17.024 16.884 17.126 16.933 17.230 17.158 17.171 17.066 17.032 17.609 18.159 17.261 17.175 17.109 17.650 18.110 17.352 17.300 17.417 17.773 18.266 17.493 17.402 17.283 29/09/1993
16.790 16.556 16.356 15.566 15.872 16.360 16.199 16.219 16.103 15.783 16.302 16.306 16.389 16.239 15.870 16.540 16.451 16.142 15.988 15.743 16.570 16.439 16.328 16.206 16.111 16.347 16.219 16.255 16.236 15.903 30/09/1993
14.170 14.051 13.976 13.154 13.516 13.873 13.739 13.866 13.714 13.404 13.881 13.830 13.854 13.751 13.489 14.248 14.353 13.617 13.579 13.563 14.338 14.336 13.860 13.647 13.822 14.312 14.404 14.065 14.022 13.668 01/10/1993
12.896 12.994 12.854 12.425 13.231 12.906 12.780 12.794 13.462 13.234 12.784 12.838 13.678 13.630 13.285 13.152 13.177 13.576 13.528 13.396 13.205 13.158 13.576 13.617 13.385 13.110 13.159 13.607 13.585 13.234 02/10/1993
11.599 11.650 11.165 10.575 11.002 11.579 11.463 11.075 11.177 10.976 11.795 11.491 11.418 11.388 11.072 11.727 11.341 11.768 11.669 11.145 11.867 11.336 11.643 11.815 11.707 11.988 11.183 11.583 11.631 11.572 03/10/1993
12.068 11.838 11.707 11.278 11.239 11.749 11.631 11.659 11.544 11.036 11.743 11.546 11.574 11.497 11.150 11.438 11.043 11.633 11.531 11.364 11.667 11.043 11.567 11.660 11.685 11.890 11.183 11.781 11.750 11.557 04/10/1993
11.790 11.547 11.739 11.733 11.675 11.523 11.516 11.689 11.615 11.657 11.374 11.297 11.424 11.344 11.701 12.075 12.026 11.697 11.652 11.561 12.310 12.018 11.301 11.728 11.744 12.441 12.030 11.371 11.755 11.634 05/10/1993
12.628 12.335 12.519 12.574 12.634 12.244 12.190 12.434 12.776 12.610 12.187 12.147 12.501 12.432 12.664 12.625 12.887 12.466 12.395 12.457 12.648 12.870 12.344 12.511 12.480 12.768 12.819 12.370 12.464 12.352 06/10/1993
15.045 14.831 14.946 14.889 14.714 14.765 14.697 14.907 14.991 14.673 14.727 14.769 14.873 14.788 14.747 14.796 14.871 14.730 14.648 14.761 14.858 14.876 14.704 14.780 14.785 15.002 14.935 14.915 14.833 14.655 07/10/1993
16.880 16.641 16.763 15.560 16.001 16.512 16.378 16.674 16.208 15.934 16.345 16.501 16.240 16.077 16.045 16.673 17.045 15.986 15.821 15.948 16.769 16.995 15.933 16.057 16.027 17.060 17.205 16.159 16.108 15.780 08/10/1993
15.632 15.361 15.391 15.050 14.898 15.259 15.162 15.337 15.144 14.789 15.100 15.161 14.978 14.943 14.827 15.323 15.336 14.795 14.727 14.995 15.225 15.337 14.603 14.817 14.804 15.097 15.354 14.608 14.619 14.738 09/10/1993
13.606 14.298 14.750 14.390 14.512 14.236 14.139 14.707 14.752 15.060 14.385 14.794 14.482 14.370 15.121 14.639 15.462 14.803 14.647 14.977 15.130 15.472 14.414 14.849 15.234 15.419 15.802 14.825 15.057 15.025 10/10/1993
11.064 11.029 11.031 10.527 10.584 10.947 10.885 11.001 10.409 10.462 11.182 11.110 10.673 10.608 10.561 11.352 11.781 10.572 10.493 10.266 11.338 11.764 10.829 10.607 10.389 11.312 11.671 10.802 10.512 10.282 11/10/1993
11.497 11.419 11.473 11.484 11.308 11.260 11.102 11.385 11.427 11.196 11.363 11.409 11.547 11.450 11.305 11.080 11.100 11.470 11.351 11.295 11.154 11.102 11.582 11.491 11.458 11.091 11.046 11.533 11.466 11.336 12/10/1993
15.148 14.821 14.490 14.410 14.003 14.363 14.010 14.167 14.452 14.011 14.510 14.540 14.531 14.562 13.968 13.570 13.759 14.624 14.692 14.513 13.878 13.735 14.684 14.616 14.565 14.135 13.793 14.611 14.627 14.637 13/10/1993
14.821 14.735 14.801 14.563 14.110 14.538 14.403 14.646 14.562 14.126 14.527 14.697 14.630 14.597 14.144 14.292 14.618 14.607 14.579 14.485 14.563 14.603 14.635 14.618 14.577 14.796 14.760 14.736 14.687 14.546 14/10/1993
11.342 11.178 11.073 10.709 10.793 11.053 10.956 11.019 10.945 10.835 11.012 10.995 11.052 10.949 10.898 11.443 11.402 11.030 10.923 10.919 11.631 11.395 10.971 11.080 11.260 11.959 11.781 11.427 11.361 11.131 15/10/1993
15.746 15.642 15.462 15.314 15.575 15.507 15.385 15.386 15.916 15.640 15.454 15.409 16.071 15.952 15.750 15.480 16.476 16.008 15.876 15.799 15.620 16.459 16.062 16.060 16.102 15.933 16.705 16.473 16.329 15.907 16/10/1993
12.300 12.469 12.704 12.615 12.943 12.376 12.251 12.598 13.628 13.458 12.479 12.756 13.318 13.217 13.492 12.317 13.537 14.053 13.969 14.843 12.626 13.521 13.393 14.112 14.854 13.414 14.849 14.947 15.165 14.736 17/10/1993
12.197 12.300 12.398 12.189 12.403 12.192 12.107 12.315 12.617 12.575 12.310 12.467 12.613 12.576 12.576 12.789 13.685 12.914 12.825 12.808 13.083 13.693 12.746 12.939 12.694 13.424 13.899 13.075 13.092 12.595 18/10/1993
10.281 10.441 10.421 10.058 10.377 10.332 10.220 10.337 10.764 10.661 10.566 10.582 10.732 10.662 10.712 10.801 11.187 10.949 10.883 10.954 10.897 11.189 10.799 10.998 10.948 11.085 11.385 11.198 11.188 10.807 19/10/1993
9.544 9.325 9.215 8.646 8.582 9.222 9.097 9.163 8.771 8.793 9.007 9.206 8.857 8.742 8.839 9.018 9.503 8.727 8.628 8.754 9.371 9.482 8.838 8.759 8.893 9.551 9.819 9.244 9.131 8.758 20/10/1993
4.134 4.025 3.846 4.504 5.048 3.930 3.827 3.796 4.966 5.150 3.921 4.009 5.024 4.971 5.225 4.200 5.271 5.001 4.958 4.942 4.106 5.254 5.000 5.036 5.036 4.160 5.237 5.049 5.166 4.949 21/10/1993
4.518 4.393 4.292 4.021 3.879 4.386 4.308 4.291 4.325 3.925 4.340 4.303 4.490 4.421 4.069 4.688 4.773 4.418 4.362 4.206 4.727 4.778 4.398 4.443 4.287 4.935 4.799 4.547 4.524 4.188 22/10/1993
6.543 6.372 6.214 6.409 7.093 6.208 6.053 6.162 6.974 7.199 6.243 6.181 7.006 6.950 7.333 6.760 7.140 6.976 6.882 6.882 6.805 7.127 6.991 7.004 7.016 6.901 7.124 7.094 7.070 6.877 23/10/1993
6.137 5.974 5.901 5.014 5.888 5.845 5.693 5.833 5.974 6.057 5.931 5.904 6.246 6.177 6.139 6.296 6.510 6.205 6.090 5.964 6.401 6.472 6.205 6.275 6.141 6.565 6.618 6.422 6.359 5.948 24/10/1993
3.941 3.810 3.827 3.888 3.741 3.729 3.693 3.791 4.037 3.875 3.843 3.826 4.162 4.161 3.986 3.978 4.327 4.214 4.198 4.100 4.166 4.301 4.280 4.211 4.250 4.342 4.315 4.403 4.386 4.250 25/10/1993
4.031 3.920 3.688 3.936 3.330 3.711 3.530 3.576 3.634 3.451 3.724 3.674 3.854 3.777 3.573 3.910 4.005 3.771 3.616 3.512 3.983 3.961 3.941 3.790 3.649 4.044 3.626 3.768 3.841 3.452 26/10/1993
5.996 5.920 5.839 5.695 5.923 5.711 5.587 5.747 6.139 6.028 5.840 5.871 6.297 6.198 6.133 6.409 6.700 6.236 6.076 6.078 6.719 6.664 6.346 6.291 6.332 6.939 6.826 6.549 6.511 6.118 27/10/1993
3.526 3.630 3.595 3.800 3.167 3.612 3.575 3.583 3.383 3.211 3.535 3.792 3.589 3.605 3.256 3.997 4.541 3.572 3.570 3.299 4.327 4.543 3.715 3.575 3.490 4.390 4.600 3.805 3.690 3.459 28/10/1993
6.032 6.010 5.990 5.342 5.510 5.883 5.772 5.903 5.796 5.508 5.342 5.760 5.984 5.907 5.597 6.063 6.344 5.901 5.808 5.878 6.199 6.328 5.717 5.924 6.106 6.285 6.317 5.827 5.942 5.953 29/10/1993
5.428 5.460 5.469 4.999 5.182 5.347 5.247 5.378 5.663 5.427 5.198 5.413 5.633 5.520 5.486 5.456 5.834 5.674 5.560 5.885 5.650 5.823 5.496 5.756 6.080 5.797 5.942 5.793 5.844 5.921 30/10/1993
5.183 5.203 5.362 5.422 6.338 5.110 5.028 5.323 5.749 6.391 4.949 5.044 5.414 5.376 6.456 5.246 5.670 5.383 5.359 5.571 5.262 5.655 5.263 5.423 5.546 5.250 5.644 5.338 5.389 5.491 31/10/1993
8.157 7.796 7.392 6.792 7.281 7.644 7.494 7.277 7.471 7.354 7.429 6.980 7.263 7.205 7.408 6.999 6.262 6.996 6.960 7.349 6.296 6.246 7.139 7.018 7.135 6.074 5.935 6.911 6.916 7.081 01/11/1993
9.059 8.961 8.849 8.347 7.334 8.815 8.699 8.762 7.907 7.457 8.729 8.599 7.808 7.755 7.550 8.181 6.543 7.623 7.531 7.751 7.829 6.539 7.542 7.688 7.798 7.633 6.336 7.548 7.649 7.598 02/11/1993
8.187 7.970 7.822 8.059 7.921 7.821 7.761 7.761 8.001 7.917 7.708 7.571 7.891 7.822 8.012 7.467 8.237 7.843 7.741 7.895 7.195 8.218 7.680 7.884 8.001 7.247 8.207 7.759 7.898 7.875 03/11/1993
9.960 9.705 9.611 9.705 9.482 9.602 9.548 9.541 9.459 9.409 9.548 9.551 9.518 9.474 9.546 9.640 9.787 9.424 9.350 9.256 9.401 9.792 9.376 9.472 9.530 9.503 9.819 9.591 9.543 9.401 04/11/1993
10.022 9.686 9.435 9.446 9.179 9.522 9.387 9.321 9.135 8.844 9.464 9.313 9.294 9.216 8.965 9.725 9.557 9.033 8.954 8.824 9.428 9.526 9.223 9.056 8.844 9.302 9.412 9.181 8.976 8.711 05/11/1993
11.507 11.562 11.451 11.125 10.798 11.410 11.237 11.343 10.966 10.712 11.424 11.427 11.250 11.134 10.818 11.911 12.401 10.964 10.877 10.757 11.835 12.385 11.026 11.030 10.861 11.844 12.394 11.217 11.025 10.693 06/11/1993
14.125 14.154 14.595 14.726 14.948 14.082 14.026 14.560 14.980 14.987 14.242 14.566 14.898 14.847 15.013 14.537 15.409 14.843 14.814 14.862 14.899 15.387 14.799 14.869 14.986 15.084 15.536 15.012 14.965 14.834 07/11/1993
11.546 11.550 11.745 11.830 12.442 11.360 11.243 11.633 12.459 12.425 11.478 11.581 12.522 12.395 12.515 12.306 13.303 12.619 12.507 12.310 12.650 13.296 12.392 12.678 12.762 12.974 13.594 12.890 12.904 12.522 08/11/1993
9.866 10.141 10.043 10.993 10.017 10.066 10.018 10.001 10.877 10.666 9.740 10.242 10.955 10.914 10.772 9.764 10.734 11.185 11.180 11.099 10.419 10.735 10.997 11.174 11.279 10.315 10.611 10.891 11.108 11.265 09/11/1993
9.999 10.063 9.848 9.170 8.039 9.646 9.367 9.581 9.149 8.587 9.409 9.782 9.178 9.116 8.670 9.579 9.980 9.248 9.200 9.188 10.191 9.974 9.157 9.271 9.186 10.296 9.923 9.193 9.220 9.141 10/11/1993
6.745 6.678 6.868 6.968 6.472 6.519 6.421 6.788 6.824 6.553 6.197 6.549 6.699 6.690 6.616 6.413 6.826 6.689 6.683 6.799 6.775 6.818 6.609 6.725 6.759 7.269 6.920 6.769 6.779 6.732 11/11/1993
2.151 2.261 2.551 2.679 2.643 2.169 2.060 2.503 3.099 3.003 2.296 2.577 2.961 2.880 3.038 2.370 3.315 3.434 3.297 3.413 3.005 3.304 3.093 3.500 3.820 3.557 3.620 3.763 3.807 3.637 12/11/1993
1.913 1.732 2.100 1.789 2.338 1.571 1.515 2.011 2.638 2.639 1.699 1.918 2.623 2.553 2.692 1.833 2.548 2.633 2.637 2.721 2.294 2.529 2.453 2.722 2.800 2.518 2.798 2.994 2.702 2.718 13/11/1993
1.257 1.871 2.221 2.002 3.070 1.666 1.591 2.082 3.764 3.338 1.918 2.048 3.779 3.715 3.469 2.297 2.491 3.434 3.376 3.421 2.287 2.488 3.306 3.534 3.216 2.205 2.391 3.454 3.130 3.057 14/11/1993
-1.029 -0.822 -0.224 0.521 1.346 -0.904 -0.885 -0.290 0.818 1.187 -1.130 -0.903 0.399 0.280 1.320 -0.263 0.520 0.117 0.061 0.131 0.012 0.538 -0.568 0.194 -0.378 -0.033 0.428 -0.457 -0.361 -0.462 15/11/1993
0.284 0.205 0.387 0.567 1.088 0.107 0.020 0.336 0.870 0.911 -0.011 0.028 0.741 0.593 0.957 0.396 1.067 0.432 0.336 0.356 0.477 1.057 0.329 0.520 0.186 0.644 1.066 0.501 0.287 0.032 16/11/1993
4.342 4.114 3.878 3.298 3.776 3.977 3.871 3.803 3.752 3.651 4.018 3.753 3.768 3.745 3.681 3.761 3.734 3.622 3.555 3.402 3.546 3.752 3.600 3.649 3.384 3.376 3.734 3.637 3.475 3.183 17/11/1993
6.416 6.171 6.396 5.758 5.718 6.078 5.956 6.298 5.993 5.737 5.805 5.971 5.882 5.859 5.803 6.144 6.734 5.857 5.790 5.957 6.195 6.705 5.624 5.892 6.048 6.356 6.865 5.693 5.814 5.924 18/11/1993
10.931 10.660 11.109 11.283 11.819 10.498 10.314 10.966 11.854 11.791 9.845 10.400 11.626 11.465 11.933 9.781 11.053 11.543 11.344 11.693 9.919 11.000 11.029 11.635 11.897 10.239 11.473 11.545 11.717 11.637 19/11/1993
14.714 14.469 14.540 14.350 14.766 14.265 14.046 14.395 15.100 14.739 14.081 14.275 15.194 15.047 14.814 14.410 14.526 15.118 14.953 14.983 14.649 14.508 15.053 15.229 15.099 14.974 14.731 15.397 15.214 14.885 20/11/1993
14.066 13.910 13.982 13.956 14.082 13.664 13.523 13.844 14.507 14.152 13.460 13.701 14.423 14.311 14.226 13.828 14.323 14.228 14.134 14.334 14.064 14.285 14.098 14.279 14.208 14.296 14.412 14.307 14.228 13.972 21/11/1993
11.305 11.350 11.778 11.972 11.534 11.328 11.330 11.732 11.849 11.637 11.267 11.495 11.666 11.616 11.705 11.070 11.663 11.613 11.579 11.728 11.227 11.648 11.421 11.638 11.786 11.439 11.738 11.540 11.659 11.650 22/11/1993
6.983 7.082 6.925 6.439 5.912 7.022 6.978 6.877 6.479 6.122 7.168 7.136 6.729 6.577 6.256 6.872 6.644 6.774 6.645 6.582 6.932 6.641 6.824 6.875 6.834 7.001 6.690 7.139 7.056 6.624 23/11/1993
5.318 5.146 4.946 4.385 4.372 5.038 4.910 4.850 5.116 4.286 5.284 5.048 5.373 5.182 4.471 5.113 5.122 5.383 5.170 4.998 5.336 5.085 5.451 5.470 5.361 5.469 5.441 5.891 5.647 5.022 24/11/1993
8.033 7.708 7.673 7.322 7.336 7.688 7.596 7.659 7.275 6.932 7.383 7.381 7.239 7.246 6.919 7.167 7.736 7.140 7.074 7.054 7.037 7.696 7.230 7.116 6.972 6.922 7.784 7.231 7.027 6.956 25/11/1993
11.621 11.343 11.216 10.747 10.647 11.191 11.107 11.117 10.735 10.499 10.904 10.906 10.723 10.687 10.523 10.892 11.043 10.495 10.461 10.506 10.751 11.053 10.527 10.465 10.453 10.490 10.936 10.286 10.236 10.453 26/11/1993
13.138 12.856 12.986 12.618 12.768 12.646 12.526 12.879 12.765 12.663 12.274 12.479 12.724 12.626 12.700 12.335 12.647 12.488 12.401 12.584 12.367 12.624 12.240 12.500 12.595 12.359 12.730 12.390 12.413 12.426 27/11/1993
12.294 12.138 12.273 12.015 12.204 12.047 11.963 12.243 11.974 12.019 11.627 11.782 11.910 11.866 12.062 11.794 12.185 11.728 11.657 11.781 11.723 12.173 11.560 11.745 11.714 11.738 12.206 11.619 11.567 11.622 28/11/1993
11.433 11.274 11.369 11.222 11.661 11.192 11.137 11.317 11.407 11.433 10.824 10.949 11.306 11.235 11.486 10.930 11.281 11.049 10.970 11.069 10.820 11.269 10.918 11.061 10.981 10.873 11.320 11.016 10.908 10.920 29/11/1993
8.031 7.825 8.144 8.071 8.425 7.712 7.620 8.072 8.197 7.797 7.205 7.349 7.982 7.933 7.872 7.578 8.047 7.560 7.472 7.732 7.077 8.087 7.446 7.616 7.510 7.248 7.925 7.516 7.442 7.410 30/11/1993
8.944 9.089 9.472 9.614 8.488 9.032 8.995 9.442 8.635 8.378 8.957 9.082 8.052 7.969 8.560 8.422 8.486 7.814 7.726 8.152 8.468 8.507 7.597 7.858 7.526 8.535 8.304 7.542 7.488 7.370 01/12/1993
10.188 10.147 10.249 10.069 10.476 9.933 9.772 10.123 11.225 10.655 9.661 9.830 10.980 10.827 10.819 9.684 9.301 10.811 10.639 10.868 9.744 9.277 10.390 10.874 10.580 10.121 9.110 10.486 10.670 10.276 02/12/1993
8.881 8.997 8.879 8.622 8.766 8.778 8.610 8.738 9.037 8.657 8.952 8.713 8.996 8.901 8.745 9.492 8.894 9.023 8.894 8.822 9.480 8.876 8.907 9.054 8.765 9.670 8.939 9.080 8.876 8.636 03/12/1993
10.987 10.753 10.605 10.187 10.168 10.615 10.513 10.521 10.380 9.995 10.023 10.078 10.360 10.287 10.081 9.630 9.044 10.121 10.022 9.977 9.390 9.042 9.988 10.145 9.890 9.696 9.090 10.157 10.005 9.769 04/12/1993
7.851 6.867 7.018 6.499 6.252 6.789 6.687 6.958 6.119 5.912 5.356 5.681 5.798 5.778 5.935 5.061 4.955 5.561 5.529 5.504 4.670 4.935 5.109 5.572 5.360 4.917 4.840 5.107 5.187 5.343 05/12/1993
7.970 7.635 7.695 7.204 7.362 7.577 7.514 7.637 7.295 7.136 7.095 7.086 7.228 7.232 7.147 7.488 7.223 6.972 6.968 6.910 7.143 7.215 6.777 6.964 6.737 7.041 7.120 6.704 6.638 6.726 06/12/1993
8.125 7.976 7.617 6.619 6.956 7.873 7.783 7.550 7.351 6.888 7.448 7.277 7.765 7.703 6.933 8.262 8.285 7.369 7.295 7.242 7.777 8.285 7.120 7.414 7.243 7.379 7.956 6.818 6.965 7.158 07/12/1993
7.480 7.319 7.189 6.686 6.949 7.188 7.047 7.103 7.326 6.979 7.044 6.858 7.499 7.357 7.059 7.299 6.625 7.105 6.939 6.937 7.073 6.616 6.957 7.165 6.875 6.664 6.251 6.802 6.780 6.666 08/12/1993
8.353 8.105 7.950 7.829 7.611 7.941 7.774 7.834 7.764 7.591 8.047 7.837 7.962 7.870 7.675 8.559 8.749 7.865 7.742 7.654 8.620 8.733 7.914 7.904 7.726 8.675 8.672 8.104 7.861 7.535 09/12/1993
9.151 8.952 8.696 7.947 7.808 8.850 8.759 8.625 8.051 7.793 9.072 8.803 8.523 8.423 7.860 9.090 8.899 8.477 8.357 7.935 9.255 8.887 8.719 8.527 8.245 9.227 8.880 8.790 8.490 8.060 10/12/1993
6.777 6.698 6.536 5.922 6.483 6.539 6.360 6.436 6.022 6.702 6.616 6.585 6.212 6.096 6.817 6.869 6.992 6.299 6.139 6.090 7.031 6.961 6.132 6.381 6.321 7.193 7.083 6.429 6.427 6.098 11/12/1993
3.691 3.623 3.301 3.386 3.689 3.451 3.305 3.226 3.988 3.791 3.649 3.504 4.112 4.004 3.924 4.347 4.386 4.152 4.046 3.944 4.492 4.355 4.282 4.197 4.149 4.600 4.473 4.471 4.252 3.988 12/12/1993
5.163 5.149 4.854 4.240 4.305 4.990 4.864 4.762 4.685 4.393 5.243 4.952 4.758 4.658 4.548 5.605 5.578 5.002 4.916 4.599 5.655 5.548 5.122 5.014 4.966 5.846 5.598 5.155 5.292 4.846 13/12/1993
7.434 7.399 7.242 6.179 6.014 7.154 6.938 7.043 6.329 6.061 7.380 7.226 6.523 6.410 6.204 7.385 7.439 6.705 6.586 6.338 7.432 7.397 6.828 6.732 6.664 7.713 7.557 7.043 7.096 6.524 14/12/1993
7.153 7.002 7.062 6.721 6.500 6.800 6.634 6.981 7.057 6.605 7.089 6.964 7.155 7.018 6.733 7.554 7.717 7.166 7.013 6.931 7.913 7.672 7.204 7.235 7.191 7.911 7.551 7.276 7.326 6.961 15/12/1993
8.348 8.321 8.267 7.811 7.917 8.113 7.969 8.170 8.396 8.020 8.233 8.224 8.497 8.376 8.136 8.741 9.025 8.509 8.388 8.352 8.933 8.987 8.451 8.602 8.548 9.133 9.042 8.631 8.644 8.354 16/12/1993
8.326 8.314 8.358 8.019 7.736 8.126 7.979 8.248 8.208 7.801 8.414 8.273 8.445 8.364 7.914 8.739 8.861 8.375 8.262 8.188 8.784 8.828 8.434 8.418 8.327 8.997 8.874 8.555 8.372 8.169 17/12/1993
11.547 11.463 11.335 10.937 10.500 11.207 11.041 11.178 10.999 10.541 11.395 11.311 11.347 11.227 10.663 11.447 11.352 11.255 11.119 10.993 11.656 11.304 11.242 11.331 11.130 11.865 11.413 11.447 11.255 10.906 18/12/1993
9.478 9.241 9.201 7.935 7.745 8.955 8.791 9.043 8.247 7.789 9.176 9.234 8.741 8.662 7.904 8.874 8.924 8.742 8.698 8.562 9.186 8.891 8.800 8.820 8.718 9.452 9.031 9.170 8.956 8.554 19/12/1993
7.142 7.048 6.918 6.383 6.360 6.925 6.847 6.854 6.435 6.296 6.563 6.501 6.840 6.756 6.401 6.797 6.984 6.514 6.388 6.214 6.852 6.970 6.594 6.581 6.387 6.624 6.807 6.533 6.626 6.229 20/12/1993
6.723 6.683 6.768 6.364 6.076 6.522 6.385 6.673 6.761 6.111 6.357 6.472 6.755 6.681 6.257 6.630 6.936 6.628 6.507 6.584 6.611 6.920 6.417 6.654 6.752 6.631 6.916 6.569 6.657 6.573 21/12/1993
2.954 2.862 2.754 1.989 1.244 2.711 2.618 2.656 2.011 1.358 2.709 2.774 2.484 2.384 1.502 3.143 3.289 2.637 2.554 2.232 3.273 3.254 2.522 2.671 2.607 3.626 3.555 2.780 2.800 2.447 22/12/1993
3.042 3.049 2.826 2.315 2.373 2.901 2.771 2.751 2.932 2.649 2.966 2.933 3.481 3.360 2.720 3.270 3.512 3.538 3.396 3.164 3.453 3.484 3.441 3.606 3.553 3.571 3.561 3.696 3.684 3.319 23/12/1993
3.475 3.473 3.185 2.018 2.487 3.256 3.081 3.025 3.195 2.797 3.543 3.454 3.985 3.797 2.953 3.186 3.415 4.163 3.871 3.675 3.656 3.383 4.224 4.275 4.325 3.876 3.695 4.695 4.589 3.947 24/12/1993
2.113 2.183 1.788 0.961 0.975 1.964 1.865 1.695 1.090 1.205 2.354 2.206 1.637 1.473 1.270 2.242 2.604 1.729 1.597 1.255 2.561 2.559 1.941 1.786 1.501 2.800 2.748 2.179 1.849 1.376 25/12/1993
5.847 6.011 5.725 5.260 5.761 5.952 5.932 5.725 4.735 5.865 6.159 5.986 5.059 4.992 6.023 6.112 6.809 5.034 4.956 4.650 6.047 6.787 5.106 5.057 4.770 6.037 6.682 5.141 4.985 4.610 26/12/1993
6.603 6.650 6.604 5.919 6.456 6.474 6.327 6.506 6.574 6.444 6.591 6.529 6.792 6.686 6.510 6.940 7.320 6.678 6.524 6.403 7.115 7.290 6.657 6.732 6.584 7.202 7.300 6.793 6.677 6.361 27/12/1993
3.428 3.423 3.344 2.851 2.721 3.211 3.073 3.226 2.889 2.593 3.152 3.257 3.308 3.206 2.710 3.446 3.743 3.112 3.016 2.844 3.675 3.712 3.263 3.165 3.065 3.887 3.677 3.321 3.194 2.860 28/12/1993
2.314 2.124 2.076 1.555 1.455 1.962 1.823 1.980 1.574 1.449 1.903 2.051 1.662 1.600 1.533 1.929 2.752 2.212 2.081 1.997 2.665 2.720 2.236 2.277 2.169 3.054 2.822 2.405 2.343 1.967 29/12/1993
-0.481 -0.545 -0.549 -1.019 -0.824 -0.642 -0.720 -0.596 -0.141 -0.252 -0.153 -0.072 0.060 -0.035 -0.193 -0.072 0.791 0.334 0.177 0.139 0.418 0.746 0.216 0.397 0.335 0.784 0.941 0.401 0.325 0.154 30/12/1993
-4.159 -4.276 -3.718 -3.973 -3.879 -4.309 -3.591 -3.736 -3.353 -3.213 -4.238 -4.591 -3.300 -3.322 -3.112 -4.385 -4.474 -3.076 -3.146 -2.948 -4.483 -4.448 -3.233 -3.027 -2.527 -4.079 -4.268 -2.915 -2.684 -2.621 31/12/1993
0.241 0.127 -0.053 -0.728 -0.242 -0.008 -0.010 -0.166 -0.216 -0.102 0.129 0.071 -0.100 -0.040 -0.115 0.723 -0.091 0.027 0.095 -0.036 0.829 -0.096 0.089 -0.005 0.083 1.383 0.180 0.237 0.079 0.186 01/01/1994
2.216 2.581 2.566 1.921 2.102 2.481 2.436 2.531 2.097 2.226 2.681 2.698 2.228 2.235 2.243 3.014 2.417 2.276 2.322 2.241 3.062 2.393 2.200 2.282 2.461 3.570 2.719 2.473 2.485 2.448 02/01/1994
2.657 2.792 2.767 2.064 2.042 2.643 2.516 2.685 2.619 2.143 2.764 2.817 2.755 2.669 2.261 3.028 3.134 2.769 2.704 2.712 3.214 3.107 2.705 2.826 2.969 3.380 3.260 2.904 2.969 2.827 03/01/1994
3.599 3.535 3.430 2.798 2.739 3.360 3.208 3.327 3.415 2.891 3.519 3.480 3.628 3.519 3.040 3.852 4.175 3.710 3.582 3.399 4.108 4.132 3.698 3.782 3.691 4.210 4.177 3.844 3.839 3.466 04/01/1994
3.964 4.203 3.837 3.723 2.411 4.059 3.866 3.731 2.956 2.640 4.272 4.081 3.473 3.341 2.755 4.107 4.238 3.509 3.347 2.820 4.160 4.217 3.612 3.580 3.134 4.317 4.219 3.768 3.532 2.918 05/01/1994
6.636 5.929 5.526 4.714 4.458 5.817 5.713 5.472 4.319 4.245 5.464 5.262 4.884 4.847 4.262 4.802 4.606 4.523 4.466 4.051 4.159 4.609 4.666 4.544 3.905 3.899 4.351 4.389 4.180 3.857 06/01/1994
6.443 5.919 5.947 4.903 4.764 5.737 5.580 5.830 4.873 4.339 4.954 5.173 5.171 5.081 4.378 5.074 4.722 4.742 4.666 4.486 4.661 4.706 4.506 4.777 4.414 4.586 4.531 4.303 4.423 4.307 07/01/1994
4.187 3.746 4.257 4.516 4.658 3.639 3.521 4.188 3.890 4.176 2.804 3.163 3.804 3.711 4.237 2.676 2.799 3.408 3.347 3.354 2.340 2.777 3.004 3.429 3.211 2.205 2.560 2.847 2.980 3.114 08/01/1994
3.618 3.365 3.729 3.072 3.493 3.205 3.087 3.649 3.795 3.555 2.529 2.883 3.805 3.667 3.640 2.794 3.478 3.723 3.606 3.632 2.799 3.443 3.084 3.757 3.511 3.100 3.496 3.192 3.330 3.324 09/01/1994
5.840 5.913 5.658 4.663 4.685 5.675 5.484 5.510 5.152 4.817 5.691 5.454 5.337 5.209 4.872 6.155 5.777 5.321 5.179 5.095 5.999 5.728 5.055 5.373 5.397 5.970 5.788 5.292 5.412 5.179 10/01/1994
8.324 8.284 8.339 8.260 7.775 8.132 8.028 8.221 8.116 7.929 8.192 8.202 8.360 8.291 7.997 8.319 8.274 8.275 8.184 8.163 8.358 8.253 8.066 8.318 8.255 8.587 8.325 8.261 8.247 8.081 11/01/1994
6.079 6.184 6.132 5.670 5.336 6.033 5.945 6.000 5.897 5.690 6.248 6.264 6.200 6.099 5.753 6.466 6.615 6.365 6.252 6.265 6.683 6.601 6.107 6.412 6.660 7.248 7.192 6.794 6.761 6.508 12/01/1994
4.478 4.404 4.478 3.794 3.592 4.299 4.226 4.421 4.069 3.817 4.385 4.512 4.403 4.350 3.865 4.391 4.369 4.519 4.479 4.233 4.518 4.374 4.294 4.554 4.820 4.884 4.598 4.553 4.851 4.669 13/01/1994
4.143 4.154 4.418 3.601 3.649 3.975 3.860 4.324 3.886 3.615 4.122 4.158 4.299 4.197 3.709 4.384 4.270 4.187 4.074 3.785 4.477 4.247 3.793 4.240 3.965 4.597 4.489 4.133 4.104 3.776 14/01/1994
8.895 8.774 8.764 7.737 7.845 8.481 8.134 8.559 8.247 7.703 8.306 8.333 8.687 8.589 7.791 8.096 8.302 8.496 8.404 8.172 8.429 8.226 8.217 8.544 8.332 8.867 8.492 8.357 8.320 8.200 15/01/1994
14.790 14.414 15.004 13.970 13.604 14.295 14.169 14.890 14.319 13.486 14.373 14.447 14.505 14.563 13.526 14.606 14.567 14.212 14.251 14.079 14.010 14.570 14.009 14.191 13.636 13.937 13.985 13.473 13.357 13.578 16/01/1994
14.506 14.485 14.678 12.752 12.735 14.221 13.999 14.504 13.554 12.715 13.988 13.908 13.806 13.777 12.777 14.154 14.098 13.736 13.686 13.623 13.659 14.079 13.352 13.753 13.383 13.701 13.787 13.176 13.244 13.306 17/01/1994
8.167 8.052 8.096 7.765 8.053 7.859 7.708 7.975 7.854 8.039 7.875 7.813 8.124 8.119 7.996 7.503 7.547 7.874 7.890 7.869 7.310 7.546 7.717 7.869 7.770 7.303 7.380 7.519 7.612 7.811 18/01/1994
6.790 6.966 6.725 6.620 6.783 6.799 6.636 6.606 7.323 7.230 7.043 7.086 8.065 7.900 7.349 7.486 8.443 8.115 7.941 7.658 7.835 8.397 8.102 8.192 7.779 8.040 8.318 8.126 7.989 7.527 19/01/1994
7.987 8.096 8.047 7.928 7.979 7.884 7.717 7.924 8.644 8.285 8.071 8.171 8.863 8.709 8.384 7.815 8.387 9.094 8.910 8.847 8.361 8.334 8.823 9.182 9.319 9.302 8.994 9.579 9.455 9.054 20/01/1994
9.214 9.063 8.938 8.395 7.740 8.944 8.851 8.847 7.664 7.553 8.843 8.704 8.326 8.256 7.608 8.981 8.834 8.008 7.899 7.536 8.865 8.816 8.227 8.052 7.595 8.808 8.489 7.960 7.690 7.506 21/01/1994
6.703 6.858 6.134 6.071 5.485 6.756 6.644 6.060 5.657 5.584 6.124 5.811 5.652 5.621 5.624 6.178 5.324 5.557 5.530 5.527 5.435 5.321 5.277 5.571 5.355 5.448 5.006 5.064 5.219 5.303 22/01/1994
3.700 4.529 3.552 3.255 3.030 4.434 4.332 3.518 3.495 3.270 4.307 3.864 3.674 3.587 3.358 4.626 3.897 3.394 3.312 3.235 3.815 3.858 3.026 3.435 2.765 3.574 3.643 2.761 2.781 2.682 23/01/1994
4.674 4.954 4.754 4.604 4.451 4.837 4.728 4.710 4.385 4.365 4.799 4.548 4.518 4.459 4.479 5.152 4.734 4.151 4.065 4.084 4.724 4.696 4.005 4.174 3.898 4.608 4.413 3.838 3.851 3.758 24/01/1994
6.542 6.485 6.670 6.413 5.950 6.409 6.353 6.618 6.388 6.283 6.155 6.491 6.748 6.727 6.331 6.477 6.835 6.644 6.608 6.444 6.338 6.816 6.338 6.647 6.526 6.429 6.573 6.135 6.513 6.460 25/01/1994
6.893 6.639 6.292 6.020 6.033 6.475 6.347 6.206 6.457 6.207 6.431 6.393 6.684 6.585 6.312 6.362 7.010 7.183 7.044 6.889 6.554 6.987 6.918 7.223 7.276 7.135 7.192 7.222 7.146 7.136 26/01/1994
6.277 6.299 6.194 5.986 6.400 6.261 5.960 6.137 7.003 6.680 6.383 6.415 7.268 7.218 6.743 5.756 6.576 7.494 7.400 7.141 6.076 6.561 7.853 7.542 7.306 6.079 6.508 7.612 7.506 7.211 27/01/1994
7.192 7.573 8.063 7.164 5.894 7.562 7.529 8.041 7.220 6.167 7.874 8.357 7.756 7.333 6.336 8.243 9.009 8.062 7.525 7.192 9.235 8.981 7.973 8.226 8.186 9.921 9.382 8.976 8.600 7.506 28/01/1994
7.227 7.396 7.665 7.090 6.530 7.372 7.404 7.664 6.857 6.502 7.429 7.599 6.995 6.887 6.464 7.623 7.557 7.070 6.948 6.839 7.925 7.569 6.997 7.110 7.106 8.116 7.640 7.283 7.232 6.935 29/01/1994
6.548 6.108 6.267 5.621 5.174 6.042 5.996 6.203 5.431 5.266 6.351 6.340 5.644 5.582 5.324 6.376 6.155 5.833 5.747 5.832 6.513 6.145 5.792 5.869 6.302 6.591 6.343 6.028 6.235 6.170 30/01/1994
6.864 6.706 7.066 6.602 6.724 6.678 6.634 7.043 7.215 6.973 6.921 6.910 7.354 7.299 7.000 7.289 7.848 7.458 7.412 7.427 7.665 7.836 7.437 7.485 7.601 7.657 7.920 7.556 7.694 7.535 31/01/1994
6.063 5.784 4.963 4.396 5.014 5.660 5.493 4.861 6.017 5.446 6.318 5.995 5.989 5.882 5.607 6.729 6.683 6.147 5.980 6.279 7.217 6.666 6.077 6.219 6.670 7.860 7.114 6.658 6.647 6.434 01/02/1994
2.949 2.698 2.599 1.940 2.261 2.556 2.427 2.500 2.782 2.424 2.725 2.675 3.060 2.961 2.530 2.991 3.265 3.164 2.998 2.918 3.183 3.246 3.001 3.221 3.097 3.512 3.310 3.234 3.291 2.957 02/02/1994
2.837 2.351 2.461 1.118 1.305 2.165 1.963 2.308 2.204 1.713 2.817 2.742 2.503 2.383 1.831 3.412 3.060 2.712 2.606 2.688 3.974 3.021 2.852 2.752 2.785 4.565 3.483 3.279 3.033 2.658 03/02/1994
3.510 3.337 3.152 2.289 2.584 3.151 2.997 2.995 3.222 2.890 3.900 3.472 3.623 3.507 3.003 4.285 4.255 3.881 3.745 3.621 4.555 4.237 3.959 3.955 3.989 5.035 4.448 4.303 4.200 3.778 04/02/1994
5.709 5.719 5.622 5.152 5.379 5.521 5.355 5.465 5.865 5.578 5.843 5.456 5.954 5.832 5.698 6.171 6.218 5.881 5.769 5.774 6.233 6.185 5.740 5.947 6.012 6.648 6.485 6.126 6.095 5.783 05/02/1994
7.113 6.822 6.672 6.208 6.165 6.618 6.432 6.537 6.636 6.255 6.827 6.878 6.713 6.651 6.348 7.310 7.561 6.780 6.643 6.680 7.580 7.544 6.919 6.848 7.147 7.816 7.653 7.174 7.163 6.890 06/02/1994
6.250 5.486 5.470 5.424 5.617 5.357 5.244 5.368 5.985 5.839 6.017 6.478 5.361 5.319 5.910 6.450 7.095 5.597 5.499 6.631 6.968 7.069 6.635 5.635 7.109 7.361 7.256 6.923 7.119 6.961 07/02/1994
8.035 7.688 7.724 7.154 7.431 7.516 7.385 7.632 7.727 7.622 7.874 8.159 7.457 7.368 7.663 8.979 8.846 7.570 7.482 8.038 9.761 8.814 8.313 7.616 8.648 10.205 9.198 8.848 8.798 8.491 08/02/1994
7.201 6.493 6.318 6.574 6.722 6.319 6.186 6.214 6.867 7.095 6.805 7.369 5.882 5.735 7.062 7.041 7.605 6.125 6.042 7.494 7.961 7.605 7.167 6.169 7.763 8.351 7.968 7.594 7.748 7.651 09/02/1994
5.418 4.949 5.048 4.728 5.688 4.832 4.786 4.997 5.590 5.788 4.911 5.491 5.008 4.959 5.767 5.229 5.956 4.942 4.922 5.820 5.884 5.947 5.548 4.959 5.801 5.839 5.824 5.518 5.681 5.777 10/02/1994
5.479 5.211 5.157 4.941 5.074 5.057 4.953 5.075 5.800 5.589 5.497 6.199 4.838 4.769 5.598 5.855 6.653 4.910 4.791 5.912 6.529 6.657 5.986 4.961 5.818 6.459 6.383 5.851 5.817 5.725 11/02/1994
9.598 9.402 9.064 8.375 8.275 9.220 9.037 8.945 8.850 8.627 9.572 10.251 8.140 8.111 8.606 9.893 9.640 8.252 8.223 9.333 10.697 9.630 9.636 8.279 9.599 10.679 9.624 9.677 9.623 9.535 12/02/1994
4.226 4.106 3.868 3.592 3.505 3.915 3.754 3.725 4.160 4.030 4.138 4.834 3.303 3.255 4.021 4.094 5.007 3.457 3.413 4.551 5.103 5.038 4.634 3.473 4.959 5.179 5.287 4.815 4.889 4.934 13/02/1994
5.215 5.016 5.082 5.385 4.232 4.744 4.526 4.921 5.613 4.739 5.075 5.806 4.563 4.425 4.916 5.430 6.823 4.638 4.504 5.764 7.000 6.789 5.603 4.697 6.129 7.322 7.236 6.094 6.285 5.904 14/02/1994
10.082 9.914 9.679 10.892 11.170 9.702 9.519 9.529 11.952 11.662 10.393 10.820 10.240 10.230 11.664 10.512 12.318 10.560 10.549 12.354 12.563 12.321 12.251 10.545 12.841 12.638 12.937 12.762 12.846 12.947 15/02/1994
8.952 8.871 8.538 9.824 9.620 8.757 8.656 8.469 10.894 10.461 9.308 9.877 9.451 9.350 10.554 9.645 10.926 9.874 9.748 11.444 10.817 10.921 11.287 9.912 11.955 10.972 11.192 11.811 11.980 11.865 16/02/1994
6.948 6.828 6.216 6.115 5.777 6.674 6.513 6.068 6.891 6.523 6.906 7.225 5.982 5.909 6.603 7.276 7.820 6.483 6.363 7.117 8.075 7.799 7.075 6.553 7.697 8.483 8.230 7.767 7.847 7.532 17/02/1994
7.383 7.116 6.841 6.436 6.264 6.969 6.901 6.764 6.476 6.118 7.004 6.877 6.553 6.477 6.209 7.165 6.781 6.261 6.184 6.308 7.128 6.762 6.416 6.303 6.492 7.305 6.755 6.528 6.493 6.345 18/02/1994
8.843 8.673 8.501 8.061 7.683 8.520 8.411 8.413 8.291 7.736 8.733 9.025 7.996 7.932 7.817 9.205 9.631 8.014 7.940 8.426 9.929 9.643 8.623 8.056 8.607 10.067 9.770 8.821 8.732 8.480 19/02/1994
8.146 7.846 7.888 7.688 7.811 7.738 7.612 7.793 8.029 7.833 7.899 8.200 7.720 7.635 7.886 8.262 9.091 7.850 7.805 8.163 9.147 9.081 8.456 7.892 8.424 9.504 9.417 8.783 8.704 8.326 20/02/1994
9.099 9.028 8.880 8.653 8.594 8.901 8.804 8.812 8.902 8.646 9.116 9.200 8.928 8.844 8.733 9.705 10.100 9.100 9.004 8.829 10.075 10.083 9.338 9.148 9.108 10.258 10.203 9.566 9.421 8.918 21/02/1994
7.626 7.387 7.263 7.061 6.771 7.224 7.058 7.147 7.377 6.964 7.102 7.451 7.149 7.048 7.071 7.086 7.581 7.312 7.211 7.543 7.252 7.550 7.439 7.381 7.747 7.471 7.690 7.643 7.780 7.577 22/02/1994
10.396 10.171 10.351 10.529 10.736 10.140 10.126 10.319 11.068 10.868 9.938 10.202 10.310 10.369 10.836 9.896 10.330 10.335 10.415 10.985 10.458 10.318 10.803 10.324 10.904 10.561 10.422 10.859 10.782 10.978 23/02/1994
10.174 9.856 9.682 10.620 10.427 9.721 9.593 9.609 10.727 10.292 9.544 9.842 9.793 9.810 10.287 9.348 9.669 9.895 9.892 10.569 9.521 9.651 10.553 9.918 10.574 9.568 9.581 10.440 10.440 10.568 24/02/1994
10.756 10.482 10.443 10.217 10.064 10.396 10.284 10.383 10.254 9.913 10.003 10.182 9.718 9.727 9.888 9.789 10.389 9.727 9.668 9.892 9.959 10.406 9.951 9.751 10.213 10.051 10.414 10.078 10.299 10.144 25/02/1994
9.991 9.951 9.587 9.508 9.125 9.731 9.552 9.456 9.916 9.586 9.616 9.952 9.526 9.492 9.640 9.979 10.502 10.096 9.998 10.102 9.840 10.487 9.960 10.131 10.257 10.085 10.513 10.044 10.266 10.158 26/02/1994
9.003 9.471 8.815 8.595 8.533 9.268 9.131 8.707 9.766 9.499 10.085 10.204 9.350 9.267 9.589 10.497 10.734 9.792 9.657 9.934 10.851 10.709 10.595 9.860 10.254 10.740 10.910 10.946 10.510 10.076 27/02/1994
10.541 10.542 10.277 11.069 10.511 10.274 10.118 10.129 11.333 10.517 10.324 10.539 10.993 10.904 10.630 10.297 11.201 11.088 11.009 11.166 10.394 11.172 11.374 11.132 11.371 10.638 11.253 11.466 11.588 11.232 28/02/1994
15.621 15.580 15.259 15.791 15.589 15.509 15.463 15.207 16.004 15.493 15.739 15.815 15.320 15.185 15.563 16.446 16.295 15.605 15.498 15.842 16.577 16.299 16.011 15.652 16.133 16.501 16.395 16.304 16.287 15.939 01/03/1994
11.742 11.704 11.434 11.625 11.645 11.619 11.533 11.365 11.688 11.498 11.711 11.828 11.319 11.219 11.584 11.872 12.115 11.373 11.259 11.534 11.971 12.113 11.635 11.427 11.565 11.826 11.873 11.626 11.664 11.390 02/03/1994
9.564 9.614 9.446 9.268 10.039 9.475 9.346 9.347 10.326 10.092 9.541 9.608 9.875 9.776 10.173 10.306 10.424 9.791 9.735 10.108 10.562 10.396 10.257 9.826 10.224 10.529 10.472 10.402 10.321 10.089 03/03/1994
9.264 8.983 8.890 8.626 9.736 8.850 8.744 8.790 9.872 9.621 8.773 8.893 9.687 9.644 9.671 9.395 9.238 9.602 9.555 9.672 9.395 9.211 9.791 9.616 9.608 9.479 9.187 9.714 9.728 9.550 04/03/1994
8.147 8.044 7.990 7.646 7.604 7.886 7.773 7.879 7.659 7.650 7.739 7.770 7.615 7.532 7.728 8.113 8.359 7.484 7.394 7.351 8.416 8.301 7.539 7.524 7.604 8.697 8.554 7.814 7.646 7.456 05/03/1994
9.592 9.591 9.539 9.021 9.292 9.400 9.251 9.438 9.244 9.189 9.185 9.411 9.536 9.486 9.231 9.588 10.430 9.480 9.385 9.116 9.871 10.401 9.501 9.509 9.450 10.262 10.690 9.824 9.567 9.345 06/03/1994
11.785 12.285 12.222 12.902 13.218 12.049 11.851 12.080 14.657 14.081 12.333 12.594 14.308 14.063 14.261 13.535 14.319 14.486 14.207 14.564 14.154 14.288 14.739 14.609 15.053 14.428 14.526 15.385 15.288 14.609 07/03/1994
10.142 10.289 10.222 10.969 11.060 10.027 9.852 10.069 11.358 11.449 10.109 10.256 10.963 10.766 11.627 10.729 11.177 10.996 10.785 11.261 11.128 11.135 11.271 11.089 11.563 11.417 11.273 11.567 11.559 11.256 08/03/1994
9.469 9.728 9.620 9.415 9.622 9.523 9.360 9.470 10.364 9.914 9.518 9.743 10.516 10.337 10.084 9.592 10.415 10.613 10.399 10.461 9.911 10.323 10.728 10.654 10.719 10.023 10.462 10.798 10.740 10.485 09/03/1994
7.673 7.587 7.616 6.938 6.595 7.522 7.460 7.581 7.215 6.680 7.444 7.454 7.288 7.124 6.823 7.618 7.311 7.130 6.906 7.017 7.548 7.315 7.083 7.208 7.193 7.466 7.237 7.317 7.235 6.906 10/03/1994
6.939 6.907 6.858 7.005 6.714 6.852 6.794 6.828 6.667 6.727 7.022 6.992 6.663 6.637 6.780 6.981 7.544 6.827 6.788 6.797 7.248 7.522 6.889 6.831 6.961 7.366 7.614 7.003 6.949 6.896 11/03/1994
5.900 6.010 5.937 5.685 5.420 5.928 5.809 5.852 5.950 5.548 5.981 6.012 5.954 5.868 5.679 6.477 6.817 6.003 5.843 5.896 6.918 6.779 6.120 6.048 6.373 7.039 7.397 6.760 6.815 6.188 12/03/1994
1.911 1.878 2.005 1.310 1.834 1.736 1.638 1.893 1.745 1.781 1.858 1.880 1.990 1.900 1.788 2.136 2.416 1.926 1.826 1.843 2.383 2.391 1.971 1.956 2.153 2.539 2.646 2.299 2.183 2.033 13/03/1994
1.983 2.042 2.006 1.776 1.823 1.975 1.879 1.959 1.850 1.753 1.968 1.922 1.831 1.844 1.856 2.549 2.177 1.787 1.835 1.856 2.571 2.154 1.781 1.789 1.730 2.629 2.097 1.818 1.748 1.745 14/03/1994
6.032 6.159 6.117 5.637 5.592 6.094 6.057 6.091 6.194 5.846 6.446 6.480 5.926 5.862 5.950 6.604 7.017 6.225 6.166 6.263 6.848 6.993 6.313 6.254 6.387 6.871 7.129 6.563 6.740 6.206 15/03/1994
6.160 6.230 6.198 5.548 5.628 6.078 5.907 6.074 5.922 5.851 6.338 6.387 5.723 5.604 5.919 6.828 7.005 5.879 5.745 5.858 7.599 6.962 5.982 5.933 6.074 7.802 7.278 6.398 6.470 5.858 16/03/1994
5.468 5.574 5.016 4.126 4.300 5.435 5.271 4.852 4.877 4.238 5.757 5.460 5.182 5.056 4.316 6.191 6.220 5.334 5.137 4.862 6.622 6.164 5.674 5.371 5.236 7.068 6.472 6.006 5.719 5.031 17/03/1994
6.897 6.981 6.942 6.579 6.177 6.848 6.764 6.852 6.737 6.502 6.887 6.927 6.743 6.665 6.571 7.213 7.919 6.876 6.775 6.859 7.764 7.894 6.966 6.931 7.151 8.445 8.356 7.400 7.260 7.003 18/03/1994
4.931 4.980 4.917 4.785 4.048 4.808 4.663 4.812 4.949 4.379 5.022 5.168 4.896 4.758 4.515 5.319 5.865 5.126 4.975 5.112 5.961 5.827 5.152 5.158 5.487 6.677 6.481 5.805 5.727 5.282 19/03/1994
3.952 3.925 3.765 3.122 3.225 3.746 3.604 3.636 3.543 3.325 3.864 3.921 3.699 3.622 3.389 4.204 4.507 3.872 3.783 3.772 4.443 4.499 3.993 3.952 4.130 4.672 4.784 4.306 4.356 3.983 20/03/1994
6.910 6.795 6.740 6.578 7.799 6.490 6.196 6.499 8.027 8.138 6.561 6.804 7.479 7.361 8.255 6.249 7.526 7.842 7.715 7.993 6.552 7.474 7.839 7.874 8.544 6.591 7.703 8.207 8.562 8.349 21/03/1994
3.362 3.444 3.265 2.944 3.288 3.297 3.144 3.164 3.319 3.563 3.520 3.558 3.121 3.023 3.656 3.757 4.092 3.282 3.146 3.162 4.273 4.072 3.484 3.342 3.393 4.406 4.335 3.809 3.688 3.206 22/03/1994
3.600 4.143 3.863 3.612 3.597 4.238 4.241 3.929 3.766 3.908 4.358 4.407 3.568 3.374 3.817 4.686 5.430 3.789 3.540 3.607 5.198 5.388 3.821 3.856 4.145 5.464 6.049 4.440 4.351 3.765 23/03/1994
4.787 5.331 5.223 5.599 6.635 5.434 5.438 5.293 6.396 6.715 5.325 5.541 6.004 6.102 6.626 4.955 6.009 6.202 6.304 6.359 5.204 6.041 6.233 6.130 6.428 5.249 6.248 6.187 6.219 6.550 24/03/1994
6.880 6.910 6.922 6.325 6.590 6.883 6.811 6.881 6.835 6.674 6.907 6.924 6.844 6.815 6.689 6.685 7.001 6.946 6.902 6.665 6.917 6.968 7.000 6.951 7.180 7.297 7.317 7.244 7.128 7.129 25/03/1994
5.943 5.929 5.730 5.246 4.842 5.891 5.849 5.734 5.412 5.032 6.025 5.902 5.219 5.076 5.135 5.545 5.219 5.304 5.162 5.280 6.011 5.207 5.346 5.365 5.694 6.362 5.434 5.825 5.770 5.425 26/03/1994
5.658 5.758 5.729 4.013 4.324 5.734 5.670 5.708 4.592 4.395 5.877 5.874 4.419 4.412 4.393 6.563 6.219 4.523 4.489 4.533 6.971 6.223 4.640 4.537 4.674 6.906 6.544 4.893 4.847 4.599 27/03/1994
6.926 6.934 6.819 6.965 6.551 6.720 6.544 6.687 7.001 6.556 6.783 6.807 6.849 6.719 6.698 6.932 7.175 6.865 6.683 6.881 7.153 7.165 6.798 6.918 7.241 7.214 7.474 7.177 7.311 7.061 28/03/1994
5.731 5.694 5.707 5.310 5.732 5.491 5.356 5.574 5.676 5.725 5.365 5.554 5.538 5.428 5.863 5.831 6.659 5.491 5.361 5.520 5.845 6.618 5.514 5.559 5.781 5.944 6.793 5.749 5.724 5.575 29/03/1994
3.986 4.070 3.919 3.299 3.180 4.009 3.878 3.851 2.867 2.591 3.969 4.070 3.197 3.183 2.669 4.206 4.383 3.190 3.104 2.903 4.308 4.379 3.433 3.176 3.201 4.204 4.314 3.315 3.173 3.138 30/03/1994
5.927 5.983 6.053 5.177 5.456 5.741 5.491 5.890 6.179 5.696 5.838 6.015 5.707 5.594 5.843 6.368 6.912 5.725 5.523 6.112 6.808 6.884 5.761 5.808 6.542 6.907 7.144 6.218 6.242 6.298 31/03/1994
6.510 6.530 6.352 5.704 6.346 6.274 6.086 6.219 6.531 6.262 6.649 6.457 6.758 6.674 6.395 7.405 7.732 6.729 6.631 6.352 7.549 7.689 6.817 6.772 6.561 7.371 7.630 6.806 6.754 6.413 01/04/1994
8.454 8.373 8.557 8.634 8.671 8.174 8.049 8.440 8.900 8.556 8.083 8.193 8.380 8.266 8.660 8.117 8.111 8.478 8.332 8.805 8.216 8.064 8.027 8.522 8.998 8.447 8.298 8.417 8.674 8.798 02/04/1994
8.351 8.352 8.326 8.552 8.469 8.149 8.032 8.205 8.516 8.409 8.035 8.014 8.091 8.000 8.500 8.084 7.838 7.949 7.842 8.231 7.993 7.818 7.685 8.006 8.235 7.983 7.836 7.832 7.913 8.048 03/04/1994
8.721 8.757 8.662 8.002 7.594 8.588 8.447 8.579 8.368 7.545 8.517 8.444 8.433 8.325 7.624 8.737 8.490 8.023 7.908 7.797 8.631 8.459 8.001 8.073 7.652 8.261 8.283 7.916 7.739 7.503 04/04/1994
8.880 8.670 8.652 7.945 8.061 8.531 8.444 8.561 8.290 8.032 8.367 8.326 8.397 8.282 8.104 8.564 8.729 8.231 8.095 8.116 8.410 8.703 8.242 8.277 8.248 8.557 8.882 8.459 8.308 8.127 05/04/1994
9.548 9.562 9.297 8.815 8.810 9.361 9.176 9.193 8.785 8.571 9.622 9.357 8.957 8.882 8.644 9.708 9.212 8.932 8.815 8.593 9.687 9.202 8.894 8.964 8.888 9.719 9.473 9.309 9.037 8.727 06/04/1994
10.368 10.425 10.449 10.074 10.269 10.318 10.243 10.392 10.214 10.163 10.517 10.401 10.041 10.006 10.242 10.556 10.452 9.935 9.894 9.672 10.542 10.426 10.002 9.948 9.749 10.483 10.429 10.049 9.849 9.683 07/04/1994
13.046 13.204 13.399 13.607 14.137 13.171 13.123 13.379 13.917 13.975 13.159 13.298 13.704 13.730 13.962 13.722 13.717 13.593 13.623 13.553 13.800 13.720 13.615 13.571 13.243 13.585 13.614 13.469 13.343 13.266 08/04/1994
13.450 13.373 13.093 12.945 13.483 13.205 13.089 13.011 13.261 13.395 13.085 12.871 13.264 13.241 13.441 13.490 13.251 12.972 12.931 12.934 13.366 13.244 13.039 12.979 12.900 13.139 13.191 13.004 12.943 12.809 09/04/1994
7.150 7.223 7.203 7.066 7.252 7.126 7.042 7.141 7.521 7.438 7.210 7.189 7.387 7.356 7.515 7.441 7.818 7.692 7.669 7.579 7.749 7.813 7.518 7.715 8.043 8.223 8.157 7.797 7.971 7.941 10/04/1994
7.784 7.783 7.662 6.227 7.101 7.649 7.518 7.585 7.268 7.483 7.695 7.645 7.101 7.107 7.627 6.981 7.043 7.397 7.368 7.394 7.061 7.038 7.126 7.392 7.543 7.141 7.144 7.217 7.431 7.514 11/04/1994
6.941 6.885 6.808 5.862 5.594 6.881 6.829 6.813 5.761 5.704 6.949 6.813 5.789 5.826 5.762 6.075 5.868 5.811 5.842 5.873 6.049 5.893 5.930 5.799 5.846 5.867 5.743 5.753 5.778 5.932 12/04/1994
6.709 6.838 6.659 5.802 5.431 6.619 6.397 6.516 5.695 5.586 6.604 6.679 5.653 5.579 5.681 6.281 6.831 5.714 5.634 5.661 6.467 6.800 5.566 5.760 5.843 6.540 6.840 5.644 5.799 5.697 13/04/1994
7.646 7.723 7.547 7.265 6.998 7.579 7.454 7.430 7.441 7.154 7.550 7.564 7.528 7.440 7.244 7.568 8.385 7.585 7.469 7.453 7.609 8.359 7.294 7.620 7.536 7.713 8.283 7.282 7.434 7.386 14/04/1994
5.190 5.098 4.835 4.137 4.138 4.881 4.728 4.754 4.282 4.259 4.909 4.854 4.688 4.593 4.335 5.167 5.366 4.727 4.645 4.537 5.390 5.354 4.761 4.772 4.884 5.699 5.440 4.947 4.789 4.718 15/04/1994
4.644 4.484 4.336 3.673 3.747 4.333 4.224 4.240 3.687 3.708 4.371 4.254 3.987 3.897 3.793 4.452 4.775 3.820 3.773 3.756 4.631 4.756 3.973 3.863 3.958 4.673 4.866 4.183 3.931 3.842 16/04/1994
5.427 5.417 5.057 4.796 5.199 5.185 5.110 4.949 5.647 5.432 5.402 5.359 6.194 6.100 5.516 5.728 5.622 6.060 5.962 5.576 5.691 5.602 6.097 6.108 5.828 5.886 5.626 6.105 5.860 5.664 17/04/1994
4.200 3.637 3.657 3.262 3.582 3.539 3.401 3.540 3.954 3.722 3.481 3.564 4.048 4.003 3.863 3.810 4.252 4.117 3.983 3.947 3.757 4.227 4.090 4.178 4.308 3.888 4.343 4.267 4.524 4.130 18/04/1994
5.333 5.220 5.034 4.517 4.576 5.036 4.926 4.942 4.751 4.682 5.082 5.029 4.766 4.639 4.761 5.144 5.604 4.757 4.550 4.608 5.273 5.607 4.727 4.810 4.971 5.452 5.824 5.019 5.035 4.726 19/04/1994
4.984 4.826 4.914 4.186 4.518 4.726 4.602 4.865 4.717 4.753 4.783 4.781 4.943 4.844 4.875 4.991 5.504 4.972 4.820 4.767 5.144 5.487 4.911 4.987 5.216 5.329 5.647 5.070 5.200 5.055 20/04/1994
8.411 8.001 7.961 7.266 7.922 7.848 7.690 7.864 7.850 7.958 7.701 7.736 7.964 7.832 8.067 8.272 8.435 7.930 7.768 7.705 8.227 8.400 7.774 7.985 7.950 8.341 8.519 7.987 8.029 7.729 21/04/1994
9.428 9.466 9.373 8.809 9.418 9.260 9.122 9.309 10.322 9.648 9.354 9.502 10.644 10.472 9.808 10.329 10.745 10.655 10.443 10.284 10.513 10.679 10.376 10.757 10.832 10.690 10.921 10.706 10.800 10.525 22/04/1994
12.312 12.137 12.047 11.752 11.950 11.898 11.725 11.893 12.150 12.091 11.633 11.769 12.292 12.066 12.216 11.631 12.473 12.253 11.978 11.999 11.630 12.441 11.974 12.362 12.388 11.558 12.423 12.188 12.510 12.073 23/04/1994
13.215 12.993 13.065 12.937 12.267 12.696 12.411 12.868 13.670 12.308 12.776 12.825 13.486 13.380 12.347 13.394 13.882 13.457 13.327 13.472 13.769 13.822 13.485 13.516 13.520 14.003 14.093 13.662 13.781 13.307 24/04/1994
9.944 10.023 9.906 10.063 9.672 9.846 9.731 9.776 9.622 9.672 10.030 10.056 9.627 9.541 9.711 10.244 10.399 9.835 9.732 9.606 10.402 10.369 9.724 9.879 9.904 10.709 10.420 9.873 9.992 9.747 25/04/1994
11.136 10.515 10.850 10.544 11.244 10.421 10.326 10.748 10.539 10.355 9.659 9.874 10.452 10.308 10.453 10.279 10.287 9.985 9.829 9.859 10.085 10.242 9.776 10.080 9.629 9.794 9.891 9.517 9.637 9.382 26/04/1994
10.304 10.074 10.046 9.059 9.318 9.810 9.634 9.851 9.828 9.152 9.704 9.708 9.819 9.691 9.267 10.872 10.572 9.665 9.495 9.487 10.914 10.534 9.546 9.704 9.422 10.880 10.440 9.526 9.504 9.233 27/04/1994
11.983 11.652 11.688 11.503 11.880 11.518 11.416 11.607 12.078 11.922 11.524 11.486 12.069 11.946 12.019 11.732 11.752 11.980 11.843 11.797 11.633 11.716 11.727 12.017 11.801 11.555 11.603 11.782 11.821 11.589 28/04/1994
10.248 10.443 10.147 10.070 10.443 10.259 10.125 10.043 11.215 10.955 10.552 10.572 10.843 10.687 11.076 11.407 12.027 11.199 11.059 11.319 11.796 11.969 11.012 11.253 11.698 12.284 12.457 11.544 11.699 11.507 29/04/1994
17.090 17.070 17.158 16.799 17.140 16.907 16.764 17.070 17.834 17.370 16.897 16.999 17.799 17.681 17.526 17.102 17.885 17.858 17.674 17.679 17.305 17.857 17.674 17.894 18.013 17.577 18.095 18.069 18.091 17.789 30/04/1994
15.181 14.959 15.017 14.646 13.372 14.674 14.624 14.844 14.477 13.755 14.789 15.015 14.503 14.291 13.987 14.320 15.298 14.631 14.362 14.488 14.840 15.291 14.524 14.735 15.005 15.132 15.509 15.066 15.085 14.708 01/05/1994
16.369 16.277 16.246 15.152 15.933 16.079 16.010 16.126 16.580 16.187 16.323 16.351 16.735 16.586 16.324 17.123 17.714 17.026 16.819 16.766 17.475 17.732 16.844 17.118 17.247 18.032 17.887 17.392 17.377 16.971 02/05/1994
18.444 18.385 18.399 18.029 17.780 18.208 18.105 18.303 18.362 17.527 18.177 18.265 18.638 18.518 17.665 18.501 18.737 18.511 18.352 18.277 18.642 18.732 18.404 18.575 18.732 18.991 19.034 18.762 18.847 18.520 03/05/1994
17.699 17.598 17.643 17.293 17.106 17.470 17.379 17.551 17.802 17.103 17.437 17.511 17.975 17.848 17.209 17.197 17.640 18.072 17.929 17.926 17.289 17.624 17.797 18.140 18.282 17.709 17.907 18.229 18.382 18.082 04/05/1994
12.873 12.206 12.104 10.788 10.579 12.004 11.860 11.965 11.314 10.817 11.865 11.802 11.402 11.295 10.904 12.096 12.352 11.575 11.472 11.524 12.352 12.333 11.469 11.614 11.378 12.603 12.216 11.434 11.473 11.166 05/05/1994
12.926 12.718 12.467 11.831 11.884 12.541 12.413 12.377 11.731 11.537 12.597 12.393 12.255 12.129 11.663 12.741 12.725 12.025 11.842 11.535 12.847 12.670 12.331 12.092 11.564 13.136 12.805 12.571 12.048 11.320 06/05/1994
13.263 13.558 13.493 13.071 13.575 13.398 13.271 13.401 13.713 13.505 13.430 13.563 14.106 13.964 13.625 13.375 13.905 14.105 13.925 13.737 13.495 13.871 14.115 14.177 14.003 13.816 14.055 14.358 14.259 13.771 07/05/1994
15.682 16.495 16.369 15.439 15.035 16.340 16.258 16.250 15.842 15.102 16.827 16.780 16.454 16.351 15.260 16.901 16.280 16.430 16.332 15.980 17.120 16.236 16.578 16.485 16.166 17.237 16.111 16.676 16.462 15.994 08/05/1994
17.906 18.235 18.248 17.743 17.669 18.241 18.283 18.253 18.180 17.767 18.457 18.424 18.203 18.241 17.766 18.684 18.444 18.377 18.393 18.277 18.777 18.435 18.398 18.373 18.296 18.752 18.418 18.370 18.327 18.310 09/05/1994
19.452 19.426 19.405 19.339 19.597 19.274 19.207 19.298 19.884 19.685 19.408 19.442 19.939 19.885 19.742 19.854 19.839 19.994 19.895 19.868 20.105 19.841 19.967 20.027 20.020 20.328 19.776 20.049 20.022 19.886 10/05/1994
21.335 21.188 21.276 20.810 20.987 21.002 20.876 21.157 21.522 20.981 20.991 21.116 21.570 21.539 21.070 21.348 21.379 21.495 21.426 21.471 21.352 21.335 21.278 21.532 21.403 21.365 21.275 21.322 21.398 21.247 11/05/1994
22.013 22.098 22.126 21.778 22.039 22.047 22.047 22.101 22.751 22.096 21.953 22.016 22.793 22.732 22.203 22.215 22.883 22.736 22.698 22.747 22.237 22.847 22.598 22.773 22.834 22.031 22.905 22.682 22.762 22.738 12/05/1994
20.719 20.628 20.992 20.413 20.682 20.592 20.588 20.946 21.398 20.772 20.421 20.528 21.330 21.219 20.877 20.723 21.070 21.291 21.175 21.359 20.784 21.040 21.067 21.376 21.438 20.561 21.015 21.162 21.404 21.238 13/05/1994
20.538 20.271 20.097 19.311 20.081 20.241 20.265 20.094 20.723 20.185 20.216 20.163 20.886 20.793 20.314 20.515 20.915 20.960 20.887 20.849 20.539 20.873 20.911 21.025 20.968 20.360 20.889 20.952 20.995 20.830 14/05/1994
19.860 19.776 19.672 19.793 20.636 19.770 19.788 19.696 21.027 20.687 19.766 19.611 20.620 20.544 20.843 19.951 20.216 20.602 20.525 20.958 19.992 20.180 20.426 20.645 20.943 20.035 20.041 20.241 20.442 20.819 15/05/1994
19.782 19.588 19.847 19.195 18.820 19.520 19.451 19.831 19.264 18.821 18.852 19.343 19.113 19.001 18.935 18.749 18.945 19.030 18.898 19.043 18.567 18.928 18.572 19.095 19.115 18.444 18.737 18.612 18.889 18.861 16/05/1994
17.428 17.359 17.366 17.137 17.140 17.256 17.215 17.354 17.575 17.184 17.143 17.328 17.663 17.574 17.264 17.629 18.048 17.704 17.622 17.384 17.603 18.017 17.537 17.770 17.506 17.607 17.964 17.578 17.668 17.345 17/05/1994
15.633 15.968 15.937 15.824 15.887 15.805 15.649 15.851 16.386 16.074 16.440 16.283 16.605 16.491 16.203 16.642 17.166 16.909 16.784 16.556 16.974 17.130 16.818 16.976 16.978 17.204 17.386 17.140 17.097 16.796 18/05/1994
13.424 13.537 13.514 12.897 12.846 13.343 13.189 13.394 13.093 12.765 13.573 13.512 13.522 13.394 12.881 14.009 14.220 13.516 13.369 13.023 14.263 14.179 13.758 13.582 13.360 14.384 14.209 13.868 13.612 13.142 19/05/1994
13.872 13.952 13.842 13.185 13.631 13.839 13.757 13.771 14.448 13.697 13.861 14.017 14.926 14.819 13.766 14.514 15.177 15.016 14.907 14.529 14.921 15.156 15.027 15.063 15.139 15.178 15.197 15.134 15.212 15.008 20/05/1994
14.713 14.668 14.717 14.631 15.231 14.560 14.487 14.659 15.578 15.099 14.371 14.489 15.747 15.632 15.193 15.698 15.360 15.703 15.580 15.481 15.808 15.327 15.662 15.748 15.731 15.841 15.407 15.816 15.911 15.597 21/05/1994
15.428 15.421 15.376 15.258 15.715 15.366 15.302 15.348 15.974 15.774 15.330 15.379 16.081 15.961 15.811 15.766 16.137 16.282 16.131 16.019 15.975 16.083 16.097 16.357 16.451 16.294 16.322 16.398 16.506 16.242 22/05/1994
18.829 18.797 18.683 17.433 18.793 18.551 18.338 18.535 19.339 18.907 18.558 18.569 19.458 19.399 18.995 17.782 19.148 19.501 19.416 19.414 18.031 19.132 19.494 19.541 19.544 18.187 19.166 19.569 19.524 19.432 23/05/1994
15.475 15.456 15.641 14.864 15.879 15.293 15.154 15.542 15.986 15.786 15.279 15.364 16.237 16.152 15.880 15.572 16.548 16.219 16.081 15.848 15.721 16.531 16.075 16.281 16.135 16.038 16.510 16.199 16.193 15.897 24/05/1994
17.713 17.508 17.491 17.223 17.552 17.213 17.047 17.343 18.256 17.589 17.092 17.198 18.397 18.139 17.743 18.077 17.993 18.303 18.025 17.990 18.249 17.926 18.129 18.431 18.262 18.513 18.014 18.368 18.355 17.863 25/05/1994
18.665 18.655 18.430 17.959 18.327 18.374 18.128 18.267 18.534 18.293 18.423 18.319 18.828 18.647 18.420 18.314 18.221 18.778 18.579 18.409 18.561 18.200 18.720 18.870 18.594 18.678 18.294 18.919 18.997 18.311 26/05/1994
18.461 18.473 18.105 18.065 18.523 18.284 18.125 17.974 19.300 18.955 18.554 18.311 19.273 19.150 19.056 18.958 20.004 19.628 19.427 19.457 18.993 19.972 19.375 19.666 19.759 18.871 20.027 19.587 19.860 19.502 27/05/1994
19.966 20.061 19.945 19.930 19.793 19.804 19.602 19.796 20.032 20.002 19.963 19.969 20.097 19.958 20.056 19.950 20.431 20.266 20.163 20.173 20.231 20.397 20.146 20.330 20.437 20.382 20.426 20.353 20.436 20.205 28/05/1994
23.623 23.679 23.645 22.450 23.124 23.530 23.422 23.556 23.717 23.169 23.753 23.596 23.766 23.646 23.207 23.672 23.538 23.786 23.636 23.634 23.774 23.516 23.737 23.809 23.868 23.962 23.622 23.911 23.908 23.682 29/05/1994
25.959 26.073 26.130 24.990 24.943 25.979 25.930 26.088 26.179 25.130 26.032 26.028 26.251 26.125 25.292 24.816 25.510 26.242 26.092 26.010 25.053 25.448 26.130 26.281 26.214 25.456 25.724 26.308 26.320 26.026 30/05/1994
21.980 22.209 22.498 21.792 21.547 22.108 21.993 22.493 22.038 21.697 21.691 22.351 22.091 21.939 21.800 21.898 21.740 22.070 21.951 21.967 22.211 21.688 21.873 22.148 22.226 22.455 22.053 22.316 22.290 22.027 31/05/1994
16.881 16.514 16.386 15.721 15.661 16.231 15.988 16.243 16.028 15.698 16.441 16.240 16.197 15.968 15.857 16.399 16.078 16.096 15.839 16.121 16.503 16.032 16.125 16.212 16.708 16.667 16.195 16.480 16.313 16.374 01/06/1994
16.229 16.155 16.054 15.446 15.561 15.934 15.783 15.979 15.898 15.625 15.827 15.967 16.029 15.913 15.733 16.092 16.327 15.934 15.798 15.709 16.247 16.286 15.932 15.971 15.775 16.505 16.361 16.116 15.818 15.678 02/06/1994
16.346 16.291 16.208 16.000 16.074 16.125 15.953 16.093 16.492 16.280 16.180 16.210 16.491 16.377 16.431 16.077 16.282 16.506 16.337 16.420 16.322 16.255 16.367 16.568 16.550 16.602 16.542 16.725 16.580 16.333 03/06/1994
16.668 16.566 16.536 15.851 15.939 16.336 16.095 16.409 16.766 16.177 16.080 16.278 16.703 16.594 16.324 16.621 17.108 16.716 16.543 16.604 16.717 17.058 16.477 16.749 16.786 16.838 17.291 16.788 16.826 16.596 04/06/1994
15.491 15.376 15.347 15.129 15.162 15.168 15.013 15.220 15.840 15.401 15.163 15.327 15.762 15.611 15.567 15.448 16.195 15.748 15.538 15.859 15.730 16.141 15.745 15.797 16.304 15.886 16.350 16.111 16.181 16.074 05/06/1994
16.829 16.947 16.908 16.631 16.757 16.825 16.698 16.829 17.385 17.002 16.987 16.969 17.488 17.315 17.183 16.966 17.678 17.531 17.371 17.255 17.300 17.637 17.521 17.595 17.967 17.414 17.881 17.918 17.953 17.655 06/06/1994
15.461 15.594 15.536 15.204 15.131 15.373 15.185 15.396 15.830 15.412 15.314 15.456 15.798 15.604 15.556 15.337 15.777 15.872 15.665 15.602 15.532 15.730 15.635 15.968 15.440 15.430 15.644 15.721 15.576 15.135 07/06/1994
14.900 14.771 14.711 14.337 13.853 14.493 14.271 14.533 14.745 14.155 14.606 14.676 14.514 14.349 14.352 14.720 15.350 14.827 14.586 14.612 14.945 15.266 14.454 14.922 14.952 15.102 15.789 15.135 15.084 14.619 08/06/1994
15.111 15.045 15.147 15.542 15.313 14.870 14.729 15.035 15.670 15.516 14.927 15.104 15.535 15.470 15.630 14.800 15.289 15.501 15.410 15.613 14.958 15.233 15.390 15.564 15.772 15.230 15.477 15.653 15.739 15.608 09/06/1994
19.760 19.720 19.863 19.968 19.829 19.507 19.350 19.739 20.022 19.779 19.358 19.483 19.947 19.826 19.943 19.172 19.513 19.793 19.637 19.707 19.271 19.470 19.727 19.871 19.986 19.451 19.656 20.019 20.057 19.715 10/06/1994
23.847 23.760 23.914 23.685 23.719 23.604 23.453 23.817 23.863 23.641 23.269 23.522 23.981 23.871 23.759 23.177 23.375 23.712 23.571 23.606 23.308 23.350 23.573 23.787 23.849 23.541 23.339 23.557 23.744 23.639 11/06/1994
23.593 23.890 23.377 23.337 23.550 23.673 23.550 23.246 23.674 23.405 24.047 24.148 23.807 23.687 23.498 23.965 24.097 23.911 23.801 23.406 23.997 24.058 24.150 23.962 23.858 24.116 23.862 23.910 23.868 23.657 12/06/1994
24.721 24.459 24.439 23.544 23.643 24.309 24.156 24.340 23.935 23.541 24.334 24.352 24.285 24.178 23.656 24.398 24.765 24.231 24.111 23.652 24.570 24.751 24.468 24.297 24.219 24.876 24.775 24.675 24.606 23.975 13/06/1994
24.329 23.909 23.967 22.441 21.683 23.613 23.413 23.802 22.191 21.590 23.693 23.764 22.451 22.205 21.794 23.528 23.103 22.261 21.992 21.749 24.027 23.045 22.371 22.387 22.072 24.254 23.123 22.644 22.426 21.643 14/06/1994
25.234 24.869 24.913 23.942 24.280 24.661 24.497 24.767 24.431 24.044 24.362 24.476 24.398 24.332 24.210 23.558 23.844 24.271 24.200 24.180 23.810 23.824 24.361 24.318 24.424 23.793 23.901 24.547 24.488 24.204 15/06/1994
25.162 25.103 24.897 23.836 24.034 24.943 24.839 24.821 24.001 23.891 24.943 24.931 24.236 24.156 23.982 24.397 24.559 24.146 24.007 23.779 24.409 24.523 24.344 24.220 24.090 24.419 24.543 24.524 24.452 23.901 16/06/1994
24.011 23.943 24.037 22.540 23.857 23.815 23.690 23.966 23.301 24.027 23.402 23.824 22.930 22.847 24.087 22.242 23.054 22.921 22.804 23.300 22.318 23.019 22.542 22.954 23.368 22.326 23.085 22.687 22.996 23.153 17/06/1994
16.052 16.167 16.261 16.109 16.666 16.068 15.982 16.178 16.383 16.767 15.859 16.230 16.303 16.173 16.873 15.778 16.504 16.103 15.955 16.280 15.757 16.469 15.764 16.142 16.562 15.801 16.448 15.784 16.193 16.366 18/06/1994
14.808 14.813 14.838 14.500 15.065 14.683 14.552 14.753 15.424 15.220 14.585 14.794 15.443 15.289 15.352 14.981 15.799 15.479 15.309 15.380 15.152 15.763 15.246 15.547 15.646 15.404 15.825 15.466 15.639 15.412 19/06/1994
18.353 18.217 18.301 18.086 18.045 18.030 17.866 18.182 18.373 18.063 17.968 18.022 18.300 18.157 18.181 17.969 18.544 18.274 18.091 18.157 18.155 18.508 18.173 18.339 18.401 18.472 18.734 18.521 18.551 18.188 20/06/1994
21.776 21.296 21.127 20.606 20.438 21.069 20.903 20.992 20.447 19.879 20.986 20.768 20.673 20.483 20.038 20.933 20.967 20.354 20.143 20.027 20.566 20.910 20.418 20.456 19.999 20.334 20.564 20.186 20.143 19.700 21/06/1994
22.231 21.857 21.774 21.799 21.816 21.720 21.586 21.692 21.822 21.566 21.462 21.436 21.914 21.792 21.684 21.647 21.743 21.653 21.517 21.613 21.319 21.717 21.516 21.712 21.533 21.166 21.487 21.347 21.467 21.368 22/06/1994
20.139 20.021 20.070 19.329 19.641 19.970 19.910 20.020 19.785 19.601 19.763 19.925 20.094 20.050 19.726 20.162 20.702 19.941 19.828 19.773 20.399 20.671 20.190 19.961 19.898 20.699 20.684 20.217 20.058 19.775 23/06/1994
18.087 17.926 17.947 17.882 17.858 17.824 17.782 17.882 17.969 17.684 17.783 17.828 18.053 17.987 17.785 17.896 18.159 17.984 17.858 18.194 17.958 18.124 17.944 18.017 18.711 18.126 18.197 18.013 18.220 18.614 24/06/1994
16.683 16.741 16.639 15.973 16.229 16.536 16.374 16.498 16.676 16.607 16.660 16.618 16.852 16.652 16.801 17.247 17.780 16.854 16.589 16.653 17.585 17.762 16.851 16.969 17.050 17.904 17.902 17.260 17.173 16.692 25/06/1994
20.687 20.399 20.351 20.053 20.300 20.098 19.887 20.166 20.679 20.187 20.186 20.127 20.813 20.540 20.322 21.076 20.933 20.597 20.308 20.285 21.141 20.920 20.593 20.729 20.630 21.298 20.965 21.027 20.950 20.213 26/06/1994
22.153 21.998 21.718 21.029 21.344 21.766 21.581 21.576 22.302 21.251 21.734 21.659 22.623 22.478 21.322 22.621 22.515 22.347 22.191 22.051 22.562 22.488 22.407 22.418 22.122 22.475 22.429 22.529 22.411 21.875 27/06/1994
21.386 21.472 21.530 20.857 21.089 21.309 21.123 21.415 21.416 21.285 21.484 21.537 21.429 21.318 21.396 21.464 21.541 21.336 21.211 21.341 21.451 21.529 21.258 21.382 21.217 21.512 21.461 21.359 21.352 21.009 28/06/1994
22.644 22.599 22.519 22.293 21.705 22.380 22.161 22.376 23.245 22.069 22.533 22.555 23.289 23.103 22.283 22.038 22.181 23.402 23.143 23.224 22.199 22.143 23.268 23.505 23.482 22.288 22.296 23.671 23.583 23.133 29/06/1994
24.069 23.963 23.905 24.057 23.336 23.900 23.812 23.863 24.097 23.521 23.788 23.859 24.022 23.900 23.721 24.197 24.180 23.986 23.830 23.899 24.279 24.153 23.850 24.077 24.018 24.221 24.142 24.070 24.119 23.739 30/06/1994
21.613 21.579 21.724 21.659 21.823 21.433 21.319 21.634 22.239 22.063 21.356 21.604 22.165 22.035 22.143 21.688 22.131 22.175 22.048 22.174 21.815 22.105 21.993 22.253 22.267 22.027 22.223 22.200 22.236 22.083 01/07/1994
20.115 19.907 20.042 20.060 20.347 19.727 19.575 19.919 20.277 20.261 19.238 19.512 20.151 20.055 20.364 19.627 20.090 20.193 20.057 20.252 19.700 20.053 19.881 20.260 20.599 19.978 20.312 20.279 20.467 20.414 02/07/1994
19.272 19.465 19.319 18.828 19.436 19.230 19.007 19.161 19.542 19.464 19.522 19.498 19.591 19.482 19.591 19.449 19.983 19.800 19.649 19.562 19.721 19.938 19.882 19.863 19.972 20.017 20.108 20.099 20.106 19.785 03/07/1994
18.070 17.778 17.922 17.614 18.851 17.603 17.509 17.815 18.532 18.802 17.506 17.711 18.555 18.476 18.917 17.782 18.354 18.541 18.421 18.450 17.971 18.340 18.470 18.595 18.687 18.267 18.498 18.821 18.788 18.528 04/07/1994
18.692 19.093 19.128 18.766 18.631 18.968 18.850 19.027 19.505 18.972 19.286 19.375 19.459 19.352 19.160 19.365 20.084 19.742 19.604 19.648 19.788 20.056 19.680 19.779 19.901 20.012 20.221 19.920 19.885 19.754 05/07/1994
16.980 16.764 16.730 15.432 15.632 16.661 16.587 16.654 16.102 15.730 16.568 16.602 16.270 16.153 15.909 16.826 16.388 16.218 16.065 16.009 16.763 16.365 16.049 16.262 16.281 16.760 16.452 16.247 16.353 16.101 06/07/1994
16.894 16.785 16.714 15.786 15.694 16.700 16.637 16.641 16.149 15.615 16.649 16.635 16.310 16.209 15.793 16.743 16.927 16.307 16.177 16.090 16.701 16.931 16.387 16.332 16.564 16.750 16.944 16.529 16.551 16.385 07/07/1994
17.142 16.938 16.889 16.534 16.830 16.755 16.599 16.781 17.116 16.953 16.861 16.907 17.035 16.993 17.087 16.811 17.053 17.142 17.072 17.132 16.944 17.045 17.034 17.171 17.293 17.059 17.176 17.205 17.298 17.203 08/07/1994
18.069 18.109 17.775 16.830 16.277 17.906 17.770 17.650 16.745 16.531 18.114 18.021 16.823 16.767 16.671 17.658 17.951 16.981 16.824 16.824 17.644 17.911 16.978 17.007 17.088 17.738 18.174 17.303 17.215 16.884 09/07/1994
16.572 16.491 16.512 16.279 16.736 16.286 16.106 16.397 16.787 17.081 16.613 16.691 16.778 16.641 17.218 16.538 17.570 17.044 16.834 16.919 16.738 17.520 16.871 17.118 17.251 17.024 17.797 17.185 17.282 16.951 10/07/1994
16.771 16.719 16.606 16.589 16.936 16.562 16.418 16.511 16.761 17.048 16.708 16.664 16.832 16.739 17.191 16.424 16.841 16.866 16.744 16.730 16.538 16.814 16.834 16.925 16.867 16.584 16.890 17.024 16.989 16.683 11/07/1994
17.984 18.033 17.833 17.273 17.101 17.853 17.737 17.734 17.622 17.230 17.963 17.976 17.776 17.684 17.322 17.738 18.092 17.836 17.692 17.595 17.792 18.077 17.816 17.892 17.820 17.910 18.183 18.044 18.012 17.612 12/07/1994
18.633 18.430 18.199 17.846 17.773 18.245 18.115 18.068 17.800 17.524 18.211 18.213 18.034 17.887 17.618 18.048 18.087 17.947 17.779 17.674 18.216 18.064 17.995 18.004 18.066 18.476 18.260 18.407 18.306 17.805 13/07/1994
19.780 19.780 19.643 18.900 18.982 19.464 19.278 19.438 18.996 18.884 19.476 19.490 19.236 19.034 18.969 19.319 19.515 19.029 18.853 18.770 19.493 19.469 19.087 19.136 18.954 19.821 19.410 19.355 19.203 18.674 14/07/1994
19.716 19.733 19.628 19.026 19.085 19.529 19.363 19.499 19.330 19.008 19.476 19.466 19.553 19.430 19.088 19.810 19.563 19.204 19.091 19.085 19.729 19.546 19.255 19.263 19.062 19.595 19.351 19.193 19.131 18.888 15/07/1994
18.825 18.968 18.730 17.989 17.521 18.854 18.762 18.679 17.701 17.636 19.026 18.948 18.156 18.028 17.688 18.908 18.622 17.933 17.764 17.529 19.027 18.589 18.275 18.006 17.657 18.951 18.501 18.274 18.078 17.437 16/07/1994
19.511 19.576 19.294 19.013 19.076 19.411 19.215 19.186 19.093 19.136 19.408 19.372 19.498 19.299 19.319 19.031 19.059 19.205 18.973 18.855 18.952 19.031 19.368 19.296 19.048 18.834 18.826 19.355 19.264 18.691 17/07/1994
20.401 20.362 20.370 19.007 20.068 20.201 19.951 20.265 20.046 20.017 20.169 20.247 20.135 19.930 20.039 20.047 19.821 20.032 19.802 19.875 20.185 19.760 20.018 20.126 20.361 20.351 19.857 20.227 20.267 20.060 18/07/1994
21.582 21.673 21.747 20.616 22.878 21.526 21.411 21.635 23.189 23.237 21.708 21.760 22.904 22.850 23.247 22.543 22.277 23.085 22.986 23.174 22.567 22.264 22.916 23.117 23.037 22.637 22.424 23.200 23.091 22.920 19/07/1994
24.299 24.491 24.603 25.271 24.950 24.369 24.229 24.516 25.429 25.198 24.521 24.688 25.391 25.242 25.268 24.120 24.228 25.526 25.331 25.432 24.356 24.183 25.299 25.590 25.567 24.628 24.307 25.718 25.729 25.300 20/07/1994
23.142 22.900 22.914 23.523 23.111 22.864 22.780 22.901 23.744 23.313 23.035 22.991 23.587 23.461 23.414 23.349 23.625 23.736 23.577 23.941 23.451 23.622 23.480 23.798 24.437 23.589 23.863 23.942 24.074 24.133 21/07/1994
22.747 22.580 22.463 22.041 22.486 22.503 22.449 22.429 22.697 22.469 22.388 22.427 22.782 22.732 22.509 22.956 23.045 22.644 22.534 22.563 22.976 23.027 22.669 22.661 22.740 23.029 23.029 22.726 22.706 22.588 22/07/1994
21.599 21.365 21.275 20.900 22.312 21.168 21.001 21.174 22.381 22.279 21.110 21.150 22.450 22.423 22.296 21.554 21.124 22.316 22.223 22.249 21.442 21.149 22.280 22.353 22.343 21.379 21.033 22.277 22.304 22.232 23/07/1994
22.473 22.324 22.282 22.018 22.386 22.156 22.022 22.160 22.297 22.401 22.160 22.181 22.348 22.230 22.504 21.533 22.035 22.324 22.183 22.197 21.609 22.008 22.227 22.383 22.321 21.594 22.086 22.353 22.347 22.167 24/07/1994
22.787 22.577 22.574 21.641 22.337 22.323 22.154 22.402 22.624 22.222 22.370 22.413 22.575 22.563 22.344 22.000 22.542 22.582 22.593 22.666 22.047 22.512 22.532 22.593 22.856 22.346 22.562 22.597 22.690 22.823 25/07/1994
23.768 23.653 23.686 22.630 22.404 23.538 23.402 23.583 23.042 22.469 23.410 23.616 23.226 23.003 22.583 23.625 24.201 23.116 22.896 22.868 23.744 24.185 23.071 23.210 23.179 23.757 24.161 23.330 23.326 22.898 26/07/1994
23.587 23.522 23.439 22.885 22.760 23.304 23.086 23.302 23.168 22.921 23.421 23.409 23.123 23.005 23.023 22.669 23.513 23.126 23.012 23.151 22.949 23.464 23.066 23.176 23.100 23.153 23.607 23.236 23.171 22.894 27/07/1994
24.048 23.994 23.970 23.748 24.127 23.848 23.757 23.870 23.938 24.097 23.859 23.871 24.053 23.969 24.064 23.751 24.050 23.888 23.820 23.871 23.940 24.026 23.827 23.895 23.885 24.068 24.042 23.893 23.909 23.788 28/07/1994
23.973 24.012 24.157 24.079 23.549 23.993 23.988 24.143 23.714 23.568 23.608 23.799 23.396 23.353 23.603 22.715 23.319 23.163 23.137 23.528 22.862 23.302 22.936 23.191 23.364 22.931 23.259 22.951 22.992 23.279 29/07/1994
21.729 21.826 21.723 21.312 21.399 21.746 21.699 21.675 21.895 21.506 21.548 21.598 21.978 21.865 21.626 21.435 21.941 21.919 21.819 21.830 21.504 21.911 21.790 21.954 22.163 21.761 21.988 21.910 22.078 22.035 30/07/1994
20.814 20.871 20.819 20.387 20.573 20.765 20.655 20.762 21.078 20.663 20.761 20.833 21.133 20.971 20.748 20.884 21.242 20.880 20.776 20.804 20.854 21.185 20.894 20.923 21.545 21.122 21.355 21.102 21.387 21.333 31/07/1994
