# 6448 6449 6450 6451 6452 6528 6529 6530 6531 6532 6610 6611 6612 6613 6614 6693 6694 6695 6696 6697 6776 6777 6778 6779 6780 6859 6860 6861 6862 6863 Date
0.000 0.000 0.000 0.000 0.000 0.000 0.000 0.000 0.000 0.000 0.000 0.000 0.000 0.000 0.000 0.000 0.000 0.000 0.000 0.000 0.000 0.000 0.000 0.000 0.000 0.000 0.000 0.000 0.000 0.000 01/08/1975
0.000 0.000 0.000 0.000 0.000 0.000 0.000 0.000 0.000 0.000 0.000 0.000 0.000 0.000 0.000 0.000 0.000 0.000 0.000 0.000 0.000 0.000 0.000 0.000 0.000 0.000 0.000 0.000 0.000 0.000 02/08/1975
0.000 0.000 0.000 0.000 0.000 0.000 0.000 0.000 0.000 0.000 0.000 0.000 0.000 0.000 0.000 0.000 0.000 0.000 0.000 0.000 0.000 0.000 0.000 0.000 0.000 0.000 0.000 0.000 0.000 0.000 03/08/1975
0.000 0.000 0.000 0.000 0.000 0.000 0.000 0.000 0.000 0.000 0.000 0.000 0.000 0.000 0.000 0.000 0.000 0.000 0.000 0.000 0.000 0.000 0.000 0.000 0.000 0.000 0.000 0.000 0.000 0.000 04/08/1975
0.000 0.000 0.000 0.000 0.000 0.000 0.000 0.000 0.000 0.000 0.000 0.000 0.000 0.000 0.000 0.000 0.000 0.000 0.000 0.000 0.000 0.000 0.000 0.000 0.000 0.000 0.000 0.000 0.000 0.000 05/08/1975
0.000 0.000 0.000 0.000 0.000 0.000 0.000 0.000 0.000 0.000 0.000 0.000 0.000 0.000 0.000 0.000 0.000 0.000 0.000 0.000 0.000 0.000 0.000 0.000 0.000 0.000 0.000 0.000 0.000 0.000 06/08/1975
0.000 0.000 0.000 0.000 0.000 0.000 0.000 0.000 0.000 0.000 0.000 0.000 0.000 0.000 0.000 0.000 0.000 0.000 0.000 0.000 0.000 0.000 0.000 0.000 0.000 0.000 0.000 0.000 0.000 0.000 07/08/1975
0.000 0.000 0.000 0.000 0.000 0.000 0.000 0.000 0.000 0.000 0.000 0.000 0.000 0.000 0.000 0.000 0.000 0.000 0.000 0.000 0.000 0.000 0.000 0.000 0.000 0.000 0.000 0.000 0.000 0.000 08/08/1975
0.000 0.000 0.000 0.000 0.000 0.000 0.000 0.000 0.000 0.000 0.000 0.000 0.000 0.000 0.000 0.000 0.000 0.000 0.000 0.000 0.000 0.000 0.000 0.000 0.000 0.000 0.000 0.000 0.000 0.000 09/08/1975
0.000 0.000 0.000 0.000 0.000 0.000 0.000 0.000 0.000 0.000 0.000 0.000 0.000 0.000 0.000 0.000 0.000 0.000 0.000 0.000 0.000 0.000 0.000 0.000 0.000 0.000 0.000 0.000 0.000 0.000 10/08/1975
0.000 0.000 0.000 0.000 0.000 0.000 0.000 0.000 0.000 0.000 0.000 0.000 0.000 0.000 0.000 0.000 0.000 0.000 0.000 0.000 0.000 0.000 0.000 0.000 0.000 0.000 0.000 0.000 0.000 0.000 11/08/1975
0.000 0.000 0.000 0.000 0.000 0.000 0.000 0.000 0.000 0.000 0.000 0.000 0.000 0.000 0.000 0.000 0.000 0.000 0.000 0.000 0.000 0.000 0.000 0.000 0.000 0.000 0.000 0.000 0.000 0.000 12/08/1975
0.000 0.000 0.000 0.000 0.000 0.000 0.000 0.000 0.000 0.000 0.000 0.000 0.000 0.000 0.000 0.000 0.000 0.000 0.000 0.000 0.000 0.000 0.000 0.000 0.000 0.000 0.000 0.000 0.000 0.000 13/08/1975
0.000 0.141 0.000 0.237 0.170 0.144 0.146 0.000 0.830 1.024 0.368 0.196 0.367 0.370 1.017 0.329 0.725 0.331 0.336 0.878 0.549 0.727 0.848 0.329 0.882 1.648 0.621 0.722 0.912 0.899 14/08/1975
20.992 21.676 19.067 18.719 20.305 21.954 22.180 19.219 19.085 20.646 23.180 21.829 18.883 19.052 20.470 22.299 23.005 19.979 20.195 22.027 20.524 23.063 26.199 19.888 24.830 21.832 23.745 26.812 22.367 25.223 15/08/1975
6.571 2.806 3.074 1.994 2.055 2.841 2.869 3.098 0.942 1.301 2.109 1.782 1.569 1.583 1.289 1.916 1.208 0.960 0.971 0.579 0.860 1.211 1.329 0.958 0.447 0.870 2.586 2.971 0.878 0.468 16/08/1975
0.000 0.227 0.115 0.000 0.000 0.230 0.232 0.117 0.000 0.000 0.000 0.112 0.000 0.000 0.000 0.000 0.000 0.000 0.000 0.000 0.000 0.000 0.000 0.000 0.000 0.000 0.000 0.000 0.000 0.000 17/08/1975
3.788 4.612 4.337 4.258 4.268 4.669 4.716 4.367 2.802 3.519 2.610 2.856 2.752 2.776 3.489 2.297 1.109 1.119 1.130 1.484 1.150 1.111 1.241 1.116 1.080 0.972 0.824 0.889 0.871 1.094 18/08/1975
1.490 1.736 1.652 1.756 1.694 1.758 1.775 1.665 1.420 1.733 1.211 1.351 1.429 1.442 1.719 0.980 0.761 0.894 0.909 1.288 0.657 0.763 0.866 0.890 1.023 0.498 0.414 0.579 0.699 1.036 19/08/1975
0.767 0.582 0.723 0.401 0.368 0.589 0.595 0.723 0.177 0.231 0.294 0.382 0.264 0.269 0.230 0.257 0.110 0.165 0.165 0.139 0.166 0.110 0.152 0.165 0.143 0.181 0.000 0.126 0.148 0.146 20/08/1975
0.000 0.000 0.000 0.000 0.000 0.000 0.000 0.000 0.000 0.000 0.000 0.000 0.000 0.000 0.000 0.000 0.000 0.000 0.000 0.000 0.000 0.000 0.000 0.000 0.000 0.000 0.000 0.000 0.000 0.000 21/08/1975
0.000 0.000 0.000 0.000 0.000 0.000 0.000 0.000 0.000 0.000 0.000 0.000 0.000 0.000 0.000 0.000 0.000 0.000 0.000 0.000 0.000 0.000 0.000 0.000 0.000 0.000 0.000 0.000 0.000 0.000 22/08/1975
0.919 0.385 0.663 0.828 1.055 0.409 0.428 0.664 0.431 0.600 0.383 0.414 0.414 0.418 0.593 0.299 0.226 0.201 0.202 0.163 0.312 0.227 0.395 0.201 0.111 0.130 0.100 0.129 0.112 0.112 23/08/1975
0.000 0.000 0.000 0.000 0.000 0.000 0.000 0.000 0.000 0.000 0.000 0.000 0.000 0.000 0.000 0.000 0.000 0.000 0.000 0.000 0.000 0.000 0.000 0.000 0.000 0.000 0.000 0.000 0.000 0.000 24/08/1975
0.000 0.000 0.000 0.000 0.000 0.000 0.000 0.000 0.000 0.000 0.000 0.000 0.000 0.000 0.000 0.000 0.000 0.000 0.000 0.000 0.000 0.000 0.000 0.000 0.000 0.000 0.000 0.000 0.000 0.000 25/08/1975
0.000 0.000 0.000 0.000 0.000 0.000 0.000 0.000 0.000 0.000 0.000 0.000 0.000 0.000 0.000 0.000 0.000 0.000 0.000 0.000 0.577 0.000 0.121 0.000 1.166 2.726 1.267 1.436 0.763 1.181 26/08/1975
0.114 0.108 0.000 0.000 0.000 0.110 0.111 0.000 0.000 0.000 0.100 0.000 0.000 0.000 0.000 0.105 0.000 0.000 0.000 0.000 0.000 0.000 0.000 0.000 0.000 0.000 0.000 0.000 0.000 0.000 27/08/1975
0.206 0.000 0.000 0.114 0.000 0.000 0.000 0.000 0.455 0.554 0.000 0.000 0.125 0.128 0.548 0.000 0.104 0.366 0.369 0.141 0.000 0.104 0.140 0.364 0.133 0.121 0.000 0.111 0.000 0.137 28/08/1975
1.221 1.490 1.111 0.473 0.451 1.509 1.524 1.120 0.122 0.116 1.019 0.929 0.429 0.438 0.116 0.802 0.000 0.000 0.000 0.000 0.000 0.000 0.000 0.000 0.000 0.000 0.000 0.000 0.000 0.000 29/08/1975
0.000 0.000 0.000 0.000 0.000 0.000 0.000 0.000 0.000 0.000 0.000 0.000 0.000 0.000 0.000 0.000 0.000 0.000 0.000 0.000 0.000 0.000 0.000 0.000 0.000 0.000 0.000 0.000 0.000 0.000 30/08/1975
0.000 0.000 0.000 0.000 0.000 0.000 0.000 0.000 0.000 0.000 0.000 0.000 0.000 0.000 0.000 0.000 0.000 0.000 0.000 0.000 0.000 0.000 0.000 0.000 0.000 0.000 0.000 0.000 0.000 0.000 31/08/1975
0.000 0.000 0.000 0.104 0.000 0.000 0.000 0.000 0.147 0.100 0.000 0.000 0.000 0.000 0.100 0.000 0.131 0.259 0.260 1.099 0.000 0.131 0.127 0.258 2.109 0.368 0.691 0.926 1.737 2.141 01/09/1975
2.949 1.808 1.043 1.237 1.307 1.826 1.841 1.050 1.000 1.386 1.764 1.578 1.379 1.391 1.376 1.777 1.229 1.763 1.779 1.813 1.720 1.232 1.558 1.756 2.000 3.581 3.060 3.614 1.900 2.026 02/09/1975
0.486 0.772 1.476 1.066 0.957 0.776 0.779 1.487 0.748 0.701 0.291 0.292 0.480 0.479 0.696 0.345 0.149 0.256 0.257 0.295 0.188 0.149 0.228 0.255 0.373 0.121 0.108 0.154 0.395 0.378 03/09/1975
2.220 2.306 3.650 4.538 5.325 2.307 2.325 3.679 4.297 4.994 3.016 3.721 4.387 4.706 4.942 3.220 5.694 5.576 5.630 5.974 5.670 5.708 6.161 5.551 7.622 5.736 5.662 6.088 6.745 7.723 04/09/1975
5.802 6.835 5.889 5.517 6.237 6.921 6.986 5.936 4.879 5.571 7.771 8.405 6.774 6.839 5.526 7.980 3.658 4.488 4.539 6.127 5.416 3.665 4.623 4.467 9.282 4.334 3.897 4.755 6.412 9.423 05/09/1975
0.166 0.159 0.185 0.185 0.000 0.160 0.162 0.186 0.170 0.100 0.201 0.271 0.211 0.212 0.100 0.202 0.197 0.208 0.208 0.149 0.284 0.197 0.222 0.208 0.000 0.309 0.177 0.192 0.148 0.000 06/09/1975
1.075 1.038 1.279 1.558 1.577 1.043 1.050 1.278 1.422 1.677 1.602 1.198 1.339 1.351 1.667 1.676 1.376 1.838 1.851 1.833 1.694 1.378 1.753 1.833 2.041 1.409 1.222 1.530 1.842 2.070 07/09/1975
4.623 4.380 5.539 7.221 8.060 4.433 4.477 5.584 6.548 7.305 4.603 4.449 5.275 5.323 7.244 4.972 4.727 5.871 5.928 6.627 5.305 4.736 5.822 5.847 6.120 5.732 5.277 6.153 6.193 6.215 08/09/1975
6.351 6.839 7.513 7.504 8.415 6.924 6.992 7.573 7.216 8.227 4.106 4.697 6.581 6.640 8.161 4.369 3.033 3.945 3.986 4.355 3.451 3.040 3.639 3.930 2.817 2.632 2.247 2.673 2.694 2.844 09/09/1975
0.000 0.000 0.000 0.000 0.000 0.000 0.000 0.000 0.000 0.000 0.000 0.000 0.000 0.000 0.000 0.000 0.000 0.000 0.000 0.000 0.000 0.000 0.111 0.000 0.000 0.107 0.079 0.128 0.103 0.000 10/09/1975
0.000 0.000 0.000 0.000 0.000 0.000 0.000 0.000 0.000 0.000 0.000 0.000 0.000 0.000 0.000 0.000 0.000 0.000 0.000 0.000 0.000 0.000 0.000 0.000 0.000 0.108 0.000 0.000 0.000 0.000 11/09/1975
0.000 0.000 0.000 0.000 0.000 0.000 0.000 0.000 0.000 0.000 0.000 0.000 0.000 0.000 0.000 0.000 0.000 0.000 0.000 0.000 0.000 0.000 0.000 0.000 0.000 0.000 0.000 0.000 0.000 0.000 12/09/1975
0.124 0.128 0.112 0.144 0.000 0.128 0.129 0.106 0.105 0.000 0.000 0.000 0.105 0.105 0.000 0.000 0.000 0.117 0.120 0.111 0.000 0.000 0.110 0.117 0.168 0.107 0.137 0.169 0.238 0.169 13/09/1975
0.000 0.000 0.000 0.000 0.000 0.000 0.000 0.000 0.000 0.000 0.000 0.000 0.000 0.000 0.000 0.000 0.000 0.000 0.000 0.000 0.000 0.000 0.000 0.000 0.000 0.000 0.000 0.000 0.000 0.000 14/09/1975
1.369 2.183 1.941 2.115 2.516 2.209 2.268 1.955 2.569 2.549 2.561 2.505 2.472 2.507 2.527 2.048 2.317 2.980 3.014 2.567 2.453 2.322 3.168 2.841 3.467 3.269 3.330 4.259 3.561 3.506 15/09/1975
2.646 2.770 3.044 3.952 4.189 2.797 2.849 3.067 3.869 3.624 2.637 2.922 3.709 3.735 3.593 2.111 2.455 3.632 3.662 3.603 1.847 2.461 3.327 3.619 3.927 1.695 2.538 3.382 3.742 3.979 16/09/1975
0.111 0.100 0.104 0.134 0.000 0.100 0.100 0.106 0.120 0.000 0.000 0.000 0.133 0.134 0.000 0.000 0.000 0.122 0.122 0.119 0.000 0.000 0.000 0.123 0.131 0.000 0.000 0.114 0.133 0.131 17/09/1975
0.239 0.218 0.219 0.593 0.266 0.383 0.220 0.220 0.251 0.207 0.271 0.133 0.186 0.185 0.207 0.115 0.000 0.187 0.186 0.201 0.107 0.000 0.133 0.187 0.236 0.092 0.107 0.135 0.187 0.240 18/09/1975
1.148 1.183 1.392 1.822 2.084 1.192 1.204 1.400 1.572 1.785 1.504 1.275 1.524 1.545 1.772 1.637 1.626 1.560 1.583 1.483 2.064 1.628 1.915 1.554 1.856 2.981 1.881 2.123 2.003 1.883 19/09/1975
0.000 0.000 0.000 0.000 0.000 0.000 0.000 0.000 0.000 0.000 0.000 0.000 0.000 0.000 0.000 0.000 0.000 0.000 0.000 0.000 0.000 0.000 0.000 0.000 0.000 0.000 0.000 0.000 0.000 0.000 20/09/1975
0.000 0.000 0.000 0.000 0.000 0.000 0.000 0.000 0.000 0.000 0.000 0.000 0.000 0.000 0.000 0.000 0.000 0.000 0.000 0.000 0.000 0.000 0.000 0.000 0.000 0.000 0.000 0.000 0.000 0.000 21/09/1975
0.000 0.000 0.000 0.000 0.000 0.000 0.000 0.000 0.000 0.000 0.000 0.000 0.000 0.278 0.000 0.000 0.000 0.000 0.000 0.000 0.000 0.000 0.000 0.000 0.000 0.000 0.000 0.000 0.000 0.000 22/09/1975
0.135 0.000 0.145 0.602 0.275 0.000 0.000 0.147 0.444 0.381 0.000 0.000 0.000 0.000 0.371 0.000 0.000 0.182 0.181 0.804 0.000 0.000 0.000 0.182 1.305 0.000 0.102 0.132 0.402 1.322 23/09/1975
4.151 5.741 5.676 4.150 4.547 5.805 5.855 5.716 4.003 4.660 6.090 4.390 5.961 5.960 4.580 6.247 3.060 2.396 2.414 3.639 4.376 3.067 4.054 2.389 5.620 3.950 2.775 3.455 4.187 5.700 24/09/1975
1.623 1.266 0.938 0.748 0.491 1.281 1.292 0.946 0.553 0.471 2.220 1.207 0.951 0.960 0.464 2.329 1.032 0.901 0.912 0.804 2.338 1.035 1.488 0.897 0.917 3.538 1.628 1.906 1.343 0.931 25/09/1975
6.293 6.555 5.727 6.110 7.631 6.638 6.703 5.766 6.113 6.631 8.270 8.708 7.881 7.999 6.575 8.689 7.121 10.999 11.116 6.761 8.878 7.138 8.100 10.950 7.673 9.253 10.091 11.083 8.988 7.774 26/09/1975
0.451 0.347 0.485 0.905 0.703 0.338 0.338 0.488 0.973 0.917 0.247 0.350 0.780 0.787 0.910 0.278 0.570 1.278 1.292 1.501 0.680 0.571 0.865 1.272 1.592 0.589 0.834 1.177 1.381 1.619 27/09/1975
0.000 0.000 0.000 0.000 0.000 0.000 0.000 0.000 0.000 0.000 0.000 0.000 0.000 0.000 0.000 0.000 0.000 0.000 0.000 0.000 0.000 0.000 0.000 0.000 0.000 0.000 0.000 0.000 0.000 0.000 28/09/1975
0.000 0.000 0.000 0.000 0.000 0.000 0.000 0.000 0.000 0.000 0.000 0.000 0.000 0.000 0.000 0.000 0.000 0.000 0.000 0.000 0.000 0.000 0.000 0.000 0.000 0.000 0.000 0.000 0.000 0.000 29/09/1975
0.362 0.250 0.317 0.525 0.218 0.247 0.249 0.319 0.332 0.277 1.079 0.323 0.288 0.291 0.274 1.004 0.317 0.233 0.236 0.226 0.000 0.319 0.508 0.232 0.819 0.126 0.926 1.310 0.972 0.832 30/09/1975
5.593 6.375 6.947 6.696 8.379 6.456 6.521 7.000 6.129 6.658 4.890 4.831 6.648 6.707 6.602 5.102 3.816 5.073 5.113 4.820 4.417 3.823 4.787 5.052 8.452 4.479 4.233 4.993 6.372 8.576 01/10/1975
1.171 1.717 2.125 3.173 3.652 1.737 1.744 2.126 3.235 3.884 1.245 1.736 2.511 2.530 3.852 1.290 1.079 1.926 1.946 2.412 0.826 1.081 1.506 1.917 1.815 1.124 1.191 1.593 2.463 1.842 02/10/1975
0.000 0.000 0.000 0.000 0.000 0.000 0.000 0.000 0.000 0.000 0.000 0.000 0.000 0.000 0.000 0.000 0.000 0.000 0.061 0.000 0.000 0.000 0.000 0.000 0.000 0.000 0.000 0.000 0.000 0.000 03/10/1975
0.000 0.000 0.000 0.000 0.000 0.163 0.000 0.000 0.000 0.000 0.000 0.000 0.000 0.000 0.000 0.000 0.000 0.000 0.000 0.000 0.000 0.000 0.000 0.000 0.000 0.000 0.000 0.000 0.000 0.000 04/10/1975
0.000 0.000 0.000 0.000 0.000 0.000 0.000 0.000 0.000 0.000 0.000 0.000 0.000 0.000 0.000 0.000 0.000 0.000 0.000 0.000 0.000 0.000 0.000 0.000 0.000 0.000 0.000 0.000 0.000 0.000 05/10/1975
0.000 0.000 0.000 0.000 0.000 0.000 0.000 0.000 0.000 0.000 0.000 0.000 0.000 0.000 0.000 0.000 0.000 0.000 0.000 0.000 0.000 0.000 0.000 0.000 0.000 0.000 0.000 0.000 0.000 0.000 06/10/1975
1.886 1.589 1.775 1.982 2.051 1.605 1.621 1.785 1.760 2.109 1.562 2.291 2.041 2.058 2.093 1.556 2.454 2.405 2.428 1.805 2.372 2.458 3.021 2.396 1.916 2.325 2.556 3.115 2.092 1.937 07/10/1975
0.106 0.174 0.153 0.000 0.000 0.175 0.177 0.154 0.000 0.000 0.248 0.211 0.144 0.144 0.000 0.296 0.158 0.148 0.151 0.110 0.318 0.159 0.169 0.148 0.430 0.372 0.180 0.199 0.327 0.438 08/10/1975
0.000 0.000 0.000 0.100 0.000 0.000 0.000 0.000 0.000 0.000 0.000 0.000 0.000 0.000 0.000 0.000 0.000 0.000 0.000 0.000 0.000 0.000 0.000 0.000 0.000 0.000 0.000 0.000 0.000 0.000 09/10/1975
3.337 3.184 3.464 4.614 4.769 3.224 3.257 3.488 3.766 4.338 4.828 6.502 3.790 3.823 4.301 5.161 4.171 5.629 5.685 4.580 3.436 4.181 4.767 5.606 3.882 2.836 2.977 3.547 5.882 3.935 10/10/1975
5.627 4.929 5.710 6.629 8.307 4.987 5.033 5.749 6.095 6.599 3.898 4.292 4.852 4.877 6.543 4.225 3.128 4.330 4.381 4.784 3.444 3.136 4.173 4.309 4.273 3.269 3.086 4.013 4.238 4.341 11/10/1975
0.000 0.000 0.000 0.000 0.000 0.000 0.000 0.163 0.000 0.000 0.000 0.000 0.000 0.000 0.000 0.000 0.000 0.000 0.000 0.000 0.000 0.000 0.000 0.000 0.000 0.000 0.000 0.000 0.000 0.000 12/10/1975
0.365 0.197 0.191 0.198 0.100 0.197 0.197 0.191 0.135 0.000 0.100 0.100 0.135 0.135 0.000 0.102 0.000 0.000 0.000 0.000 0.000 0.000 0.000 0.000 0.000 0.000 0.000 0.000 0.000 0.000 13/10/1975
0.103 0.144 0.159 0.310 0.111 0.146 0.147 0.160 0.320 0.282 0.223 0.288 0.328 0.331 0.280 0.213 0.454 0.439 0.442 0.405 0.423 0.455 0.461 0.437 0.494 0.459 0.547 0.572 0.449 0.500 14/10/1975
0.000 0.000 0.000 0.000 0.000 0.000 0.000 0.000 0.000 0.000 0.000 0.000 0.000 0.000 0.000 0.000 0.000 0.000 0.000 0.000 0.000 0.000 0.000 0.000 0.000 0.000 0.000 0.000 0.000 0.000 15/10/1975
0.000 0.000 0.000 0.000 0.000 0.000 0.000 0.000 0.000 0.000 0.000 0.000 0.000 0.000 0.000 0.000 0.000 0.000 0.000 0.000 0.000 0.000 0.000 0.000 0.000 0.027 0.000 0.000 0.000 0.000 16/10/1975
0.000 0.000 0.000 0.000 0.000 0.000 0.000 0.000 0.000 0.000 0.000 0.000 0.000 0.000 0.000 0.000 0.000 0.000 0.000 0.000 0.000 0.000 0.000 0.000 0.000 0.000 0.000 0.000 0.000 0.000 17/10/1975
0.000 0.000 0.000 0.000 0.000 0.000 0.000 0.000 0.000 0.000 0.000 0.000 0.000 0.000 0.000 0.000 0.000 0.000 0.000 0.000 0.000 0.000 0.000 0.000 0.000 0.000 0.000 0.000 0.000 0.000 18/10/1975
0.000 0.000 0.000 0.000 0.000 0.000 0.000 0.000 0.000 0.000 0.000 0.000 0.000 0.000 0.000 0.000 0.000 0.000 0.000 0.000 0.000 0.000 0.000 0.000 0.000 0.000 0.000 0.000 0.000 0.000 19/10/1975
0.000 0.000 0.000 0.000 0.000 0.000 0.000 0.000 0.000 0.000 0.000 0.000 0.000 0.000 0.000 0.000 0.000 0.000 0.000 0.000 0.000 0.000 0.000 0.000 0.000 0.000 0.000 0.000 0.000 0.000 20/10/1975
0.000 0.000 0.000 0.000 0.000 0.000 0.000 0.000 0.000 0.000 0.000 0.000 0.000 0.000 0.000 0.000 0.000 0.000 0.000 0.000 0.000 0.000 0.000 0.000 0.000 0.000 0.000 0.000 0.000 0.000 21/10/1975
2.445 2.353 2.488 2.683 3.169 2.363 2.382 2.507 2.096 2.420 2.642 2.218 2.185 2.204 2.399 2.772 2.424 2.217 2.241 1.762 2.268 2.430 3.148 2.207 1.936 1.995 1.761 2.011 2.072 1.966 22/10/1975
0.000 0.000 0.000 0.000 0.000 0.000 0.000 0.000 0.000 0.000 0.000 0.000 0.000 0.000 0.000 0.000 0.000 0.000 0.000 0.000 0.000 0.000 0.000 0.000 0.000 0.000 0.000 0.000 0.000 0.000 23/10/1975
0.000 0.000 0.000 0.000 0.000 0.000 0.000 0.000 0.000 0.000 0.000 0.000 0.000 0.000 0.000 0.000 0.000 0.000 0.000 0.000 0.000 0.000 0.000 0.000 0.000 0.000 0.000 0.000 0.000 0.000 24/10/1975
0.000 0.000 0.000 0.000 0.000 0.000 0.000 0.000 0.000 0.000 0.000 0.000 0.000 0.000 0.000 0.000 0.000 0.000 0.000 0.000 0.000 0.000 0.000 0.000 0.000 0.000 0.000 0.000 0.000 0.000 25/10/1975
7.119 7.427 7.046 6.443 7.133 7.522 7.595 7.102 5.300 6.381 8.610 7.399 6.098 6.154 6.332 8.999 5.450 4.731 4.782 3.877 8.284 5.463 6.346 4.710 3.270 6.866 4.678 5.663 3.910 3.322 26/10/1975
8.216 7.591 6.614 6.792 7.563 7.687 7.759 6.664 5.997 6.791 8.610 8.105 6.240 6.296 6.735 8.999 6.056 5.629 5.685 6.061 6.942 6.070 6.823 5.606 6.467 6.602 7.029 8.174 6.037 6.566 27/10/1975
9.058 8.029 6.888 6.503 7.225 8.131 8.214 6.942 6.795 7.605 9.181 9.287 7.738 7.809 7.540 9.500 7.359 8.525 8.619 6.355 9.970 7.376 8.689 8.485 6.425 8.407 6.038 6.721 7.465 6.523 28/10/1975
2.429 2.419 3.021 3.788 3.923 2.446 2.468 3.045 3.387 3.972 1.783 2.092 2.723 2.747 3.940 1.786 1.370 2.109 2.131 2.658 1.362 1.372 1.749 2.100 1.469 0.859 0.766 0.991 1.343 1.491 29/10/1975
1.685 1.218 1.466 1.934 1.929 1.216 1.215 1.452 1.312 1.588 0.636 0.886 0.908 0.913 1.575 0.717 0.245 0.399 0.404 0.600 0.437 0.246 0.278 0.397 0.211 0.297 0.170 0.178 0.182 0.212 30/10/1975
2.819 1.123 1.566 2.170 2.544 1.107 1.107 1.578 1.365 1.630 0.303 0.599 0.868 0.872 1.618 0.349 0.187 0.280 0.282 0.416 0.291 0.187 0.208 0.279 0.209 0.270 0.174 0.182 0.194 0.210 31/10/1975
0.000 0.000 0.000 0.000 0.000 0.000 0.000 0.000 0.000 0.000 0.000 0.000 0.000 0.000 0.000 0.000 0.000 0.000 0.000 0.000 0.000 0.000 0.000 0.000 0.000 0.000 0.000 0.000 0.000 0.000 01/11/1975
0.000 0.000 0.000 0.000 0.000 0.000 0.000 0.000 0.000 0.000 0.000 0.000 0.000 0.000 0.000 0.000 0.000 0.000 0.000 0.000 0.000 0.000 0.000 0.000 0.000 0.000 0.000 0.000 0.000 0.000 02/11/1975
3.343 1.486 1.095 0.914 0.838 1.488 1.503 1.097 0.147 0.100 0.877 0.339 0.154 0.157 0.000 0.865 0.000 0.000 0.000 0.000 0.127 0.000 0.000 0.000 0.000 0.108 0.132 0.127 0.000 0.000 03/11/1975
0.770 0.535 0.718 1.106 1.020 0.539 0.542 0.720 1.352 1.373 0.233 0.318 0.644 0.642 1.362 0.239 0.628 1.412 1.486 1.984 0.610 0.629 0.973 1.395 2.175 1.009 0.983 1.401 1.475 2.209 04/11/1975
2.845 1.902 2.254 3.390 3.943 1.913 1.918 2.260 3.203 3.812 1.030 1.494 2.254 2.272 3.781 0.842 0.541 1.375 1.383 1.846 0.469 0.543 0.819 1.371 1.077 0.546 0.311 0.509 0.634 1.091 05/11/1975
0.972 1.392 1.356 1.857 2.129 1.403 1.413 1.361 1.593 1.802 1.428 1.772 1.825 1.841 1.788 1.499 1.678 1.841 1.860 1.576 1.157 1.681 1.970 1.833 1.609 1.482 1.443 1.786 1.516 1.634 06/11/1975
0.000 0.000 0.000 0.000 0.000 0.000 0.000 0.000 0.000 0.000 0.000 0.000 0.000 0.000 0.000 0.000 0.000 0.000 0.000 0.000 0.000 0.000 0.000 0.000 0.000 0.000 0.000 0.000 0.000 0.000 07/11/1975
2.344 2.353 1.717 1.698 1.887 2.363 2.382 1.731 1.743 1.950 2.702 2.488 1.961 1.979 1.952 2.865 2.327 1.965 1.987 1.787 3.050 2.333 2.915 1.956 2.020 3.141 2.243 2.683 2.041 2.052 08/11/1975
0.000 0.000 0.000 0.000 0.000 0.000 0.000 0.000 0.000 0.000 0.000 0.000 0.000 0.000 0.000 0.000 0.000 0.000 0.000 0.000 0.000 0.000 0.000 0.000 0.000 0.000 0.000 0.000 0.000 0.000 09/11/1975
0.000 0.000 0.000 0.000 0.000 0.000 0.000 0.000 0.000 0.000 0.000 0.000 0.000 0.000 0.000 0.000 0.000 0.000 0.000 0.000 0.000 0.000 0.055 0.000 0.000 0.000 0.000 0.000 0.000 0.000 10/11/1975
0.000 0.000 0.000 0.000 0.000 0.000 0.000 0.000 0.000 0.000 0.000 0.000 0.000 0.000 0.000 0.000 0.000 0.000 0.000 0.000 0.000 0.000 0.000 0.000 0.000 0.000 0.000 0.000 0.000 0.000 11/11/1975
0.000 0.000 0.000 0.000 0.000 0.000 0.000 0.000 0.000 0.000 0.000 0.000 0.000 0.000 0.000 0.000 0.000 0.000 0.000 0.000 0.000 0.000 0.000 0.000 0.000 0.000 0.000 0.000 0.000 0.000 12/11/1975
1.472 1.446 1.496 1.740 1.956 1.465 1.480 1.506 1.964 2.242 1.946 1.904 1.914 1.931 2.223 2.070 1.849 2.203 2.226 2.353 2.084 1.851 2.120 2.193 3.808 1.503 1.901 2.144 2.779 3.867 13/11/1975
1.082 0.975 1.471 2.071 2.238 0.987 0.996 1.482 2.660 3.280 0.572 1.020 1.841 1.856 3.252 0.606 0.837 2.458 2.477 3.341 0.754 0.839 1.221 2.450 4.143 0.667 0.929 1.313 2.527 4.208 14/11/1975
3.113 3.226 4.344 5.867 6.699 3.263 3.293 4.380 4.797 5.491 2.602 3.282 4.398 4.438 5.447 2.710 2.967 4.843 4.889 4.954 2.645 2.973 3.826 4.823 5.899 2.261 3.028 3.905 5.053 5.984 15/11/1975
0.100 0.100 0.000 0.117 0.000 0.100 0.100 0.163 0.000 0.000 1.185 0.292 0.113 0.112 0.000 1.169 0.888 0.158 0.160 0.000 1.907 0.889 1.281 0.157 0.000 1.317 0.593 0.884 0.135 0.000 16/11/1975
0.000 0.000 0.000 0.000 0.000 0.000 0.000 0.000 0.000 0.000 0.000 0.000 0.000 0.000 0.000 0.000 0.000 0.000 0.000 0.000 0.000 0.000 0.000 0.000 0.000 0.000 0.000 0.000 0.000 0.000 17/11/1975
0.000 0.000 0.000 0.134 0.000 0.000 0.000 0.000 0.168 0.171 0.000 0.000 0.090 0.101 0.148 0.000 0.000 0.112 0.141 0.216 0.000 0.000 0.000 0.185 0.308 0.000 0.000 0.071 0.124 0.330 18/11/1975
0.285 0.000 0.000 0.000 0.000 0.324 0.295 0.000 0.000 0.000 0.300 0.000 0.072 0.082 0.000 0.193 0.000 0.015 0.020 0.000 0.000 0.000 0.100 0.087 0.000 0.000 0.000 0.084 0.000 0.000 19/11/1975
0.000 0.000 0.000 0.000 0.000 0.000 0.000 0.000 0.000 0.000 0.000 0.000 0.000 0.000 0.000 0.000 0.000 0.000 0.000 0.000 0.000 0.000 0.000 0.000 0.000 0.000 0.000 0.000 0.000 0.000 20/11/1975
0.000 0.000 0.000 0.000 0.000 0.000 0.000 0.000 0.000 0.000 0.000 0.000 0.000 0.000 0.000 0.000 0.000 0.000 0.000 0.000 0.000 0.000 0.000 0.000 0.000 0.000 0.000 0.000 0.000 0.000 21/11/1975
17.341 17.257 18.337 30.519 34.289 17.476 17.655 18.483 20.963 37.113 17.888 20.763 21.090 21.280 36.757 19.614 35.369 22.163 22.393 37.042 26.294 37.267 23.490 22.067 21.078 29.040 36.923 23.643 21.238 21.517 22/11/1975
2.705 3.019 3.438 4.486 4.601 3.057 3.088 3.463 5.534 6.563 3.741 4.284 4.893 4.938 6.509 4.064 7.268 7.892 7.979 7.571 7.273 7.285 8.614 7.856 9.463 10.486 9.716 11.198 10.659 9.608 23/11/1975
1.588 1.149 1.310 1.944 1.954 1.126 1.124 1.304 1.206 1.521 1.017 0.837 0.657 0.660 1.512 0.986 0.273 0.310 0.314 0.677 0.748 0.274 0.306 0.309 0.370 0.559 0.196 0.225 0.211 0.376 24/11/1975
8.090 9.340 11.688 15.288 17.138 9.457 9.552 11.781 14.983 16.795 8.285 9.969 13.310 13.384 16.658 8.600 8.298 11.058 11.180 13.775 8.348 8.317 9.648 11.007 12.619 9.448 9.022 10.371 11.520 12.809 25/11/1975
45.423 43.668 41.248 39.666 44.537 44.095 44.443 41.517 37.506 39.273 37.086 39.078 40.067 40.393 38.964 35.132 33.535 34.259 34.640 35.150 32.483 33.611 35.142 34.101 34.202 31.372 30.509 33.269 32.695 34.742 26/11/1975
20.438 15.663 16.116 17.053 18.474 15.852 16.006 16.239 18.512 20.585 15.581 13.979 17.155 17.315 20.410 14.561 13.143 16.770 16.957 17.386 13.098 13.174 14.878 16.692 15.461 14.638 14.272 16.487 16.277 15.464 27/11/1975
11.735 10.657 12.605 13.923 16.405 10.793 10.903 12.765 14.247 16.085 9.983 10.626 13.140 13.224 15.954 10.097 9.269 11.005 11.126 11.795 9.970 9.291 10.766 10.954 9.680 8.659 8.245 9.482 9.828 9.824 28/11/1975
1.081 1.207 1.534 2.004 2.091 1.202 1.200 1.540 2.408 2.996 1.521 1.597 1.920 1.932 2.970 1.527 1.945 2.597 2.624 2.244 2.226 1.949 2.223 2.586 2.544 2.785 2.334 2.774 2.643 2.580 29/11/1975
2.924 3.416 2.941 3.193 3.354 3.456 3.489 2.964 3.152 3.679 4.276 3.422 3.522 3.554 3.649 4.565 4.065 3.643 3.683 4.138 4.183 4.075 4.624 3.627 5.562 3.613 3.294 3.772 3.746 5.641 30/11/1975
0.917 0.998 1.076 1.361 1.354 1.004 1.014 1.083 1.172 1.332 1.783 1.534 1.402 1.416 1.340 1.494 1.780 1.922 1.940 1.824 2.463 1.769 2.281 1.915 2.230 4.195 2.894 3.593 2.679 2.259 01/12/1975
3.767 4.175 4.833 5.327 6.423 4.259 4.268 4.869 5.288 6.626 4.458 4.354 4.949 4.996 6.543 4.820 4.162 5.246 5.329 5.424 4.868 4.172 5.018 5.230 5.130 4.880 3.875 4.753 4.500 5.203 02/12/1975
15.822 18.617 19.569 20.204 25.967 18.846 19.033 19.720 18.814 21.988 17.488 18.134 19.031 19.207 21.806 15.495 14.782 18.416 18.617 18.321 13.980 14.816 18.207 18.332 17.806 14.006 14.172 17.065 17.372 18.082 03/12/1975
5.793 5.404 3.755 4.754 6.253 5.542 5.634 3.887 4.075 4.589 5.349 5.006 4.527 4.456 4.548 5.142 2.756 3.644 3.766 3.612 2.753 2.760 3.338 3.627 2.162 1.664 1.847 2.051 2.001 2.205 04/12/1975
3.302 4.294 2.617 4.077 5.809 4.401 4.442 2.634 1.858 2.329 2.403 2.054 2.240 2.262 2.355 2.501 1.685 1.894 1.930 1.964 1.907 1.683 1.961 1.905 1.552 1.587 1.658 1.825 1.927 1.650 05/12/1975
0.000 0.000 0.000 0.522 0.658 0.000 0.000 0.000 0.850 0.966 0.000 0.000 0.185 0.177 0.960 0.000 0.000 0.319 0.332 0.437 0.000 0.000 0.086 0.315 0.101 0.000 0.000 0.000 0.090 0.105 06/12/1975
0.000 0.000 0.000 0.000 0.000 0.050 0.000 0.000 0.000 0.000 0.000 0.000 0.000 0.000 0.000 0.000 0.000 0.000 0.000 0.000 0.000 0.000 0.000 0.000 0.000 0.000 0.000 0.000 0.000 0.000 07/12/1975
0.000 0.000 0.000 0.000 0.000 0.000 0.000 0.000 0.000 0.000 0.000 0.000 0.000 0.000 0.000 0.000 0.000 0.000 0.000 0.000 0.000 0.000 0.000 0.000 0.000 0.000 0.000 0.000 0.000 0.000 08/12/1975
0.000 0.000 0.000 0.000 0.000 0.000 0.000 0.000 0.000 0.000 0.000 0.000 0.000 0.000 0.000 0.000 0.000 0.000 0.000 0.000 0.000 0.000 0.000 0.000 0.000 0.000 0.000 0.000 0.000 0.000 09/12/1975
0.000 0.000 0.000 0.000 0.000 0.000 0.000 0.000 0.000 0.000 0.000 0.000 0.000 0.000 0.000 0.000 0.000 0.000 0.000 0.000 0.000 0.000 0.000 0.000 0.000 0.000 0.000 0.000 0.000 0.000 10/12/1975
0.000 0.000 0.000 0.000 0.000 0.000 0.000 0.000 0.000 0.000 0.000 0.000 0.000 0.000 0.000 0.000 0.000 0.000 0.000 0.000 0.000 0.000 0.000 0.000 0.000 0.000 0.000 0.000 0.000 0.000 11/12/1975
0.406 0.429 0.502 1.026 1.319 0.438 0.446 0.548 0.932 1.150 0.590 0.459 0.868 0.872 1.110 0.626 0.519 0.853 0.869 0.908 0.521 0.528 0.870 0.836 0.900 0.545 0.524 0.872 0.860 0.894 12/12/1975
0.000 0.000 0.000 0.057 0.000 0.000 0.000 0.000 0.000 0.000 0.000 0.000 0.000 0.000 0.000 0.000 0.000 0.000 0.000 0.000 0.000 0.000 0.000 0.000 0.000 0.000 0.000 0.000 0.000 0.000 13/12/1975
0.732 0.657 0.822 1.238 1.531 0.662 0.668 0.821 1.292 1.285 0.457 0.622 1.371 1.402 1.397 0.494 0.555 1.366 1.358 1.339 0.453 0.604 1.174 1.333 1.208 0.389 0.482 1.044 1.176 1.170 14/12/1975
0.101 0.080 0.056 0.460 0.232 0.085 0.089 0.050 0.177 0.250 0.000 0.063 0.178 0.174 0.232 0.000 0.141 0.233 0.248 0.173 0.000 0.141 0.304 0.209 0.495 0.138 0.250 0.474 0.530 0.443 15/12/1975
0.173 0.105 0.205 0.925 1.049 0.103 0.103 0.201 0.618 0.902 0.000 0.000 0.342 0.300 0.883 0.000 0.000 0.180 0.198 0.403 0.000 0.000 0.116 0.183 0.710 0.088 0.147 0.304 0.321 0.581 16/12/1975
0.162 0.154 0.224 0.925 1.049 0.146 0.153 0.229 0.837 0.950 0.000 0.110 0.536 0.476 0.937 0.000 0.141 0.492 0.454 0.820 0.000 0.141 0.304 0.471 0.674 0.000 0.172 0.324 0.443 0.614 17/12/1975
0.151 0.055 0.000 0.172 0.113 0.047 0.081 0.000 0.173 0.219 0.000 0.106 0.092 0.083 0.207 0.000 0.000 0.022 0.039 0.159 0.000 0.000 0.045 0.145 0.208 0.000 0.000 0.000 0.069 0.219 18/12/1975
0.000 0.000 0.000 0.000 0.000 0.000 0.000 0.000 0.000 0.000 0.000 0.000 0.000 0.000 0.000 0.000 0.000 0.000 0.000 0.000 0.000 0.000 0.000 0.000 0.000 0.000 0.000 0.000 0.000 0.000 19/12/1975
0.000 0.000 0.000 0.000 0.058 0.000 0.000 0.000 0.000 0.000 0.000 0.000 0.000 0.000 0.000 0.000 0.000 0.000 0.000 0.000 0.000 0.000 0.000 0.000 0.000 0.000 0.000 0.042 0.000 0.000 20/12/1975
2.731 2.724 3.654 4.786 5.718 2.773 2.752 3.687 4.013 4.721 2.443 2.908 3.858 3.878 4.689 2.494 2.494 3.967 4.010 3.923 2.456 2.505 3.190 3.949 4.875 2.425 2.745 3.369 4.401 4.979 21/12/1975
0.000 0.000 0.000 0.000 0.000 0.000 0.000 0.000 0.000 0.000 0.000 0.000 0.000 0.000 0.000 0.000 0.000 0.000 0.000 0.000 0.000 0.000 0.000 0.000 0.000 0.000 0.000 0.000 0.000 0.000 22/12/1975
0.000 0.000 0.000 0.000 0.000 0.000 0.000 0.000 0.000 0.000 0.000 0.000 0.000 0.000 0.000 0.000 0.000 0.000 0.000 0.000 0.000 0.000 0.000 0.000 0.000 0.000 0.000 0.000 0.000 0.000 23/12/1975
0.000 0.000 0.000 0.000 0.000 0.000 0.000 0.000 0.000 0.000 0.000 0.000 0.000 0.000 0.000 0.000 0.000 0.000 0.000 0.000 0.000 0.000 0.000 0.000 0.000 0.000 0.000 0.000 0.000 0.000 24/12/1975
0.000 0.000 0.000 0.000 0.000 0.000 0.000 0.000 0.000 0.000 0.000 0.000 0.000 0.000 0.000 0.000 0.000 0.000 0.000 0.000 0.000 0.000 0.000 0.000 0.000 0.000 0.000 0.000 0.000 0.000 25/12/1975
1.659 1.674 1.637 2.404 2.321 1.751 1.860 1.751 1.933 2.103 1.790 1.826 1.869 2.068 2.000 2.050 1.564 1.909 2.141 2.099 2.186 1.575 1.903 1.809 1.735 2.126 1.538 1.555 1.528 2.113 26/12/1975
0.642 1.441 0.847 1.012 1.160 1.443 1.390 0.848 1.326 1.623 2.429 1.914 2.316 2.242 1.648 2.521 2.563 2.624 2.414 1.955 2.927 2.569 3.044 2.589 1.713 3.427 3.024 3.395 1.551 2.103 27/12/1975
0.687 0.785 0.785 1.338 1.300 0.802 0.940 0.884 0.996 1.164 0.297 0.705 0.898 0.984 1.209 0.238 0.433 0.907 0.952 0.883 0.312 0.436 0.846 0.857 0.889 0.202 0.462 0.753 0.803 0.915 28/12/1975
1.492 1.514 1.537 1.661 1.972 1.688 1.729 1.688 1.887 1.773 1.643 1.669 1.836 2.045 1.847 1.040 1.540 1.918 2.146 2.098 1.423 1.556 1.898 1.820 1.753 1.923 1.952 1.603 1.579 2.121 29/12/1975
0.000 0.000 0.000 0.000 0.000 0.000 0.000 0.000 0.000 0.000 0.000 0.000 0.000 0.000 0.000 0.000 0.000 0.000 0.000 0.000 0.000 0.000 0.000 0.000 0.206 0.000 0.000 0.000 0.000 0.166 30/12/1975
0.000 0.000 0.248 0.794 0.974 0.000 0.000 0.241 0.624 0.649 0.000 0.000 0.457 0.430 0.746 0.000 0.000 0.412 0.370 0.335 0.000 0.000 0.000 0.396 0.325 0.000 0.000 0.222 0.329 0.323 31/12/1975
0.000 0.000 0.000 0.000 0.000 0.000 0.000 0.000 0.000 0.000 0.000 0.000 0.000 0.000 0.000 0.000 0.000 0.000 0.000 0.000 0.000 0.000 0.000 0.000 0.000 0.000 0.000 0.000 0.000 0.000 01/01/1976
0.000 0.000 0.000 0.000 0.000 0.000 0.000 0.000 0.000 0.000 0.000 0.000 0.000 0.000 0.000 0.000 0.000 0.000 0.000 0.000 0.000 0.000 0.000 0.000 0.000 0.000 0.000 0.000 0.000 0.000 02/01/1976
0.000 0.000 0.000 0.000 0.000 0.000 0.000 0.077 0.000 0.100 0.000 0.000 0.000 0.000 0.000 0.000 0.000 0.000 0.000 0.100 0.000 0.000 0.000 0.000 0.000 0.000 0.000 0.000 0.000 0.000 03/01/1976
0.000 0.000 0.000 0.000 0.000 0.000 0.000 0.000 0.000 0.000 0.000 0.000 0.000 0.000 0.000 0.000 0.000 0.000 0.000 0.040 0.000 0.000 0.000 0.000 0.000 0.000 0.000 0.000 0.000 0.000 04/01/1976
0.000 0.000 0.000 0.000 0.000 0.000 0.000 0.000 0.000 0.000 0.000 0.000 0.000 0.000 0.000 0.000 0.000 0.000 0.000 0.000 0.000 0.000 0.000 0.000 0.000 0.000 0.000 0.000 0.000 0.000 05/01/1976
0.000 0.000 0.000 0.000 0.000 0.000 0.000 0.000 0.000 0.100 0.000 0.000 0.000 0.000 0.000 0.000 0.000 0.000 0.000 0.000 0.000 0.000 0.000 0.000 0.000 0.000 0.000 0.000 0.000 0.000 06/01/1976
0.000 0.000 0.000 0.000 0.000 0.000 0.000 0.000 0.000 0.100 0.000 0.000 0.000 0.000 0.000 0.000 0.000 0.000 0.000 0.000 0.000 0.000 0.000 0.000 0.000 0.000 0.068 0.000 0.000 0.039 07/01/1976
0.000 0.000 0.086 0.000 0.000 0.000 0.000 0.000 0.000 0.000 0.000 0.000 0.000 0.000 0.000 0.107 0.000 0.000 0.000 0.000 0.000 0.000 0.000 0.000 0.000 0.000 0.000 0.000 0.000 0.000 08/01/1976
0.000 0.000 0.000 0.000 0.000 0.000 0.000 0.000 0.000 0.000 0.000 0.000 0.000 0.000 0.000 0.000 0.000 0.000 0.000 0.000 0.000 0.000 0.000 0.000 0.000 0.000 0.000 0.000 0.000 0.000 09/01/1976
0.000 0.000 0.000 0.000 0.000 0.000 0.000 0.000 0.000 0.000 0.000 0.000 0.049 0.000 0.000 0.000 0.000 0.100 0.000 0.000 0.000 0.000 0.000 0.000 0.000 0.000 0.000 0.000 0.000 0.000 10/01/1976
0.000 0.000 0.000 0.000 0.000 0.000 0.000 0.000 0.000 0.000 0.000 0.000 0.000 0.000 0.000 0.000 0.000 0.000 0.100 0.000 0.000 0.000 0.000 0.000 0.000 0.000 0.000 0.000 0.000 0.000 11/01/1976
0.000 0.000 0.000 0.000 0.000 0.000 0.000 0.000 0.000 0.000 0.000 0.000 0.000 0.000 0.000 0.000 0.000 0.000 0.000 0.000 0.000 0.000 0.000 0.000 0.000 0.000 0.000 0.000 0.000 0.000 12/01/1976
0.204 0.000 0.000 0.108 0.000 0.000 0.100 0.000 0.123 0.000 0.000 0.121 0.124 0.125 0.000 0.110 0.101 0.182 0.182 0.186 0.231 0.101 0.176 0.180 0.193 0.548 0.330 0.479 0.305 0.200 13/01/1976
0.424 0.373 0.358 0.665 0.483 0.373 0.375 0.357 0.615 0.559 0.333 0.275 0.384 0.386 0.563 0.319 0.163 0.512 0.522 0.629 0.231 0.163 0.351 0.505 0.373 0.227 0.221 0.416 0.546 0.368 14/01/1976
0.138 0.509 1.207 2.012 1.909 0.513 0.517 1.213 2.097 2.378 0.431 0.864 1.603 1.610 2.358 0.430 1.004 2.202 2.204 2.759 0.482 0.960 1.184 2.195 3.198 0.800 1.312 1.705 2.789 3.262 15/01/1976
0.000 0.000 0.000 0.000 0.000 0.000 0.000 0.000 0.000 0.000 0.000 0.000 0.000 0.000 0.000 0.000 0.000 0.000 0.000 0.000 0.000 0.000 0.000 0.000 0.000 0.000 0.000 0.000 0.000 0.000 16/01/1976
0.000 0.000 0.000 0.000 0.000 0.000 0.000 0.000 0.000 0.000 0.000 0.000 0.000 0.000 0.000 0.000 0.000 0.000 0.000 0.000 0.000 0.000 0.000 0.000 0.000 0.000 0.000 0.000 0.000 0.000 17/01/1976
0.000 0.048 0.000 0.000 0.000 0.000 0.000 0.000 0.000 0.000 0.000 0.000 0.000 0.000 0.000 0.000 0.000 0.000 0.000 0.000 0.000 0.000 0.000 0.050 0.000 0.000 0.000 0.000 0.000 0.000 18/01/1976
0.160 0.164 0.169 0.253 0.100 0.165 0.164 0.170 0.175 0.100 0.151 0.170 0.181 0.181 0.100 0.156 0.117 0.194 0.196 0.185 0.182 0.117 0.202 0.193 0.239 0.302 0.150 0.285 0.240 0.281 19/01/1976
0.000 0.107 0.000 0.057 0.000 0.106 0.000 0.000 0.000 0.000 0.000 0.000 0.000 0.000 0.000 0.000 0.000 0.000 0.000 0.000 0.000 0.000 0.000 0.000 0.128 0.000 0.000 0.000 0.000 0.000 20/01/1976
0.043 0.350 0.281 0.385 0.443 0.215 0.215 0.289 0.176 0.000 0.794 0.355 0.328 0.331 0.000 0.721 0.107 0.109 0.238 0.107 0.131 0.211 0.381 0.099 0.000 0.103 0.000 0.252 0.048 0.000 21/01/1976
0.000 0.000 0.012 0.197 0.180 0.000 0.028 0.038 0.275 0.346 0.108 0.142 0.451 0.425 0.360 0.122 0.336 0.576 0.604 0.633 0.296 0.332 0.545 0.593 0.674 0.308 0.344 0.611 0.694 0.614 22/01/1976
0.000 0.000 0.000 0.000 0.000 0.000 0.000 0.000 0.000 0.000 0.000 0.000 0.000 0.000 0.000 0.000 0.000 0.000 0.000 0.000 0.000 0.000 0.000 0.000 0.000 0.000 0.000 0.000 0.000 0.000 23/01/1976
0.000 0.000 0.000 0.000 0.000 0.000 0.000 0.000 0.000 0.000 0.000 0.000 0.000 0.000 0.000 0.000 0.000 0.000 0.100 0.000 0.000 0.000 0.000 0.000 0.000 0.000 0.000 0.000 0.000 0.000 24/01/1976
0.000 0.000 0.000 0.000 0.000 0.000 0.000 0.000 0.000 0.000 0.000 0.000 0.000 0.000 0.000 0.000 0.000 0.000 0.000 0.000 0.000 0.000 0.000 0.000 0.000 0.000 0.000 0.000 0.000 0.000 25/01/1976
0.000 0.117 0.115 0.000 0.000 0.116 0.119 0.118 0.100 0.000 0.173 0.131 0.155 0.162 0.000 0.134 0.111 0.133 0.142 0.138 0.111 0.111 0.157 0.135 0.142 0.145 0.199 0.312 0.275 0.136 26/01/1976
0.976 1.314 1.605 1.895 2.018 1.330 1.363 1.600 2.732 2.621 2.198 2.394 3.271 3.348 2.609 1.964 3.681 4.283 4.162 5.412 2.253 3.690 4.033 4.333 6.171 2.386 3.762 4.072 5.444 6.248 27/01/1976
0.000 0.000 0.000 0.000 0.000 0.000 0.000 0.000 0.000 0.000 0.000 0.000 0.000 0.000 0.000 0.000 0.000 0.000 0.000 0.000 0.000 0.000 0.000 0.000 0.000 0.000 0.000 0.000 0.000 0.000 28/01/1976
0.000 0.000 0.000 0.000 0.000 0.000 0.000 0.000 0.000 0.000 0.000 0.000 0.000 0.000 0.000 0.000 0.000 0.000 0.000 0.000 0.000 0.000 0.000 0.000 0.151 0.000 0.000 0.000 0.117 0.143 29/01/1976
3.286 3.672 3.282 2.671 3.528 3.871 4.015 3.213 3.002 3.860 5.245 4.129 3.476 3.644 3.913 5.272 3.537 3.711 3.893 3.022 5.176 3.554 4.825 3.662 3.011 4.535 3.645 3.963 3.411 3.163 30/01/1976
8.466 11.104 11.831 12.254 15.497 11.283 11.416 11.936 8.866 10.498 5.704 5.592 8.461 8.540 10.402 5.402 3.912 5.509 5.567 7.469 3.891 3.919 4.995 5.466 6.145 4.322 4.259 5.227 5.543 6.191 31/01/1976
0.000 0.000 0.000 0.000 0.000 0.050 0.000 0.000 0.000 0.000 0.000 0.000 0.000 0.000 0.000 0.000 0.000 0.000 0.000 0.000 0.000 0.000 0.000 0.000 0.000 0.000 0.000 0.000 0.000 0.000 01/02/1976
1.067 0.640 0.577 0.840 1.033 0.666 0.701 0.493 0.844 0.961 0.749 0.694 0.903 0.911 1.019 0.593 0.418 0.837 0.795 0.867 0.408 0.419 1.018 0.833 0.742 0.242 0.258 0.688 0.660 0.796 02/02/1976
16.159 16.064 12.604 9.827 14.905 13.262 13.205 12.549 14.616 17.739 12.354 12.273 17.451 17.610 17.592 14.440 13.376 15.578 15.743 15.058 13.970 13.408 15.693 15.509 13.968 13.915 11.681 13.820 13.304 14.190 03/02/1976
0.000 0.000 0.000 0.000 0.000 0.000 0.000 0.000 0.000 0.000 0.000 0.000 0.000 0.000 0.000 0.000 0.000 0.000 0.000 0.000 0.000 0.000 0.000 0.000 0.000 0.000 0.000 0.000 0.000 0.000 04/02/1976
1.554 1.651 1.303 2.148 3.191 1.655 1.665 1.320 2.790 3.550 1.694 1.714 2.626 2.670 3.347 2.297 2.467 3.255 3.322 2.814 2.642 2.469 3.013 3.234 3.128 2.993 2.594 3.184 3.110 3.207 05/02/1976
2.166 2.078 2.285 3.456 3.728 2.100 2.111 2.294 3.243 3.901 1.457 1.809 2.562 2.583 3.872 1.141 1.644 2.552 2.578 2.929 1.150 1.644 2.123 2.541 2.530 1.124 1.449 1.877 2.191 2.568 06/02/1976
1.573 1.523 1.612 2.308 2.067 1.538 1.550 1.621 1.714 1.905 1.261 1.423 1.617 1.626 1.892 1.044 1.070 1.345 1.352 1.557 1.003 1.059 1.288 1.336 1.337 0.985 0.985 1.143 1.230 1.355 07/02/1976
0.460 0.416 0.388 0.637 0.446 0.416 0.420 0.390 0.380 0.353 0.536 0.458 0.368 0.370 0.358 0.575 0.405 0.569 0.578 0.546 0.661 0.406 0.598 0.563 0.776 0.845 0.650 0.849 0.870 0.784 08/02/1976
0.000 0.000 0.000 0.000 0.000 0.000 0.067 0.000 0.000 0.000 0.000 0.000 0.000 0.000 0.000 0.000 0.000 0.000 0.000 0.000 0.000 0.000 0.000 0.000 0.000 0.000 0.000 0.000 0.000 0.000 09/02/1976
0.000 0.000 0.000 0.090 0.000 0.000 0.000 0.000 0.100 0.000 0.000 0.000 0.100 0.100 0.000 0.000 0.000 0.000 0.000 0.096 0.000 0.000 0.000 0.000 0.049 0.000 0.000 0.000 0.000 0.000 10/02/1976
0.000 0.000 0.000 0.000 0.000 0.000 0.000 0.000 0.000 0.000 0.000 0.000 0.000 0.000 0.000 0.000 0.000 0.000 0.000 0.000 0.000 0.000 0.000 0.000 0.000 0.000 0.000 0.000 0.000 0.000 11/02/1976
0.000 0.000 0.000 0.000 0.000 0.000 0.000 0.000 0.000 0.000 0.000 0.000 0.000 0.000 0.000 0.000 0.000 0.000 0.000 0.000 0.000 0.000 0.000 0.000 0.000 0.000 0.000 0.000 0.000 0.000 12/02/1976
0.000 0.000 0.000 0.000 0.000 0.000 0.000 0.000 0.000 0.000 0.000 0.000 0.000 0.000 0.000 0.000 0.000 0.000 0.000 0.000 0.000 0.000 0.000 0.000 0.000 0.000 0.000 0.000 0.000 0.000 13/02/1976
0.000 0.000 0.000 0.000 0.000 0.000 0.000 0.000 0.000 0.000 0.000 0.000 0.000 0.000 0.000 0.000 0.000 0.000 0.000 0.000 0.000 0.000 0.000 0.000 0.000 0.000 0.000 0.000 0.000 0.000 14/02/1976
0.000 0.000 0.000 0.000 0.000 0.000 0.000 0.000 0.000 0.000 0.000 0.000 0.000 0.000 0.000 0.000 0.000 0.000 0.000 0.000 0.000 0.000 0.000 0.000 0.000 0.000 0.000 0.000 0.000 0.000 15/02/1976
0.000 0.000 0.000 0.000 0.000 0.000 0.000 0.000 0.000 0.000 0.000 0.000 0.000 0.000 0.000 0.000 0.000 0.000 0.000 0.000 0.000 0.000 0.000 0.000 0.000 0.000 0.000 0.000 0.000 0.000 16/02/1976
0.637 0.747 0.791 1.323 1.603 0.761 0.732 0.786 1.182 1.701 0.773 0.796 1.192 1.181 1.631 0.752 0.946 1.203 1.212 1.343 0.797 0.947 1.108 1.203 1.102 0.698 0.884 1.031 1.123 1.038 17/02/1976
0.000 0.000 0.000 0.000 0.000 0.000 0.000 0.000 0.000 0.000 0.000 0.000 0.000 0.000 0.000 0.000 0.000 0.000 0.000 0.000 0.000 0.000 0.000 0.000 0.000 0.000 0.000 0.000 0.000 0.000 18/02/1976
7.954 5.228 6.544 7.480 8.850 5.245 5.270 6.698 7.713 8.065 3.847 4.456 6.093 6.093 7.996 3.943 3.650 5.328 5.385 7.255 2.815 3.658 4.490 5.306 5.448 2.439 2.634 3.487 4.459 5.698 19/02/1976
5.304 5.723 5.711 5.869 8.211 5.801 5.865 5.762 7.417 9.327 7.309 7.116 6.380 6.435 9.155 6.904 7.194 7.741 7.819 6.887 7.722 7.212 8.967 7.709 5.400 6.285 5.181 5.996 5.658 5.541 20/02/1976
0.833 0.809 0.864 1.029 1.323 0.801 0.818 0.749 1.309 1.749 0.970 0.880 1.253 1.247 1.717 1.053 1.398 1.719 1.836 1.482 1.331 1.401 1.499 1.720 2.271 1.624 1.935 2.130 2.169 2.347 21/02/1976
0.000 0.000 0.000 0.000 0.000 0.000 0.000 0.000 0.000 0.000 0.000 0.000 0.000 0.000 0.000 0.024 0.000 0.000 0.000 0.000 0.137 0.000 0.000 0.000 0.000 0.122 0.000 0.000 0.000 0.000 22/02/1976
0.000 0.000 0.000 0.000 0.000 0.000 0.000 0.000 0.000 0.000 0.100 0.000 0.000 0.000 0.000 0.000 0.000 0.000 0.000 0.000 0.000 0.000 0.000 0.000 0.000 0.000 0.000 0.000 0.000 0.000 23/02/1976
0.000 0.000 0.000 0.000 0.000 0.000 0.000 0.000 0.000 0.000 0.000 0.000 0.000 0.000 0.000 0.000 0.000 0.000 0.000 0.000 0.000 0.000 0.000 0.000 0.000 0.000 0.000 0.000 0.000 0.000 24/02/1976
0.000 0.000 0.000 0.000 0.000 0.000 0.000 0.000 0.000 0.000 0.000 0.000 0.000 0.000 0.000 0.000 0.000 0.000 0.000 0.000 0.000 0.000 0.045 0.000 0.000 0.000 0.000 0.000 0.000 0.000 25/02/1976
0.000 0.000 0.000 0.000 0.000 0.000 0.000 0.000 0.000 0.000 0.000 0.000 0.000 0.000 0.000 0.000 0.000 0.000 0.000 0.000 0.000 0.000 0.000 0.100 0.000 0.000 0.000 0.000 0.000 0.000 26/02/1976
0.000 0.000 0.000 0.000 0.000 0.000 0.000 0.000 0.000 0.000 0.000 0.000 0.000 0.000 0.000 0.000 0.000 0.000 0.000 0.000 0.000 0.000 0.000 0.000 0.000 0.000 0.000 0.000 0.000 0.000 27/02/1976
0.140 0.000 0.203 0.518 0.513 0.000 0.000 0.202 0.505 0.436 0.200 0.118 0.153 0.160 0.434 0.157 0.000 0.517 0.503 0.247 0.000 0.000 0.147 0.509 0.594 0.000 0.497 0.627 0.275 0.561 28/02/1976
0.000 0.000 0.000 0.000 0.000 0.000 0.000 0.000 0.000 0.000 0.000 0.000 0.000 0.000 0.000 0.000 0.000 0.000 0.000 0.000 0.000 0.000 0.000 0.000 0.000 0.000 0.000 0.000 0.000 0.000 29/02/1976
11.125 11.888 11.488 11.174 14.528 12.039 12.162 11.579 13.472 16.176 14.314 14.396 14.137 14.422 16.043 14.296 14.012 15.003 15.168 14.191 14.225 14.045 15.849 14.934 13.922 13.820 12.011 13.901 13.933 14.139 01/03/1976
5.853 4.873 2.659 3.051 3.303 4.927 4.971 2.680 4.091 3.462 3.144 2.600 3.498 3.525 3.433 2.989 2.654 2.968 2.995 3.325 2.711 2.660 3.409 2.957 2.637 2.787 2.622 3.260 2.631 2.669 02/03/1976
0.000 0.000 0.000 0.000 0.000 0.000 0.000 0.000 0.000 0.000 0.000 0.000 0.000 0.000 0.000 0.000 0.000 0.000 0.000 0.000 0.000 0.000 0.000 0.000 0.000 0.000 0.000 0.000 0.000 0.000 03/03/1976
0.000 0.000 0.000 0.000 0.000 0.000 0.000 0.000 0.000 0.000 0.000 0.000 0.000 0.000 0.000 0.000 0.000 0.000 0.000 0.000 0.000 0.000 0.000 0.000 0.000 0.000 0.000 0.000 0.000 0.000 04/03/1976
0.898 0.422 0.643 1.156 1.218 0.423 0.426 0.648 0.591 0.792 0.100 0.134 0.360 0.362 0.787 0.000 0.000 0.143 0.144 0.360 0.000 0.000 0.000 0.142 0.209 0.000 0.000 0.000 0.111 0.213 05/03/1976
3.116 1.803 2.267 3.108 3.116 1.818 1.830 2.284 3.215 3.076 1.148 1.131 1.963 1.948 3.050 1.220 1.417 2.039 2.057 2.440 1.497 1.420 1.777 2.198 2.644 1.897 1.741 2.195 1.797 2.704 06/03/1976
0.000 0.000 0.000 0.000 0.000 0.000 0.000 0.000 0.000 0.000 0.000 0.000 0.000 0.000 0.000 0.000 0.000 0.000 0.000 0.000 0.000 0.000 0.000 0.000 0.000 0.000 0.000 0.000 0.000 0.000 07/03/1976
0.000 0.000 0.000 0.000 0.000 0.000 0.000 0.000 0.000 0.000 0.000 0.000 0.000 0.000 0.000 0.000 0.000 0.000 0.000 0.000 0.000 0.000 0.000 0.000 0.000 0.000 0.000 0.000 0.000 0.000 08/03/1976
0.551 0.353 0.558 0.809 0.955 0.357 0.361 0.557 0.620 0.846 0.226 0.297 0.483 0.478 0.841 0.218 0.000 0.206 0.209 0.385 0.000 0.000 0.126 0.204 0.140 0.000 0.000 0.000 0.103 0.142 09/03/1976
0.551 0.277 0.622 1.394 1.684 0.277 0.278 0.627 0.816 1.162 0.000 0.119 0.412 0.416 1.149 0.000 0.000 0.125 0.125 0.420 0.000 0.000 0.000 0.124 0.105 0.000 0.000 0.000 0.000 0.105 10/03/1976
1.431 1.407 2.167 3.066 3.094 1.426 1.452 2.182 2.672 3.008 1.128 1.556 2.203 2.220 2.986 1.208 1.366 2.005 2.024 2.007 1.175 1.369 1.680 2.040 1.237 1.104 0.922 1.014 1.090 1.224 11/03/1976
0.000 0.000 0.000 0.000 0.000 0.000 0.000 0.000 0.000 0.000 0.000 0.000 0.000 0.000 0.000 0.000 0.000 0.000 0.000 0.000 0.000 0.000 0.000 0.000 0.000 0.000 0.000 0.000 0.000 0.000 12/03/1976
0.000 0.000 0.000 0.000 0.000 0.000 0.000 0.000 0.000 0.000 0.000 0.000 0.000 0.000 0.000 0.000 0.000 0.000 0.000 0.000 0.000 0.000 0.000 0.000 0.000 0.000 0.000 0.000 0.000 0.000 13/03/1976
0.000 0.000 0.000 0.000 0.000 0.000 0.000 0.000 0.000 0.000 0.000 0.000 0.000 0.000 0.000 0.000 0.000 0.000 0.000 0.000 0.000 0.000 0.000 0.000 0.000 0.000 0.000 0.000 0.000 0.000 14/03/1976
1.699 2.339 2.607 4.501 5.618 2.369 2.393 2.628 6.418 7.177 2.973 2.744 4.217 4.256 7.116 2.689 3.790 5.426 5.482 10.874 2.787 3.799 4.214 5.403 14.724 3.453 5.516 5.988 10.869 14.953 15/03/1976
0.229 0.216 0.225 1.770 1.739 0.222 0.226 0.224 1.691 1.925 0.102 0.411 0.545 0.555 1.919 0.152 0.350 0.730 0.731 1.986 0.334 0.363 0.531 0.727 2.027 0.751 0.237 0.444 0.804 2.031 16/03/1976
4.965 4.964 3.658 3.733 4.786 5.027 5.077 3.690 3.824 4.622 3.771 3.915 5.622 5.676 4.585 3.711 6.402 4.105 4.153 3.634 6.027 6.417 7.575 4.082 3.503 3.444 4.528 4.721 3.793 3.548 17/03/1976
0.409 0.972 0.093 0.278 0.281 0.834 0.824 0.106 0.385 0.432 1.033 0.663 0.401 0.418 0.429 1.113 0.719 0.848 0.952 0.518 1.142 0.720 0.809 0.822 0.647 0.736 0.764 0.662 0.869 0.605 18/03/1976
0.188 0.490 1.175 1.794 1.762 0.506 0.519 1.187 1.054 1.337 1.050 1.040 1.403 1.420 1.365 1.073 1.084 0.914 0.905 0.843 1.313 1.095 1.280 0.935 0.962 1.447 0.944 0.994 0.970 0.957 19/03/1976
0.000 0.000 0.000 0.000 0.000 0.000 0.000 0.000 0.000 0.000 0.000 0.000 0.000 0.000 0.000 0.000 0.000 0.000 0.000 0.000 0.000 0.000 0.000 0.000 0.000 0.000 0.000 0.000 0.000 0.000 20/03/1976
0.000 0.000 0.000 0.000 0.000 0.000 0.000 0.000 0.000 0.000 0.000 0.000 0.000 0.000 0.000 0.000 0.000 0.000 0.000 0.000 0.000 0.000 0.000 0.000 0.000 0.000 0.000 0.000 0.000 0.000 21/03/1976
0.000 0.000 0.000 0.000 0.000 0.000 0.000 0.000 0.000 0.000 0.000 0.000 0.000 0.000 0.000 0.000 0.000 0.000 0.000 0.000 0.000 0.000 0.000 0.000 0.000 0.000 0.000 0.000 0.000 0.000 22/03/1976
0.000 0.000 0.000 0.000 0.000 0.000 0.000 0.000 0.000 0.000 0.000 0.000 0.000 0.000 0.000 0.000 0.000 0.000 0.000 0.000 0.000 0.000 0.000 0.134 0.000 0.000 0.000 0.000 0.000 0.000 23/03/1976
0.000 0.000 0.000 0.000 0.000 0.000 0.000 0.000 0.000 0.000 0.000 0.000 0.000 0.000 0.000 0.000 0.000 0.000 0.000 0.000 0.000 0.000 0.000 0.000 0.000 0.000 0.000 0.000 0.000 0.000 24/03/1976
0.000 0.000 0.000 0.000 0.000 0.000 0.000 0.000 0.000 0.000 0.000 0.000 0.000 0.156 0.000 0.000 0.000 0.000 0.000 0.000 0.000 0.000 0.000 0.000 0.000 0.000 0.000 0.000 0.000 0.000 25/03/1976
6.627 6.276 5.903 6.071 6.755 6.356 6.421 5.950 6.012 6.725 6.261 6.164 6.200 6.257 6.669 6.404 5.139 5.847 5.912 5.822 5.388 5.150 5.931 5.820 4.948 4.675 4.435 5.091 5.124 5.024 26/03/1976
0.121 0.100 0.000 0.000 0.000 0.100 0.100 0.000 0.000 0.000 0.000 0.000 0.000 0.000 0.000 0.000 0.000 0.000 0.000 0.000 0.000 0.000 0.000 0.000 0.000 0.000 0.000 0.000 0.000 0.000 27/03/1976
10.275 10.876 10.807 10.238 13.668 11.014 11.127 10.893 13.206 16.041 11.748 11.682 11.978 12.088 15.908 12.070 11.179 12.591 12.730 12.179 10.587 11.206 12.105 12.533 11.401 10.870 11.116 11.899 11.101 11.582 28/03/1976
5.810 5.312 4.583 11.700 15.011 5.378 5.432 4.620 6.120 6.844 6.822 5.987 5.928 5.983 6.787 7.096 4.890 5.880 5.945 5.162 7.339 4.901 5.786 5.853 5.095 6.529 5.899 6.156 4.986 5.168 29/03/1976
1.374 2.763 1.608 4.087 5.259 2.796 2.825 1.621 2.859 3.079 1.947 1.142 0.817 0.824 3.053 1.729 2.573 1.827 1.844 1.119 2.994 2.579 3.009 1.820 1.714 4.167 4.324 4.619 2.004 1.737 30/03/1976
14.271 15.301 16.306 15.356 18.871 15.496 15.654 16.436 15.564 18.713 15.639 16.251 15.400 15.540 18.557 13.113 14.182 15.618 15.788 15.205 13.159 14.214 15.573 15.547 13.792 12.723 12.933 14.509 14.505 14.010 31/03/1976
15.157 11.644 14.599 15.987 19.514 11.791 11.911 14.711 15.225 18.125 9.601 11.486 13.872 14.000 17.973 8.562 10.186 12.254 12.381 12.479 8.584 10.210 11.681 12.201 9.206 7.912 9.201 10.232 9.742 9.352 01/04/1976
5.711 3.795 3.311 2.863 3.318 3.843 3.882 3.335 3.778 4.688 2.810 3.364 3.064 3.091 4.650 2.439 4.482 6.491 6.558 3.275 2.519 4.493 4.832 6.464 5.011 2.527 2.542 2.929 2.845 5.090 02/04/1976
0.820 1.148 0.486 0.270 0.245 1.159 1.164 0.483 0.531 0.658 1.282 0.985 1.010 0.992 0.665 1.510 2.047 2.130 2.102 1.059 2.062 2.052 2.347 2.120 0.867 3.290 2.245 2.681 2.056 0.869 03/04/1976
1.474 3.237 1.813 0.837 0.886 3.351 3.387 1.773 1.188 1.446 2.152 3.676 3.344 3.378 1.440 2.367 1.950 3.935 3.963 0.792 1.236 1.955 2.277 3.917 1.064 3.106 1.926 2.237 2.767 1.034 04/04/1976
0.836 0.814 0.843 1.275 1.028 0.818 0.785 0.847 0.812 0.832 0.850 0.653 0.909 0.916 0.824 0.773 0.610 0.747 0.755 1.023 1.174 0.611 0.890 0.743 1.097 1.001 0.908 1.095 0.738 1.108 05/04/1976
9.060 9.487 9.083 8.425 10.342 9.608 9.706 9.155 9.700 10.582 11.551 9.735 10.870 10.970 10.492 10.386 9.715 10.600 10.716 9.395 9.774 9.738 11.298 10.551 7.711 8.854 9.607 11.052 9.478 7.820 06/04/1976
9.331 9.302 9.944 10.763 13.241 9.421 9.517 10.023 11.020 11.176 6.795 7.971 10.974 11.075 11.082 6.719 7.978 11.051 11.173 9.834 4.702 7.997 8.551 11.001 10.952 4.321 7.426 7.555 11.365 11.124 07/04/1976
1.268 1.204 0.969 1.587 1.537 1.212 1.219 0.976 0.807 0.878 2.009 1.210 0.640 0.645 0.872 1.901 1.525 1.012 1.022 0.642 2.087 1.528 1.664 1.007 0.750 1.879 1.919 2.271 0.748 0.755 08/04/1976
3.224 3.416 3.187 2.949 3.233 3.459 3.492 3.208 2.996 2.973 2.831 3.256 4.246 4.284 2.948 2.740 3.108 3.803 3.845 2.670 2.242 3.115 4.091 3.785 2.490 1.924 2.613 3.198 3.217 2.502 09/04/1976
13.125 12.840 13.508 12.750 16.771 12.996 13.123 13.613 14.634 17.575 12.504 13.195 14.605 14.738 17.427 12.308 12.175 13.973 14.128 15.077 12.193 12.202 13.569 13.909 14.739 13.790 13.481 14.444 13.829 14.966 10/04/1976
0.470 0.442 0.536 0.449 0.325 0.431 0.433 0.536 0.594 0.538 0.171 0.421 0.643 0.648 0.513 0.111 0.262 0.656 0.661 0.555 0.000 0.261 0.433 0.654 0.629 0.147 0.200 0.249 0.692 0.636 11/04/1976
0.000 0.000 0.000 0.000 0.000 0.000 0.000 0.000 0.000 0.102 0.000 0.000 0.000 0.000 0.000 0.000 0.000 0.000 0.000 0.000 0.000 0.000 0.000 0.000 0.000 0.000 0.000 0.000 0.000 0.000 12/04/1976
3.402 3.262 3.220 3.364 3.328 3.303 3.337 3.246 3.443 3.823 3.876 3.955 3.670 3.704 3.716 3.247 3.311 3.926 3.969 3.233 3.254 3.318 4.135 3.908 2.560 3.047 3.242 3.980 3.224 2.592 13/04/1976
6.647 5.427 6.310 9.095 9.784 5.496 5.553 6.360 9.050 9.353 4.859 4.347 5.831 5.819 9.274 4.794 3.997 4.729 4.773 6.003 4.474 4.010 5.241 4.711 5.832 2.924 3.646 4.603 4.643 5.855 14/04/1976
0.000 0.000 0.000 0.000 0.000 0.000 0.000 0.000 0.000 0.000 0.000 0.000 0.000 0.000 0.000 0.000 0.000 0.000 0.000 0.000 0.000 0.000 0.000 0.000 0.000 0.000 0.000 0.000 0.000 0.000 15/04/1976
0.000 0.000 0.000 0.000 0.000 0.000 0.000 0.000 0.000 0.000 0.000 0.000 0.000 0.000 0.000 0.000 0.000 0.000 0.000 0.000 0.000 0.000 0.000 0.000 0.000 0.000 0.000 0.000 0.000 0.000 16/04/1976
0.000 0.000 0.000 0.000 0.000 0.000 0.000 0.000 0.000 0.000 0.000 0.000 0.000 0.000 0.000 0.000 0.000 0.000 0.000 0.000 0.000 0.000 0.000 0.000 0.000 0.000 0.000 0.000 0.000 0.000 17/04/1976
1.397 1.520 1.463 1.731 1.675 1.523 1.538 1.473 1.707 1.685 1.386 1.431 2.106 2.036 1.671 1.503 1.574 1.401 1.417 0.755 1.128 1.577 1.702 1.395 0.640 1.280 1.377 1.417 1.039 0.647 18/04/1976
5.143 5.207 5.812 6.934 7.368 5.271 5.323 5.859 6.935 7.269 5.294 5.563 7.181 7.247 7.186 5.464 5.570 6.366 6.437 6.138 5.159 5.583 6.317 6.343 4.954 3.985 3.931 5.063 4.978 5.005 19/04/1976
7.353 7.256 6.634 9.283 11.968 7.342 7.411 6.686 7.861 9.509 14.405 17.287 12.422 12.536 9.429 14.365 9.961 15.830 16.005 11.483 12.695 9.982 11.151 15.757 15.717 14.711 11.013 11.835 18.010 15.963 20/04/1976
0.000 0.000 0.000 0.000 0.000 0.000 0.000 0.000 0.000 0.000 0.000 0.000 0.000 0.000 0.000 0.000 0.000 0.000 0.000 0.000 0.000 0.000 0.000 0.000 0.000 0.000 0.000 0.000 0.105 0.000 21/04/1976
1.910 3.460 3.138 3.903 3.873 3.503 3.538 3.164 4.043 4.158 4.661 4.186 3.804 3.839 4.123 4.037 3.088 4.303 4.351 4.108 2.979 3.095 3.763 4.284 4.296 2.085 2.696 3.349 4.325 4.364 22/04/1976
6.790 6.341 5.766 6.516 7.481 6.422 6.488 5.811 5.841 6.400 5.180 5.237 5.498 5.547 6.346 4.970 4.905 5.636 5.697 5.439 5.190 4.916 5.795 5.610 5.525 6.076 5.930 6.168 6.057 5.609 23/04/1976
0.244 0.156 0.271 0.721 0.790 0.158 0.158 0.273 0.286 0.475 0.160 0.130 0.144 0.157 0.471 0.177 0.119 0.224 0.227 0.255 0.260 0.119 0.197 0.223 0.509 0.565 0.299 0.404 0.460 0.489 24/04/1976
3.607 4.280 4.322 4.291 4.403 4.326 4.363 4.351 4.383 4.535 3.876 3.871 4.316 4.355 4.497 3.247 2.745 3.497 3.535 4.079 2.769 2.752 3.437 3.481 4.563 2.700 3.048 3.678 4.046 4.634 25/04/1976
4.034 4.741 4.197 2.669 2.873 4.801 4.850 4.229 3.886 4.709 4.793 4.349 5.027 5.066 4.670 5.327 6.349 6.378 6.450 3.873 8.259 6.364 7.252 6.348 4.483 5.800 5.786 6.025 4.791 4.539 26/04/1976
1.012 3.622 4.473 2.991 3.256 3.672 3.691 4.501 2.503 2.873 0.933 2.837 5.015 5.054 2.825 1.041 1.401 4.082 4.117 3.634 0.768 1.405 1.702 4.064 3.739 1.409 1.258 1.550 3.523 3.796 27/04/1976
0.217 0.376 0.513 0.466 0.504 0.382 0.385 0.508 0.275 0.330 0.230 0.217 0.513 0.534 0.343 0.365 0.000 0.576 0.579 0.947 0.219 0.000 0.110 0.587 1.322 0.244 0.000 0.125 0.449 1.321 28/04/1976
14.357 7.857 11.304 9.355 12.709 7.968 8.049 11.393 11.395 13.029 11.173 10.048 11.897 12.003 12.918 9.775 10.687 12.433 12.574 13.500 10.096 10.710 11.264 12.374 11.002 9.713 12.171 12.511 14.239 11.167 29/04/1976
28.040 21.599 20.657 21.136 22.489 21.863 22.078 20.818 22.027 22.502 21.433 19.616 19.844 20.022 22.313 20.062 18.115 19.233 19.438 19.434 16.852 18.156 19.190 19.147 19.160 16.660 16.886 17.622 18.719 19.451 30/04/1976
7.530 7.128 7.692 7.832 9.714 7.240 7.314 7.761 8.215 8.631 5.352 5.259 5.961 6.046 8.566 6.036 3.884 5.024 5.072 5.639 3.270 3.892 4.135 5.005 5.996 2.607 9.392 10.001 13.329 6.091 01/05/1976
5.197 5.229 5.587 6.560 7.892 5.284 5.333 5.631 8.246 8.660 5.411 5.757 7.262 7.330 8.594 6.094 6.549 7.455 7.537 8.154 6.258 6.564 7.463 7.420 7.266 5.734 5.818 6.069 6.606 7.380 02/05/1976
0.223 0.475 0.396 0.624 0.294 0.477 0.480 0.399 0.615 0.579 1.083 0.845 0.698 0.704 0.570 0.986 1.192 1.198 1.205 1.148 1.236 1.195 1.484 1.195 1.283 1.224 1.170 1.446 1.322 1.299 03/05/1976
9.060 9.164 9.372 9.617 11.520 9.280 9.375 9.447 12.021 13.122 9.068 10.514 11.866 11.964 13.009 8.106 10.503 11.940 12.057 12.664 9.051 10.528 11.874 11.891 13.356 11.498 11.036 12.161 13.638 13.567 04/05/1976
9.335 8.667 7.419 7.372 9.354 8.775 8.863 7.470 7.166 8.691 9.123 8.156 8.321 8.397 8.624 8.164 7.947 6.439 6.509 5.426 8.040 7.966 8.505 6.410 3.984 6.144 6.448 6.415 4.953 4.046 05/05/1976
0.168 0.188 0.306 0.116 0.000 0.191 0.193 0.308 0.509 0.506 0.181 0.109 0.000 0.000 0.486 0.167 0.000 0.472 0.484 0.513 0.083 0.000 0.103 0.467 0.297 0.000 0.156 0.255 0.221 0.306 06/05/1976
1.461 1.113 1.168 1.280 1.431 1.125 1.145 1.177 0.792 1.104 1.221 1.073 0.942 0.950 1.101 1.256 0.889 0.811 0.818 0.843 1.226 0.877 0.964 0.810 1.047 1.186 0.976 1.138 0.714 1.059 07/05/1976
4.763 5.545 6.698 7.583 8.815 5.614 5.670 6.750 6.362 7.245 6.253 5.634 6.377 6.436 7.184 6.394 6.000 6.240 6.309 6.253 6.468 6.014 6.289 6.211 6.264 7.096 6.998 6.848 6.463 6.363 08/05/1976
0.000 0.000 0.000 0.000 0.000 0.000 0.000 0.000 0.000 0.000 0.000 0.000 0.000 0.000 0.000 0.000 0.000 0.143 0.000 0.000 0.000 0.000 0.000 0.000 0.000 0.000 0.000 0.000 0.000 0.000 09/05/1976
0.000 0.000 0.000 0.000 0.000 0.000 0.000 0.000 0.146 0.000 0.294 0.000 0.000 0.000 0.000 0.337 0.000 0.000 0.000 0.000 0.774 0.000 0.000 0.000 0.000 1.183 0.000 0.122 0.000 0.000 10/05/1976
0.000 0.000 0.000 0.000 0.000 0.000 0.000 0.000 0.000 0.000 0.000 0.000 0.000 0.000 0.000 0.000 0.000 0.000 0.000 0.000 0.000 0.000 0.000 0.000 0.000 0.000 0.000 0.000 0.000 0.000 11/05/1976
0.157 0.168 0.284 0.566 0.587 0.171 0.170 0.286 0.370 0.554 0.112 0.136 0.240 0.242 0.550 0.127 0.129 0.284 0.279 0.373 0.134 0.129 0.211 0.283 0.524 0.211 0.189 0.283 0.464 0.499 12/05/1976
4.088 3.618 4.199 4.624 4.827 3.663 3.699 4.225 4.584 4.761 3.230 3.455 4.095 4.133 4.721 2.873 3.033 4.183 4.229 4.574 2.769 3.040 3.711 4.163 3.512 2.609 2.764 3.413 3.464 3.566 13/05/1976
5.571 3.533 6.136 5.697 6.274 3.577 3.613 6.185 4.872 5.216 1.947 2.974 4.798 4.843 5.176 1.842 2.175 6.491 6.563 4.619 2.513 2.181 2.673 6.461 6.280 3.196 3.555 4.366 6.463 6.380 14/05/1976
1.356 1.791 1.396 1.342 1.565 1.807 1.819 1.408 1.531 1.990 3.053 2.707 2.168 2.183 1.974 2.644 2.529 2.412 2.431 1.883 3.077 2.534 3.199 2.404 2.090 2.985 2.627 3.270 2.347 2.088 15/05/1976
21.151 22.569 23.945 25.751 29.491 22.846 23.071 24.119 30.321 29.981 23.000 24.219 30.214 30.469 29.742 21.191 22.034 30.004 30.310 29.686 20.548 22.085 28.693 29.877 28.161 19.961 21.031 25.246 29.097 28.595 16/05/1976
11.638 10.461 12.185 15.139 18.922 10.592 10.699 12.282 15.248 17.718 11.078 10.936 13.093 13.213 17.571 11.370 14.050 16.571 16.754 15.809 12.588 14.083 15.883 16.495 17.398 12.160 14.529 16.100 17.439 17.672 17/05/1976
0.000 0.000 0.000 0.000 0.000 0.000 0.000 0.000 0.000 0.000 0.000 0.000 0.000 0.000 0.000 0.000 0.000 0.000 0.000 0.000 0.000 0.000 0.000 0.000 0.000 0.000 0.000 0.000 0.000 0.000 18/05/1976
0.000 0.000 0.000 0.000 0.000 0.000 0.000 0.000 0.000 0.000 0.000 0.000 0.000 0.000 0.031 0.000 0.000 0.000 0.000 0.000 0.000 0.000 0.000 0.000 0.000 0.000 0.000 0.000 0.000 0.000 19/05/1976
7.890 8.486 7.717 8.113 9.568 8.588 8.672 7.776 7.534 9.106 11.713 8.836 8.992 9.075 9.029 12.028 9.810 10.837 10.957 11.598 10.785 9.832 10.913 10.788 12.016 10.966 11.223 12.138 11.673 12.205 20/05/1976
6.042 3.630 1.698 1.150 1.193 3.675 3.711 1.711 1.334 1.630 2.413 1.985 1.587 1.603 1.616 2.159 2.142 2.264 2.288 1.207 2.130 2.147 2.599 2.255 2.415 1.727 2.059 2.408 2.311 2.441 21/05/1976
5.852 6.445 11.121 8.592 11.370 6.543 6.782 11.209 10.127 11.160 7.253 7.713 10.660 10.755 11.124 7.244 7.929 9.399 9.495 8.464 7.284 7.947 9.100 9.357 8.383 6.589 7.510 8.290 8.534 8.508 22/05/1976
0.549 0.440 0.545 0.795 0.778 0.458 0.465 0.544 0.824 0.965 0.599 0.454 0.753 0.759 0.964 0.809 0.158 0.345 0.316 0.425 0.487 0.158 0.322 0.350 0.128 0.229 0.000 0.103 0.103 0.137 23/05/1976
2.510 1.902 2.060 2.409 2.216 1.926 1.946 2.076 2.252 2.105 2.750 1.642 2.617 2.636 2.087 2.674 1.946 2.623 2.647 3.527 2.312 1.951 2.253 2.613 3.783 2.322 1.991 2.390 3.511 3.843 24/05/1976
5.564 6.408 4.545 4.692 4.864 6.489 6.556 4.578 5.643 5.909 3.280 3.879 6.202 6.205 5.864 3.298 6.777 7.607 7.690 8.958 2.959 6.793 7.150 7.573 4.210 2.087 1.953 2.325 2.589 4.275 25/05/1976
6.438 7.506 7.545 6.098 6.780 7.597 7.671 7.602 6.283 7.023 7.589 7.671 6.494 6.553 6.965 7.752 7.850 7.102 7.181 6.480 8.201 7.869 7.635 7.070 7.940 9.776 8.408 8.165 7.928 8.065 26/05/1976
1.946 2.013 1.885 1.774 2.161 2.025 2.036 1.890 2.330 2.704 1.727 2.816 3.186 3.215 2.681 1.688 2.142 2.516 2.537 2.366 3.511 2.147 2.599 2.507 1.507 3.749 2.130 2.562 2.375 1.504 27/05/1976
2.160 2.626 2.183 2.353 2.678 2.646 2.675 2.199 2.915 3.170 2.584 2.932 2.663 2.684 3.212 2.243 2.147 2.885 2.915 3.129 2.251 2.153 2.611 2.873 2.378 2.215 2.267 2.802 2.403 2.408 28/05/1976
0.131 0.143 0.108 0.195 0.116 0.148 0.150 0.109 0.137 0.161 0.233 0.160 0.130 0.133 0.159 0.248 0.175 0.251 0.251 0.153 0.416 0.175 0.270 0.250 0.285 0.764 0.352 0.460 0.439 0.286 29/05/1976
6.211 5.396 6.478 5.034 5.451 5.463 5.518 6.530 6.183 6.913 3.452 5.116 6.349 6.408 6.856 3.054 8.506 6.544 6.616 7.317 2.341 8.526 8.361 6.514 6.470 4.134 4.577 5.278 6.076 6.571 30/05/1976
0.253 0.450 0.366 0.446 0.489 0.450 0.452 0.368 0.355 0.540 1.494 0.791 0.561 0.549 0.536 1.512 1.375 0.719 0.723 0.511 2.022 1.378 1.700 0.717 0.647 2.065 1.705 2.163 0.996 0.640 31/05/1976
0.108 0.109 0.000 0.000 0.100 0.111 0.113 0.000 0.101 0.000 0.158 0.146 0.139 0.139 0.000 0.165 0.112 0.138 0.138 0.000 0.186 0.112 0.160 0.138 0.121 0.192 0.110 0.159 0.128 0.122 01/06/1976
0.000 0.000 0.000 0.000 0.000 0.000 0.000 0.000 0.000 0.000 0.000 0.000 0.000 0.000 0.000 0.000 0.000 0.000 0.000 0.000 0.000 0.000 0.000 0.000 0.000 0.000 0.000 0.000 0.000 0.000 02/06/1976
0.000 0.000 0.000 0.000 0.000 0.000 0.000 0.000 0.000 0.000 0.000 0.000 0.000 0.000 0.000 0.000 0.000 0.000 0.000 0.000 0.000 0.000 0.000 0.000 0.000 0.000 0.000 0.000 0.000 0.000 03/06/1976
0.000 0.000 0.000 0.000 0.000 0.000 0.000 0.000 0.000 0.000 0.000 0.000 0.000 0.000 0.000 0.000 0.000 0.000 0.000 0.000 0.000 0.000 0.000 0.000 0.000 0.000 0.000 0.000 0.000 0.000 04/06/1976
0.000 0.000 0.000 0.000 0.000 0.000 0.000 0.000 0.000 0.000 0.000 0.000 0.000 0.000 0.000 0.000 0.000 0.000 0.000 0.000 0.000 0.000 0.000 0.000 0.000 0.000 0.000 0.000 0.000 0.000 05/06/1976
0.000 0.000 0.000 0.000 0.000 0.000 0.000 0.000 0.000 0.000 0.000 0.000 0.000 0.000 0.000 0.000 0.000 0.000 0.000 0.000 0.000 0.000 0.000 0.000 0.000 0.000 0.000 0.000 0.000 0.000 06/06/1976
0.000 0.000 0.000 0.000 0.000 0.000 0.000 0.000 0.000 0.000 0.000 0.000 0.000 0.000 0.000 0.000 0.000 0.000 0.000 0.000 0.000 0.000 0.000 0.000 0.000 0.000 0.000 0.000 0.000 0.000 07/06/1976
0.000 0.000 0.000 0.000 0.000 0.000 0.000 0.000 0.000 0.000 0.000 0.000 0.000 0.000 0.000 0.000 0.000 0.000 0.000 0.000 0.000 0.000 0.000 0.000 0.000 0.000 0.000 0.000 0.000 0.000 08/06/1976
0.000 0.000 0.000 0.000 0.000 0.000 0.000 0.000 0.000 0.000 0.000 0.000 0.000 0.000 0.000 0.000 0.000 0.000 0.000 0.000 0.000 0.000 0.000 0.000 0.000 0.000 0.000 0.000 0.000 0.000 09/06/1976
0.725 0.646 0.237 0.000 0.000 0.654 0.660 0.239 0.000 0.000 0.142 0.481 0.128 0.129 0.000 0.151 0.000 0.000 0.000 0.000 0.000 0.000 0.118 0.000 0.000 0.159 0.000 0.000 0.000 0.000 10/06/1976
0.000 0.000 0.000 0.000 0.000 0.000 0.000 0.000 0.000 0.000 0.000 0.000 0.000 0.000 0.000 0.000 0.000 0.000 0.000 0.000 0.000 0.000 0.000 0.000 0.000 0.000 0.000 0.000 0.000 0.000 11/06/1976
0.000 0.000 0.000 0.000 0.000 0.000 0.000 0.000 0.000 0.000 0.000 0.000 0.000 0.000 0.000 0.000 0.000 0.000 0.000 0.000 0.000 0.000 0.000 0.000 0.000 0.000 0.000 0.000 0.000 0.000 12/06/1976
0.000 0.000 0.000 0.000 0.000 0.000 0.000 0.000 0.000 0.000 0.000 0.000 0.000 0.000 0.000 0.000 0.000 0.000 0.000 0.000 0.000 0.000 0.000 0.000 0.000 0.000 0.000 0.000 0.000 0.000 13/06/1976
0.000 0.000 0.000 0.000 0.000 0.000 0.000 0.000 0.000 0.000 0.000 0.000 0.000 0.000 0.000 0.000 0.000 0.000 0.000 0.000 0.000 0.000 0.000 0.000 0.000 0.000 0.000 0.000 0.000 0.000 14/06/1976
0.000 0.000 0.000 0.000 0.000 0.000 0.000 0.000 0.000 0.000 0.000 0.000 0.000 0.000 0.000 0.000 0.000 0.000 0.000 0.000 0.000 0.000 0.000 0.000 0.000 0.000 0.000 0.000 0.000 0.000 15/06/1976
0.000 0.000 0.000 0.000 0.000 0.000 0.000 0.000 0.000 0.000 0.000 0.000 0.000 0.000 0.000 0.000 0.000 0.000 0.000 0.000 0.000 0.000 0.000 0.000 0.000 0.000 0.000 0.000 0.000 0.000 16/06/1976
0.000 0.000 0.000 0.000 0.000 0.000 0.000 0.000 0.000 0.000 0.000 0.000 0.000 0.000 0.000 0.000 0.000 0.000 0.000 0.000 0.000 0.000 0.000 0.000 0.000 0.000 0.000 0.000 0.000 0.000 17/06/1976
0.000 0.000 0.000 0.000 0.000 0.000 0.000 0.000 0.000 0.000 0.000 0.000 0.000 0.000 0.000 0.000 0.000 0.000 0.000 0.000 0.000 0.000 0.000 0.000 0.000 0.000 0.000 0.000 0.000 0.000 18/06/1976
0.000 0.000 0.000 0.000 0.000 0.000 0.000 0.000 0.000 0.000 0.000 0.000 0.000 0.000 0.000 0.000 0.000 0.000 0.000 0.000 0.000 0.000 0.000 0.000 0.000 0.000 0.000 0.000 0.000 0.000 19/06/1976
0.480 0.310 0.474 0.510 0.624 0.314 0.318 0.478 0.263 0.511 0.200 0.265 0.233 0.236 0.508 0.279 0.000 0.196 0.196 0.191 0.000 0.000 0.149 0.196 0.114 0.000 0.000 0.000 0.000 0.114 20/06/1976
0.831 1.045 0.888 0.781 1.031 1.056 1.066 0.894 0.725 0.976 1.320 0.990 0.801 0.803 0.970 1.076 0.406 0.438 0.441 0.490 0.454 0.407 0.595 0.436 0.121 0.000 0.000 0.101 0.104 0.122 21/06/1976
0.000 0.000 0.000 0.000 0.000 0.000 0.000 0.000 0.000 0.000 0.000 0.000 0.000 0.000 0.000 0.000 0.000 0.000 0.000 0.132 0.000 0.000 0.000 0.000 0.474 0.000 0.000 0.124 0.275 0.477 22/06/1976
1.609 1.311 1.249 1.498 1.927 1.325 1.337 1.257 0.587 0.816 1.073 1.004 0.849 0.854 0.810 0.877 0.364 0.190 0.190 0.220 0.637 0.365 0.544 0.190 0.173 0.184 0.000 0.124 0.120 0.173 23/06/1976
0.000 0.000 0.000 0.000 0.000 0.000 0.000 0.000 0.000 0.000 0.000 0.000 0.000 0.000 0.000 0.000 0.000 0.000 0.000 0.000 0.000 0.000 0.000 0.000 0.000 0.000 0.000 0.000 0.000 0.000 24/06/1976
12.174 12.487 12.376 12.225 11.391 12.646 12.776 12.475 12.693 11.450 13.453 12.434 14.076 14.206 11.355 16.022 9.508 12.605 12.739 14.356 10.285 9.531 9.852 12.549 17.240 9.560 11.140 11.407 13.675 17.513 25/06/1976
0.000 0.000 0.000 0.000 0.000 0.000 0.000 0.000 0.000 0.000 0.000 0.000 0.000 0.000 0.000 0.000 0.000 0.000 0.000 0.000 0.000 0.000 0.000 0.000 0.000 0.000 0.000 0.000 0.000 0.000 26/06/1976
0.000 0.000 0.000 0.000 0.000 0.000 0.000 0.000 0.000 0.000 0.000 0.000 0.000 0.000 0.000 0.000 0.000 0.000 0.000 0.000 0.000 0.000 0.000 0.000 0.000 0.000 0.000 0.000 0.000 0.000 27/06/1976
0.000 0.000 0.000 0.000 0.000 0.000 0.000 0.000 0.000 0.000 0.000 0.000 0.000 0.000 0.000 0.000 0.000 0.000 0.000 0.000 0.000 0.000 0.000 0.000 0.000 0.000 0.000 0.000 0.000 0.000 28/06/1976
0.000 0.000 0.000 0.000 0.000 0.000 0.000 0.000 0.000 0.000 0.000 0.000 0.000 0.000 0.000 0.000 0.000 0.000 0.000 0.000 0.000 0.000 0.000 0.000 0.000 0.000 0.000 0.000 0.000 0.000 29/06/1976
0.000 0.000 0.000 0.000 0.000 0.000 0.000 0.000 0.000 0.000 0.000 0.000 0.000 0.000 0.000 0.000 0.000 0.000 0.000 0.000 0.000 0.000 0.000 0.000 0.000 0.000 0.000 0.000 0.000 0.000 30/06/1976
0.000 0.000 0.000 0.000 0.000 0.000 0.000 0.000 0.000 0.000 0.000 0.000 0.000 0.000 0.000 0.000 0.000 0.000 0.000 0.000 0.000 0.000 0.000 0.000 0.293 0.000 0.000 0.000 0.100 0.299 01/07/1976
2.649 4.458 4.153 1.813 2.432 4.515 4.561 4.186 3.097 3.269 4.314 4.272 2.977 3.000 3.242 4.234 3.514 2.894 2.925 4.677 5.010 3.522 3.984 2.885 10.836 6.786 5.379 6.668 7.848 11.002 02/07/1976
1.179 1.014 0.957 0.531 0.503 1.026 1.036 0.964 0.272 0.314 0.832 0.745 0.437 0.449 0.312 0.663 0.184 0.405 0.406 0.278 0.460 0.184 0.365 0.403 0.241 0.259 0.115 0.164 0.168 0.247 03/07/1976
0.000 0.000 0.000 0.000 0.000 0.000 0.000 0.000 0.000 0.000 0.000 0.000 0.000 0.000 0.000 0.000 0.000 0.000 0.000 0.000 0.000 0.000 0.000 0.000 0.000 0.000 0.000 0.000 0.000 0.000 04/07/1976
1.572 1.211 1.322 1.035 0.964 1.227 1.236 1.331 0.000 0.000 1.164 1.144 0.560 0.565 0.000 0.933 0.000 0.000 0.000 0.000 0.104 0.000 0.000 0.000 0.000 0.000 0.000 0.000 0.000 0.000 05/07/1976
2.775 2.882 2.492 2.326 2.415 2.918 2.947 2.511 1.519 2.006 4.136 3.327 1.894 1.911 1.990 3.747 2.652 1.285 1.299 0.784 3.124 2.657 3.130 1.280 0.878 2.225 1.229 1.362 0.824 0.896 06/07/1976
0.000 0.000 0.000 0.000 0.000 0.000 0.000 0.000 0.136 0.135 0.000 0.000 0.000 0.000 0.134 0.000 0.000 0.110 0.112 0.122 0.000 0.000 0.105 0.110 0.000 0.000 0.000 0.100 0.100 0.000 07/07/1976
0.000 0.000 0.000 0.000 0.000 0.000 0.000 0.000 0.000 0.000 0.000 0.000 0.000 0.000 0.000 0.000 0.000 0.000 0.000 0.000 0.000 0.000 0.000 0.000 0.000 0.000 0.000 0.000 0.000 0.000 08/07/1976
1.572 0.553 0.932 0.511 0.482 0.559 0.564 0.938 0.131 0.128 0.115 0.165 0.104 0.104 0.127 0.112 0.000 0.000 0.000 0.100 0.000 0.000 0.000 0.000 0.000 0.000 0.000 0.000 0.000 0.000 09/07/1976
0.546 0.728 0.723 0.919 0.863 0.728 0.732 0.723 0.578 0.688 0.588 0.599 0.608 0.613 0.684 0.484 0.182 0.422 0.429 0.354 0.445 0.182 0.360 0.419 0.112 0.203 0.102 0.133 0.123 0.114 10/07/1976
1.764 1.499 1.795 2.045 2.132 1.518 1.534 1.809 1.114 1.419 1.329 1.243 1.247 1.257 1.407 1.093 1.265 1.025 1.035 0.873 1.767 1.269 1.433 1.022 1.250 1.864 1.430 1.559 1.523 1.268 11/07/1976
0.408 0.397 0.228 0.317 0.258 0.402 0.408 0.230 0.103 0.000 0.303 0.229 0.106 0.107 0.000 0.265 0.000 0.100 0.000 0.107 0.341 0.000 0.000 0.000 0.159 0.668 0.202 0.399 0.103 0.159 12/07/1976
8.974 9.107 8.612 10.433 10.659 9.223 9.318 8.680 9.744 11.013 8.114 8.575 8.610 8.690 10.920 7.470 8.036 8.624 8.720 8.620 7.388 8.055 8.532 8.584 8.798 7.224 8.133 8.483 9.054 8.937 13/07/1976
4.912 4.481 4.528 5.072 5.173 4.534 4.577 4.562 4.134 4.801 3.901 4.000 3.932 3.961 4.760 3.589 3.327 3.960 3.995 3.935 3.529 3.334 3.947 3.945 3.154 3.433 2.826 3.286 3.241 3.200 14/07/1976
22.780 24.947 22.919 23.972 27.115 25.239 25.476 23.102 22.899 23.145 28.961 23.147 29.066 29.335 22.949 28.080 22.310 20.291 20.512 13.861 22.086 22.365 25.352 20.199 8.231 20.523 18.169 19.502 12.349 8.361 15/07/1976
10.718 12.318 18.432 22.613 20.414 12.475 12.602 18.579 22.216 18.656 11.444 13.089 21.651 21.852 18.497 13.340 12.495 12.032 12.157 10.358 11.375 12.525 13.063 11.979 9.761 8.168 10.564 10.818 9.284 9.917 16/07/1976
0.136 1.204 1.811 2.064 2.791 1.217 1.227 1.825 4.792 4.813 1.177 1.905 3.795 3.830 4.774 0.972 3.092 3.853 3.896 4.608 1.929 3.099 3.508 3.836 3.657 2.528 3.306 3.759 3.924 3.713 17/07/1976
0.000 0.000 0.000 0.000 0.000 0.000 0.000 0.000 0.000 0.000 0.000 0.000 0.000 0.000 0.000 0.000 0.000 0.000 0.000 0.000 0.000 0.000 0.000 0.000 0.000 0.000 0.000 0.000 0.000 0.000 18/07/1976
0.000 0.000 0.000 0.000 0.000 0.000 0.000 0.000 0.000 0.000 0.000 0.000 0.000 0.000 0.000 0.000 0.000 0.000 0.000 0.000 0.000 0.000 0.000 0.000 0.000 0.000 0.000 0.000 0.000 0.000 19/07/1976
1.206 2.826 2.323 1.933 2.634 2.862 2.891 2.341 3.028 3.210 4.132 2.373 2.690 2.713 3.184 3.946 3.216 2.482 2.510 2.432 2.427 3.224 3.680 2.471 2.346 2.109 2.733 3.131 3.257 2.384 20/07/1976
0.000 0.000 0.000 0.000 0.000 0.000 0.000 0.000 0.000 0.000 0.000 0.000 0.000 0.000 0.000 0.000 0.000 0.107 0.107 0.000 0.000 0.000 0.000 0.106 0.000 0.000 0.000 0.000 0.000 0.000 21/07/1976
0.000 0.000 0.000 0.000 0.000 0.000 0.000 0.000 0.000 0.000 0.000 0.000 0.000 0.000 0.000 0.000 0.000 0.000 0.000 0.000 0.000 0.000 0.000 0.000 0.000 0.000 0.000 0.000 0.000 0.000 22/07/1976
0.000 0.000 0.000 0.000 0.000 0.000 0.000 0.000 0.000 0.000 0.000 0.000 0.000 0.000 0.000 0.000 0.000 0.000 0.000 0.000 0.000 0.000 0.000 0.000 0.000 0.000 0.000 0.000 0.000 0.000 23/07/1976
0.000 0.000 0.000 0.000 0.000 0.000 0.000 0.000 0.000 0.000 0.000 0.000 0.000 0.000 0.000 0.000 0.000 0.000 0.000 0.000 0.000 0.000 0.000 0.000 0.000 0.000 0.000 0.000 0.000 0.000 24/07/1976
0.000 0.000 0.000 0.000 0.000 0.000 0.000 0.000 0.000 0.000 0.000 0.000 0.000 0.000 0.000 0.000 0.000 0.000 0.000 0.000 0.000 0.000 0.000 0.000 0.000 0.000 0.000 0.000 0.000 0.000 25/07/1976
0.000 0.000 0.000 0.000 0.000 0.000 0.000 0.000 0.000 0.000 0.000 0.000 0.000 0.000 0.000 0.000 0.000 0.000 0.000 0.000 0.000 0.000 0.000 0.000 0.000 0.000 0.000 0.000 0.000 0.000 26/07/1976
0.000 0.000 0.000 0.000 0.000 0.000 0.000 0.000 0.000 0.000 0.000 0.000 0.000 0.000 0.000 0.000 0.000 0.000 0.000 0.000 0.000 0.000 0.000 0.000 0.000 0.000 0.000 0.000 0.000 0.000 27/07/1976
0.000 0.000 0.000 0.000 0.000 0.000 0.000 0.000 0.000 0.000 0.000 0.000 0.000 0.000 0.000 0.000 0.000 0.000 0.000 0.170 0.000 0.000 0.000 0.000 0.898 0.000 0.272 0.377 0.000 0.906 28/07/1976
0.000 0.000 0.000 0.000 0.000 0.000 0.000 0.000 0.000 0.000 0.000 0.000 0.000 0.000 0.000 0.000 0.000 0.000 0.000 0.000 0.000 0.000 0.000 0.000 0.221 0.000 0.120 0.189 0.206 0.225 29/07/1976
0.000 0.000 0.000 0.000 0.000 0.000 0.000 0.000 0.000 0.000 0.000 0.000 0.000 0.000 0.000 0.000 0.000 0.000 0.000 0.000 0.000 0.000 0.000 0.000 0.000 0.000 0.000 0.000 0.000 0.000 30/07/1976
0.000 0.000 0.000 0.000 0.000 0.000 0.000 0.000 0.000 0.000 0.000 0.000 0.000 0.000 0.000 0.000 0.000 0.000 0.000 0.000 0.000 0.000 0.000 0.000 0.000 0.000 0.000 0.000 0.000 0.000 31/07/1976
