# 6448 6449 6450 6451 6452 6528 6529 6530 6531 6532 6610 6611 6612 6613 6614 6693 6694 6695 6696 6697 6776 6777 6778 6779 6780 6859 6860 6861 6862 6863 Date
13.235 11.845 10.934 7.440 9.192 11.994 12.116 11.018 3.300 3.615 10.867 6.543 5.983 6.037 3.589 10.192 3.501 2.870 2.902 2.428 4.822 3.510 4.154 2.857 2.281 2.782 2.048 2.142 1.921 2.313 01/08/1996
0.000 0.000 0.000 0.000 0.000 0.000 0.000 0.000 0.000 0.000 0.000 0.000 0.000 0.000 0.000 0.000 0.000 0.000 0.000 0.000 0.000 0.000 0.000 0.000 0.000 0.000 0.000 0.000 0.000 0.000 02/08/1996
0.000 0.000 0.000 0.000 0.000 0.000 0.000 0.000 0.000 0.000 0.000 0.000 0.000 0.000 0.000 0.000 0.000 0.000 0.000 0.000 0.000 0.000 0.000 0.000 0.000 0.000 0.000 0.000 0.000 0.000 03/08/1996
0.000 0.000 0.000 0.000 0.000 0.000 0.000 0.000 0.000 0.000 0.000 0.000 0.000 0.000 0.000 0.000 0.000 0.000 0.000 0.000 0.000 0.000 0.000 0.000 0.000 0.000 0.000 0.000 0.000 0.000 04/08/1996
0.000 0.000 0.000 0.000 0.000 0.000 0.000 0.000 0.000 0.000 0.000 0.000 0.000 0.000 0.000 0.000 0.000 0.000 0.000 0.000 0.000 0.000 0.000 0.000 0.000 0.000 0.000 0.000 0.000 0.000 05/08/1996
0.000 0.000 0.000 0.000 0.000 0.000 0.000 0.000 0.000 0.000 0.000 0.000 0.000 0.000 0.000 0.000 0.000 0.000 0.000 0.000 0.000 0.000 0.000 0.000 0.000 0.000 0.000 0.000 0.000 0.000 06/08/1996
0.000 0.000 0.000 0.000 0.000 0.000 0.000 0.000 0.000 0.000 0.000 0.000 0.000 0.000 0.000 0.000 0.000 0.000 0.000 0.000 0.000 0.000 0.000 0.000 0.000 0.000 0.000 0.000 0.000 0.000 07/08/1996
0.000 0.000 0.000 0.000 0.000 0.000 0.000 0.000 0.000 0.000 0.000 0.000 0.000 0.000 0.000 0.000 0.000 0.000 0.000 0.000 0.000 0.000 0.000 0.000 0.000 0.000 0.000 0.000 0.000 0.000 08/08/1996
0.000 0.000 0.000 0.000 0.000 0.000 0.000 0.000 0.000 0.000 0.000 0.000 0.000 0.000 0.000 0.000 0.000 0.000 0.000 0.000 0.000 0.000 0.000 0.000 0.000 0.000 0.000 0.000 0.000 0.000 09/08/1996
11.930 7.968 11.684 13.094 16.219 8.058 8.131 11.776 10.507 11.778 10.315 10.701 11.266 11.367 11.678 9.713 14.257 14.279 14.437 7.770 9.126 14.291 14.225 14.213 5.717 6.876 6.778 6.687 5.333 5.805 10/08/1996
0.000 0.000 0.000 0.000 0.000 0.000 0.000 0.000 0.000 0.000 0.000 0.000 0.000 0.000 0.000 0.000 0.000 0.000 0.000 0.000 0.000 0.000 0.000 0.000 0.000 0.000 0.000 0.000 0.000 0.000 11/08/1996
0.000 0.000 0.000 0.000 0.000 0.000 0.000 0.000 0.000 0.000 0.000 0.000 0.000 0.000 0.000 0.000 0.000 0.000 0.000 0.000 0.000 0.000 0.000 0.000 0.000 0.000 0.000 0.000 0.000 0.000 12/08/1996
0.000 0.000 0.000 0.000 0.000 0.000 0.000 0.000 0.000 0.000 0.000 0.000 0.000 0.000 0.000 0.000 0.000 0.000 0.000 0.000 0.000 0.000 0.000 0.000 0.000 0.000 0.000 0.000 0.000 0.000 13/08/1996
0.000 0.000 0.000 0.000 0.000 0.000 0.000 0.000 0.000 0.000 0.000 0.000 0.000 0.000 0.000 0.000 0.000 0.000 0.000 0.000 0.000 0.000 0.000 0.000 0.000 0.000 0.000 0.000 0.000 0.000 14/08/1996
0.000 0.000 0.000 0.000 0.000 0.000 0.000 0.000 0.000 0.000 0.000 0.000 0.000 0.000 0.000 0.000 0.000 0.000 0.000 0.000 0.000 0.000 0.000 0.000 0.000 0.000 0.000 0.000 0.000 0.000 15/08/1996
0.000 0.000 0.000 0.000 0.000 0.000 0.000 0.000 0.000 0.000 0.000 0.000 0.000 0.000 0.000 0.000 0.000 0.000 0.000 0.000 0.000 0.000 0.000 0.000 0.000 0.000 0.000 0.000 0.000 0.000 16/08/1996
0.000 0.000 0.000 0.000 0.000 0.000 0.000 0.000 0.000 0.000 0.000 0.000 0.000 0.000 0.000 0.000 0.000 0.000 0.000 0.000 0.000 0.000 0.000 0.000 0.000 0.000 0.000 0.000 0.000 0.000 17/08/1996
0.317 0.347 0.542 1.421 1.767 0.350 0.353 0.547 2.105 2.640 0.784 0.625 1.776 1.790 2.624 0.788 1.282 2.575 2.604 2.484 1.811 1.285 1.637 2.563 2.440 2.993 2.448 2.736 2.658 2.478 18/08/1996
0.359 0.384 0.000 0.000 0.000 0.388 0.391 0.000 0.297 0.395 0.561 0.407 0.499 0.501 0.388 0.602 0.348 0.275 0.285 0.476 0.948 0.348 0.547 0.271 0.425 1.158 0.747 1.125 0.117 0.432 19/08/1996
0.000 0.000 0.000 0.000 0.000 0.000 0.000 0.000 0.000 0.000 0.000 0.000 0.000 0.000 0.000 0.000 0.000 0.000 0.000 0.000 0.000 0.000 0.000 0.000 0.000 0.000 0.000 0.000 0.000 0.000 20/08/1996
0.000 0.000 0.000 0.000 0.000 0.000 0.000 0.000 0.000 0.000 0.000 0.000 0.000 0.000 0.000 0.000 0.000 0.000 0.000 0.000 0.000 0.000 0.000 0.000 0.000 0.000 0.000 0.000 0.000 0.000 21/08/1996
0.000 0.000 0.000 0.000 0.000 0.000 0.000 0.000 0.000 0.000 0.000 0.000 0.000 0.000 0.000 0.000 0.000 0.000 0.000 0.000 0.000 0.000 0.000 0.000 0.000 0.000 0.000 0.000 0.000 0.000 22/08/1996
0.000 0.000 0.000 0.000 0.000 0.000 0.000 0.000 0.000 0.000 0.000 0.000 0.000 0.000 0.000 0.000 0.000 0.000 0.000 0.000 0.000 0.000 0.000 0.000 0.000 0.000 0.000 0.000 0.000 0.000 23/08/1996
0.000 0.000 0.000 0.000 0.100 0.000 0.000 0.000 0.110 0.100 0.000 0.000 0.106 0.106 0.100 0.000 0.000 0.000 0.000 0.113 0.000 0.000 0.000 0.000 0.000 0.000 0.000 0.000 0.000 0.000 24/08/1996
0.000 0.000 0.000 0.000 0.000 0.000 0.000 0.000 0.000 0.000 0.000 0.000 0.000 0.000 0.000 0.000 0.000 0.000 0.000 0.000 0.000 0.000 0.000 0.000 0.000 0.000 0.000 0.000 0.000 0.000 25/08/1996
0.000 0.000 0.000 0.000 0.000 0.000 0.000 0.000 0.000 0.000 0.000 0.000 0.000 0.000 0.000 0.000 0.000 0.000 0.000 0.000 0.000 0.000 0.000 0.000 0.000 0.000 0.000 0.000 0.000 0.000 26/08/1996
0.000 0.000 0.000 0.000 0.000 0.000 0.000 0.000 0.000 0.000 0.000 0.000 0.000 0.000 0.000 0.000 0.000 0.000 0.000 0.000 0.000 0.000 0.000 0.000 0.000 0.000 0.000 0.000 0.000 0.000 27/08/1996
0.000 0.000 0.000 0.000 0.000 0.000 0.000 0.000 0.000 0.000 0.000 0.000 0.000 0.000 0.000 0.000 0.000 0.000 0.000 0.000 0.000 0.000 0.000 0.000 0.000 0.000 0.000 0.000 0.000 0.000 28/08/1996
0.000 0.000 0.000 0.000 0.000 0.000 0.000 0.000 0.000 0.000 0.000 0.000 0.000 0.000 0.000 0.000 0.000 0.000 0.000 0.000 0.000 0.000 0.000 0.000 0.000 0.000 0.000 0.000 0.000 0.000 29/08/1996
0.000 0.000 0.000 0.000 0.000 0.000 0.000 0.000 0.100 0.000 0.000 0.000 0.000 0.000 0.000 0.000 0.000 0.000 0.000 0.000 0.000 0.000 0.000 0.000 0.000 0.000 0.000 0.000 0.100 0.000 30/08/1996
0.000 0.000 0.000 0.000 0.000 0.000 0.000 0.000 0.000 0.000 0.000 0.000 0.000 0.000 0.000 0.000 0.000 0.000 0.000 0.000 0.000 0.000 0.000 0.000 0.000 0.000 0.000 0.000 0.000 0.000 31/08/1996
0.000 0.000 0.000 0.000 0.000 0.000 0.000 0.000 0.000 0.000 0.000 0.000 0.000 0.000 0.000 0.000 0.000 0.000 0.000 0.000 0.000 0.000 0.000 0.000 0.000 0.000 0.000 0.000 0.000 0.000 01/09/1996
0.000 0.000 0.000 0.000 0.000 0.000 0.000 0.000 0.000 0.000 0.000 0.000 0.000 0.000 0.000 0.000 0.000 0.000 0.000 0.000 0.000 0.000 0.000 0.000 0.000 0.000 0.000 0.000 0.000 0.000 02/09/1996
0.000 0.000 0.000 0.000 0.000 0.000 0.000 0.000 0.000 0.000 0.000 0.000 0.000 0.000 0.000 0.000 0.000 0.000 0.000 0.000 0.000 0.000 0.000 0.000 0.000 0.000 0.000 0.000 0.000 0.000 03/09/1996
0.000 0.000 0.000 0.000 0.000 0.000 0.000 0.000 0.000 0.000 0.000 0.155 0.000 0.000 0.000 0.000 0.000 0.000 0.000 0.000 0.000 0.000 0.000 0.000 0.000 0.000 0.000 0.000 0.000 0.000 04/09/1996
0.000 0.000 0.000 0.000 0.000 0.000 0.000 0.000 0.000 0.000 0.000 0.000 0.000 0.000 0.000 0.000 0.000 0.000 0.000 0.000 0.000 0.000 0.000 0.000 0.000 0.000 0.000 0.000 0.000 0.000 05/09/1996
0.000 0.000 0.000 0.117 0.000 0.000 0.000 0.000 0.000 0.000 0.000 0.000 0.000 0.000 0.000 0.000 0.000 0.000 0.000 0.000 0.000 0.000 0.000 0.000 0.000 0.000 0.000 0.000 0.000 0.000 06/09/1996
0.000 0.000 0.000 0.000 0.000 0.000 0.000 0.000 0.000 0.000 0.000 0.000 0.000 0.000 0.000 0.000 0.000 0.000 0.000 0.000 0.000 0.000 0.000 0.000 0.000 0.000 0.000 0.000 0.000 0.000 07/09/1996
0.000 0.000 0.000 0.000 0.000 0.000 0.000 0.000 0.000 0.000 0.000 0.000 0.000 0.000 0.000 0.000 0.000 0.000 0.000 0.000 0.000 0.000 0.000 0.000 0.000 0.000 0.000 0.000 0.000 0.000 08/09/1996
0.000 0.000 0.000 0.000 0.000 0.000 0.000 0.000 0.000 0.000 0.000 0.155 0.000 0.000 0.000 0.000 0.000 0.000 0.000 0.000 0.000 0.000 0.000 0.000 0.000 0.000 0.000 0.000 0.000 0.000 09/09/1996
4.595 4.332 3.427 4.148 4.543 4.390 4.437 3.453 2.610 3.254 7.178 3.966 3.545 3.574 3.226 7.367 3.050 3.086 3.105 2.149 3.798 3.057 4.037 3.076 1.695 2.007 1.654 1.924 1.739 1.724 10/09/1996
0.000 0.000 0.000 0.000 0.000 0.000 0.000 0.000 0.000 0.000 0.000 0.000 0.000 0.000 0.000 0.000 0.000 0.000 0.000 0.000 0.000 0.000 0.000 0.000 0.000 0.000 0.000 0.000 0.000 0.000 11/09/1996
2.951 1.634 1.851 2.173 2.316 1.656 1.666 1.861 2.221 2.674 1.483 1.502 2.212 2.232 2.652 1.584 1.181 1.754 1.776 1.668 1.306 1.184 1.598 1.745 1.149 0.618 0.521 0.794 0.854 1.163 12/09/1996
3.360 3.729 4.206 5.425 6.136 3.776 3.814 4.238 5.933 6.320 3.330 4.099 4.890 4.909 6.268 3.743 3.658 4.812 4.859 5.380 3.659 3.665 4.623 4.792 4.718 3.219 3.188 4.169 4.494 4.787 13/09/1996
0.000 0.000 0.000 0.040 0.000 0.000 0.000 0.000 0.000 0.000 0.000 0.000 0.000 0.000 0.000 0.000 0.000 0.000 0.000 0.000 0.000 0.000 0.000 0.000 0.000 0.000 0.000 0.000 0.000 0.000 14/09/1996
1.882 1.190 0.600 0.292 0.100 1.201 1.212 0.601 0.141 0.000 0.323 0.212 0.172 0.172 0.000 0.394 0.108 0.123 0.122 0.128 0.179 0.108 0.162 0.124 0.151 0.182 0.000 0.118 0.110 0.153 15/09/1996
1.481 1.866 1.866 1.595 1.835 1.878 1.880 1.874 1.811 2.097 1.650 1.751 2.366 2.139 2.084 1.765 0.803 1.812 1.831 1.716 1.437 0.805 1.181 1.804 2.088 1.370 0.728 1.062 1.808 2.121 16/09/1996
0.132 0.165 0.201 0.340 0.100 0.168 0.170 0.201 0.202 0.116 0.228 0.228 0.301 0.304 0.117 0.226 0.366 0.273 0.275 0.248 0.671 0.367 0.599 0.272 0.258 0.766 0.434 0.704 0.495 0.261 17/09/1996
0.000 0.000 0.000 0.000 0.000 0.000 0.000 0.000 0.000 0.000 0.000 0.000 0.000 0.000 0.000 0.000 0.000 0.000 0.000 0.000 0.000 0.000 0.000 0.000 0.000 0.000 0.000 0.000 0.000 0.000 18/09/1996
14.677 11.676 15.060 19.369 25.433 11.824 11.945 15.180 16.248 16.601 10.193 10.216 13.160 13.282 16.460 10.394 10.610 13.391 13.540 12.945 10.213 10.635 12.056 13.329 11.382 8.203 9.180 9.756 9.990 11.558 19/09/1996
0.000 0.000 0.000 0.000 0.000 0.000 0.000 0.000 0.000 0.000 0.000 0.000 0.000 0.000 0.000 0.000 0.106 0.133 0.134 0.129 0.124 0.106 0.144 0.134 0.407 0.163 0.120 0.184 0.165 0.461 20/09/1996
0.146 0.000 0.000 0.000 0.000 0.000 0.000 0.000 0.000 0.000 0.000 0.000 0.000 0.000 0.000 0.000 0.000 0.000 0.000 0.000 0.000 0.000 0.000 0.000 0.000 0.000 0.000 0.000 0.000 0.000 21/09/1996
0.000 0.000 0.000 0.168 0.100 0.000 0.000 0.000 0.000 0.000 0.000 0.102 0.137 0.136 0.000 0.000 0.000 0.118 0.119 0.000 0.159 0.000 0.117 0.118 0.000 0.130 0.000 0.000 0.000 0.000 22/09/1996
8.837 11.231 13.316 15.457 18.624 11.371 11.485 13.418 19.063 18.871 10.279 10.759 16.981 17.139 18.710 10.386 14.172 17.391 17.584 15.359 10.100 14.205 15.298 17.310 13.866 12.698 14.317 15.712 17.980 14.086 23/09/1996
19.324 9.704 20.423 19.138 22.475 9.829 9.931 20.586 19.099 18.922 6.110 8.774 11.009 11.111 18.760 6.267 5.624 10.142 10.253 13.811 6.865 5.636 6.593 10.095 10.979 6.554 7.447 8.165 8.996 11.152 24/09/1996
1.925 2.234 2.284 2.789 3.168 2.256 2.273 2.301 2.477 2.585 1.769 2.075 2.060 2.075 2.563 1.951 1.902 2.132 2.154 2.101 1.703 1.907 2.187 2.123 2.163 1.780 2.180 2.519 2.324 2.198 25/09/1996
0.000 0.000 0.000 0.000 0.000 0.000 0.000 0.000 0.000 0.000 0.000 0.000 0.000 0.000 0.000 0.000 0.000 0.000 0.000 0.000 0.000 0.000 0.000 0.000 0.000 0.000 0.000 0.000 0.000 0.000 26/09/1996
0.000 0.000 0.000 0.000 0.000 0.000 0.000 0.000 0.000 0.000 0.000 0.000 0.000 0.000 0.000 0.000 0.000 0.000 0.000 0.000 0.000 0.000 0.000 0.000 0.000 0.000 0.000 0.000 0.000 0.000 27/09/1996
0.000 0.000 0.000 0.000 0.000 0.000 0.000 0.000 0.000 0.000 0.000 0.000 0.000 0.000 0.000 0.000 0.000 0.000 0.000 0.000 0.000 0.000 0.000 0.000 0.000 0.000 0.000 0.000 0.000 0.000 28/09/1996
0.000 0.000 0.000 0.000 0.000 0.000 0.000 0.000 0.000 0.000 0.000 0.000 0.000 0.000 0.000 0.000 0.000 0.000 0.000 0.000 0.000 0.000 0.000 0.000 0.000 0.000 0.000 0.000 0.000 0.000 29/09/1996
1.505 1.957 1.584 1.073 1.079 1.982 2.002 1.596 0.813 0.656 3.051 2.342 1.644 1.653 0.655 3.399 2.364 1.369 1.383 0.457 3.406 2.370 2.846 1.363 1.073 2.824 1.869 2.114 1.101 1.089 30/09/1996
5.794 5.659 5.025 3.021 3.331 5.731 5.790 5.064 4.407 4.949 5.079 5.170 3.125 3.154 4.907 5.016 2.962 3.431 3.463 3.222 3.123 2.969 3.732 3.416 3.036 4.828 3.241 3.906 3.991 3.082 01/10/1996
10.315 12.625 11.235 10.645 12.063 12.779 12.905 11.323 10.220 11.386 14.165 12.498 12.533 12.649 11.289 14.476 12.383 12.447 12.584 11.095 13.009 12.412 12.937 12.390 10.481 11.720 12.348 12.755 11.615 10.647 02/10/1996
0.101 0.315 0.100 0.000 0.000 0.319 0.320 0.100 0.166 0.100 1.383 1.079 0.491 0.489 0.100 1.475 1.497 1.264 1.278 0.534 1.996 1.500 1.800 1.258 1.296 2.321 1.940 2.186 1.929 1.314 03/10/1996
4.121 4.327 4.202 4.715 5.465 4.385 4.432 4.234 5.882 6.293 4.190 4.265 4.898 4.916 6.244 4.576 3.069 5.056 5.093 6.087 3.308 3.077 4.071 5.035 6.716 2.682 2.569 3.267 5.038 6.825 04/10/1996
0.000 0.000 0.000 0.000 0.000 0.000 0.000 0.000 0.000 0.000 0.000 0.000 0.000 0.000 0.000 0.000 0.000 0.000 0.000 0.000 0.000 0.000 0.000 0.000 0.000 0.000 0.000 0.000 0.000 0.000 05/10/1996
0.000 0.000 0.000 0.000 0.000 0.000 0.000 0.000 0.000 0.000 0.000 0.155 0.000 0.000 0.000 0.000 0.000 0.000 0.000 0.000 0.000 0.000 0.000 0.000 0.000 0.000 0.000 0.000 0.000 0.000 06/10/1996
0.000 0.000 0.000 0.000 0.000 0.000 0.000 0.000 0.000 0.000 0.000 0.000 0.000 0.000 0.000 0.000 0.000 0.000 0.000 0.000 0.000 0.000 0.000 0.000 0.000 0.000 0.000 0.000 0.000 0.000 07/10/1996
0.000 0.000 0.129 0.210 0.100 0.000 0.000 0.130 0.255 0.224 0.000 0.000 0.000 0.000 0.222 0.000 0.000 0.000 0.000 0.212 0.000 0.000 0.000 0.000 0.104 0.000 0.000 0.000 0.000 0.105 08/10/1996
0.000 0.000 0.000 0.000 0.000 0.000 0.000 0.000 0.000 0.000 0.000 0.000 0.000 0.000 0.000 0.000 0.000 0.000 0.000 0.000 0.000 0.000 0.000 0.000 0.000 0.000 0.000 0.000 0.000 0.000 09/10/1996
0.000 0.000 0.000 0.000 0.000 0.000 0.000 0.000 0.000 0.000 0.000 0.000 0.000 0.000 0.000 0.000 0.000 0.000 0.000 0.000 0.102 0.000 0.000 0.000 0.101 0.145 0.112 0.103 0.101 0.101 10/10/1996
3.449 2.987 2.501 2.120 2.362 3.025 3.056 2.520 0.875 1.147 1.643 1.624 1.592 1.607 1.137 1.719 0.289 0.743 0.751 0.847 0.528 0.290 0.327 0.747 0.123 0.290 0.178 0.196 0.160 0.124 11/10/1996
0.703 0.186 0.137 0.140 0.000 0.187 0.188 0.138 0.147 0.100 0.106 0.000 0.000 0.000 0.100 0.110 0.000 0.000 0.000 0.100 0.000 0.000 0.000 0.000 0.000 0.000 0.000 0.000 0.000 0.000 12/10/1996
6.851 7.120 7.477 8.237 9.021 7.210 7.284 7.536 8.626 9.058 6.627 7.173 8.059 8.133 8.983 5.904 5.629 7.452 7.532 8.234 6.013 5.642 7.002 7.419 7.938 5.582 5.485 6.651 7.599 8.062 13/10/1996
0.112 0.249 0.486 2.080 2.484 0.246 0.246 0.490 0.457 0.678 0.147 0.196 0.651 0.656 0.677 0.148 0.355 0.613 0.617 0.592 0.164 0.356 0.365 0.610 1.472 0.155 0.751 0.785 1.246 1.495 14/10/1996
0.000 0.000 0.000 0.000 0.000 0.000 0.000 0.000 0.000 0.000 0.000 0.000 0.000 0.000 0.000 0.000 0.000 0.000 0.000 0.000 0.000 0.000 0.000 0.000 0.000 0.000 0.000 0.000 0.000 0.000 15/10/1996
7.613 7.360 7.733 6.085 7.004 7.454 7.530 7.795 6.999 6.722 7.826 7.460 8.728 8.808 6.665 7.522 7.591 8.282 8.373 6.698 7.271 7.608 8.344 8.244 6.205 7.163 7.914 8.369 7.612 6.302 16/10/1996
3.238 3.148 2.096 3.671 3.812 3.189 3.221 2.111 1.805 2.269 3.494 2.961 2.417 2.435 2.254 3.685 2.096 2.083 2.104 1.518 2.556 2.101 2.457 2.074 1.292 3.476 1.565 1.858 1.436 1.312 17/10/1996
0.196 0.208 0.190 0.132 0.000 0.209 0.212 0.191 0.117 0.000 0.390 0.214 0.130 0.131 0.000 0.481 0.175 0.160 0.166 0.129 0.509 0.175 0.182 0.157 0.186 0.839 0.329 0.379 0.375 0.187 18/10/1996
0.000 0.000 0.000 0.000 0.000 0.000 0.000 0.000 0.000 0.000 0.000 0.000 0.000 0.000 0.000 0.000 0.000 0.000 0.000 0.000 0.000 0.000 0.000 0.000 0.000 0.000 0.000 0.000 0.000 0.000 19/10/1996
0.000 0.000 0.000 0.000 0.000 0.000 0.000 0.000 0.000 0.000 0.000 0.000 0.000 0.000 0.000 0.000 0.000 0.000 0.000 0.000 0.000 0.000 0.000 0.000 0.000 0.000 0.000 0.000 0.000 0.000 20/10/1996
0.000 0.000 0.000 0.000 0.000 0.000 0.000 0.000 0.000 0.000 0.000 0.000 0.000 0.000 0.000 0.000 0.104 0.000 0.000 0.000 0.000 0.000 0.000 0.000 0.000 0.000 0.000 0.000 0.000 0.000 21/10/1996
0.000 0.000 0.000 0.000 0.000 0.000 0.000 0.000 0.000 0.000 0.000 0.000 0.000 0.000 0.000 0.000 0.000 0.000 0.000 0.000 0.000 0.000 0.000 0.000 0.000 0.000 0.000 0.000 0.000 0.000 22/10/1996
0.000 0.000 0.000 0.000 0.000 0.000 0.000 0.000 0.000 0.000 0.000 0.000 0.000 0.000 0.000 0.000 0.000 0.000 0.000 0.000 0.000 0.000 0.000 0.000 0.000 0.000 0.000 0.000 0.000 0.000 23/10/1996
0.000 0.000 0.000 0.000 0.000 0.000 0.000 0.000 0.000 0.000 0.000 0.000 0.000 0.000 0.000 0.000 0.000 0.000 0.000 0.000 0.000 0.000 0.000 0.000 0.000 0.000 0.000 0.000 0.000 0.000 24/10/1996
0.000 0.000 0.000 0.000 0.000 0.000 0.000 0.000 0.000 0.000 0.000 0.000 0.000 0.000 0.000 0.000 0.000 0.000 0.000 0.000 0.000 0.000 0.000 0.000 0.000 0.000 0.000 0.000 0.000 0.000 25/10/1996
0.000 0.000 0.000 0.000 0.000 0.000 0.000 0.000 0.000 0.000 0.000 0.000 0.000 0.000 0.000 0.000 0.000 0.000 0.000 0.000 0.000 0.000 0.000 0.000 0.000 0.000 0.000 0.000 0.000 0.000 26/10/1996
0.000 0.000 0.000 0.000 0.000 0.000 0.000 0.000 0.000 0.000 0.000 0.000 0.000 0.000 0.000 0.000 0.000 0.000 0.000 0.000 0.000 0.000 0.000 0.000 0.000 0.000 0.000 0.000 0.000 0.000 27/10/1996
0.100 0.000 0.100 0.113 0.000 0.000 0.000 0.100 0.131 0.000 0.100 0.000 0.127 0.128 0.000 0.000 0.075 0.122 0.126 0.136 0.000 0.075 0.127 0.121 0.136 0.000 0.000 0.122 0.133 0.138 28/10/1996
0.121 0.104 0.000 0.102 0.000 0.104 0.104 0.000 0.139 0.000 0.000 0.000 0.120 0.121 0.000 0.000 0.000 0.128 0.129 0.120 0.000 0.000 0.110 0.128 0.000 0.000 0.000 0.122 0.138 0.000 29/10/1996
0.290 0.305 0.000 0.000 0.000 0.290 0.286 0.000 0.000 0.000 0.207 0.246 0.000 0.000 0.000 0.197 0.174 0.000 0.000 0.000 0.173 0.173 0.238 0.000 0.000 0.107 0.107 0.135 0.000 0.000 30/10/1996
0.000 0.000 0.000 0.000 0.000 0.000 0.000 0.000 0.000 0.000 0.000 0.000 0.000 0.000 0.000 0.000 0.000 0.000 0.000 0.000 0.000 0.000 0.000 0.000 0.000 0.000 0.000 0.000 0.000 0.000 31/10/1996
0.000 0.000 0.000 0.000 0.000 0.000 0.000 0.000 0.000 0.000 0.000 0.000 0.000 0.000 0.000 0.000 0.000 0.000 0.000 0.000 0.000 0.000 0.000 0.000 0.000 0.000 0.000 0.000 0.000 0.000 01/11/1996
0.000 0.000 0.000 0.000 0.000 0.000 0.000 0.000 0.000 0.000 0.000 0.000 0.000 0.000 0.000 0.000 0.000 0.000 0.000 0.000 0.000 0.000 0.000 0.000 0.000 0.000 0.000 0.000 0.000 0.000 02/11/1996
0.000 0.000 0.000 0.000 0.000 0.000 0.000 0.000 0.000 0.000 0.000 0.000 0.000 0.000 0.000 0.000 0.000 0.000 0.000 0.000 0.000 0.000 0.000 0.000 0.000 0.000 0.000 0.000 0.000 0.000 03/11/1996
0.000 0.000 0.000 0.000 0.000 0.000 0.000 0.000 0.000 0.000 0.000 0.000 0.000 0.000 0.000 0.000 0.000 0.000 0.000 0.000 0.000 0.000 0.000 0.000 0.000 0.103 0.000 0.000 0.000 0.000 04/11/1996
0.000 0.000 0.000 0.000 0.000 0.000 0.000 0.000 0.000 0.000 0.000 0.000 0.000 0.000 0.000 0.000 0.000 0.000 0.000 0.000 0.000 0.000 0.000 0.000 0.000 0.000 0.000 0.000 0.000 0.000 05/11/1996
0.000 0.000 0.000 0.000 0.000 0.000 0.000 0.000 0.000 0.000 0.000 0.000 0.000 0.000 0.000 0.000 0.000 0.000 0.000 0.000 0.000 0.000 0.000 0.000 0.000 0.000 0.000 0.000 0.000 0.000 06/11/1996
0.000 0.000 0.000 0.000 0.000 0.000 0.000 0.000 0.000 0.000 0.000 0.000 0.000 0.000 0.000 0.000 0.000 0.000 0.000 0.000 0.000 0.000 0.000 0.000 0.000 0.000 0.000 0.000 0.000 0.000 07/11/1996
0.633 0.132 0.202 0.338 0.122 0.133 0.134 0.202 0.142 0.000 0.000 0.000 0.000 0.000 0.000 0.000 0.000 0.000 0.000 0.000 0.000 0.000 0.000 0.000 0.000 0.000 0.000 0.000 0.000 0.000 08/11/1996
3.569 2.475 1.866 1.606 1.628 2.504 2.528 1.879 1.093 1.453 1.989 1.498 0.877 0.881 1.446 2.062 0.336 0.619 0.627 0.430 0.628 0.338 0.391 0.620 0.172 0.275 0.127 0.119 0.120 0.175 09/11/1996
2.070 1.671 1.625 1.706 1.701 1.688 1.703 1.637 0.775 0.987 1.521 1.235 0.921 0.927 0.981 1.527 0.425 0.315 0.319 0.282 1.107 0.428 0.550 0.314 0.253 0.666 0.220 0.251 0.263 0.256 10/11/1996
0.451 0.435 0.379 0.628 0.418 0.441 0.445 0.382 0.487 0.691 0.822 0.551 0.356 0.360 0.687 0.832 0.300 0.686 0.695 0.583 0.916 0.301 0.343 0.692 0.692 0.835 0.353 0.405 0.570 0.695 11/11/1996
2.930 2.917 3.072 2.772 3.023 2.954 2.982 3.097 2.222 2.879 2.409 2.266 2.300 2.436 2.855 2.528 1.255 1.708 1.726 1.941 1.413 1.258 1.594 1.700 1.473 0.559 0.311 0.356 0.943 1.495 12/11/1996
1.343 2.408 3.175 2.505 2.912 2.434 2.456 3.200 3.293 3.836 2.276 3.190 3.922 3.954 3.805 2.359 2.485 3.828 3.868 3.725 2.171 2.489 3.069 3.813 3.347 1.701 1.953 2.203 2.952 3.399 13/11/1996
1.357 1.515 1.577 1.632 1.647 1.520 1.535 1.589 1.266 1.559 1.562 1.597 1.481 1.494 1.548 1.556 1.229 1.287 1.301 0.994 1.517 1.232 1.558 1.281 0.419 1.350 1.113 1.404 0.978 0.426 14/11/1996
4.034 4.061 4.564 6.188 6.850 4.103 4.137 4.600 6.468 7.357 3.948 4.047 5.254 5.302 7.295 4.219 4.322 5.859 5.916 7.297 4.740 4.332 4.954 5.835 8.536 5.108 4.793 5.809 7.153 8.671 15/11/1996
1.994 1.570 1.269 1.577 1.606 1.581 1.597 1.268 1.040 1.414 1.918 1.804 1.502 1.515 1.406 1.993 1.656 1.933 1.948 1.350 2.503 1.659 1.937 1.927 2.175 2.775 2.077 2.407 2.073 2.209 16/11/1996
24.204 24.618 22.574 21.574 27.253 24.923 25.172 22.751 27.055 29.766 24.785 24.897 27.686 27.943 29.518 25.072 27.385 27.750 28.058 28.020 25.729 27.446 28.139 27.621 26.836 26.604 27.053 27.339 33.679 27.261 17/11/1996
0.000 0.145 0.142 0.285 0.100 0.149 0.150 0.144 0.129 0.000 0.880 0.309 0.196 0.195 0.000 0.754 0.939 0.572 0.567 0.205 2.376 0.941 1.353 0.572 0.249 2.252 1.222 1.612 0.747 0.252 18/11/1996
1.904 2.042 2.501 4.481 4.107 2.063 2.080 2.481 3.117 3.294 1.824 2.232 2.676 2.774 3.878 1.889 1.334 2.871 3.162 3.098 1.465 1.354 1.817 2.821 2.989 2.448 2.745 3.211 1.795 3.153 19/11/1996
0.410 0.882 0.848 1.225 1.963 0.764 0.772 0.854 0.386 1.123 0.573 0.439 0.242 0.243 1.113 0.927 0.357 0.206 0.207 0.148 1.207 0.358 0.471 0.206 0.235 1.260 0.478 0.475 0.302 0.238 20/11/1996
0.215 0.128 0.404 0.684 0.736 0.129 0.130 0.407 0.788 0.637 0.000 0.116 0.305 0.298 0.636 0.101 0.116 0.264 0.264 0.717 0.142 0.116 0.164 0.263 1.024 0.318 0.139 0.203 0.267 1.033 21/11/1996
19.690 19.584 19.714 16.759 19.876 19.833 20.036 19.872 18.535 18.411 13.239 17.342 16.921 17.078 18.254 13.324 12.989 14.680 14.843 14.382 9.987 13.020 13.574 14.612 13.569 8.073 11.877 12.264 13.348 13.784 22/11/1996
8.663 11.676 9.567 10.108 11.468 11.819 11.936 9.644 9.252 10.010 11.343 11.760 9.697 9.781 9.937 11.288 11.382 10.190 10.303 9.147 10.093 11.409 11.620 10.143 9.520 10.378 12.263 12.665 12.293 9.661 23/11/1996
0.000 0.000 0.000 0.000 0.000 0.000 0.000 0.000 0.000 0.000 0.000 0.000 0.000 0.000 0.000 0.000 0.000 0.000 0.000 0.000 0.000 0.000 0.000 0.000 0.000 0.000 0.000 0.000 0.000 0.000 24/11/1996
0.000 0.000 0.000 0.000 0.000 0.000 0.000 0.000 0.000 0.000 0.000 0.000 0.000 0.000 0.000 0.000 0.000 0.000 0.000 0.000 0.000 0.000 0.000 0.000 0.000 0.000 0.000 0.000 0.000 0.000 25/11/1996
0.000 0.000 0.000 0.000 0.000 0.000 0.000 0.000 0.000 0.000 0.000 0.000 0.000 0.000 0.000 0.000 0.000 0.000 0.000 0.000 0.000 0.000 0.000 0.000 0.000 0.000 0.000 0.000 0.000 0.000 26/11/1996
7.447 7.797 7.153 8.024 9.827 7.891 7.966 7.205 9.358 10.389 8.180 8.915 9.386 9.470 10.300 8.627 10.761 12.671 12.812 12.693 9.821 10.787 12.624 12.612 13.401 11.738 13.230 14.835 14.197 13.613 27/11/1996
16.460 18.433 17.919 17.435 21.999 18.666 18.856 18.225 25.617 27.537 17.869 26.513 26.199 26.442 27.306 19.324 21.407 24.689 24.963 31.379 25.810 21.458 23.099 24.574 18.989 12.738 14.551 15.986 17.774 19.285 28/11/1996
0.472 0.237 0.338 0.905 0.703 0.236 0.238 0.331 0.874 0.795 0.392 0.235 0.513 0.787 0.789 0.496 3.733 0.680 0.683 1.382 1.772 3.740 4.701 0.677 0.693 0.220 0.201 0.261 0.549 0.701 29/11/1996
0.507 0.427 0.998 1.873 1.836 0.433 0.437 1.003 1.662 1.986 0.289 0.453 0.895 0.899 1.971 0.335 0.326 0.413 0.418 0.938 0.428 0.328 0.380 0.411 0.419 0.621 0.322 0.371 0.353 0.426 30/11/1996
0.000 0.000 0.000 0.000 0.000 0.000 0.000 0.000 0.000 0.000 0.000 0.000 0.000 0.000 0.000 0.000 0.000 0.000 0.000 0.000 0.000 0.000 0.000 0.000 0.000 0.000 0.000 0.000 0.000 0.000 01/12/1996
0.000 0.000 0.000 0.000 0.000 0.000 0.000 0.000 0.000 0.000 0.000 0.000 0.000 0.000 0.000 0.000 0.000 0.000 0.000 0.000 0.000 0.000 0.000 0.000 0.000 0.000 0.000 0.000 0.000 0.000 02/12/1996
0.531 0.633 0.438 0.539 0.339 0.640 0.646 0.441 0.284 0.190 0.450 0.645 0.335 0.337 0.193 0.476 0.104 0.000 0.000 0.109 0.114 0.104 0.180 0.000 0.000 0.000 0.000 0.000 0.000 0.000 03/12/1996
2.970 2.628 2.730 4.060 4.565 2.691 2.682 2.751 3.395 4.279 2.302 2.620 3.134 3.163 4.244 2.355 2.523 3.141 3.176 3.331 2.578 2.539 3.237 3.127 2.754 2.758 2.613 3.297 2.731 2.793 04/12/1996
4.620 4.467 3.730 4.515 6.452 4.523 4.570 3.758 4.728 5.204 4.007 5.040 5.145 5.139 5.163 3.102 4.641 6.367 6.422 5.412 3.086 4.652 6.003 6.344 4.937 4.639 4.383 5.316 5.622 4.894 05/12/1996
0.169 0.126 0.000 0.000 0.000 0.128 0.136 0.000 0.046 0.000 0.147 0.104 0.000 0.108 0.000 0.000 0.000 0.000 0.000 0.000 0.000 0.000 0.127 0.000 0.000 0.000 0.000 0.113 0.000 0.000 06/12/1996
0.000 0.000 0.000 0.000 0.000 0.000 0.000 0.000 0.000 0.000 0.000 0.000 0.000 0.000 0.000 0.000 0.000 0.000 0.000 0.000 0.000 0.000 0.000 0.000 0.000 0.000 0.000 0.000 0.000 0.000 07/12/1996
0.000 0.000 0.000 0.000 0.000 0.000 0.000 0.000 0.000 0.000 0.000 0.000 0.000 0.000 0.000 0.000 0.000 0.000 0.000 0.000 0.000 0.000 0.000 0.000 0.000 0.000 0.000 0.000 0.000 0.039 08/12/1996
0.000 0.000 0.000 0.000 0.000 0.000 0.000 0.000 0.000 0.000 0.000 0.000 0.000 0.000 0.000 0.000 0.000 0.000 0.000 0.000 0.000 0.000 0.000 0.000 0.000 0.000 0.000 0.000 0.000 0.000 09/12/1996
0.104 0.000 0.000 0.000 0.000 0.000 0.000 0.000 0.000 0.000 0.000 0.000 0.000 0.000 0.000 0.000 0.000 0.000 0.000 0.000 0.000 0.000 0.103 0.000 0.000 0.000 0.000 0.000 0.000 0.000 10/12/1996
0.000 0.000 0.000 0.000 0.000 0.114 0.000 0.000 0.000 0.000 0.000 0.000 0.000 0.000 0.000 0.000 0.000 0.000 0.000 0.000 0.000 0.000 0.000 0.000 0.000 0.000 0.000 0.000 0.000 0.000 11/12/1996
0.000 0.000 0.000 0.000 0.000 0.050 0.000 0.000 0.000 0.000 0.000 0.000 0.000 0.000 0.000 0.000 0.000 0.077 0.000 0.000 0.000 0.000 0.000 0.000 0.000 0.000 0.000 0.000 0.000 0.000 12/12/1996
0.000 0.048 0.000 0.000 0.000 0.000 0.000 0.000 0.000 0.000 0.000 0.000 0.000 0.000 0.000 0.000 0.000 0.000 0.000 0.000 0.000 0.000 0.000 0.000 0.000 0.000 0.085 0.000 0.000 0.000 13/12/1996
0.000 0.140 0.102 0.137 0.000 0.133 0.123 0.102 0.168 0.100 0.278 0.244 0.191 0.190 0.100 0.248 0.269 0.334 0.336 0.194 0.420 0.269 0.487 0.334 0.267 0.691 0.463 0.676 0.427 0.303 14/12/1996
6.522 7.434 6.317 5.131 7.178 7.526 7.601 6.347 5.549 7.159 7.352 7.364 6.779 6.837 7.007 6.947 6.019 5.562 5.619 5.223 6.547 6.033 7.262 5.534 3.169 5.220 3.477 3.816 3.171 3.209 15/12/1996
2.738 3.339 4.392 4.196 6.003 3.412 3.445 4.442 5.150 6.100 3.294 3.878 5.074 5.034 5.974 3.484 3.680 4.844 4.910 5.135 3.468 3.689 4.457 4.832 4.990 3.485 3.867 4.519 5.093 5.160 16/12/1996
0.000 0.000 0.000 0.000 0.000 0.000 0.000 0.000 0.000 0.000 0.000 0.000 0.000 0.000 0.000 0.000 0.000 0.000 0.000 0.000 0.000 0.000 0.000 0.000 0.000 0.000 0.000 0.000 0.000 0.000 17/12/1996
0.000 0.000 0.000 0.000 0.000 0.000 0.000 0.000 0.000 0.000 0.000 0.000 0.000 0.000 0.000 0.000 0.000 0.000 0.000 0.000 0.000 0.000 0.000 0.000 0.000 0.000 0.000 0.000 0.000 0.000 18/12/1996
0.000 0.000 0.000 0.000 0.000 0.000 0.000 0.000 0.000 0.000 0.000 0.000 0.000 0.000 0.000 0.107 0.000 0.000 0.000 0.000 0.000 0.000 0.000 0.000 0.000 0.000 0.000 0.000 0.000 0.000 19/12/1996
0.000 0.000 0.000 0.000 0.000 0.000 0.000 0.000 0.000 0.000 0.000 0.000 0.000 0.000 0.000 0.000 0.000 0.000 0.000 0.000 0.000 0.000 0.000 0.000 0.000 0.000 0.000 0.000 0.000 0.000 20/12/1996
0.000 0.000 0.000 0.000 0.000 0.000 0.000 0.000 0.000 0.000 0.000 0.000 0.000 0.000 0.000 0.069 0.000 0.000 0.000 0.000 0.000 0.000 0.000 0.000 0.000 0.000 0.000 0.000 0.000 0.000 21/12/1996
0.000 0.000 0.000 0.000 0.000 0.000 0.000 0.000 0.000 0.000 0.000 0.106 0.000 0.000 0.000 0.000 0.000 0.000 0.000 0.000 0.000 0.000 0.000 0.000 0.000 0.000 0.000 0.000 0.000 0.000 22/12/1996
0.000 0.000 0.000 0.000 0.000 0.000 0.000 0.000 0.000 0.000 0.000 0.000 0.000 0.000 0.000 0.069 0.000 0.000 0.000 0.000 0.000 0.000 0.000 0.000 0.000 0.000 0.000 0.000 0.000 0.000 23/12/1996
0.000 0.000 0.000 0.000 0.000 0.000 0.000 0.000 0.000 0.000 0.000 0.000 0.000 0.000 0.000 0.000 0.000 0.000 0.000 0.000 0.000 0.000 0.000 0.000 0.000 0.000 0.000 0.000 0.000 0.000 24/12/1996
0.000 0.000 0.000 0.000 0.000 0.000 0.000 0.000 0.000 0.000 0.000 0.000 0.000 0.000 0.000 0.000 0.000 0.100 0.000 0.000 0.000 0.000 0.000 0.000 0.000 0.000 0.000 0.000 0.000 0.000 25/12/1996
0.000 0.000 0.000 0.000 0.000 0.000 0.000 0.000 0.000 0.000 0.000 0.000 0.000 0.000 0.000 0.069 0.000 0.000 0.000 0.000 0.000 0.000 0.000 0.000 0.000 0.000 0.000 0.000 0.000 0.000 26/12/1996
0.087 0.000 0.052 0.000 0.000 0.000 0.000 0.050 0.000 0.000 0.106 0.000 0.000 0.000 0.000 0.000 0.000 0.000 0.000 0.000 0.000 0.000 0.000 0.000 0.000 0.000 0.000 0.000 0.000 0.000 27/12/1996
0.000 0.000 0.000 0.000 0.000 0.000 0.000 0.000 0.000 0.000 0.000 0.000 0.000 0.000 0.000 0.000 0.000 0.000 0.000 0.000 0.000 0.000 0.000 0.000 0.000 0.000 0.000 0.000 0.000 0.000 28/12/1996
0.314 0.237 0.205 0.250 0.000 0.241 0.219 0.178 0.089 0.000 0.575 0.252 0.338 0.311 0.000 0.310 0.231 0.300 0.326 0.204 0.307 0.225 0.635 0.291 0.127 0.420 0.305 0.517 0.266 0.126 29/12/1996
0.000 0.000 0.000 0.000 0.000 0.000 0.000 0.000 0.000 0.000 0.000 0.000 0.000 0.000 0.000 0.000 0.000 0.000 0.000 0.000 0.000 0.000 0.000 0.000 0.000 0.000 0.000 0.000 0.044 0.000 30/12/1996
0.000 0.000 0.000 0.000 0.000 0.000 0.107 0.000 0.000 0.000 0.000 0.000 0.000 0.000 0.000 0.000 0.000 0.000 0.000 0.000 0.000 0.000 0.000 0.000 0.000 0.000 0.000 0.000 0.000 0.000 31/12/1996
0.000 0.000 0.000 0.000 0.000 0.000 0.000 0.000 0.000 0.000 0.000 0.000 0.000 0.000 0.000 0.000 0.000 0.000 0.000 0.000 0.000 0.000 0.000 0.000 0.000 0.000 0.000 0.000 0.000 0.000 01/01/1997
1.807 1.774 1.909 2.310 3.084 1.755 1.592 1.889 2.584 3.304 1.644 1.743 2.277 2.297 3.400 1.469 1.889 2.337 2.368 2.604 1.491 1.882 2.167 2.329 2.504 1.287 1.767 2.009 2.164 2.527 02/01/1997
0.000 0.000 0.153 0.235 0.100 0.000 0.000 0.149 0.187 0.100 0.000 0.000 0.147 0.148 0.100 0.000 0.000 0.147 0.148 0.186 0.000 0.000 0.000 0.147 0.227 0.000 0.000 0.130 0.176 0.259 03/01/1997
4.131 4.301 3.986 4.661 5.524 4.380 4.396 4.011 4.570 5.699 4.464 4.713 5.151 5.172 5.675 4.829 5.419 5.680 5.742 5.692 5.133 5.431 6.125 5.655 6.950 5.381 5.088 5.635 6.845 7.026 04/01/1997
14.471 15.413 15.357 15.019 19.051 15.946 16.099 15.408 14.854 17.919 13.947 15.510 14.304 14.438 17.771 13.180 11.933 15.012 15.175 14.313 13.363 11.961 14.438 14.944 14.907 13.296 11.204 13.177 14.526 15.139 05/01/1997
1.762 1.132 1.767 2.987 2.950 1.142 1.153 1.778 1.742 1.932 0.340 0.645 1.092 1.103 1.921 0.328 0.535 0.795 0.797 1.015 0.315 0.531 0.770 0.794 0.713 0.352 0.554 0.796 0.729 0.727 06/01/1997
0.183 0.161 0.180 0.276 0.120 0.162 0.160 0.180 0.199 0.124 0.000 0.000 0.187 0.186 0.123 0.114 0.000 0.116 0.119 0.183 0.000 0.000 0.000 0.116 0.114 0.000 0.000 0.000 0.000 0.120 07/01/1997
0.000 0.000 0.000 0.000 0.000 0.000 0.000 0.000 0.000 0.000 0.000 0.000 0.000 0.000 0.000 0.000 0.000 0.000 0.000 0.000 0.000 0.000 0.000 0.000 0.000 0.000 0.000 0.000 0.000 0.000 08/01/1997
0.000 0.000 0.000 0.000 0.000 0.000 0.000 0.000 0.000 0.000 0.000 0.000 0.000 0.000 0.000 0.000 0.000 0.000 0.000 0.000 0.000 0.000 0.000 0.000 0.000 0.000 0.000 0.000 0.000 0.000 09/01/1997
0.000 0.000 0.000 0.000 0.000 0.000 0.000 0.000 0.000 0.000 0.000 0.000 0.000 0.000 0.000 0.000 0.064 0.000 0.000 0.000 0.000 0.000 0.000 0.000 0.000 0.000 0.000 0.000 0.000 0.000 10/01/1997
0.000 0.000 0.000 0.000 0.000 0.000 0.000 0.000 0.000 0.000 0.000 0.000 0.000 0.000 0.000 0.000 0.000 0.000 0.000 0.000 0.000 0.000 0.000 0.000 0.000 0.000 0.000 0.000 0.000 0.000 11/01/1997
0.000 0.000 0.000 0.000 0.000 0.000 0.000 0.000 0.000 0.000 0.000 0.000 0.000 0.000 0.088 0.000 0.000 0.000 0.000 0.000 0.000 0.000 0.000 0.000 0.000 0.000 0.000 0.000 0.000 0.000 12/01/1997
0.000 0.000 0.000 0.000 0.000 0.000 0.000 0.000 0.000 0.000 0.000 0.000 0.000 0.000 0.000 0.000 0.000 0.098 0.101 0.124 0.000 0.000 0.074 0.097 0.101 0.075 0.000 0.091 0.081 0.110 13/01/1997
0.250 0.260 0.212 0.318 0.150 0.262 0.263 0.209 0.243 0.179 0.400 0.346 0.293 0.295 0.184 0.398 0.297 0.379 0.383 0.383 0.592 0.298 0.506 0.393 0.639 0.666 0.451 0.648 0.641 0.665 14/01/1997
0.003 0.101 0.000 0.000 0.000 0.101 0.098 0.000 0.000 0.000 0.100 0.000 0.104 0.103 0.000 0.071 0.000 0.113 0.113 0.100 0.064 0.000 0.239 0.104 0.098 0.000 0.000 0.116 0.103 0.101 15/01/1997
0.000 0.000 0.000 0.126 0.000 0.000 0.000 0.000 0.000 0.000 0.000 0.000 0.096 0.091 0.000 0.000 0.000 0.089 0.076 0.000 0.000 0.000 0.116 0.058 0.228 0.000 0.000 0.105 0.101 0.104 16/01/1997
0.000 0.000 0.000 0.000 0.000 0.000 0.000 0.000 0.000 0.000 0.000 0.000 0.000 0.000 0.000 0.000 0.000 0.000 0.000 0.000 0.000 0.000 0.000 0.000 0.000 0.000 0.000 0.000 0.000 0.000 17/01/1997
0.000 0.000 0.000 0.000 0.000 0.000 0.000 0.000 0.000 0.000 0.057 0.000 0.000 0.000 0.000 0.000 0.000 0.000 0.000 0.000 0.000 0.000 0.000 0.000 0.000 0.000 0.000 0.000 0.000 0.000 18/01/1997
0.000 0.000 0.000 0.000 0.000 0.000 0.000 0.000 0.000 0.000 0.000 0.000 0.000 0.000 0.000 0.000 0.000 0.000 0.000 0.000 0.000 0.000 0.000 0.000 0.000 0.000 0.000 0.000 0.000 0.000 19/01/1997
0.477 0.238 0.355 0.592 0.847 0.312 0.317 0.361 0.237 0.318 0.176 0.140 0.451 0.425 0.314 0.210 0.199 0.224 0.236 0.179 0.133 0.105 0.181 0.202 0.223 0.045 0.000 0.149 0.163 0.250 20/01/1997
0.000 0.000 0.000 0.000 0.000 0.000 0.000 0.000 0.032 0.000 0.000 0.000 0.017 0.006 0.000 0.000 0.000 0.029 0.021 0.027 0.000 0.000 0.041 0.026 0.062 0.027 0.000 0.077 0.053 0.076 21/01/1997
0.129 0.157 0.180 0.324 0.133 0.164 0.168 0.196 0.238 0.123 0.124 0.149 0.161 0.138 0.113 0.019 0.022 0.175 0.133 0.367 0.022 0.023 0.113 0.124 0.229 0.039 0.014 0.121 0.136 0.240 22/01/1997
0.000 0.000 0.000 0.000 0.000 0.000 0.000 0.000 0.000 0.000 0.000 0.000 0.000 0.000 0.000 0.000 0.000 0.000 0.000 0.000 0.000 0.000 0.000 0.000 0.000 0.000 0.000 0.000 0.000 0.000 23/01/1997
0.137 0.132 0.132 0.237 0.074 0.133 0.134 0.132 0.130 0.000 0.106 0.124 0.117 0.117 0.000 0.002 0.017 0.115 0.117 0.138 0.046 0.018 0.158 0.111 0.142 0.134 0.019 0.128 0.135 0.152 24/01/1997
0.145 0.157 0.189 0.627 0.321 0.164 0.168 0.211 0.391 0.336 0.072 0.138 0.246 0.247 0.322 0.000 0.020 0.181 0.171 0.210 0.000 0.021 0.113 0.162 0.207 0.000 0.000 0.097 0.128 0.168 25/01/1997
0.395 0.417 0.513 0.667 0.868 0.431 0.346 0.433 0.831 0.942 0.227 0.595 0.757 0.803 1.001 0.148 0.439 0.865 0.915 0.848 0.165 0.440 0.833 0.826 0.832 0.203 0.483 0.763 0.805 0.912 26/01/1997
0.000 0.000 0.000 0.000 0.000 0.000 0.000 0.000 0.000 0.000 0.000 0.000 0.000 0.000 0.000 0.000 0.000 0.000 0.000 0.000 0.000 0.000 0.000 0.000 0.000 0.000 0.000 0.000 0.000 0.000 27/01/1997
0.000 0.000 0.000 0.000 0.000 0.000 0.000 0.000 0.000 0.000 0.000 0.000 0.000 0.000 0.000 0.000 0.000 0.000 0.000 0.000 0.000 0.000 0.000 0.000 0.000 0.000 0.000 0.000 0.000 0.000 28/01/1997
0.000 0.000 0.000 0.000 0.000 0.000 0.000 0.000 0.000 0.000 0.000 0.000 0.000 0.000 0.000 0.000 0.000 0.000 0.000 0.000 0.000 0.102 0.000 0.000 0.000 0.000 0.000 0.000 0.000 0.000 29/01/1997
0.000 0.000 0.000 0.000 0.000 0.000 0.000 0.000 0.054 0.000 0.000 0.113 0.000 0.000 0.000 0.000 0.000 0.000 0.000 0.000 0.000 0.000 0.000 0.000 0.000 0.000 0.000 0.000 0.000 0.000 30/01/1997
0.000 0.000 0.000 0.000 0.000 0.000 0.000 0.000 0.000 0.000 0.000 0.000 0.000 0.000 0.000 0.000 0.000 0.000 0.000 0.000 0.000 0.000 0.000 0.000 0.000 0.000 0.000 0.000 0.000 0.000 31/01/1997
0.000 0.084 0.000 0.000 0.000 0.000 0.000 0.000 0.000 0.000 0.000 0.000 0.000 0.000 0.000 0.000 0.000 0.000 0.000 0.000 0.000 0.000 0.000 0.000 0.000 0.000 0.000 0.000 0.000 0.000 01/02/1997
0.266 0.211 0.239 0.384 0.187 0.309 0.245 0.193 0.234 0.250 0.169 0.141 0.374 0.371 0.278 0.198 0.170 0.314 0.291 0.255 0.209 0.171 0.343 0.307 0.427 0.223 0.113 0.271 0.294 0.340 02/02/1997
0.246 0.111 0.000 0.128 0.000 0.115 0.100 0.000 0.157 0.118 0.259 0.204 0.298 0.296 0.118 0.330 0.354 0.591 0.618 0.475 0.548 0.470 0.558 0.556 0.521 0.637 0.418 0.545 0.538 0.553 03/02/1997
0.499 0.268 0.216 0.368 0.208 0.308 0.312 0.216 0.136 0.000 0.200 0.135 0.069 0.076 0.000 0.328 0.000 0.000 0.000 0.000 0.000 0.000 0.000 0.000 0.000 0.000 0.000 0.000 0.000 0.000 04/02/1997
0.000 0.000 0.000 0.000 0.000 0.000 0.000 0.000 0.000 0.000 0.000 0.000 0.000 0.000 0.000 0.000 0.000 0.000 0.000 0.000 0.000 0.000 0.000 0.000 0.000 0.000 0.000 0.000 0.000 0.000 05/02/1997
0.000 0.000 0.000 0.000 0.000 0.000 0.000 0.000 0.000 0.000 0.000 0.000 0.000 0.000 0.000 0.000 0.000 0.000 0.000 0.000 0.000 0.000 0.000 0.000 0.000 0.000 0.000 0.000 0.000 0.000 06/02/1997
0.000 0.000 0.000 0.000 0.000 0.100 0.000 0.000 0.000 0.000 0.154 0.000 0.000 0.000 0.000 0.191 0.000 0.000 0.000 0.000 0.000 0.000 0.000 0.000 0.000 0.000 0.000 0.000 0.000 0.000 07/02/1997
0.270 0.213 0.103 0.000 0.000 0.215 0.217 0.103 0.000 0.000 0.124 0.235 0.085 0.078 0.000 0.127 0.129 0.000 0.000 0.000 0.245 0.129 0.241 0.000 0.000 0.000 0.000 0.000 0.000 0.000 08/02/1997
0.000 0.000 0.000 0.000 0.000 0.000 0.000 0.000 0.000 0.000 0.000 0.000 0.000 0.000 0.000 0.000 0.000 0.000 0.000 0.000 0.000 0.000 0.000 0.000 0.000 0.000 0.000 0.000 0.000 0.000 09/02/1997
0.000 0.000 0.000 0.000 0.000 0.000 0.000 0.000 0.000 0.000 0.000 0.000 0.000 0.000 0.000 0.000 0.000 0.000 0.000 0.000 0.000 0.000 0.000 0.050 0.000 0.000 0.000 0.000 0.000 0.000 10/02/1997
0.000 0.098 0.000 0.000 0.000 0.000 0.000 0.000 0.000 0.000 0.000 0.000 0.000 0.000 0.000 0.000 0.000 0.129 0.000 0.000 0.000 0.000 0.000 0.000 0.072 0.000 0.000 0.000 0.000 0.000 11/02/1997
0.000 0.000 0.000 0.000 0.028 0.000 0.000 0.000 0.079 0.000 0.000 0.000 0.000 0.000 0.000 0.000 0.000 0.089 0.075 0.100 0.000 0.000 0.045 0.055 0.096 0.000 0.000 0.058 0.056 0.095 12/02/1997
0.000 0.000 0.000 0.000 0.000 0.000 0.000 0.000 0.000 0.000 0.000 0.000 0.000 0.000 0.000 0.000 0.000 0.000 0.000 0.000 0.000 0.000 0.000 0.000 0.000 0.000 0.000 0.000 0.000 0.000 13/02/1997
0.000 0.000 0.000 0.000 0.000 0.000 0.000 0.000 0.046 0.000 0.000 0.000 0.100 0.000 0.000 0.000 0.000 0.000 0.000 0.000 0.000 0.000 0.000 0.000 0.000 0.000 0.000 0.000 0.044 0.000 14/02/1997
0.000 0.000 0.000 0.000 0.000 0.000 0.000 0.000 0.000 0.000 0.000 0.000 0.000 0.000 0.000 0.000 0.000 0.000 0.000 0.000 0.000 0.000 0.000 0.000 0.000 0.000 0.000 0.000 0.000 0.000 15/02/1997
0.000 0.000 0.086 0.000 0.000 0.000 0.000 0.000 0.000 0.000 0.000 0.000 0.000 0.000 0.000 0.000 0.000 0.000 0.100 0.000 0.000 0.000 0.000 0.000 0.000 0.000 0.000 0.000 0.000 0.000 16/02/1997
3.196 2.476 2.251 2.479 2.490 2.514 2.539 2.282 2.563 2.476 2.085 2.090 2.832 3.024 2.472 1.844 2.091 2.365 2.387 2.294 1.721 2.095 2.465 2.364 2.034 1.611 2.018 2.339 2.178 2.068 17/02/1997
0.460 0.456 0.748 1.836 1.707 0.459 0.464 0.755 2.150 2.410 0.596 0.841 1.414 1.426 2.389 0.628 1.145 2.064 2.085 3.314 0.886 1.131 1.387 2.056 3.632 1.138 1.802 2.254 3.239 3.726 18/02/1997
20.263 20.166 20.116 19.077 23.545 20.414 20.617 20.271 21.592 25.159 18.812 20.384 21.971 22.175 24.944 17.325 17.113 21.158 21.393 22.000 19.568 17.153 20.868 21.060 22.554 19.787 17.139 20.878 21.402 22.911 19/02/1997
0.326 0.318 0.516 1.081 1.133 0.321 0.320 0.519 0.798 0.826 0.000 0.181 0.481 0.490 0.856 0.000 0.000 0.375 0.379 0.683 0.000 0.000 0.147 0.387 0.788 0.000 0.059 0.157 0.553 0.797 20/02/1997
7.548 9.982 8.733 8.843 10.097 10.108 10.304 8.836 8.475 10.366 17.352 10.313 9.066 9.102 10.281 15.348 7.638 6.219 6.269 6.005 8.910 7.654 9.445 6.354 7.123 8.436 6.367 7.419 7.706 7.209 21/02/1997
0.793 0.934 0.982 0.444 0.224 0.939 0.945 0.989 0.209 0.147 1.766 1.068 0.711 0.717 0.159 1.475 0.784 0.760 0.763 0.338 1.507 0.778 1.021 0.758 0.203 1.548 1.033 1.214 0.851 0.212 22/02/1997
0.495 0.943 0.866 0.551 0.600 0.953 0.965 0.881 1.556 1.470 1.881 1.786 1.971 1.972 1.458 1.567 1.284 1.460 1.461 1.286 1.531 1.287 1.729 1.453 1.332 1.407 1.237 1.725 1.297 1.328 23/02/1997
0.000 0.000 0.000 0.000 0.000 0.000 0.000 0.000 0.000 0.000 0.000 0.000 0.000 0.000 0.000 0.000 0.000 0.000 0.000 0.000 0.000 0.000 0.000 0.000 0.000 0.000 0.000 0.000 0.000 0.000 24/02/1997
0.000 0.000 0.000 0.000 0.000 0.000 0.000 0.000 0.000 0.000 0.000 0.000 0.000 0.000 0.000 0.000 0.000 0.000 0.000 0.000 0.000 0.000 0.000 0.000 0.000 0.000 0.000 0.000 0.000 0.000 25/02/1997
0.000 0.000 0.086 0.000 0.000 0.000 0.000 0.000 0.000 0.000 0.000 0.000 0.000 0.000 0.000 0.000 0.000 0.047 0.000 0.000 0.000 0.000 0.100 0.000 0.000 0.000 0.000 0.000 0.000 0.000 26/02/1997
0.000 0.000 0.086 0.000 0.000 0.000 0.000 0.000 0.000 0.000 0.000 0.000 0.000 0.000 0.000 0.000 0.000 0.000 0.000 0.000 0.000 0.000 0.000 0.000 0.000 0.000 0.000 0.000 0.000 0.000 27/02/1997
0.000 0.000 0.000 0.000 0.000 0.000 0.000 0.000 0.000 0.000 0.000 0.000 0.000 0.000 0.000 0.000 0.000 0.000 0.000 0.000 0.000 0.000 0.000 0.100 0.000 0.000 0.068 0.000 0.000 0.000 28/02/1997
0.000 0.000 0.000 0.000 0.000 0.000 0.000 0.000 0.000 0.000 0.000 0.000 0.000 0.000 0.000 0.000 0.000 0.000 0.000 0.000 0.000 0.000 0.000 0.000 0.000 0.000 0.000 0.000 0.000 0.000 01/03/1997
0.000 0.000 0.000 0.000 0.000 0.000 0.000 0.000 0.000 0.000 0.000 0.000 0.000 0.000 0.000 0.000 0.000 0.000 0.000 0.000 0.000 0.000 0.000 0.000 0.000 0.000 0.000 0.000 0.000 0.000 02/03/1997
3.753 3.307 3.137 3.402 3.561 3.347 3.368 3.157 3.473 3.253 2.913 2.952 3.951 3.985 3.227 2.806 2.636 3.132 3.162 2.947 2.164 2.642 3.314 3.119 2.628 1.868 2.444 2.740 2.639 2.660 03/03/1997
0.000 0.000 0.000 0.000 0.000 0.000 0.000 0.000 0.000 0.000 0.000 0.000 0.000 0.000 0.000 0.000 0.000 0.000 0.000 0.000 0.000 0.000 0.000 0.000 0.000 0.000 0.000 0.000 0.000 0.000 04/03/1997
0.000 0.000 0.000 0.000 0.000 0.000 0.000 0.000 0.000 0.000 0.000 0.000 0.000 0.000 0.000 0.000 0.000 0.000 0.000 0.000 0.000 0.000 0.000 0.000 0.000 0.000 0.000 0.000 0.000 0.000 05/03/1997
2.032 3.202 2.586 2.198 2.118 3.236 3.260 2.606 3.786 3.284 3.089 3.330 4.304 4.342 3.257 2.945 3.007 4.065 4.110 3.242 3.179 3.014 3.876 4.046 3.801 2.394 2.907 3.666 4.473 3.861 06/03/1997
3.262 2.531 2.660 2.082 2.266 2.541 2.570 2.749 1.155 1.439 1.742 2.052 1.830 1.846 1.434 2.012 1.079 0.849 0.852 0.675 2.031 1.081 1.362 0.855 0.448 1.060 0.316 0.490 0.441 0.439 07/03/1997
0.126 0.220 0.941 1.689 1.663 0.227 0.232 0.914 1.950 2.148 0.178 0.776 1.803 1.819 2.130 0.307 1.618 2.219 2.175 2.275 1.000 1.620 1.862 2.209 3.202 1.595 1.791 2.082 2.173 3.276 08/03/1997
4.617 4.045 3.474 2.472 2.654 4.087 4.122 3.502 2.073 2.350 3.843 3.097 2.367 2.367 2.342 3.762 1.805 1.828 1.848 2.027 2.690 1.809 2.123 1.820 2.110 1.557 1.261 1.557 1.569 2.095 09/03/1997
0.647 0.656 0.278 0.239 0.220 0.736 0.744 0.296 0.210 0.219 0.773 0.562 0.472 0.343 0.218 0.959 0.685 0.564 0.562 0.285 0.945 0.681 0.720 0.566 0.584 1.065 0.847 1.142 0.741 0.557 10/03/1997
2.017 1.590 1.171 0.871 0.944 1.605 1.623 1.174 0.545 0.674 3.698 1.655 1.251 1.239 0.684 3.660 1.488 0.795 0.801 0.460 2.852 1.491 1.767 0.799 0.490 2.820 1.463 1.750 0.721 0.477 11/03/1997
6.072 4.852 4.329 3.435 4.218 4.914 4.963 4.363 2.362 2.738 3.612 3.653 2.551 2.574 2.696 3.464 2.312 1.677 1.695 1.553 2.422 2.316 2.627 1.669 1.047 1.201 1.042 1.364 0.984 1.012 12/03/1997
0.618 0.977 1.755 2.647 2.852 0.966 0.969 1.734 2.895 3.231 1.003 1.735 2.360 2.358 3.167 1.090 2.203 2.602 2.619 2.918 1.859 2.200 2.484 2.602 2.875 1.949 2.509 2.897 2.638 3.030 13/03/1997
0.258 0.321 0.573 0.828 0.457 0.324 0.327 0.577 0.416 0.393 1.184 0.818 0.648 0.654 0.390 1.057 2.921 4.808 4.861 3.999 1.412 2.928 3.320 4.785 3.302 2.103 2.550 2.939 3.347 3.354 14/03/1997
4.783 5.242 6.446 4.709 5.784 5.308 5.361 6.495 6.411 7.162 5.776 6.023 7.459 7.519 7.101 5.725 5.127 6.835 6.911 6.512 4.643 5.139 5.660 6.806 5.610 3.934 5.315 5.783 5.054 5.698 15/03/1997
0.000 0.000 0.000 0.000 0.000 0.000 0.000 0.000 0.000 0.000 0.000 0.000 0.000 0.000 0.000 0.000 0.000 0.000 0.000 0.000 0.000 0.000 0.000 0.000 0.000 0.000 0.000 0.000 0.000 0.000 16/03/1997
0.000 0.000 0.000 0.000 0.000 0.000 0.000 0.000 0.000 0.000 0.000 0.000 0.000 0.000 0.000 0.000 0.000 0.000 0.000 0.000 0.000 0.000 0.000 0.000 0.000 0.000 0.000 0.000 0.000 0.000 17/03/1997
0.000 0.000 0.000 0.000 0.000 0.000 0.000 0.000 0.000 0.000 0.000 0.000 0.000 0.000 0.000 0.000 0.000 0.000 0.000 0.000 0.000 0.000 0.000 0.000 0.000 0.000 0.000 0.000 0.000 0.000 18/03/1997
7.779 6.424 5.698 7.314 9.260 6.503 6.567 5.738 6.462 7.370 4.091 5.099 6.476 6.532 7.307 3.834 4.020 6.819 6.895 6.502 3.114 4.030 4.419 6.791 6.455 2.143 3.220 3.461 5.409 6.550 19/03/1997
0.000 0.000 0.100 0.483 0.115 0.000 0.000 0.100 0.202 0.125 0.000 0.000 0.000 0.000 0.127 0.000 0.000 0.000 0.000 0.143 0.000 0.000 0.000 0.000 0.152 0.000 0.000 0.000 0.000 0.152 20/03/1997
1.591 1.414 1.612 2.025 1.939 1.432 1.446 1.625 1.559 1.754 0.970 1.093 1.328 1.340 1.741 0.907 0.526 0.866 0.876 0.853 0.697 0.526 0.712 0.862 0.647 0.453 0.386 0.498 0.498 0.654 21/03/1997
0.000 0.000 0.000 0.000 0.000 0.000 0.000 0.000 0.000 0.000 0.000 0.000 0.000 0.000 0.000 0.000 0.000 0.000 0.000 0.000 0.000 0.000 0.000 0.000 0.000 0.000 0.000 0.000 0.000 0.000 22/03/1997
0.000 0.000 0.000 0.000 0.000 0.000 0.000 0.000 0.000 0.000 0.000 0.000 0.000 0.000 0.000 0.000 0.000 0.000 0.000 0.000 0.000 0.000 0.000 0.000 0.000 0.000 0.000 0.000 0.000 0.000 23/03/1997
10.803 11.776 12.691 10.637 13.116 11.925 12.046 12.791 12.848 13.994 13.733 13.703 13.615 13.741 13.871 11.794 12.884 14.941 15.104 14.497 12.090 12.914 14.682 14.873 15.940 12.612 14.199 15.388 16.023 16.190 24/03/1997
0.000 0.000 0.000 0.000 0.000 0.000 0.000 0.000 0.000 0.000 0.000 0.000 0.000 0.000 0.000 0.000 0.000 0.000 0.000 0.000 0.000 0.000 0.000 0.000 0.402 0.000 0.000 0.000 0.087 0.386 25/03/1997
0.000 0.000 0.000 0.000 0.000 0.000 0.000 0.000 0.000 0.000 0.000 0.000 0.000 0.000 0.000 0.000 0.000 0.000 0.000 0.000 0.000 0.000 0.000 0.000 0.000 0.000 0.000 0.000 0.000 0.000 26/03/1997
2.054 1.863 2.046 2.575 2.800 1.833 1.811 2.037 1.641 1.832 0.777 0.977 1.296 1.288 1.840 0.965 0.191 0.548 0.539 1.201 0.386 0.191 0.405 0.552 1.819 0.506 0.476 0.628 0.860 1.847 27/03/1997
4.417 3.790 3.950 4.441 5.457 3.846 3.877 3.970 3.743 4.379 3.946 3.804 3.597 3.624 4.346 3.861 3.395 3.485 3.516 2.686 3.574 3.360 3.766 3.472 3.400 3.951 4.229 4.512 4.411 3.446 28/03/1997
13.105 11.486 12.140 8.927 12.154 11.631 11.749 12.237 10.609 12.047 11.780 10.809 11.490 11.592 11.947 10.011 10.574 10.385 10.500 10.885 9.709 10.597 11.197 10.337 9.816 9.133 9.031 9.761 9.354 9.970 29/03/1997
13.694 12.823 12.872 12.372 15.312 12.985 13.117 12.973 14.227 15.774 13.046 13.063 13.198 13.321 15.642 12.123 12.030 13.242 13.390 14.619 12.414 12.056 12.415 13.181 13.205 10.241 11.757 11.958 11.916 13.448 30/03/1997
0.000 0.000 0.000 0.000 0.000 0.000 0.000 0.000 0.000 0.000 0.000 0.000 0.000 0.000 0.000 0.000 0.000 0.000 0.000 0.000 0.000 0.000 0.000 0.000 0.000 0.000 0.000 0.000 0.000 0.000 31/03/1997
4.403 3.943 4.657 5.387 6.419 3.993 4.033 4.693 4.940 5.747 3.963 2.787 5.374 5.420 5.698 3.571 2.472 3.033 3.062 8.337 2.449 2.477 2.921 3.019 11.799 2.002 2.307 2.823 4.395 11.967 01/04/1997
3.835 4.137 4.833 6.145 7.501 4.189 4.231 4.868 7.076 8.562 3.958 4.965 7.164 7.230 8.494 3.561 6.504 6.428 6.499 7.375 3.751 6.518 6.522 6.398 9.257 4.804 6.848 6.723 6.666 9.404 02/04/1997
0.926 1.018 1.962 9.308 11.160 1.017 1.026 1.976 5.472 6.279 0.602 1.884 3.507 3.539 6.226 0.594 3.833 5.647 5.710 7.135 2.706 3.842 4.277 5.621 8.580 2.805 4.879 5.250 6.801 8.716 03/04/1997
5.465 5.413 6.198 5.667 6.744 5.478 5.531 6.234 4.837 5.680 5.918 5.047 4.351 4.391 5.633 5.822 6.866 7.012 7.090 8.604 6.481 6.882 6.817 6.981 6.836 6.007 6.919 6.797 7.477 6.941 04/04/1997
6.598 9.036 7.434 13.633 16.082 9.150 9.243 7.486 13.629 14.949 9.416 9.929 11.630 11.733 14.827 8.426 9.422 11.841 11.960 13.914 7.494 9.444 10.940 11.792 14.173 8.062 8.898 9.432 12.574 14.397 05/04/1997
0.624 0.669 1.411 1.446 1.143 0.678 0.675 1.422 0.861 0.888 0.000 0.154 0.442 0.452 0.881 0.000 0.000 0.191 0.191 0.995 0.000 0.000 0.000 0.191 0.850 0.136 0.000 0.130 0.158 0.863 06/04/1997
1.956 1.921 1.706 1.789 1.699 1.944 1.964 1.719 1.319 1.503 2.259 1.917 1.894 1.910 1.490 2.024 1.759 1.837 1.855 1.372 1.923 1.763 2.119 1.830 1.407 1.665 1.518 1.741 1.601 1.423 07/04/1997
6.936 9.891 10.001 7.930 9.987 10.045 10.148 10.081 12.277 14.305 12.949 14.147 13.889 14.014 14.183 11.972 17.864 17.818 18.004 17.652 16.587 17.904 18.907 17.740 17.686 16.914 18.043 18.906 19.023 17.948 08/04/1997
2.982 2.246 3.825 4.546 5.746 2.264 2.263 3.857 3.764 4.454 1.514 1.762 3.475 3.516 4.422 1.667 0.756 1.746 1.765 2.378 0.492 0.755 0.905 1.738 1.851 0.258 0.157 0.373 1.095 1.877 09/04/1997
2.165 4.541 8.471 7.088 8.820 4.594 4.641 8.589 7.570 7.989 4.935 7.034 8.524 8.577 7.921 5.560 7.987 8.860 8.891 7.301 6.734 8.006 9.308 8.831 7.672 3.941 8.377 9.486 8.366 7.793 10/04/1997
1.488 0.999 1.540 1.150 1.341 0.998 1.005 1.548 1.389 1.584 1.366 1.806 1.861 1.878 1.573 1.577 1.800 2.563 2.573 2.567 0.929 1.804 2.118 2.567 3.661 0.878 2.016 2.316 2.095 3.713 11/04/1997
0.549 0.258 0.265 0.270 0.245 0.265 0.273 0.264 0.750 0.872 0.770 0.580 0.804 0.806 0.876 0.956 0.792 1.047 1.029 1.299 0.837 0.793 0.943 1.060 0.602 0.761 0.286 0.476 0.136 0.568 12/04/1997
0.000 0.000 0.000 0.000 0.000 0.000 0.000 0.000 0.000 0.000 0.093 0.000 0.000 0.000 0.000 0.125 0.110 0.167 0.172 1.322 1.045 0.111 0.149 0.166 1.307 0.866 0.000 0.065 0.107 1.306 13/04/1997
0.000 0.000 0.000 0.000 0.000 0.000 0.000 0.000 0.000 0.000 0.000 0.000 0.000 0.000 0.000 0.000 0.000 0.000 0.000 0.000 0.000 0.000 0.000 0.000 0.000 0.000 0.000 0.000 0.000 0.000 14/04/1997
0.000 0.000 0.000 0.000 0.000 0.000 0.000 0.000 0.000 0.000 0.000 0.000 0.000 0.000 0.000 0.000 0.000 0.000 0.000 0.000 0.000 0.000 0.000 0.000 0.000 0.000 0.000 0.000 0.000 0.000 15/04/1997
0.123 0.250 0.177 0.239 0.220 0.258 0.265 0.178 0.448 0.544 0.178 0.173 0.232 0.256 0.538 0.307 0.136 0.323 0.293 0.460 0.415 0.136 0.215 0.330 0.528 0.988 0.264 0.463 0.821 0.523 16/04/1997
0.000 0.000 0.000 0.000 0.000 0.000 0.000 0.000 0.000 0.000 0.000 0.000 0.000 0.000 0.000 0.000 0.000 0.000 0.000 0.000 0.000 0.000 0.000 0.000 0.000 0.000 0.000 0.000 0.000 0.000 17/04/1997
3.559 2.361 3.323 3.652 4.621 2.384 2.404 3.351 3.661 4.194 1.173 1.925 3.110 3.139 4.160 1.418 1.759 2.360 2.356 2.838 1.140 1.762 2.074 2.354 2.366 1.002 1.574 1.836 2.157 2.379 18/04/1997
0.000 0.000 0.000 0.000 0.000 0.000 0.000 0.000 0.000 0.000 0.000 0.000 0.000 0.000 0.000 0.000 0.000 0.000 0.000 0.000 0.000 0.000 0.000 0.000 0.000 0.000 0.000 0.000 0.000 0.000 19/04/1997
4.254 3.696 3.561 5.964 3.007 3.659 3.644 3.634 2.437 2.926 3.183 3.546 3.232 3.451 2.807 2.793 2.745 2.306 2.468 2.855 2.798 2.780 2.094 2.214 2.333 2.005 2.775 1.676 1.878 2.729 20/04/1997
2.406 3.490 3.580 4.178 5.107 3.553 3.588 3.608 4.619 5.124 4.195 4.121 4.185 4.220 5.082 4.193 4.771 5.100 5.155 4.230 5.051 4.783 5.240 5.078 4.289 5.149 4.333 4.632 4.566 4.347 21/04/1997
0.000 0.000 0.000 0.000 0.000 0.000 0.000 0.000 0.000 0.000 0.128 0.000 0.000 0.000 0.000 0.229 0.000 0.000 0.000 0.000 0.459 0.000 0.128 0.000 0.000 0.838 0.400 0.523 0.144 0.000 22/04/1997
0.000 0.000 0.000 0.000 0.000 0.000 0.000 0.000 0.000 0.000 0.000 0.000 0.000 0.000 0.000 0.000 0.000 0.000 0.000 0.000 0.000 0.000 0.000 0.000 0.000 0.000 0.000 0.000 0.000 0.000 23/04/1997
0.000 0.000 0.000 0.000 0.000 0.000 0.000 0.000 0.000 0.000 0.000 0.000 0.000 0.000 0.000 0.000 0.000 0.000 0.000 0.000 0.000 0.000 0.000 0.000 0.000 0.000 0.000 0.000 0.131 0.000 24/04/1997
0.000 0.000 0.000 0.000 0.000 0.000 0.000 0.000 0.000 0.000 0.000 0.000 0.000 0.000 0.187 0.106 0.000 0.000 0.000 0.000 0.000 0.000 0.000 0.000 0.000 0.000 0.000 0.000 0.000 0.000 25/04/1997
0.000 0.000 0.000 0.000 0.000 0.000 0.000 0.000 0.000 0.000 0.000 0.000 0.000 0.000 0.000 0.000 0.000 0.000 0.000 0.000 0.000 0.000 0.000 0.000 0.000 0.000 0.000 0.000 0.000 0.000 26/04/1997
2.237 1.592 1.555 1.782 2.175 1.614 1.639 1.568 2.271 2.614 2.325 2.374 2.084 2.087 2.587 2.224 2.066 2.418 2.437 2.948 2.346 2.071 2.428 2.410 3.804 2.182 2.371 3.342 3.357 3.865 27/04/1997
0.101 0.100 0.000 0.107 0.000 0.100 0.100 0.000 0.000 0.000 0.160 0.100 0.000 0.000 0.000 0.177 0.000 0.000 0.000 0.000 0.246 0.000 0.110 0.000 0.105 0.284 0.177 0.270 0.201 0.105 28/04/1997
12.158 11.202 11.688 12.512 15.788 11.344 11.461 11.782 14.098 16.493 9.961 11.728 13.229 13.351 16.359 9.977 10.166 11.883 12.014 13.389 9.343 10.186 11.474 11.828 11.707 7.983 8.946 9.010 10.886 11.892 29/04/1997
0.385 0.348 0.217 0.108 0.000 0.352 0.356 0.219 0.109 0.075 0.752 0.327 0.260 0.259 0.050 0.841 0.109 0.255 0.255 0.122 1.042 0.245 0.159 0.254 0.115 1.576 0.126 0.204 0.210 0.116 30/04/1997
0.000 0.000 0.000 0.669 0.707 0.000 0.000 0.000 1.092 1.053 0.000 0.000 0.126 0.126 1.044 0.000 0.000 0.389 0.428 1.373 0.000 0.000 0.103 0.387 1.881 0.000 0.000 0.106 0.679 1.854 01/05/1997
0.099 0.298 0.102 0.048 0.000 0.318 0.321 0.102 0.103 0.000 0.296 0.358 0.145 0.146 0.000 0.214 0.458 0.443 0.476 0.172 0.401 0.459 0.643 0.441 0.398 0.175 0.269 0.442 0.262 0.418 02/05/1997
3.612 2.032 2.314 2.710 2.699 2.057 2.077 2.333 2.399 2.158 1.695 1.536 2.314 2.336 2.140 1.821 1.144 2.161 2.155 2.270 1.133 1.147 1.166 2.190 1.750 1.122 1.173 1.199 1.652 1.762 03/05/1997
23.364 24.352 8.622 5.527 6.186 24.662 24.914 8.568 6.225 6.516 15.441 11.994 6.773 6.836 6.376 14.962 7.254 4.655 4.696 7.155 8.161 7.271 7.843 4.638 12.826 3.711 4.587 5.633 4.926 13.020 04/05/1997
11.431 10.601 12.433 13.820 18.998 10.714 10.809 12.526 13.999 16.681 10.536 11.732 14.363 14.494 16.538 9.750 12.586 15.212 15.375 14.109 11.746 12.615 14.005 15.144 14.856 11.826 15.830 16.090 16.115 15.084 05/05/1997
0.956 1.421 2.090 3.864 3.938 1.439 1.454 2.106 3.982 3.359 1.090 1.456 3.113 3.138 3.331 1.103 2.319 3.537 3.575 3.840 1.367 2.330 2.651 3.521 4.351 1.983 3.018 3.879 4.343 4.416 06/05/1997
0.000 0.000 0.000 0.000 0.000 0.000 0.000 0.000 0.000 0.000 0.000 0.000 0.000 0.000 0.000 0.000 0.000 0.467 0.000 0.000 0.000 0.000 0.000 0.000 0.000 0.000 0.000 0.000 0.000 0.000 07/05/1997
0.000 0.000 0.000 0.000 0.000 0.000 0.000 0.000 0.000 0.000 0.000 0.000 0.000 0.000 0.000 0.000 0.000 0.000 0.000 0.000 0.000 0.000 0.000 0.000 0.000 0.000 0.000 0.000 0.000 0.000 08/05/1997
0.143 0.159 0.188 0.268 0.240 0.161 0.160 0.190 0.230 0.370 0.476 0.356 0.424 0.279 0.367 0.529 0.345 0.376 0.380 0.336 0.668 0.346 0.446 0.374 0.552 0.799 0.411 0.516 0.538 0.519 09/05/1997
0.000 0.000 0.000 0.000 0.000 0.000 0.000 0.000 0.000 0.000 0.000 0.000 0.000 0.000 0.000 0.000 0.000 0.111 0.110 0.000 0.000 0.000 0.128 0.110 0.100 0.184 0.310 0.547 0.291 0.100 10/05/1997
0.852 0.934 1.196 1.337 1.555 0.944 0.950 1.205 1.381 1.665 0.619 0.611 0.831 0.835 1.651 0.712 0.727 0.811 0.818 0.758 1.119 0.728 0.780 0.810 1.182 1.161 1.095 1.413 1.379 1.177 11/05/1997
1.025 0.901 1.037 1.864 2.237 0.908 0.914 1.045 1.447 1.825 0.783 0.972 1.390 1.390 1.810 0.859 1.505 1.781 1.804 2.036 1.175 1.378 1.700 1.792 3.159 2.065 2.121 2.544 2.719 3.208 12/05/1997
0.619 0.809 0.870 1.159 1.233 0.821 0.828 0.875 0.812 1.150 0.624 1.378 0.929 0.938 1.139 0.724 1.389 1.185 1.174 0.843 1.200 1.392 1.726 1.180 0.913 1.267 0.786 0.820 1.060 0.927 13/05/1997
0.000 0.000 0.000 0.000 0.000 0.000 0.000 0.000 0.000 0.000 0.100 0.100 0.000 0.000 0.000 0.000 0.000 0.000 0.000 0.000 0.125 0.000 0.109 0.000 0.000 0.141 0.000 0.105 0.000 0.000 14/05/1997
0.957 0.667 1.416 2.392 2.718 0.676 0.682 1.428 2.644 2.998 0.341 0.494 0.936 0.944 2.976 0.391 0.286 0.706 0.710 2.355 0.274 0.287 0.390 0.703 1.557 0.205 0.299 0.404 0.608 1.563 15/05/1997
0.220 0.168 0.472 0.538 0.564 0.171 0.170 0.471 0.169 0.228 0.270 0.103 0.260 0.259 0.226 0.307 0.000 0.125 0.125 0.114 0.213 0.000 0.105 0.124 0.117 0.220 0.105 0.151 0.157 0.118 16/05/1997
0.000 0.000 0.000 0.000 0.000 0.000 0.000 0.000 0.000 0.000 0.000 0.000 0.000 0.000 0.000 0.000 0.000 0.000 0.000 0.000 0.000 0.000 0.000 0.000 0.000 0.000 0.000 0.000 0.000 0.000 17/05/1997
0.000 0.000 0.000 0.000 0.000 0.000 0.000 0.000 0.000 0.000 0.000 0.000 0.000 0.000 0.000 0.000 0.000 0.000 0.000 0.000 0.000 0.000 0.000 0.000 0.000 0.000 0.000 0.000 0.000 0.000 18/05/1997
0.000 0.000 0.000 0.000 0.000 0.000 0.000 0.000 0.000 0.000 0.000 0.000 0.000 0.000 0.000 0.000 0.000 0.000 0.000 0.000 0.000 0.000 0.000 0.000 0.000 0.000 0.000 0.000 0.000 0.000 19/05/1997
0.000 0.000 0.000 0.000 0.000 0.000 0.000 0.000 0.000 0.000 0.000 0.000 0.000 0.000 0.000 0.000 0.000 0.000 0.000 0.000 0.000 0.000 0.000 0.000 0.000 0.000 0.000 0.000 0.000 0.000 20/05/1997
0.135 0.137 0.203 0.139 0.100 0.143 0.146 0.204 0.000 0.000 0.000 0.100 0.104 0.105 0.000 0.000 0.000 0.317 0.315 0.213 0.000 0.000 0.113 0.315 1.103 0.556 1.305 1.575 1.028 1.109 21/05/1997
0.000 0.000 0.000 0.000 0.000 0.000 0.000 0.000 0.000 0.000 0.000 0.000 0.000 0.000 0.000 0.000 0.000 0.000 0.000 0.000 0.088 0.000 0.000 0.000 0.000 0.217 0.000 0.000 0.000 0.000 22/05/1997
0.000 0.000 0.000 0.000 0.000 0.000 0.000 0.000 0.000 0.000 0.000 0.000 0.000 0.000 0.000 0.000 0.000 0.000 0.000 0.000 0.000 0.000 0.000 0.000 0.000 0.000 0.000 0.000 0.000 0.000 23/05/1997
0.000 0.000 0.000 0.000 0.020 0.000 0.000 0.000 0.000 0.000 0.000 0.000 0.000 0.000 0.000 0.000 0.000 0.000 0.000 0.000 0.000 0.000 0.000 0.000 0.000 0.000 0.000 0.000 0.000 0.000 24/05/1997
0.000 0.000 0.000 0.000 0.000 0.000 0.000 0.000 0.000 0.000 0.000 0.000 0.000 0.000 0.000 0.000 0.000 0.000 0.000 0.000 0.000 0.000 0.000 0.000 0.000 0.000 0.000 0.000 0.000 0.000 25/05/1997
4.090 5.374 7.027 3.332 3.513 5.443 5.498 7.083 4.604 4.274 5.443 4.391 6.352 6.410 4.239 5.693 5.562 6.037 6.096 5.102 6.668 5.575 6.312 6.093 4.725 6.934 7.426 8.486 6.416 4.787 26/05/1997
3.850 6.175 6.043 8.939 9.243 6.253 6.317 6.091 8.353 8.502 7.353 6.983 6.280 6.311 8.431 7.839 9.900 9.726 9.828 11.143 8.254 9.922 10.931 9.683 6.861 7.275 6.536 6.984 8.064 6.969 27/05/1997
6.856 10.774 10.650 9.748 10.296 10.892 10.988 10.719 9.690 10.167 6.820 10.969 11.806 11.911 10.081 7.269 9.829 12.355 12.484 9.530 8.310 9.851 10.869 12.302 11.652 9.377 10.821 11.914 11.475 11.830 28/05/1997
3.193 3.824 3.482 3.370 3.541 3.871 3.911 3.510 7.458 7.813 3.562 3.950 6.214 6.221 7.751 3.782 3.191 6.307 6.376 9.655 2.854 3.192 4.320 6.298 8.988 1.785 3.204 4.393 7.130 9.120 29/05/1997
8.552 7.161 7.075 7.470 7.853 7.252 7.195 7.131 9.863 10.298 6.646 6.339 8.240 8.313 10.210 7.148 7.438 6.716 6.791 6.993 6.905 7.456 8.517 6.687 5.832 6.248 7.345 8.191 5.079 5.855 30/05/1997
18.569 17.222 12.160 9.843 10.337 17.442 17.620 12.250 12.453 13.575 12.374 11.717 13.280 13.400 13.466 12.108 10.781 9.720 9.822 10.210 9.233 10.804 11.964 9.677 9.543 6.268 5.387 6.287 9.071 9.682 31/05/1997
0.546 0.556 0.599 1.007 1.325 0.563 0.568 0.603 1.319 1.609 0.836 0.434 1.357 1.370 1.579 0.851 0.593 1.602 1.620 1.938 1.327 0.593 0.981 1.595 2.723 1.612 1.157 1.562 2.594 2.766 01/06/1997
3.046 2.161 2.080 2.500 2.891 2.179 2.201 2.093 2.398 2.813 1.376 1.556 2.046 2.056 2.789 1.437 1.431 1.775 1.792 2.501 1.322 1.434 1.698 1.767 1.678 1.353 1.210 1.583 1.203 1.704 02/06/1997
0.000 0.000 0.000 0.000 0.000 0.000 0.000 0.000 0.500 0.679 0.350 0.229 0.129 0.130 0.673 0.252 0.115 0.611 0.618 1.160 0.000 0.115 0.214 0.608 0.177 0.000 0.000 0.000 0.115 0.178 03/06/1997
0.650 0.729 0.570 1.158 1.233 0.738 0.744 0.574 0.872 1.194 0.140 0.681 0.454 0.455 1.187 0.185 0.734 1.365 1.381 1.169 0.613 0.736 0.921 1.359 5.791 0.879 1.733 1.973 4.301 5.875 04/06/1997
2.511 3.451 2.080 2.130 2.585 3.495 3.531 2.093 0.822 1.121 2.869 3.386 2.284 2.305 1.115 2.725 4.331 2.179 2.204 0.673 2.541 4.341 4.046 2.169 0.918 3.479 5.042 5.599 3.150 0.927 05/06/1997
0.937 0.705 0.897 0.830 0.791 0.708 0.713 0.904 0.586 0.709 0.165 0.497 0.633 0.637 0.704 0.138 0.177 0.449 0.464 0.406 0.224 0.178 0.351 0.445 0.405 0.323 0.163 0.303 0.346 0.410 06/06/1997
0.000 0.000 0.000 0.000 0.000 0.000 0.000 0.000 0.000 0.000 0.000 0.000 0.000 0.000 0.000 0.000 0.000 0.000 0.000 0.000 0.000 0.000 0.000 0.000 0.000 0.000 0.000 0.000 0.000 0.000 07/06/1997
4.798 3.365 2.372 2.638 2.735 3.407 3.441 2.390 2.173 2.816 5.951 3.758 2.487 2.506 2.798 5.538 2.821 2.173 2.196 0.977 4.454 2.826 3.305 2.164 1.778 3.575 1.744 1.877 1.483 1.806 08/06/1997
3.010 5.907 7.861 10.896 11.170 5.982 6.043 7.923 10.864 11.936 7.549 10.579 11.282 11.388 11.850 6.924 10.131 12.265 12.401 10.630 8.585 10.157 11.175 12.208 9.060 11.168 10.552 11.234 10.746 9.203 09/06/1997
2.734 4.320 5.594 4.227 4.217 4.367 4.406 5.633 4.201 4.889 3.763 3.736 3.954 3.984 4.847 3.509 3.592 4.007 4.045 4.058 3.913 3.600 4.131 3.992 1.778 1.868 1.632 1.753 1.691 1.806 10/06/1997
0.000 0.000 0.000 0.000 0.000 0.000 0.000 0.000 0.000 0.000 0.000 0.000 0.000 0.000 0.000 0.000 0.000 0.000 0.000 0.000 0.000 0.000 0.000 0.000 0.000 0.000 0.000 0.000 0.000 0.000 11/06/1997
0.000 0.000 0.000 0.000 0.000 0.000 0.000 0.000 0.000 0.000 0.000 0.000 0.000 0.000 0.000 0.000 0.000 0.000 0.000 0.000 0.000 0.000 0.000 0.000 0.000 0.000 0.000 0.000 0.000 0.000 12/06/1997
0.000 0.000 0.000 0.000 0.000 0.000 0.000 0.000 0.000 0.000 0.711 0.000 0.000 0.000 0.000 0.580 0.000 0.000 0.000 0.000 0.440 0.000 0.000 0.000 0.000 0.400 0.000 0.000 0.000 0.000 13/06/1997
0.000 0.000 0.000 0.000 0.000 0.000 0.000 0.000 0.000 0.000 0.000 0.000 0.000 0.000 0.000 0.000 0.000 0.000 0.000 0.000 0.000 0.000 0.000 0.000 0.000 0.000 0.000 0.000 0.000 0.000 14/06/1997
0.000 0.000 0.000 0.000 0.000 0.000 0.000 0.000 0.000 0.000 0.000 0.000 0.000 0.000 0.000 0.000 0.000 0.000 0.000 0.000 0.000 0.000 0.000 0.000 0.000 0.000 0.000 0.000 0.000 0.000 15/06/1997
0.000 0.000 0.000 0.000 0.000 0.000 0.000 0.000 0.000 0.000 0.000 0.000 0.000 0.000 0.000 0.000 0.000 0.000 0.000 0.000 0.000 0.000 0.000 0.000 0.000 0.000 0.000 0.000 0.000 0.000 16/06/1997
0.000 0.000 0.000 0.000 0.000 0.000 0.000 0.000 0.000 0.000 0.000 0.000 0.000 0.000 0.000 0.000 0.000 0.000 0.000 0.000 0.000 0.000 0.000 0.000 0.000 0.000 0.000 0.000 0.000 0.000 17/06/1997
3.150 2.613 2.596 2.727 3.151 2.645 2.671 2.615 6.185 6.043 4.118 4.210 5.625 5.678 5.992 3.925 7.719 9.616 9.724 9.908 6.771 7.737 8.784 9.572 9.712 8.240 9.316 9.594 9.209 9.866 18/06/1997
0.000 0.000 0.000 0.000 0.000 0.000 0.000 0.000 0.000 0.000 0.000 0.000 0.000 0.000 0.000 0.000 0.000 0.000 0.000 0.000 0.000 0.000 0.000 0.000 0.116 0.000 0.000 0.000 0.000 0.117 19/06/1997
0.000 0.000 0.000 0.000 0.000 0.000 0.000 0.000 0.000 0.000 0.000 0.000 0.000 0.000 0.000 0.000 0.000 0.000 0.000 0.000 0.000 0.000 0.000 0.000 0.000 0.000 0.000 0.000 0.000 0.000 20/06/1997
0.000 0.149 0.267 0.205 0.329 0.154 0.158 0.268 0.000 0.000 0.316 0.167 0.460 0.462 0.000 0.256 0.000 0.000 0.000 0.100 0.000 0.000 0.000 0.000 0.000 0.000 0.000 0.000 0.000 0.000 21/06/1997
0.314 0.000 0.000 0.000 0.106 0.000 0.000 0.000 0.164 0.221 0.596 0.332 0.214 0.215 0.221 0.410 0.425 0.288 0.292 0.121 0.218 0.426 0.619 0.286 0.502 0.117 0.160 0.274 0.336 0.506 22/06/1997
0.748 1.957 2.168 1.971 2.697 1.982 2.002 2.186 2.082 2.690 1.118 0.742 0.965 0.974 2.671 0.918 0.491 0.240 0.241 0.669 0.493 0.492 0.713 0.239 0.866 0.134 0.000 0.000 0.170 0.877 23/06/1997
10.116 9.838 5.277 3.639 3.642 9.963 10.065 5.318 3.998 4.620 12.379 7.424 5.878 5.928 4.581 10.746 7.451 5.273 5.325 4.559 7.646 7.468 8.119 5.251 4.724 8.179 7.832 8.290 5.045 4.786 24/06/1997
0.000 0.000 0.000 0.000 0.000 0.000 0.000 0.000 0.000 0.000 0.000 0.000 0.000 0.000 0.000 0.000 0.000 0.000 0.000 0.000 0.000 0.000 0.000 0.000 0.000 0.000 0.000 0.000 0.000 0.000 25/06/1997
0.000 0.000 0.000 0.000 0.000 0.000 0.000 0.000 0.000 0.000 0.000 0.000 0.000 0.000 0.000 0.000 0.000 0.000 0.000 0.000 0.000 0.000 0.000 0.000 0.000 0.000 0.000 0.000 0.000 0.000 26/06/1997
0.225 0.197 0.170 0.100 0.000 0.199 0.201 0.171 0.000 0.000 0.000 0.119 0.000 0.000 0.000 0.000 0.000 0.000 0.000 0.000 0.000 0.000 0.000 0.000 0.000 0.000 0.000 0.000 0.000 0.000 27/06/1997
0.814 0.868 0.857 1.373 1.480 0.874 0.879 0.861 1.093 1.559 0.855 0.951 0.980 0.987 1.546 0.761 0.741 1.046 1.055 1.115 0.736 0.743 0.930 1.042 1.046 0.821 0.798 1.038 1.058 1.059 28/06/1997
0.000 0.000 0.000 0.000 0.000 0.000 0.000 0.000 0.000 0.000 0.000 0.000 0.000 0.000 0.000 0.000 0.000 0.000 0.000 0.000 0.000 0.000 0.000 0.000 0.000 0.000 0.000 0.000 0.000 0.000 29/06/1997
1.792 1.945 1.214 3.515 3.755 1.970 1.990 1.222 5.680 5.424 2.698 2.143 3.950 3.986 5.379 2.561 3.491 5.638 5.701 8.005 2.520 3.499 3.964 5.612 6.115 2.054 2.953 3.291 5.379 6.209 30/06/1997
4.276 4.849 4.087 4.625 4.736 4.911 4.961 4.119 4.545 4.651 5.035 4.739 4.587 4.629 4.612 4.922 4.146 4.343 4.391 4.090 3.884 4.155 4.769 4.324 5.719 3.852 4.009 4.507 4.351 5.809 01/07/1997
0.203 0.209 0.176 0.230 0.359 0.214 0.217 0.179 0.176 0.286 0.117 0.284 0.429 0.433 0.286 0.143 0.205 0.346 0.355 0.199 0.149 0.206 0.371 0.342 0.132 0.138 0.137 0.198 0.362 0.133 02/07/1997
0.000 0.000 0.000 0.000 0.000 0.000 0.000 0.000 0.000 0.000 0.000 0.000 0.000 0.000 0.000 0.000 0.000 0.000 0.000 0.000 0.000 0.000 0.000 0.000 0.000 0.000 0.000 0.000 0.000 0.000 03/07/1997
0.000 0.000 0.000 0.000 0.000 0.000 0.000 0.000 0.000 0.000 0.000 0.000 0.000 0.000 0.000 0.000 0.000 0.000 0.000 0.000 0.000 0.000 0.000 0.000 0.000 0.000 0.000 0.000 0.000 0.000 04/07/1997
5.347 4.039 5.011 4.760 4.892 4.090 4.132 5.051 3.392 3.517 3.458 1.914 3.193 3.217 3.488 3.267 3.639 3.050 3.080 2.506 3.758 3.648 4.115 3.040 2.328 2.870 2.271 2.691 2.565 2.364 05/07/1997
0.000 0.000 0.000 0.000 0.000 0.000 0.000 0.000 0.000 0.000 0.000 0.000 0.000 0.000 0.000 0.000 0.000 0.000 0.000 0.000 0.000 0.000 0.000 0.000 0.000 0.000 0.000 0.000 0.000 0.000 06/07/1997
0.000 0.000 0.000 0.000 0.000 0.000 0.000 0.000 0.000 0.000 0.000 0.000 0.000 0.000 0.000 0.000 0.000 0.000 0.000 0.000 0.000 0.000 0.000 0.000 0.000 0.000 0.000 0.000 0.000 0.000 07/07/1997
0.000 0.000 0.000 0.000 0.000 0.000 0.000 0.000 0.000 0.000 0.000 0.000 0.000 0.000 0.000 0.000 0.000 0.000 0.000 0.000 0.000 0.000 0.000 0.000 0.000 0.000 0.000 0.000 0.000 0.000 08/07/1997
0.000 0.000 0.000 0.000 0.000 0.000 0.000 0.000 0.000 0.000 0.000 0.000 0.000 0.000 0.000 0.000 0.000 0.000 0.000 0.000 0.000 0.000 0.000 0.000 0.000 0.000 0.000 0.000 0.000 0.000 09/07/1997
0.000 0.000 0.000 0.000 0.000 0.000 0.000 0.000 0.000 0.000 0.000 0.000 0.000 0.000 0.000 0.000 0.000 0.000 0.000 0.000 0.000 0.000 0.000 0.000 0.000 0.000 0.000 0.000 0.000 0.000 10/07/1997
4.543 5.348 5.371 5.747 6.665 5.415 5.470 5.413 4.025 4.317 5.796 4.702 4.315 4.355 4.280 6.383 4.575 4.442 4.491 4.940 4.873 4.586 5.689 4.423 8.145 5.863 5.254 6.491 7.011 8.271 11/07/1997
0.000 0.000 0.000 0.000 0.000 0.000 0.000 0.000 0.000 0.000 0.000 0.000 0.000 0.000 0.000 0.000 0.000 0.000 0.000 0.000 0.000 0.000 0.000 0.000 0.000 0.000 0.000 0.000 0.000 0.000 12/07/1997
0.000 0.000 0.000 0.000 0.000 0.000 0.000 0.000 0.000 0.000 0.000 0.000 0.000 0.000 0.000 0.000 0.000 0.000 0.000 0.000 0.000 0.000 0.000 0.000 0.000 0.000 0.000 0.000 0.000 0.000 13/07/1997
0.000 0.000 0.000 0.000 0.000 0.000 0.000 0.000 0.000 0.000 0.000 0.000 0.000 0.000 0.000 0.000 0.000 0.000 0.000 0.000 0.000 0.000 0.000 0.000 0.000 0.000 0.000 0.000 0.000 0.000 14/07/1997
0.000 0.000 0.000 0.000 0.000 0.000 0.000 0.000 0.000 0.000 0.000 0.000 0.000 0.000 0.000 0.000 0.000 0.000 0.000 0.000 0.300 0.000 0.000 0.000 0.000 0.000 0.000 0.000 0.000 0.000 15/07/1997
1.364 1.677 1.372 0.999 1.138 1.698 1.716 1.382 1.040 1.461 2.181 2.161 1.620 1.634 1.449 2.014 1.610 1.335 1.350 0.784 2.271 1.613 1.754 1.329 0.795 2.132 0.936 1.236 1.182 0.803 16/07/1997
0.822 0.680 0.562 0.271 0.447 0.688 0.692 0.566 0.163 0.195 0.687 0.573 0.274 0.276 0.194 0.568 0.280 0.197 0.197 0.113 0.492 0.287 0.388 0.197 0.000 0.336 0.120 0.189 0.112 0.000 17/07/1997
0.000 0.000 0.000 0.000 0.000 0.000 0.000 0.000 0.000 0.000 0.000 0.000 0.000 0.000 0.000 0.000 0.000 0.000 0.000 0.000 0.000 0.000 0.000 0.000 0.000 0.000 0.000 0.000 0.000 0.000 18/07/1997
0.000 0.000 0.000 0.000 0.000 0.000 0.000 0.000 0.000 0.000 0.000 0.000 0.000 0.000 0.000 0.000 0.000 0.000 0.000 0.000 0.000 0.000 0.000 0.000 0.000 0.000 0.000 0.000 0.000 0.000 19/07/1997
0.000 0.000 0.000 0.000 0.000 0.000 0.000 0.000 0.000 0.000 0.000 0.000 0.000 0.000 0.000 0.000 0.000 0.000 0.000 0.000 0.000 0.000 0.000 0.000 0.000 0.000 0.000 0.000 0.000 0.000 20/07/1997
0.000 0.000 0.000 0.000 0.000 0.000 0.000 0.000 0.000 0.000 0.129 0.111 0.000 0.000 0.000 0.175 0.131 0.000 0.000 0.000 0.000 0.132 0.200 0.000 0.000 0.000 0.000 0.000 0.000 0.000 21/07/1997
0.260 0.000 0.000 0.000 0.000 0.000 0.000 0.000 0.000 0.000 0.226 0.000 0.000 0.000 0.000 0.216 0.000 0.000 0.000 0.000 0.124 0.000 0.000 0.000 0.000 0.000 0.000 0.000 0.000 0.000 22/07/1997
0.115 0.000 0.000 0.146 0.149 0.000 0.000 0.000 0.108 0.000 0.000 0.116 0.117 0.117 0.000 0.000 0.000 0.139 0.140 0.136 0.241 0.000 0.128 0.138 1.054 0.449 0.115 0.214 0.298 1.070 23/07/1997
0.501 1.154 0.958 1.244 1.594 1.168 1.180 0.966 1.922 2.426 1.091 1.384 1.659 1.674 2.406 1.157 0.938 1.489 1.506 1.983 0.800 0.940 1.245 1.482 1.670 0.778 0.722 1.117 1.004 1.696 24/07/1997
0.000 0.000 0.000 0.000 0.000 0.000 0.000 0.000 0.000 0.000 0.000 0.000 0.000 0.000 0.000 0.000 0.000 0.000 0.000 0.000 0.000 0.000 0.000 0.000 0.000 0.000 0.000 0.000 0.000 0.000 25/07/1997
0.000 0.000 0.000 0.000 0.000 0.000 0.000 0.000 0.000 0.000 0.000 0.000 0.000 0.000 0.000 0.000 0.000 0.000 0.000 0.000 0.000 0.000 0.000 0.000 0.000 0.000 0.000 0.000 0.000 0.000 26/07/1997
0.000 0.000 0.000 0.000 0.000 0.000 0.000 0.000 0.000 0.000 0.000 0.000 0.000 0.000 0.000 0.000 0.000 0.000 0.000 0.000 0.000 0.000 0.000 0.000 0.000 0.000 0.000 0.000 0.000 0.000 27/07/1997
0.000 0.000 0.000 0.000 0.000 0.000 0.000 0.000 0.000 0.000 0.000 0.000 0.000 0.000 0.000 0.000 0.000 0.000 0.000 0.000 0.000 0.000 0.000 0.000 0.000 0.000 0.000 0.000 0.000 0.000 28/07/1997
0.000 0.000 0.000 0.000 0.000 0.000 0.000 0.000 0.000 0.000 0.000 0.000 0.000 0.000 0.000 0.000 0.000 0.000 0.000 0.000 0.000 0.000 0.000 0.000 0.000 0.000 0.000 0.000 0.000 0.000 29/07/1997
0.000 0.000 0.000 0.000 0.000 0.000 0.000 0.000 0.000 0.000 0.000 0.000 0.000 0.000 0.000 0.000 0.000 0.000 0.000 0.111 0.000 0.000 0.000 0.000 0.151 0.000 0.000 0.101 0.112 0.151 30/07/1997
0.000 0.000 0.000 0.000 0.000 0.000 0.000 0.000 0.000 0.000 0.000 0.000 0.000 0.000 0.000 0.000 0.000 0.000 0.000 0.000 0.000 0.000 0.000 0.000 0.000 0.000 0.000 0.000 0.000 0.000 31/07/1997
