# 6448 6449 6450 6451 6452 6528 6529 6530 6531 6532 6610 6611 6612 6613 6614 6693 6694 6695 6696 6697 6776 6777 6778 6779 6780 6859 6860 6861 6862 6863 Date
3.673 3.524 3.518 3.317 3.365 3.678 3.512 3.535 3.490 3.388 3.684 3.538 3.562 3.424 3.364 3.594 3.550 3.476 3.420 3.412 3.484 3.497 3.407 3.411 3.413 3.500 3.537 3.444 3.427 3.375 01/08/1975
4.411 4.075 4.066 3.864 3.959 4.473 4.315 4.318 4.255 4.099 4.479 4.319 4.356 4.277 4.109 4.439 4.310 4.354 4.269 4.207 4.463 4.456 4.521 4.496 4.496 4.471 4.448 4.553 4.517 4.457 02/08/1975
4.098 3.971 3.971 3.524 3.546 4.262 4.147 4.158 4.110 4.033 4.260 4.163 4.108 3.798 3.666 3.966 3.929 3.854 3.786 3.728 3.693 3.758 3.736 3.935 3.935 3.696 3.737 3.757 3.958 3.887 03/08/1975
2.045 1.881 1.853 1.773 1.236 1.877 1.778 1.817 1.594 1.294 1.882 1.826 1.824 1.418 1.276 1.863 1.734 1.481 1.398 1.443 1.736 1.588 1.308 1.424 1.426 1.796 1.791 1.403 1.475 1.381 04/08/1975
3.636 3.498 3.491 3.099 2.925 3.583 3.478 3.507 3.294 3.021 3.587 3.514 3.317 3.241 2.981 3.456 3.318 3.292 3.227 3.114 3.260 3.222 3.183 3.266 3.269 3.274 3.173 3.251 3.304 3.200 05/08/1975
3.954 3.816 3.813 3.536 3.353 3.947 3.844 3.853 3.681 3.596 3.949 3.867 3.727 3.620 3.524 3.816 3.697 3.647 3.607 3.581 3.714 3.637 3.610 3.650 3.650 3.725 3.642 3.646 3.662 3.623 06/08/1975
4.520 4.475 4.468 4.217 4.200 4.534 4.480 4.483 4.379 4.297 4.535 4.480 4.356 4.331 4.242 4.452 4.334 4.349 4.322 4.341 4.273 4.283 4.255 4.364 4.364 4.291 4.264 4.291 4.386 4.352 07/08/1975
4.198 4.244 4.245 4.184 4.296 4.172 4.227 4.219 4.264 4.288 4.176 4.220 4.206 4.262 4.325 4.158 4.172 4.164 4.258 4.371 4.133 4.228 4.213 4.305 4.306 4.122 4.145 4.243 4.316 4.277 08/08/1975
4.487 4.565 4.562 4.512 4.456 4.479 4.543 4.574 4.554 4.454 4.486 4.580 4.501 4.577 4.538 4.428 4.433 4.488 4.577 4.646 4.371 4.426 4.457 4.568 4.567 4.370 4.339 4.473 4.578 4.567 09/08/1975
4.322 4.537 4.529 4.389 4.336 4.383 4.458 4.490 4.452 4.300 4.388 4.504 4.421 4.380 4.282 4.091 4.177 4.202 4.371 4.361 4.107 4.178 4.235 4.351 4.353 4.127 4.067 4.270 4.370 4.343 10/08/1975
3.465 3.514 3.513 3.403 3.502 3.414 3.488 3.497 3.509 3.530 3.417 3.498 3.448 3.421 3.440 3.325 3.366 3.334 3.409 3.544 3.248 3.269 3.248 3.363 3.364 3.256 3.262 3.284 3.384 3.337 11/08/1975
3.606 3.606 3.589 3.325 3.068 3.509 3.404 3.418 3.191 2.924 3.514 3.430 3.414 3.028 2.774 3.466 3.405 3.288 3.021 2.812 3.358 3.216 3.099 2.856 2.858 3.377 3.422 3.141 2.886 2.808 12/08/1975
3.540 3.562 3.560 3.418 3.484 3.542 3.495 3.503 3.554 3.418 3.547 3.511 3.559 3.509 3.440 3.567 3.574 3.549 3.500 3.479 3.569 3.556 3.525 3.510 3.511 3.590 3.590 3.564 3.535 3.478 13/08/1975
3.612 3.635 3.631 3.566 3.622 3.695 3.655 3.655 3.667 3.590 3.698 3.665 3.664 3.656 3.595 3.710 3.714 3.691 3.643 3.638 3.678 3.682 3.633 3.639 3.640 3.688 3.708 3.679 3.653 3.593 14/08/1975
5.262 5.272 5.268 5.218 5.268 5.218 5.179 5.184 5.102 4.957 5.221 5.185 5.146 4.936 4.812 4.979 4.906 5.027 4.931 4.937 4.981 4.926 5.052 4.986 4.987 4.979 4.910 5.096 5.011 4.970 15/08/1975
4.143 4.200 4.181 4.235 4.308 4.207 4.250 4.282 4.425 4.304 4.213 4.295 4.301 4.383 4.256 4.224 4.255 4.336 4.365 4.410 4.154 4.195 4.288 4.326 4.328 4.206 4.161 4.335 4.346 4.282 16/08/1975
3.245 3.195 3.194 3.048 3.130 3.232 3.171 3.194 3.186 3.110 3.231 3.196 3.137 3.062 3.114 3.003 2.881 2.988 3.062 3.121 3.091 2.936 3.024 3.156 3.158 3.100 3.065 3.110 3.186 3.091 17/08/1975
3.203 3.171 3.160 2.972 2.909 3.201 3.136 3.155 3.155 2.954 3.208 3.154 3.153 3.189 3.054 3.177 3.229 3.148 3.170 3.125 3.228 3.274 3.194 3.230 3.231 3.251 3.266 3.250 3.258 3.176 18/08/1975
2.191 2.113 2.101 1.952 1.936 2.362 2.161 2.189 2.132 2.031 2.364 2.189 2.175 2.155 2.072 2.404 2.300 2.223 2.143 2.116 2.457 2.414 2.353 2.375 2.377 2.491 2.506 2.418 2.413 2.313 19/08/1975
2.900 2.841 2.827 2.567 2.534 2.982 2.904 2.925 2.805 2.658 2.987 2.937 2.903 2.861 2.810 2.965 2.949 2.939 2.839 2.837 2.975 2.963 2.982 3.024 3.022 3.004 3.014 3.037 3.051 2.977 20/08/1975
2.820 2.796 2.793 2.671 2.727 2.889 2.831 2.833 2.912 2.799 2.891 2.840 2.952 2.946 2.843 2.932 2.969 2.958 2.936 2.914 2.979 3.042 3.026 3.032 3.032 3.018 3.051 3.053 3.047 3.008 21/08/1975
2.344 2.315 2.322 2.167 2.089 2.365 2.354 2.344 2.087 2.129 2.362 2.341 2.041 2.031 2.059 2.313 2.293 2.036 2.036 2.098 2.328 2.394 2.128 2.102 2.101 2.323 2.348 2.112 2.090 2.132 22/08/1975
3.013 3.051 3.045 2.974 3.055 2.981 3.021 3.030 3.060 3.042 2.985 3.038 3.072 3.038 3.052 3.018 3.080 3.038 3.034 3.088 3.047 3.115 3.068 3.085 3.086 3.066 3.083 3.099 3.100 3.058 23/08/1975
2.321 2.331 2.324 2.247 2.371 2.310 2.386 2.403 2.431 2.344 2.317 2.407 2.356 2.431 2.473 2.278 2.397 2.359 2.420 2.522 2.276 2.457 2.399 2.493 2.494 2.295 2.291 2.439 2.514 2.448 24/08/1975
1.062 1.037 1.028 0.866 0.934 1.178 1.147 1.162 1.209 1.164 1.182 1.172 1.134 1.330 1.244 1.319 1.340 1.297 1.326 1.328 1.485 1.487 1.411 1.457 1.459 1.505 1.544 1.471 1.479 1.420 25/08/1975
1.632 1.642 1.631 1.500 1.309 1.631 1.631 1.655 1.637 1.455 1.637 1.663 1.662 1.658 1.636 1.717 1.762 1.671 1.647 1.643 1.784 1.784 1.692 1.688 1.689 1.813 1.788 1.732 1.713 1.648 26/08/1975
2.877 2.770 2.755 2.643 2.526 2.804 2.730 2.784 2.804 2.644 2.812 2.796 2.791 2.953 2.860 2.923 2.870 2.864 2.937 2.886 2.948 2.935 2.938 3.021 3.023 2.990 2.918 3.015 3.056 2.959 27/08/1975
2.575 2.621 2.612 2.564 2.580 2.603 2.620 2.634 2.647 2.576 2.611 2.651 2.639 2.655 2.644 2.564 2.663 2.633 2.648 2.661 2.595 2.670 2.650 2.719 2.720 2.631 2.706 2.692 2.739 2.674 28/08/1975
2.664 2.665 2.651 2.574 2.580 2.662 2.648 2.668 2.692 2.669 2.669 2.680 2.656 2.762 2.724 2.735 2.755 2.695 2.755 2.745 2.860 2.792 2.734 2.815 2.817 2.865 2.861 2.783 2.836 2.772 29/08/1975
3.495 3.443 3.445 3.246 3.319 3.681 3.570 3.591 3.622 3.501 3.689 3.603 3.596 3.763 3.562 3.832 3.794 3.768 3.755 3.678 3.929 3.868 3.875 3.904 3.905 3.940 3.942 3.891 3.922 3.879 30/08/1975
4.322 4.234 4.216 3.989 3.909 4.448 4.379 4.398 4.464 4.088 4.460 4.410 4.427 4.603 4.238 4.619 4.543 4.624 4.589 4.348 4.801 4.700 4.775 4.804 4.804 4.844 4.776 4.836 4.843 4.733 31/08/1975
4.823 4.806 4.814 4.624 4.199 4.676 4.670 4.650 4.559 4.351 4.679 4.652 4.554 4.433 4.343 4.340 4.236 4.430 4.430 4.517 4.178 4.125 4.325 4.349 4.348 4.147 4.088 4.349 4.356 4.335 01/09/1975
4.267 4.304 4.307 4.183 4.075 4.347 4.368 4.357 4.276 4.166 4.356 4.369 4.363 4.304 4.190 4.309 4.174 4.340 4.301 4.323 4.328 4.265 4.449 4.357 4.355 4.353 4.312 4.488 4.374 4.336 02/09/1975
3.106 3.072 3.069 2.665 2.943 3.096 3.070 3.064 3.297 2.965 3.099 3.069 3.418 3.109 2.864 3.304 3.408 3.230 3.106 3.039 3.183 3.319 3.146 3.123 3.123 3.195 3.419 3.160 3.133 3.107 03/09/1975
2.926 2.985 2.983 3.052 2.797 3.001 2.946 2.961 3.037 2.795 3.004 2.967 2.967 2.998 2.746 2.946 2.997 2.957 2.993 2.837 2.946 3.003 2.980 2.971 2.972 2.980 2.985 3.000 2.989 2.962 04/09/1975
2.462 2.387 2.387 2.198 2.239 2.399 2.309 2.308 2.278 2.189 2.401 2.316 2.395 2.221 2.161 2.322 2.390 2.253 2.208 2.090 2.233 2.276 2.164 2.217 2.220 2.249 2.457 2.263 2.266 2.133 05/09/1975
3.137 3.060 3.064 2.732 2.503 3.104 2.879 2.891 2.735 2.484 3.106 2.893 2.850 2.658 2.464 2.910 2.793 2.835 2.657 2.569 2.917 2.740 2.770 2.556 2.558 2.944 3.014 2.796 2.575 2.548 06/09/1975
3.562 3.514 3.504 3.344 3.027 3.589 3.549 3.551 3.438 3.098 3.593 3.558 3.548 3.442 3.170 3.595 3.506 3.634 3.431 3.240 3.698 3.506 3.637 3.409 3.409 3.692 3.644 3.687 3.423 3.393 07/09/1975
3.648 3.599 3.589 3.469 3.103 3.729 3.605 3.616 3.507 3.147 3.730 3.621 3.577 3.568 3.170 3.727 3.555 3.695 3.563 3.290 3.786 3.556 3.715 3.554 3.555 3.787 3.669 3.760 3.561 3.533 08/09/1975
3.668 3.682 3.686 3.551 3.239 3.716 3.610 3.598 3.509 3.244 3.716 3.599 3.570 3.486 3.225 3.589 3.479 3.591 3.482 3.315 3.587 3.486 3.585 3.416 3.417 3.582 3.532 3.604 3.438 3.398 09/09/1975
3.414 3.510 3.517 3.373 3.217 3.464 3.568 3.550 3.422 3.167 3.466 3.550 3.447 3.388 3.119 3.360 3.364 3.427 3.383 3.198 3.346 3.332 3.407 3.351 3.352 3.342 3.304 3.427 3.372 3.338 10/09/1975
3.568 3.528 3.524 3.463 3.426 3.505 3.461 3.454 3.391 3.257 3.508 3.463 3.432 3.287 3.144 3.383 3.248 3.356 3.286 3.213 3.370 3.268 3.376 3.344 3.344 3.356 3.337 3.384 3.354 3.325 11/09/1975
2.789 2.766 2.752 2.747 2.611 2.856 2.803 2.817 2.831 2.638 2.857 2.825 2.891 2.851 2.685 2.866 2.840 2.897 2.837 2.770 2.879 2.875 2.933 2.891 2.892 2.869 2.866 2.979 2.929 2.859 12/09/1975
2.897 2.786 2.783 2.744 2.612 2.840 2.773 2.791 2.896 2.675 2.840 2.798 2.923 2.949 2.724 2.915 2.888 2.974 2.936 2.833 2.910 2.918 2.982 2.947 2.948 2.949 2.980 3.010 2.968 2.919 13/09/1975
3.004 2.908 2.897 2.815 2.743 3.042 2.956 2.964 2.978 2.776 3.040 2.969 3.041 2.904 2.763 3.023 2.959 3.056 2.905 2.806 3.056 2.937 3.028 2.965 2.965 3.096 3.038 3.060 2.963 2.953 14/09/1975
1.902 1.714 1.712 1.405 1.368 1.844 1.527 1.547 1.548 1.425 1.847 1.560 1.570 1.587 1.508 1.811 1.731 1.669 1.582 1.563 1.811 1.723 1.659 1.679 1.680 1.813 1.875 1.705 1.699 1.646 15/09/1975
2.343 2.261 2.249 2.090 2.070 2.346 2.241 2.251 2.243 2.138 2.353 2.255 2.348 2.310 2.167 2.374 2.336 2.369 2.305 2.214 2.429 2.378 2.389 2.364 2.365 2.447 2.453 2.427 2.385 2.346 16/09/1975
2.339 2.316 2.319 2.259 2.302 2.341 2.360 2.354 2.399 2.345 2.346 2.358 2.457 2.437 2.379 2.376 2.432 2.495 2.438 2.442 2.430 2.416 2.481 2.495 2.495 2.450 2.410 2.500 2.502 2.476 17/09/1975
2.504 2.410 2.413 2.377 2.395 2.452 2.382 2.404 2.435 2.375 2.459 2.413 2.476 2.423 2.371 2.504 2.432 2.461 2.423 2.408 2.492 2.421 2.456 2.447 2.448 2.497 2.454 2.493 2.464 2.428 18/09/1975
1.910 1.750 1.744 1.502 1.484 1.767 1.637 1.661 1.683 1.443 1.774 1.670 1.760 1.503 1.376 1.740 1.697 1.638 1.501 1.419 1.717 1.675 1.610 1.639 1.640 1.743 1.735 1.650 1.660 1.604 19/09/1975
2.622 2.509 2.502 2.234 2.217 2.547 2.400 2.405 2.396 2.246 2.553 2.412 2.487 2.401 2.329 2.553 2.464 2.508 2.396 2.412 2.561 2.510 2.572 2.552 2.553 2.584 2.549 2.612 2.578 2.523 20/09/1975
3.856 3.715 3.715 3.350 3.053 3.635 3.435 3.427 3.228 3.033 3.645 3.437 3.388 3.249 3.176 3.549 3.310 3.422 3.237 3.251 3.540 3.275 3.401 3.341 3.342 3.560 3.426 3.455 3.368 3.291 21/09/1975
3.446 3.337 3.325 3.157 2.724 3.082 2.992 3.027 2.993 2.700 3.089 3.043 3.061 2.882 2.760 2.915 2.872 2.918 2.866 2.962 2.783 2.752 2.798 2.829 2.830 2.785 2.727 2.872 2.860 2.783 22/09/1975
2.508 2.499 2.492 2.309 2.249 2.337 2.258 2.281 2.388 2.114 2.344 2.294 2.426 2.239 2.092 2.278 2.168 2.229 2.229 2.244 2.133 2.106 2.163 2.210 2.210 2.144 2.121 2.208 2.226 2.170 23/09/1975
2.704 2.714 2.712 2.658 2.628 2.604 2.571 2.581 2.590 2.535 2.605 2.582 2.605 2.505 2.463 2.525 2.473 2.519 2.496 2.500 2.503 2.408 2.431 2.433 2.432 2.516 2.451 2.464 2.443 2.410 24/09/1975
2.889 2.885 2.883 2.785 2.734 2.965 2.924 2.921 2.834 2.742 2.970 2.922 2.903 2.856 2.794 2.963 2.846 2.965 2.852 2.849 2.987 2.817 2.918 2.837 2.839 2.995 2.904 2.962 2.858 2.814 25/09/1975
2.942 2.956 2.949 2.820 2.752 2.898 2.881 2.894 2.834 2.658 2.902 2.901 2.932 2.836 2.681 2.875 2.729 2.905 2.828 2.794 2.873 2.682 2.822 2.827 2.828 2.893 2.787 2.865 2.845 2.790 26/09/1975
3.807 3.695 3.689 3.542 3.343 3.724 3.624 3.622 3.513 3.317 3.729 3.627 3.595 3.604 3.475 3.626 3.471 3.743 3.596 3.612 3.632 3.498 3.761 3.732 3.733 3.616 3.547 3.803 3.758 3.678 27/09/1975
2.962 2.858 2.857 2.761 2.635 2.833 2.756 2.744 2.614 2.547 2.836 2.738 2.677 2.537 2.509 2.714 2.496 2.633 2.534 2.570 2.701 2.491 2.622 2.543 2.543 2.713 2.608 2.651 2.556 2.528 28/09/1975
2.640 2.591 2.597 2.504 2.455 2.690 2.639 2.644 2.608 2.502 2.698 2.657 2.612 2.647 2.567 2.682 2.576 2.674 2.645 2.625 2.708 2.567 2.677 2.651 2.650 2.715 2.685 2.708 2.664 2.626 29/09/1975
2.582 2.510 2.504 2.164 1.938 2.548 2.418 2.436 2.358 2.019 2.551 2.435 2.458 2.309 2.111 2.537 2.346 2.470 2.316 2.179 2.579 2.413 2.541 2.400 2.401 2.570 2.509 2.570 2.418 2.403 30/09/1975
2.163 2.202 2.208 1.960 1.963 2.229 2.121 2.129 2.124 1.924 2.228 2.135 2.253 2.069 1.897 2.274 2.120 2.257 2.077 1.951 2.235 2.091 2.231 2.075 2.075 2.249 2.196 2.260 2.080 2.055 01/10/1975
2.985 2.915 2.904 2.708 2.703 2.885 2.803 2.814 2.758 2.665 2.892 2.823 2.858 2.725 2.674 2.846 2.744 2.876 2.712 2.698 2.867 2.708 2.840 2.734 2.736 2.921 2.814 2.890 2.764 2.697 02/10/1975
2.147 2.140 2.137 2.039 2.070 2.215 2.185 2.199 2.191 2.124 2.222 2.205 2.245 2.209 2.171 2.292 2.200 2.263 2.208 2.201 2.312 2.218 2.279 2.244 2.246 2.322 2.301 2.303 2.264 2.217 03/10/1975
1.857 1.866 1.862 1.769 1.816 1.852 1.841 1.841 1.868 1.786 1.856 1.848 1.889 1.866 1.811 1.902 1.883 1.957 1.861 1.849 1.946 1.902 1.984 1.939 1.940 1.975 1.941 2.015 1.955 1.911 04/10/1975
1.085 1.068 1.061 1.002 0.998 1.019 1.001 1.019 1.029 0.981 1.025 1.025 1.073 0.952 0.844 0.987 1.018 0.950 0.947 0.875 0.919 0.918 0.867 0.791 0.792 0.944 0.971 0.891 0.807 0.776 05/10/1975
0.841 0.826 0.822 0.830 0.871 0.810 0.843 0.851 0.884 0.918 0.813 0.852 0.853 0.949 0.935 0.937 0.953 0.934 0.951 0.935 0.982 0.991 0.975 0.978 0.978 0.995 0.986 0.995 0.988 0.975 06/10/1975
0.707 0.742 0.749 0.658 0.603 0.776 0.774 0.767 0.698 0.666 0.777 0.773 0.697 0.727 0.692 0.859 0.811 0.767 0.730 0.748 0.862 0.818 0.769 0.821 0.821 0.868 0.810 0.775 0.820 0.812 07/10/1975
2.177 2.120 2.116 1.958 1.676 2.123 2.080 2.084 1.926 1.666 2.128 2.092 2.072 1.956 1.707 2.093 2.063 2.077 1.948 1.739 2.088 1.981 1.994 1.926 1.927 2.105 2.127 2.017 1.934 1.891 08/10/1975
0.860 0.879 0.875 0.935 0.855 0.826 0.843 0.856 0.891 0.887 0.830 0.859 0.874 0.893 0.885 0.875 0.932 0.879 0.889 0.898 0.859 0.898 0.842 0.878 0.878 0.868 0.904 0.863 0.889 0.871 09/10/1975
0.508 0.453 0.446 0.419 0.590 0.397 0.471 0.486 0.618 0.619 0.389 0.492 0.627 0.601 0.608 0.615 0.614 0.621 0.600 0.601 0.650 0.651 0.655 0.648 0.649 0.672 0.668 0.671 0.660 0.639 10/10/1975
0.902 0.918 0.912 0.922 0.940 0.879 0.877 0.883 0.943 0.933 0.884 0.888 0.938 0.935 0.947 0.853 0.978 0.928 0.934 0.962 0.854 0.933 0.899 0.948 0.949 0.873 0.906 0.924 0.962 0.933 11/10/1975
1.155 1.125 1.123 1.047 1.051 1.158 1.145 1.149 1.094 1.083 1.164 1.154 1.169 1.149 1.138 1.173 1.173 1.173 1.156 1.143 1.193 1.183 1.196 1.201 1.202 1.191 1.189 1.204 1.212 1.201 12/10/1975
1.054 1.064 1.064 1.052 1.038 1.072 1.082 1.086 1.065 1.062 1.077 1.091 1.075 1.110 1.109 1.094 1.085 1.109 1.115 1.137 1.112 1.085 1.103 1.138 1.138 1.116 1.108 1.121 1.145 1.131 13/10/1975
1.546 1.528 1.529 1.435 1.387 1.559 1.529 1.528 1.499 1.409 1.562 1.529 1.514 1.521 1.438 1.479 1.464 1.523 1.524 1.485 1.482 1.487 1.547 1.534 1.534 1.487 1.485 1.558 1.544 1.533 14/10/1975
1.728 1.710 1.704 1.559 1.422 1.727 1.686 1.688 1.616 1.444 1.734 1.701 1.638 1.626 1.474 1.704 1.684 1.631 1.622 1.596 1.657 1.694 1.622 1.651 1.652 1.662 1.655 1.655 1.678 1.628 15/10/1975
1.923 1.922 1.920 1.758 1.708 1.916 1.930 1.945 1.963 1.813 1.926 1.946 1.980 1.941 1.847 1.867 1.883 1.926 1.942 1.895 1.763 1.827 1.870 1.887 1.888 1.758 1.793 1.875 1.901 1.887 16/10/1975
2.091 2.045 2.041 1.948 1.812 2.002 2.024 2.035 2.096 1.950 2.007 2.043 2.110 2.093 1.969 1.904 1.979 2.083 2.090 2.059 1.883 1.943 2.027 2.078 2.077 1.886 1.891 2.067 2.096 2.056 17/10/1975
2.464 2.390 2.394 2.222 1.945 2.376 2.386 2.404 2.278 2.085 2.377 2.406 2.378 2.335 2.179 2.244 2.190 2.371 2.328 2.281 2.192 2.176 2.319 2.386 2.385 2.215 2.178 2.368 2.389 2.351 18/10/1975
1.501 1.512 1.512 1.475 1.395 1.418 1.453 1.459 1.454 1.430 1.418 1.461 1.441 1.447 1.433 1.462 1.399 1.465 1.446 1.478 1.437 1.361 1.420 1.420 1.421 1.435 1.367 1.431 1.422 1.401 19/10/1975
1.049 1.079 1.082 1.113 1.082 1.044 1.038 1.037 1.110 1.135 1.048 1.042 1.115 1.132 1.153 1.120 1.089 1.156 1.134 1.135 1.122 1.098 1.159 1.164 1.164 1.111 1.085 1.175 1.171 1.167 20/10/1975
1.510 1.422 1.429 1.323 1.226 1.427 1.367 1.364 1.298 1.234 1.431 1.368 1.347 1.293 1.237 1.409 1.296 1.362 1.294 1.270 1.398 1.311 1.364 1.323 1.322 1.386 1.354 1.376 1.331 1.308 21/10/1975
1.696 1.690 1.701 1.595 1.424 1.774 1.742 1.735 1.662 1.534 1.778 1.737 1.688 1.648 1.575 1.679 1.597 1.719 1.645 1.592 1.648 1.611 1.726 1.721 1.722 1.644 1.607 1.738 1.730 1.710 22/10/1975
1.047 1.086 1.085 1.104 1.118 1.045 1.024 1.029 1.114 1.100 1.050 1.036 1.057 1.027 1.059 1.047 1.025 1.046 1.030 1.070 1.070 1.052 1.066 1.024 1.024 1.078 1.073 1.077 1.031 1.023 23/10/1975
1.051 1.028 1.028 0.977 1.014 1.030 0.992 0.994 0.998 0.968 1.035 1.000 1.014 0.992 0.936 1.069 1.009 1.010 0.994 0.960 1.094 1.035 1.037 1.039 1.039 1.104 1.087 1.055 1.049 1.034 24/10/1975
1.898 1.875 1.868 1.846 1.736 1.811 1.754 1.756 1.851 1.736 1.815 1.762 1.748 1.713 1.631 1.722 1.612 1.695 1.712 1.690 1.631 1.559 1.615 1.655 1.654 1.631 1.582 1.642 1.672 1.643 25/10/1975
1.567 1.429 1.425 1.225 1.138 1.574 1.436 1.452 1.399 1.168 1.577 1.454 1.448 1.397 1.208 1.552 1.480 1.477 1.393 1.228 1.491 1.499 1.511 1.500 1.501 1.500 1.483 1.542 1.522 1.478 26/10/1975
2.887 2.861 2.855 2.535 2.511 2.750 2.709 2.768 2.701 2.485 2.766 2.793 2.744 2.717 2.476 2.654 2.954 2.774 2.696 2.577 2.619 3.020 2.821 2.793 2.793 2.649 2.869 2.859 2.822 2.749 27/10/1975
2.690 2.544 2.540 2.504 2.161 2.587 2.439 2.459 2.434 2.177 2.590 2.469 2.472 2.331 2.101 2.502 2.291 2.429 2.316 2.193 2.402 2.307 2.443 2.315 2.315 2.411 2.323 2.470 2.349 2.295 28/10/1975
4.688 4.331 4.297 4.248 3.794 4.279 4.055 4.159 4.097 3.583 4.299 4.195 4.217 3.862 3.512 4.101 4.010 4.029 3.833 3.620 3.949 3.913 3.890 3.753 3.755 4.044 4.044 4.028 3.797 3.656 29/10/1975
1.864 1.956 1.954 1.885 1.444 2.000 2.031 2.039 1.926 1.415 2.000 2.038 2.081 2.069 1.403 1.971 2.056 2.205 2.061 1.455 1.991 2.091 2.232 2.007 2.009 1.967 1.999 2.228 2.016 1.998 30/10/1975
0.846 0.956 0.956 0.909 0.847 0.912 0.961 0.960 0.917 0.780 0.915 0.964 0.957 0.951 0.805 0.928 0.957 0.978 0.951 0.865 0.974 1.007 1.026 1.019 1.019 0.970 0.979 1.041 1.029 1.020 31/10/1975
0.828 0.878 0.880 0.810 0.761 0.867 0.867 0.864 0.809 0.718 0.868 0.864 0.838 0.764 0.731 0.826 0.855 0.810 0.764 0.756 0.862 0.876 0.841 0.787 0.787 0.855 0.890 0.850 0.799 0.789 01/11/1975
1.724 1.735 1.734 1.541 1.314 1.728 1.705 1.706 1.499 1.282 1.732 1.710 1.620 1.469 1.283 1.439 1.313 1.518 1.474 1.310 1.376 1.272 1.471 1.388 1.388 1.392 1.319 1.495 1.403 1.393 02/11/1975
2.043 2.256 2.255 2.068 1.849 2.009 2.158 2.153 1.986 1.830 2.006 2.154 1.952 1.897 1.757 1.805 1.788 1.851 1.897 1.824 1.724 1.719 1.771 1.796 1.797 1.712 1.619 1.768 1.805 1.793 03/11/1975
0.691 0.861 0.852 1.031 1.195 0.605 0.733 0.734 1.055 1.095 0.606 0.734 0.787 0.949 1.063 0.633 0.711 0.705 0.947 1.164 0.602 0.607 0.610 0.776 0.775 0.600 0.590 0.610 0.780 0.774 04/11/1975
0.804 0.943 0.937 0.964 0.981 0.725 0.880 0.894 0.975 0.954 0.732 0.902 0.962 0.973 0.979 0.736 0.906 0.950 0.970 0.962 0.748 0.871 0.911 0.966 0.966 0.761 0.801 0.935 0.978 0.953 05/11/1975
0.625 0.653 0.655 0.675 0.698 0.603 0.635 0.638 0.666 0.674 0.607 0.643 0.651 0.637 0.637 0.614 0.633 0.634 0.639 0.632 0.623 0.624 0.629 0.620 0.620 0.627 0.626 0.639 0.629 0.623 06/11/1975
1.101 1.164 1.164 1.170 1.039 1.090 1.084 1.088 1.094 1.029 1.095 1.093 1.072 1.069 1.024 0.951 0.970 1.063 1.068 1.073 0.912 0.936 1.022 1.057 1.057 0.912 0.884 1.045 1.068 1.054 07/11/1975
1.539 1.672 1.667 1.709 1.571 1.403 1.533 1.547 1.554 1.478 1.408 1.552 1.422 1.415 1.359 1.140 1.221 1.288 1.409 1.479 1.035 1.138 1.178 1.304 1.305 1.035 0.999 1.202 1.317 1.294 08/11/1975
1.345 1.307 1.319 1.306 1.156 1.364 1.325 1.315 1.268 1.036 1.358 1.313 1.321 1.151 0.980 1.271 1.091 1.241 1.159 1.057 1.115 1.028 1.157 1.082 1.081 1.079 1.082 1.141 1.068 1.099 09/11/1975
1.521 1.466 1.474 1.489 1.344 1.502 1.439 1.432 1.478 1.323 1.504 1.436 1.449 1.455 1.336 1.345 1.294 1.431 1.446 1.419 1.305 1.307 1.432 1.470 1.470 1.318 1.293 1.453 1.471 1.436 10/11/1975
1.557 1.350 1.357 1.315 1.103 1.517 1.300 1.312 1.258 1.051 1.524 1.324 1.269 1.147 1.004 1.351 1.134 1.201 1.143 1.026 1.273 1.111 1.185 1.121 1.120 1.258 1.243 1.203 1.125 1.107 11/11/1975
0.437 0.325 0.324 0.390 0.351 0.513 0.419 0.413 0.400 0.332 0.518 0.422 0.370 0.384 0.307 0.435 0.380 0.398 0.387 0.311 0.354 0.358 0.361 0.336 0.337 0.368 0.357 0.376 0.339 0.342 12/11/1975
0.564 0.466 0.478 0.444 0.283 0.630 0.501 0.499 0.467 0.280 0.636 0.501 0.461 0.402 0.312 0.526 0.437 0.474 0.403 0.377 0.556 0.500 0.512 0.428 0.428 0.545 0.561 0.534 0.436 0.429 13/11/1975
0.726 0.712 0.709 0.638 0.529 0.746 0.680 0.672 0.643 0.544 0.750 0.679 0.649 0.586 0.492 0.634 0.631 0.677 0.591 0.538 0.683 0.668 0.688 0.654 0.656 0.696 0.659 0.703 0.660 0.645 14/11/1975
0.863 0.724 0.725 0.892 0.699 0.903 0.802 0.798 0.910 0.741 0.905 0.801 0.805 0.920 0.776 0.871 0.764 0.897 0.922 0.798 0.898 0.857 0.984 1.039 1.039 0.911 0.888 0.993 1.047 1.022 15/11/1975
0.613 0.483 0.491 0.584 0.428 0.619 0.439 0.439 0.536 0.339 0.621 0.440 0.393 0.456 0.357 0.576 0.481 0.499 0.459 0.363 0.586 0.494 0.517 0.497 0.496 0.584 0.573 0.516 0.505 0.514 16/11/1975
0.610 0.585 0.592 0.580 0.601 0.602 0.572 0.581 0.625 0.586 0.604 0.584 0.574 0.588 0.556 0.467 0.537 0.585 0.593 0.571 0.441 0.476 0.527 0.541 0.541 0.438 0.451 0.526 0.541 0.544 17/11/1975
0.405 0.317 0.317 0.318 0.327 0.396 0.313 0.314 0.325 0.329 0.398 0.316 0.317 0.318 0.326 0.300 0.320 0.314 0.319 0.323 0.376 0.314 0.327 0.314 0.314 0.406 0.329 0.318 0.315 0.317 18/11/1975
0.284 0.280 0.279 0.281 0.337 0.280 0.283 0.283 0.294 0.352 0.283 0.286 0.300 0.280 0.307 0.288 0.293 0.279 0.283 0.294 0.291 0.297 0.292 0.291 0.291 0.294 0.300 0.286 0.287 0.301 19/11/1975
0.307 0.334 0.336 0.371 0.544 0.339 0.374 0.366 0.438 0.514 0.339 0.369 0.416 0.432 0.481 0.328 0.316 0.403 0.443 0.476 0.324 0.308 0.403 0.426 0.426 0.317 0.302 0.389 0.424 0.440 20/11/1975
0.350 0.373 0.379 0.439 0.516 0.401 0.407 0.398 0.450 0.503 0.400 0.396 0.420 0.453 0.472 0.451 0.465 0.436 0.458 0.476 0.461 0.507 0.470 0.475 0.475 0.447 0.475 0.461 0.469 0.485 21/11/1975
0.496 0.577 0.577 0.647 0.639 0.478 0.543 0.550 0.511 0.605 0.483 0.553 0.456 0.479 0.563 0.377 0.388 0.417 0.485 0.546 0.355 0.368 0.400 0.431 0.430 0.352 0.325 0.385 0.422 0.452 22/11/1975
0.252 0.258 0.261 0.312 0.341 0.255 0.266 0.261 0.276 0.337 0.259 0.264 0.252 0.301 0.341 0.290 0.285 0.262 0.309 0.325 0.308 0.312 0.278 0.288 0.288 0.315 0.278 0.266 0.281 0.299 23/11/1975
0.265 0.311 0.314 0.285 0.312 0.303 0.330 0.326 0.258 0.327 0.306 0.329 0.249 0.272 0.290 0.322 0.301 0.272 0.276 0.296 0.284 0.268 0.235 0.232 0.232 0.281 0.262 0.232 0.232 0.241 24/11/1975
0.188 0.210 0.219 0.223 0.225 0.228 0.231 0.222 0.189 0.223 0.229 0.222 0.160 0.206 0.216 0.256 0.247 0.188 0.213 0.212 0.237 0.260 0.199 0.205 0.205 0.224 0.216 0.196 0.202 0.215 25/11/1975
0.476 0.575 0.581 0.686 0.699 0.479 0.521 0.528 0.481 0.611 0.478 0.526 0.433 0.477 0.581 0.361 0.385 0.431 0.480 0.543 0.331 0.351 0.400 0.428 0.428 0.320 0.311 0.409 0.434 0.413 26/11/1975
0.550 0.689 0.694 0.895 1.059 0.559 0.627 0.637 0.810 1.020 0.556 0.635 0.743 0.814 0.895 0.506 0.585 0.645 0.821 0.906 0.476 0.554 0.618 0.640 0.639 0.457 0.511 0.600 0.637 0.658 27/11/1975
0.752 0.859 0.869 0.884 0.984 0.738 0.815 0.800 0.833 0.932 0.738 0.800 0.758 0.674 0.801 0.659 0.612 0.635 0.677 0.775 0.600 0.591 0.614 0.615 0.615 0.589 0.561 0.615 0.613 0.617 28/11/1975
0.360 0.514 0.505 0.541 0.558 0.322 0.409 0.424 0.514 0.512 0.327 0.428 0.498 0.424 0.405 0.295 0.400 0.404 0.427 0.444 0.262 0.349 0.350 0.423 0.423 0.265 0.328 0.372 0.439 0.402 29/11/1975
0.311 0.364 0.364 0.377 0.386 0.308 0.326 0.326 0.320 0.340 0.311 0.327 0.315 0.294 0.292 0.237 0.271 0.290 0.300 0.294 0.201 0.240 0.261 0.235 0.235 0.197 0.219 0.257 0.247 0.238 30/11/1975
0.495 0.539 0.544 0.545 0.634 0.530 0.547 0.540 0.661 0.667 0.531 0.537 0.613 0.635 0.665 0.478 0.464 0.588 0.640 0.669 0.465 0.480 0.634 0.614 0.614 0.446 0.448 0.625 0.612 0.621 01/12/1975
0.798 0.888 0.891 0.880 0.812 0.807 0.810 0.806 0.766 0.803 0.808 0.809 0.812 0.749 0.750 0.691 0.592 0.730 0.755 0.765 0.652 0.533 0.663 0.661 0.661 0.642 0.585 0.667 0.660 0.648 02/12/1975
0.193 0.189 0.190 0.203 0.207 0.219 0.198 0.188 0.217 0.207 0.219 0.190 0.194 0.199 0.203 0.205 0.188 0.191 0.210 0.199 0.198 0.184 0.185 0.191 0.190 0.199 0.194 0.183 0.190 0.196 03/12/1975
0.215 0.204 0.204 0.205 0.216 0.206 0.203 0.204 0.213 0.216 0.207 0.206 0.212 0.212 0.214 0.219 0.228 0.213 0.214 0.213 0.219 0.226 0.212 0.210 0.210 0.220 0.230 0.213 0.211 0.212 04/12/1975
0.711 0.663 0.664 0.654 0.467 0.719 0.720 0.728 0.741 0.538 0.719 0.728 0.669 0.706 0.590 0.608 0.577 0.675 0.706 0.653 0.563 0.601 0.686 0.716 0.716 0.594 0.566 0.678 0.711 0.715 05/12/1975
0.797 0.675 0.673 0.817 0.634 0.744 0.714 0.717 0.728 0.621 0.746 0.721 0.669 0.651 0.583 0.694 0.582 0.656 0.652 0.618 0.540 0.510 0.581 0.523 0.522 0.548 0.510 0.579 0.527 0.524 06/12/1975
0.466 0.380 0.382 0.488 0.385 0.519 0.433 0.422 0.442 0.400 0.519 0.417 0.393 0.454 0.409 0.474 0.439 0.473 0.458 0.423 0.415 0.400 0.453 0.416 0.415 0.414 0.393 0.437 0.412 0.427 07/12/1975
0.827 0.762 0.756 0.406 0.532 0.780 0.711 0.729 0.376 0.302 0.784 0.733 0.497 0.374 0.700 0.735 0.631 0.475 0.380 0.732 0.744 0.623 0.481 0.422 0.423 0.733 0.683 0.507 0.446 0.418 08/12/1975
0.217 0.208 0.208 0.210 0.197 0.214 0.205 0.203 0.226 0.202 0.215 0.204 0.212 0.220 0.189 0.223 0.199 0.218 0.222 0.204 0.213 0.191 0.209 0.211 0.211 0.214 0.205 0.204 0.210 0.217 09/12/1975
0.253 0.258 0.258 0.247 0.237 0.233 0.246 0.246 0.252 0.248 0.234 0.247 0.247 0.239 0.237 0.244 0.256 0.250 0.240 0.241 0.245 0.255 0.246 0.247 0.247 0.248 0.253 0.248 0.247 0.247 10/12/1975
0.227 0.229 0.230 0.192 0.195 0.208 0.197 0.197 0.226 0.212 0.210 0.199 0.261 0.192 0.191 0.208 0.205 0.226 0.194 0.190 0.206 0.213 0.254 0.229 0.230 0.209 0.215 0.243 0.228 0.232 11/12/1975
0.637 0.712 0.716 0.644 0.598 0.849 0.945 0.941 0.823 0.873 0.850 0.947 0.815 0.660 0.738 0.544 0.516 0.578 0.658 0.788 0.688 0.703 0.802 0.865 0.865 0.687 0.634 0.815 0.873 0.869 12/12/1975
0.186 0.183 0.183 0.162 0.159 0.189 0.196 0.197 0.181 0.179 0.190 0.198 0.191 0.172 0.171 0.210 0.199 0.179 0.175 0.174 0.216 0.203 0.183 0.184 0.184 0.217 0.207 0.184 0.185 0.186 13/12/1975
0.240 0.233 0.233 0.216 0.244 0.256 0.237 0.238 0.255 0.269 0.258 0.239 0.257 0.257 0.262 0.251 0.270 0.251 0.259 0.250 0.262 0.281 0.286 0.267 0.267 0.262 0.278 0.286 0.269 0.269 14/12/1975
0.673 0.745 0.742 0.654 0.718 0.790 0.845 0.849 0.843 0.872 0.793 0.856 0.832 0.732 0.809 0.751 0.734 0.688 0.736 0.807 0.778 0.808 0.761 0.817 0.816 0.775 0.762 0.778 0.827 0.810 15/12/1975
0.112 0.174 0.181 0.091 0.177 0.294 0.307 0.298 0.257 0.275 0.296 0.295 0.286 0.178 0.128 0.109 0.109 0.155 0.184 0.186 0.249 0.180 0.302 0.267 0.267 0.245 0.204 0.287 0.259 0.292 16/12/1975
0.190 0.192 0.193 0.183 0.195 0.191 0.226 0.222 0.186 0.193 0.192 0.216 0.199 0.182 0.187 0.194 0.198 0.189 0.184 0.186 0.200 0.208 0.202 0.191 0.191 0.200 0.202 0.199 0.191 0.195 17/12/1975
0.235 0.266 0.268 0.250 0.270 0.270 0.319 0.306 0.243 0.320 0.272 0.309 0.329 0.300 0.291 0.326 0.351 0.372 0.300 0.307 0.344 0.331 0.355 0.342 0.341 0.332 0.346 0.348 0.339 0.345 18/12/1975
0.749 0.759 0.756 0.656 0.637 0.773 0.800 0.799 0.729 0.783 0.776 0.803 0.807 0.650 0.676 0.600 0.562 0.668 0.655 0.681 0.666 0.681 0.791 0.789 0.789 0.669 0.625 0.791 0.792 0.792 19/12/1975
0.376 0.394 0.392 0.347 0.350 0.313 0.380 0.371 0.363 0.435 0.313 0.373 0.376 0.314 0.346 0.298 0.331 0.330 0.320 0.347 0.294 0.371 0.380 0.366 0.366 0.295 0.298 0.382 0.370 0.373 20/12/1975
0.503 0.476 0.479 0.404 0.435 0.438 0.477 0.473 0.459 0.449 0.439 0.474 0.489 0.438 0.416 0.414 0.454 0.459 0.436 0.430 0.431 0.451 0.464 0.451 0.451 0.434 0.457 0.468 0.454 0.451 21/12/1975
0.583 0.572 0.575 0.574 0.511 0.652 0.594 0.595 0.582 0.554 0.653 0.596 0.546 0.581 0.589 0.632 0.527 0.538 0.585 0.610 0.554 0.495 0.516 0.581 0.581 0.549 0.542 0.517 0.580 0.589 22/12/1975
0.342 0.254 0.250 0.284 0.283 0.395 0.382 0.384 0.358 0.290 0.399 0.387 0.251 0.403 0.307 0.498 0.296 0.305 0.403 0.344 0.433 0.313 0.310 0.342 0.341 0.464 0.324 0.311 0.344 0.345 23/12/1975
0.344 0.293 0.292 0.332 0.366 0.320 0.357 0.347 0.385 0.351 0.322 0.350 0.326 0.443 0.377 0.385 0.372 0.402 0.445 0.425 0.403 0.370 0.399 0.504 0.504 0.402 0.374 0.405 0.491 0.504 24/12/1975
0.356 0.439 0.432 0.369 0.344 0.345 0.323 0.317 0.328 0.357 0.346 0.317 0.334 0.399 0.381 0.429 0.426 0.434 0.398 0.406 0.568 0.528 0.557 0.397 0.397 0.563 0.517 0.580 0.401 0.389 25/12/1975
0.464 0.461 0.466 0.500 0.451 0.479 0.407 0.400 0.415 0.434 0.482 0.403 0.394 0.414 0.417 0.465 0.408 0.440 0.420 0.404 0.446 0.424 0.467 0.421 0.421 0.446 0.422 0.467 0.426 0.427 26/12/1975
0.963 0.973 0.978 1.043 1.049 1.009 0.907 0.902 0.855 0.968 1.010 0.903 0.794 0.806 0.833 0.740 0.643 0.782 0.808 0.846 0.704 0.594 0.727 0.673 0.673 0.701 0.592 0.731 0.673 0.679 27/12/1975
1.055 1.262 1.259 1.206 1.308 1.063 1.125 1.108 1.042 1.155 1.063 1.106 1.058 0.896 0.952 0.719 0.746 0.919 0.900 0.995 0.603 0.673 0.849 0.763 0.762 0.617 0.595 0.843 0.749 0.778 28/12/1975
0.807 0.938 0.946 0.954 0.864 0.793 0.924 0.907 0.767 0.796 0.793 0.907 0.832 0.722 0.712 0.640 0.640 0.730 0.732 0.757 0.624 0.617 0.702 0.655 0.654 0.608 0.601 0.683 0.640 0.673 29/12/1975
0.704 0.846 0.849 0.781 0.855 0.677 0.758 0.758 0.779 0.789 0.678 0.759 0.738 0.670 0.674 0.537 0.523 0.632 0.680 0.698 0.505 0.507 0.610 0.565 0.565 0.499 0.482 0.586 0.557 0.586 30/12/1975
0.467 0.525 0.525 0.541 0.584 0.477 0.542 0.541 0.495 0.561 0.479 0.540 0.516 0.482 0.530 0.396 0.389 0.447 0.489 0.499 0.408 0.395 0.472 0.442 0.442 0.404 0.373 0.465 0.440 0.452 31/12/1975
0.530 0.563 0.567 0.507 0.539 0.572 0.625 0.613 0.532 0.513 0.569 0.610 0.629 0.488 0.485 0.476 0.423 0.526 0.499 0.501 0.435 0.418 0.524 0.499 0.498 0.427 0.392 0.505 0.489 0.518 01/01/1976
1.140 1.218 1.223 1.172 0.978 1.049 1.126 1.128 0.916 0.860 1.052 1.133 1.005 0.783 0.707 0.735 0.692 0.800 0.789 0.760 0.676 0.668 0.789 0.722 0.721 0.683 0.664 0.796 0.720 0.720 02/01/1976
1.098 1.179 1.177 1.214 1.076 1.043 1.111 1.115 0.904 0.952 1.045 1.112 1.001 0.783 0.769 0.807 0.681 0.823 0.785 0.845 0.718 0.654 0.770 0.741 0.741 0.722 0.598 0.776 0.744 0.740 03/01/1976
0.153 0.158 0.159 0.152 0.244 0.160 0.172 0.172 0.168 0.244 0.162 0.174 0.168 0.191 0.272 0.165 0.213 0.179 0.194 0.254 0.186 0.238 0.203 0.190 0.190 0.189 0.203 0.219 0.193 0.193 04/01/1976
0.175 0.179 0.180 0.202 0.385 0.169 0.186 0.174 0.278 0.337 0.169 0.176 0.274 0.232 0.316 0.228 0.249 0.253 0.231 0.276 0.193 0.244 0.241 0.213 0.215 0.182 0.223 0.245 0.213 0.220 05/01/1976
0.247 0.286 0.293 0.263 0.288 0.300 0.341 0.335 0.284 0.294 0.302 0.338 0.325 0.319 0.307 0.265 0.321 0.355 0.326 0.301 0.240 0.302 0.337 0.308 0.307 0.230 0.250 0.338 0.304 0.317 06/01/1976
0.260 0.309 0.319 0.260 0.389 0.295 0.322 0.313 0.293 0.386 0.295 0.313 0.289 0.284 0.351 0.299 0.303 0.314 0.292 0.324 0.260 0.297 0.313 0.313 0.314 0.240 0.249 0.300 0.303 0.330 07/01/1976
0.475 0.454 0.459 0.434 0.442 0.490 0.425 0.421 0.411 0.407 0.492 0.424 0.429 0.447 0.428 0.483 0.432 0.439 0.448 0.424 0.442 0.435 0.439 0.402 0.402 0.433 0.420 0.435 0.401 0.413 08/01/1976
0.507 0.482 0.485 0.374 0.399 0.547 0.529 0.532 0.491 0.436 0.548 0.532 0.567 0.493 0.475 0.515 0.527 0.560 0.497 0.517 0.549 0.553 0.562 0.534 0.534 0.555 0.547 0.580 0.544 0.525 09/01/1976
0.306 0.281 0.286 0.270 0.274 0.347 0.332 0.333 0.290 0.292 0.348 0.329 0.328 0.305 0.306 0.330 0.284 0.331 0.311 0.299 0.344 0.319 0.374 0.349 0.349 0.336 0.344 0.364 0.346 0.357 10/01/1976
0.278 0.253 0.256 0.200 0.229 0.301 0.301 0.292 0.256 0.227 0.301 0.291 0.284 0.248 0.229 0.254 0.193 0.269 0.253 0.266 0.290 0.221 0.296 0.292 0.291 0.278 0.254 0.290 0.290 0.302 11/01/1976
0.210 0.220 0.220 0.223 0.250 0.225 0.220 0.219 0.195 0.226 0.227 0.219 0.203 0.247 0.225 0.219 0.280 0.278 0.249 0.234 0.204 0.232 0.230 0.229 0.228 0.204 0.208 0.225 0.226 0.235 12/01/1976
0.286 0.345 0.348 0.335 0.368 0.314 0.382 0.381 0.380 0.429 0.316 0.382 0.361 0.461 0.485 0.251 0.340 0.426 0.466 0.503 0.302 0.360 0.438 0.558 0.559 0.288 0.293 0.455 0.560 0.555 13/01/1976
0.262 0.303 0.307 0.247 0.222 0.276 0.291 0.292 0.216 0.220 0.277 0.286 0.218 0.214 0.215 0.221 0.231 0.220 0.217 0.217 0.245 0.225 0.216 0.217 0.217 0.231 0.227 0.215 0.219 0.221 14/01/1976
0.664 0.652 0.654 0.520 0.422 0.683 0.534 0.543 0.560 0.394 0.686 0.548 0.563 0.511 0.357 0.580 0.568 0.563 0.507 0.393 0.582 0.604 0.609 0.571 0.572 0.578 0.614 0.632 0.573 0.553 15/01/1976
0.760 0.704 0.708 0.628 0.610 0.774 0.707 0.714 0.717 0.628 0.774 0.715 0.712 0.633 0.544 0.707 0.659 0.658 0.636 0.602 0.787 0.755 0.714 0.718 0.719 0.804 0.772 0.757 0.729 0.710 16/01/1976
0.494 0.480 0.482 0.418 0.424 0.516 0.533 0.523 0.475 0.461 0.516 0.524 0.490 0.431 0.375 0.515 0.518 0.479 0.438 0.301 0.547 0.541 0.494 0.531 0.531 0.542 0.570 0.493 0.525 0.544 17/01/1976
0.370 0.350 0.358 0.361 0.321 0.389 0.367 0.367 0.388 0.337 0.392 0.367 0.382 0.372 0.246 0.356 0.310 0.374 0.382 0.254 0.333 0.356 0.418 0.380 0.380 0.317 0.326 0.409 0.390 0.385 18/01/1976
0.267 0.286 0.291 0.205 0.249 0.260 0.263 0.269 0.269 0.278 0.263 0.273 0.260 0.267 0.268 0.230 0.243 0.274 0.266 0.275 0.239 0.250 0.297 0.305 0.305 0.249 0.236 0.306 0.302 0.307 19/01/1976
0.401 0.410 0.403 0.444 0.430 0.414 0.381 0.386 0.456 0.424 0.418 0.385 0.465 0.503 0.486 0.414 0.475 0.528 0.502 0.504 0.442 0.466 0.527 0.498 0.497 0.457 0.477 0.518 0.507 0.510 20/01/1976
0.380 0.355 0.350 0.361 0.379 0.379 0.360 0.361 0.380 0.378 0.379 0.358 0.399 0.407 0.406 0.346 0.359 0.421 0.408 0.394 0.370 0.361 0.422 0.402 0.403 0.374 0.368 0.426 0.409 0.420 21/01/1976
0.211 0.194 0.196 0.186 0.181 0.194 0.190 0.191 0.186 0.180 0.194 0.193 0.184 0.184 0.179 0.202 0.205 0.210 0.185 0.180 0.200 0.215 0.215 0.188 0.187 0.195 0.216 0.208 0.185 0.187 22/01/1976
0.608 0.531 0.530 0.510 0.438 0.600 0.542 0.533 0.509 0.487 0.605 0.546 0.475 0.535 0.553 0.548 0.372 0.588 0.543 0.542 0.538 0.389 0.603 0.500 0.500 0.511 0.400 0.582 0.500 0.525 23/01/1976
0.183 0.179 0.179 0.172 0.184 0.178 0.172 0.173 0.182 0.183 0.179 0.175 0.182 0.173 0.177 0.182 0.180 0.172 0.174 0.172 0.178 0.178 0.172 0.170 0.170 0.179 0.187 0.170 0.170 0.174 24/01/1976
0.220 0.217 0.216 0.216 0.220 0.215 0.209 0.211 0.216 0.217 0.216 0.213 0.215 0.212 0.214 0.224 0.226 0.213 0.213 0.213 0.224 0.224 0.212 0.213 0.214 0.226 0.233 0.214 0.214 0.215 25/01/1976
0.338 0.312 0.305 0.244 0.280 0.325 0.295 0.304 0.302 0.278 0.328 0.308 0.330 0.295 0.275 0.359 0.309 0.350 0.294 0.278 0.355 0.307 0.346 0.302 0.303 0.369 0.327 0.348 0.305 0.293 26/01/1976
0.540 0.521 0.511 0.477 0.360 0.513 0.480 0.490 0.517 0.404 0.515 0.495 0.525 0.470 0.351 0.376 0.381 0.479 0.475 0.415 0.447 0.471 0.548 0.513 0.513 0.462 0.459 0.562 0.521 0.515 27/01/1976
0.326 0.324 0.324 0.301 0.317 0.307 0.301 0.310 0.324 0.284 0.309 0.312 0.327 0.299 0.238 0.283 0.287 0.297 0.305 0.246 0.274 0.312 0.317 0.325 0.325 0.284 0.308 0.319 0.321 0.320 28/01/1976
0.415 0.409 0.408 0.429 0.413 0.347 0.317 0.327 0.398 0.342 0.349 0.332 0.416 0.330 0.249 0.270 0.226 0.320 0.333 0.221 0.226 0.223 0.254 0.251 0.251 0.226 0.243 0.252 0.250 0.248 29/01/1976
0.425 0.386 0.395 0.508 0.335 0.402 0.355 0.343 0.414 0.359 0.399 0.337 0.364 0.400 0.348 0.331 0.281 0.332 0.407 0.313 0.419 0.331 0.374 0.388 0.388 0.417 0.394 0.373 0.390 0.406 30/01/1976
0.291 0.195 0.195 0.189 0.192 0.240 0.196 0.197 0.266 0.197 0.243 0.199 0.207 0.233 0.197 0.197 0.201 0.199 0.235 0.198 0.271 0.205 0.230 0.278 0.277 0.278 0.244 0.234 0.279 0.278 31/01/1976
0.527 0.498 0.499 0.485 0.429 0.459 0.454 0.472 0.511 0.444 0.461 0.474 0.418 0.418 0.319 0.313 0.283 0.284 0.423 0.356 0.335 0.257 0.266 0.317 0.317 0.351 0.315 0.270 0.325 0.315 01/02/1976
0.522 0.553 0.553 0.582 0.619 0.481 0.468 0.459 0.496 0.484 0.481 0.461 0.471 0.373 0.356 0.342 0.354 0.341 0.375 0.273 0.316 0.289 0.300 0.274 0.274 0.315 0.333 0.307 0.277 0.274 02/02/1976
0.352 0.355 0.354 0.405 0.451 0.338 0.362 0.350 0.443 0.446 0.340 0.349 0.432 0.447 0.450 0.360 0.390 0.418 0.451 0.431 0.376 0.394 0.420 0.438 0.438 0.374 0.402 0.421 0.438 0.450 03/02/1976
0.699 0.711 0.724 0.738 0.646 0.756 0.783 0.756 0.700 0.683 0.750 0.747 0.615 0.671 0.656 0.605 0.572 0.637 0.666 0.629 0.593 0.538 0.597 0.619 0.618 0.574 0.521 0.596 0.621 0.635 04/02/1976
0.370 0.340 0.340 0.355 0.341 0.373 0.344 0.345 0.347 0.356 0.374 0.348 0.333 0.343 0.351 0.335 0.301 0.330 0.346 0.341 0.324 0.305 0.322 0.337 0.337 0.325 0.305 0.325 0.342 0.340 05/02/1976
0.377 0.364 0.368 0.435 0.374 0.387 0.360 0.361 0.400 0.375 0.389 0.364 0.390 0.409 0.366 0.340 0.298 0.396 0.411 0.373 0.344 0.315 0.411 0.415 0.415 0.350 0.346 0.420 0.421 0.412 06/02/1976
0.895 0.951 0.957 0.936 0.839 0.926 0.950 0.949 0.944 0.858 0.928 0.947 0.933 0.887 0.844 0.799 0.791 0.869 0.893 0.911 0.776 0.806 0.864 0.884 0.885 0.777 0.776 0.881 0.897 0.878 07/02/1976
1.176 1.355 1.362 1.371 1.409 1.191 1.352 1.348 1.389 1.424 1.193 1.352 1.296 1.427 1.423 1.189 1.212 1.288 1.432 1.494 1.215 1.240 1.312 1.437 1.438 1.206 1.159 1.312 1.442 1.444 08/02/1976
0.928 0.926 0.918 0.858 0.844 0.977 0.883 0.869 0.871 0.871 0.983 0.872 0.867 0.883 0.837 0.926 0.887 0.924 0.882 0.834 0.972 0.924 0.962 0.943 0.944 0.980 0.950 0.977 0.953 0.936 09/02/1976
0.922 0.784 0.781 0.709 0.624 0.889 0.777 0.779 0.750 0.533 0.894 0.786 0.817 0.635 0.524 0.833 0.786 0.809 0.634 0.529 0.778 0.721 0.727 0.650 0.650 0.767 0.753 0.732 0.657 0.660 10/02/1976
0.648 0.621 0.620 0.584 0.558 0.622 0.613 0.614 0.657 0.535 0.626 0.616 0.645 0.633 0.545 0.644 0.688 0.693 0.635 0.569 0.603 0.627 0.627 0.602 0.603 0.603 0.657 0.626 0.600 0.602 11/02/1976
0.507 0.458 0.459 0.506 0.609 0.518 0.424 0.422 0.568 0.516 0.521 0.424 0.542 0.556 0.517 0.505 0.492 0.578 0.560 0.522 0.473 0.494 0.584 0.544 0.544 0.463 0.524 0.579 0.548 0.543 12/02/1976
0.817 0.773 0.785 0.692 0.891 0.830 0.787 0.796 0.845 0.863 0.832 0.798 0.893 0.944 0.999 0.765 0.794 0.938 0.943 0.931 0.785 0.817 0.956 0.979 0.979 0.775 0.793 0.948 0.975 0.974 13/02/1976
1.214 1.224 1.224 1.117 1.401 1.190 1.245 1.238 1.307 1.371 1.191 1.241 1.320 1.364 1.439 1.113 1.247 1.387 1.362 1.389 1.158 1.224 1.369 1.358 1.357 1.178 1.172 1.346 1.341 1.345 14/02/1976
1.058 1.083 1.081 1.165 1.139 1.035 1.050 1.054 1.050 1.175 1.039 1.059 1.052 1.113 1.252 0.952 1.015 1.139 1.120 1.160 0.946 1.004 1.120 1.122 1.122 0.967 0.961 1.129 1.128 1.117 15/02/1976
1.621 1.754 1.755 1.771 1.861 1.622 1.811 1.798 1.784 1.890 1.627 1.807 1.814 1.786 1.889 1.533 1.568 1.755 1.799 1.863 1.498 1.523 1.700 1.715 1.715 1.489 1.440 1.711 1.720 1.713 16/02/1976
0.797 0.817 0.814 0.768 0.861 0.797 0.828 0.827 0.834 0.878 0.801 0.829 0.872 0.850 0.931 0.886 0.870 0.896 0.848 0.899 0.901 0.854 0.880 0.862 0.862 0.927 0.907 0.908 0.873 0.848 17/02/1976
0.900 0.904 0.899 0.895 0.980 0.935 0.918 0.917 0.919 0.962 0.937 0.920 0.948 0.946 0.957 0.938 0.874 0.953 0.949 0.949 0.965 0.895 0.980 0.981 0.981 0.969 0.908 0.987 0.984 0.986 18/02/1976
1.216 1.270 1.271 1.197 1.219 1.239 1.259 1.263 1.242 1.233 1.240 1.264 1.267 1.228 1.244 1.114 1.075 1.189 1.233 1.263 1.073 1.092 1.207 1.236 1.235 1.070 1.040 1.210 1.238 1.244 19/02/1976
1.334 1.363 1.365 1.386 1.335 1.310 1.372 1.369 1.349 1.344 1.313 1.370 1.366 1.312 1.332 1.161 1.188 1.302 1.318 1.351 1.107 1.129 1.229 1.224 1.225 1.110 1.107 1.238 1.227 1.222 20/02/1976
1.050 1.079 1.078 1.061 1.221 1.029 1.055 1.055 1.132 1.197 1.032 1.058 1.163 1.142 1.201 1.021 1.022 1.157 1.148 1.170 1.006 1.020 1.154 1.133 1.132 1.004 1.016 1.153 1.134 1.139 21/02/1976
1.423 1.468 1.474 1.444 1.442 1.391 1.455 1.448 1.399 1.451 1.394 1.451 1.410 1.416 1.437 1.246 1.210 1.366 1.421 1.435 1.209 1.186 1.339 1.361 1.361 1.212 1.163 1.344 1.361 1.377 22/02/1976
1.343 1.336 1.344 1.204 1.273 1.239 1.289 1.274 1.174 1.228 1.241 1.278 1.275 1.170 1.188 1.079 1.104 1.157 1.182 1.166 1.061 1.101 1.147 1.128 1.129 1.062 1.130 1.125 1.123 1.146 23/02/1976
0.999 1.037 1.034 1.043 1.074 1.098 1.113 1.110 1.134 1.155 1.102 1.119 1.139 1.194 1.151 1.090 1.131 1.185 1.195 1.168 1.077 1.083 1.135 1.153 1.154 1.086 1.107 1.138 1.161 1.156 24/02/1976
0.670 0.720 0.715 0.710 0.759 0.767 0.765 0.768 0.878 0.835 0.769 0.772 0.895 0.913 0.864 0.662 0.740 0.931 0.913 0.929 0.668 0.708 0.921 0.919 0.919 0.677 0.723 0.932 0.924 0.917 25/02/1976
0.515 0.536 0.534 0.526 0.572 0.531 0.573 0.559 0.582 0.582 0.534 0.551 0.606 0.636 0.573 0.566 0.726 0.676 0.644 0.571 0.574 0.701 0.658 0.649 0.647 0.579 0.648 0.657 0.654 0.679 26/02/1976
1.251 1.267 1.271 1.210 0.992 1.283 1.308 1.306 1.260 1.156 1.283 1.308 1.238 1.289 1.186 1.275 1.284 1.302 1.287 1.306 1.300 1.298 1.316 1.363 1.363 1.286 1.275 1.322 1.364 1.344 27/02/1976
0.817 0.642 0.640 0.645 0.601 0.829 0.746 0.743 0.692 0.622 0.830 0.741 0.670 0.674 0.641 0.777 0.751 0.724 0.674 0.647 0.876 0.907 0.888 0.928 0.927 0.880 0.916 0.882 0.934 0.911 28/02/1976
1.001 0.989 0.977 0.981 0.790 1.038 0.956 0.959 0.936 0.869 1.039 0.961 0.921 1.047 0.931 1.115 1.082 1.079 1.048 0.934 1.210 1.163 1.180 1.175 1.176 1.225 1.206 1.186 1.180 1.162 29/02/1976
1.222 1.181 1.170 1.148 1.117 1.192 1.094 1.112 1.126 0.922 1.196 1.115 1.105 0.929 0.793 1.109 1.024 0.995 0.932 0.828 1.068 1.008 0.974 0.944 0.945 1.077 1.072 1.014 0.962 0.924 01/03/1976
0.790 0.850 0.845 0.822 0.847 0.700 0.731 0.751 0.805 0.743 0.702 0.762 0.747 0.700 0.691 0.658 0.752 0.701 0.698 0.722 0.669 0.690 0.591 0.563 0.564 0.691 0.709 0.604 0.572 0.569 02/03/1976
1.039 1.007 0.997 0.948 0.910 0.999 0.965 0.975 0.991 0.906 1.005 0.981 0.990 1.005 0.925 0.916 0.973 1.020 1.001 0.958 1.016 1.025 1.049 1.057 1.057 1.035 1.018 1.077 1.072 1.047 03/03/1976
0.655 0.646 0.642 0.624 0.584 0.658 0.645 0.649 0.612 0.594 0.659 0.654 0.614 0.626 0.653 0.723 0.649 0.630 0.625 0.641 0.742 0.672 0.653 0.661 0.661 0.754 0.680 0.669 0.672 0.654 04/03/1976
1.156 1.031 1.028 1.017 0.954 1.232 1.053 1.064 1.050 0.914 1.233 1.067 1.091 1.048 0.966 1.224 1.166 1.198 1.044 0.974 1.259 1.194 1.219 1.138 1.139 1.278 1.292 1.226 1.147 1.141 05/03/1976
1.241 1.238 1.240 1.281 1.195 1.225 1.204 1.203 1.220 1.177 1.227 1.206 1.207 1.206 1.209 1.199 1.141 1.217 1.203 1.187 1.178 1.137 1.211 1.212 1.212 1.181 1.163 1.238 1.228 1.198 06/03/1976
1.511 1.483 1.476 1.583 1.519 1.525 1.447 1.468 1.525 1.422 1.529 1.473 1.499 1.514 1.412 1.604 1.482 1.517 1.513 1.438 1.571 1.430 1.471 1.429 1.430 1.591 1.551 1.492 1.445 1.405 07/03/1976
1.089 1.058 1.051 1.048 1.055 1.080 1.037 1.043 1.050 1.028 1.084 1.045 1.043 1.055 1.044 1.074 1.010 1.055 1.055 1.075 1.079 1.037 1.089 1.076 1.077 1.083 1.067 1.100 1.084 1.073 08/03/1976
1.199 1.240 1.235 1.257 1.302 1.197 1.205 1.210 1.258 1.305 1.201 1.213 1.242 1.278 1.318 1.234 1.263 1.258 1.280 1.307 1.219 1.264 1.258 1.272 1.272 1.236 1.226 1.257 1.270 1.263 09/03/1976
1.615 1.695 1.690 1.612 1.616 1.694 1.676 1.699 1.674 1.632 1.696 1.699 1.613 1.747 1.682 1.731 1.723 1.686 1.742 1.775 1.725 1.695 1.652 1.751 1.752 1.755 1.709 1.698 1.771 1.726 10/03/1976
1.360 1.455 1.454 1.387 1.531 1.420 1.515 1.529 1.507 1.598 1.423 1.527 1.500 1.578 1.646 1.520 1.629 1.541 1.579 1.681 1.548 1.634 1.553 1.616 1.616 1.562 1.576 1.571 1.623 1.608 11/03/1976
0.801 0.804 0.800 0.780 0.794 0.768 0.763 0.773 0.787 0.794 0.772 0.778 0.796 0.776 0.778 0.869 0.871 0.792 0.776 0.821 0.961 0.969 0.854 0.832 0.831 0.967 0.997 0.835 0.823 0.852 12/03/1976
1.039 1.076 1.074 0.997 1.045 1.059 1.104 1.105 1.125 1.132 1.061 1.100 1.066 1.130 1.165 1.006 1.089 1.071 1.130 1.191 1.056 1.148 1.129 1.218 1.219 1.072 1.071 1.132 1.218 1.209 13/03/1976
0.971 0.969 0.971 0.986 1.033 0.968 0.992 1.007 1.002 0.991 0.972 1.007 1.067 1.043 1.058 1.032 1.114 1.105 1.050 1.068 1.034 1.157 1.148 1.148 1.148 1.049 1.096 1.153 1.157 1.132 14/03/1976
1.003 1.052 1.046 1.082 1.118 0.975 1.000 1.022 1.123 1.126 0.984 1.025 1.067 1.126 1.150 1.062 1.164 1.064 1.121 1.152 1.071 1.156 1.068 1.144 1.143 1.105 1.092 1.075 1.145 1.133 15/03/1976
1.449 1.523 1.517 1.480 1.466 1.455 1.472 1.493 1.506 1.491 1.459 1.500 1.491 1.518 1.526 1.378 1.441 1.486 1.513 1.525 1.382 1.437 1.493 1.553 1.553 1.394 1.375 1.505 1.557 1.525 16/03/1976
1.335 1.310 1.311 1.323 1.224 1.347 1.371 1.352 1.274 1.275 1.347 1.357 1.256 1.289 1.309 1.279 1.386 1.283 1.289 1.323 1.282 1.352 1.266 1.326 1.326 1.292 1.359 1.251 1.328 1.323 17/03/1976
0.856 0.796 0.786 0.734 0.767 0.833 0.770 0.773 0.896 0.791 0.836 0.777 0.771 0.765 0.736 0.786 0.774 0.739 0.769 0.757 0.977 0.931 0.879 0.895 0.896 0.970 1.009 0.876 0.901 0.892 18/03/1976
1.246 1.243 1.237 1.137 1.177 1.294 1.261 1.264 1.275 1.138 1.297 1.273 1.295 1.251 1.178 1.237 1.247 1.234 1.250 1.196 1.227 1.249 1.211 1.265 1.268 1.236 1.255 1.235 1.285 1.237 19/03/1976
1.164 1.109 1.102 1.018 1.084 1.207 1.184 1.199 1.097 1.067 1.215 1.210 1.210 1.207 1.116 1.218 1.238 1.191 1.212 1.113 1.275 1.295 1.243 1.220 1.221 1.271 1.328 1.263 1.226 1.211 20/03/1976
1.889 1.907 1.890 1.959 1.988 1.896 1.932 1.946 1.972 2.013 1.899 1.956 1.993 2.076 2.099 1.951 1.938 2.032 2.066 2.131 1.975 1.960 2.049 2.101 2.102 2.002 1.971 2.058 2.112 2.058 21/03/1976
1.850 1.857 1.856 1.831 1.846 1.855 1.879 1.895 1.908 1.935 1.860 1.903 1.926 2.003 2.023 1.929 1.988 1.978 1.995 2.059 1.950 1.988 1.979 2.030 2.030 1.977 1.971 2.009 2.037 2.000 22/03/1976
1.752 1.781 1.776 1.741 1.731 1.768 1.778 1.795 1.728 1.752 1.775 1.806 1.748 1.739 1.789 1.811 1.802 1.753 1.734 1.803 1.861 1.801 1.759 1.762 1.763 1.893 1.827 1.788 1.783 1.745 23/03/1976
2.051 2.066 2.058 2.127 2.214 2.091 2.109 2.118 2.251 2.267 2.097 2.128 2.253 2.310 2.320 2.162 2.283 2.312 2.295 2.342 2.224 2.301 2.336 2.387 2.387 2.235 2.337 2.383 2.399 2.338 24/03/1976
2.309 2.316 2.311 2.369 2.438 2.333 2.358 2.369 2.452 2.489 2.336 2.378 2.445 2.506 2.542 2.380 2.440 2.487 2.509 2.550 2.393 2.455 2.508 2.543 2.543 2.402 2.435 2.530 2.552 2.546 25/03/1976
2.743 2.751 2.751 2.703 2.765 2.726 2.743 2.759 2.801 2.824 2.729 2.766 2.763 2.826 2.846 2.790 2.792 2.830 2.820 2.880 2.814 2.828 2.850 2.870 2.870 2.821 2.818 2.891 2.892 2.847 26/03/1976
2.431 2.471 2.446 2.146 2.266 2.344 2.394 2.434 2.483 2.288 2.352 2.447 2.461 2.391 2.264 2.380 2.466 2.365 2.381 2.399 2.393 2.412 2.325 2.377 2.378 2.446 2.412 2.378 2.401 2.341 27/03/1976
1.121 1.115 1.107 0.997 0.975 1.046 1.049 1.077 0.963 0.990 1.051 1.093 1.071 0.874 1.041 0.985 0.985 0.944 0.871 1.000 1.004 0.944 0.899 0.905 0.905 1.036 0.999 0.938 0.922 0.884 28/03/1976
1.474 1.572 1.572 1.728 1.716 1.530 1.611 1.617 1.775 1.792 1.530 1.622 1.684 1.775 1.859 1.599 1.685 1.654 1.776 1.911 1.597 1.739 1.714 1.809 1.810 1.619 1.667 1.729 1.820 1.798 29/03/1976
2.023 2.019 2.013 1.939 1.973 2.007 1.952 1.969 1.995 1.952 2.013 1.980 2.047 1.939 1.893 2.020 1.997 1.979 1.936 1.906 2.075 2.017 2.012 1.968 1.969 2.090 2.086 2.048 1.990 1.946 30/03/1976
2.424 2.447 2.442 2.429 2.450 2.424 2.468 2.478 2.538 2.482 2.430 2.485 2.522 2.539 2.467 2.500 2.424 2.540 2.532 2.507 2.535 2.436 2.546 2.554 2.555 2.557 2.463 2.573 2.566 2.535 31/03/1976
2.571 2.584 2.572 2.661 2.654 2.511 2.548 2.569 2.574 2.660 2.515 2.575 2.582 2.555 2.630 2.419 2.428 2.536 2.551 2.559 2.422 2.412 2.524 2.583 2.584 2.446 2.411 2.562 2.606 2.563 01/04/1976
3.391 3.385 3.371 3.278 3.257 3.330 3.345 3.357 3.252 3.188 3.331 3.362 3.333 3.209 3.128 3.185 3.180 3.249 3.208 3.195 3.166 3.169 3.234 3.259 3.262 3.185 3.169 3.308 3.304 3.220 02/04/1976
2.850 2.716 2.703 2.647 2.640 2.798 2.663 2.654 2.640 2.595 2.801 2.659 2.686 2.578 2.500 2.896 2.752 2.730 2.573 2.519 2.877 2.746 2.716 2.673 2.674 2.895 2.887 2.764 2.683 2.639 03/04/1976
2.402 2.348 2.344 2.367 2.306 2.363 2.265 2.263 2.272 2.226 2.367 2.264 2.199 2.217 2.114 2.326 2.248 2.214 2.226 2.120 2.286 2.331 2.318 2.342 2.342 2.291 2.328 2.314 2.333 2.354 04/04/1976
3.126 2.822 2.820 2.986 2.744 3.005 2.741 2.751 3.036 2.635 3.006 2.753 2.677 2.887 2.507 2.791 2.658 2.615 2.888 2.594 2.715 2.709 2.752 2.908 2.908 2.739 2.719 2.781 2.912 2.907 05/04/1976
4.384 4.333 4.327 4.579 4.421 4.566 4.315 4.334 4.488 4.412 4.569 4.343 4.196 4.423 4.450 4.384 4.399 4.335 4.411 4.486 4.354 4.513 4.478 4.404 4.406 4.399 4.322 4.496 4.414 4.339 06/04/1976
2.530 2.492 2.493 2.492 2.501 2.517 2.476 2.472 2.592 2.538 2.519 2.476 2.537 2.571 2.650 2.610 2.603 2.547 2.565 2.636 2.602 2.645 2.593 2.590 2.590 2.598 2.655 2.600 2.601 2.579 07/04/1976
3.148 3.049 3.053 3.002 2.959 3.124 3.050 3.054 3.107 2.968 3.126 3.057 3.115 3.115 3.001 3.155 3.112 3.130 3.111 3.061 3.086 3.067 3.104 3.071 3.072 3.087 3.112 3.113 3.080 3.072 08/04/1976
2.157 2.108 2.101 2.102 1.927 2.153 2.071 2.087 1.984 1.931 2.157 2.091 2.023 1.947 1.907 2.224 2.169 2.007 1.946 1.871 2.220 2.173 2.009 1.895 1.896 2.222 2.255 2.049 1.920 1.888 09/04/1976
2.184 2.037 2.020 1.881 1.716 2.162 1.978 2.000 1.962 1.774 2.166 2.005 2.084 1.915 1.738 2.177 2.023 2.064 1.906 1.796 2.270 1.992 2.033 1.932 1.932 2.290 2.286 2.067 1.960 1.902 10/04/1976
2.499 2.382 2.375 2.298 2.321 2.436 2.397 2.415 2.548 2.496 2.442 2.422 2.542 2.721 2.649 2.653 2.756 2.780 2.717 2.674 2.890 2.879 2.935 2.828 2.829 2.921 2.931 2.965 2.844 2.822 11/04/1976
2.012 2.081 2.067 1.994 1.965 1.948 1.930 1.952 2.152 1.988 1.953 1.960 2.109 2.117 2.022 1.973 2.037 2.126 2.110 2.077 2.030 2.006 2.092 2.101 2.103 2.067 2.044 2.134 2.127 2.070 12/04/1976
2.030 2.019 2.005 1.997 2.080 1.976 1.957 1.981 2.092 2.093 1.977 1.991 2.120 2.108 2.137 1.962 2.103 2.109 2.101 2.127 1.981 2.052 2.062 2.105 2.106 2.021 2.085 2.117 2.131 2.068 13/04/1976
2.509 2.469 2.462 2.444 2.542 2.508 2.492 2.501 2.642 2.589 2.516 2.506 2.642 2.674 2.593 2.602 2.598 2.701 2.673 2.618 2.735 2.664 2.779 2.756 2.757 2.764 2.746 2.795 2.774 2.735 14/04/1976
2.502 2.443 2.434 2.418 2.473 2.453 2.425 2.428 2.549 2.480 2.458 2.433 2.580 2.529 2.558 2.516 2.631 2.630 2.518 2.553 2.573 2.697 2.714 2.608 2.609 2.579 2.708 2.730 2.627 2.578 15/04/1976
3.094 2.987 2.979 2.971 2.973 3.072 3.054 3.068 3.030 3.035 3.077 3.075 3.122 3.128 3.100 3.176 3.163 3.263 3.119 3.061 3.262 3.170 3.263 3.203 3.204 3.259 3.257 3.275 3.209 3.190 16/04/1976
2.482 2.335 2.342 2.195 2.104 2.347 2.275 2.266 2.106 2.048 2.347 2.271 2.150 2.078 2.003 2.446 2.358 2.130 2.073 1.983 2.440 2.334 2.104 2.035 2.034 2.461 2.480 2.122 2.048 2.038 17/04/1976
2.011 2.001 1.992 1.952 1.996 1.921 1.893 1.923 1.962 1.952 1.927 1.930 1.957 1.792 1.825 1.917 1.912 1.937 1.791 1.776 1.886 1.878 1.847 1.788 1.788 1.918 1.943 1.897 1.795 1.749 18/04/1976
2.703 2.641 2.630 2.385 2.333 2.587 2.556 2.574 2.564 2.334 2.593 2.582 2.666 2.511 2.387 2.721 2.707 2.658 2.499 2.442 2.719 2.662 2.612 2.549 2.550 2.753 2.729 2.661 2.575 2.494 19/04/1976
2.264 2.259 2.247 2.057 2.034 2.205 2.172 2.197 2.140 2.013 2.208 2.207 2.279 2.087 2.037 2.215 2.257 2.248 2.080 1.985 2.217 2.129 2.093 2.071 2.073 2.260 2.230 2.157 2.099 2.027 20/04/1976
1.396 1.502 1.492 1.285 1.319 1.345 1.449 1.451 1.404 1.158 1.343 1.456 1.604 1.432 1.340 1.290 1.365 1.600 1.423 1.345 1.441 1.348 1.599 1.572 1.574 1.476 2.070 1.671 1.606 1.501 21/04/1976
1.072 1.051 1.042 0.936 1.056 1.030 1.012 1.035 0.947 0.894 1.040 1.049 1.021 0.799 0.875 1.015 0.976 0.875 0.788 0.859 0.991 0.954 0.865 0.830 0.832 1.040 1.027 0.913 0.850 0.796 22/04/1976
1.953 1.839 1.826 1.696 1.608 1.829 1.700 1.726 1.759 1.664 1.837 1.740 1.740 1.549 1.566 1.589 1.650 1.593 1.545 1.561 1.602 1.669 1.610 1.614 1.615 1.640 1.631 1.650 1.622 1.584 23/04/1976
1.859 1.912 1.901 1.787 1.764 1.684 1.763 1.783 1.850 1.745 1.692 1.793 1.807 1.741 1.664 1.499 1.632 1.609 1.736 1.755 1.504 1.630 1.603 1.732 1.733 1.539 1.558 1.633 1.747 1.708 24/04/1976
1.397 1.376 1.371 1.112 1.193 1.299 1.209 1.212 1.129 1.152 1.300 1.216 1.156 1.067 1.048 1.244 1.206 1.089 1.064 1.048 1.428 1.361 1.302 1.242 1.242 1.456 1.452 1.327 1.248 1.238 25/04/1976
2.439 2.390 2.377 2.206 2.137 2.327 2.229 2.251 2.265 2.134 2.334 2.262 2.335 2.137 2.011 2.230 2.269 2.233 2.128 2.031 2.284 2.296 2.261 2.146 2.148 2.323 2.342 2.301 2.162 2.115 26/04/1976
2.430 2.374 2.374 2.151 2.229 2.337 2.335 2.340 2.382 2.308 2.340 2.349 2.379 2.340 2.282 2.349 2.403 2.332 2.342 2.309 2.434 2.416 2.352 2.373 2.373 2.462 2.505 2.384 2.388 2.343 27/04/1976
1.093 0.973 0.951 0.756 0.676 1.274 1.120 1.140 0.895 0.837 1.278 1.154 0.995 1.096 1.013 1.456 1.354 1.152 1.088 1.095 1.816 1.576 1.403 1.291 1.291 1.853 1.738 1.409 1.296 1.294 28/04/1976
1.630 1.579 1.573 1.436 1.466 1.319 1.237 1.250 1.263 1.180 1.325 1.251 1.262 1.171 1.184 1.329 1.298 1.217 1.161 1.207 1.245 1.387 1.305 1.366 1.368 1.274 1.316 1.340 1.385 1.334 29/04/1976
2.347 2.406 2.395 2.332 2.396 2.301 2.331 2.346 2.461 2.519 2.306 2.354 2.429 2.473 2.496 2.381 2.469 2.447 2.462 2.512 2.423 2.444 2.421 2.467 2.468 2.453 2.490 2.477 2.490 2.416 30/04/1976
1.972 1.745 1.728 1.397 1.401 1.917 1.700 1.718 1.544 1.332 1.921 1.728 1.739 1.581 1.289 2.042 1.890 1.779 1.565 1.316 2.093 1.928 1.797 1.617 1.618 2.138 2.196 1.853 1.634 1.596 01/05/1976
1.589 1.590 1.574 1.728 1.751 1.521 1.544 1.538 1.688 1.660 1.522 1.532 1.574 1.684 1.691 1.676 1.696 1.658 1.674 1.631 1.752 1.690 1.633 1.708 1.709 1.805 1.763 1.669 1.724 1.670 02/05/1976
2.641 2.676 2.663 2.668 2.665 2.655 2.683 2.688 2.755 2.695 2.659 2.692 2.770 2.777 2.718 2.730 2.699 2.778 2.770 2.761 2.751 2.734 2.792 2.799 2.798 2.775 2.772 2.818 2.805 2.766 03/05/1976
3.260 3.107 3.104 3.274 3.476 3.010 3.075 3.074 3.324 3.401 3.016 3.074 3.205 3.314 3.389 3.098 3.211 3.249 3.311 3.423 3.131 3.170 3.198 3.309 3.309 3.164 3.185 3.221 3.319 3.284 04/05/1976
2.010 2.113 2.100 2.137 2.255 1.964 2.125 2.154 2.348 2.204 1.966 2.164 2.238 2.322 2.372 2.158 2.339 2.249 2.314 2.424 2.284 2.438 2.371 2.359 2.361 2.304 2.317 2.431 2.386 2.320 05/05/1976
3.355 3.495 3.496 3.437 3.490 3.407 3.509 3.521 3.549 3.481 3.408 3.525 3.583 3.527 3.470 3.486 3.561 3.538 3.528 3.492 3.451 3.567 3.547 3.571 3.570 3.480 3.517 3.589 3.588 3.543 06/05/1976
3.853 3.756 3.751 3.564 3.604 3.655 3.664 3.684 3.849 3.633 3.662 3.690 3.835 3.779 3.629 3.661 3.771 3.806 3.770 3.704 3.535 3.598 3.662 3.641 3.642 3.550 3.541 3.689 3.653 3.603 07/05/1976
3.693 3.609 3.596 3.477 3.358 3.671 3.557 3.582 3.644 3.415 3.679 3.593 3.740 3.705 3.478 3.713 3.618 3.807 3.697 3.591 3.733 3.700 3.848 3.808 3.810 3.754 3.715 3.899 3.835 3.755 08/05/1976
3.241 3.231 3.219 3.063 3.143 3.186 3.128 3.156 3.261 3.178 3.193 3.167 3.241 3.272 3.206 3.186 3.321 3.302 3.261 3.249 3.288 3.345 3.331 3.368 3.370 3.302 3.340 3.389 3.397 3.341 09/05/1976
3.429 3.399 3.391 3.395 3.403 3.398 3.368 3.383 3.551 3.425 3.404 3.392 3.553 3.580 3.491 3.446 3.519 3.550 3.573 3.571 3.503 3.533 3.562 3.616 3.616 3.540 3.554 3.579 3.633 3.581 10/05/1976
4.812 4.801 4.796 4.705 4.649 4.789 4.723 4.745 4.825 4.648 4.791 4.752 4.766 4.779 4.621 4.786 4.684 4.732 4.782 4.756 4.844 4.816 4.796 4.753 4.754 4.831 4.861 4.828 4.758 4.748 11/05/1976
3.432 3.361 3.354 3.299 3.268 3.384 3.328 3.354 3.441 3.288 3.391 3.364 3.474 3.416 3.269 3.401 3.425 3.468 3.407 3.333 3.382 3.365 3.410 3.300 3.301 3.413 3.425 3.458 3.318 3.257 12/05/1976
1.607 1.606 1.604 1.653 1.496 1.571 1.571 1.588 1.692 1.603 1.573 1.595 1.499 1.539 1.495 1.788 1.761 1.560 1.527 1.565 1.991 2.073 1.920 1.860 1.859 2.022 2.121 1.963 1.881 1.815 13/05/1976
2.634 2.623 2.631 2.212 2.526 2.610 2.618 2.605 2.642 2.661 2.610 2.610 2.666 2.642 2.692 2.736 2.755 2.609 2.637 2.608 2.687 2.723 2.586 2.677 2.677 2.673 2.751 2.632 2.690 2.638 14/05/1976
3.329 3.262 3.249 3.055 3.096 3.308 3.235 3.273 3.229 3.123 3.309 3.281 3.330 3.212 3.154 3.337 3.375 3.341 3.198 3.170 3.447 3.360 3.337 3.272 3.274 3.480 3.471 3.415 3.307 3.211 15/05/1976
2.852 2.819 2.804 2.618 2.630 2.905 2.780 2.810 2.754 2.724 2.908 2.824 2.805 2.770 2.746 2.968 2.951 2.861 2.748 2.723 3.049 2.995 2.907 2.853 2.855 3.078 3.073 2.941 2.864 2.808 16/05/1976
2.961 2.863 2.857 2.742 2.698 2.944 2.845 2.861 2.809 2.739 2.942 2.865 2.863 2.825 2.799 2.978 2.947 2.895 2.817 2.829 3.058 2.940 2.890 2.844 2.845 3.079 3.067 2.927 2.861 2.810 17/05/1976
3.197 3.123 3.114 2.992 2.984 3.119 3.093 3.104 3.130 3.064 3.121 3.105 3.178 3.172 3.128 3.197 3.223 3.223 3.168 3.131 3.260 3.234 3.227 3.230 3.230 3.269 3.267 3.263 3.248 3.208 18/05/1976
3.749 3.687 3.688 3.590 3.563 3.730 3.717 3.723 3.741 3.565 3.732 3.728 3.773 3.693 3.544 3.650 3.718 3.742 3.671 3.582 3.723 3.666 3.687 3.741 3.742 3.721 3.740 3.726 3.760 3.691 19/05/1976
3.576 3.398 3.383 3.353 3.179 3.593 3.457 3.466 3.410 3.345 3.600 3.463 3.503 3.468 3.345 3.467 3.468 3.497 3.458 3.418 3.534 3.492 3.528 3.449 3.451 3.560 3.552 3.590 3.485 3.401 20/05/1976
4.531 4.453 4.454 4.404 4.336 4.601 4.498 4.499 4.640 4.389 4.593 4.497 4.552 4.693 4.504 4.595 4.597 4.682 4.683 4.661 4.743 4.685 4.795 4.848 4.848 4.714 4.721 4.860 4.886 4.815 21/05/1976
3.342 3.421 3.418 3.407 3.361 3.256 3.279 3.298 3.465 3.339 3.260 3.305 3.422 3.557 3.445 3.419 3.396 3.484 3.544 3.558 3.318 3.325 3.415 3.524 3.524 3.364 3.366 3.451 3.552 3.490 22/05/1976
3.685 3.667 3.667 3.531 3.523 3.693 3.660 3.662 3.690 3.470 3.697 3.667 3.805 3.691 3.338 3.768 3.721 3.791 3.686 3.517 3.812 3.787 3.836 3.696 3.696 3.824 3.887 3.861 3.714 3.690 23/05/1976
3.351 3.388 3.387 3.365 3.265 3.294 3.288 3.311 3.416 3.224 3.295 3.312 3.374 3.365 3.237 3.278 3.289 3.332 3.360 3.330 3.277 3.306 3.361 3.416 3.417 3.304 3.296 3.392 3.431 3.384 24/05/1976
4.300 4.139 4.132 4.021 4.007 4.205 4.193 4.212 4.294 4.084 4.219 4.230 4.289 4.319 4.228 4.395 4.488 4.375 4.296 4.326 4.439 4.476 4.367 4.423 4.425 4.473 4.549 4.376 4.440 4.358 25/05/1976
3.802 3.512 3.500 3.005 2.766 3.540 3.193 3.193 2.904 2.564 3.541 3.210 3.230 2.689 2.337 3.506 3.304 3.201 2.688 2.318 3.336 2.941 2.868 2.469 2.469 3.365 3.378 2.880 2.471 2.472 26/05/1976
3.499 3.395 3.386 3.214 3.047 3.575 3.204 3.241 3.318 3.032 3.579 3.247 3.400 3.361 3.156 3.643 3.398 3.504 3.339 3.233 3.804 3.474 3.540 3.385 3.387 3.849 3.866 3.626 3.400 3.313 27/05/1976
3.934 3.849 3.848 3.726 3.724 3.837 3.728 3.751 3.855 3.674 3.843 3.760 3.896 3.830 3.730 3.983 3.893 3.946 3.820 3.816 3.811 3.746 3.824 3.726 3.727 3.850 3.845 3.855 3.740 3.686 28/05/1976
4.445 4.315 4.312 4.071 3.952 4.474 4.307 4.325 4.277 4.032 4.482 4.335 4.523 4.325 4.151 4.493 4.528 4.601 4.313 4.278 4.580 4.366 4.483 4.341 4.341 4.615 4.660 4.530 4.357 4.311 29/05/1976
4.367 4.306 4.309 4.058 4.007 4.400 4.324 4.351 4.173 4.007 4.401 4.352 4.373 4.223 4.045 4.421 4.329 4.428 4.220 4.069 4.547 4.296 4.403 4.218 4.219 4.563 4.425 4.447 4.229 4.198 30/05/1976
3.619 3.706 3.702 3.747 3.809 3.505 3.592 3.610 3.814 3.857 3.501 3.624 3.755 3.841 3.953 3.481 3.635 3.747 3.830 3.995 3.479 3.544 3.582 3.799 3.800 3.484 3.495 3.639 3.807 3.759 31/05/1976
3.258 3.233 3.206 2.941 2.809 3.184 3.162 3.229 3.081 2.815 3.194 3.249 3.104 2.946 2.816 3.181 3.100 3.012 2.915 2.849 3.295 3.112 3.017 3.015 3.019 3.350 3.183 3.142 3.077 2.918 01/06/1976
3.378 3.603 3.593 3.538 3.541 3.526 3.632 3.647 3.744 3.621 3.530 3.663 3.642 3.770 3.673 3.608 3.726 3.659 3.756 3.786 3.645 3.727 3.657 3.738 3.737 3.673 3.687 3.693 3.743 3.704 02/06/1976
4.216 4.253 4.256 3.942 3.983 4.105 4.233 4.238 4.121 3.986 4.101 4.244 4.258 4.053 3.967 4.114 4.151 4.088 4.044 4.033 4.033 4.053 4.000 4.039 4.039 4.076 4.128 4.046 4.055 4.002 03/06/1976
3.671 3.627 3.621 3.425 3.361 3.459 3.495 3.534 3.453 3.304 3.464 3.540 3.471 3.429 3.336 3.556 3.620 3.466 3.405 3.415 3.680 3.682 3.517 3.538 3.541 3.718 3.721 3.587 3.578 3.465 04/06/1976
3.567 3.428 3.426 3.237 3.136 3.464 3.456 3.484 3.341 3.214 3.462 3.484 3.495 3.456 3.325 3.619 3.659 3.568 3.442 3.405 3.671 3.612 3.524 3.549 3.551 3.702 3.712 3.587 3.573 3.486 05/06/1976
3.782 3.726 3.714 3.418 3.159 3.558 3.576 3.606 3.547 3.179 3.561 3.613 3.569 3.437 3.232 3.623 3.593 3.493 3.423 3.338 3.659 3.616 3.511 3.503 3.503 3.685 3.662 3.600 3.519 3.446 06/06/1976
4.022 3.940 3.928 3.478 3.131 3.874 3.755 3.751 3.379 3.155 3.874 3.753 3.772 3.335 3.255 3.630 3.347 3.191 3.319 3.349 3.583 3.405 3.336 3.392 3.394 3.602 3.602 3.387 3.420 3.340 07/06/1976
3.403 3.095 3.091 2.771 2.637 2.954 2.876 2.920 2.734 2.562 2.962 2.931 2.888 2.892 2.777 2.925 2.967 2.824 2.865 2.898 3.093 3.097 3.008 3.116 3.118 3.134 3.138 3.083 3.143 3.057 08/06/1976
4.573 4.351 4.338 3.757 3.633 4.264 4.157 4.178 3.863 3.478 4.277 4.199 4.131 3.443 3.274 3.921 3.668 3.641 3.433 3.332 3.387 3.249 3.271 3.405 3.409 3.418 3.373 3.342 3.456 3.341 09/06/1976
4.074 4.042 4.035 3.707 3.553 3.883 3.895 3.892 3.899 3.607 3.877 3.886 3.837 3.838 3.492 4.033 3.953 3.931 3.824 3.632 4.186 4.064 4.010 4.021 4.023 4.209 4.164 4.042 4.036 3.953 10/06/1976
4.999 4.950 4.942 4.514 4.212 4.794 4.592 4.656 4.614 4.246 4.803 4.669 4.605 4.468 4.238 4.655 4.553 4.595 4.445 4.274 4.833 4.541 4.598 4.605 4.606 4.893 4.795 4.655 4.627 4.537 11/06/1976
3.397 3.418 3.410 3.244 3.201 3.372 3.377 3.400 3.400 3.203 3.374 3.407 3.510 3.400 3.292 3.612 3.569 3.458 3.392 3.361 3.624 3.683 3.556 3.486 3.486 3.650 3.734 3.587 3.506 3.455 12/06/1976
4.188 4.232 4.226 4.037 3.774 4.191 4.145 4.166 4.203 3.890 4.192 4.175 4.156 4.106 4.030 4.243 4.220 4.157 4.091 4.099 4.298 4.231 4.192 4.178 4.180 4.325 4.263 4.217 4.187 4.150 13/06/1976
3.520 3.464 3.460 3.261 3.064 3.696 3.406 3.426 3.258 3.162 3.708 3.435 3.389 3.098 2.988 3.685 3.278 3.189 3.079 3.024 3.547 3.310 3.225 3.092 3.094 3.578 3.549 3.290 3.127 3.048 14/06/1976
3.938 3.776 3.771 3.489 3.417 3.967 3.872 3.914 3.722 3.432 3.976 3.918 3.860 3.733 3.574 3.946 4.107 4.083 3.717 3.642 3.966 4.087 4.054 4.085 4.085 3.995 3.996 4.104 4.102 4.055 15/06/1976
2.892 2.978 2.967 2.977 2.956 2.831 2.930 2.949 3.131 3.034 2.834 2.959 3.076 3.101 3.126 3.026 3.137 3.134 3.091 3.167 3.166 3.141 3.110 3.193 3.195 3.218 3.177 3.194 3.231 3.134 16/06/1976
3.862 3.897 3.884 3.709 3.763 3.986 4.133 4.175 4.196 3.883 3.987 4.185 4.212 4.203 4.108 4.222 4.284 4.323 4.191 4.141 4.277 4.323 4.387 4.335 4.336 4.313 4.327 4.421 4.354 4.289 17/06/1976
2.589 2.685 2.678 2.491 2.483 2.545 2.562 2.587 2.645 2.559 2.549 2.594 2.548 2.606 2.631 2.725 2.788 2.579 2.603 2.673 2.689 2.622 2.449 2.532 2.534 2.715 2.744 2.517 2.564 2.488 18/06/1976
3.183 2.964 2.954 2.821 2.829 3.070 3.013 3.044 2.983 2.894 3.078 3.051 3.069 3.072 2.995 3.185 3.186 3.102 3.063 3.007 3.170 3.122 3.036 3.163 3.165 3.217 3.203 3.087 3.186 3.111 19/06/1976
2.172 2.218 2.199 2.145 2.178 2.114 2.103 2.131 2.231 2.199 2.122 2.141 2.220 2.204 2.208 2.188 2.302 2.185 2.194 2.201 2.311 2.404 2.256 2.265 2.267 2.360 2.389 2.307 2.288 2.214 20/06/1976
2.869 2.952 2.942 2.972 2.969 2.847 2.893 2.931 3.087 2.985 2.846 2.940 3.006 2.934 2.922 2.775 2.883 2.880 2.919 2.975 2.828 2.834 2.841 2.799 2.799 2.885 2.822 2.881 2.811 2.779 21/06/1976
3.443 3.497 3.486 3.357 3.365 3.392 3.419 3.445 3.505 3.358 3.396 3.453 3.489 3.469 3.356 3.465 3.615 3.484 3.454 3.412 3.539 3.592 3.462 3.491 3.491 3.593 3.629 3.524 3.522 3.458 22/06/1976
3.074 2.774 2.766 2.441 2.595 3.001 2.667 2.688 2.633 2.540 3.005 2.704 2.733 2.642 2.709 3.189 3.000 2.778 2.631 2.678 3.193 3.036 2.837 2.640 2.640 3.211 3.314 2.874 2.677 2.618 23/06/1976
2.719 2.735 2.723 2.405 2.351 2.713 2.703 2.728 2.582 2.317 2.726 2.740 2.712 2.324 2.183 2.816 2.719 2.631 2.303 2.141 2.680 2.446 2.383 2.098 2.101 2.695 2.741 2.428 2.121 2.070 24/06/1976
2.539 2.590 2.577 2.407 2.488 2.501 2.558 2.592 2.536 2.525 2.503 2.598 2.592 2.500 2.617 2.531 2.667 2.590 2.478 2.630 2.579 2.628 2.553 2.549 2.551 2.613 2.632 2.614 2.578 2.493 25/06/1976
3.281 3.336 3.322 3.128 3.011 3.262 3.280 3.317 3.290 3.028 3.271 3.328 3.405 3.355 3.121 3.480 3.607 3.482 3.339 3.123 3.524 3.596 3.475 3.420 3.422 3.571 3.595 3.538 3.457 3.368 26/06/1976
2.445 2.531 2.486 2.292 2.214 2.464 2.392 2.434 2.440 2.353 2.474 2.448 2.460 2.539 2.485 2.560 2.762 2.556 2.524 2.511 2.642 2.735 2.563 2.517 2.519 2.684 2.748 2.618 2.544 2.454 27/06/1976
3.226 3.265 3.238 3.245 3.320 3.189 3.173 3.215 3.366 3.302 3.201 3.229 3.200 3.416 3.464 3.181 3.392 3.290 3.397 3.510 3.259 3.362 3.266 3.425 3.427 3.313 3.312 3.326 3.451 3.346 28/06/1976
4.302 4.255 4.236 4.131 4.149 4.312 4.268 4.302 4.337 4.200 4.318 4.313 4.371 4.403 4.250 4.235 4.337 4.390 4.384 4.302 4.247 4.308 4.338 4.289 4.290 4.285 4.305 4.413 4.315 4.232 29/06/1976
4.111 4.090 4.073 3.947 4.113 4.099 4.028 4.058 4.206 4.135 4.103 4.071 4.121 4.264 4.176 4.163 4.254 4.298 4.248 4.272 4.211 4.290 4.320 4.309 4.309 4.236 4.306 4.403 4.347 4.234 30/06/1976
3.315 3.287 3.264 3.084 3.169 3.230 3.077 3.125 3.172 3.133 3.242 3.139 3.186 3.069 3.009 3.209 3.154 3.141 3.043 3.041 3.198 3.098 3.100 2.966 2.967 3.264 3.187 3.165 3.004 2.935 01/07/1976
4.004 3.896 3.881 3.739 3.792 3.984 3.883 3.887 4.014 3.877 3.987 3.898 3.974 4.028 3.921 4.213 4.187 4.169 4.022 3.970 4.325 4.308 4.263 4.169 4.172 4.346 4.402 4.310 4.190 4.143 02/07/1976
4.732 4.548 4.538 4.092 4.107 4.637 4.649 4.670 4.746 4.208 4.638 4.680 4.740 4.941 4.443 4.898 5.048 5.042 4.926 4.548 5.276 5.288 5.328 5.192 5.193 5.322 5.360 5.376 5.213 5.152 03/07/1976
5.855 5.883 5.874 5.722 4.920 5.798 5.703 5.734 5.896 5.204 5.802 5.741 5.792 5.887 5.690 5.623 5.763 5.815 5.860 5.812 5.695 5.803 5.850 5.863 5.864 5.711 5.743 5.892 5.888 5.818 04/07/1976
4.222 4.335 4.326 4.309 3.791 4.224 4.155 4.180 4.357 3.824 4.227 4.191 4.276 4.198 4.008 4.198 4.414 4.286 4.188 4.108 3.992 4.296 4.135 4.063 4.064 4.002 4.223 4.209 4.103 4.040 05/07/1976
3.590 3.612 3.607 3.611 3.181 3.579 3.520 3.527 3.444 3.159 3.584 3.533 3.354 3.490 3.384 3.566 3.578 3.467 3.468 3.477 3.628 3.619 3.508 3.508 3.510 3.641 3.562 3.571 3.533 3.448 06/07/1976
2.859 2.685 2.670 2.503 2.617 2.673 2.584 2.624 2.662 2.577 2.683 2.639 2.689 2.641 2.582 2.666 2.676 2.654 2.626 2.645 2.793 2.778 2.729 2.828 2.829 2.821 2.792 2.779 2.854 2.786 07/07/1976
2.696 2.590 2.571 2.411 2.667 2.689 2.805 2.841 2.971 2.878 2.699 2.850 2.825 3.222 3.051 3.103 3.175 3.000 3.204 3.101 3.530 3.388 3.305 3.198 3.201 3.556 3.492 3.335 3.213 3.127 08/07/1976
1.904 1.898 1.876 1.797 1.536 1.707 1.762 1.795 1.872 1.533 1.710 1.797 1.901 1.601 1.513 1.887 1.908 1.862 1.567 1.612 1.838 1.882 1.829 1.897 1.900 1.908 1.830 1.935 1.933 1.789 09/07/1976
2.078 2.100 2.079 1.906 2.017 2.163 2.042 2.091 1.934 1.932 2.171 2.108 2.123 1.991 1.991 1.929 2.147 1.951 1.952 2.000 1.992 2.277 2.144 2.061 2.062 2.019 2.123 2.212 2.078 1.982 10/07/1976
1.975 2.025 2.007 1.866 1.662 1.858 1.989 2.027 1.896 1.675 1.866 2.031 1.973 1.798 1.706 1.980 1.915 1.860 1.782 1.728 2.017 1.856 1.806 1.802 1.805 2.021 1.951 1.878 1.836 1.707 11/07/1976
3.453 3.536 3.528 3.387 3.394 3.491 3.458 3.486 3.515 3.477 3.495 3.496 3.494 3.560 3.628 3.671 3.617 3.547 3.544 3.616 3.723 3.745 3.703 3.722 3.723 3.752 3.722 3.770 3.749 3.665 12/07/1976
2.127 2.011 1.978 1.834 1.545 2.101 2.021 2.070 2.025 1.563 2.103 2.071 2.103 1.949 2.001 2.284 2.205 2.120 1.925 2.101 2.351 2.219 2.121 2.404 2.408 2.421 2.296 2.253 2.442 2.303 13/07/1976
2.809 2.758 2.752 2.587 2.654 2.758 2.799 2.816 2.854 2.832 2.761 2.826 2.876 2.958 2.954 2.914 2.993 2.893 2.932 3.021 3.002 3.003 2.943 3.127 3.131 3.071 3.045 3.015 3.147 3.060 14/07/1976
3.759 3.773 3.758 3.657 3.695 3.700 3.731 3.749 3.780 3.668 3.703 3.757 3.806 3.750 3.629 3.688 3.745 3.767 3.741 3.675 3.717 3.708 3.730 3.745 3.747 3.759 3.741 3.783 3.777 3.703 15/07/1976
4.060 4.081 4.079 3.959 4.089 4.091 4.080 4.094 4.210 4.115 4.097 4.099 4.213 4.218 4.141 4.123 4.216 4.227 4.210 4.213 4.198 4.239 4.240 4.278 4.279 4.229 4.291 4.303 4.304 4.231 16/07/1976
4.899 4.859 4.850 4.752 4.708 4.946 4.932 4.949 4.877 4.712 4.944 4.954 4.948 4.952 4.752 4.964 5.070 5.049 4.943 4.825 5.063 5.116 5.089 5.032 5.033 5.095 5.174 5.141 5.062 4.991 17/07/1976
4.029 3.994 3.977 3.928 4.089 4.063 4.057 4.069 4.210 4.100 4.071 4.081 4.248 4.274 4.152 4.102 4.275 4.358 4.259 4.251 4.260 4.330 4.410 4.424 4.425 4.314 4.318 4.466 4.446 4.367 18/07/1976
3.636 3.607 3.610 3.405 3.305 3.638 3.534 3.536 3.620 3.411 3.641 3.532 3.519 3.622 3.512 3.665 3.624 3.618 3.606 3.635 3.804 3.671 3.673 3.621 3.622 3.832 3.811 3.734 3.650 3.581 19/07/1976
5.210 5.184 5.184 4.928 4.916 5.263 5.192 5.198 5.148 4.999 5.266 5.199 5.179 5.171 5.085 5.367 5.212 5.334 5.168 5.084 5.493 5.339 5.523 5.398 5.401 5.486 5.464 5.550 5.405 5.371 20/07/1976
3.833 3.913 3.907 3.744 3.763 3.893 3.919 3.925 3.965 3.855 3.897 3.932 4.009 4.052 3.994 4.096 4.240 4.194 4.042 4.019 4.294 4.375 4.340 4.352 4.353 4.303 4.320 4.374 4.373 4.314 21/07/1976
5.077 4.906 4.891 4.437 4.424 4.888 4.856 4.886 4.683 4.482 4.892 4.900 4.876 4.872 4.600 4.981 4.946 5.089 4.851 4.619 5.066 4.926 5.062 4.982 4.983 5.100 5.021 5.130 5.002 4.938 22/07/1976
4.858 4.843 4.844 4.440 4.158 4.925 5.004 5.026 4.936 4.407 4.929 5.026 4.998 5.068 4.714 5.200 5.071 5.117 5.058 4.835 5.198 5.143 5.155 5.091 5.093 5.201 5.192 5.198 5.114 5.051 23/07/1976
4.139 4.252 4.248 3.929 3.577 4.065 4.148 4.159 3.991 3.626 4.071 4.158 3.990 4.001 3.832 3.852 3.933 3.995 3.991 3.943 3.942 4.022 4.073 4.150 4.153 3.936 3.921 4.135 4.188 4.111 24/07/1976
5.390 5.402 5.399 5.207 4.765 5.370 5.381 5.387 5.269 4.898 5.373 5.389 5.341 5.289 5.120 5.201 5.140 5.315 5.282 5.230 5.198 5.121 5.309 5.337 5.340 5.203 5.083 5.356 5.357 5.290 25/07/1976
3.696 3.761 3.750 3.590 3.437 3.631 3.618 3.623 3.740 3.422 3.637 3.634 3.690 3.721 3.624 3.366 3.629 3.650 3.690 3.660 3.464 3.620 3.591 3.787 3.789 3.515 3.557 3.655 3.803 3.697 26/07/1976
4.492 4.448 4.439 4.241 3.811 4.424 4.331 4.335 4.276 3.976 4.432 4.337 4.381 4.263 4.035 4.447 4.415 4.402 4.259 4.139 4.436 4.391 4.391 4.301 4.302 4.450 4.456 4.416 4.317 4.271 27/07/1976
5.014 4.897 4.887 4.603 4.072 4.980 4.790 4.807 4.722 4.366 4.996 4.811 4.863 4.766 4.514 4.956 4.869 4.892 4.757 4.652 5.027 4.947 4.948 4.882 4.883 5.054 5.004 4.991 4.889 4.832 28/07/1976
5.655 5.524 5.520 5.297 4.967 5.636 5.500 5.532 5.533 5.203 5.642 5.537 5.569 5.625 5.429 5.723 5.697 5.777 5.622 5.547 5.979 5.830 5.958 5.836 5.841 6.011 5.953 6.016 5.872 5.767 29/07/1976
5.494 5.456 5.440 5.247 4.956 5.475 5.396 5.431 5.350 5.143 5.489 5.439 5.406 5.478 5.272 5.447 5.393 5.548 5.471 5.351 5.589 5.436 5.578 5.526 5.531 5.632 5.521 5.629 5.546 5.446 30/07/1976
5.035 5.015 5.028 4.880 4.671 5.055 5.029 5.022 4.799 4.666 5.055 5.021 4.917 4.784 4.681 4.952 4.789 4.919 4.780 4.789 5.005 4.823 4.938 4.889 4.891 5.003 4.867 4.987 4.925 4.831 31/07/1976
