# 6448 6449 6450 6451 6452 6528 6529 6530 6531 6532 6610 6611 6612 6613 6614 6693 6694 6695 6696 6697 6776 6777 6778 6779 6780 6859 6860 6861 6862 6863 Date
0.000 0.000 0.000 0.000 0.000 0.000 0.000 0.000 0.000 0.000 0.000 0.000 0.000 0.000 0.000 0.000 0.000 0.000 0.000 0.000 0.000 0.000 0.000 0.000 0.000 0.000 0.000 0.000 0.000 0.000 01/08/1970
0.104 0.159 0.160 0.870 1.584 0.418 1.679 1.655 1.002 2.296 0.417 1.648 1.772 1.522 2.141 1.200 0.606 0.996 1.528 1.700 1.780 1.559 1.784 1.407 1.406 1.758 1.534 1.758 1.396 1.429 02/08/1970
0.155 0.000 0.000 0.100 1.749 0.000 0.000 0.000 0.445 2.035 0.000 0.000 0.000 1.140 2.502 0.000 0.117 0.219 1.144 1.995 0.214 0.124 0.249 0.448 0.448 0.210 0.120 0.243 0.441 0.454 03/08/1970
0.000 0.000 0.000 0.000 0.446 0.000 0.000 0.000 0.120 0.562 0.000 0.000 0.000 0.144 0.847 0.116 0.109 0.154 0.144 0.619 0.000 0.000 0.000 0.157 0.157 0.000 0.000 0.000 0.156 0.157 04/08/1970
0.657 0.635 0.639 0.221 0.905 0.485 0.508 0.503 0.124 0.944 0.484 0.501 0.367 0.000 0.418 0.000 0.000 0.101 0.000 0.212 0.151 0.000 0.000 0.100 0.100 0.150 0.000 0.000 0.100 0.100 05/08/1970
0.517 1.028 1.033 1.448 1.937 1.898 2.112 2.096 1.352 1.902 1.894 2.091 1.768 1.919 2.343 2.358 2.911 2.842 1.927 1.751 3.011 3.329 3.245 2.238 2.237 2.975 2.902 3.189 2.220 2.272 06/08/1970
0.000 0.000 0.000 0.000 0.000 0.000 0.000 0.000 0.000 0.000 0.000 0.000 0.000 0.000 0.000 0.000 0.000 0.000 0.000 0.000 0.000 0.000 0.000 0.000 0.000 0.000 0.000 0.000 0.000 0.000 07/08/1970
0.000 0.000 0.000 0.000 0.000 0.000 0.000 0.000 0.000 0.000 0.000 0.000 0.000 0.000 0.000 0.000 0.000 0.000 0.000 0.000 0.000 0.000 0.000 0.000 0.000 0.000 0.000 0.000 0.000 0.000 08/08/1970
0.000 0.000 0.000 0.000 0.000 0.000 0.000 0.000 0.000 0.000 0.000 0.000 0.000 0.000 0.000 0.000 0.000 0.000 0.000 0.000 0.000 0.000 0.000 0.000 0.000 0.000 0.000 0.000 0.000 0.000 09/08/1970
0.000 0.000 0.000 0.000 0.000 0.000 0.000 0.000 0.000 0.000 0.000 0.000 0.000 0.000 0.000 0.124 0.000 0.000 0.000 0.000 0.000 0.000 0.000 0.000 0.000 0.000 0.000 0.000 0.000 0.000 10/08/1970
0.000 0.000 0.000 0.000 0.000 0.000 0.000 0.000 0.000 0.000 0.000 0.000 0.000 0.000 0.000 0.000 0.000 0.000 0.000 0.000 0.000 0.000 0.000 0.000 0.000 0.000 0.000 0.000 0.000 0.000 11/08/1970
0.000 0.000 0.000 0.000 0.000 0.000 0.000 0.000 0.000 0.000 0.000 0.000 0.000 0.000 0.000 0.000 0.000 0.000 0.000 0.000 0.000 0.000 0.000 0.000 0.000 0.000 0.000 0.000 0.000 0.000 12/08/1970
0.000 0.000 0.000 0.000 0.000 0.000 0.000 0.000 0.000 0.000 0.000 0.000 0.000 0.000 0.000 0.000 0.000 0.000 0.000 0.000 0.000 0.000 0.000 0.000 0.000 0.000 0.000 0.000 0.000 0.000 13/08/1970
0.000 0.000 0.000 0.000 0.000 0.000 0.000 0.000 0.179 0.000 0.000 0.000 0.000 0.259 0.239 0.000 0.000 0.115 0.262 0.178 0.166 0.111 0.197 0.137 0.137 0.161 0.110 0.196 0.136 0.139 14/08/1970
0.000 0.000 0.000 0.000 0.000 0.000 0.000 0.000 0.000 0.000 0.000 0.000 0.000 0.000 0.000 0.000 0.000 0.000 0.000 0.000 0.000 0.000 0.000 0.000 0.000 0.000 0.000 0.000 0.000 0.000 15/08/1970
0.000 0.000 0.000 0.000 0.000 0.000 0.000 0.000 0.000 0.000 0.000 0.000 0.000 0.000 0.000 0.000 0.000 0.000 0.000 0.000 0.000 0.000 0.000 0.000 0.000 0.000 0.000 0.000 0.000 0.000 16/08/1970
0.000 0.000 0.000 0.000 0.000 0.000 0.000 0.000 0.000 0.000 0.000 0.000 0.000 0.345 0.186 0.000 0.000 0.000 0.351 0.149 0.000 0.000 0.000 0.276 0.276 0.000 0.000 0.000 0.271 0.291 17/08/1970
0.000 0.000 0.000 0.000 0.000 0.000 0.000 0.000 0.000 0.000 0.000 0.000 0.000 0.000 0.000 0.000 0.000 0.125 0.000 0.000 0.000 0.000 0.126 0.240 0.239 0.000 0.000 0.125 0.238 0.244 18/08/1970
0.921 4.534 4.555 6.658 10.185 0.435 2.140 2.118 3.198 4.601 0.434 2.113 2.227 0.169 1.129 0.000 0.000 0.000 0.169 0.942 0.000 0.000 0.000 0.000 0.000 0.000 0.000 0.000 0.000 0.000 19/08/1970
0.498 0.728 0.731 0.267 0.854 1.049 2.093 2.072 0.164 0.670 1.047 2.066 2.142 0.000 0.290 0.000 0.000 0.142 0.000 0.216 0.389 0.121 0.239 1.504 1.503 0.384 0.237 0.235 1.492 1.527 20/08/1970
0.598 0.562 0.565 0.707 0.908 0.000 0.000 0.000 0.100 0.000 0.000 0.000 0.100 0.000 0.000 0.000 0.000 0.000 0.000 0.000 0.000 0.000 0.000 0.107 0.107 0.000 0.000 0.000 0.107 0.107 21/08/1970
0.868 0.658 0.662 0.823 0.917 0.797 0.722 0.716 0.770 1.058 0.796 0.714 0.732 0.946 1.267 0.953 0.755 0.952 0.949 0.930 0.600 0.352 0.578 0.595 0.594 0.593 0.506 0.563 0.583 0.608 22/08/1970
0.000 0.000 0.000 0.106 0.000 0.484 0.216 0.214 0.137 0.000 0.483 0.213 0.201 0.632 0.573 0.436 0.386 0.614 0.634 0.329 0.565 0.372 0.601 0.256 0.256 0.558 0.431 0.577 0.254 0.261 23/08/1970
0.000 0.000 0.000 0.000 0.000 0.000 0.000 0.000 0.000 0.000 0.000 0.000 0.000 0.000 0.000 0.000 0.000 0.000 0.000 0.000 0.000 0.000 0.100 0.100 0.100 0.000 0.000 0.100 0.100 0.100 24/08/1970
0.000 0.000 0.000 0.000 0.000 0.000 0.000 0.000 0.000 0.000 0.000 0.000 0.000 0.000 0.000 0.000 0.000 0.000 0.000 0.000 0.000 0.000 0.000 0.000 0.000 0.000 0.000 0.000 0.000 0.000 25/08/1970
0.000 0.000 0.000 0.000 0.103 0.000 0.000 0.000 0.000 0.307 0.000 0.000 0.000 0.000 0.000 0.000 0.000 0.000 0.000 0.000 0.000 0.000 0.000 0.000 0.000 0.000 0.000 0.000 0.000 0.000 26/08/1970
0.111 0.000 0.000 0.000 0.000 0.000 0.000 0.000 0.114 0.104 0.000 0.000 0.000 0.104 0.000 0.864 0.000 0.000 0.104 0.000 1.663 0.000 0.185 0.000 0.000 1.637 1.442 0.185 0.000 0.000 27/08/1970
0.000 0.000 0.000 0.000 0.000 0.000 0.000 0.000 0.000 0.000 0.000 0.000 0.000 0.000 0.000 0.521 0.000 0.000 0.000 0.000 0.000 0.000 0.000 0.000 0.000 0.000 0.000 0.000 0.000 0.000 28/08/1970
0.000 0.000 0.000 0.000 0.000 0.000 0.000 0.000 0.000 0.000 0.000 0.000 0.000 1.302 0.000 0.000 0.000 0.000 1.307 0.000 0.000 0.000 0.000 0.000 0.000 0.000 0.000 0.000 0.000 0.000 29/08/1970
0.000 0.350 0.351 0.000 0.000 1.650 0.000 0.000 0.194 0.000 1.645 0.000 0.000 0.000 0.000 0.129 0.000 0.000 0.000 0.000 1.723 0.475 0.671 1.523 1.522 1.699 1.488 0.664 1.511 1.547 30/08/1970
0.000 0.000 0.000 0.000 0.000 0.000 0.000 0.000 0.000 0.000 0.000 0.000 0.000 0.000 0.000 0.000 0.000 0.000 0.000 0.000 0.000 0.000 0.000 0.000 0.000 0.000 0.000 0.000 0.000 0.000 31/08/1970
0.000 0.000 0.000 0.000 0.000 0.000 0.000 0.000 0.000 0.000 0.000 0.000 0.000 0.000 0.000 0.000 0.000 0.000 0.000 0.000 0.000 0.000 0.000 0.000 0.000 0.000 0.000 0.000 0.000 0.000 01/09/1970
0.000 0.000 0.000 0.000 0.000 0.000 0.000 0.000 0.000 0.000 0.000 0.000 0.000 0.000 0.000 0.000 0.000 0.000 0.000 0.000 0.036 0.000 0.000 0.000 0.000 0.000 0.000 0.000 0.000 0.000 02/09/1970
0.000 0.000 0.000 0.000 0.000 0.000 0.000 0.000 0.000 0.000 0.000 0.000 0.000 0.000 0.000 0.000 0.000 0.000 0.000 0.000 0.000 0.000 0.000 0.000 0.000 0.000 0.000 0.000 0.000 0.000 03/09/1970
0.000 0.000 0.000 0.000 0.000 0.000 0.000 0.000 0.000 0.000 0.000 0.000 0.000 0.000 0.000 0.000 0.000 0.000 0.000 0.000 0.000 0.000 0.000 0.000 0.000 0.000 0.000 0.000 0.000 0.000 04/09/1970
0.000 0.000 0.000 0.000 0.000 0.000 0.000 0.000 0.000 0.000 0.000 0.000 0.000 0.000 0.000 0.000 0.000 0.000 0.000 0.000 0.000 0.000 0.000 0.000 0.000 0.000 0.000 0.000 0.000 0.000 05/09/1970
0.166 0.000 0.000 0.000 0.000 0.124 0.100 0.100 0.000 0.000 0.124 0.100 0.133 0.114 0.000 0.000 0.000 0.000 0.113 0.000 0.000 0.000 0.000 0.000 0.000 0.000 0.000 0.000 0.000 0.000 06/09/1970
0.000 0.000 0.000 0.000 0.000 0.000 0.000 0.000 0.000 0.000 0.000 0.000 0.000 0.000 0.000 0.000 0.000 0.000 0.000 0.000 0.000 0.000 0.000 0.000 0.000 0.000 0.000 0.000 0.000 0.000 07/09/1970
0.000 0.000 0.000 0.000 0.000 0.000 0.000 0.000 0.000 0.000 0.000 0.000 0.000 0.000 0.000 0.000 0.000 0.000 0.000 0.000 0.000 0.000 0.000 0.000 0.000 0.000 0.000 0.000 0.000 0.000 08/09/1970
0.000 0.000 0.000 0.000 0.000 0.000 0.000 0.000 0.152 0.101 0.000 0.000 0.000 0.184 0.454 0.000 0.108 0.138 0.185 0.367 0.115 0.172 0.234 0.313 0.313 0.115 0.134 0.233 0.310 0.317 09/09/1970
1.459 2.180 2.190 3.919 4.959 1.570 2.153 2.147 3.643 4.420 1.567 2.140 2.508 3.263 3.772 1.152 1.693 2.611 3.274 4.161 0.942 1.653 2.553 2.837 2.836 0.932 0.823 2.505 2.816 2.885 10/09/1970
0.000 0.000 0.000 0.105 0.543 0.000 0.000 0.000 0.200 1.028 0.000 0.000 0.000 0.263 1.240 0.000 0.000 0.000 0.263 0.937 0.000 0.000 0.000 0.253 0.253 0.000 0.000 0.000 0.252 0.255 11/09/1970
0.111 0.163 0.164 0.150 0.000 0.112 0.176 0.174 0.177 0.000 0.113 0.174 0.215 0.152 0.000 0.125 0.145 0.175 0.152 0.111 0.000 0.129 0.161 0.119 0.119 0.000 0.109 0.161 0.118 0.121 12/09/1970
0.000 0.000 0.000 0.000 0.000 0.000 0.000 0.000 0.000 0.000 0.000 0.000 0.000 0.000 0.000 0.000 0.000 0.000 0.000 0.000 0.000 0.000 0.000 0.000 0.000 0.000 0.000 0.000 0.000 0.000 13/09/1970
0.000 0.000 0.000 0.000 0.000 0.000 0.000 0.000 0.000 0.000 0.000 0.000 0.000 0.000 0.000 0.000 0.000 0.000 0.000 0.000 0.000 0.000 0.000 0.000 0.000 0.000 0.000 0.000 0.000 0.000 14/09/1970
0.000 0.000 0.000 0.000 0.000 0.000 0.000 0.000 0.000 0.105 0.000 0.000 0.000 0.158 0.428 0.000 0.000 0.000 0.159 0.363 0.000 0.124 0.155 0.259 0.259 0.000 0.000 0.156 0.258 0.261 15/09/1970
0.000 0.000 0.000 0.000 0.000 0.000 0.000 0.000 0.000 0.000 0.000 0.000 0.000 0.000 0.000 0.000 0.000 0.000 0.000 0.000 0.000 0.000 0.000 0.000 0.000 0.000 0.000 0.000 0.000 0.000 16/09/1970
0.000 0.000 0.000 0.000 0.000 0.000 0.000 0.000 0.000 0.000 0.000 0.000 0.000 0.000 0.000 0.000 0.000 0.000 0.000 0.000 0.000 0.000 0.000 0.000 0.000 0.000 0.000 0.000 0.000 0.000 17/09/1970
0.000 0.000 0.000 0.000 0.000 0.000 0.000 0.000 0.000 0.000 0.000 0.000 0.000 0.000 0.000 0.000 0.000 0.000 0.000 0.000 0.000 0.000 0.000 0.000 0.000 0.000 0.000 0.000 0.000 0.000 18/09/1970
0.000 0.000 0.000 0.000 0.000 0.000 0.000 0.000 0.000 0.000 0.000 0.000 0.000 0.000 0.000 0.000 0.000 0.000 0.000 0.000 0.000 0.000 0.000 0.000 0.000 0.000 0.000 0.000 0.000 0.000 19/09/1970
0.000 0.000 0.000 0.000 0.000 0.000 0.000 0.000 0.000 0.000 0.000 0.000 0.000 0.000 0.000 0.000 0.000 0.000 0.000 0.000 0.000 0.000 0.000 0.000 0.000 0.000 0.000 0.000 0.000 0.000 20/09/1970
0.000 0.000 0.000 0.000 0.000 0.000 0.000 0.000 0.000 0.000 0.000 0.000 0.000 0.000 0.000 0.000 0.000 0.000 0.000 0.000 0.000 0.000 0.000 0.000 0.000 0.000 0.000 0.000 0.000 0.000 21/09/1970
0.000 0.000 0.000 0.000 0.000 0.000 0.000 0.000 0.000 0.000 0.000 0.000 0.000 0.000 0.000 0.000 0.000 0.000 0.000 0.000 0.000 0.000 0.000 0.000 0.000 0.000 0.000 0.000 0.000 0.000 22/09/1970
0.000 0.000 0.000 0.000 0.000 0.000 0.000 0.000 0.000 0.000 0.000 0.000 0.000 0.000 0.000 0.000 0.000 0.000 0.000 0.000 0.000 0.000 0.000 0.000 0.000 0.000 0.000 0.000 0.000 0.000 23/09/1970
0.000 0.000 0.000 0.000 0.000 0.000 0.000 0.000 0.000 0.000 0.000 0.000 0.000 0.000 0.000 0.000 0.000 0.000 0.000 0.000 0.000 0.000 0.000 0.000 0.000 0.000 0.000 0.000 0.000 0.000 24/09/1970
1.115 0.942 0.947 0.598 0.317 1.556 1.321 1.313 0.844 0.519 1.554 1.315 1.353 1.794 1.599 2.161 1.711 1.978 1.800 1.354 2.509 2.100 2.453 2.204 2.203 2.454 2.072 2.419 2.187 2.237 25/09/1970
0.000 0.000 0.000 0.000 0.000 0.000 0.000 0.000 0.000 0.000 0.000 0.000 0.000 0.000 0.000 0.000 0.000 0.000 0.000 0.000 0.000 0.000 0.000 0.000 0.000 0.000 0.000 0.000 0.000 0.000 26/09/1970
0.000 0.000 0.000 0.000 0.000 0.000 0.000 0.000 0.000 0.000 0.000 0.000 0.000 0.000 0.000 0.000 0.000 0.000 0.000 0.000 0.000 0.000 0.000 0.000 0.000 0.000 0.000 0.000 0.000 0.000 27/09/1970
0.000 0.000 0.000 0.000 0.000 0.000 0.000 0.000 0.000 0.000 0.000 0.000 0.000 0.000 0.000 0.000 0.000 0.000 0.000 0.000 0.000 0.000 0.000 0.000 0.000 0.000 0.000 0.000 0.000 0.000 28/09/1970
0.281 0.863 0.866 1.162 1.389 0.201 0.156 0.155 0.277 0.672 0.201 0.153 0.179 0.477 0.232 0.108 0.000 0.118 0.478 0.314 0.000 0.111 0.174 0.118 0.118 0.000 0.000 0.172 0.117 0.117 29/09/1970
0.000 0.000 0.000 0.000 0.000 0.000 0.000 0.000 0.000 0.000 0.000 0.000 0.000 0.000 0.000 0.000 0.000 0.000 0.000 0.000 0.000 0.000 0.000 0.000 0.000 0.000 0.000 0.000 0.000 0.000 30/09/1970
0.128 0.185 0.185 0.246 0.177 0.000 0.197 0.197 0.645 0.100 0.000 0.197 0.145 0.104 0.000 0.334 0.000 0.000 0.104 0.127 0.000 0.000 0.000 0.117 0.117 0.000 0.000 0.000 0.116 0.117 01/10/1970
0.954 0.940 0.944 1.072 0.916 0.878 0.703 0.690 0.494 0.778 0.877 0.652 0.410 0.431 0.476 0.491 0.253 0.285 0.434 0.408 0.188 0.197 0.223 0.297 0.297 0.188 0.142 0.221 0.295 0.301 02/10/1970
0.000 0.000 0.000 0.000 0.000 0.000 0.000 0.000 0.000 0.000 0.000 0.000 0.000 0.000 0.000 0.000 0.000 0.000 0.000 0.000 0.000 0.000 0.000 0.000 0.000 0.000 0.000 0.000 0.000 0.000 03/10/1970
0.000 0.000 0.000 0.000 0.000 0.000 0.000 0.000 0.000 0.000 0.000 0.000 0.000 0.000 0.000 0.000 0.000 0.000 0.000 0.000 0.000 0.000 0.000 0.000 0.000 0.000 0.000 0.000 0.000 0.000 04/10/1970
0.000 0.000 0.000 0.000 0.000 0.000 0.000 0.000 0.000 0.000 0.000 0.000 0.000 0.000 0.000 0.000 0.000 0.000 0.000 0.000 0.000 0.000 0.000 0.000 0.000 0.000 0.000 0.000 0.000 0.000 05/10/1970
0.000 0.000 0.000 0.117 0.000 0.000 0.160 0.158 0.137 0.000 0.000 0.157 0.181 0.154 0.100 0.000 0.168 0.242 0.154 0.183 0.000 0.000 0.116 0.167 0.167 0.000 0.000 0.113 0.167 0.168 06/10/1970
0.522 0.351 0.353 0.840 0.197 0.327 0.263 0.260 0.277 0.145 0.331 0.259 0.314 0.416 0.234 0.371 0.289 0.491 0.418 0.320 0.303 0.290 0.476 0.385 0.385 0.300 0.219 0.481 0.383 0.392 07/10/1970
5.338 5.222 5.246 5.654 6.352 7.423 6.464 6.398 6.131 6.370 7.411 6.377 6.804 8.065 7.541 8.778 7.591 8.512 8.095 6.651 9.473 9.738 10.727 9.544 9.540 9.361 10.010 10.552 9.472 9.684 08/10/1970
1.258 1.135 1.140 1.690 1.990 1.352 1.127 1.119 1.737 1.935 1.351 1.115 1.389 1.352 1.435 1.243 0.909 1.323 1.356 1.390 0.834 0.561 0.887 0.790 0.790 0.824 0.885 0.869 0.790 0.802 09/10/1970
2.249 3.017 3.030 3.867 4.159 2.720 3.247 3.217 4.181 4.105 2.716 3.207 4.048 3.615 3.426 2.007 2.594 3.489 3.626 3.758 1.575 1.983 2.739 2.933 2.932 1.549 1.309 2.683 2.915 2.977 10/10/1970
0.000 0.000 0.000 0.104 0.000 0.000 0.000 0.000 0.119 0.000 0.000 0.000 0.123 0.111 0.000 0.000 0.000 0.124 0.111 0.109 0.000 0.025 0.127 0.103 0.103 0.000 0.105 0.125 0.103 0.103 11/10/1970
2.402 0.959 0.963 0.448 0.000 1.882 0.695 0.692 0.281 0.000 1.879 0.692 0.726 0.164 0.000 1.143 0.457 0.463 0.164 0.000 1.241 0.482 0.505 0.221 0.221 1.217 1.164 0.497 0.220 0.223 12/10/1970
0.373 0.147 0.148 0.106 0.000 0.410 0.131 0.130 0.153 0.000 0.410 0.130 0.181 0.194 0.100 0.523 0.240 0.297 0.195 0.194 0.303 0.240 0.296 0.252 0.252 0.301 0.370 0.291 0.252 0.254 13/10/1970
0.000 0.000 0.000 0.000 0.000 0.000 0.000 0.000 0.000 0.000 0.000 0.000 0.000 0.000 0.000 0.000 0.000 0.000 0.000 0.000 0.000 0.000 0.000 0.000 0.000 0.000 0.000 0.000 0.000 0.000 14/10/1970
2.889 3.314 3.329 4.508 6.102 2.419 2.534 2.510 3.160 4.301 2.415 2.503 2.612 2.788 3.595 2.136 2.057 2.379 2.799 3.127 1.992 2.037 2.333 2.571 2.570 1.981 1.655 2.295 2.553 2.607 15/10/1970
0.000 0.000 0.000 0.000 0.000 0.153 0.000 0.000 0.000 0.000 0.153 0.000 0.000 0.000 0.000 0.183 0.000 0.125 0.000 0.000 0.172 0.000 0.122 0.127 0.127 0.173 0.138 0.120 0.127 0.126 16/10/1970
5.862 5.970 6.001 5.766 6.154 5.729 5.701 5.649 5.732 5.942 5.720 5.632 6.019 6.039 6.200 5.862 5.722 6.268 6.062 5.848 6.390 6.086 6.836 6.387 6.385 6.335 6.021 6.715 6.344 6.474 17/10/1970
6.708 5.770 5.798 6.400 7.342 7.438 6.481 6.418 6.530 7.556 7.424 6.397 6.649 6.121 6.712 7.075 5.367 6.281 6.146 5.992 6.956 5.196 6.182 5.621 5.619 6.877 6.192 6.098 5.582 5.698 18/10/1970
3.178 2.368 2.377 2.234 2.484 2.782 2.360 2.336 2.466 2.797 2.777 2.330 2.311 2.558 3.050 2.941 2.025 2.321 2.567 2.542 2.427 1.781 2.060 2.345 2.344 2.389 2.022 2.031 2.329 2.377 19/10/1970
0.000 0.000 0.000 0.000 0.000 0.000 0.000 0.000 0.000 0.000 0.000 0.000 0.000 0.000 0.000 0.000 0.000 0.000 0.000 0.000 0.000 0.000 0.000 0.000 0.000 0.000 0.000 0.000 0.000 0.000 20/10/1970
0.000 0.000 0.000 0.000 0.000 0.000 0.000 0.000 0.000 0.000 0.000 0.000 0.000 0.000 0.000 0.000 0.000 0.000 0.000 0.000 0.000 0.000 0.000 0.000 0.000 0.000 0.000 0.000 0.000 0.000 21/10/1970
0.000 0.000 0.000 0.000 0.000 0.000 0.000 0.000 0.000 0.000 0.000 0.000 0.000 0.000 0.000 0.000 0.000 0.000 0.000 0.000 0.000 0.000 0.000 0.000 0.000 0.000 0.000 0.000 0.000 0.000 22/10/1970
0.000 0.000 0.000 0.000 0.000 0.000 0.000 0.000 0.000 0.000 0.000 0.000 0.000 0.000 0.000 0.000 0.000 0.000 0.000 0.000 0.000 0.000 0.000 0.000 0.000 0.000 0.000 0.000 0.000 0.000 23/10/1970
0.000 0.000 0.000 0.000 0.000 0.000 0.000 0.000 0.000 0.000 0.000 0.000 0.000 0.000 0.000 0.000 0.000 0.000 0.000 0.000 0.000 0.000 0.000 0.000 0.000 0.000 0.000 0.000 0.000 0.000 24/10/1970
0.000 0.000 0.000 0.000 0.000 0.000 0.000 0.000 0.000 0.000 0.000 0.000 0.000 0.000 0.000 0.000 0.000 0.000 0.000 0.000 0.000 0.000 0.000 0.000 0.000 0.000 0.000 0.000 0.000 0.000 25/10/1970
0.000 0.000 0.000 0.000 0.000 0.000 0.000 0.000 0.000 0.000 0.000 0.000 0.000 0.000 0.000 0.000 0.000 0.000 0.000 0.000 0.000 0.000 0.000 0.000 0.000 0.000 0.000 0.000 0.000 0.000 26/10/1970
0.000 0.000 0.000 0.000 0.000 0.000 0.000 0.000 0.000 0.000 0.000 0.000 0.000 0.000 0.000 0.000 0.000 0.000 0.000 0.110 0.000 0.000 0.000 0.000 0.000 0.000 0.000 0.000 0.000 0.000 27/10/1970
0.217 0.321 0.322 1.080 2.349 0.337 0.395 0.393 1.451 3.136 0.346 0.399 0.548 1.924 2.851 0.503 0.428 0.702 1.932 2.330 0.442 0.516 0.837 2.149 2.148 0.444 0.298 0.822 2.132 2.188 28/10/1970
0.323 0.000 0.000 0.000 0.000 0.448 0.000 0.000 0.000 0.000 0.448 0.000 0.000 0.000 0.000 0.668 0.000 0.000 0.000 0.000 0.851 0.000 0.000 0.000 0.000 0.841 0.438 0.000 0.000 0.000 29/10/1970
0.000 0.000 0.000 0.000 0.000 0.000 0.000 0.000 0.000 0.000 0.000 0.000 0.000 0.000 0.000 0.000 0.000 0.000 0.000 0.000 0.000 0.000 0.000 0.000 0.000 0.000 0.000 0.000 0.000 0.000 30/10/1970
0.000 0.000 0.000 0.000 0.000 0.000 0.000 0.000 0.000 0.000 0.000 0.000 0.000 0.000 0.000 0.000 0.000 0.000 0.000 0.000 0.000 0.000 0.000 0.000 0.000 0.000 0.000 0.000 0.000 0.000 31/10/1970
0.926 0.888 0.892 1.105 1.316 0.880 0.916 0.907 0.592 1.041 0.878 0.904 0.646 0.386 0.963 0.711 0.348 0.405 0.387 0.682 0.602 0.215 0.246 0.325 0.325 0.592 0.269 0.242 0.321 0.330 01/11/1970
26.648 26.118 26.241 25.655 29.492 23.195 24.516 24.268 26.198 27.471 23.152 24.189 24.685 25.710 26.323 22.099 22.067 24.918 25.814 25.848 21.481 21.698 25.341 23.773 23.762 21.233 22.049 24.921 23.591 24.127 02/11/1970
0.310 0.691 0.696 1.416 1.836 0.293 0.591 0.584 1.054 1.657 0.292 0.579 0.384 0.676 1.384 0.307 0.211 0.241 0.680 1.051 0.143 0.182 0.195 0.400 0.400 0.141 0.128 0.195 0.397 0.407 03/11/1970
0.137 0.000 0.000 0.000 0.000 0.211 0.000 0.000 0.000 0.000 0.211 0.000 0.000 0.000 0.000 0.626 0.000 0.000 0.000 0.000 0.878 0.000 0.000 0.000 0.000 0.867 0.489 0.000 0.000 0.000 04/11/1970
0.000 0.000 0.000 0.000 0.000 0.000 0.000 0.000 0.000 0.000 0.000 0.000 0.000 0.000 0.000 0.000 0.000 0.000 0.000 0.000 0.754 0.000 0.000 0.000 0.000 0.745 0.370 0.000 0.000 0.000 05/11/1970
0.179 0.264 0.265 0.267 0.348 0.387 0.321 0.319 0.204 0.325 0.386 0.318 0.202 0.188 0.269 0.285 0.172 0.176 0.188 0.290 0.547 0.218 0.250 0.316 0.316 0.540 0.239 0.246 0.312 0.321 06/11/1970
3.682 3.165 3.180 3.074 3.349 3.113 3.196 3.165 3.221 3.565 3.107 3.155 3.446 3.577 3.771 3.512 2.843 3.322 3.589 3.544 3.325 2.624 3.146 3.806 3.804 3.285 2.782 3.097 3.779 3.858 07/11/1970
2.377 2.505 2.517 2.700 3.196 2.025 2.419 2.395 3.038 3.312 2.021 2.387 2.602 3.297 3.466 3.028 2.554 3.091 3.309 3.350 3.105 2.685 3.190 3.839 3.837 3.065 2.573 3.140 3.811 3.893 08/11/1970
0.359 0.386 0.382 0.456 0.621 0.230 0.251 0.251 0.357 0.472 0.230 0.249 0.329 0.306 0.122 0.181 0.216 0.285 0.307 0.272 0.117 0.130 0.162 0.153 0.153 0.117 0.137 0.162 0.152 0.154 09/11/1970
3.473 3.966 3.985 4.055 4.036 3.224 3.972 3.932 4.628 4.265 3.220 3.920 4.402 4.598 4.411 3.541 3.699 4.497 4.617 4.507 3.494 3.748 4.482 4.551 4.549 3.444 3.443 4.405 4.515 4.621 10/11/1970
2.879 2.868 2.881 3.368 4.212 2.995 3.012 2.985 3.658 4.014 2.990 2.977 3.819 3.356 3.831 2.434 2.282 3.087 3.367 4.218 1.935 1.959 2.714 3.422 3.421 1.912 2.064 2.655 3.402 3.461 11/11/1970
0.100 0.000 0.000 0.115 0.538 0.100 0.099 0.100 0.160 0.264 0.100 0.100 0.134 0.149 0.100 0.104 0.000 0.119 0.149 0.227 0.105 0.119 0.153 0.143 0.143 0.105 0.113 0.153 0.142 0.144 12/11/1970
0.000 0.000 0.000 0.127 0.000 0.000 0.000 0.000 0.136 0.000 0.000 0.000 0.125 0.131 0.000 0.000 0.109 0.139 0.131 0.000 0.000 0.000 0.110 0.116 0.116 0.000 0.000 0.110 0.116 0.118 13/11/1970
0.000 0.000 0.000 0.000 0.000 0.000 0.000 0.000 0.000 0.000 0.000 0.000 0.000 0.000 0.000 0.000 0.000 0.000 0.000 0.000 0.000 0.000 0.000 0.000 0.000 0.000 0.000 0.000 0.000 0.000 14/11/1970
0.000 0.000 0.000 0.000 0.000 0.000 0.000 0.000 0.000 0.000 0.000 0.000 0.000 0.000 0.000 0.000 0.000 0.000 0.000 0.000 0.000 0.000 0.000 0.000 0.000 0.000 0.000 0.000 0.000 0.000 15/11/1970
0.000 0.131 0.131 0.222 0.090 0.100 0.097 0.100 0.176 0.088 0.100 0.100 0.139 0.136 0.051 0.171 0.089 0.129 0.136 0.151 0.000 0.000 0.101 0.102 0.102 0.110 0.114 0.101 0.102 0.102 16/11/1970
5.663 5.535 5.561 6.403 8.888 5.788 5.710 5.658 6.354 8.837 5.779 5.641 6.029 6.680 8.977 6.181 5.974 6.632 6.706 8.071 6.363 6.041 6.744 6.495 6.492 6.303 6.003 6.634 6.448 6.586 17/11/1970
2.165 2.322 2.312 2.711 2.706 2.235 2.415 2.420 2.762 2.597 2.232 2.413 2.786 2.518 2.701 2.348 2.256 2.770 2.524 2.271 2.137 2.080 2.396 2.361 2.360 2.114 1.928 2.369 2.347 2.387 18/11/1970
11.084 9.884 9.931 10.181 11.485 10.383 10.115 10.013 11.400 12.026 10.364 9.981 11.674 10.521 11.406 10.082 10.009 11.066 10.562 10.728 9.763 9.666 10.638 10.393 10.388 9.648 10.318 10.465 10.315 10.545 19/11/1970
2.554 2.822 2.826 3.927 5.490 3.326 3.176 3.154 3.371 5.066 3.320 3.135 3.580 3.577 5.112 3.905 3.069 4.032 3.590 4.467 4.035 2.662 3.392 3.238 3.236 4.063 3.193 3.346 3.218 3.280 20/11/1970
1.137 1.238 1.244 1.728 1.927 1.252 1.168 1.158 1.484 1.826 1.250 1.155 1.426 1.373 1.760 1.495 0.956 1.401 1.377 1.560 1.489 0.963 1.440 0.990 0.990 1.472 1.331 1.391 0.983 1.004 21/11/1970
5.490 5.581 5.606 5.342 5.504 5.722 5.957 5.907 5.353 5.507 5.713 5.889 6.347 5.593 6.457 5.123 4.857 5.651 5.613 6.101 4.991 5.009 5.906 5.058 5.056 4.935 4.354 5.807 5.022 5.129 22/11/1970
1.933 1.973 1.981 1.861 1.804 1.869 1.722 1.706 1.314 1.463 1.866 1.702 1.702 1.317 1.236 1.599 1.551 1.603 1.323 1.255 1.668 1.303 1.349 1.123 1.123 1.651 1.378 1.330 1.114 1.141 23/11/1970
4.623 5.580 5.606 5.655 5.369 4.952 5.617 5.560 5.157 5.899 4.943 5.542 6.084 5.985 6.791 6.681 5.281 6.227 6.008 6.160 7.229 5.848 6.630 5.954 5.952 7.151 6.548 6.588 5.911 6.039 24/11/1970
4.050 4.191 4.208 6.332 8.859 5.627 5.458 5.403 5.318 7.299 5.616 5.385 5.989 6.325 7.743 5.851 5.875 6.651 6.351 7.005 5.113 5.828 6.613 6.329 6.327 5.053 4.556 6.573 6.281 6.424 25/11/1970
2.214 2.365 2.375 3.463 4.209 2.628 2.657 2.633 2.440 3.503 2.623 2.625 2.692 2.506 3.435 2.223 2.197 2.637 2.515 2.891 2.485 2.365 2.840 2.517 2.516 2.435 2.057 2.793 2.499 2.551 26/11/1970
0.107 0.141 0.141 0.212 0.119 0.126 0.130 0.129 0.240 0.100 0.126 0.129 0.178 0.181 0.100 0.142 0.209 0.278 0.182 0.253 0.154 0.173 0.238 0.171 0.171 0.153 0.163 0.238 0.171 0.172 27/11/1970
0.353 0.436 0.438 0.460 0.487 0.406 0.211 0.209 0.604 0.676 0.405 0.208 0.326 0.523 0.706 0.755 0.196 0.366 0.532 0.866 0.348 0.153 0.229 1.014 1.014 0.344 0.246 0.227 1.012 1.023 28/11/1970
0.000 0.000 0.000 0.000 0.000 0.000 0.000 0.000 0.000 0.000 0.000 0.000 0.000 0.000 0.000 0.000 0.000 0.000 0.000 0.000 0.000 0.000 0.000 0.000 0.000 0.000 0.000 0.000 0.000 0.000 29/11/1970
0.000 0.000 0.000 0.000 0.000 0.000 0.000 0.000 0.000 0.000 0.000 0.000 0.000 0.000 0.000 0.000 0.000 0.000 0.000 0.000 0.000 0.000 0.000 0.000 0.000 0.000 0.000 0.000 0.000 0.000 30/11/1970
0.000 0.000 0.000 0.000 0.000 0.000 0.000 0.000 0.000 0.000 0.000 0.000 0.000 0.000 0.000 0.000 0.000 0.000 0.000 0.000 0.000 0.000 0.000 0.000 0.000 0.000 0.000 0.000 0.000 0.000 01/12/1970
10.239 10.070 10.114 8.927 9.099 10.983 10.730 10.625 10.730 10.488 10.963 10.592 11.035 11.025 10.968 11.703 10.491 12.040 11.069 10.601 11.343 12.169 13.569 11.230 11.225 11.201 11.847 13.342 11.146 11.394 02/12/1970
0.000 0.000 0.000 0.000 0.000 0.000 0.000 0.000 0.000 0.070 0.000 0.000 0.000 0.000 0.000 0.000 0.000 0.000 0.000 0.000 0.000 0.000 0.000 0.000 0.000 0.000 0.000 0.000 0.000 0.000 03/12/1970
0.776 1.075 1.070 1.707 2.106 0.258 0.422 0.418 0.834 0.851 0.258 0.416 0.680 0.242 0.306 0.000 0.120 0.158 0.246 0.395 0.000 0.000 0.000 0.000 0.000 0.000 0.000 0.000 0.000 0.000 04/12/1970
0.000 0.000 0.000 0.000 0.000 0.000 0.000 0.000 0.000 0.000 0.000 0.000 0.000 0.000 0.000 0.000 0.000 0.000 0.000 0.000 0.000 0.000 0.000 0.000 0.000 0.000 0.000 0.000 0.000 0.000 05/12/1970
0.000 0.000 0.000 0.000 0.000 0.000 0.000 0.000 0.000 0.000 0.000 0.000 0.000 0.000 0.000 0.000 0.000 0.000 0.000 0.000 0.000 0.000 0.000 0.000 0.000 0.000 0.000 0.000 0.000 0.000 06/12/1970
0.000 0.000 0.000 0.000 0.000 0.000 0.000 0.000 0.000 0.000 0.000 0.000 0.000 0.000 0.000 0.000 0.000 0.000 0.000 0.000 0.000 0.000 0.000 0.000 0.000 0.000 0.000 0.000 0.000 0.000 07/12/1970
0.000 0.000 0.000 0.000 0.000 0.000 0.000 0.000 0.000 0.000 0.000 0.000 0.000 0.000 0.000 0.000 0.000 0.000 0.000 0.000 0.000 0.000 0.000 0.000 0.000 0.000 0.000 0.000 0.000 0.000 08/12/1970
0.999 1.143 1.109 1.494 2.784 0.641 0.715 0.889 2.688 2.357 0.712 1.087 2.202 2.353 2.313 0.493 0.942 1.974 2.363 2.524 0.476 0.857 1.827 2.141 2.140 0.530 0.648 1.721 2.100 2.182 09/12/1970
0.137 0.104 0.100 0.157 0.000 0.105 0.060 0.096 0.169 0.000 0.113 0.091 0.161 0.013 0.000 0.000 0.089 0.062 0.014 0.104 0.000 0.000 0.000 0.016 0.016 0.000 0.000 0.047 0.013 0.022 10/12/1970
0.231 0.270 0.271 0.507 0.423 1.303 0.186 0.172 1.452 0.081 1.301 0.438 1.673 2.512 0.127 2.768 0.213 3.430 2.528 0.196 3.251 3.683 4.046 3.888 3.886 3.206 3.081 3.983 3.859 3.989 11/12/1970
0.000 0.000 0.000 0.000 0.000 0.000 0.000 0.000 0.000 0.000 0.000 0.000 0.000 0.000 0.000 0.000 0.000 0.000 0.000 0.000 0.000 0.000 0.000 0.000 0.000 0.000 0.000 0.000 0.083 0.000 12/12/1970
0.021 0.000 0.000 0.000 0.018 0.000 0.000 0.000 0.176 0.175 0.000 0.000 0.000 0.144 0.086 0.000 0.000 0.160 0.129 0.167 0.000 0.000 0.195 0.216 0.215 0.000 0.000 0.205 0.202 0.175 13/12/1970
0.816 0.545 0.547 0.498 0.772 0.426 0.310 0.252 0.491 0.898 0.426 0.227 0.636 0.351 0.917 0.214 0.157 0.482 0.412 0.631 0.238 0.140 0.327 0.303 0.304 0.223 0.188 0.318 0.346 0.322 14/12/1970
0.000 0.000 0.000 0.000 0.000 0.000 0.000 0.050 0.000 0.000 0.000 0.000 0.000 0.000 0.000 0.000 0.000 0.000 0.000 0.000 0.000 0.000 0.000 0.000 0.072 0.000 0.000 0.000 0.000 0.000 15/12/1970
0.082 1.072 1.035 2.800 6.015 0.292 1.644 1.607 3.234 4.651 0.291 1.710 1.912 2.417 5.280 0.637 1.791 2.094 2.581 4.871 0.534 1.718 2.050 3.230 3.228 0.553 0.612 2.128 3.367 3.297 16/12/1970
0.000 0.000 0.000 0.000 0.000 0.000 0.000 0.000 0.000 0.000 0.000 0.000 0.000 0.000 0.000 0.000 0.000 0.000 0.000 0.000 0.000 0.000 0.000 0.000 0.000 0.000 0.000 0.000 0.000 0.000 17/12/1970
0.055 0.000 0.052 0.000 0.000 0.000 0.000 0.000 0.000 0.000 0.000 0.000 0.000 0.000 0.000 0.000 0.000 0.000 0.000 0.000 0.000 0.000 0.000 0.000 0.000 0.000 0.000 0.000 0.000 0.000 18/12/1970
0.182 0.113 0.116 0.000 0.000 0.139 0.000 0.000 0.000 0.000 0.138 0.000 0.158 0.000 0.042 0.000 0.000 0.000 0.000 0.000 0.000 0.000 0.000 0.000 0.000 0.000 0.000 0.000 0.000 0.000 19/12/1970
0.000 0.000 0.000 0.000 0.000 0.000 0.000 0.000 0.000 0.000 0.000 0.000 0.000 0.000 0.000 0.000 0.000 0.000 0.000 0.000 0.000 0.000 0.000 0.000 0.000 0.000 0.000 0.000 0.000 0.000 20/12/1970
2.513 4.114 4.157 6.602 11.099 2.948 3.963 3.799 5.279 9.715 2.918 3.720 4.063 5.091 9.627 3.436 3.140 3.993 5.228 6.022 3.101 3.309 3.934 3.788 3.779 3.025 2.783 3.679 3.643 3.915 21/12/1970
1.683 1.527 1.538 1.878 2.414 2.213 1.820 1.725 2.247 3.100 2.208 1.720 2.142 2.741 2.678 4.773 3.094 3.577 2.848 2.547 5.743 4.311 5.386 4.602 4.600 5.661 5.622 5.318 4.566 4.646 22/12/1970
0.075 0.104 0.103 0.518 0.874 0.371 0.337 0.348 0.692 0.929 0.366 0.344 0.628 0.823 0.955 0.808 0.422 0.818 0.847 0.839 1.044 0.635 1.023 1.037 1.035 1.066 0.538 0.888 0.948 1.169 23/12/1970
7.958 6.450 6.476 9.111 5.172 7.410 6.984 6.914 7.900 4.992 7.395 6.895 9.606 8.669 4.546 7.753 8.215 10.249 8.703 5.194 8.091 9.773 11.333 10.448 10.443 7.995 11.369 11.374 10.366 10.018 24/12/1970
26.532 27.934 28.029 24.605 29.113 22.884 21.306 21.098 21.832 18.016 22.846 21.031 23.523 12.937 11.446 18.174 15.968 14.162 12.965 10.019 10.923 8.093 11.166 9.651 9.649 10.794 11.458 11.022 9.477 9.736 25/12/1970
3.377 3.845 3.861 5.930 10.768 7.949 8.624 8.384 10.558 13.407 7.934 8.358 10.342 10.639 12.435 9.666 7.831 10.434 10.680 10.815 7.044 6.719 8.148 7.335 7.332 6.961 6.959 8.015 7.283 7.473 26/12/1970
1.446 0.929 0.928 1.321 1.975 0.550 0.678 0.617 1.017 1.777 0.549 0.629 1.010 0.814 1.153 0.212 0.167 0.493 0.931 0.967 0.000 0.115 0.248 0.321 0.321 0.000 0.000 0.248 0.319 0.368 27/12/1970
0.000 0.048 0.000 0.000 0.000 0.000 0.000 0.000 0.000 0.000 0.000 0.000 0.000 0.000 0.000 0.000 0.000 0.000 0.000 0.000 0.000 0.000 0.000 0.000 0.000 0.000 0.000 0.000 0.000 0.000 28/12/1970
0.637 0.596 0.624 1.314 2.146 0.763 0.752 0.808 1.344 2.022 0.743 0.770 1.257 1.359 2.000 0.582 1.056 1.266 1.422 1.500 0.499 0.990 1.286 1.307 1.306 0.380 0.896 1.151 1.223 1.439 29/12/1970
4.592 3.221 3.237 2.093 3.085 5.669 4.296 4.217 3.298 3.807 5.660 4.201 5.061 4.978 4.386 6.084 4.784 5.994 5.015 3.920 6.032 6.597 7.900 5.292 5.289 5.962 5.974 7.775 5.274 5.402 30/12/1970
0.000 0.000 0.000 0.000 0.000 0.000 0.020 0.002 0.000 0.000 0.000 0.002 0.144 0.000 0.000 0.000 0.000 0.051 0.000 0.000 0.000 0.000 0.000 0.000 0.000 0.000 0.000 0.000 0.000 0.000 31/12/1970
0.000 0.000 0.000 0.000 0.000 0.000 0.000 0.000 0.000 0.000 0.106 0.000 0.000 0.000 0.000 0.000 0.000 0.000 0.000 0.000 0.000 0.000 0.000 0.000 0.000 0.000 0.000 0.000 0.000 0.000 01/01/1971
0.000 0.000 0.000 0.000 0.000 0.000 0.000 0.000 0.000 0.000 0.000 0.000 0.000 0.000 0.000 0.000 0.000 0.000 0.000 0.000 0.000 0.000 0.000 0.000 0.000 0.000 0.000 0.000 0.000 0.000 02/01/1971
0.000 0.000 0.102 0.000 0.000 0.000 0.000 0.000 0.000 0.000 0.000 0.000 0.000 0.000 0.000 0.000 0.000 0.000 0.000 0.000 0.000 0.000 0.000 0.000 0.000 0.000 0.000 0.000 0.000 0.000 03/01/1971
1.679 1.738 1.720 2.605 4.449 1.170 1.708 1.664 2.469 3.942 1.166 1.659 1.997 2.046 3.632 1.104 1.543 1.664 2.034 2.984 0.577 1.100 1.335 1.545 1.542 0.566 0.718 1.224 1.471 1.217 04/01/1971
9.039 10.852 10.914 12.637 16.897 10.171 11.517 11.376 12.800 16.135 10.151 11.328 12.240 11.192 13.905 8.792 8.183 11.203 11.239 11.940 7.833 7.721 10.150 9.913 10.004 7.740 7.318 9.861 9.643 9.997 05/01/1971
0.036 0.000 0.000 0.000 0.000 0.000 0.000 0.000 0.000 0.000 0.000 0.000 0.000 0.000 0.000 0.000 0.000 0.077 0.000 0.000 0.000 0.000 0.000 0.000 0.000 0.000 0.000 0.000 0.000 0.000 06/01/1971
0.948 1.089 1.093 1.471 1.715 0.626 0.531 0.602 1.191 1.196 0.616 0.585 1.209 1.027 0.926 0.407 0.507 1.197 1.017 0.792 0.255 0.424 1.006 1.022 1.023 0.253 0.406 0.877 0.979 0.905 07/01/1971
0.804 0.780 0.784 0.752 0.370 1.031 1.026 1.090 1.143 1.007 1.030 1.096 1.489 1.540 1.144 1.190 1.627 1.807 1.474 0.887 0.921 1.705 1.922 1.498 1.497 0.916 1.204 1.940 1.579 1.454 08/01/1971
0.000 0.000 0.000 0.000 0.000 0.000 0.000 0.000 0.000 0.033 0.000 0.000 0.000 0.000 0.000 0.000 0.000 0.000 0.000 0.000 0.000 0.000 0.137 0.008 0.000 0.000 0.000 0.127 0.000 0.031 09/01/1971
0.000 0.000 0.000 0.000 0.000 0.000 0.000 0.000 0.000 0.000 0.000 0.000 0.000 0.000 0.215 0.000 0.000 0.000 0.000 0.175 0.000 0.000 0.000 0.000 0.000 0.000 0.000 0.000 0.000 0.000 10/01/1971
0.000 0.000 0.000 0.000 0.063 0.000 0.000 0.000 0.087 0.199 0.000 0.047 0.093 0.265 0.297 0.000 0.000 0.114 0.192 0.222 0.000 0.000 0.117 0.158 0.158 0.000 0.000 0.114 0.158 0.172 11/01/1971
0.000 0.000 0.000 0.000 0.000 0.000 0.000 0.000 0.000 0.000 0.000 0.000 0.000 0.000 0.000 0.000 0.000 0.000 0.000 0.000 0.000 0.000 0.000 0.000 0.000 0.000 0.000 0.000 0.000 0.000 12/01/1971
0.000 0.000 0.080 0.000 0.000 0.000 0.000 0.000 0.000 0.000 0.000 0.000 0.000 0.000 0.000 0.000 0.000 0.000 0.000 0.000 0.106 0.000 0.000 0.000 0.000 0.000 0.000 0.000 0.000 0.000 13/01/1971
0.660 0.914 0.932 0.333 1.855 0.902 0.981 1.037 1.641 1.729 0.909 1.041 1.733 1.583 1.571 1.024 0.915 1.634 1.500 1.305 0.861 0.912 1.520 1.085 1.105 0.957 0.973 1.412 1.066 1.092 14/01/1971
3.360 3.332 3.300 2.983 4.707 2.218 2.129 2.173 1.547 3.984 2.203 2.146 2.951 2.950 3.768 2.116 2.252 2.566 3.009 1.423 1.984 2.426 3.017 1.358 1.348 2.047 2.184 2.889 3.547 1.427 15/01/1971
0.245 0.120 0.129 0.847 0.421 0.159 0.143 0.144 0.544 0.227 0.207 0.167 0.862 0.516 0.453 0.543 0.641 0.491 0.527 0.508 0.985 1.150 1.101 1.267 1.267 0.979 0.899 1.171 1.262 1.268 16/01/1971
0.000 0.000 0.000 0.000 0.000 0.000 0.100 0.000 0.000 0.000 0.000 0.000 0.053 0.035 0.000 0.011 0.000 0.064 0.010 0.000 0.005 0.000 0.074 0.038 0.054 0.010 0.000 0.084 0.048 0.012 17/01/1971
33.592 35.748 35.895 29.744 32.964 26.925 37.098 27.456 25.563 31.363 26.879 27.376 26.195 25.113 27.486 15.752 23.386 24.416 25.203 23.800 15.770 16.389 18.878 25.858 25.846 17.913 18.087 18.740 25.654 26.514 18/01/1971
5.562 5.638 5.679 6.208 9.174 4.385 4.613 4.552 4.673 6.845 4.365 4.556 4.805 4.590 6.459 3.615 3.015 4.024 4.608 6.024 2.903 2.776 3.429 3.719 3.718 2.797 2.507 3.322 3.684 3.791 19/01/1971
2.598 2.613 2.624 2.264 4.479 2.264 2.431 2.410 2.228 3.259 2.262 2.419 2.417 2.455 3.294 2.382 2.017 2.578 2.456 3.042 2.422 2.374 2.809 2.509 2.508 2.345 2.010 2.651 2.486 2.516 20/01/1971
2.156 2.231 2.240 2.685 3.408 2.243 2.451 2.428 2.670 3.998 2.239 2.446 2.766 2.884 4.139 1.980 2.166 2.685 2.891 3.430 2.951 3.259 4.145 3.968 3.966 2.927 2.712 4.076 3.937 4.074 21/01/1971
8.942 9.211 9.249 9.740 11.451 9.897 10.062 9.968 10.899 11.436 9.881 9.939 10.681 10.970 11.536 8.925 9.214 10.489 11.014 11.081 7.060 8.399 9.485 10.250 10.245 6.982 7.549 9.357 10.169 10.408 22/01/1971
4.133 4.306 4.326 5.399 7.037 4.454 5.481 5.437 6.330 7.268 4.446 5.409 6.977 6.728 7.264 3.150 4.500 5.632 6.826 7.191 2.189 3.487 3.930 4.229 4.229 2.068 2.765 3.838 4.199 4.119 23/01/1971
1.943 2.291 2.331 3.041 3.529 2.429 2.068 2.070 2.638 3.230 2.416 2.019 2.459 3.042 3.090 1.599 2.262 2.495 3.057 3.285 1.177 1.826 2.049 2.065 2.064 1.126 1.494 2.040 2.027 2.087 24/01/1971
0.588 0.791 0.786 1.404 1.873 0.451 0.747 0.719 1.165 2.075 0.454 0.722 1.067 1.228 2.042 0.462 1.048 1.206 1.257 1.602 0.461 0.696 1.021 0.896 0.896 0.456 0.489 0.987 0.892 0.896 25/01/1971
0.000 0.041 0.000 0.000 0.000 0.000 0.000 0.000 0.000 0.000 0.000 0.000 0.000 0.000 0.000 0.000 0.000 0.000 0.000 0.000 0.000 0.000 0.000 0.000 0.000 0.000 0.000 0.000 0.000 0.000 26/01/1971
0.000 0.000 0.000 0.000 0.000 0.000 0.000 0.000 0.000 0.070 0.000 0.000 0.000 0.000 0.000 0.000 0.000 0.000 0.000 0.000 0.000 0.000 0.000 0.000 0.000 0.000 0.000 0.000 0.000 0.000 27/01/1971
0.665 1.583 1.605 1.785 1.401 0.635 1.426 1.434 2.039 1.704 0.635 1.420 1.793 2.131 1.510 0.449 1.187 1.646 2.141 1.934 0.602 1.580 1.917 1.815 1.814 0.595 0.725 1.893 1.814 1.806 28/01/1971
0.000 0.000 0.000 0.000 0.000 0.000 0.000 0.000 0.000 0.000 0.000 0.000 0.000 0.000 0.000 0.000 0.000 0.000 0.000 0.000 0.000 0.000 0.000 0.000 0.000 0.000 0.000 0.000 0.000 0.000 29/01/1971
0.000 0.000 0.000 0.000 0.000 0.000 0.000 0.000 0.000 0.000 0.000 0.000 0.000 0.000 0.000 0.000 0.000 0.000 0.000 0.000 0.000 0.000 0.000 0.000 0.000 0.000 0.000 0.000 0.000 0.000 30/01/1971
0.218 0.104 0.100 0.120 0.000 0.173 0.042 0.078 0.081 0.000 0.291 0.093 0.164 0.078 0.000 0.283 0.148 0.217 0.078 0.046 0.402 0.140 0.466 0.142 0.142 0.438 0.389 0.559 0.157 0.121 31/01/1971
8.466 8.334 8.402 8.174 9.472 8.546 9.031 8.937 9.673 12.556 8.530 8.911 9.461 10.557 12.897 8.220 8.295 9.936 10.603 12.010 8.726 8.598 10.333 9.810 9.806 8.633 8.193 9.994 9.795 10.207 01/02/1971
0.848 1.010 1.034 1.391 1.517 0.895 1.249 1.192 1.507 1.607 0.826 1.183 1.243 1.331 1.614 1.269 0.900 1.130 1.374 1.465 1.179 0.797 0.959 1.189 1.188 1.158 0.858 0.885 1.180 1.235 02/02/1971
0.000 0.000 0.000 0.000 0.000 0.000 0.000 0.000 0.000 0.000 0.000 0.000 0.000 0.000 0.000 0.000 0.000 0.000 0.000 0.000 0.000 0.000 0.000 0.000 0.000 0.000 0.000 0.000 0.000 0.000 03/02/1971
0.000 0.000 0.000 0.126 0.000 0.000 0.000 0.000 0.000 0.000 0.000 0.000 0.000 0.000 0.000 0.000 0.000 0.000 0.000 0.000 0.000 0.000 0.000 0.000 0.000 0.000 0.000 0.000 0.000 0.000 04/02/1971
0.000 0.000 0.000 0.000 0.000 0.000 0.000 0.000 0.000 0.000 0.000 0.000 0.000 0.000 0.000 0.000 0.000 0.000 0.000 0.000 0.000 0.000 0.000 0.000 0.000 0.000 0.103 0.000 0.000 0.000 05/02/1971
0.000 0.000 0.000 0.000 0.000 0.000 0.000 0.000 0.000 0.000 0.000 0.000 0.000 0.000 0.000 0.000 0.000 0.000 0.000 0.000 0.000 0.000 0.000 0.000 0.000 0.000 0.000 0.000 0.000 0.000 06/02/1971
0.000 0.000 0.100 0.000 0.020 0.000 0.000 0.100 0.000 0.000 0.000 0.000 0.000 0.000 0.000 0.000 0.000 0.000 0.000 0.000 0.000 0.000 0.000 0.000 0.000 0.000 0.000 0.000 0.000 0.000 07/02/1971
0.000 0.000 0.000 0.000 0.000 0.000 0.061 0.000 0.000 0.000 0.000 0.000 0.000 0.000 0.000 0.000 0.000 0.000 0.000 0.000 0.000 0.000 0.000 0.000 0.000 0.000 0.000 0.000 0.000 0.000 08/02/1971
0.604 0.247 0.253 0.106 0.000 0.711 0.524 0.484 0.094 0.000 0.684 0.457 0.491 0.168 0.000 1.253 0.391 0.665 0.169 0.000 1.626 0.793 0.956 0.447 0.447 1.601 1.285 0.884 0.446 0.504 09/02/1971
4.010 4.526 4.547 4.566 5.227 4.029 4.173 4.113 4.753 5.859 3.975 4.099 4.406 5.143 5.906 3.999 3.850 4.610 5.164 5.499 3.997 3.952 4.668 4.946 4.943 3.955 3.563 4.580 4.852 5.056 10/02/1971
0.000 0.000 0.000 0.000 0.000 0.000 0.000 0.000 0.000 0.000 0.000 0.000 0.000 0.000 0.000 0.000 0.000 0.000 0.000 0.000 0.000 0.000 0.000 0.000 0.000 0.000 0.000 0.000 0.000 0.000 11/02/1971
5.054 5.293 5.312 5.977 6.582 5.061 5.098 5.062 5.328 6.056 5.061 5.061 5.295 4.661 5.206 4.196 3.531 4.402 4.679 4.786 4.001 3.282 4.165 4.159 4.157 3.958 3.566 4.026 4.030 4.181 12/02/1971
0.000 0.447 0.465 1.534 1.323 0.000 0.406 0.385 0.895 0.713 0.000 0.374 0.269 0.810 1.173 0.000 0.129 0.198 0.813 1.269 0.160 0.166 0.216 0.666 0.671 0.000 0.000 0.171 0.690 0.672 13/02/1971
0.000 0.000 0.000 0.206 0.000 0.000 0.000 0.000 0.000 0.000 0.000 0.075 0.000 0.000 0.182 0.000 0.000 0.000 0.000 0.000 0.106 0.000 0.000 0.000 0.000 0.000 0.000 0.000 0.000 0.000 14/02/1971
2.916 3.426 3.441 4.255 5.845 3.124 3.495 3.274 3.972 4.359 3.031 3.263 3.565 3.034 2.664 3.166 2.287 2.961 3.046 2.342 2.510 1.749 1.912 1.799 1.799 2.384 2.038 1.784 1.783 1.922 15/02/1971
0.000 0.000 0.000 0.000 0.000 0.000 0.000 0.000 0.000 0.000 0.000 0.000 0.000 0.000 0.000 0.000 0.000 0.000 0.000 0.000 0.000 0.000 0.000 0.000 0.000 0.000 0.000 0.000 0.000 0.000 16/02/1971
0.000 0.000 0.000 0.000 0.000 0.000 0.000 0.000 0.000 0.000 0.000 0.000 0.000 0.000 0.000 0.000 0.000 0.000 0.000 0.000 0.000 0.000 0.000 0.000 0.000 0.000 0.000 0.000 0.000 0.000 17/02/1971
0.000 0.000 0.000 0.000 0.000 0.000 0.000 0.000 0.000 0.000 0.000 0.000 0.000 0.000 0.000 0.000 0.000 0.000 0.000 0.000 0.000 0.000 0.000 0.000 0.000 0.000 0.000 0.000 0.000 0.000 18/02/1971
5.103 5.641 5.682 5.989 7.145 5.356 6.110 5.805 7.253 6.897 5.348 5.789 6.472 5.705 6.763 5.465 4.659 5.285 5.727 6.473 4.285 3.966 4.679 4.920 4.918 4.234 3.895 4.587 4.827 5.036 19/02/1971
2.252 2.567 2.578 2.703 4.167 1.851 1.897 1.888 2.414 3.180 1.848 1.883 1.924 2.455 3.127 1.916 1.535 1.864 2.456 2.781 1.882 1.555 1.786 2.009 2.008 1.856 1.455 1.729 1.973 2.160 20/02/1971
9.822 10.487 10.534 10.569 12.896 10.581 11.158 11.045 11.571 13.253 10.561 10.935 11.490 12.199 13.538 11.298 10.363 12.075 12.247 12.641 11.300 10.860 12.267 12.222 12.217 11.130 10.205 12.041 12.189 12.581 21/02/1971
6.240 5.535 5.566 6.099 8.372 5.350 5.561 5.373 6.538 7.529 5.341 5.358 6.028 5.298 6.419 4.508 4.055 5.011 5.319 5.998 3.956 3.551 4.347 4.270 4.268 3.896 3.455 4.264 4.221 4.343 22/02/1971
8.301 10.033 10.107 10.919 13.420 10.804 12.241 12.124 12.391 13.914 10.784 12.086 12.278 13.271 15.444 10.885 11.101 12.484 13.326 14.483 8.014 9.276 11.444 11.722 11.716 7.932 7.824 10.857 11.629 11.929 23/02/1971
11.274 11.574 11.628 11.499 13.566 12.980 12.767 12.660 12.494 13.824 12.956 12.619 12.597 13.525 13.583 12.426 12.070 13.685 13.581 12.694 12.893 12.722 14.120 13.815 13.809 12.741 12.586 13.844 13.706 14.296 24/02/1971
12.171 13.164 13.214 13.934 16.308 13.060 13.071 12.956 12.738 14.021 13.036 12.914 13.062 11.761 12.493 11.620 10.158 11.952 11.809 11.092 10.372 9.193 11.388 9.729 9.725 10.147 9.165 10.815 9.713 9.957 25/02/1971
6.312 7.948 8.004 11.116 15.135 9.684 11.488 11.372 13.953 18.460 9.657 11.335 11.839 17.567 20.032 12.194 12.803 14.504 17.590 18.919 14.829 15.383 17.496 17.219 16.992 14.652 14.689 16.953 16.870 17.467 26/02/1971
3.506 4.816 4.837 7.829 13.375 4.773 6.792 6.727 8.475 13.644 4.764 6.810 7.121 9.126 10.788 5.992 6.917 7.769 9.164 9.559 6.776 7.641 9.304 9.373 9.373 6.699 5.947 9.269 9.337 9.478 27/02/1971
2.847 2.845 2.858 3.516 3.441 2.777 2.536 2.511 2.486 2.865 2.772 2.516 2.864 2.569 2.808 2.796 2.199 2.710 2.558 2.577 2.643 2.145 2.682 2.329 2.328 2.613 2.421 2.645 2.307 2.364 28/02/1971
0.000 0.100 0.100 0.276 0.498 0.000 0.100 0.100 0.000 0.380 0.000 0.100 0.000 0.142 0.458 0.000 0.000 0.000 0.143 0.263 0.000 0.000 0.000 0.000 0.000 0.000 0.000 0.000 0.000 0.000 01/03/1971
1.212 1.013 1.004 1.179 1.350 1.094 0.976 0.969 0.987 1.129 1.092 0.966 0.917 0.600 0.851 1.040 0.679 0.746 0.598 0.619 0.910 0.458 0.549 0.624 0.625 0.899 0.706 0.548 0.622 0.611 02/03/1971
8.619 8.920 8.959 12.105 15.876 10.418 9.667 9.575 10.461 14.073 10.399 9.545 11.062 11.119 14.691 9.259 9.823 10.909 11.165 11.970 8.142 9.172 9.519 8.409 8.405 8.046 8.646 9.360 8.343 8.537 03/03/1971
0.197 0.240 0.244 0.429 0.462 0.328 0.223 0.222 0.151 0.352 0.327 0.221 0.205 0.262 0.293 0.201 0.198 0.299 0.263 0.207 0.360 0.264 0.368 0.298 0.298 0.354 0.204 0.363 0.294 0.296 04/03/1971
0.000 0.000 0.000 0.000 0.000 0.000 0.000 0.000 0.000 0.000 0.000 0.000 0.000 0.000 0.000 0.000 0.000 0.000 0.000 0.000 0.000 0.000 0.000 0.000 0.000 0.000 0.000 0.000 0.000 0.000 05/03/1971
0.000 0.000 0.000 0.000 0.000 0.000 0.000 0.000 0.000 0.000 0.000 0.000 0.000 0.000 0.000 0.000 0.000 0.000 0.000 0.000 0.000 0.000 0.000 0.000 0.000 0.000 0.000 0.000 0.000 0.000 06/03/1971
0.000 0.000 0.000 0.000 0.000 0.000 0.000 0.000 0.000 0.000 0.000 0.000 0.000 0.000 0.000 0.000 0.000 0.000 0.000 0.000 0.000 0.000 0.000 0.000 0.000 0.000 0.000 0.000 0.000 0.000 07/03/1971
0.000 0.000 0.000 0.000 0.000 0.000 0.000 0.000 0.000 0.000 0.000 0.000 0.000 0.000 0.000 0.000 0.000 0.000 0.000 0.000 0.000 0.000 0.000 0.000 0.000 0.000 0.000 0.000 0.000 0.000 08/03/1971
0.356 0.289 0.295 0.218 0.000 0.000 0.000 0.000 0.143 0.000 0.000 0.000 0.000 0.103 0.077 0.000 0.000 0.111 0.103 0.141 0.000 0.000 0.000 0.000 0.000 0.000 0.000 0.000 0.000 0.000 09/03/1971
0.000 0.000 0.000 0.000 0.000 0.000 0.000 0.000 0.000 0.000 0.000 0.000 0.000 0.000 0.000 0.000 0.000 0.000 0.000 0.000 0.000 0.000 0.000 0.000 0.000 0.000 0.000 0.000 0.000 0.000 10/03/1971
0.000 0.000 0.000 0.000 0.000 0.000 0.000 0.000 0.000 0.000 0.000 0.000 0.000 0.000 0.000 0.000 0.000 0.000 0.000 0.000 0.000 0.000 0.000 0.000 0.000 0.000 0.000 0.000 0.000 0.000 11/03/1971
0.000 0.000 0.000 0.000 0.000 0.000 0.000 0.000 0.000 0.000 0.000 0.000 0.000 0.000 0.000 0.000 0.000 0.000 0.000 0.000 0.000 0.000 0.000 0.000 0.000 0.000 0.000 0.000 0.000 0.000 12/03/1971
0.000 0.000 0.000 0.000 0.000 0.000 0.000 0.000 0.000 0.000 0.000 0.000 0.000 0.000 0.000 0.000 0.000 0.000 0.000 0.000 0.000 0.000 0.000 0.000 0.000 0.000 0.000 0.000 0.000 0.000 13/03/1971
0.000 0.000 0.000 0.000 0.000 0.000 0.000 0.000 0.000 0.000 0.000 0.000 0.000 0.000 0.000 0.000 0.000 0.000 0.000 0.000 0.000 0.000 0.000 0.000 0.000 0.000 0.000 0.000 0.000 0.000 14/03/1971
0.000 0.000 0.000 0.000 0.000 0.000 0.000 0.000 0.000 0.000 0.000 0.000 0.000 0.000 0.000 0.000 0.000 0.000 0.000 0.000 0.000 0.000 0.000 0.000 0.000 0.000 0.000 0.000 0.000 0.000 15/03/1971
0.000 0.000 0.000 0.000 0.000 0.000 0.000 0.000 0.000 0.000 0.000 0.000 0.000 0.000 0.000 0.000 0.000 0.000 0.000 0.000 0.000 0.000 0.000 0.000 0.000 0.000 0.000 0.000 0.000 0.000 16/03/1971
0.000 0.000 0.000 0.000 0.000 0.000 0.000 0.069 0.000 0.000 0.000 0.000 0.000 0.000 0.000 0.000 0.000 0.000 0.000 0.000 0.000 0.000 0.000 0.000 0.000 0.000 0.000 0.000 0.000 0.000 17/03/1971
0.000 0.139 0.140 0.112 0.074 0.087 0.290 0.287 0.108 0.000 0.088 0.285 0.179 0.103 0.000 0.000 0.116 0.152 0.103 0.104 0.000 0.000 0.104 0.117 0.117 0.000 0.000 0.103 0.117 0.117 18/03/1971
1.660 1.611 1.636 1.108 1.945 1.719 1.776 1.845 2.779 2.959 1.715 1.842 3.084 2.274 2.473 2.637 2.772 2.952 2.289 2.273 2.564 3.207 3.544 2.700 2.699 2.534 2.993 3.485 2.684 2.736 19/03/1971
0.000 0.000 0.000 0.000 0.000 0.000 0.000 0.000 0.000 0.000 0.000 0.000 0.000 0.000 0.000 0.000 0.000 0.000 0.000 0.000 0.000 0.000 0.000 0.000 0.000 0.000 0.000 0.000 0.000 0.000 20/03/1971
0.000 0.000 0.000 0.000 0.000 0.000 0.000 0.000 0.000 0.000 0.000 0.000 0.000 0.000 0.000 0.000 0.000 0.000 0.000 0.000 0.000 0.000 0.000 0.000 0.000 0.000 0.000 0.000 0.000 0.000 21/03/1971
0.000 0.000 0.000 0.000 0.000 0.000 0.000 0.000 0.000 0.000 0.000 0.000 0.000 0.000 0.000 0.000 0.000 0.000 0.000 0.000 0.000 0.000 0.000 0.000 0.000 0.000 0.000 0.000 0.000 0.000 22/03/1971
0.000 0.000 0.000 0.000 0.000 0.000 0.000 0.000 0.000 0.000 0.000 0.000 0.000 0.000 0.000 0.000 0.000 0.000 0.000 0.000 0.000 0.000 0.000 0.000 0.000 0.000 0.000 0.000 0.000 0.000 23/03/1971
0.000 0.000 0.000 0.000 0.000 0.000 0.000 0.000 0.000 0.000 0.000 0.000 0.000 0.000 0.000 0.000 0.000 0.000 0.000 0.000 0.000 0.000 0.000 0.000 0.000 0.000 0.000 0.000 0.000 0.000 24/03/1971
1.120 0.893 0.897 0.585 0.319 1.821 1.430 1.416 1.213 0.960 1.818 1.420 1.679 2.434 1.686 2.939 2.730 3.485 2.444 1.752 3.717 3.438 4.548 4.512 4.511 3.500 3.423 4.485 4.483 4.569 25/03/1971
0.137 0.322 0.329 0.396 0.311 0.000 0.098 0.098 0.233 0.100 0.000 0.098 0.004 0.000 0.000 0.000 0.000 0.000 0.000 0.000 0.000 0.000 0.000 0.000 0.000 0.000 0.000 0.000 0.000 0.000 26/03/1971
9.600 7.833 7.870 7.641 10.538 11.290 9.112 9.020 8.798 10.729 11.269 8.991 9.734 10.266 10.592 11.111 11.060 11.332 10.309 9.908 12.816 11.934 12.235 11.133 11.128 12.664 13.936 12.028 11.050 11.296 27/03/1971
4.322 3.381 3.395 2.684 2.183 4.838 4.109 4.015 3.378 3.477 4.830 4.002 4.426 4.901 5.139 4.580 4.613 4.989 4.921 4.348 5.978 6.962 6.898 6.359 6.356 5.914 6.865 6.783 6.309 6.455 28/03/1971
0.000 0.000 0.000 0.000 0.000 0.000 0.000 0.000 0.000 0.000 0.000 0.000 0.000 0.000 0.000 0.000 0.000 0.000 0.000 0.000 0.000 0.000 0.000 0.000 0.000 0.000 0.000 0.000 0.000 0.000 29/03/1971
16.396 12.890 12.951 6.419 4.496 17.062 12.906 12.776 6.496 4.455 17.030 12.734 13.450 6.728 4.941 14.120 11.065 12.306 6.755 4.103 13.712 9.819 11.381 6.992 6.989 13.549 14.753 11.187 6.937 7.098 30/03/1971
5.585 6.215 6.244 6.351 6.087 5.522 6.003 5.951 6.694 5.930 5.512 5.935 6.640 6.688 5.837 6.394 7.292 7.342 6.714 5.155 6.849 7.856 8.314 6.897 6.894 6.778 7.726 8.176 6.843 7.001 31/03/1971
0.000 0.000 0.000 0.000 0.000 0.000 0.000 0.000 0.000 0.000 0.000 0.000 0.000 0.000 0.000 0.000 0.000 0.000 0.000 0.000 0.000 0.000 0.000 0.000 0.000 0.000 0.000 0.000 0.000 0.000 01/04/1971
1.113 0.882 0.885 0.322 0.000 1.670 1.450 1.422 0.773 0.100 1.667 1.418 1.488 1.445 0.463 1.223 1.148 1.453 1.451 0.506 1.234 1.239 1.555 1.756 1.755 1.221 1.112 1.536 1.744 1.778 02/04/1971
3.085 1.654 1.661 0.355 0.199 3.271 1.600 1.584 0.200 0.000 3.267 1.586 2.128 0.268 0.000 2.884 1.482 1.610 0.270 0.116 3.261 1.325 1.343 0.259 0.258 3.204 3.211 1.322 0.256 0.264 03/04/1971
2.102 1.594 1.595 1.656 2.588 2.014 1.619 1.603 1.411 3.260 2.010 1.603 2.168 2.494 3.512 1.612 1.542 1.665 2.504 4.288 1.066 1.733 1.841 3.371 3.369 1.054 1.167 1.810 3.345 3.470 04/04/1971
0.000 0.000 0.000 0.000 0.000 0.000 0.000 0.000 0.000 0.000 0.000 0.000 0.000 0.000 0.000 0.000 0.000 0.000 0.000 0.000 0.000 0.000 0.000 0.000 0.000 0.000 0.000 0.000 0.000 0.000 05/04/1971
7.645 9.298 9.339 9.014 6.642 7.514 7.988 7.909 7.298 6.554 7.501 7.883 8.410 7.044 6.438 8.147 8.626 8.474 7.073 5.904 8.251 8.637 8.483 7.353 7.349 8.153 8.770 8.339 7.295 7.465 06/04/1971
0.000 0.000 0.000 0.000 0.000 0.000 0.000 0.000 0.000 0.000 0.000 0.000 0.000 0.000 0.000 0.000 0.000 0.143 0.000 0.000 0.000 0.000 0.000 0.000 0.000 0.000 0.000 0.000 0.000 0.000 07/04/1971
0.000 0.000 0.000 0.000 0.000 0.000 0.000 0.000 0.000 0.000 0.000 0.000 0.000 0.000 0.000 0.000 0.000 0.000 0.000 0.000 0.000 0.000 0.000 0.000 0.000 0.000 0.000 0.000 0.000 0.000 08/04/1971
3.392 3.309 3.325 4.210 4.810 3.180 2.734 2.704 3.107 3.735 3.174 2.699 2.656 3.341 3.736 2.117 2.115 2.534 3.354 3.531 1.934 2.094 2.482 2.377 2.376 1.917 1.792 2.450 2.349 2.407 09/04/1971
2.775 2.759 2.768 3.683 4.557 2.754 2.805 2.776 3.647 3.841 2.751 2.770 2.763 3.524 3.931 3.124 2.543 3.241 3.538 3.895 3.776 2.939 3.625 3.700 3.698 3.731 3.849 3.564 3.671 3.756 10/04/1971
7.487 7.041 7.071 7.101 6.494 8.156 8.052 7.971 7.846 8.670 8.141 7.945 8.510 9.351 11.612 8.934 9.692 10.702 9.390 9.309 9.749 10.009 11.193 11.230 11.225 9.634 10.057 11.004 11.142 11.402 11/04/1971
10.587 10.452 10.501 10.661 13.509 10.703 10.688 10.581 11.957 14.360 10.683 10.547 11.810 12.439 15.632 10.915 11.536 12.883 12.491 12.758 11.103 11.578 12.948 12.551 12.545 10.971 11.170 12.728 12.452 12.742 12/04/1971
2.935 2.909 2.922 3.249 3.017 3.103 2.895 2.865 3.247 3.043 3.097 2.855 3.230 3.625 3.209 3.053 3.061 3.784 3.639 2.980 2.753 2.609 3.305 2.926 2.925 2.703 2.601 3.250 2.905 2.969 13/04/1971
7.526 7.970 8.008 9.413 12.635 8.397 8.443 8.360 9.131 12.860 8.382 8.334 9.226 10.292 13.096 8.551 9.204 9.623 10.335 11.290 8.432 9.326 9.877 9.544 9.540 8.332 8.957 9.713 9.471 9.689 14/04/1971
8.215 8.441 8.479 11.467 13.283 8.390 9.277 9.192 12.250 14.908 8.418 9.165 11.440 12.899 14.053 8.706 10.672 11.768 12.950 12.771 8.029 10.742 11.868 12.152 12.147 7.946 8.030 11.673 12.062 12.328 15/04/1971
0.000 0.861 0.864 2.360 2.745 0.105 0.944 0.935 2.705 3.278 0.105 0.932 1.000 1.904 3.392 0.166 0.516 0.664 1.912 4.098 0.000 0.282 0.468 1.175 1.174 0.000 0.091 0.460 1.167 1.190 16/04/1971
2.499 3.169 3.181 4.037 4.043 2.555 2.713 2.686 3.438 3.218 2.550 2.677 3.454 1.895 2.029 2.424 2.098 2.583 1.902 2.182 1.459 1.232 1.241 1.034 1.033 1.449 1.469 1.224 1.026 1.048 17/04/1971
0.444 0.548 0.549 0.347 0.127 0.907 0.615 0.615 0.159 0.000 0.916 0.613 0.648 0.000 0.000 0.386 0.164 0.213 0.000 0.000 0.358 0.000 0.000 0.000 0.000 0.357 0.264 0.000 0.000 0.000 18/04/1971
0.195 0.000 0.000 0.000 0.000 0.000 0.000 0.000 0.000 0.000 0.000 0.000 0.000 0.000 0.000 0.000 0.000 0.000 0.000 0.000 0.000 0.000 0.000 0.000 0.000 0.000 0.000 0.000 0.000 0.000 19/04/1971
0.000 0.000 0.000 0.000 0.000 0.000 0.000 0.000 0.000 0.000 0.000 0.000 0.000 0.000 0.000 0.000 0.000 0.000 0.000 0.000 0.000 0.000 0.000 0.000 0.000 0.000 0.000 0.000 0.000 0.000 20/04/1971
0.000 0.000 0.000 0.000 0.000 0.000 0.000 0.000 0.000 0.000 0.000 0.000 0.000 0.000 0.000 0.000 0.000 0.000 0.000 0.000 0.000 0.000 0.000 0.000 0.000 0.000 0.000 0.000 0.000 0.000 21/04/1971
0.186 0.000 0.000 0.000 0.000 0.407 0.100 0.100 0.000 0.000 0.407 0.100 0.104 0.000 0.000 0.000 0.000 0.000 0.000 0.000 0.000 0.000 0.000 0.000 0.000 0.000 0.000 0.000 0.000 0.000 22/04/1971
0.286 0.409 0.410 0.632 0.583 0.279 0.294 0.291 0.411 0.510 0.279 0.290 0.281 0.392 0.484 0.440 0.242 0.341 0.394 0.275 0.294 0.235 0.340 0.491 0.491 0.287 0.162 0.335 0.488 0.478 23/04/1971
1.017 0.666 0.670 0.754 0.984 0.893 0.663 0.656 0.550 0.704 0.892 0.654 0.693 0.496 0.801 0.793 0.668 0.738 0.488 0.576 0.508 0.381 0.469 0.334 0.334 0.502 0.336 0.462 0.323 0.336 24/04/1971
6.875 6.636 6.667 6.685 8.673 7.783 7.549 7.477 7.102 8.828 7.769 7.454 7.782 8.280 10.724 8.519 8.320 8.137 8.314 8.483 8.332 8.309 8.123 8.611 8.607 8.233 8.853 7.985 8.543 8.742 25/04/1971
1.468 1.385 1.392 2.825 3.885 1.682 1.797 1.782 2.326 3.229 1.679 1.778 2.044 2.316 2.521 1.701 1.854 2.320 2.325 2.237 1.658 1.829 2.297 2.390 2.389 1.647 1.493 2.260 2.364 2.418 26/04/1971
1.820 1.392 1.398 1.084 1.356 1.485 1.157 1.149 0.978 1.088 1.482 1.146 1.306 1.000 0.951 1.307 1.008 1.054 1.004 0.994 1.048 0.762 0.935 0.655 0.655 1.036 1.154 0.921 0.651 0.662 27/04/1971
7.242 6.957 6.990 6.071 2.767 8.322 6.366 6.301 6.138 2.781 8.356 6.281 7.281 6.695 3.088 8.005 6.999 7.319 6.723 3.233 7.430 7.090 7.397 6.491 6.520 7.348 7.481 7.289 6.680 6.587 28/04/1971
12.993 9.595 9.638 8.169 6.350 13.068 7.014 6.943 6.820 5.266 13.044 6.920 8.446 6.246 4.880 11.692 6.302 6.775 6.271 4.940 9.464 4.416 5.655 3.496 3.494 9.354 10.444 5.576 3.469 3.656 29/04/1971
0.000 0.000 0.000 0.000 0.000 0.000 0.000 0.000 0.000 0.000 0.000 0.000 0.000 0.000 0.000 0.000 0.000 0.000 0.000 0.000 0.000 0.000 0.000 0.000 0.000 0.000 0.000 0.000 0.000 0.000 30/04/1971
0.537 0.470 0.465 0.492 0.844 1.482 1.028 1.018 0.791 1.600 1.480 1.015 1.122 2.784 2.653 2.129 2.577 2.904 2.796 2.664 3.929 3.511 4.572 4.596 4.594 3.859 3.778 4.510 4.567 4.651 01/05/1971
3.818 4.280 4.300 5.814 5.075 3.815 4.941 4.900 6.800 5.540 3.808 4.887 6.167 6.328 5.423 4.614 6.055 6.617 6.353 5.342 4.972 5.590 6.446 6.246 6.271 4.919 5.328 6.605 6.369 6.304 02/05/1971
0.412 0.118 0.118 0.115 0.000 0.418 0.000 0.000 0.000 0.000 0.418 0.000 0.104 0.000 0.000 0.172 0.000 0.000 0.000 0.000 0.000 0.000 0.000 0.000 0.000 0.000 0.000 0.000 0.000 0.000 03/05/1971
0.375 0.264 0.266 0.386 0.675 0.433 0.084 0.089 0.159 0.158 0.432 0.090 0.107 0.132 0.100 0.173 0.000 0.117 0.132 0.191 0.284 0.000 0.000 0.125 0.125 0.275 0.185 0.000 0.125 0.125 04/05/1971
0.000 0.103 0.103 0.762 1.454 0.000 0.000 0.000 0.841 1.672 0.000 0.000 0.000 0.647 1.005 0.000 0.000 0.000 0.649 1.062 0.000 0.000 0.000 0.000 0.000 0.000 0.000 0.000 0.000 0.000 05/05/1971
0.000 0.000 0.000 0.000 0.000 0.000 0.000 0.000 0.000 0.000 0.000 0.000 0.000 0.000 0.000 0.000 0.000 0.000 0.000 0.000 0.000 0.000 0.000 0.000 0.000 0.000 0.000 0.000 0.000 0.000 06/05/1971
2.389 3.182 3.195 2.907 3.755 2.533 2.202 2.181 1.936 2.711 2.528 2.174 2.698 1.023 1.327 1.410 0.903 1.012 1.027 1.377 0.546 0.409 0.636 1.021 1.021 0.513 0.370 0.628 1.014 1.036 07/05/1971
0.000 0.000 0.000 0.000 0.000 0.000 0.000 0.000 0.000 0.000 0.000 0.000 0.000 0.000 0.000 0.000 0.000 0.000 0.000 0.000 0.000 0.000 0.000 0.000 0.000 0.000 0.000 0.000 0.000 0.000 08/05/1971
1.487 0.451 0.438 0.627 1.054 1.529 0.196 0.191 0.102 0.068 1.526 0.190 0.130 0.000 0.000 1.673 0.188 0.246 0.000 0.000 1.133 0.288 0.476 0.000 0.000 1.127 1.316 0.468 0.000 0.000 09/05/1971
0.100 0.291 0.298 0.311 0.200 0.000 0.107 0.105 0.431 0.322 0.000 0.105 0.120 0.206 0.182 0.000 0.000 0.103 0.206 0.245 0.000 0.000 0.000 0.139 0.139 0.000 0.000 0.000 0.139 0.139 10/05/1971
0.120 0.000 0.000 0.000 0.000 0.420 0.100 0.100 0.000 0.000 0.420 0.100 0.000 0.186 0.000 1.190 0.627 0.675 0.187 0.000 1.686 0.834 0.904 0.306 0.306 1.675 1.514 0.891 0.300 0.304 11/05/1971
2.701 3.287 3.302 2.783 1.368 3.964 2.905 2.875 1.433 0.823 3.957 2.867 2.903 2.233 1.040 3.425 3.238 4.025 2.242 0.923 4.291 3.790 4.645 2.382 2.382 4.238 4.371 4.567 2.355 2.411 12/05/1971
0.000 0.000 0.000 0.000 0.000 0.000 0.000 0.000 0.000 0.000 0.000 0.000 0.000 0.000 0.000 0.000 0.000 0.000 0.000 0.000 0.000 0.000 0.000 0.000 0.000 0.000 0.000 0.000 0.000 0.000 13/05/1971
0.000 0.000 0.000 0.000 0.000 0.000 0.000 0.000 0.000 0.000 0.000 0.000 0.000 0.000 0.000 0.000 0.000 0.000 0.000 0.000 0.000 0.000 0.000 0.000 0.000 0.000 0.000 0.000 0.000 0.000 14/05/1971
4.825 4.208 4.223 4.190 3.829 3.886 3.405 3.371 2.620 2.661 3.879 3.360 3.588 2.943 2.722 3.153 2.918 3.650 2.955 2.368 2.154 2.078 2.444 2.071 2.073 2.127 2.077 2.415 2.063 2.066 15/05/1971
0.187 0.129 0.131 0.111 0.101 0.109 0.000 0.000 0.000 0.000 0.109 0.000 0.000 0.274 0.406 0.418 0.296 0.391 0.275 0.245 0.242 0.120 0.192 0.151 0.151 0.236 0.131 0.188 0.157 0.158 16/05/1971
1.649 2.105 2.111 3.146 3.836 2.320 2.340 2.317 2.582 3.223 2.316 2.310 2.369 3.615 3.774 2.228 2.439 3.109 3.630 3.648 2.300 2.174 2.671 2.419 2.418 2.275 2.175 2.632 2.398 2.444 17/05/1971
1.055 2.627 2.634 3.154 3.039 1.419 3.312 3.278 4.676 3.322 1.416 3.267 3.447 5.818 3.339 2.122 4.299 4.972 5.842 3.131 2.249 4.713 5.551 6.161 6.158 2.224 2.138 5.461 6.113 6.256 18/05/1971
0.000 0.000 0.000 0.000 0.000 0.000 0.000 0.000 0.000 0.000 0.000 0.000 0.000 0.000 0.000 0.000 0.000 0.000 0.000 0.000 0.000 0.000 0.000 0.000 0.000 0.000 0.000 0.000 0.000 0.000 19/05/1971
0.000 0.000 0.000 0.000 0.000 0.000 0.000 0.000 0.000 0.000 0.000 0.000 0.000 0.000 0.000 0.000 0.000 0.000 0.000 0.000 0.000 0.000 0.000 0.000 0.000 0.000 0.000 0.000 0.000 0.000 20/05/1971
0.000 0.000 0.000 0.000 0.000 0.000 0.000 0.000 0.000 0.000 0.000 0.000 0.000 0.000 0.000 0.000 0.000 0.000 0.000 0.000 0.000 0.000 0.000 0.000 0.000 0.000 0.000 0.000 0.000 0.000 21/05/1971
6.758 6.816 6.846 5.015 5.005 7.687 7.973 7.894 6.873 5.465 7.673 7.868 8.386 9.982 4.296 8.449 10.087 11.324 10.023 4.236 10.197 11.731 13.293 11.459 11.454 10.076 10.426 13.068 11.369 11.635 22/05/1971
7.194 6.781 6.811 5.417 4.978 7.494 6.536 6.470 5.860 4.176 7.481 6.449 6.441 6.258 5.662 7.363 6.664 6.719 6.284 5.418 13.757 11.393 12.527 9.178 9.174 13.601 13.240 12.315 9.107 9.317 23/05/1971
5.791 6.716 6.746 6.525 6.499 5.708 6.751 6.684 6.327 6.501 5.698 6.662 6.647 6.183 6.481 4.791 5.959 6.262 6.209 5.921 4.531 5.044 5.891 6.107 6.104 4.474 4.473 5.791 6.060 6.200 24/05/1971
2.243 3.510 3.526 5.230 8.826 2.599 3.381 3.346 4.947 7.116 2.596 3.336 3.548 4.082 5.591 1.313 1.856 2.322 4.099 5.366 1.490 2.074 2.435 4.202 4.200 1.472 1.364 2.406 4.169 4.267 25/05/1971
3.659 3.896 3.913 4.248 5.425 3.095 3.273 3.240 4.633 6.450 3.089 3.229 3.395 4.425 6.481 2.321 2.517 3.208 4.443 5.921 2.504 2.970 3.653 4.963 4.827 2.475 2.404 3.591 4.791 4.904 26/05/1971
0.100 0.000 0.000 0.000 0.000 0.000 0.000 0.000 0.000 0.000 0.000 0.000 0.000 0.000 0.000 0.000 0.000 0.000 0.000 0.000 0.000 0.000 0.000 0.000 0.000 0.000 0.000 0.000 0.000 0.000 27/05/1971
0.000 0.000 0.000 0.000 0.000 0.000 0.000 0.000 0.000 0.000 0.000 0.000 0.000 0.000 0.000 0.000 0.000 0.000 0.000 0.000 0.000 0.000 0.000 0.000 0.000 0.000 0.000 0.000 0.000 0.000 28/05/1971
0.000 0.000 0.000 0.000 0.000 0.000 0.000 0.000 0.000 0.000 0.000 0.000 0.000 0.000 0.000 0.000 0.000 0.000 0.000 0.000 0.000 0.000 0.000 0.000 0.000 0.000 0.000 0.000 0.000 0.000 29/05/1971
1.860 3.204 3.219 3.421 2.940 3.478 2.889 2.839 3.073 2.465 3.473 2.830 3.130 2.991 1.868 5.506 3.550 3.946 3.000 1.760 6.800 6.546 6.528 3.309 3.308 6.727 7.631 6.427 3.283 3.360 30/05/1971
12.801 31.752 31.877 38.231 31.360 9.716 31.481 31.207 37.610 33.042 9.700 31.120 32.910 35.756 31.014 7.466 21.978 26.640 35.874 33.902 4.894 15.398 15.958 33.169 33.156 4.842 5.298 15.700 32.946 33.602 31/05/1971
1.761 2.417 2.428 1.714 1.739 2.283 3.316 3.287 2.904 2.949 2.279 3.277 3.877 4.358 4.618 2.079 3.476 3.942 4.375 4.589 1.893 3.716 4.194 5.833 5.830 1.871 2.027 4.125 5.788 5.921 01/06/1971
0.000 0.000 0.000 0.000 0.000 0.000 0.000 0.000 0.000 0.000 0.000 0.000 0.000 0.000 0.000 0.000 0.000 0.000 0.000 0.000 0.000 0.000 0.000 0.000 0.000 0.000 0.000 0.000 0.000 0.000 02/06/1971
0.000 0.205 0.208 0.000 0.109 0.000 0.234 0.231 0.300 0.327 0.000 0.231 0.285 0.775 0.406 0.152 0.410 0.598 0.776 0.299 0.454 0.770 1.014 1.197 1.196 0.449 0.483 0.997 1.187 1.215 03/06/1971
0.000 0.000 0.000 0.000 0.000 0.000 0.000 0.000 0.000 0.000 0.000 0.000 0.000 0.000 0.000 0.000 0.000 0.000 0.000 0.000 0.000 0.000 0.000 0.000 0.000 0.000 0.000 0.000 0.000 0.000 04/06/1971
0.000 0.000 0.000 0.000 0.000 0.000 0.000 0.000 0.000 0.000 0.000 0.000 0.000 0.000 0.000 0.000 0.000 0.000 0.000 0.000 0.000 0.000 0.000 0.103 0.103 0.000 0.000 0.000 0.103 0.104 05/06/1971
3.238 4.557 4.579 3.164 3.950 2.160 2.617 2.598 2.461 3.315 2.157 2.592 2.583 3.316 2.514 1.550 2.376 2.580 3.328 2.003 1.761 2.316 2.445 2.706 2.705 1.739 1.519 2.403 2.685 2.748 06/06/1971
4.176 3.550 3.565 4.989 7.341 3.421 3.341 3.308 4.529 4.547 3.415 3.298 3.228 2.571 3.354 3.515 3.443 4.066 2.581 3.236 3.751 3.480 4.114 2.279 2.278 3.706 3.207 4.044 2.262 2.310 07/06/1971
0.000 0.000 0.000 0.000 0.000 0.000 0.000 0.000 0.000 0.000 0.000 0.000 0.000 0.000 0.000 0.000 0.000 0.000 0.000 0.000 0.000 0.000 0.000 0.000 0.000 0.000 0.000 0.000 0.000 0.000 08/06/1971
0.000 0.000 0.000 0.000 0.000 0.000 0.000 0.000 0.000 0.000 0.000 0.000 0.000 0.000 0.000 0.000 0.000 0.000 0.000 0.000 0.000 0.000 0.000 0.000 0.000 0.000 0.000 0.000 0.000 0.000 09/06/1971
0.000 0.000 0.000 0.000 0.000 0.000 0.000 0.000 0.000 0.000 0.000 0.000 0.000 0.000 0.000 0.000 0.000 0.000 0.000 0.000 0.000 0.000 0.000 0.000 0.000 0.000 0.000 0.000 0.000 0.000 10/06/1971
0.000 0.000 0.000 0.000 0.000 0.000 0.000 0.000 0.000 0.000 0.000 0.000 0.000 0.000 0.000 0.000 0.000 0.000 0.000 0.000 0.000 0.000 0.000 0.000 0.000 0.000 0.000 0.000 0.000 0.000 11/06/1971
0.000 0.000 0.000 0.000 0.000 0.000 0.000 0.000 0.105 0.000 0.000 0.000 0.000 0.000 0.000 0.000 0.000 0.000 0.000 0.000 0.000 0.000 0.000 0.101 0.101 0.000 0.000 0.000 0.101 0.101 12/06/1971
0.508 0.387 0.388 0.582 0.485 0.227 0.350 0.342 0.229 0.277 0.226 0.337 0.184 0.114 0.000 0.591 0.000 0.110 0.114 0.000 0.000 0.000 0.000 0.000 0.000 0.000 0.000 0.000 0.000 0.000 13/06/1971
3.077 3.129 3.144 3.577 2.792 2.621 2.697 2.670 2.302 2.456 2.616 2.661 2.375 1.008 1.530 1.861 1.292 1.466 1.012 1.271 1.161 0.722 0.842 0.745 0.745 1.147 1.117 0.817 0.743 0.753 14/06/1971
2.794 3.366 3.382 5.197 6.853 3.021 3.875 3.835 4.484 6.955 3.015 3.823 3.805 3.900 5.746 2.630 2.727 3.200 3.914 5.210 1.774 1.605 1.733 3.202 3.201 1.754 1.584 1.707 3.181 3.247 15/06/1971
0.000 0.000 0.000 0.000 0.000 0.000 0.000 0.000 0.000 0.000 0.000 0.000 0.000 0.000 0.335 0.000 0.000 0.000 0.000 0.295 0.000 0.000 0.000 0.000 0.000 0.000 0.000 0.000 0.000 0.000 16/06/1971
0.000 0.000 0.000 0.000 0.000 0.000 0.000 0.000 0.000 0.000 0.000 0.000 0.000 0.000 0.000 0.000 0.000 0.000 0.000 0.000 0.000 0.000 0.000 0.000 0.000 0.000 0.000 0.000 0.000 0.000 17/06/1971
0.137 0.170 0.171 0.189 0.526 1.132 1.932 1.913 1.773 2.818 1.130 1.907 1.700 2.511 2.666 3.477 3.435 3.320 2.521 1.920 2.989 1.714 1.789 1.359 1.359 2.954 2.889 1.759 1.349 1.380 18/06/1971
0.000 0.000 0.000 0.000 0.000 0.000 0.000 0.000 0.000 0.000 0.000 0.000 0.000 0.000 0.000 0.000 0.000 0.000 0.000 0.000 0.000 0.000 0.000 0.000 0.000 0.000 0.000 0.000 0.000 0.000 19/06/1971
0.000 0.000 0.000 0.000 0.000 0.000 0.000 0.000 0.000 0.000 0.000 0.000 0.000 0.000 0.000 0.000 0.000 0.000 0.000 0.000 0.000 0.000 0.000 0.000 0.000 0.000 0.000 0.000 0.000 0.000 20/06/1971
0.000 0.000 0.000 0.000 0.000 0.000 0.000 0.000 0.000 0.000 0.000 0.000 0.000 0.000 0.000 0.000 0.000 0.000 0.000 0.000 0.000 0.000 0.000 0.000 0.000 0.000 0.000 0.000 0.000 0.000 21/06/1971
0.000 0.000 0.000 0.000 0.000 0.000 0.000 0.000 0.000 0.000 0.000 0.000 0.000 0.000 0.000 0.000 0.000 0.000 0.000 0.000 0.000 0.000 0.000 0.000 0.000 0.000 0.000 0.000 0.000 0.000 22/06/1971
0.000 0.000 0.000 0.000 0.000 0.000 0.000 0.000 0.000 0.000 0.000 0.000 0.000 0.000 0.000 0.000 0.000 0.000 0.000 0.000 0.000 0.000 0.000 0.000 0.000 0.000 0.000 0.000 0.000 0.000 23/06/1971
0.894 0.712 0.715 0.866 0.970 0.992 0.864 0.858 0.805 1.257 0.990 0.856 0.880 0.921 1.314 1.038 0.726 0.909 0.923 0.961 1.020 0.772 0.980 0.865 0.865 1.008 0.810 0.969 0.861 0.872 24/06/1971
7.503 8.177 8.216 7.967 11.975 9.224 10.245 10.141 14.992 13.328 9.207 10.108 12.894 14.992 13.318 7.346 10.343 14.506 15.051 15.868 5.333 8.129 10.287 13.780 13.774 5.270 5.277 10.110 13.675 13.984 25/06/1971
0.000 0.000 0.000 0.000 0.000 0.000 0.000 0.000 0.000 0.000 0.000 0.000 0.000 0.000 0.000 0.000 0.000 0.000 0.000 0.000 0.000 0.000 0.000 0.000 0.000 0.000 0.000 0.000 0.000 0.000 26/06/1971
7.717 6.225 6.254 5.329 4.212 6.498 4.520 4.474 3.344 4.014 6.486 4.459 4.365 3.124 3.532 5.042 4.244 3.904 3.137 2.520 4.548 3.696 3.512 2.779 2.778 4.494 4.597 3.452 2.757 2.822 27/06/1971
13.462 11.804 11.859 13.300 15.342 11.657 11.168 11.054 14.921 12.292 11.635 11.018 14.298 11.065 9.618 7.095 8.677 11.555 11.111 10.007 6.166 6.032 6.784 6.669 6.666 6.092 6.782 6.677 6.620 6.764 28/06/1971
5.428 6.943 6.976 7.286 9.632 7.420 8.411 8.326 10.830 10.465 7.406 8.299 9.350 11.323 9.377 5.536 7.484 8.306 11.371 9.538 4.972 5.586 6.497 7.232 7.229 4.915 4.805 6.394 7.180 7.334 29/06/1971
0.000 0.000 0.000 0.000 0.000 0.444 0.450 0.445 0.100 0.000 0.443 0.443 0.240 0.217 0.000 0.175 0.419 0.649 0.218 0.100 0.436 0.388 0.619 0.228 0.228 0.431 0.269 0.588 0.226 0.233 30/06/1971
0.000 0.000 0.000 0.000 0.000 0.000 0.000 0.000 0.000 0.000 0.000 0.000 0.000 0.000 0.000 0.000 0.000 0.000 0.000 0.000 0.000 0.000 0.000 0.000 0.000 0.000 0.000 0.000 0.000 0.000 01/07/1971
8.420 8.959 9.001 11.234 14.960 8.236 8.615 8.528 11.858 11.910 8.221 8.500 9.955 11.785 10.772 6.483 7.959 9.792 11.834 12.176 5.252 5.737 6.594 6.986 6.983 5.190 5.171 6.490 6.935 7.084 02/07/1971
7.221 7.725 7.762 7.824 10.046 8.158 8.345 8.261 9.313 10.635 8.143 8.234 9.155 13.176 12.266 6.767 9.009 12.143 13.229 14.906 6.460 8.149 10.349 9.853 9.849 6.383 7.314 10.171 9.776 10.004 03/07/1971
6.682 5.753 5.780 5.453 4.500 6.631 6.418 6.353 4.999 5.202 6.619 6.333 6.029 5.080 5.407 5.286 4.912 5.322 5.099 4.913 4.280 4.544 4.374 4.264 4.262 4.230 4.470 4.310 4.234 4.321 04/07/1971
5.072 5.210 5.234 5.669 5.769 4.564 4.680 4.633 4.314 5.447 4.556 4.618 4.542 4.069 4.676 4.029 4.414 4.172 4.085 4.377 3.410 3.729 3.536 3.351 3.349 3.369 3.475 3.475 3.324 3.402 05/07/1971
2.057 1.874 1.883 2.204 3.068 1.775 1.555 1.540 1.711 2.433 1.771 1.535 1.357 1.557 2.192 1.338 1.267 1.480 1.564 1.715 1.042 0.881 1.198 1.326 1.325 1.029 0.817 1.178 1.315 1.346 06/07/1971
0.679 0.566 0.569 0.789 0.916 0.713 0.633 0.628 0.390 0.992 0.712 0.626 0.602 0.743 1.118 0.649 0.415 0.645 0.746 0.827 0.571 0.310 0.469 0.571 0.571 0.564 0.445 0.466 0.564 0.578 07/07/1971
0.000 0.000 0.000 0.000 0.000 0.000 0.000 0.000 0.000 0.000 0.000 0.000 0.000 0.000 0.000 0.000 0.000 0.000 0.000 0.000 0.000 0.000 0.000 0.000 0.000 0.000 0.000 0.000 0.000 0.000 08/07/1971
2.623 0.620 0.623 0.111 0.000 0.691 0.000 0.000 0.000 0.000 0.690 0.000 0.000 0.000 0.000 0.000 0.000 0.000 0.000 0.000 0.000 0.000 0.000 0.000 0.000 0.000 0.000 0.000 0.000 0.000 09/07/1971
0.000 0.000 0.000 0.000 0.000 0.000 0.000 0.000 0.000 0.000 0.000 0.000 0.000 0.000 0.000 0.000 0.000 0.000 0.000 0.000 0.000 0.000 0.000 0.000 0.000 0.000 0.000 0.000 0.000 0.000 10/07/1971
0.000 0.000 0.000 0.000 0.000 0.000 0.000 0.000 0.000 0.000 0.000 0.000 0.000 0.000 0.000 0.000 0.000 0.000 0.000 0.000 0.000 0.000 0.000 0.000 0.000 0.000 0.000 0.000 0.000 0.000 11/07/1971
0.000 0.000 0.000 0.000 0.000 0.000 0.000 0.000 0.000 0.000 0.000 0.000 0.000 0.000 0.000 0.000 0.000 0.000 0.000 0.000 0.000 0.000 0.000 0.100 0.100 0.000 0.000 0.000 0.100 0.100 12/07/1971
0.000 0.000 0.000 0.000 0.000 0.000 0.000 0.000 0.000 0.000 0.000 0.000 0.000 0.000 0.000 0.000 0.000 0.000 0.000 0.000 0.000 0.000 0.000 0.000 0.000 0.000 0.000 0.000 0.000 0.000 13/07/1971
0.000 0.000 0.000 0.000 0.000 0.000 0.000 0.000 0.000 0.000 0.000 0.000 0.000 0.000 0.000 0.000 0.000 0.000 0.000 0.000 0.000 0.000 0.000 0.000 0.000 0.000 0.000 0.000 0.000 0.000 14/07/1971
0.000 0.000 0.000 0.000 0.000 0.000 0.000 0.000 0.000 0.000 0.000 0.000 0.000 0.000 0.000 0.000 0.000 0.000 0.000 0.000 0.000 0.000 0.000 0.000 0.000 0.000 0.000 0.000 0.000 0.000 15/07/1971
2.977 3.317 3.332 2.958 3.719 3.386 3.939 3.903 3.853 4.867 3.380 3.892 3.816 5.631 15.154 3.431 3.493 4.134 5.654 13.871 4.698 7.733 7.297 16.729 16.722 4.648 4.539 7.190 16.597 16.986 16/07/1971
24.768 19.607 19.696 17.745 18.132 18.434 15.882 15.723 16.673 17.395 18.400 15.672 17.931 15.686 18.202 13.517 15.411 15.839 15.751 18.165 12.705 14.821 14.977 16.471 16.463 12.559 15.344 14.721 16.340 16.724 17/07/1971
1.181 3.439 3.454 3.818 4.357 2.840 3.508 3.475 3.214 4.383 2.835 3.464 3.390 5.271 9.093 3.020 3.480 4.116 5.293 7.154 3.786 5.720 5.817 7.457 7.453 3.741 3.274 5.721 7.403 7.565 18/07/1971
4.126 6.176 6.205 5.870 8.723 3.792 4.375 4.332 4.817 7.077 3.786 4.319 4.212 4.261 6.015 3.366 3.057 3.547 4.279 5.587 2.805 2.785 3.124 3.400 3.399 2.771 2.385 3.072 3.379 3.441 19/07/1971
0.000 0.000 0.000 0.000 0.000 0.000 0.000 0.000 0.000 0.000 0.000 0.000 0.000 0.000 0.000 0.000 0.000 0.000 0.000 0.000 0.000 0.000 0.000 0.000 0.000 0.000 0.000 0.000 0.000 0.000 20/07/1971
0.000 0.000 0.000 0.000 0.000 0.000 0.000 0.000 0.000 0.000 0.000 0.000 0.000 0.000 0.000 0.000 0.000 0.000 0.000 0.000 0.000 0.000 0.000 0.000 0.000 0.000 0.000 0.000 0.000 0.000 21/07/1971
0.000 0.000 0.000 0.000 0.000 0.000 0.000 0.000 0.000 0.000 0.000 0.000 0.000 0.000 0.000 0.000 0.000 0.000 0.000 0.000 0.000 0.000 0.000 0.000 0.000 0.000 0.000 0.000 0.000 0.000 22/07/1971
0.000 0.000 0.000 0.000 0.000 0.000 0.000 0.000 0.000 0.000 0.000 0.000 0.000 0.000 0.000 0.000 0.000 0.000 0.000 0.000 0.000 0.000 0.000 0.000 0.000 0.000 0.000 0.000 0.000 0.000 23/07/1971
0.000 0.000 0.000 0.000 0.000 0.000 0.000 0.000 0.000 0.000 0.000 0.000 0.000 0.000 0.000 0.000 0.000 0.000 0.000 0.000 0.000 0.000 0.000 0.000 0.000 0.000 0.000 0.000 0.000 0.000 24/07/1971
0.000 0.000 0.000 0.000 0.000 0.000 0.000 0.000 0.000 0.000 0.000 0.000 0.000 0.000 0.000 0.000 0.000 0.000 0.000 0.000 0.000 0.000 0.000 0.000 0.000 0.000 0.000 0.000 0.000 0.000 25/07/1971
0.000 0.000 0.000 0.000 0.000 0.000 0.000 0.000 0.000 0.000 0.000 0.000 0.000 0.000 0.000 0.000 0.000 0.000 0.000 0.000 0.000 0.000 0.000 0.000 0.000 0.000 0.000 0.000 0.000 0.000 26/07/1971
0.000 0.000 0.000 0.000 0.000 0.000 0.000 0.000 0.000 0.000 0.000 0.000 0.000 0.000 0.000 0.000 0.000 0.000 0.000 0.000 0.000 0.000 0.000 0.000 0.000 0.000 0.000 0.000 0.000 0.000 27/07/1971
0.000 0.000 0.000 0.000 0.000 0.000 0.000 0.000 0.000 0.000 0.000 0.000 0.000 0.000 0.000 0.000 0.000 0.000 0.000 0.000 0.000 0.000 0.000 0.000 0.000 0.000 0.000 0.000 0.000 0.000 28/07/1971
0.000 0.000 0.000 0.000 0.000 0.000 0.000 0.000 0.000 0.000 0.000 0.000 0.000 0.000 0.000 0.000 0.000 0.000 0.000 0.000 0.000 0.000 0.000 0.000 0.000 0.000 0.000 0.000 0.000 0.000 29/07/1971
0.000 0.000 0.000 0.000 0.000 0.000 0.000 0.000 0.000 0.000 0.000 0.000 0.000 0.000 0.000 0.000 0.000 0.000 0.000 0.000 0.000 0.000 0.000 0.000 0.000 0.000 0.000 0.000 0.000 0.000 30/07/1971
0.000 0.000 0.000 0.000 0.000 0.000 0.000 0.000 0.000 0.000 0.000 0.000 0.000 0.000 0.000 0.000 0.000 0.000 0.000 0.000 0.000 0.000 0.000 0.000 0.000 0.000 0.000 0.000 0.000 0.000 31/07/1971
