# 6448 6449 6450 6451 6452 6528 6529 6530 6531 6532 6610 6611 6612 6613 6614 6693 6694 6695 6696 6697 6776 6777 6778 6779 6780 6859 6860 6861 6862 6863 Date
4.333 4.282 4.214 4.256 4.141 4.275 4.238 4.214 4.291 4.157 4.264 4.339 4.253 4.236 4.215 4.209 4.057 4.226 4.209 4.182 4.117 4.044 4.142 4.229 4.206 4.245 4.099 4.226 4.190 4.186 01/08/1999
4.281 4.348 4.197 4.079 4.070 4.322 4.278 4.177 4.292 4.132 4.329 4.313 4.356 4.337 4.181 4.288 4.406 4.485 4.465 4.358 4.356 4.402 4.483 4.496 4.513 4.401 4.430 4.544 4.515 4.468 02/08/1999
4.369 4.469 4.375 4.232 4.168 4.455 4.440 4.357 4.299 4.145 4.298 4.417 4.383 4.348 4.201 4.196 4.228 4.348 4.306 4.245 4.203 4.221 4.321 4.371 4.325 4.244 4.240 4.408 4.370 4.253 03/08/1999
3.098 2.811 2.831 2.821 2.912 2.772 2.722 2.778 3.163 3.100 3.387 2.986 3.006 2.991 3.131 3.479 2.947 3.419 3.412 3.506 3.339 2.939 3.238 3.431 3.668 3.250 3.036 3.411 3.551 3.677 04/08/1999
3.124 3.479 2.939 3.000 2.994 3.452 3.408 2.927 2.942 2.865 3.222 3.151 2.830 2.823 2.899 3.124 2.639 2.916 2.879 2.887 2.986 2.634 2.569 2.935 2.881 2.946 3.017 2.961 2.942 2.859 05/08/1999
3.613 3.564 3.493 3.354 3.355 3.547 3.522 3.488 3.371 3.263 3.431 3.416 3.373 3.354 3.299 3.417 3.299 3.334 3.302 3.293 3.283 3.297 3.272 3.346 3.229 3.256 3.301 3.289 3.260 3.180 06/08/1999
3.888 3.818 3.875 3.728 3.724 3.797 3.780 3.863 3.746 3.660 3.815 3.849 3.828 3.795 3.692 3.829 3.869 3.702 3.656 3.704 3.931 3.866 3.862 3.726 3.711 4.020 3.863 3.880 3.761 3.625 07/08/1999
3.632 3.623 3.663 3.576 3.530 3.618 3.596 3.647 3.638 3.539 3.712 3.666 3.666 3.648 3.561 3.725 3.712 3.638 3.605 3.644 3.826 3.712 3.682 3.645 3.690 3.931 3.769 3.764 3.747 3.660 08/08/1999
4.264 4.197 4.216 4.097 4.072 4.181 4.141 4.213 4.224 4.122 4.374 4.346 4.248 4.221 4.142 4.326 4.293 4.261 4.243 4.220 4.440 4.291 4.362 4.273 4.275 4.581 4.378 4.454 4.357 4.253 09/08/1999
3.850 3.856 3.788 3.639 3.654 3.852 3.846 3.775 3.888 3.791 3.852 3.794 3.867 3.829 3.813 3.849 3.902 3.943 3.898 3.833 3.910 3.904 3.920 3.963 3.678 3.893 3.832 3.875 3.787 3.633 10/08/1999
4.186 4.221 4.144 3.975 3.999 4.217 4.204 4.142 4.074 3.930 4.215 4.164 4.163 4.138 3.963 4.205 4.073 4.135 4.086 4.040 4.114 4.065 4.179 4.147 4.119 4.096 4.085 4.193 4.189 4.068 11/08/1999
2.896 2.674 2.616 2.392 2.307 2.661 2.646 2.597 2.263 2.105 2.570 2.480 2.336 2.324 2.107 2.522 2.255 2.091 2.124 1.961 2.402 2.252 2.280 2.075 1.907 2.212 2.198 2.085 2.057 1.899 12/08/1999
3.378 3.263 3.381 3.198 3.208 3.231 3.223 3.362 3.252 3.190 3.346 3.348 3.276 3.272 3.193 3.347 3.280 3.268 3.253 3.243 3.332 3.282 3.266 3.284 3.260 3.332 3.291 3.304 3.286 3.249 13/08/1999
2.429 2.474 2.567 2.510 2.413 2.455 2.425 2.554 2.536 2.356 2.391 2.487 2.512 2.483 2.414 2.403 2.577 2.472 2.409 2.376 2.516 2.568 2.410 2.492 2.362 2.630 2.645 2.551 2.484 2.310 14/08/1999
3.085 3.181 3.175 3.025 2.959 3.159 3.140 3.155 3.202 3.066 3.241 3.204 3.185 3.159 3.105 3.218 3.266 3.261 3.230 3.310 3.294 3.264 3.261 3.282 3.404 3.378 3.356 3.431 3.449 3.364 15/08/1999
3.604 3.573 3.518 3.470 3.481 3.539 3.537 3.499 3.662 3.512 3.555 3.545 3.656 3.643 3.549 3.589 3.646 3.697 3.670 3.686 3.639 3.632 3.710 3.706 3.753 3.693 3.693 3.792 3.771 3.708 16/08/1999
4.750 4.795 4.758 4.631 4.567 4.763 4.737 4.738 4.920 4.630 4.831 4.807 4.908 4.881 4.688 4.702 4.839 4.956 4.919 4.902 4.728 4.828 5.007 4.973 5.016 4.794 4.883 5.061 5.058 4.956 17/08/1999
5.193 5.242 5.213 5.065 5.111 5.226 5.227 5.204 5.402 5.183 5.417 5.417 5.418 5.381 5.188 5.304 5.164 5.376 5.348 5.400 5.217 5.169 5.345 5.404 5.404 5.182 5.220 5.402 5.407 5.367 18/08/1999
5.287 5.095 5.251 5.458 5.218 5.108 5.127 5.250 5.212 5.087 4.983 5.070 5.011 4.987 5.109 4.860 4.841 4.867 4.855 4.965 4.845 4.851 4.905 4.886 4.829 4.875 4.800 4.908 4.830 4.808 19/08/1999
5.455 5.223 5.339 5.392 5.298 5.178 5.158 5.321 5.440 5.277 5.165 5.157 5.210 5.196 5.312 4.926 5.139 5.147 5.140 5.429 5.116 5.148 5.438 5.154 5.630 5.151 5.093 5.328 5.438 5.557 20/08/1999
5.406 5.608 5.408 5.096 5.021 5.574 5.542 5.393 5.332 5.249 5.421 5.261 4.931 4.899 5.259 5.019 5.093 5.143 5.086 4.545 4.967 5.087 5.344 5.164 4.602 5.128 5.190 5.471 5.071 4.578 21/08/1999
3.802 3.864 3.895 3.830 3.707 3.858 3.820 3.891 3.878 3.756 4.012 4.032 3.929 3.907 3.797 3.995 4.099 3.964 3.944 3.923 4.125 4.094 4.058 3.974 3.978 4.218 4.120 4.111 4.109 3.934 22/08/1999
3.924 4.152 3.891 3.528 3.531 4.165 4.204 3.880 3.819 3.737 4.199 4.198 4.049 4.027 3.748 4.129 4.030 4.042 4.031 3.785 4.087 4.022 4.016 4.068 3.864 4.145 4.085 4.094 4.010 3.830 23/08/1999
3.911 3.909 3.884 3.726 3.716 3.911 3.885 3.868 3.891 3.720 3.890 3.912 3.890 3.861 3.757 3.786 3.796 3.914 3.888 3.842 3.793 3.791 3.901 3.938 3.907 3.836 3.810 3.984 3.985 3.841 24/08/1999
4.222 4.260 4.292 4.204 4.192 4.249 4.224 4.294 4.354 4.227 4.234 4.283 4.270 4.254 4.263 4.172 4.109 4.319 4.290 4.321 4.199 4.113 4.235 4.334 4.355 4.196 4.140 4.308 4.327 4.309 25/08/1999
4.442 4.531 4.444 4.485 4.420 4.538 4.486 4.447 4.614 4.448 4.552 4.488 4.510 4.499 4.466 4.504 4.356 4.469 4.437 4.507 4.467 4.351 4.475 4.492 4.504 4.471 4.363 4.537 4.494 4.448 26/08/1999
4.858 4.824 4.901 4.762 4.723 4.830 4.831 4.908 4.900 4.704 4.700 4.768 4.877 4.878 4.733 4.623 4.533 4.687 4.671 4.703 4.604 4.536 4.667 4.710 4.677 4.591 4.507 4.638 4.635 4.654 27/08/1999
2.977 2.704 3.011 3.040 3.013 2.693 2.684 3.017 3.169 3.039 2.659 3.024 3.150 3.119 3.082 2.647 3.124 3.350 3.320 3.104 2.777 3.123 3.129 3.359 3.212 2.905 3.239 3.259 3.158 3.166 28/08/1999
3.510 3.666 3.417 3.210 3.172 3.643 3.635 3.428 3.337 3.211 3.648 3.563 3.460 3.422 3.252 3.606 3.537 3.498 3.457 3.315 3.588 3.537 3.538 3.515 3.399 3.622 3.559 3.588 3.517 3.359 29/08/1999
2.935 3.123 2.979 2.708 2.752 3.103 3.082 2.966 2.922 2.827 3.133 3.102 3.039 3.004 2.835 3.060 3.082 3.114 3.100 2.975 3.119 3.079 3.115 3.136 3.148 3.202 3.164 3.237 3.195 3.113 30/08/1999
3.173 3.183 3.007 2.631 2.623 3.164 3.158 3.020 2.816 2.685 3.389 3.339 3.124 3.070 2.718 3.349 3.367 3.184 3.141 2.880 3.374 3.360 3.276 3.194 3.189 3.477 3.420 3.376 3.320 3.136 31/08/1999
3.198 3.154 3.144 3.103 3.091 3.138 3.125 3.135 3.172 3.064 3.117 3.131 3.179 3.160 3.084 3.125 3.102 3.156 3.142 3.174 3.152 3.102 3.146 3.167 3.153 3.176 3.128 3.199 3.171 3.136 01/09/1999
3.359 3.395 3.370 3.360 3.345 3.395 3.378 3.378 3.443 3.348 3.410 3.396 3.425 3.406 3.363 3.403 3.368 3.436 3.422 3.457 3.413 3.368 3.433 3.445 3.453 3.435 3.406 3.473 3.461 3.441 02/09/1999
3.550 3.565 3.556 3.491 3.424 3.546 3.529 3.544 3.613 3.454 3.494 3.527 3.571 3.540 3.477 3.569 3.649 3.613 3.572 3.603 3.598 3.648 3.549 3.632 3.607 3.621 3.696 3.622 3.659 3.553 03/09/1999
2.636 2.629 2.582 2.423 2.530 2.631 2.631 2.568 2.656 2.558 2.559 2.557 2.707 2.695 2.578 2.525 2.699 2.702 2.686 2.595 2.556 2.690 2.679 2.706 2.677 2.599 2.746 2.712 2.706 2.654 04/09/1999
2.836 2.831 2.760 2.616 2.674 2.806 2.794 2.737 2.782 2.670 2.824 2.794 2.859 2.833 2.689 2.814 2.796 2.857 2.822 2.762 2.852 2.791 2.903 2.871 2.844 2.892 2.859 2.969 2.925 2.818 05/09/1999
2.920 2.949 2.852 2.804 2.814 2.933 2.917 2.846 2.946 2.863 3.018 2.975 2.964 2.957 2.881 3.030 3.047 3.120 3.083 3.011 3.073 3.042 3.097 3.132 3.072 3.091 3.069 3.112 3.105 3.029 06/09/1999
1.911 1.941 1.863 1.888 1.909 1.931 1.909 1.861 1.973 1.897 2.011 1.980 1.945 1.930 1.927 1.978 1.945 1.961 1.934 1.937 1.983 1.945 1.985 1.962 1.914 2.010 1.953 2.019 1.984 1.892 07/09/1999
2.826 2.844 2.727 2.532 2.605 2.846 2.838 2.746 2.725 2.628 2.873 2.838 2.821 2.809 2.652 2.818 2.841 2.836 2.815 2.741 2.888 2.835 2.883 2.843 2.775 2.911 2.868 2.921 2.879 2.759 08/09/1999
2.679 2.685 2.589 2.481 2.479 2.677 2.670 2.574 2.660 2.517 2.755 2.703 2.741 2.727 2.540 2.777 2.786 2.834 2.793 2.732 2.759 2.772 2.843 2.848 2.873 2.803 2.860 2.951 2.937 2.837 09/09/1999
2.955 2.987 2.817 2.793 2.736 2.984 2.971 2.816 2.960 2.823 2.911 2.866 2.974 2.963 2.845 2.902 2.966 3.063 3.041 2.957 2.931 2.962 3.016 3.072 3.014 2.926 3.000 3.077 3.069 2.972 10/09/1999
3.134 3.246 3.071 2.374 2.594 3.186 3.149 3.046 2.961 2.645 3.248 3.248 3.080 3.021 2.684 3.318 3.257 3.143 3.074 3.007 3.361 3.264 3.136 3.168 3.155 3.435 3.306 3.257 3.274 3.062 11/09/1999
2.923 2.948 2.874 2.823 2.758 2.922 2.923 2.868 2.999 2.854 2.984 2.926 2.969 2.937 2.891 2.936 2.878 2.993 2.932 2.955 2.972 2.875 3.018 3.004 3.037 3.078 2.962 3.115 3.077 2.995 12/09/1999
3.257 3.306 3.453 3.380 3.290 3.297 3.300 3.456 3.291 3.151 3.353 3.404 3.375 3.373 3.174 3.259 3.171 3.172 3.157 3.251 3.260 3.176 3.297 3.180 3.260 3.306 3.120 3.236 3.173 3.253 13/09/1999
2.883 2.774 2.695 2.410 2.425 2.752 2.734 2.693 2.606 2.383 2.657 2.611 2.622 2.584 2.421 2.631 2.485 2.575 2.533 2.446 2.543 2.481 2.606 2.592 2.473 2.537 2.437 2.605 2.552 2.463 14/09/1999
1.754 1.938 1.727 1.555 1.605 1.896 1.865 1.704 1.658 1.582 1.953 1.808 1.743 1.702 1.636 2.040 1.710 1.690 1.654 1.521 1.724 1.708 1.688 1.710 1.414 1.646 1.537 1.572 1.438 1.307 15/09/1999
0.947 0.846 0.916 0.628 0.830 0.891 0.710 0.849 0.853 0.730 0.869 0.747 0.881 0.756 0.663 0.966 0.821 0.899 0.831 1.176 0.904 0.810 0.741 0.926 1.391 1.063 0.818 0.751 1.030 1.327 16/09/1999
1.428 1.453 1.382 1.333 1.409 1.429 1.416 1.384 1.490 1.397 1.605 1.475 1.425 1.403 1.446 1.578 1.459 1.408 1.379 1.462 1.629 1.459 1.533 1.429 1.487 1.677 1.511 1.603 1.514 1.446 17/09/1999
2.513 2.453 2.551 2.460 2.435 2.441 2.425 2.557 2.446 2.383 2.427 2.480 2.474 2.448 2.409 2.432 2.349 2.424 2.388 2.415 2.424 2.350 2.450 2.446 2.398 2.406 2.349 2.485 2.441 2.359 18/09/1999
2.497 2.581 2.564 2.514 2.537 2.589 2.599 2.580 2.655 2.582 2.593 2.613 2.618 2.601 2.603 2.495 2.505 2.610 2.602 2.655 2.501 2.505 2.602 2.625 2.593 2.494 2.499 2.594 2.618 2.581 19/09/1999
2.647 2.657 2.689 2.613 2.543 2.626 2.604 2.674 2.673 2.607 2.655 2.657 2.632 2.598 2.637 2.682 2.699 2.648 2.632 2.690 2.749 2.683 2.641 2.670 2.791 2.775 2.736 2.708 2.734 2.748 20/09/1999
2.805 2.746 2.784 2.584 2.608 2.750 2.740 2.782 2.627 2.522 2.657 2.679 2.620 2.607 2.546 2.661 2.526 2.480 2.472 2.497 2.557 2.521 2.477 2.493 2.412 2.310 2.383 2.381 2.391 2.384 21/09/1999
1.815 1.714 1.710 1.725 1.776 1.713 1.704 1.717 1.821 1.782 1.630 1.821 1.850 1.839 1.797 1.632 1.725 1.776 1.756 1.784 1.730 1.723 1.764 1.786 1.863 1.790 1.835 1.846 1.838 1.854 22/09/1999
2.408 2.257 2.425 2.322 2.364 2.244 2.227 2.417 2.448 2.349 2.306 2.353 2.420 2.395 2.360 2.346 2.371 2.364 2.347 2.436 2.350 2.372 2.386 2.372 2.391 2.339 2.387 2.421 2.412 2.368 23/09/1999
2.829 2.797 2.764 2.749 2.728 2.792 2.794 2.771 2.797 2.635 2.730 2.680 2.781 2.765 2.653 2.696 2.535 2.602 2.593 2.646 2.531 2.536 2.598 2.609 2.674 2.495 2.577 2.671 2.679 2.644 24/09/1999
2.695 2.631 2.622 2.658 2.563 2.616 2.615 2.615 2.691 2.545 2.597 2.529 2.718 2.705 2.579 2.565 2.537 2.668 2.634 2.572 2.470 2.537 2.652 2.682 2.610 2.506 2.560 2.708 2.662 2.579 25/09/1999
3.089 3.040 2.910 2.824 2.808 3.052 3.065 2.918 2.946 2.800 2.910 2.919 3.040 3.023 2.814 2.828 2.729 2.974 2.967 2.898 2.716 2.730 2.957 2.982 2.923 2.683 2.736 2.934 2.949 2.901 26/09/1999
1.776 1.787 1.805 1.666 1.768 1.773 1.756 1.793 1.917 1.768 1.728 1.784 1.941 1.927 1.774 1.760 1.842 1.874 1.860 1.905 1.732 1.841 1.854 1.881 1.906 1.788 1.861 1.884 1.916 1.884 27/09/1999
1.970 1.875 1.910 1.854 1.858 1.873 1.863 1.905 1.942 1.858 1.875 1.856 1.933 1.920 1.873 1.893 1.881 1.883 1.875 1.917 1.876 1.880 1.871 1.895 1.941 1.820 1.888 1.890 1.907 1.931 28/09/1999
2.123 2.093 2.038 1.973 2.011 2.101 2.100 2.036 2.051 1.996 2.120 2.106 2.068 2.054 2.007 2.121 2.015 2.047 2.027 2.039 2.104 2.015 2.075 2.055 2.058 2.061 1.943 2.027 2.053 2.033 29/09/1999
2.823 2.836 2.789 2.705 2.641 2.825 2.832 2.798 2.811 2.702 2.765 2.801 2.835 2.822 2.717 2.739 2.689 2.811 2.802 2.775 2.668 2.688 2.795 2.817 2.773 2.661 2.703 2.803 2.807 2.770 30/09/1999
2.352 2.309 2.353 2.431 2.407 2.316 2.306 2.362 2.491 2.421 2.288 2.301 2.423 2.401 2.434 2.253 2.247 2.359 2.339 2.421 2.214 2.248 2.331 2.369 2.308 2.184 2.227 2.321 2.325 2.310 01/10/1999
1.892 1.907 1.958 2.032 2.000 1.913 1.906 1.964 2.040 1.989 1.887 1.909 1.980 1.963 2.007 1.873 1.985 1.953 1.930 1.971 1.863 1.988 1.939 1.969 1.924 1.810 1.964 1.928 1.923 1.902 02/10/1999
2.120 2.212 2.208 2.163 2.206 2.226 2.220 2.209 2.331 2.267 2.307 2.313 2.295 2.279 2.278 2.233 2.200 2.324 2.319 2.337 2.282 2.204 2.326 2.326 2.294 2.222 2.184 2.314 2.314 2.300 03/10/1999
1.850 1.851 1.859 1.825 1.858 1.842 1.817 1.845 1.964 1.880 1.888 1.891 1.969 1.950 1.904 1.890 1.892 1.968 1.956 1.968 1.908 1.892 1.968 1.985 1.967 1.884 1.880 1.977 1.990 1.953 04/10/1999
2.096 2.070 2.079 2.045 2.110 2.072 2.083 2.084 2.187 2.129 2.034 2.070 2.137 2.139 2.143 1.977 1.971 2.152 2.139 2.187 1.945 1.976 2.106 2.155 2.146 1.880 1.902 2.041 2.120 2.152 05/10/1999
2.309 2.266 2.199 2.069 2.169 2.273 2.263 2.208 2.283 2.200 2.326 2.261 2.304 2.298 2.205 2.341 2.316 2.366 2.360 2.330 2.361 2.322 2.399 2.361 2.360 2.349 2.349 2.425 2.405 2.376 06/10/1999
2.454 2.485 2.454 2.414 2.380 2.491 2.490 2.452 2.623 2.507 2.601 2.590 2.620 2.625 2.509 2.626 2.622 2.699 2.694 2.732 2.668 2.622 2.705 2.717 2.788 2.706 2.659 2.770 2.788 2.776 07/10/1999
1.775 1.834 1.795 1.843 1.839 1.828 1.830 1.791 1.956 1.915 1.933 1.924 1.912 1.900 1.923 1.857 1.875 2.017 2.017 2.037 1.917 1.877 2.015 2.025 2.047 1.917 1.891 2.030 2.072 2.045 08/10/1999
0.822 0.826 0.910 1.035 1.094 0.828 0.824 0.918 1.066 1.067 0.831 0.877 0.960 0.959 1.067 0.857 1.006 1.067 1.068 1.162 0.860 1.008 0.939 1.069 1.162 0.880 0.974 0.923 1.038 1.170 09/10/1999
1.246 1.250 1.254 1.274 1.315 1.246 1.241 1.252 1.312 1.323 1.197 1.233 1.269 1.263 1.333 1.229 1.253 1.294 1.288 1.329 1.258 1.254 1.246 1.302 1.305 1.270 1.280 1.272 1.302 1.292 10/10/1999
1.251 1.203 1.227 1.240 1.266 1.208 1.196 1.229 1.192 1.199 1.143 1.187 1.192 1.188 1.199 1.111 1.181 1.151 1.152 1.071 1.166 1.183 1.218 1.154 1.145 1.215 1.075 1.104 1.065 1.143 11/10/1999
1.434 1.454 1.392 1.304 1.309 1.434 1.431 1.385 1.335 1.321 1.396 1.438 1.395 1.384 1.325 1.370 1.370 1.409 1.395 1.354 1.372 1.375 1.415 1.418 1.384 1.327 1.351 1.370 1.395 1.377 12/10/1999
1.067 1.054 0.935 0.817 0.874 1.053 1.045 0.933 0.835 0.795 1.067 1.048 0.962 0.961 0.808 1.075 1.066 0.969 0.968 0.860 1.073 1.069 1.084 0.974 0.964 1.076 1.128 1.130 1.043 0.960 13/10/1999
1.021 1.081 0.896 0.816 0.858 1.069 1.049 0.891 0.898 0.865 1.211 1.141 1.040 1.019 0.876 1.226 1.250 1.050 1.018 0.936 1.250 1.241 1.266 1.063 1.062 1.303 1.318 1.371 1.281 1.027 14/10/1999
0.860 0.990 1.023 1.015 1.022 0.991 0.986 1.015 1.091 1.088 1.043 1.110 1.091 1.074 1.097 1.043 1.196 1.219 1.205 1.217 1.107 1.195 1.182 1.222 1.281 1.222 1.292 1.280 1.291 1.266 15/10/1999
1.210 1.202 1.210 1.194 1.200 1.197 1.193 1.208 1.208 1.180 1.188 1.193 1.211 1.201 1.187 1.195 1.186 1.199 1.197 1.195 1.194 1.188 1.197 1.204 1.194 1.206 1.190 1.205 1.189 1.190 16/10/1999
1.600 1.549 1.546 1.419 1.419 1.537 1.521 1.542 1.515 1.379 1.447 1.473 1.534 1.511 1.411 1.513 1.493 1.488 1.462 1.476 1.503 1.492 1.482 1.502 1.489 1.488 1.475 1.504 1.508 1.456 17/10/1999
1.620 1.646 1.594 1.530 1.507 1.643 1.624 1.590 1.446 1.464 1.558 1.562 1.508 1.500 1.471 1.647 1.550 1.441 1.439 1.410 1.582 1.552 1.440 1.446 1.425 1.568 1.549 1.443 1.437 1.433 18/10/1999
1.116 1.040 0.984 0.955 0.964 1.030 1.017 0.977 1.014 0.948 0.940 0.932 1.011 0.995 0.954 0.900 0.974 0.953 0.943 0.986 0.895 0.974 0.942 0.964 0.920 0.912 0.961 0.936 0.946 0.911 19/10/1999
1.461 1.409 1.414 1.569 1.514 1.397 1.389 1.418 1.512 1.478 1.397 1.409 1.490 1.490 1.493 1.246 1.347 1.513 1.513 1.503 1.259 1.348 1.501 1.521 1.547 1.304 1.396 1.558 1.569 1.534 20/10/1999
1.174 1.130 1.130 1.105 1.133 1.130 1.126 1.133 1.150 1.127 1.126 1.118 1.137 1.133 1.136 1.120 1.077 1.117 1.115 1.130 1.102 1.080 1.123 1.122 1.104 1.065 1.063 1.103 1.105 1.108 21/10/1999
1.305 1.325 1.424 1.516 1.453 1.330 1.339 1.433 1.504 1.436 1.354 1.405 1.454 1.458 1.448 1.304 1.327 1.470 1.467 1.501 1.358 1.335 1.462 1.475 1.505 1.327 1.315 1.444 1.477 1.499 22/10/1999
1.577 1.576 1.665 1.666 1.581 1.585 1.589 1.676 1.613 1.553 1.524 1.582 1.586 1.583 1.564 1.457 1.434 1.540 1.539 1.531 1.431 1.438 1.515 1.556 1.523 1.434 1.447 1.536 1.535 1.520 23/10/1999
0.657 0.665 0.653 0.663 0.655 0.661 0.655 0.651 0.664 0.653 0.639 0.651 0.679 0.674 0.660 0.655 0.677 0.668 0.661 0.643 0.650 0.678 0.663 0.673 0.653 0.677 0.673 0.659 0.658 0.646 24/10/1999
0.821 0.822 0.790 0.714 0.690 0.823 0.815 0.785 0.693 0.698 0.831 0.828 0.716 0.724 0.707 0.733 0.758 0.740 0.738 0.731 0.757 0.763 0.761 0.744 0.738 0.771 0.758 0.768 0.743 0.754 25/10/1999
1.177 1.184 1.073 1.081 1.062 1.186 1.178 1.077 1.045 1.042 1.147 1.122 1.059 1.065 1.033 1.091 1.043 1.106 1.106 1.051 1.078 1.040 1.063 1.105 1.097 1.105 1.099 1.128 1.115 1.106 26/10/1999
0.482 0.474 0.478 0.488 0.491 0.467 0.459 0.475 0.514 0.496 0.480 0.478 0.509 0.506 0.503 0.505 0.533 0.513 0.509 0.516 0.511 0.534 0.517 0.517 0.518 0.533 0.539 0.523 0.527 0.513 27/10/1999
0.888 0.867 0.889 0.875 0.834 0.876 0.882 0.893 0.872 0.839 0.804 0.853 0.846 0.847 0.842 0.784 0.777 0.834 0.832 0.846 0.805 0.777 0.791 0.836 0.848 0.794 0.791 0.788 0.814 0.852 28/10/1999
0.611 0.604 0.617 0.599 0.604 0.603 0.608 0.620 0.609 0.598 0.566 0.584 0.596 0.599 0.601 0.540 0.592 0.581 0.496 0.505 0.551 0.590 0.564 0.578 0.592 0.591 0.606 0.584 0.591 0.591 29/10/1999
0.489 0.490 0.483 0.483 0.491 0.486 0.483 0.482 0.500 0.489 0.522 0.499 0.509 0.506 0.495 0.547 0.566 0.522 0.519 0.510 0.577 0.567 0.544 0.527 0.529 0.608 0.603 0.582 0.569 0.525 30/10/1999
0.405 0.511 0.528 0.389 0.421 0.505 0.503 0.524 0.516 0.495 0.618 0.582 0.545 0.532 0.507 0.617 0.671 0.617 0.591 0.541 0.678 0.680 0.629 0.631 0.677 0.788 0.705 0.684 0.673 0.664 31/10/1999
1.634 1.588 1.571 1.491 1.433 1.584 1.575 1.571 1.499 1.454 1.586 1.604 1.478 1.464 1.484 1.529 1.444 1.449 1.433 1.467 1.555 1.444 1.456 1.462 1.393 1.541 1.407 1.445 1.421 1.386 01/11/1999
0.669 0.687 0.694 0.731 0.743 0.696 0.704 0.700 0.741 0.744 0.739 0.741 0.736 0.739 0.750 0.729 0.700 0.769 0.772 0.766 0.749 0.705 0.770 0.770 0.769 0.748 0.700 0.758 0.772 0.774 02/11/1999
1.185 1.212 1.268 1.372 1.348 1.213 1.211 1.268 1.324 1.313 1.171 1.195 1.307 1.301 1.320 1.145 1.146 1.224 1.214 1.240 1.149 1.147 1.226 1.225 1.193 1.151 1.103 1.197 1.181 1.188 03/11/1999
0.667 0.669 0.747 0.779 0.851 0.685 0.713 0.752 0.762 0.809 0.507 0.674 0.815 0.829 0.807 0.516 0.772 0.788 0.787 0.730 0.568 0.776 0.756 0.789 0.782 0.711 0.866 0.849 0.811 0.795 04/11/1999
0.431 0.434 0.384 0.395 0.409 0.446 0.454 0.401 0.450 0.445 0.396 0.427 0.428 0.435 0.439 0.397 0.404 0.532 0.525 0.449 0.394 0.405 0.436 0.533 0.519 0.413 0.408 0.453 0.533 0.515 05/11/1999
0.729 0.641 0.573 0.460 0.503 0.647 0.628 0.589 0.488 0.491 0.694 0.672 0.532 0.529 0.492 0.654 0.675 0.616 0.609 0.610 0.990 0.687 0.663 0.615 0.682 1.158 0.947 1.003 0.814 0.677 06/11/1999
0.574 0.548 0.519 0.488 0.420 0.547 0.544 0.519 0.474 0.447 0.549 0.555 0.476 0.474 0.458 0.540 0.524 0.476 0.472 0.513 0.570 0.528 0.514 0.479 0.528 0.587 0.522 0.521 0.475 0.528 07/11/1999
0.345 0.329 0.315 0.308 0.312 0.331 0.333 0.316 0.318 0.314 0.369 0.329 0.331 0.326 0.316 0.317 0.330 0.330 0.323 0.346 0.361 0.332 0.368 0.335 0.398 0.429 0.416 0.453 0.410 0.396 08/11/1999
0.460 0.477 0.458 0.304 0.347 0.477 0.485 0.459 0.373 0.393 0.463 0.466 0.404 0.405 0.401 0.472 0.462 0.384 0.382 0.385 0.476 0.466 0.418 0.383 0.422 0.483 0.481 0.433 0.412 0.427 09/11/1999
0.347 0.343 0.340 0.340 0.349 0.341 0.337 0.340 0.342 0.350 0.341 0.342 0.342 0.340 0.353 0.354 0.360 0.340 0.337 0.342 0.357 0.362 0.343 0.343 0.340 0.362 0.359 0.343 0.344 0.337 10/11/1999
0.552 0.565 0.553 0.518 0.552 0.567 0.571 0.551 0.553 0.543 0.556 0.583 0.540 0.538 0.552 0.548 0.547 0.524 0.531 0.544 0.534 0.552 0.532 0.528 0.526 0.499 0.533 0.501 0.508 0.540 11/11/1999
0.372 0.338 0.343 0.327 0.383 0.337 0.335 0.337 0.349 0.354 0.341 0.340 0.353 0.352 0.355 0.362 0.385 0.350 0.350 0.349 0.376 0.386 0.358 0.353 0.350 0.421 0.442 0.360 0.353 0.350 12/11/1999
1.025 1.032 1.075 1.003 0.967 1.042 1.039 1.076 1.113 1.080 0.993 1.009 1.075 1.073 1.086 0.911 0.984 1.114 1.107 1.121 0.918 0.985 1.074 1.112 1.178 1.001 1.061 1.180 1.199 1.184 13/11/1999
0.644 0.654 0.670 0.678 0.660 0.650 0.636 0.669 0.707 0.667 0.653 0.668 0.693 0.683 0.672 0.614 0.645 0.665 0.663 0.670 0.655 0.645 0.693 0.669 0.720 0.654 0.636 0.713 0.701 0.724 14/11/1999
2.239 2.203 2.164 1.816 1.678 2.208 2.192 2.186 1.968 1.900 2.097 2.093 2.080 2.068 1.919 1.964 1.782 2.014 1.997 2.000 1.842 1.781 1.935 2.022 2.007 1.887 1.825 1.998 2.014 1.987 15/11/1999
0.895 0.903 0.901 0.770 0.853 0.900 0.886 0.909 1.008 0.973 1.037 1.028 1.032 1.018 0.987 0.954 1.076 1.127 1.107 1.178 1.043 1.077 1.172 1.135 1.242 1.104 1.119 1.232 1.231 1.212 16/11/1999
0.894 0.900 0.854 0.616 0.655 0.913 0.905 0.864 0.853 0.844 0.979 0.922 0.942 0.934 0.851 0.887 0.933 1.007 0.996 0.994 0.934 0.939 1.029 1.012 1.107 1.096 1.020 1.151 1.110 1.102 17/11/1999
1.275 1.561 1.309 0.975 0.982 1.528 1.519 1.313 1.321 1.277 1.733 1.688 1.547 1.492 1.320 1.662 1.653 1.726 1.673 1.376 1.652 1.646 1.795 1.743 1.700 1.771 1.790 1.971 1.924 1.640 18/11/1999
1.292 1.285 1.026 0.820 0.775 1.292 1.301 1.040 0.924 0.923 1.207 1.102 1.014 1.018 0.925 1.100 0.678 0.751 0.743 0.847 0.847 0.676 0.714 0.743 0.613 0.564 0.572 0.599 0.583 0.622 19/11/1999
0.586 0.456 0.458 0.382 0.389 0.457 0.458 0.462 0.426 0.418 0.410 0.408 0.393 0.396 0.416 0.380 0.372 0.395 0.391 0.402 0.372 0.374 0.378 0.392 0.412 0.403 0.388 0.393 0.396 0.415 20/11/1999
0.777 0.807 0.709 0.591 0.563 0.809 0.805 0.718 0.691 0.624 1.137 0.942 0.784 0.774 0.634 1.100 0.954 0.852 0.833 0.744 1.118 0.958 0.989 0.855 0.810 0.990 0.955 1.010 0.992 0.791 21/11/1999
0.534 0.539 0.517 0.447 0.483 0.537 0.535 0.516 0.446 0.433 0.580 0.547 0.498 0.499 0.431 0.616 0.554 0.508 0.507 0.494 0.601 0.556 0.537 0.509 0.530 0.603 0.590 0.570 0.558 0.533 22/11/1999
1.360 1.203 1.115 0.946 0.894 1.196 1.201 1.114 0.912 0.881 1.178 1.105 1.041 1.029 0.884 0.991 0.839 1.026 1.013 0.964 0.905 0.841 1.036 1.029 1.002 0.882 0.895 1.113 1.054 1.007 23/11/1999
0.593 0.553 0.492 0.420 0.456 0.555 0.561 0.500 0.438 0.452 0.536 0.515 0.486 0.481 0.452 0.469 0.438 0.495 0.486 0.437 0.454 0.436 0.511 0.498 0.492 0.463 0.461 0.540 0.521 0.478 24/11/1999
0.236 0.303 0.296 0.210 0.264 0.306 0.315 0.310 0.244 0.284 0.314 0.374 0.300 0.299 0.273 0.257 0.344 0.362 0.367 0.310 0.284 0.353 0.316 0.367 0.390 0.254 0.352 0.326 0.307 0.404 25/11/1999
0.207 0.211 0.209 0.202 0.220 0.213 0.213 0.211 0.220 0.226 0.218 0.219 0.221 0.222 0.226 0.224 0.235 0.229 0.231 0.230 0.225 0.236 0.230 0.230 0.239 0.225 0.239 0.230 0.233 0.243 26/11/1999
0.713 0.846 0.647 0.546 0.582 0.852 0.842 0.651 0.622 0.622 0.892 0.908 0.789 0.790 0.636 0.776 0.737 0.858 0.863 0.724 0.688 0.735 0.819 0.867 0.811 0.571 0.650 0.707 0.773 0.816 27/11/1999
0.475 0.482 0.425 0.364 0.366 0.493 0.505 0.442 0.442 0.423 0.501 0.456 0.446 0.453 0.422 0.443 0.494 0.558 0.557 0.585 0.475 0.496 0.507 0.557 0.747 0.571 0.648 0.657 0.713 0.758 28/11/1999
0.455 0.436 0.424 0.390 0.382 0.445 0.449 0.432 0.374 0.381 0.373 0.360 0.391 0.393 0.385 0.327 0.350 0.388 0.387 0.425 0.279 0.355 0.362 0.384 0.428 0.294 0.349 0.346 0.397 0.452 29/11/1999
0.342 0.362 0.353 0.256 0.257 0.362 0.355 0.351 0.291 0.263 0.369 0.404 0.367 0.371 0.268 0.307 0.337 0.404 0.388 0.346 0.300 0.342 0.370 0.399 0.396 0.274 0.323 0.326 0.394 0.390 30/11/1999
0.343 0.367 0.380 0.348 0.364 0.379 0.383 0.393 0.381 0.373 0.397 0.405 0.386 0.390 0.369 0.363 0.381 0.399 0.405 0.439 0.393 0.383 0.394 0.401 0.442 0.446 0.397 0.411 0.442 0.450 01/12/1999
0.642 0.782 0.710 0.560 0.558 0.800 0.805 0.721 0.641 0.611 0.874 0.827 0.789 0.799 0.607 0.794 0.777 0.811 0.816 0.709 0.796 0.778 0.806 0.812 0.719 0.714 0.700 0.718 0.721 0.727 02/12/1999
0.627 0.643 0.639 0.616 0.581 0.645 0.647 0.641 0.629 0.590 0.699 0.664 0.667 0.664 0.584 0.618 0.630 0.699 0.699 0.661 0.691 0.632 0.687 0.699 0.662 0.662 0.603 0.669 0.676 0.666 03/12/1999
0.898 0.954 0.942 0.761 0.687 0.965 0.962 0.940 0.691 0.647 0.895 0.962 0.958 0.961 0.661 0.781 0.803 0.909 0.913 0.742 0.811 0.807 0.915 0.911 0.823 0.720 0.818 0.927 0.939 0.807 04/12/1999
0.457 0.588 0.584 0.476 0.441 0.589 0.586 0.582 0.503 0.473 0.588 0.674 0.712 0.721 0.471 0.524 0.620 0.773 0.764 0.597 0.588 0.624 0.712 0.771 0.800 0.496 0.636 0.717 0.798 0.804 05/12/1999
0.513 0.504 0.479 0.401 0.393 0.511 0.510 0.478 0.366 0.350 0.500 0.522 0.499 0.501 0.357 0.442 0.398 0.415 0.421 0.354 0.476 0.403 0.482 0.418 0.317 0.355 0.352 0.402 0.365 0.321 06/12/1999
0.384 0.310 0.278 0.398 0.362 0.310 0.307 0.277 0.296 0.299 0.242 0.263 0.281 0.288 0.294 0.219 0.237 0.215 0.213 0.215 0.249 0.239 0.267 0.210 0.194 0.304 0.252 0.262 0.184 0.201 07/12/1999
0.685 0.828 0.762 0.574 0.541 0.839 0.839 0.763 0.593 0.571 0.747 0.865 0.858 0.858 0.568 0.666 0.683 0.778 0.782 0.687 0.627 0.689 0.757 0.785 0.756 0.694 0.723 0.794 0.816 0.759 08/12/1999
0.771 0.852 0.785 0.601 0.580 0.872 0.886 0.799 0.649 0.577 1.047 0.931 0.788 0.793 0.581 1.000 0.881 0.739 0.750 0.674 0.910 0.884 0.887 0.742 0.692 0.781 0.782 0.815 0.803 0.694 09/12/1999
0.519 0.603 0.537 0.451 0.460 0.621 0.629 0.547 0.491 0.501 0.702 0.679 0.584 0.596 0.499 0.648 0.599 0.676 0.687 0.584 0.674 0.604 0.726 0.674 0.699 0.569 0.603 0.728 0.718 0.714 10/12/1999
0.256 0.265 0.208 0.172 0.209 0.280 0.278 0.211 0.155 0.193 0.291 0.232 0.197 0.207 0.190 0.234 0.201 0.185 0.199 0.158 0.238 0.205 0.268 0.182 0.165 0.200 0.189 0.242 0.177 0.179 11/12/1999
0.620 0.587 0.546 0.601 0.536 0.600 0.596 0.556 0.551 0.502 0.581 0.541 0.520 0.523 0.490 0.506 0.377 0.497 0.502 0.506 0.470 0.383 0.544 0.501 0.467 0.452 0.340 0.512 0.491 0.479 12/12/1999
0.443 0.434 0.443 0.446 0.441 0.440 0.444 0.446 0.437 0.430 0.437 0.440 0.434 0.436 0.433 0.412 0.404 0.434 0.435 0.447 0.408 0.408 0.443 0.438 0.423 0.399 0.404 0.428 0.430 0.445 13/12/1999
0.760 0.748 0.734 0.694 0.681 0.746 0.748 0.734 0.689 0.724 0.818 0.785 0.709 0.711 0.685 0.799 0.774 0.718 0.690 0.652 0.805 0.773 0.753 0.723 0.670 0.828 0.731 0.731 0.729 0.688 14/12/1999
0.231 0.234 0.208 0.463 0.547 0.240 0.250 0.216 0.344 0.531 0.272 0.259 0.321 0.318 0.523 0.273 0.258 0.351 0.350 0.319 0.297 0.263 0.377 0.354 0.347 0.299 0.277 0.398 0.371 0.349 15/12/1999
0.077 0.080 0.072 0.099 0.120 0.083 0.083 0.075 0.083 0.100 0.094 0.088 0.078 0.079 0.099 0.093 0.088 0.087 0.086 0.078 0.094 0.090 0.093 0.088 0.085 0.091 0.091 0.092 0.088 0.086 16/12/1999
0.322 0.337 0.313 0.254 0.268 0.340 0.340 0.315 0.335 0.312 0.378 0.364 0.345 0.340 0.312 0.396 0.406 0.376 0.379 0.345 0.420 0.407 0.375 0.379 0.365 0.444 0.441 0.407 0.388 0.377 17/12/1999
0.278 0.304 0.295 0.297 0.280 0.307 0.311 0.300 0.312 0.317 0.293 0.296 0.277 0.271 0.320 0.272 0.228 0.304 0.305 0.307 0.240 0.230 0.261 0.304 0.317 0.244 0.232 0.263 0.292 0.321 18/12/1999
0.610 0.553 0.544 0.391 0.480 0.538 0.513 0.529 0.535 0.484 0.553 0.559 0.577 0.561 0.492 0.556 0.589 0.605 0.595 0.537 0.528 0.588 0.611 0.613 0.594 0.560 0.597 0.647 0.615 0.588 19/12/1999
0.192 0.201 0.205 0.207 0.241 0.198 0.203 0.203 0.264 0.247 0.194 0.198 0.252 0.245 0.247 0.207 0.243 0.278 0.278 0.287 0.222 0.244 0.267 0.282 0.304 0.211 0.244 0.277 0.302 0.300 20/12/1999
0.130 0.140 0.108 0.100 0.131 0.144 0.145 0.103 0.126 0.133 0.169 0.144 0.111 0.110 0.129 0.140 0.106 0.126 0.125 0.140 0.124 0.107 0.122 0.125 0.160 0.112 0.109 0.114 0.103 0.159 21/12/1999
0.142 0.135 0.099 0.098 0.105 0.139 0.141 0.101 0.102 0.107 0.151 0.121 0.100 0.104 0.107 0.146 0.107 0.104 0.107 0.108 0.134 0.110 0.114 0.104 0.105 0.105 0.107 0.102 0.103 0.110 22/12/1999
0.122 0.096 0.096 0.108 0.154 0.097 0.096 0.098 0.096 0.105 0.102 0.104 0.091 0.091 0.105 0.108 0.103 0.092 0.093 0.093 0.091 0.104 0.086 0.094 0.087 0.085 0.097 0.077 0.081 0.089 23/12/1999
0.150 0.152 0.136 0.109 0.110 0.150 0.153 0.138 0.113 0.114 0.182 0.151 0.131 0.133 0.113 0.166 0.158 0.157 0.162 0.134 0.171 0.160 0.181 0.153 0.148 0.142 0.142 0.157 0.177 0.156 24/12/1999
0.182 0.124 0.113 0.094 0.098 0.128 0.128 0.115 0.084 0.091 0.177 0.134 0.129 0.127 0.091 0.138 0.140 0.147 0.148 0.106 0.205 0.138 0.210 0.139 0.209 0.212 0.187 0.270 0.222 0.207 25/12/1999
0.136 0.131 0.131 0.135 0.142 0.133 0.133 0.134 0.137 0.141 0.134 0.136 0.127 0.127 0.141 0.145 0.144 0.123 0.126 0.132 0.147 0.145 0.132 0.126 0.136 0.140 0.149 0.135 0.136 0.141 26/12/1999
0.122 0.118 0.120 0.132 0.132 0.118 0.119 0.122 0.132 0.138 0.107 0.115 0.120 0.122 0.139 0.106 0.118 0.127 0.131 0.135 0.100 0.120 0.115 0.128 0.135 0.115 0.133 0.123 0.129 0.140 27/12/1999
0.148 0.142 0.142 0.147 0.171 0.144 0.142 0.144 0.153 0.178 0.150 0.147 0.154 0.159 0.179 0.151 0.154 0.160 0.158 0.161 0.154 0.157 0.175 0.157 0.170 0.167 0.163 0.181 0.165 0.173 28/12/1999
0.244 0.206 0.195 0.133 0.150 0.202 0.196 0.198 0.159 0.163 0.220 0.207 0.208 0.207 0.167 0.144 0.163 0.235 0.238 0.223 0.187 0.165 0.256 0.235 0.242 0.228 0.183 0.256 0.249 0.243 29/12/1999
0.180 0.127 0.132 0.122 0.130 0.125 0.117 0.138 0.124 0.131 0.121 0.120 0.116 0.117 0.131 0.120 0.136 0.124 0.125 0.129 0.124 0.136 0.124 0.125 0.124 0.121 0.139 0.126 0.122 0.128 30/12/1999
0.174 0.135 0.105 0.117 0.116 0.146 0.155 0.108 0.105 0.133 0.178 0.155 0.120 0.120 0.132 0.106 0.126 0.119 0.120 0.103 0.139 0.127 0.173 0.121 0.132 0.151 0.145 0.192 0.166 0.130 31/12/1999
0.115 0.126 0.129 0.111 0.117 0.127 0.122 0.130 0.113 0.120 0.140 0.142 0.112 0.114 0.119 0.153 0.159 0.124 0.124 0.118 0.146 0.159 0.121 0.126 0.118 0.137 0.156 0.121 0.121 0.119 01/01/2000
0.075 0.073 0.069 0.062 0.067 0.074 0.073 0.069 0.062 0.068 0.074 0.072 0.065 0.066 0.069 0.075 0.083 0.074 0.077 0.071 0.074 0.083 0.072 0.075 0.083 0.072 0.095 0.085 0.100 0.135 02/01/2000
0.149 0.142 0.138 0.153 0.144 0.138 0.136 0.135 0.123 0.128 0.146 0.144 0.126 0.125 0.130 0.131 0.109 0.129 0.129 0.126 0.123 0.110 0.131 0.130 0.114 0.121 0.110 0.132 0.128 0.118 03/01/2000
0.148 0.149 0.155 0.155 0.154 0.144 0.144 0.152 0.139 0.142 0.147 0.150 0.146 0.145 0.143 0.139 0.127 0.155 0.155 0.149 0.143 0.129 0.149 0.156 0.157 0.140 0.131 0.149 0.155 0.159 04/01/2000
0.131 0.129 0.138 0.115 0.126 0.125 0.125 0.136 0.118 0.122 0.126 0.135 0.126 0.125 0.123 0.121 0.113 0.118 0.119 0.147 0.127 0.115 0.129 0.119 0.145 0.124 0.116 0.132 0.137 0.145 05/01/2000
0.063 0.066 0.069 0.070 0.069 0.067 0.066 0.070 0.071 0.073 0.071 0.073 0.072 0.071 0.074 0.072 0.077 0.071 0.072 0.075 0.071 0.079 0.070 0.073 0.075 0.072 0.080 0.072 0.071 0.075 06/01/2000
0.179 0.162 0.152 0.142 0.134 0.160 0.160 0.152 0.120 0.126 0.179 0.171 0.126 0.128 0.125 0.178 0.173 0.136 0.138 0.124 0.179 0.174 0.150 0.137 0.130 0.177 0.177 0.144 0.137 0.136 07/01/2000
0.203 0.186 0.187 0.183 0.199 0.190 0.187 0.190 0.212 0.200 0.204 0.192 0.190 0.188 0.203 0.157 0.183 0.202 0.198 0.205 0.178 0.183 0.217 0.208 0.203 0.173 0.190 0.227 0.218 0.199 08/01/2000
0.151 0.166 0.181 0.068 0.227 0.178 0.167 0.185 0.215 0.170 0.180 0.175 0.183 0.199 0.159 0.176 0.198 0.231 0.223 0.233 0.250 0.209 0.222 0.235 0.251 0.199 0.218 0.237 0.227 0.236 09/01/2000
0.222 0.296 0.257 0.324 0.352 0.296 0.300 0.266 0.364 0.384 0.300 0.331 0.336 0.317 0.424 0.255 0.341 0.308 0.281 0.304 0.318 0.339 0.288 0.315 0.221 0.053 0.128 0.211 0.191 0.215 10/01/2000
0.451 0.428 0.457 0.432 0.404 0.415 0.405 0.453 0.252 0.224 0.383 0.420 0.441 0.434 0.227 0.416 0.442 0.441 0.429 0.479 0.407 0.443 0.428 0.436 0.576 0.500 0.506 0.484 0.482 0.561 11/01/2000
0.402 0.451 0.301 0.330 0.292 0.444 0.438 0.300 0.252 0.208 0.436 0.452 0.425 0.418 0.215 0.450 0.431 0.418 0.407 0.415 0.438 0.432 0.395 0.417 0.383 0.409 0.414 0.356 0.367 0.372 12/01/2000
0.154 0.127 0.137 0.213 0.156 0.134 0.139 0.136 0.165 0.151 0.142 0.176 0.156 0.154 0.155 0.147 0.172 0.212 0.208 0.124 0.165 0.174 0.139 0.214 0.238 0.113 0.137 0.100 0.128 0.239 13/01/2000
0.202 0.318 0.121 0.358 0.294 0.331 0.341 0.130 0.262 0.247 0.307 0.324 0.317 0.314 0.252 0.261 0.282 0.313 0.308 0.307 0.247 0.283 0.295 0.315 0.244 0.175 0.231 0.224 0.227 0.242 14/01/2000
0.085 0.082 0.108 0.085 0.112 0.076 0.075 0.114 0.095 0.108 0.080 0.084 0.151 0.147 0.117 0.089 0.113 0.106 0.112 0.109 0.101 0.115 0.094 0.113 0.112 0.213 0.211 0.103 0.109 0.115 15/01/2000
0.130 0.135 0.125 0.126 0.129 0.136 0.136 0.126 0.123 0.128 0.126 0.125 0.129 0.128 0.128 0.127 0.141 0.113 0.113 0.120 0.142 0.143 0.135 0.114 0.120 0.130 0.134 0.120 0.122 0.120 16/01/2000
0.132 0.105 0.142 0.096 0.202 0.105 0.104 0.145 0.161 0.178 0.101 0.099 0.127 0.122 0.181 0.111 0.124 0.111 0.112 0.116 0.114 0.125 0.118 0.112 0.120 0.126 0.132 0.122 0.122 0.121 17/01/2000
0.375 0.307 0.347 0.373 0.512 0.321 0.301 0.352 0.370 0.501 0.359 0.333 0.366 0.363 0.485 0.333 0.268 0.294 0.288 0.320 0.256 0.269 0.278 0.292 0.318 0.278 0.318 0.338 0.332 0.314 18/01/2000
0.150 0.110 0.128 0.080 0.281 0.120 0.109 0.126 0.256 0.291 0.087 0.086 0.211 0.201 0.291 0.094 0.130 0.182 0.184 0.225 0.097 0.135 0.193 0.183 0.208 0.096 0.153 0.236 0.195 0.203 19/01/2000
0.193 0.125 0.142 0.128 0.142 0.127 0.127 0.140 0.130 0.137 0.153 0.149 0.132 0.132 0.138 0.141 0.151 0.134 0.135 0.135 0.144 0.153 0.144 0.135 0.134 0.148 0.153 0.144 0.137 0.137 20/01/2000
0.159 0.167 0.168 0.171 0.239 0.169 0.170 0.170 0.208 0.215 0.174 0.175 0.171 0.173 0.215 0.191 0.197 0.173 0.174 0.197 0.191 0.198 0.175 0.174 0.222 0.184 0.205 0.199 0.188 0.220 21/01/2000
0.403 0.417 0.418 0.459 0.450 0.399 0.379 0.408 0.370 0.367 0.369 0.423 0.348 0.326 0.366 0.334 0.364 0.314 0.298 0.277 0.320 0.360 0.347 0.323 0.269 0.318 0.373 0.356 0.342 0.253 22/01/2000
0.277 0.160 0.153 0.243 0.277 0.163 0.163 0.156 0.166 0.170 0.168 0.171 0.173 0.173 0.232 0.181 0.192 0.181 0.181 0.177 0.185 0.195 0.179 0.183 0.181 0.184 0.194 0.178 0.183 0.183 23/01/2000
1.198 1.127 1.125 1.144 1.214 1.125 1.124 1.124 1.070 1.051 1.004 0.999 1.106 1.112 1.062 0.929 0.789 0.967 0.980 0.899 0.843 0.791 0.989 0.974 0.838 0.901 0.801 0.972 0.884 0.856 24/01/2000
1.503 1.458 1.495 1.457 1.478 1.477 1.488 1.510 1.358 1.331 1.333 1.370 1.370 1.370 1.335 1.225 1.095 1.245 1.252 1.228 1.118 1.105 1.257 1.247 1.149 1.120 1.094 1.232 1.183 1.163 25/01/2000
0.519 0.532 0.568 0.615 0.582 0.538 0.540 0.574 0.603 0.565 0.532 0.533 0.554 0.553 0.569 0.476 0.507 0.541 0.543 0.568 0.481 0.511 0.529 0.542 0.517 0.484 0.520 0.529 0.530 0.528 26/01/2000
0.703 0.701 0.697 0.659 0.653 0.713 0.713 0.701 0.627 0.640 0.705 0.679 0.641 0.643 0.643 0.656 0.576 0.643 0.642 0.626 0.627 0.581 0.653 0.642 0.608 0.584 0.574 0.640 0.634 0.611 27/01/2000
0.454 0.471 0.458 0.492 0.486 0.476 0.467 0.465 0.510 0.482 0.456 0.450 0.497 0.494 0.490 0.405 0.419 0.532 0.524 0.518 0.443 0.421 0.492 0.532 0.539 0.530 0.468 0.535 0.527 0.519 28/01/2000
0.250 0.249 0.249 0.250 0.254 0.248 0.245 0.249 0.255 0.256 0.247 0.250 0.256 0.255 0.259 0.253 0.266 0.258 0.257 0.258 0.259 0.268 0.256 0.260 0.255 0.262 0.267 0.256 0.256 0.255 29/01/2000
0.853 0.867 0.838 0.666 0.757 0.858 0.849 0.843 0.757 0.784 0.863 0.856 0.833 0.830 0.782 0.881 0.898 0.834 0.824 0.774 0.882 0.900 0.822 0.848 0.768 0.829 0.877 0.785 0.785 0.766 30/01/2000
0.445 0.447 0.425 0.374 0.392 0.449 0.449 0.426 0.435 0.432 0.442 0.449 0.455 0.452 0.443 0.440 0.446 0.478 0.480 0.468 0.435 0.446 0.463 0.482 0.468 0.440 0.454 0.467 0.472 0.469 31/01/2000
0.276 0.282 0.331 0.312 0.355 0.284 0.289 0.330 0.370 0.368 0.296 0.318 0.336 0.320 0.384 0.323 0.307 0.330 0.318 0.398 0.301 0.309 0.324 0.336 0.356 0.306 0.312 0.292 0.323 0.347 01/02/2000
0.385 0.378 0.387 0.330 0.353 0.377 0.368 0.390 0.389 0.391 0.393 0.405 0.402 0.404 0.396 0.388 0.403 0.404 0.399 0.410 0.412 0.405 0.418 0.404 0.397 0.398 0.398 0.398 0.394 0.399 02/02/2000
0.774 0.747 0.705 0.535 0.610 0.734 0.714 0.700 0.643 0.687 0.764 0.753 0.729 0.727 0.693 0.699 0.666 0.763 0.748 0.712 0.692 0.666 0.765 0.761 0.768 0.636 0.672 0.771 0.777 0.765 03/02/2000
0.707 0.687 0.601 0.409 0.425 0.678 0.680 0.600 0.411 0.418 0.666 0.648 0.557 0.549 0.428 0.692 0.598 0.542 0.533 0.413 0.658 0.601 0.590 0.552 0.453 0.661 0.587 0.579 0.558 0.449 04/02/2000
0.618 0.630 0.572 0.350 0.422 0.630 0.628 0.570 0.399 0.442 0.668 0.635 0.638 0.636 0.441 0.672 0.641 0.618 0.608 0.410 0.650 0.644 0.668 0.626 0.386 0.624 0.637 0.661 0.606 0.383 05/02/2000
0.288 0.283 0.285 0.279 0.330 0.282 0.281 0.291 0.282 0.312 0.278 0.282 0.295 0.312 0.306 0.298 0.359 0.306 0.319 0.281 0.294 0.363 0.318 0.302 0.281 0.295 0.354 0.297 0.286 0.282 06/02/2000
0.397 0.369 0.385 0.395 0.446 0.374 0.387 0.396 0.434 0.425 0.373 0.374 0.416 0.419 0.426 0.410 0.457 0.405 0.417 0.433 0.452 0.457 0.431 0.403 0.382 0.485 0.445 0.394 0.365 0.400 07/02/2000
0.771 0.753 0.769 0.691 0.750 0.758 0.752 0.773 0.862 0.769 0.734 0.748 0.830 0.816 0.771 0.737 0.719 0.819 0.805 0.833 0.739 0.717 0.780 0.822 0.736 0.759 0.681 0.759 0.799 0.719 08/02/2000
0.335 0.321 0.329 0.339 0.369 0.321 0.320 0.328 0.352 0.362 0.314 0.316 0.346 0.346 0.365 0.332 0.344 0.342 0.341 0.349 0.333 0.345 0.340 0.343 0.344 0.338 0.345 0.337 0.341 0.345 09/02/2000
0.336 0.329 0.337 0.336 0.354 0.330 0.330 0.337 0.353 0.351 0.321 0.323 0.339 0.342 0.352 0.319 0.338 0.336 0.339 0.345 0.326 0.339 0.339 0.336 0.338 0.339 0.345 0.343 0.342 0.344 10/02/2000
1.037 0.990 1.024 0.975 0.943 0.989 0.978 1.025 0.966 0.942 1.010 1.001 0.946 0.942 0.955 0.946 0.881 0.929 0.921 0.936 0.929 0.881 0.912 0.935 0.937 0.912 0.851 0.899 0.894 0.923 11/02/2000
0.735 0.724 0.697 0.688 0.716 0.725 0.725 0.693 0.752 0.706 0.778 0.778 0.725 0.719 0.705 0.790 0.744 0.755 0.757 0.754 0.807 0.743 0.772 0.759 0.696 0.786 0.707 0.745 0.742 0.678 12/02/2000
0.775 0.757 0.694 0.680 0.775 0.748 0.752 0.690 0.740 0.767 0.834 0.782 0.775 0.772 0.774 0.849 0.788 0.760 0.770 0.745 0.902 0.785 0.798 0.779 0.723 0.894 0.804 0.805 0.755 0.717 13/02/2000
0.510 0.512 0.517 0.508 0.540 0.510 0.510 0.514 0.549 0.553 0.524 0.523 0.552 0.552 0.558 0.516 0.519 0.558 0.556 0.566 0.520 0.521 0.557 0.561 0.563 0.544 0.534 0.568 0.580 0.562 14/02/2000
0.497 0.474 0.483 0.472 0.536 0.465 0.467 0.480 0.560 0.557 0.481 0.469 0.538 0.538 0.564 0.476 0.501 0.545 0.545 0.555 0.501 0.502 0.549 0.550 0.547 0.516 0.503 0.547 0.558 0.541 15/02/2000
0.616 0.606 0.613 0.599 0.679 0.608 0.606 0.611 0.669 0.665 0.553 0.539 0.652 0.649 0.670 0.538 0.545 0.636 0.630 0.645 0.542 0.548 0.639 0.638 0.641 0.549 0.537 0.638 0.645 0.633 16/02/2000
0.834 0.831 0.795 0.751 0.833 0.839 0.844 0.805 0.851 0.859 0.885 0.866 0.869 0.870 0.867 0.842 0.804 0.924 0.924 0.914 0.879 0.807 0.946 0.930 0.937 0.879 0.811 0.964 0.951 0.930 17/02/2000
0.772 0.778 0.733 0.652 0.747 0.784 0.779 0.743 0.687 0.696 0.840 0.792 0.752 0.754 0.699 0.806 0.736 0.740 0.740 0.629 0.790 0.737 0.786 0.738 0.607 0.805 0.729 0.771 0.700 0.603 18/02/2000
0.488 0.455 0.477 0.494 0.554 0.455 0.452 0.476 0.502 0.499 0.433 0.445 0.481 0.479 0.504 0.448 0.457 0.468 0.468 0.495 0.446 0.458 0.463 0.471 0.489 0.449 0.453 0.453 0.465 0.489 19/02/2000
0.965 0.957 0.959 0.919 0.927 0.958 0.960 0.961 0.937 0.912 0.951 0.935 0.955 0.949 0.914 0.955 0.936 0.952 0.950 0.919 0.953 0.941 0.951 0.958 0.875 0.943 0.947 0.968 0.953 0.871 20/02/2000
0.863 0.858 0.860 0.823 0.845 0.864 0.864 0.863 0.858 0.845 0.815 0.828 0.872 0.869 0.856 0.837 0.813 0.851 0.850 0.864 0.822 0.816 0.837 0.853 0.851 0.825 0.809 0.833 0.833 0.856 21/02/2000
0.487 0.470 0.441 0.368 0.428 0.472 0.483 0.441 0.411 0.432 0.459 0.458 0.439 0.444 0.428 0.463 0.447 0.457 0.466 0.436 0.454 0.452 0.474 0.461 0.448 0.444 0.435 0.475 0.485 0.453 22/02/2000
0.685 0.695 0.684 0.601 0.605 0.690 0.694 0.689 0.622 0.613 0.716 0.722 0.662 0.653 0.618 0.744 0.740 0.687 0.679 0.656 0.781 0.743 0.693 0.694 0.723 0.758 0.756 0.720 0.730 0.714 23/02/2000
0.674 0.685 0.661 0.628 0.645 0.682 0.677 0.664 0.670 0.658 0.646 0.644 0.674 0.672 0.661 0.671 0.673 0.653 0.651 0.677 0.664 0.674 0.654 0.657 0.678 0.656 0.674 0.651 0.670 0.673 24/02/2000
0.479 0.498 0.526 0.539 0.570 0.512 0.519 0.537 0.559 0.537 0.374 0.450 0.376 0.530 0.547 0.408 0.414 0.532 0.515 0.526 0.454 0.409 0.385 0.539 0.537 0.484 0.453 0.399 0.558 0.508 25/02/2000
0.644 0.627 0.526 0.477 0.638 0.622 0.623 0.520 0.549 0.623 0.572 0.611 0.594 0.602 0.620 0.516 0.497 0.607 0.610 0.610 0.497 0.500 0.573 0.618 0.618 0.500 0.545 0.604 0.606 0.631 26/02/2000
0.779 0.803 0.708 0.733 0.796 0.805 0.798 0.707 0.817 0.835 0.826 0.822 0.872 0.869 0.840 0.799 0.764 0.910 0.903 0.884 0.812 0.766 0.919 0.910 0.937 0.880 0.796 0.949 0.944 0.936 27/02/2000
1.261 1.248 1.234 1.193 1.196 1.254 1.261 1.242 1.184 1.169 1.199 1.205 1.216 1.218 1.170 1.139 1.098 1.197 1.198 1.192 1.135 1.105 1.201 1.198 1.200 1.156 1.107 1.219 1.213 1.207 28/02/2000
1.360 1.327 1.296 1.178 1.257 1.329 1.330 1.304 1.241 1.245 1.314 1.288 1.297 1.292 1.251 1.317 1.261 1.258 1.248 1.224 1.279 1.265 1.289 1.266 1.201 1.280 1.244 1.279 1.241 1.199 29/02/2000
0.875 0.875 0.890 0.929 1.013 0.873 0.871 0.890 1.017 1.025 0.865 0.865 0.960 0.957 1.037 0.893 0.976 0.947 0.939 0.984 0.911 0.978 0.921 0.955 0.957 0.934 0.976 0.927 0.926 0.946 01/03/2000
0.995 1.056 1.073 1.155 1.125 1.055 1.048 1.070 1.207 1.172 1.090 1.131 1.150 1.144 1.187 1.106 1.140 1.183 1.177 1.231 1.111 1.141 1.164 1.189 1.213 1.087 1.117 1.125 1.192 1.196 02/03/2000
1.157 1.155 1.189 1.254 1.270 1.148 1.134 1.183 1.281 1.227 1.154 1.147 1.227 1.224 1.237 1.200 1.198 1.167 1.168 1.228 1.203 1.199 1.189 1.176 1.173 1.189 1.148 1.151 1.152 1.169 03/03/2000
1.288 1.300 1.308 1.355 1.412 1.302 1.297 1.313 1.388 1.389 1.329 1.314 1.359 1.351 1.393 1.318 1.332 1.355 1.346 1.372 1.330 1.335 1.382 1.364 1.356 1.339 1.316 1.360 1.372 1.352 04/03/2000
0.999 1.077 1.036 1.079 1.121 1.076 1.065 1.032 1.220 1.224 1.135 1.142 1.173 1.168 1.232 1.160 1.215 1.253 1.247 1.305 1.198 1.214 1.228 1.257 1.303 1.249 1.256 1.250 1.270 1.308 05/03/2000
1.147 1.112 1.094 1.025 1.065 1.108 1.106 1.097 1.179 1.142 1.123 1.123 1.145 1.143 1.147 1.204 1.237 1.157 1.150 1.154 1.231 1.237 1.178 1.163 1.163 1.231 1.224 1.167 1.148 1.155 06/03/2000
1.357 1.320 1.349 1.290 1.308 1.325 1.324 1.345 1.346 1.310 1.299 1.309 1.352 1.347 1.321 1.334 1.371 1.330 1.322 1.356 1.351 1.371 1.336 1.338 1.364 1.364 1.393 1.370 1.361 1.363 07/03/2000
1.275 1.247 1.254 1.189 1.180 1.231 1.220 1.244 1.223 1.200 1.223 1.240 1.234 1.221 1.212 1.270 1.293 1.237 1.226 1.263 1.284 1.291 1.219 1.246 1.254 1.284 1.297 1.218 1.215 1.235 08/03/2000
0.656 0.713 0.734 0.638 0.722 0.699 0.702 0.732 0.762 0.715 0.670 0.742 0.798 0.790 0.733 0.674 0.791 0.780 0.766 0.797 0.776 0.790 0.788 0.782 0.812 0.892 0.857 0.829 0.781 0.800 09/03/2000
0.956 0.908 0.903 0.770 0.848 0.893 0.874 0.895 0.896 0.875 1.076 0.946 0.921 0.912 0.877 1.068 1.078 0.990 0.982 1.031 1.253 1.076 1.078 0.994 1.296 1.302 1.241 1.241 1.235 1.274 10/03/2000
2.358 2.434 2.415 2.153 2.122 2.429 2.427 2.405 2.191 2.089 2.538 2.477 2.383 2.373 2.117 2.487 2.333 2.335 2.316 2.243 2.463 2.327 2.418 2.348 2.319 2.423 2.377 2.508 2.450 2.287 11/03/2000
1.616 1.659 1.636 1.432 1.552 1.663 1.665 1.640 1.599 1.555 1.667 1.655 1.782 1.771 1.564 1.534 1.494 1.728 1.709 1.660 1.458 1.497 1.750 1.733 1.666 1.485 1.474 1.738 1.739 1.673 12/03/2000
1.053 1.029 1.010 0.952 0.962 1.009 1.006 1.002 0.976 0.924 0.987 0.989 1.019 1.010 0.936 0.985 0.944 0.966 0.949 0.950 0.959 0.938 0.992 0.965 0.937 0.940 0.950 0.988 0.960 0.930 13/03/2000
1.401 1.466 1.258 1.039 1.095 1.461 1.453 1.251 1.132 1.112 1.579 1.535 1.407 1.395 1.125 1.586 1.627 1.473 1.455 1.238 1.675 1.623 1.666 1.475 1.420 1.642 1.670 1.719 1.727 1.406 14/03/2000
0.958 0.942 0.936 0.928 0.993 0.948 0.941 0.935 0.966 0.978 0.966 0.957 0.954 0.953 0.993 0.954 0.980 0.952 0.952 0.936 0.977 0.986 0.984 0.954 0.925 0.983 0.955 0.961 0.948 0.925 15/03/2000
1.473 1.457 1.386 1.234 1.207 1.452 1.442 1.382 1.236 1.207 1.491 1.454 1.358 1.352 1.226 1.482 1.464 1.368 1.354 1.267 1.512 1.463 1.401 1.369 1.321 1.492 1.504 1.434 1.409 1.317 16/03/2000
1.457 1.445 1.437 1.374 1.362 1.434 1.427 1.429 1.368 1.366 1.434 1.438 1.436 1.429 1.384 1.440 1.446 1.419 1.405 1.383 1.438 1.443 1.436 1.426 1.413 1.466 1.465 1.459 1.443 1.398 17/03/2000
1.684 1.726 1.733 1.783 1.778 1.702 1.691 1.721 1.776 1.747 1.673 1.697 1.830 1.814 1.755 1.665 1.728 1.794 1.782 1.766 1.695 1.727 1.770 1.806 1.794 1.717 1.748 1.805 1.820 1.771 18/03/2000
1.767 1.782 1.771 1.716 1.871 1.780 1.790 1.779 1.897 1.876 1.687 1.758 1.872 1.872 1.883 1.713 1.930 1.933 1.928 1.955 1.809 1.926 1.902 1.934 2.059 1.947 2.071 2.058 2.064 2.066 19/03/2000
2.248 2.374 2.387 2.269 2.255 2.357 2.371 2.373 2.369 2.319 2.223 2.410 2.452 2.448 2.336 2.205 2.350 2.486 2.467 2.413 2.230 2.345 2.430 2.495 2.573 2.367 2.451 2.516 2.572 2.554 20/03/2000
0.940 0.900 1.114 1.327 1.352 0.861 0.841 1.112 1.417 1.380 0.707 0.897 1.208 1.204 1.390 0.576 1.042 1.334 1.336 1.409 0.735 1.036 1.008 1.336 1.531 1.042 1.130 1.184 1.366 1.517 21/03/2000
1.895 1.873 1.851 1.785 1.793 1.866 1.858 1.846 1.814 1.740 1.825 1.823 1.889 1.871 1.750 1.839 1.829 1.866 1.854 1.827 1.832 1.829 1.880 1.877 1.795 1.807 1.821 1.889 1.837 1.781 22/03/2000
2.374 2.414 2.324 2.205 2.219 2.401 2.392 2.319 2.268 2.226 2.348 2.370 2.358 2.347 2.237 2.329 2.306 2.321 2.302 2.260 2.243 2.299 2.313 2.330 2.283 2.256 2.347 2.339 2.325 2.258 23/03/2000
0.681 0.644 0.780 0.820 0.768 0.581 0.563 0.766 0.815 0.764 0.625 0.733 0.808 0.783 0.782 0.689 0.821 0.684 0.841 0.749 0.738 0.808 0.625 0.701 0.988 0.955 0.943 0.887 0.889 0.945 24/03/2000
1.532 1.567 1.470 1.315 1.322 1.552 1.542 1.460 1.399 1.328 1.577 1.590 1.482 1.471 1.343 1.591 1.614 1.513 1.475 1.407 1.595 1.612 1.592 1.521 1.467 1.519 1.580 1.543 1.565 1.441 25/03/2000
1.565 1.568 1.547 1.507 1.568 1.561 1.546 1.538 1.570 1.621 1.591 1.593 1.561 1.556 1.649 1.583 1.603 1.622 1.612 1.602 1.618 1.606 1.623 1.625 1.642 1.626 1.615 1.668 1.663 1.636 26/03/2000
2.013 2.054 2.048 2.052 2.094 2.044 2.026 2.043 2.148 2.130 2.118 2.100 2.161 2.148 2.146 2.149 2.165 2.193 2.179 2.161 2.193 2.167 2.204 2.200 2.189 2.221 2.219 2.262 2.233 2.174 27/03/2000
3.191 3.243 3.174 3.298 2.858 3.085 2.949 3.080 3.068 2.895 3.090 3.146 3.236 3.142 2.943 3.408 3.155 3.173 3.076 2.988 3.329 3.130 3.179 3.218 3.171 3.291 3.259 3.361 3.319 3.032 28/03/2000
4.328 4.408 4.472 4.234 4.082 4.386 4.384 4.461 4.393 4.164 4.168 4.366 4.485 4.477 4.207 4.196 4.199 4.530 4.519 4.450 4.178 4.186 4.339 4.535 4.586 4.263 4.321 4.485 4.633 4.549 29/03/2000
4.932 5.006 5.030 4.705 4.557 4.978 4.967 4.994 4.879 4.712 4.888 5.070 5.025 5.017 4.755 4.885 4.847 5.176 5.126 4.968 4.907 4.832 5.050 5.192 5.182 4.947 5.094 5.325 5.323 5.145 30/03/2000
4.417 4.504 4.487 4.247 4.154 4.498 4.514 4.487 4.422 4.253 4.600 4.535 4.511 4.497 4.283 4.592 4.450 4.557 4.520 4.446 4.590 4.452 4.558 4.568 4.543 4.551 4.512 4.661 4.630 4.494 31/03/2000
3.207 3.219 3.225 3.199 3.220 3.217 3.212 3.234 3.368 3.223 3.304 3.273 3.354 3.335 3.240 3.323 3.365 3.420 3.416 3.409 3.391 3.370 3.421 3.432 3.444 3.442 3.421 3.509 3.462 3.435 01/04/2000
2.910 2.922 2.924 2.811 2.755 2.909 2.909 2.919 2.811 2.737 2.949 2.952 2.814 2.807 2.759 2.886 2.908 2.872 2.852 2.838 2.921 2.900 2.891 2.883 2.958 2.977 2.997 3.002 2.999 2.927 02/04/2000
2.689 2.738 2.783 2.730 2.638 2.722 2.724 2.772 2.769 2.633 2.628 2.741 2.769 2.742 2.663 2.605 2.674 2.709 2.676 2.715 2.624 2.676 2.747 2.726 2.731 2.695 2.632 2.734 2.704 2.688 03/04/2000
3.234 3.196 3.120 3.131 3.014 3.197 3.202 3.120 3.136 3.004 3.268 3.180 3.098 3.088 3.024 3.250 3.164 3.138 3.129 3.127 3.274 3.166 3.220 3.153 3.142 3.335 3.221 3.301 3.156 3.127 04/04/2000
3.315 3.271 3.292 3.274 3.191 3.263 3.266 3.294 3.315 3.192 3.223 3.231 3.339 3.328 3.211 3.221 3.191 3.231 3.209 3.256 3.226 3.190 3.225 3.237 3.244 3.277 3.194 3.263 3.245 3.219 05/04/2000
2.079 1.991 2.033 2.171 2.236 1.979 1.969 2.023 2.123 2.055 1.789 1.826 2.003 1.980 2.077 1.940 1.821 1.940 1.898 1.973 1.892 1.819 1.855 1.963 1.923 1.953 1.861 1.915 1.910 1.884 06/04/2000
2.277 2.312 2.351 2.217 2.193 2.291 2.268 2.332 2.381 2.371 2.288 2.355 2.390 2.375 2.390 2.320 2.415 2.379 2.370 2.370 2.411 2.413 2.386 2.384 2.277 2.342 2.347 2.288 2.285 2.253 07/04/2000
1.770 1.760 1.774 1.644 1.659 1.748 1.742 1.763 1.833 1.733 1.771 1.797 1.859 1.837 1.743 1.837 1.891 1.873 1.851 1.879 1.899 1.883 1.854 1.880 1.898 1.864 1.889 1.860 1.904 1.861 08/04/2000
2.392 2.258 2.362 2.316 2.275 2.245 2.228 2.362 2.338 2.325 2.204 2.258 2.254 2.227 2.355 2.008 2.058 2.225 2.202 2.283 2.058 2.051 2.172 2.234 2.241 2.077 2.043 2.177 2.195 2.214 09/04/2000
3.175 3.127 3.193 3.259 3.368 3.097 3.091 3.186 3.490 3.418 3.135 3.130 3.391 3.364 3.441 3.361 3.441 3.406 3.386 3.456 3.464 3.442 3.432 3.417 3.421 3.442 3.440 3.444 3.451 3.393 10/04/2000
3.763 3.699 3.782 3.734 3.774 3.666 3.642 3.762 3.850 3.758 3.590 3.628 3.772 3.745 3.783 3.567 3.620 3.710 3.682 3.747 3.586 3.621 3.691 3.717 3.656 3.576 3.607 3.700 3.692 3.624 11/04/2000
2.820 2.769 2.839 3.067 3.059 2.743 2.709 2.817 3.097 3.009 2.512 2.596 2.909 2.887 3.035 2.564 2.728 2.784 2.730 2.952 2.583 2.724 2.701 2.796 3.060 2.765 2.864 2.885 2.922 2.993 12/04/2000
3.565 3.122 3.241 3.424 3.342 3.073 3.040 3.216 3.384 3.251 2.522 2.602 2.965 2.942 3.272 2.515 2.653 2.699 2.664 2.991 2.650 2.648 2.641 2.717 3.111 3.325 3.151 3.176 3.173 3.063 13/04/2000
2.371 2.309 2.130 2.159 2.267 2.291 2.286 2.124 2.184 2.179 2.335 2.319 2.193 2.173 2.191 2.379 2.405 2.211 2.178 2.109 2.375 2.403 2.424 2.224 2.115 2.411 2.405 2.438 2.345 2.087 14/04/2000
2.651 2.613 2.574 2.691 2.736 2.616 2.600 2.562 2.665 2.582 2.653 2.555 2.830 2.815 2.605 2.662 2.679 2.629 2.608 2.751 2.702 2.679 2.682 2.641 2.578 2.848 2.740 2.776 2.655 2.553 15/04/2000
2.175 2.084 2.079 1.772 1.732 2.085 2.058 2.076 2.063 1.879 1.953 1.960 2.100 2.093 1.900 2.028 2.080 1.974 1.961 2.017 2.004 2.076 1.957 1.978 1.970 1.839 1.976 1.868 1.916 1.944 16/04/2000
2.448 2.464 2.476 2.278 2.405 2.445 2.422 2.470 2.459 2.446 2.288 2.338 2.500 2.474 2.462 2.369 2.435 2.412 2.393 2.403 2.349 2.431 2.380 2.420 2.413 2.267 2.402 2.325 2.421 2.389 17/04/2000
2.818 2.802 2.804 2.715 2.731 2.789 2.786 2.793 2.802 2.695 2.737 2.744 2.835 2.824 2.708 2.734 2.825 2.799 2.778 2.729 2.761 2.817 2.876 2.802 2.716 2.745 2.792 2.848 2.830 2.678 18/04/2000
1.477 1.490 1.363 1.272 1.347 1.463 1.442 1.344 1.416 1.330 1.909 1.532 1.468 1.438 1.365 1.893 1.732 1.455 1.414 1.352 1.966 1.735 1.757 1.470 1.394 2.141 1.770 1.839 1.568 1.346 19/04/2000
3.360 3.239 3.183 3.058 3.114 3.230 3.229 3.177 3.271 3.173 3.239 3.226 3.357 3.335 3.184 3.252 3.350 3.323 3.306 3.303 3.286 3.349 3.365 3.329 3.344 3.254 3.345 3.399 3.367 3.320 20/04/2000
4.078 4.173 4.208 4.029 3.859 4.160 4.147 4.196 4.191 3.945 4.280 4.282 4.180 4.186 3.952 4.359 4.362 4.230 4.231 4.170 4.495 4.362 4.231 4.231 4.175 4.450 4.414 4.255 4.242 4.181 21/04/2000
5.017 5.023 5.044 4.949 4.828 5.028 5.028 5.064 4.949 4.835 5.054 5.061 4.947 4.939 4.868 5.033 5.038 4.956 4.969 4.890 5.026 5.049 5.001 4.963 4.911 4.962 5.034 5.026 4.949 4.901 22/04/2000
4.748 4.749 4.721 4.718 4.609 4.732 4.730 4.714 4.683 4.650 4.839 4.825 4.788 4.773 4.666 4.783 4.850 4.800 4.778 4.659 4.852 4.856 4.868 4.817 4.763 4.935 4.888 4.916 4.851 4.741 23/04/2000
4.447 4.380 4.444 4.295 4.088 4.395 4.382 4.448 4.152 4.009 4.340 4.341 4.142 4.115 4.038 4.302 4.197 4.124 4.093 4.130 4.265 4.197 4.121 4.126 4.166 4.299 4.234 4.176 4.170 4.144 24/04/2000
3.367 3.302 3.380 3.531 3.495 3.277 3.260 3.381 3.679 3.524 3.307 3.401 3.570 3.554 3.549 3.286 3.478 3.695 3.675 3.769 3.331 3.475 3.574 3.696 3.874 3.522 3.589 3.712 3.776 3.858 25/04/2000
3.666 3.438 3.512 3.707 3.644 3.404 3.408 3.491 3.691 3.647 3.410 3.501 3.643 3.643 3.650 3.443 3.524 3.608 3.590 3.673 3.442 3.511 3.580 3.624 3.695 3.531 3.355 3.474 3.545 3.656 26/04/2000
2.821 2.814 2.800 2.873 2.899 2.796 2.783 2.789 2.941 2.857 2.744 2.763 2.913 2.893 2.877 2.774 2.816 2.853 2.825 2.927 2.766 2.814 2.797 2.863 2.996 2.853 2.856 2.856 2.917 2.955 27/04/2000
2.378 2.245 2.268 2.234 2.391 2.219 2.205 2.252 2.289 2.287 2.101 2.166 2.344 2.332 2.306 2.345 2.315 2.150 2.132 2.149 2.263 2.306 2.106 2.153 2.135 2.351 2.320 2.113 2.099 2.113 28/04/2000
3.055 3.049 2.950 2.835 2.913 3.032 3.018 2.936 3.006 2.920 3.071 2.955 3.096 3.077 2.949 3.094 3.121 3.122 3.103 3.083 3.120 3.120 3.168 3.144 3.214 3.229 3.174 3.227 3.202 3.169 29/04/2000
3.014 2.943 2.996 3.109 3.103 2.932 2.915 2.986 3.082 3.019 2.905 2.897 3.006 2.991 3.035 2.884 2.967 3.129 3.113 2.971 2.941 2.967 3.037 3.136 2.961 3.046 2.942 3.014 2.975 2.922 30/04/2000
1.981 1.883 2.026 2.090 2.227 1.825 1.810 1.990 2.010 1.947 1.927 1.813 2.105 2.060 1.972 1.898 2.086 2.013 1.982 1.881 1.885 2.081 2.115 2.035 2.114 1.981 2.067 2.137 2.130 2.054 01/05/2000
2.845 2.729 2.777 2.949 3.056 2.717 2.722 2.772 3.038 2.981 2.896 2.727 3.035 3.044 2.994 2.955 2.944 2.774 2.731 2.850 2.981 2.935 2.888 2.788 2.699 2.952 3.012 3.021 2.461 2.684 02/05/2000
3.148 3.057 3.119 3.142 3.136 3.059 3.054 3.108 3.259 3.161 3.089 3.092 3.233 3.217 3.192 3.140 3.219 3.188 3.154 3.289 3.213 3.219 3.252 3.201 3.355 3.232 3.231 3.292 3.270 3.332 03/05/2000
4.251 4.227 4.243 4.333 4.214 4.236 4.222 4.234 4.313 4.166 4.256 4.247 4.272 4.269 4.194 4.265 4.272 4.250 4.244 4.281 4.281 4.271 4.272 4.256 4.279 4.319 4.296 4.326 4.273 4.261 04/05/2000
2.138 2.066 2.052 2.091 2.182 2.036 1.991 2.027 2.145 2.108 2.153 1.922 2.197 2.157 2.130 2.220 2.148 2.099 2.080 2.012 2.259 2.149 2.180 2.107 2.013 2.367 2.198 2.236 2.093 1.981 05/05/2000
2.053 1.887 1.539 1.604 1.584 1.878 1.859 1.532 1.933 1.828 2.302 1.886 1.793 1.761 1.841 2.303 2.043 1.800 1.776 1.974 2.240 2.036 2.102 1.807 2.044 2.118 1.817 1.937 1.934 2.001 06/05/2000
2.529 2.425 2.348 2.650 2.731 2.360 2.303 2.307 2.836 2.768 2.474 2.407 2.847 2.826 2.779 2.908 2.917 2.893 2.871 2.803 3.060 2.904 2.967 2.903 2.789 3.003 2.958 3.026 2.921 2.741 07/05/2000
3.259 3.201 3.238 3.300 3.395 3.189 3.179 3.235 3.480 3.437 3.158 3.196 3.335 3.315 3.468 3.184 3.199 3.377 3.353 3.449 3.179 3.197 3.272 3.392 3.428 3.163 3.240 3.349 3.387 3.397 08/05/2000
2.704 2.408 2.275 2.172 2.176 2.376 2.348 2.265 2.094 1.950 2.169 2.163 2.093 2.052 1.979 2.175 2.116 2.123 2.074 2.205 2.079 2.109 2.131 2.141 2.402 2.489 2.320 2.363 2.347 2.342 09/05/2000
1.665 1.604 1.564 1.478 1.408 1.571 1.540 1.524 1.614 1.541 1.560 1.564 1.572 1.553 1.559 1.539 1.534 1.612 1.565 1.654 1.537 1.520 1.513 1.635 1.676 1.545 1.523 1.558 1.633 1.624 10/05/2000
2.547 2.390 2.213 1.988 1.954 2.377 2.352 2.184 1.915 1.857 2.478 2.276 2.094 2.075 1.888 2.466 2.251 2.130 2.112 1.930 2.464 2.248 2.242 2.140 1.925 2.376 2.186 2.134 2.048 1.901 11/05/2000
2.564 2.617 2.659 2.591 2.563 2.608 2.591 2.655 2.746 2.689 2.606 2.641 2.790 2.773 2.719 2.604 2.650 2.711 2.693 2.711 2.589 2.643 2.640 2.728 2.714 2.663 2.635 2.690 2.734 2.682 12/05/2000
2.640 2.536 2.599 2.640 2.337 2.504 2.472 2.576 2.382 2.396 2.445 2.446 2.343 2.338 2.399 2.303 2.298 2.319 2.323 2.352 2.398 2.300 2.302 2.314 2.236 2.290 2.249 2.280 2.205 2.222 13/05/2000
1.698 1.620 1.691 1.805 1.833 1.579 1.541 1.661 1.792 1.761 1.541 1.510 1.634 1.602 1.777 1.528 1.573 1.499 1.457 1.586 1.548 1.555 1.546 1.521 1.496 1.621 1.564 1.481 1.534 1.453 14/05/2000
1.176 1.161 1.113 1.113 1.099 1.136 1.101 1.094 1.208 1.112 1.211 1.229 1.207 1.194 1.130 1.179 1.314 1.266 1.238 1.231 1.318 1.308 1.325 1.272 1.270 1.431 1.403 1.422 1.352 1.237 15/05/2000
1.767 1.849 1.883 1.892 1.989 1.815 1.771 1.856 2.345 2.341 2.173 1.966 2.228 2.201 2.374 2.158 2.250 2.549 2.513 2.490 2.321 2.247 2.281 2.558 2.605 2.483 2.468 2.507 2.719 2.556 16/05/2000
2.823 2.808 2.741 2.566 2.753 2.773 2.740 2.715 2.848 2.787 2.748 2.740 2.944 2.911 2.804 2.811 2.879 2.876 2.837 2.838 2.761 2.868 2.869 2.892 2.799 2.657 2.855 2.883 2.899 2.753 17/05/2000
3.298 3.270 3.258 3.178 3.221 3.249 3.229 3.245 3.337 3.234 3.289 3.255 3.372 3.351 3.249 3.349 3.363 3.380 3.356 3.356 3.412 3.358 3.392 3.390 3.359 3.396 3.376 3.422 3.370 3.327 18/05/2000
3.582 3.633 3.609 3.408 3.305 3.620 3.606 3.598 3.532 3.460 3.783 3.788 3.642 3.611 3.487 3.794 3.865 3.671 3.634 3.592 3.872 3.859 3.718 3.686 3.610 3.788 3.882 3.788 3.705 3.574 19/05/2000
2.892 2.896 2.932 2.757 2.850 2.859 2.837 2.915 2.900 2.829 2.936 2.882 2.974 2.963 2.846 3.012 2.984 2.888 2.874 2.800 3.060 2.981 2.988 2.900 2.706 3.031 2.941 2.934 2.778 2.670 20/05/2000
2.663 2.565 2.628 2.558 2.602 2.558 2.532 2.609 2.721 2.612 2.554 2.482 2.595 2.565 2.645 2.579 2.726 2.763 2.727 2.699 2.636 2.720 2.711 2.779 2.825 2.643 2.787 2.805 2.793 2.789 21/05/2000
3.500 3.359 3.364 3.095 3.155 3.338 3.315 3.340 3.396 3.295 3.258 3.312 3.463 3.451 3.324 3.276 3.386 3.385 3.379 3.357 3.321 3.391 3.441 3.391 3.336 3.291 3.403 3.432 3.376 3.308 22/05/2000
2.252 2.234 2.200 2.239 2.312 2.209 2.173 2.186 2.533 2.457 2.375 2.364 2.327 2.300 2.491 2.382 2.568 2.374 2.340 2.459 2.496 2.556 2.555 2.379 2.511 2.544 2.605 2.615 2.513 2.463 23/05/2000
3.514 3.546 3.625 3.501 3.544 3.554 3.533 3.607 3.793 3.626 3.512 3.673 3.883 3.868 3.649 3.533 3.578 3.880 3.863 3.751 3.562 3.570 3.609 3.880 3.631 3.585 3.570 3.647 3.614 3.592 24/05/2000
2.590 2.621 2.627 2.642 2.661 2.596 2.555 2.603 2.747 2.682 2.706 2.756 2.803 2.770 2.694 2.771 3.020 2.991 2.970 2.864 2.954 3.004 2.953 3.005 2.963 3.083 3.093 3.082 3.019 2.918 25/05/2000
1.879 2.326 2.541 2.600 2.641 2.294 2.267 2.513 3.144 3.044 2.628 2.834 3.128 3.119 3.067 2.643 3.238 3.227 3.210 3.290 3.101 3.233 3.232 3.240 3.353 3.318 3.305 3.328 3.372 3.327 26/05/2000
1.456 1.243 1.356 1.596 1.694 1.232 1.209 1.380 1.580 1.365 0.977 1.057 1.319 1.297 1.386 1.078 0.946 0.782 0.917 1.145 0.844 0.920 0.896 0.795 1.058 1.197 1.099 0.966 0.842 1.134 27/05/2000
3.210 3.187 3.175 3.150 3.250 3.177 3.160 3.174 3.290 3.185 3.272 3.086 3.271 3.255 3.228 3.325 3.040 3.264 3.251 3.240 3.170 3.038 3.012 3.268 3.348 3.055 3.016 3.030 3.214 3.331 28/05/2000
2.202 2.129 1.927 2.002 2.105 2.089 2.055 1.897 2.201 2.112 2.352 2.251 2.234 2.194 2.140 2.351 2.352 2.332 2.304 2.092 2.404 2.336 2.362 2.352 2.128 2.440 2.222 2.329 2.203 2.058 29/05/2000
4.056 3.957 3.920 3.846 3.817 3.935 3.920 3.904 3.859 3.769 3.970 3.925 3.936 3.916 3.805 3.901 3.864 3.836 3.842 3.761 3.862 3.859 3.859 3.849 3.830 3.892 3.893 3.935 3.899 3.820 30/05/2000
5.406 5.583 5.371 4.982 4.884 5.535 5.511 5.348 5.202 4.913 5.472 5.442 5.372 5.346 4.916 5.438 5.237 5.290 5.252 5.194 5.352 5.226 5.338 5.296 5.197 5.165 5.146 5.248 5.261 5.165 31/05/2000
3.962 3.968 3.855 3.730 3.730 3.928 3.892 3.836 3.982 3.845 3.914 3.963 3.986 3.944 3.880 3.803 3.975 4.017 3.993 4.014 3.911 3.961 4.010 4.031 4.079 3.890 4.013 4.085 4.037 4.019 01/06/2000
4.094 4.073 3.987 3.666 3.567 4.048 4.023 3.964 3.765 3.623 4.035 3.967 3.858 3.819 3.656 3.980 3.785 3.848 3.802 3.831 3.899 3.780 3.778 3.867 3.868 3.760 3.811 3.859 3.899 3.799 02/06/2000
4.217 4.220 4.212 3.963 3.927 4.220 4.210 4.215 4.174 4.014 4.235 4.239 4.230 4.203 4.050 4.218 4.116 4.221 4.185 4.222 4.162 4.112 4.154 4.237 4.256 4.063 4.174 4.259 4.289 4.210 03/06/2000
4.923 4.828 4.800 4.485 4.542 4.798 4.770 4.769 4.614 4.552 4.804 4.765 4.809 4.807 4.565 4.826 4.739 4.714 4.717 4.605 4.770 4.732 4.750 4.701 4.665 4.667 4.764 4.734 4.713 4.680 04/06/2000
2.496 2.516 2.556 2.436 2.459 2.487 2.447 2.531 2.572 2.503 2.457 2.542 2.633 2.622 2.526 2.450 2.531 2.493 2.474 2.364 2.581 2.521 2.496 2.499 1.911 2.530 2.372 2.371 2.269 1.911 05/06/2000
3.533 3.574 3.473 3.074 3.168 3.561 3.538 3.449 3.317 3.224 3.569 3.517 3.533 3.504 3.247 3.561 3.544 3.536 3.493 3.341 3.516 3.540 3.533 3.549 3.379 3.398 3.579 3.590 3.582 3.334 06/06/2000
3.470 3.358 3.290 2.705 2.783 3.317 3.299 3.256 2.957 2.842 3.155 3.248 3.273 3.255 2.861 3.273 3.316 3.193 3.151 2.907 3.293 3.298 3.187 3.199 2.973 3.208 3.328 3.198 3.153 2.930 07/06/2000
3.523 3.533 3.526 3.211 3.186 3.497 3.480 3.508 3.398 3.347 3.460 3.523 3.589 3.534 3.367 3.437 3.502 3.569 3.511 3.541 3.470 3.496 3.492 3.584 3.759 3.504 3.674 3.739 3.762 3.708 08/06/2000
3.719 3.763 3.738 3.537 3.570 3.734 3.723 3.724 3.873 3.790 3.761 3.762 3.816 3.783 3.801 3.751 3.880 3.794 3.769 3.792 3.794 3.875 3.838 3.804 3.745 3.638 3.866 3.837 3.804 3.689 09/06/2000
4.773 4.812 4.821 4.460 4.470 4.755 4.734 4.790 4.726 4.564 4.674 4.699 4.757 4.723 4.588 4.640 4.532 4.701 4.655 4.713 4.546 4.530 4.617 4.724 4.644 4.407 4.588 4.688 4.672 4.588 10/06/2000
2.753 2.630 2.411 2.228 2.152 2.574 2.513 2.381 2.367 2.003 2.527 2.300 2.415 2.368 2.069 2.613 2.401 2.409 2.333 2.324 2.607 2.380 2.350 2.436 2.264 2.479 2.411 2.371 2.341 2.191 11/06/2000
3.990 3.911 3.890 3.557 3.461 3.892 3.848 3.881 3.710 3.515 3.898 3.808 3.819 3.785 3.555 3.915 3.866 3.714 3.652 3.733 3.874 3.860 3.733 3.734 3.771 3.879 3.867 3.769 3.685 3.724 12/06/2000
3.821 3.777 3.822 3.622 3.592 3.758 3.729 3.803 3.821 3.715 3.766 3.766 3.808 3.781 3.745 3.783 3.879 3.819 3.807 3.836 3.791 3.865 3.834 3.843 3.965 3.807 3.891 3.887 3.911 3.922 13/06/2000
3.545 3.434 3.419 3.304 3.196 3.419 3.395 3.407 3.417 3.254 3.479 3.390 3.342 3.292 3.279 3.463 3.392 3.233 3.198 3.367 3.394 3.387 3.273 3.244 3.293 3.346 3.375 3.299 3.193 3.252 14/06/2000
2.432 2.260 2.197 2.082 1.963 2.211 2.173 2.184 2.182 2.098 2.051 2.037 2.175 2.136 2.150 1.973 1.983 2.184 2.125 2.098 2.025 1.965 1.919 2.195 2.071 2.020 2.020 2.025 2.183 1.958 15/06/2000
4.250 4.148 4.191 3.943 3.902 4.115 4.088 4.175 4.116 3.941 4.109 4.089 4.123 4.087 3.975 4.146 4.018 4.085 4.037 4.105 4.118 4.015 4.006 4.103 4.097 3.997 3.979 4.028 4.047 4.027 16/06/2000
5.129 5.126 5.253 5.015 5.018 5.096 5.064 5.221 5.330 5.147 5.131 5.146 5.281 5.240 5.164 5.053 5.099 5.215 5.174 5.222 5.052 5.101 5.174 5.232 5.198 4.961 5.116 5.240 5.237 5.125 17/06/2000
5.125 5.111 5.187 5.050 5.078 5.079 5.066 5.161 5.402 5.188 5.159 5.201 5.328 5.295 5.234 5.135 5.224 5.282 5.245 5.311 5.132 5.218 5.245 5.297 5.261 5.012 5.169 5.241 5.251 5.208 18/06/2000
4.741 4.765 4.865 4.653 4.796 4.719 4.667 4.827 5.182 4.897 4.845 4.833 5.040 4.977 4.955 4.785 4.989 5.037 4.962 5.087 4.869 4.973 4.975 5.079 5.106 4.886 5.069 5.139 5.166 5.001 19/06/2000
5.539 5.574 5.575 5.466 5.414 5.567 5.550 5.596 5.701 5.504 5.627 5.611 5.684 5.642 5.540 5.409 5.446 5.658 5.624 5.730 5.454 5.431 5.646 5.673 5.702 5.428 5.454 5.661 5.659 5.653 20/06/2000
5.859 5.886 5.962 5.743 5.570 5.859 5.850 5.945 5.986 5.778 5.868 5.919 5.990 5.962 5.815 5.767 5.881 5.885 5.860 5.903 5.806 5.876 5.868 5.903 5.875 5.525 5.855 5.919 5.875 5.833 21/06/2000
5.638 5.611 5.653 5.519 5.358 5.587 5.579 5.645 5.632 5.435 5.619 5.603 5.640 5.617 5.467 5.536 5.523 5.615 5.583 5.606 5.582 5.522 5.535 5.629 5.538 5.321 5.508 5.532 5.510 5.505 22/06/2000
5.941 5.838 5.919 5.750 5.546 5.829 5.799 5.919 5.907 5.641 5.829 5.839 5.840 5.808 5.685 5.769 5.768 5.778 5.731 5.828 5.782 5.763 5.748 5.798 5.754 5.616 5.741 5.752 5.734 5.691 23/06/2000
5.809 5.787 5.837 5.738 5.473 5.757 5.734 5.817 5.853 5.563 5.762 5.788 5.733 5.736 5.596 5.668 5.552 5.715 5.690 5.760 5.630 5.547 5.614 5.719 5.729 5.592 5.556 5.645 5.671 5.708 24/06/2000
6.076 6.037 6.158 6.063 5.888 6.039 6.029 6.162 6.115 5.969 6.066 6.056 6.005 5.977 6.014 5.765 5.819 5.947 5.914 6.087 5.825 5.817 5.878 5.963 6.137 5.838 5.817 5.931 5.944 6.079 25/06/2000
5.835 5.757 5.766 5.704 5.453 5.732 5.714 5.756 5.513 5.292 5.725 5.690 5.662 5.620 5.318 5.656 5.531 5.398 5.347 5.274 5.597 5.527 5.511 5.425 5.240 5.519 5.667 5.718 6.370 5.179 26/06/2000
6.110 6.031 6.261 6.418 6.223 6.023 6.025 6.245 6.443 6.112 5.794 5.931 6.300 6.255 6.175 5.732 5.801 5.989 5.932 6.172 5.195 5.804 5.851 6.009 5.624 4.808 5.173 5.130 5.398 5.624 27/06/2000
5.271 5.321 5.395 5.265 5.205 5.340 5.341 5.392 5.365 5.169 5.285 5.260 5.370 5.366 5.193 5.278 5.258 5.348 5.387 5.532 5.299 5.254 5.223 5.364 5.428 5.096 5.204 5.223 5.243 5.427 28/06/2000
4.781 4.598 4.573 4.242 4.189 4.589 4.564 4.572 4.319 4.116 4.465 4.382 4.390 4.374 4.136 4.436 4.281 4.185 4.158 3.986 4.390 4.272 4.294 4.200 4.004 4.456 4.347 4.334 4.359 3.974 29/06/2000
4.168 4.071 4.024 3.778 3.870 3.955 3.916 3.953 3.926 3.899 3.944 3.959 4.002 3.978 3.923 3.767 3.903 3.939 3.907 3.880 3.875 3.855 3.989 3.951 3.942 4.073 3.979 4.050 4.043 3.895 30/06/2000
4.240 4.202 4.239 4.039 4.005 4.198 4.189 4.241 4.070 3.952 4.193 4.225 4.108 4.078 3.983 4.178 4.116 3.993 3.963 3.954 4.217 4.115 4.141 3.998 3.979 4.266 4.105 4.180 4.077 3.938 01/07/2000
2.762 2.716 2.785 2.822 2.817 2.688 2.667 2.780 2.830 2.803 2.514 2.655 2.737 2.712 2.819 2.559 2.654 2.703 2.667 2.675 2.608 2.645 2.561 2.715 2.568 2.649 2.592 2.526 2.595 2.535 02/07/2000
2.457 1.907 1.887 1.470 1.285 1.916 1.967 1.902 1.671 1.462 2.162 2.049 1.917 1.871 1.519 2.159 2.112 1.954 1.929 1.752 2.220 2.101 2.012 1.934 1.945 2.312 2.253 2.257 2.267 1.966 03/07/2000
3.363 3.214 3.205 3.249 3.164 3.204 3.169 3.205 3.155 3.026 3.165 3.187 3.113 3.095 3.062 3.088 2.970 2.909 2.877 2.952 2.908 2.956 2.916 2.931 2.718 2.798 2.751 2.779 2.719 2.652 04/07/2000
4.382 4.245 4.280 3.962 3.924 4.235 4.209 4.275 4.080 3.953 4.253 4.180 4.089 4.068 3.977 4.239 4.179 4.062 4.050 4.056 4.178 4.166 4.119 4.088 4.091 4.284 4.217 4.190 4.145 4.047 05/07/2000
4.053 4.066 4.074 3.965 3.951 4.053 4.051 4.060 4.017 3.957 4.115 4.055 3.992 3.960 3.965 4.020 3.811 3.937 3.880 3.797 3.878 3.810 3.875 3.963 3.700 3.493 3.679 3.755 3.770 3.664 06/07/2000
4.367 4.385 4.431 4.361 4.336 4.369 4.358 4.413 4.452 4.338 4.323 4.378 4.417 4.394 4.365 4.334 4.279 4.332 4.296 4.375 4.318 4.281 4.270 4.362 4.346 4.279 4.258 4.310 4.337 4.303 07/07/2000
4.675 4.691 4.666 4.649 4.576 4.665 4.645 4.652 4.770 4.689 4.816 4.808 4.760 4.722 4.717 4.762 4.835 4.797 4.766 4.755 4.832 4.840 4.829 4.812 4.764 4.838 4.824 4.850 4.842 4.717 08/07/2000
4.830 4.935 5.041 4.930 4.910 4.909 4.894 5.024 5.223 5.057 5.024 5.123 5.133 5.115 5.077 4.941 4.981 5.184 5.138 5.366 5.009 4.968 5.088 5.209 5.281 5.116 5.034 5.232 5.298 5.223 09/07/2000
4.444 4.565 4.614 4.577 4.566 4.511 4.507 4.580 4.658 4.531 4.616 4.622 4.652 4.633 4.542 4.648 4.579 4.666 4.636 4.647 4.604 4.574 4.645 4.679 4.747 4.606 4.611 4.704 4.719 4.695 10/07/2000
3.977 3.852 3.860 3.771 3.898 3.828 3.818 3.843 3.989 3.939 3.896 3.836 3.931 3.904 3.986 3.914 4.000 3.963 3.931 3.981 3.992 3.997 3.976 3.973 4.114 4.062 4.102 4.091 4.107 4.059 11/07/2000
5.125 5.086 5.107 5.016 4.871 5.065 5.052 5.102 5.164 4.949 5.050 5.077 5.084 5.069 4.977 4.971 4.865 5.095 5.059 5.083 4.934 4.852 5.022 5.110 5.133 4.937 4.865 5.061 5.089 5.063 12/07/2000
5.218 5.174 5.241 5.132 4.963 5.137 5.116 5.256 5.296 5.054 5.199 5.203 5.177 5.138 5.096 5.026 4.957 5.181 5.119 5.280 5.062 4.959 5.140 5.201 5.331 5.085 5.011 5.246 5.256 5.258 13/07/2000
4.539 4.602 4.619 4.603 4.503 4.570 4.553 4.598 4.739 4.575 4.649 4.655 4.721 4.684 4.630 4.485 4.614 4.844 4.805 4.783 4.605 4.603 4.796 4.866 4.949 4.722 4.676 4.924 4.980 4.868 14/07/2000
3.178 3.216 3.176 2.926 2.692 3.159 3.125 3.151 2.927 2.690 3.269 3.232 3.005 2.950 2.749 3.284 3.127 3.009 2.944 2.913 3.332 3.115 3.122 3.045 3.033 3.368 3.153 3.262 3.098 2.941 15/07/2000
3.589 3.455 3.495 3.267 3.268 3.396 3.366 3.460 3.694 3.550 3.347 3.272 3.467 3.439 3.580 3.404 3.609 3.765 3.725 3.762 3.460 3.604 3.605 3.782 3.819 3.786 3.825 3.860 3.860 3.772 16/07/2000
4.450 4.378 4.416 4.337 4.342 4.320 4.291 4.379 4.428 4.345 4.440 4.418 4.442 4.391 4.370 4.432 4.494 4.460 4.411 4.406 4.519 4.485 4.507 4.475 4.461 4.595 4.529 4.598 4.553 4.381 17/07/2000
3.414 3.142 2.968 3.116 3.116 3.122 3.091 2.949 3.323 3.196 3.078 3.185 3.211 3.182 3.236 3.137 3.155 3.103 3.049 3.144 3.084 3.145 3.099 3.127 3.085 3.136 2.991 2.950 3.034 2.989 18/07/2000
3.920 3.849 3.802 3.778 3.752 3.824 3.803 3.771 3.714 3.622 3.752 3.707 3.710 3.687 3.652 3.695 3.670 3.665 3.642 3.728 3.690 3.660 3.667 3.682 3.761 3.810 3.785 3.825 3.781 3.705 19/07/2000
3.476 3.552 3.591 3.455 3.558 3.514 3.487 3.564 3.696 3.614 3.681 3.722 3.727 3.707 3.646 3.719 3.780 3.741 3.708 3.761 3.807 3.771 3.757 3.754 3.833 3.927 3.838 3.858 3.810 3.781 20/07/2000
4.439 4.357 4.387 4.286 4.241 4.334 4.314 4.365 4.351 4.216 4.301 4.286 4.354 4.316 4.244 4.181 4.163 4.264 4.235 4.262 4.179 4.158 4.301 4.282 4.262 4.218 4.182 4.328 4.285 4.214 21/07/2000
5.295 5.299 5.312 5.229 5.218 5.287 5.260 5.307 5.336 5.225 5.219 5.249 5.305 5.278 5.240 5.099 5.090 5.258 5.230 5.254 5.090 5.092 5.189 5.262 5.248 5.159 5.099 5.208 5.243 5.228 22/07/2000
5.061 4.999 5.169 5.145 5.007 4.975 4.973 5.154 5.317 5.095 4.938 5.045 5.265 5.241 5.151 4.819 5.152 5.305 5.267 5.230 5.020 5.151 5.290 5.323 5.202 5.221 5.344 5.490 5.504 5.193 23/07/2000
4.636 4.570 4.554 4.466 4.421 4.577 4.547 4.534 4.611 4.473 4.636 4.532 4.609 4.580 4.508 4.586 4.520 4.557 4.518 4.560 4.588 4.521 4.538 4.569 4.559 4.590 4.564 4.674 4.600 4.546 24/07/2000
4.137 4.053 4.053 3.896 3.837 4.009 4.017 4.029 3.950 3.820 4.154 4.065 3.976 3.965 3.844 4.151 4.172 4.020 3.986 3.915 4.275 4.158 4.033 4.026 3.949 4.242 4.219 4.072 4.097 3.923 25/07/2000
4.087 3.839 3.914 3.811 3.668 3.832 3.808 3.905 3.715 3.587 3.788 3.792 3.725 3.672 3.659 3.767 3.860 3.683 3.605 3.614 3.812 3.861 3.715 3.697 3.747 3.867 3.917 3.839 3.848 3.671 26/07/2000
4.054 3.954 4.020 3.886 3.811 3.949 3.927 3.998 4.032 3.875 4.041 4.036 3.992 3.967 3.892 4.068 4.058 4.035 3.997 4.005 4.103 4.052 3.992 4.044 4.047 4.124 4.072 4.054 4.068 4.002 27/07/2000
4.236 4.132 4.285 4.174 4.107 4.120 4.115 4.298 4.211 4.071 4.205 4.205 4.149 4.113 4.115 4.241 4.219 4.160 4.104 4.110 4.334 4.213 4.133 4.170 4.160 4.402 4.283 4.236 4.237 4.107 28/07/2000
4.534 4.472 4.571 4.477 4.469 4.466 4.448 4.546 4.783 4.575 4.537 4.579 4.714 4.682 4.618 4.468 4.628 4.731 4.686 4.714 4.547 4.623 4.722 4.741 4.739 4.610 4.619 4.734 4.712 4.693 29/07/2000
5.165 5.079 5.181 5.112 5.074 5.074 5.063 5.150 5.353 5.107 5.186 5.172 5.242 5.211 5.156 5.141 5.140 5.291 5.248 5.306 5.191 5.128 5.314 5.298 5.329 5.271 5.155 5.339 5.336 5.260 30/07/2000
5.249 5.216 5.284 5.171 5.037 5.204 5.192 5.294 5.364 5.149 5.292 5.207 5.182 5.149 5.185 5.130 5.044 5.165 5.142 5.385 5.127 5.043 5.172 5.173 5.432 5.183 5.108 5.284 5.360 5.388 31/07/2000
