# 6448 6449 6450 6451 6452 6528 6529 6530 6531 6532 6610 6611 6612 6613 6614 6693 6694 6695 6696 6697 6776 6777 6778 6779 6780 6859 6860 6861 6862 6863 Date
1.366 0.171 0.285 0.000 0.000 0.173 0.175 0.287 0.000 0.000 0.000 0.000 0.000 0.000 0.000 0.000 0.000 0.000 0.000 0.276 0.000 0.000 0.000 0.000 1.468 0.000 0.000 0.000 0.410 1.490 01/08/1954
0.126 0.172 0.000 0.000 0.000 0.174 0.176 0.000 0.000 0.000 0.000 0.000 0.000 0.000 0.000 0.000 0.000 0.000 0.000 0.000 0.000 0.000 0.000 0.000 0.000 0.000 0.000 0.000 0.000 0.000 02/08/1954
0.549 0.912 0.101 0.000 0.000 0.920 0.929 0.101 0.125 0.121 0.000 0.000 0.136 0.139 0.120 0.000 0.000 0.597 0.602 0.000 0.000 0.000 0.000 0.594 0.168 0.000 0.000 0.000 0.000 0.170 03/08/1954
0.000 0.000 0.000 0.000 0.000 0.000 0.000 0.000 0.000 0.000 0.000 0.000 0.000 0.000 0.000 0.000 0.000 0.000 0.000 0.000 0.000 0.000 0.000 0.000 0.000 0.000 0.000 0.000 0.000 0.000 04/08/1954
0.000 0.000 0.000 0.000 0.000 0.000 0.000 0.000 0.000 0.000 0.000 0.000 0.000 0.000 0.000 0.000 0.000 0.000 0.000 0.000 0.000 0.000 0.000 0.000 0.000 0.000 0.000 0.000 0.000 0.000 05/08/1954
0.000 0.000 0.000 0.000 0.000 0.000 0.000 0.000 0.000 0.000 0.000 0.000 0.000 0.000 0.000 0.000 0.000 0.000 0.000 0.000 0.000 0.000 0.000 0.000 0.000 0.000 0.000 0.000 0.000 0.000 06/08/1954
0.000 0.000 0.000 0.000 0.000 0.000 0.000 0.000 0.000 0.000 0.000 0.000 0.112 0.114 0.000 0.000 0.000 0.000 0.000 0.000 0.110 0.000 0.000 0.000 0.000 0.107 0.000 0.000 0.000 0.000 07/08/1954
0.000 0.000 0.000 0.000 0.000 0.000 0.000 0.000 0.000 0.000 0.000 0.000 0.000 0.000 0.000 0.000 0.000 0.000 0.000 0.000 0.000 0.000 0.000 0.000 0.000 0.000 0.000 0.000 0.000 0.000 08/08/1954
0.000 0.000 0.000 0.000 0.000 0.000 0.000 0.000 0.000 0.000 0.000 0.000 0.000 0.000 0.000 0.000 0.000 0.000 0.000 0.000 0.000 0.000 0.000 0.000 0.000 0.000 0.000 0.000 0.000 0.000 09/08/1954
0.000 0.000 0.000 0.000 0.000 0.000 0.000 0.000 0.000 0.000 0.000 0.000 0.000 0.000 0.000 0.000 0.000 0.000 0.000 0.000 0.000 0.000 0.000 0.000 0.000 0.000 0.000 0.000 0.000 0.000 10/08/1954
0.000 0.000 0.000 0.000 0.000 0.000 0.000 0.000 0.000 0.000 0.000 0.000 0.000 0.000 0.000 0.000 0.000 0.000 0.000 0.000 0.000 0.000 0.000 0.000 0.000 0.000 0.000 0.000 0.000 0.000 11/08/1954
0.000 0.000 0.000 0.000 0.000 0.000 0.000 0.000 0.000 0.000 0.000 0.000 0.000 0.000 0.000 0.000 0.000 0.000 0.000 0.000 0.000 0.000 0.000 0.000 0.000 0.000 0.000 0.000 0.000 0.000 12/08/1954
2.401 2.808 2.201 3.755 3.746 2.843 2.871 2.215 1.971 2.611 3.228 2.960 1.808 1.825 2.589 3.013 1.887 2.194 2.217 2.844 2.941 1.890 2.076 2.184 2.484 2.139 2.265 2.563 2.486 2.516 13/08/1954
0.166 0.534 0.665 0.888 0.834 0.540 0.544 0.671 0.338 0.401 0.749 0.889 1.413 1.426 0.397 0.611 1.614 1.790 1.810 0.000 0.640 1.617 1.748 1.782 0.000 0.856 2.092 2.408 0.849 0.000 14/08/1954
0.000 0.000 0.000 0.000 0.000 0.000 0.000 0.000 0.000 0.000 0.000 0.000 0.000 0.000 0.000 0.000 0.000 0.000 0.000 0.000 0.000 0.000 0.000 0.000 0.000 0.000 0.000 0.000 0.000 0.000 15/08/1954
3.531 2.824 2.171 2.296 2.382 2.859 2.887 2.184 2.638 3.334 3.388 2.654 2.125 2.144 3.306 3.106 1.210 0.686 0.688 2.758 2.047 1.213 1.333 0.683 1.180 0.522 0.412 0.578 0.916 1.195 16/08/1954
17.174 13.950 13.836 15.636 17.353 14.122 14.262 13.944 15.333 17.471 15.127 13.114 13.305 13.429 17.323 12.969 18.328 19.535 19.746 18.261 14.197 18.371 19.917 19.447 22.962 14.120 24.400 27.604 23.412 23.326 17/08/1954
0.523 3.382 2.847 2.458 3.009 3.422 3.456 2.870 4.146 4.395 1.693 3.132 3.619 3.650 4.358 1.344 1.457 1.479 1.496 1.455 1.586 1.459 1.445 1.472 4.648 2.797 2.652 3.080 3.819 4.718 18/08/1954
0.000 0.433 0.000 0.000 0.000 0.451 0.466 0.000 0.000 0.000 0.127 0.000 0.102 0.102 0.000 0.149 0.000 0.188 0.189 0.000 0.144 0.000 0.000 0.188 0.128 0.000 0.000 0.000 0.112 0.128 19/08/1954
0.950 0.725 0.374 0.336 0.495 0.729 0.732 0.386 0.000 0.000 0.208 0.000 0.100 0.100 0.000 0.190 0.000 0.112 0.113 0.000 0.128 0.000 0.102 0.112 0.000 0.105 0.000 0.000 0.000 0.000 20/08/1954
10.773 5.434 4.861 6.538 7.912 5.502 5.557 4.900 3.395 3.520 4.277 2.716 3.338 3.363 3.490 4.177 3.440 6.127 6.194 5.747 2.878 3.448 3.921 6.100 4.134 3.438 3.354 3.799 4.549 4.199 21/08/1954
1.736 0.575 2.894 5.491 6.079 0.580 0.584 2.916 2.503 2.919 0.834 1.583 1.525 1.539 2.894 0.618 1.946 1.881 1.901 3.509 2.699 1.951 2.183 1.873 4.782 3.155 3.172 3.585 6.593 4.856 22/08/1954
0.000 0.523 0.543 0.317 0.471 0.530 0.537 0.547 0.182 0.303 0.134 0.656 0.521 0.524 0.303 0.152 0.577 0.830 0.835 1.654 0.110 0.578 0.848 0.828 2.058 0.160 0.559 0.825 1.404 2.090 23/08/1954
0.000 0.000 0.000 0.000 0.000 0.000 0.000 0.000 0.000 0.000 0.000 0.000 0.102 0.103 0.000 0.000 0.000 0.000 0.000 0.149 0.000 0.000 0.000 0.000 0.000 0.000 0.000 0.000 0.000 0.000 24/08/1954
2.052 2.908 1.452 1.793 2.380 2.943 2.971 1.463 3.007 3.192 2.013 1.883 1.813 1.829 3.166 1.725 0.647 1.192 1.204 0.941 0.513 0.648 0.916 1.186 1.055 1.331 1.419 1.410 1.421 1.067 25/08/1954
0.000 0.000 0.000 0.000 0.000 0.000 0.000 0.000 0.000 0.000 0.000 0.000 0.000 0.000 0.000 0.000 0.000 0.000 0.000 0.000 0.000 0.000 0.000 0.000 0.000 0.000 0.000 0.000 0.000 0.000 26/08/1954
0.000 0.000 0.000 0.000 0.000 0.000 0.000 0.000 0.000 0.000 0.000 0.000 0.000 0.000 0.000 0.000 0.000 0.000 0.000 0.000 0.000 0.000 0.000 0.000 0.000 0.000 0.000 0.000 0.000 0.000 27/08/1954
0.000 0.000 0.000 0.000 0.000 0.000 0.000 0.000 0.000 0.000 0.000 0.000 0.000 0.000 0.000 0.000 0.000 0.000 0.000 0.000 0.000 0.000 0.000 0.000 0.000 0.000 0.000 0.000 0.000 0.000 28/08/1954
6.164 6.618 3.284 2.239 2.651 6.698 6.764 3.310 1.975 2.503 3.460 6.211 4.238 4.277 2.486 3.627 4.743 6.865 6.934 3.026 2.466 4.754 5.328 6.839 5.077 2.075 2.831 3.124 5.015 5.157 29/08/1954
1.729 1.814 0.884 0.834 1.070 1.837 1.856 0.890 0.588 0.924 0.267 0.647 1.018 1.028 0.919 0.228 0.000 0.306 0.322 0.000 0.169 0.000 0.142 0.300 0.000 0.240 0.277 0.510 0.235 0.000 30/08/1954
0.680 1.201 0.460 0.451 0.502 1.214 1.225 0.471 0.267 0.363 1.462 0.906 1.133 1.143 0.353 1.535 0.852 0.637 0.645 0.259 2.096 0.854 1.177 0.634 0.521 0.681 0.297 0.518 0.272 0.527 31/08/1954
0.000 0.000 0.000 0.000 0.000 0.000 0.000 0.000 0.000 0.000 0.000 0.000 0.000 0.000 0.000 0.000 0.000 0.200 0.200 0.121 0.000 0.000 0.000 0.200 0.571 0.000 0.109 0.135 0.279 0.599 01/09/1954
0.535 0.971 0.262 0.438 0.370 0.983 0.992 0.292 1.028 0.866 1.230 0.385 0.856 0.861 0.859 1.423 0.715 1.275 1.289 1.496 0.875 0.716 1.057 1.269 2.238 1.199 1.569 1.648 2.241 2.273 02/09/1954
20.088 21.326 22.493 17.985 21.147 21.597 21.818 22.673 20.279 20.691 19.487 21.394 20.343 20.526 20.515 17.906 16.528 20.310 20.528 19.209 17.171 16.567 19.091 20.220 14.579 13.713 13.460 13.851 13.936 14.810 03/09/1954
12.848 15.050 12.495 9.935 11.256 15.242 15.398 12.591 5.359 6.013 6.041 9.405 6.825 6.888 5.962 6.168 0.162 0.000 0.000 2.499 3.366 0.163 0.311 0.000 0.000 0.151 0.119 0.164 0.198 0.000 04/09/1954
0.751 2.259 2.098 0.977 0.927 2.252 2.288 2.109 1.066 0.929 0.339 1.510 0.464 0.462 0.925 0.445 0.155 0.130 0.130 0.169 0.122 0.156 0.224 0.131 8.744 0.125 0.303 0.486 1.580 8.875 05/09/1954
2.742 2.562 4.163 5.498 6.110 2.583 2.607 4.195 4.892 5.574 2.503 3.103 3.836 3.872 5.527 2.582 1.072 1.920 1.940 3.495 0.671 1.074 1.505 1.912 0.846 0.271 0.287 0.455 0.535 0.860 06/09/1954
0.000 0.000 0.000 0.000 0.000 0.000 0.000 0.000 0.000 0.000 0.000 0.000 0.000 0.000 0.000 0.000 0.000 0.000 0.000 0.000 0.000 0.000 0.000 0.000 0.000 0.000 0.000 0.000 0.000 0.000 07/09/1954
0.000 0.000 0.000 0.000 0.000 0.000 0.000 0.000 0.000 0.000 0.000 0.000 0.000 0.000 0.000 0.000 0.000 0.000 0.000 0.000 0.000 0.000 0.000 0.000 0.000 0.000 0.000 0.000 0.000 0.000 08/09/1954
0.000 0.000 0.000 0.000 0.000 0.000 0.000 0.000 0.000 0.000 0.000 0.000 0.000 0.000 0.000 0.000 0.000 0.000 0.000 0.000 0.000 0.000 0.000 0.000 0.000 0.000 0.000 0.000 0.000 0.000 09/09/1954
0.000 0.000 0.000 0.000 0.000 0.000 0.000 0.000 0.000 0.000 0.000 0.000 0.000 0.000 0.000 0.000 0.000 0.000 0.000 0.000 0.000 0.000 0.000 0.000 0.000 0.000 0.000 0.000 0.000 0.000 10/09/1954
0.000 0.000 0.000 0.000 0.000 0.000 0.000 0.000 0.000 0.000 0.000 0.000 0.000 0.000 0.000 0.000 0.000 0.000 0.000 0.000 0.000 0.000 0.000 0.000 0.000 0.000 0.000 0.000 0.000 0.000 11/09/1954
0.101 0.000 1.069 0.240 0.145 0.000 0.000 1.077 10.750 11.910 0.188 0.139 1.253 1.264 11.809 0.237 17.693 23.135 23.391 6.773 1.329 17.735 19.510 23.028 7.627 20.056 29.837 25.514 16.528 7.748 12/09/1954
0.000 0.000 0.000 0.000 0.000 0.000 0.000 0.000 0.000 0.000 0.000 0.000 0.000 0.000 0.000 0.000 0.000 0.000 0.000 0.000 0.000 0.000 0.000 0.000 0.000 0.000 0.000 0.000 0.000 0.000 13/09/1954
4.298 2.958 2.603 0.000 0.000 2.991 3.017 2.638 0.101 0.000 4.452 4.400 0.671 0.677 0.000 3.874 5.119 0.154 0.155 0.138 11.371 5.130 6.135 0.154 0.000 2.013 0.828 0.865 0.302 0.000 14/09/1954
7.852 7.588 19.903 2.773 3.145 7.685 7.763 20.023 2.821 2.863 2.554 8.402 32.880 33.083 2.839 2.042 7.459 6.660 6.731 3.573 2.288 7.477 8.283 6.631 1.484 5.463 3.751 4.395 8.196 1.508 15/09/1954
0.686 0.000 0.129 0.000 0.000 0.000 0.000 0.129 0.000 0.000 0.104 0.132 0.339 0.342 0.000 0.110 0.000 0.105 0.105 0.152 0.216 0.000 0.115 0.105 0.190 1.191 0.139 0.170 0.152 0.194 16/09/1954
0.196 0.263 0.197 0.163 0.074 0.269 0.268 0.199 0.241 0.100 0.100 0.100 0.169 0.169 0.100 0.000 0.000 0.105 0.105 0.000 0.000 0.000 0.126 0.105 0.131 0.000 0.000 0.000 0.000 0.132 17/09/1954
0.000 0.000 0.000 0.000 0.000 0.000 0.000 0.000 0.000 0.000 0.000 0.000 0.000 0.000 0.000 0.000 0.000 0.000 0.000 0.000 0.000 0.000 0.000 0.000 0.000 0.000 0.000 0.000 0.000 0.000 18/09/1954
0.000 0.000 0.000 0.000 0.000 0.000 0.000 0.000 0.000 0.000 1.073 0.219 0.000 0.000 0.000 0.871 0.328 0.148 0.151 0.000 0.555 0.330 0.534 0.148 0.000 3.484 0.991 1.414 0.000 0.000 19/09/1954
0.000 0.000 0.000 0.000 0.000 0.000 0.000 0.000 0.000 0.000 0.000 0.000 0.000 0.000 0.000 0.000 0.000 0.000 0.000 0.000 0.000 0.000 0.000 0.000 0.000 0.000 0.000 0.000 0.000 0.000 20/09/1954
0.000 0.000 0.000 0.000 0.000 0.000 0.000 0.000 0.000 0.000 0.000 0.000 0.000 0.000 0.000 0.000 0.000 0.000 0.000 0.000 0.000 0.000 0.000 0.000 0.000 0.000 0.000 0.000 0.000 0.000 21/09/1954
0.000 0.000 0.000 0.000 0.000 0.000 0.000 0.000 0.000 0.000 0.000 0.000 0.000 0.000 0.000 0.000 0.000 0.000 0.000 0.000 0.000 0.000 0.000 0.000 0.000 0.000 0.000 0.000 0.000 0.000 22/09/1954
0.000 0.000 0.000 0.000 0.000 0.000 0.000 0.000 0.000 0.000 0.000 0.000 0.000 0.000 0.000 0.000 0.000 0.000 0.000 0.000 0.000 0.000 0.000 0.000 0.000 0.000 0.000 0.000 0.000 0.000 23/09/1954
0.000 0.000 0.000 0.000 0.000 0.000 0.000 0.000 0.000 0.000 0.000 0.000 0.000 0.000 0.000 0.000 0.000 0.000 0.000 0.000 0.000 0.000 0.000 0.000 0.000 0.000 0.000 0.000 0.000 0.000 24/09/1954
0.000 0.000 0.000 0.000 0.000 0.000 0.000 0.000 0.000 0.000 0.000 0.000 0.000 0.000 0.000 0.000 0.000 0.000 0.000 0.000 0.000 0.000 0.000 0.000 0.000 0.000 0.000 0.000 0.000 0.000 25/09/1954
0.000 0.000 0.000 0.135 0.000 0.000 0.000 0.000 0.137 0.000 0.000 0.000 0.126 0.127 0.000 0.000 0.000 0.143 0.145 0.000 0.000 0.000 0.103 0.143 0.137 0.000 0.000 0.107 0.102 0.138 26/09/1954
0.546 0.415 0.438 0.432 0.204 0.420 0.427 0.444 0.206 0.136 1.694 1.189 0.271 0.274 0.136 1.756 1.720 1.556 1.573 0.550 1.403 1.723 1.981 1.548 2.027 1.220 1.198 1.467 1.757 2.052 27/09/1954
0.000 0.000 0.000 0.000 0.000 0.000 0.000 0.000 0.000 0.000 0.000 0.000 0.000 0.000 0.000 0.000 0.000 0.000 0.000 0.000 0.000 0.000 0.000 0.000 0.000 0.000 0.000 0.000 0.000 0.000 28/09/1954
8.344 6.821 8.513 7.572 9.190 6.907 6.972 8.579 8.239 9.319 6.064 8.432 8.693 8.742 9.240 6.212 6.100 4.789 4.837 8.254 6.489 6.114 6.851 4.769 7.196 6.342 4.311 5.066 4.165 7.306 29/09/1954
1.390 1.800 0.813 0.479 0.451 1.822 1.840 0.818 0.504 0.735 2.107 2.072 1.138 1.148 0.735 1.751 1.507 1.366 1.381 0.478 1.366 1.510 2.496 1.360 0.589 1.600 1.176 1.425 0.964 0.595 30/09/1954
1.593 2.476 1.382 1.924 1.988 2.505 2.528 1.374 1.732 2.052 1.825 1.486 1.841 1.849 2.036 1.790 2.093 2.040 2.057 1.367 2.121 2.098 2.446 2.032 1.940 3.338 2.429 2.856 1.882 1.961 01/10/1954
1.289 1.890 1.259 1.317 1.422 1.912 1.931 1.268 1.093 1.433 1.927 1.281 1.403 1.415 1.425 2.000 1.354 1.617 1.636 1.159 2.285 1.356 1.730 1.609 1.522 1.851 2.068 2.360 1.838 1.546 02/10/1954
6.236 6.549 5.295 4.897 5.428 6.628 6.692 5.337 2.930 3.520 4.704 4.069 3.465 3.496 3.490 5.082 2.506 3.431 3.469 3.539 2.901 2.510 3.022 3.415 4.939 3.386 3.352 3.768 4.384 5.016 03/10/1954
0.000 0.000 0.000 0.165 0.000 0.000 0.000 0.000 0.115 0.000 0.000 0.000 0.000 0.000 0.000 0.000 0.000 0.321 0.325 0.126 0.000 0.000 0.000 0.320 0.348 0.000 0.119 0.109 0.238 0.353 04/10/1954
0.000 0.000 0.000 0.000 0.000 0.000 0.000 0.000 0.000 0.000 0.000 0.000 0.000 0.000 0.000 0.000 0.000 0.000 0.000 0.000 0.000 0.000 0.000 0.000 0.000 0.000 0.000 0.000 0.000 0.000 05/10/1954
0.000 0.000 0.000 0.000 0.000 0.000 0.000 0.000 0.000 0.000 0.000 0.000 0.000 0.000 0.000 0.000 0.000 0.000 0.000 0.000 0.000 0.000 0.000 0.000 0.000 0.000 0.000 0.000 0.000 0.000 06/10/1954
0.000 0.000 0.000 0.000 0.000 0.000 0.000 0.000 0.000 0.000 0.000 0.000 0.000 0.000 0.000 0.000 0.000 0.000 0.000 0.000 0.000 0.000 0.000 0.000 0.000 0.000 0.000 0.000 0.000 0.000 07/10/1954
0.353 0.869 0.234 0.190 0.100 0.881 0.890 0.235 0.163 0.100 0.274 0.340 0.154 0.158 0.100 0.323 0.150 0.312 0.315 0.299 0.145 0.150 0.158 0.310 0.423 0.141 0.146 0.150 0.352 0.430 08/10/1954
0.000 0.000 0.000 0.000 0.000 0.000 0.000 0.000 0.000 0.000 0.000 0.000 0.000 0.000 0.000 0.000 0.000 0.000 0.000 0.000 0.000 0.000 0.000 0.000 0.000 0.000 0.000 0.000 0.000 0.000 09/10/1954
9.440 7.586 5.620 3.843 4.080 7.683 7.761 5.664 5.456 5.102 7.817 7.513 7.918 7.990 5.058 7.510 6.395 4.710 4.763 3.008 8.202 6.410 7.692 4.689 2.847 2.658 1.812 2.548 2.564 2.895 10/10/1954
0.000 0.000 0.000 0.000 0.000 0.000 0.000 0.000 0.000 0.000 0.000 0.000 0.000 0.000 0.000 0.000 0.000 0.000 0.000 0.000 0.000 0.000 0.000 0.000 0.000 0.000 0.000 0.000 0.000 0.000 11/10/1954
0.000 0.000 0.000 0.000 0.000 0.000 0.000 0.000 0.000 0.000 0.000 0.000 0.000 0.000 0.000 0.000 0.000 0.000 0.000 0.000 0.000 0.000 0.000 0.000 0.000 0.000 0.000 0.000 0.000 0.000 12/10/1954
0.000 0.000 0.000 0.000 0.000 0.000 0.000 0.000 0.000 0.000 0.000 0.000 0.000 0.000 0.000 0.000 0.000 0.000 0.000 0.000 0.000 0.000 0.000 0.000 0.000 0.000 0.000 0.000 0.000 0.000 13/10/1954
2.807 4.139 3.792 3.726 3.974 4.193 4.236 3.821 5.018 4.845 6.602 6.423 6.572 6.631 4.805 5.872 5.606 6.347 6.417 6.560 5.944 5.620 6.955 6.319 6.904 5.172 5.229 6.130 6.986 7.006 14/10/1954
2.766 1.205 3.033 5.123 5.667 1.220 1.234 3.055 6.246 5.839 0.175 1.077 2.967 2.994 5.789 0.158 0.295 1.468 1.484 3.331 0.106 0.295 0.333 1.461 2.532 0.134 0.192 0.260 0.331 2.582 15/10/1954
0.000 0.000 0.000 0.000 0.000 0.000 0.000 0.000 0.000 0.000 0.000 0.000 0.000 0.000 0.000 0.000 0.000 0.000 0.000 0.107 0.000 0.000 0.000 0.000 0.102 0.000 0.000 0.000 0.000 0.101 16/10/1954
0.000 0.000 0.000 0.000 0.000 0.000 0.000 0.000 0.000 0.000 0.000 0.000 0.000 0.000 0.000 0.000 0.000 0.000 0.000 0.000 0.000 0.000 0.000 0.000 0.000 0.000 0.000 0.000 0.000 0.000 17/10/1954
2.086 3.700 1.763 1.608 1.658 3.745 3.781 1.773 1.631 1.989 4.135 3.625 3.382 3.413 1.972 4.405 2.762 3.713 3.753 3.427 3.464 2.769 3.321 3.697 3.553 3.063 2.895 3.466 3.549 3.608 18/10/1954
28.107 23.281 22.147 17.263 19.892 23.577 23.818 22.322 19.814 21.908 23.988 22.020 20.934 21.123 21.727 21.085 15.145 16.730 16.916 17.270 16.301 15.180 17.352 16.652 14.165 13.200 13.106 14.667 14.695 14.382 19/10/1954
0.190 0.134 0.124 0.142 0.000 0.136 0.138 0.122 0.223 0.100 0.200 0.195 0.272 0.273 0.100 0.191 0.315 0.497 0.502 0.371 0.183 0.316 0.353 0.496 0.704 0.287 0.480 0.496 0.441 0.714 20/10/1954
0.175 0.196 0.596 0.260 0.105 0.196 0.197 0.597 0.234 0.100 0.234 0.137 0.590 0.593 0.100 0.239 0.124 0.601 0.605 0.343 0.135 0.124 0.156 0.599 0.231 0.112 0.112 0.149 0.670 0.233 21/10/1954
0.000 0.000 0.000 0.000 0.000 0.000 0.000 0.000 0.000 0.000 0.000 0.000 0.000 0.000 0.000 0.000 0.000 0.000 0.000 0.000 0.000 0.000 0.000 0.000 0.000 0.000 0.000 0.000 0.000 0.000 22/10/1954
0.000 0.000 0.000 0.000 0.000 0.000 0.000 0.000 0.000 0.000 0.000 0.000 0.000 0.000 0.000 0.000 0.000 0.000 0.000 0.000 0.000 0.000 0.000 0.000 0.000 0.000 0.000 0.000 0.000 0.000 23/10/1954
1.394 2.040 0.983 0.875 0.936 2.065 2.085 0.989 0.621 0.901 2.298 2.283 1.456 1.469 0.894 1.833 1.420 1.791 1.810 0.471 1.695 1.422 2.461 1.782 1.425 1.259 1.177 1.426 1.028 1.448 24/10/1954
0.000 0.000 0.000 0.000 0.000 0.000 0.000 0.000 0.000 0.000 0.000 0.000 0.000 0.000 0.000 0.000 0.000 0.000 0.000 0.000 0.000 0.000 0.000 0.000 0.000 0.000 0.000 0.000 0.000 0.000 25/10/1954
0.951 1.185 0.537 0.845 0.712 1.200 1.199 0.542 0.806 1.097 1.181 1.005 0.596 0.601 1.088 1.195 1.117 1.235 1.250 0.834 1.543 1.118 1.430 1.229 1.223 2.459 1.395 1.736 0.814 1.244 26/10/1954
0.935 1.031 0.749 0.779 0.546 1.043 1.056 0.762 0.939 0.840 0.227 0.422 1.060 1.068 0.833 0.212 0.344 0.758 0.766 0.555 0.172 0.346 0.571 0.755 0.896 0.223 0.231 0.328 0.586 0.912 27/10/1954
0.500 0.843 0.423 0.717 0.434 0.851 0.865 0.442 0.354 0.253 0.399 0.314 0.287 0.289 0.250 0.503 0.126 0.237 0.239 0.202 0.131 0.127 0.183 0.236 0.161 0.000 0.000 0.126 0.125 0.163 28/10/1954
0.550 0.557 0.201 0.306 0.102 0.564 0.571 0.201 0.335 0.341 0.221 0.131 0.218 0.218 0.338 0.288 0.232 0.399 0.404 0.133 0.360 0.232 0.265 0.397 0.213 0.736 0.432 0.530 0.241 0.213 29/10/1954
0.202 0.278 0.135 0.000 0.000 0.282 0.284 0.136 0.000 0.000 0.178 0.148 0.110 0.110 0.000 0.165 0.129 0.153 0.157 0.000 0.000 0.130 0.124 0.152 0.112 0.000 0.132 0.124 0.121 0.113 30/10/1954
1.571 1.277 0.684 0.585 0.406 1.292 1.297 0.688 0.364 0.388 0.969 0.930 0.239 0.240 0.385 0.926 0.774 1.385 1.400 0.680 1.579 0.775 1.006 1.379 1.438 1.259 1.167 1.434 1.362 1.459 31/10/1954
0.000 0.104 0.000 0.000 0.000 0.104 0.104 0.000 0.201 0.100 0.104 0.000 0.171 0.172 0.100 0.108 0.124 0.261 0.262 0.155 0.000 0.124 0.156 0.261 0.210 0.000 0.052 0.127 0.137 0.213 01/11/1954
0.000 0.000 0.000 0.000 0.000 0.000 0.000 0.000 0.000 0.000 0.000 0.000 0.000 0.000 0.000 0.000 0.000 0.000 0.000 0.000 0.000 0.000 0.000 0.000 0.000 0.000 0.000 0.000 0.000 0.000 02/11/1954
0.000 0.000 0.000 0.112 0.000 0.000 0.000 0.000 0.208 0.100 0.100 0.105 0.174 0.176 0.100 0.000 0.133 0.189 0.190 0.242 0.112 0.134 0.166 0.188 0.150 0.109 0.133 0.164 0.165 0.151 03/11/1954
0.000 0.329 0.000 0.000 0.000 0.334 0.334 0.000 0.170 0.051 1.057 0.416 0.247 0.248 0.044 1.109 0.961 0.730 0.738 0.131 1.040 0.955 1.094 0.727 0.237 1.048 1.115 1.325 0.389 0.239 04/11/1954
0.000 0.000 0.000 0.000 0.000 0.000 0.000 0.000 0.000 0.000 0.000 0.000 0.000 0.000 0.000 0.000 0.000 0.000 0.000 0.000 0.000 0.000 0.000 0.000 0.000 0.000 0.000 0.000 0.000 0.000 05/11/1954
0.000 0.000 0.000 0.000 0.000 0.000 0.000 0.000 0.000 0.000 0.000 0.000 0.000 0.000 0.000 0.000 0.000 0.000 0.000 0.000 0.000 0.000 0.000 0.000 0.000 0.000 0.000 0.000 0.000 0.000 06/11/1954
1.437 0.413 0.430 0.792 0.840 0.439 0.443 0.445 0.208 0.100 0.187 0.124 0.174 0.175 0.100 0.164 0.139 0.217 0.217 0.182 0.193 0.139 0.171 0.216 0.164 0.110 0.169 0.227 0.269 0.165 07/11/1954
0.586 0.418 0.247 0.354 0.149 0.443 0.447 0.249 0.452 0.670 0.135 0.180 0.292 0.294 0.669 0.136 0.167 0.394 0.396 0.340 0.171 0.167 0.221 0.392 0.531 0.000 0.259 0.302 0.297 0.537 08/11/1954
0.000 0.000 0.000 0.000 0.000 0.000 0.000 0.000 0.000 0.000 0.000 0.000 0.000 0.000 0.000 0.000 0.000 0.000 0.000 0.000 0.000 0.000 0.000 0.000 0.000 0.000 0.000 0.000 0.000 0.000 09/11/1954
0.000 0.000 0.000 0.000 0.000 0.000 0.000 0.000 0.000 0.000 0.000 0.000 0.000 0.000 0.000 0.000 0.000 0.000 0.000 0.000 0.000 0.000 0.000 0.000 0.000 0.000 0.000 0.000 0.000 0.000 10/11/1954
0.000 0.000 0.000 0.000 0.000 0.000 0.000 0.000 0.000 0.000 0.000 0.000 0.000 0.000 0.000 0.000 0.000 0.000 0.000 0.000 0.000 0.000 0.000 0.000 0.000 0.000 0.000 0.000 0.000 0.000 11/11/1954
0.193 0.288 0.196 0.185 0.100 0.296 0.292 0.197 0.429 0.646 0.228 0.209 0.304 0.307 0.645 0.225 0.334 0.658 0.664 0.441 0.220 0.335 0.362 0.656 0.906 0.236 0.498 0.515 0.444 0.918 12/11/1954
1.257 1.191 0.615 0.906 0.971 1.206 1.219 0.616 1.109 1.467 1.101 0.818 0.821 0.828 1.415 1.139 1.149 1.435 1.451 0.936 1.089 1.152 1.378 1.428 1.055 0.570 0.941 1.011 1.002 1.069 13/11/1954
1.617 2.056 1.006 0.789 0.837 2.081 2.101 1.012 1.710 2.140 1.460 1.006 1.428 1.441 2.125 1.381 1.273 3.249 3.279 1.720 1.339 1.275 1.823 3.237 3.582 1.345 1.764 2.518 2.887 3.625 14/11/1954
0.550 1.016 0.120 0.162 0.071 1.028 1.037 0.116 0.457 0.675 0.467 0.100 0.507 0.510 0.674 0.534 0.570 1.431 1.447 0.139 0.347 0.571 0.603 1.424 0.858 0.571 0.526 0.548 0.362 0.870 15/11/1954
0.205 0.440 0.112 0.176 0.100 0.462 0.467 0.106 0.390 0.526 0.196 0.109 0.297 0.300 0.524 0.187 0.304 0.797 0.805 0.212 0.179 0.304 0.342 0.793 0.680 0.169 0.202 0.270 0.380 0.690 16/11/1954
0.358 0.934 0.126 0.456 0.412 0.943 0.949 0.125 1.582 2.101 0.342 0.106 0.481 0.484 2.088 0.300 0.366 2.557 2.592 0.268 0.194 0.366 0.374 2.542 0.828 0.519 0.538 0.562 0.370 0.840 17/11/1954
0.245 0.434 0.167 0.270 0.100 0.440 0.449 0.169 0.246 0.197 0.143 0.000 0.151 0.153 0.196 0.134 0.000 0.153 0.158 0.110 0.000 0.000 0.000 0.152 0.103 0.000 0.000 0.000 0.000 0.103 18/11/1954
0.317 0.277 0.183 0.618 0.284 0.265 0.275 0.186 0.448 0.337 0.000 0.000 0.177 0.176 0.333 0.000 0.000 0.234 0.237 0.191 0.000 0.000 0.115 0.233 0.249 0.000 0.000 0.000 0.000 0.256 19/11/1954
0.000 0.000 0.000 0.000 0.000 0.000 0.000 0.000 0.000 0.000 0.000 0.000 0.000 0.000 0.000 0.000 0.000 0.000 0.000 0.000 0.000 0.000 0.000 0.000 0.000 0.000 0.000 0.000 0.000 0.000 20/11/1954
0.000 0.000 0.000 0.000 0.000 0.000 0.000 0.000 0.000 0.000 0.000 0.000 0.000 0.000 0.000 0.000 0.000 0.000 0.000 0.000 0.000 0.000 0.000 0.000 0.000 0.000 0.000 0.000 0.000 0.000 21/11/1954
2.162 3.945 2.388 2.480 2.839 3.994 4.036 2.428 4.899 5.581 1.568 1.475 2.222 2.242 5.535 1.748 2.282 3.280 3.312 3.329 2.109 2.288 2.786 3.266 3.044 1.449 1.975 2.226 2.847 3.075 22/11/1954
2.359 0.345 2.758 4.114 4.471 0.334 0.337 2.795 4.324 5.026 0.572 1.839 2.423 2.438 4.983 0.621 0.970 2.914 2.938 3.452 2.116 0.972 1.410 2.904 3.347 6.300 2.064 2.309 1.545 3.396 23/11/1954
0.000 0.000 0.000 0.000 0.000 0.000 0.000 0.000 0.000 0.000 0.000 0.000 0.000 0.000 0.000 0.000 0.000 0.000 0.000 0.000 0.000 0.000 0.000 0.000 0.000 0.000 0.000 0.000 0.044 0.000 24/11/1954
0.000 0.000 0.000 0.000 0.000 0.000 0.000 0.000 0.000 0.000 0.000 0.000 0.000 0.000 0.000 0.000 0.000 0.000 0.000 0.000 0.000 0.000 0.000 0.000 0.000 0.000 0.000 0.000 0.000 0.000 25/11/1954
2.832 3.085 2.830 3.383 3.589 3.013 3.066 2.850 3.845 3.775 3.399 3.353 3.302 3.337 3.800 3.119 3.305 3.909 3.959 3.657 2.692 3.313 4.050 3.888 3.698 2.984 3.281 4.020 3.905 3.763 26/11/1954
7.273 7.493 6.923 7.383 8.354 7.589 7.666 6.979 7.557 7.713 10.518 8.095 7.719 7.800 7.724 10.586 7.558 7.823 7.921 8.324 9.457 7.575 8.322 7.781 7.875 8.485 7.057 7.886 7.987 8.015 27/11/1954
5.069 4.330 3.410 4.384 4.923 4.387 4.437 3.452 4.390 5.099 3.928 3.283 3.945 3.983 5.056 4.250 3.217 4.826 4.875 3.704 3.198 3.225 4.243 4.805 4.269 4.178 4.613 5.262 4.590 4.336 28/11/1954
2.649 3.347 2.704 3.559 4.140 3.387 3.437 2.747 3.548 4.365 4.321 3.323 3.607 3.637 4.333 4.709 3.237 4.608 4.658 3.660 3.818 3.245 4.254 4.588 4.565 5.189 4.807 5.436 4.375 4.618 29/11/1954
0.000 0.000 0.000 0.000 0.000 0.000 0.000 0.000 0.000 0.000 0.000 0.000 0.000 0.000 0.000 0.000 0.000 0.000 0.000 0.000 0.000 0.000 0.000 0.000 0.000 0.000 0.000 0.000 0.000 0.000 30/11/1954
0.000 0.000 0.000 0.000 0.000 0.000 0.000 0.000 0.000 0.000 0.000 0.000 0.000 0.000 0.000 0.000 0.000 0.000 0.000 0.000 0.000 0.000 0.000 0.000 0.000 0.000 0.000 0.000 0.000 0.000 01/12/1954
2.304 3.945 2.382 1.570 1.976 4.126 4.167 2.426 1.574 2.077 5.730 5.362 2.758 2.850 2.088 5.460 3.868 4.491 4.471 2.476 5.219 3.875 4.662 4.489 5.539 6.101 5.417 6.057 6.700 5.708 02/12/1954
0.199 0.572 0.840 1.458 1.813 0.564 0.570 0.867 1.538 2.022 0.347 0.955 1.277 1.346 2.012 0.400 0.977 2.277 2.304 2.671 0.345 0.975 1.170 2.253 3.465 0.286 0.461 0.869 2.833 3.553 03/12/1954
1.666 4.214 4.999 5.652 7.702 4.267 4.339 5.039 6.994 7.167 5.467 8.076 10.771 10.891 7.108 5.091 13.470 12.208 12.408 5.456 10.382 14.678 16.567 12.123 3.957 13.749 9.153 10.828 6.606 4.014 04/12/1954
0.153 0.541 0.262 0.000 0.000 0.543 0.550 0.237 0.000 0.000 0.959 0.669 0.000 0.000 0.000 0.789 0.102 0.000 0.000 0.000 0.611 0.102 0.140 0.000 0.000 0.100 0.000 0.000 0.000 0.000 05/12/1954
0.233 0.251 0.198 0.320 0.157 0.253 0.236 0.188 0.201 0.112 0.409 0.224 0.208 0.221 0.111 0.400 0.138 0.159 0.160 0.192 0.144 0.138 0.203 0.164 0.127 0.113 0.125 0.191 0.174 0.124 06/12/1954
0.559 0.401 0.459 0.510 0.420 0.394 0.399 0.458 0.570 0.561 0.225 0.189 0.477 0.457 0.547 0.204 0.144 0.511 0.476 0.311 0.126 0.144 0.236 0.518 0.329 0.115 0.121 0.187 0.183 0.359 07/12/1954
0.171 0.290 0.197 0.346 0.416 0.345 0.348 0.196 0.463 0.520 0.194 0.203 0.390 0.426 0.591 0.197 0.131 0.485 0.456 0.424 0.202 0.131 0.309 0.491 0.605 0.101 0.150 0.322 0.543 0.596 08/12/1954
5.564 5.718 5.134 4.232 5.706 5.773 5.818 5.153 7.291 7.531 5.415 6.832 7.392 7.497 7.465 4.777 7.505 7.637 7.724 7.622 7.222 7.521 8.116 7.604 6.355 4.710 4.840 6.236 5.808 6.430 09/12/1954
5.290 5.492 4.635 2.841 2.887 5.538 5.581 4.683 3.236 3.090 7.211 6.265 5.871 5.918 3.071 7.585 7.750 7.693 7.778 6.197 7.449 7.767 8.442 7.657 7.548 8.368 8.314 9.100 9.678 7.667 10/12/1954
0.388 0.192 0.190 0.597 0.863 0.199 0.199 0.138 1.295 1.746 0.458 0.208 0.925 0.908 1.723 0.449 1.180 1.447 1.472 2.365 0.650 1.183 1.294 1.459 3.181 1.767 1.578 1.686 2.232 3.348 11/12/1954
1.160 0.741 2.033 5.254 7.097 0.746 0.753 2.064 4.184 4.744 0.438 0.456 2.306 2.336 4.722 0.407 1.222 1.818 1.847 4.029 0.616 1.225 1.639 1.788 4.281 1.157 1.107 1.614 2.094 4.149 12/12/1954
0.000 0.000 0.000 0.000 0.000 0.000 0.000 0.000 0.080 0.000 0.000 0.000 0.000 0.000 0.000 0.000 0.000 0.076 0.072 0.000 0.000 0.000 0.000 0.068 0.113 0.000 0.000 0.000 0.000 0.122 13/12/1954
1.105 1.800 3.043 1.769 2.049 1.820 1.828 3.066 1.469 1.706 3.193 3.238 3.489 3.754 1.658 3.302 3.873 3.498 3.580 3.503 5.923 3.880 3.965 3.453 4.370 5.749 4.198 4.294 4.150 4.458 14/12/1954
13.572 16.115 15.808 13.719 15.811 16.309 16.319 16.031 18.041 18.842 18.437 18.028 17.919 18.024 18.684 18.146 17.696 17.651 17.717 19.371 18.978 17.734 20.810 17.616 19.271 22.082 22.533 24.260 22.737 19.592 15/12/1954
0.330 0.000 0.000 0.765 0.606 0.000 0.000 0.000 0.093 0.000 0.000 0.000 0.000 0.000 0.000 0.000 0.000 0.000 0.000 0.000 0.000 0.000 0.000 0.000 0.000 1.150 0.000 0.000 0.000 0.000 16/12/1954
1.527 1.314 0.130 0.000 0.000 1.349 1.006 0.133 0.086 0.000 1.678 0.642 0.254 0.237 0.000 2.015 0.806 0.092 0.094 0.000 3.123 0.821 1.024 0.081 0.000 6.294 1.625 2.199 0.051 0.000 17/12/1954
0.000 0.000 0.000 0.000 0.000 0.000 0.057 0.000 0.000 0.000 0.000 0.000 0.000 0.000 0.000 0.000 0.000 0.000 0.000 0.000 0.000 0.000 0.000 0.000 0.000 0.000 0.000 0.000 0.000 0.000 18/12/1954
6.879 4.418 4.616 7.408 7.318 4.470 4.512 4.653 6.485 5.207 8.588 5.470 6.503 6.714 5.104 6.785 8.458 8.881 9.122 5.990 8.069 8.477 9.862 8.739 4.844 11.229 7.971 9.761 5.381 5.180 19/12/1954
0.000 0.000 0.000 0.000 0.000 0.000 0.000 0.000 0.079 0.000 0.000 0.000 0.000 0.000 0.000 0.000 0.000 0.051 0.072 0.079 0.035 0.000 0.000 0.058 0.110 0.079 0.057 0.111 0.103 0.095 20/12/1954
2.482 2.421 4.025 2.004 3.271 2.450 2.489 4.097 2.357 2.009 2.415 2.196 2.983 3.181 2.032 0.871 0.975 1.239 1.379 2.220 0.785 0.974 0.919 1.227 2.203 0.940 0.684 0.763 1.392 2.492 21/12/1954
0.155 0.182 0.200 0.311 0.133 0.180 0.181 0.190 1.137 0.816 0.157 0.064 0.482 0.462 0.833 0.001 0.152 1.063 1.099 0.638 0.000 0.152 0.287 1.058 1.109 0.000 0.133 0.199 0.524 1.202 22/12/1954
27.244 12.582 15.053 18.449 23.770 12.774 13.001 14.791 20.434 20.606 7.699 8.758 13.816 13.940 20.470 8.033 9.072 9.642 9.761 12.804 7.903 9.093 10.479 9.592 8.215 5.922 6.479 7.239 7.560 8.348 23/12/1954
3.881 3.557 8.299 18.407 23.728 3.594 3.598 8.351 24.228 21.593 6.674 6.346 11.484 11.585 21.468 6.977 10.369 6.655 6.768 11.316 7.836 10.619 12.869 6.627 4.118 12.563 7.635 7.894 6.710 4.082 24/12/1954
1.196 0.767 2.459 4.252 5.784 0.771 0.779 2.499 4.214 4.813 1.218 1.265 2.912 2.940 4.783 1.000 1.295 1.983 2.004 2.290 1.245 1.298 1.774 1.958 1.779 2.232 1.593 1.959 1.908 1.805 25/12/1954
0.772 0.554 0.506 0.590 0.606 0.556 0.563 0.503 1.234 0.992 0.283 0.268 1.310 1.343 1.070 0.311 1.050 1.601 1.656 1.610 0.499 1.052 1.472 1.596 1.582 0.689 0.697 1.089 1.598 1.615 26/12/1954
1.556 2.206 1.914 1.995 2.004 2.234 2.286 1.909 2.083 2.087 2.277 1.967 2.274 2.308 2.117 1.912 1.163 2.387 2.461 2.416 0.926 1.165 1.548 2.430 1.885 0.803 1.195 1.679 1.693 1.921 27/12/1954
0.000 0.000 0.000 0.000 0.000 0.000 0.000 0.000 0.000 0.000 0.000 0.000 0.000 0.000 0.000 0.000 0.000 0.000 0.000 0.000 0.000 0.000 0.000 0.000 0.000 0.000 0.000 0.000 0.000 0.000 28/12/1954
0.000 0.000 0.000 0.000 0.000 0.000 0.000 0.000 0.000 0.000 0.000 0.000 0.000 0.000 0.000 0.000 0.000 0.000 0.000 0.000 0.000 0.000 0.000 0.000 0.000 0.000 0.000 0.000 0.000 0.000 29/12/1954
0.181 0.229 0.000 0.200 0.041 0.238 0.296 0.000 0.151 0.100 0.306 0.152 0.110 0.109 0.044 0.524 0.114 0.541 0.525 0.333 0.364 0.114 0.164 0.540 1.117 0.248 0.405 0.705 0.870 1.134 30/12/1954
2.844 5.190 4.442 4.328 4.657 5.252 5.347 4.469 5.332 5.902 5.056 5.948 6.130 6.059 5.827 5.413 6.084 8.646 8.737 9.845 6.386 6.098 7.075 8.608 12.092 6.278 7.433 8.559 10.875 12.271 31/12/1954
1.001 0.906 0.525 0.595 0.427 0.924 0.954 0.529 0.331 0.234 0.386 0.373 0.809 0.842 0.263 0.629 0.278 0.501 0.507 0.116 0.219 0.280 0.573 0.500 0.107 0.940 0.884 1.116 0.153 0.116 01/01/1955
2.297 1.754 1.852 2.493 2.311 1.753 1.769 1.848 2.334 2.619 1.631 1.772 2.151 2.157 2.566 1.379 1.253 2.148 2.212 2.341 1.248 1.256 1.547 2.187 2.141 2.861 1.701 2.081 1.524 2.161 02/01/1955
12.997 12.117 12.058 14.055 17.071 12.140 12.258 12.155 12.315 14.895 13.771 12.217 12.692 12.802 14.772 13.152 10.785 11.381 11.503 10.231 11.507 10.810 12.840 11.331 11.493 12.471 10.704 12.614 12.428 11.670 03/01/1955
8.346 7.644 7.643 8.059 8.986 7.597 7.667 7.661 7.359 8.737 6.661 7.759 7.257 7.323 8.669 6.541 6.532 9.220 9.322 8.189 6.430 6.546 7.641 9.261 10.966 8.447 7.270 8.326 10.951 11.129 04/01/1955
3.806 1.933 2.901 3.693 4.204 1.921 1.936 2.913 3.543 4.427 1.958 2.169 3.051 3.077 4.396 1.818 1.773 3.289 3.326 3.437 1.223 1.775 2.245 3.260 3.852 1.354 2.257 2.797 2.228 3.828 05/01/1955
4.359 2.854 2.928 3.948 5.605 2.889 2.916 3.017 5.298 6.151 3.206 3.382 4.586 4.577 6.181 3.038 2.943 5.285 5.324 2.735 2.741 2.946 3.651 5.268 3.829 3.248 2.715 3.097 2.416 3.973 06/01/1955
5.425 7.604 7.042 6.226 8.352 7.705 7.783 7.099 6.685 8.448 7.970 7.972 7.499 7.639 8.402 7.971 6.612 8.765 8.862 7.951 7.938 6.626 8.000 8.725 6.129 5.358 6.077 7.005 8.095 6.226 07/01/1955
0.000 0.000 0.000 0.000 0.000 0.000 0.000 0.000 0.000 0.000 0.000 0.000 0.000 0.000 0.000 0.000 0.000 0.000 0.000 0.000 0.000 0.000 0.000 0.000 0.000 0.000 0.000 0.136 0.000 0.000 08/01/1955
0.000 0.000 0.000 0.000 0.000 0.000 0.000 0.000 0.000 0.000 0.000 0.000 0.000 0.000 0.000 0.000 0.000 0.000 0.000 0.000 0.000 0.000 0.000 0.000 0.000 0.000 0.000 0.000 0.000 0.000 09/01/1955
4.844 5.549 4.514 3.986 5.638 5.136 5.250 4.714 5.385 6.303 7.634 7.360 8.338 8.425 6.369 8.062 7.946 10.470 10.573 8.775 8.739 7.982 12.122 10.428 9.406 8.756 7.381 11.494 11.940 9.515 10/01/1955
0.737 0.776 0.917 1.313 1.277 0.776 0.784 0.915 1.435 1.625 1.108 0.456 1.144 1.154 1.624 1.017 0.981 1.161 1.170 1.627 1.052 0.983 1.166 1.145 1.973 2.433 1.413 1.763 1.553 2.000 11/01/1955
0.000 0.000 0.000 0.000 0.000 0.000 0.000 0.000 0.000 0.000 0.000 0.000 0.000 0.000 0.000 0.000 0.000 0.000 0.000 0.000 0.000 0.000 0.000 0.000 0.083 0.000 0.000 0.000 0.000 0.000 12/01/1955
0.000 0.000 0.100 0.000 0.000 0.000 0.000 0.000 0.000 0.000 0.000 0.000 0.000 0.000 0.000 0.000 0.000 0.000 0.000 0.000 0.000 0.000 0.000 0.000 0.000 0.000 0.000 0.000 0.080 0.000 13/01/1955
8.675 10.279 7.456 5.660 6.833 10.381 10.486 7.491 5.232 6.604 11.351 9.756 7.391 7.455 6.524 10.133 6.460 6.998 7.043 5.278 8.558 6.474 7.578 6.969 4.547 7.288 5.922 7.001 5.879 5.476 14/01/1955
0.000 0.000 0.000 0.000 0.000 0.000 0.000 0.000 0.000 0.000 0.000 0.000 0.000 0.071 0.000 0.000 0.000 0.077 0.000 0.162 0.000 0.000 0.000 0.000 0.179 0.000 0.110 0.181 0.409 0.179 15/01/1955
11.845 7.312 7.246 7.485 10.015 7.428 7.501 7.302 6.807 8.512 7.650 6.007 7.498 7.638 8.460 7.550 5.784 7.075 7.146 7.870 6.084 5.797 6.178 7.045 5.703 4.959 4.457 5.433 4.902 5.790 16/01/1955
5.937 7.532 6.788 9.597 12.234 7.637 7.713 6.842 9.821 11.380 10.500 10.452 9.492 9.554 11.257 9.589 12.779 13.142 13.246 11.621 9.764 12.808 13.222 13.088 11.133 9.782 8.026 10.850 13.266 11.308 17/01/1955
0.000 0.000 0.000 0.000 0.000 0.000 0.000 0.000 0.000 0.000 0.188 0.091 0.000 0.000 0.000 0.193 0.096 0.000 0.000 0.107 0.397 0.095 0.189 0.000 0.000 0.249 0.110 0.275 0.129 0.000 18/01/1955
1.207 1.093 1.159 3.015 2.731 1.215 1.320 1.257 1.686 2.149 1.082 1.054 1.507 1.537 2.099 0.906 0.859 1.448 1.562 1.475 0.741 0.871 1.438 1.358 3.066 0.628 1.327 1.494 2.047 2.134 19/01/1955
5.187 6.431 5.789 4.546 2.698 6.474 6.624 5.848 4.956 4.232 6.880 7.424 4.558 4.723 4.388 5.824 4.543 5.964 5.780 6.392 6.378 4.559 4.559 5.850 5.858 4.582 2.888 5.539 5.303 6.255 20/01/1955
1.200 0.814 3.113 4.848 2.461 0.845 0.850 3.175 3.003 5.638 0.345 0.783 4.109 2.051 5.462 0.398 1.745 3.294 3.390 2.089 0.673 1.724 2.045 3.380 4.974 3.078 2.710 3.090 4.598 5.025 21/01/1955
3.156 2.572 1.986 2.024 3.006 2.624 2.622 2.081 2.337 2.841 2.887 2.764 2.232 2.285 2.819 2.821 2.376 2.470 2.458 2.338 2.982 2.375 2.781 2.405 2.817 2.522 2.419 2.798 2.964 2.879 22/01/1955
0.000 0.000 0.177 0.842 0.960 0.000 0.000 0.175 0.935 1.039 0.000 0.000 0.500 0.463 1.064 0.000 0.247 0.355 0.362 0.447 0.000 0.243 0.507 0.356 0.241 0.000 0.000 0.133 0.195 0.278 23/01/1955
0.000 0.000 0.000 0.000 0.000 0.000 0.000 0.000 0.205 0.000 0.000 0.000 0.134 0.000 0.000 0.000 0.000 0.000 0.000 0.000 0.000 0.000 0.000 0.000 0.000 0.000 0.000 0.000 0.000 0.061 24/01/1955
0.000 0.000 0.000 0.000 0.000 0.000 0.000 0.000 0.000 0.000 0.000 0.000 0.000 0.000 0.000 0.000 0.000 0.000 0.000 0.000 0.000 0.000 0.000 0.000 0.000 0.000 0.000 0.000 0.000 0.000 25/01/1955
0.000 0.000 0.000 0.000 0.000 0.000 0.000 0.000 0.000 0.000 0.000 0.000 0.000 0.000 0.000 0.000 0.000 0.000 0.000 0.000 0.000 0.000 0.000 0.000 0.000 0.000 0.000 0.000 0.000 0.000 26/01/1955
0.000 0.000 0.000 0.000 0.000 0.000 0.000 0.000 0.000 0.000 0.000 0.000 0.000 0.000 0.000 0.000 0.000 0.000 0.000 0.000 0.000 0.000 0.000 0.000 0.000 0.000 0.000 0.000 0.000 0.000 27/01/1955
0.000 0.000 0.000 0.000 0.000 0.000 0.000 0.000 0.000 0.000 0.000 0.000 0.000 0.000 0.000 0.000 0.000 0.000 0.000 0.000 0.000 0.000 0.000 0.000 0.000 0.000 0.000 0.000 0.000 0.000 28/01/1955
0.000 0.000 0.000 0.000 0.000 0.000 0.000 0.000 0.000 0.000 0.000 0.000 0.000 0.000 0.000 0.000 0.000 0.000 0.000 0.000 0.000 0.000 0.000 0.000 0.000 0.000 0.000 0.000 0.000 0.000 29/01/1955
0.000 0.000 0.000 0.000 0.000 0.000 0.000 0.000 0.000 0.000 0.000 0.000 0.000 0.000 0.088 0.000 0.000 0.000 0.000 0.000 0.000 0.000 0.000 0.000 0.000 0.000 0.000 0.000 0.000 0.000 30/01/1955
0.000 0.000 0.000 0.000 0.000 0.000 0.000 0.000 0.000 0.000 0.000 0.000 0.000 0.000 0.000 0.000 0.000 0.000 0.000 0.000 0.000 0.000 0.000 0.000 0.000 0.000 0.000 0.000 0.000 0.000 31/01/1955
0.000 0.000 0.000 0.000 0.000 0.000 0.000 0.000 0.000 0.000 0.000 0.000 0.000 0.000 0.000 0.000 0.000 0.000 0.000 0.000 0.000 0.000 0.000 0.000 0.000 0.000 0.000 0.000 0.000 0.000 01/02/1955
0.000 0.000 0.000 0.000 0.000 0.000 0.000 0.000 0.000 0.000 0.000 0.000 0.000 0.000 0.000 0.000 0.000 0.000 0.000 0.000 0.000 0.000 0.000 0.000 0.000 0.000 0.000 0.000 0.000 0.000 02/02/1955
0.000 0.000 0.000 0.000 0.000 0.000 0.000 0.000 0.000 0.000 0.000 0.000 0.000 0.000 0.000 0.000 0.000 0.000 0.000 0.000 0.000 0.000 0.000 0.000 0.000 0.000 0.000 0.000 0.000 0.000 03/02/1955
0.000 0.000 0.000 0.000 0.000 0.000 0.000 0.000 0.000 0.000 0.000 0.000 0.000 0.000 0.000 0.000 0.000 0.000 0.000 0.000 0.000 0.000 0.000 0.000 0.000 0.000 0.000 0.000 0.000 0.000 04/02/1955
0.000 0.000 0.000 0.000 0.000 0.000 0.000 0.000 0.000 0.000 0.000 0.000 0.000 0.000 0.000 0.000 0.000 0.000 0.000 0.000 0.000 0.000 0.000 0.000 0.000 0.000 0.000 0.000 0.000 0.000 05/02/1955
0.557 0.000 0.467 0.240 0.103 0.000 0.000 0.470 0.144 0.100 0.000 0.844 0.801 0.826 0.041 0.172 0.553 0.579 0.542 1.317 0.942 0.555 0.877 0.578 0.090 0.195 0.000 0.036 0.139 0.082 06/02/1955
0.414 0.699 0.144 0.709 0.579 0.762 0.803 0.160 0.598 0.446 0.209 0.000 0.000 0.000 0.453 0.357 0.000 0.165 0.171 0.254 0.623 0.000 0.097 0.164 1.127 2.150 2.409 2.910 0.896 1.144 07/02/1955
10.966 11.052 11.258 8.350 9.824 11.194 11.445 11.345 8.801 9.107 8.510 10.366 11.061 11.162 9.027 8.121 6.566 9.709 9.818 9.504 8.083 6.581 7.525 9.697 11.030 6.514 7.449 8.595 8.549 11.348 08/02/1955
3.128 5.723 3.971 4.933 6.533 5.798 5.858 4.002 4.202 4.855 3.677 5.821 5.511 5.594 4.744 3.712 3.907 5.226 5.252 5.486 4.892 3.913 4.983 5.213 2.933 1.142 1.889 2.152 4.613 3.045 09/02/1955
1.525 2.326 2.240 3.876 4.372 2.326 2.346 2.231 2.644 2.948 1.671 1.329 2.082 2.100 2.820 1.418 0.948 1.677 1.695 1.910 1.249 0.950 1.141 1.669 2.162 1.178 0.670 0.877 1.269 2.178 10/02/1955
7.570 7.503 8.044 5.948 6.978 7.506 7.574 7.909 5.335 6.856 7.381 8.121 7.508 7.574 6.743 7.307 5.997 6.815 6.873 5.957 6.985 6.009 7.154 6.788 5.500 6.303 5.370 5.991 6.285 5.603 11/02/1955
6.649 4.098 5.682 8.842 10.140 4.126 4.165 5.634 7.315 8.635 3.032 3.765 5.849 5.899 8.568 3.009 4.392 5.338 5.447 5.364 3.220 4.402 5.338 5.313 4.968 5.767 6.378 7.391 5.888 5.036 12/02/1955
4.093 6.992 5.292 6.076 7.381 7.080 7.225 5.329 7.636 8.024 5.791 4.523 8.690 8.743 7.878 6.025 7.694 11.734 11.859 7.461 7.211 7.712 9.251 11.682 11.390 7.081 7.535 8.767 9.996 11.795 13/02/1955
0.065 0.000 0.060 0.579 0.367 0.000 0.000 0.060 0.627 0.432 0.117 0.355 0.093 0.083 0.496 0.548 1.294 1.060 1.070 0.908 1.353 1.292 1.615 1.055 1.071 2.200 1.868 2.439 2.492 1.105 14/02/1955
0.101 0.000 0.184 1.386 1.756 0.000 0.000 0.184 1.299 1.747 0.197 0.201 0.327 0.383 1.724 0.213 0.333 0.330 0.343 1.218 1.211 0.330 0.610 0.329 1.005 0.992 0.900 1.158 1.049 0.995 15/02/1955
0.000 0.000 0.000 0.000 0.000 0.000 0.000 0.000 0.000 0.000 0.000 0.000 0.000 0.000 0.000 0.000 0.000 0.000 0.000 0.000 0.000 0.000 0.000 0.000 0.000 0.000 0.000 0.000 0.000 0.000 16/02/1955
0.449 0.647 0.668 0.786 1.180 0.570 0.564 0.658 1.056 1.170 0.471 0.442 0.949 0.993 1.169 0.459 0.294 0.694 0.737 0.743 0.293 0.303 0.826 0.700 0.301 0.084 0.137 0.392 0.504 0.340 17/02/1955
1.760 1.764 1.302 1.929 1.963 1.407 1.484 1.440 1.711 1.808 1.691 1.466 1.727 1.749 1.673 3.838 1.159 1.659 1.769 1.848 3.382 1.200 1.600 1.555 1.555 4.949 1.148 1.357 1.363 1.865 18/02/1955
0.000 0.000 0.000 0.000 0.000 0.000 0.000 0.000 0.000 0.000 0.000 0.000 0.000 0.000 0.000 0.000 0.000 0.000 0.000 0.000 0.000 0.000 0.000 0.000 0.000 0.000 0.000 0.000 0.000 0.000 19/02/1955
0.000 0.118 0.064 0.517 0.228 0.132 0.121 0.064 0.502 0.275 0.103 0.030 0.603 0.562 0.317 0.117 0.127 0.260 0.258 0.083 0.000 0.126 0.351 0.257 0.283 0.051 0.148 0.511 0.235 0.265 20/02/1955
1.776 1.605 1.821 1.786 1.717 1.614 1.628 1.834 1.541 1.290 1.373 1.346 1.769 1.775 1.422 1.713 1.484 1.217 1.229 1.131 1.299 1.488 1.669 1.214 1.128 2.680 1.316 1.585 0.882 1.144 21/02/1955
9.900 11.288 10.761 6.694 7.828 11.426 11.637 10.913 7.856 8.363 12.250 12.724 10.820 10.926 8.248 11.888 10.933 12.187 12.331 10.760 12.219 10.958 12.250 12.119 12.739 12.108 11.902 13.108 12.996 13.175 22/02/1955
2.219 3.497 2.884 3.381 3.643 3.540 3.618 2.905 4.721 5.367 6.036 4.532 4.869 4.913 5.322 6.200 5.726 7.187 7.250 3.866 6.962 5.740 6.729 7.181 3.954 6.084 4.872 5.284 4.287 3.984 23/02/1955
0.508 0.916 2.806 3.072 3.455 0.938 0.962 2.827 5.206 5.643 3.230 4.981 7.487 7.491 5.596 3.417 11.103 12.860 13.003 10.047 7.581 11.130 12.347 12.649 12.321 12.352 14.573 16.609 16.305 12.574 24/02/1955
0.423 0.797 0.649 1.402 1.539 0.836 0.885 0.669 1.152 1.234 0.841 0.994 0.826 0.863 1.253 1.085 0.451 0.639 0.624 0.673 1.070 0.451 0.789 0.657 0.609 0.994 0.858 1.095 0.872 0.580 25/02/1955
9.582 9.399 12.863 10.342 12.222 9.548 9.640 12.967 9.078 9.258 7.031 9.091 8.978 9.052 9.183 7.057 8.136 10.377 10.502 7.853 5.516 8.154 9.572 10.330 5.596 6.763 5.266 6.148 8.388 5.675 26/02/1955
1.842 0.929 0.707 1.669 1.849 0.955 0.982 0.722 1.519 1.775 0.923 0.921 1.310 1.318 1.740 1.170 1.012 1.654 1.648 1.569 1.549 1.006 1.232 1.654 1.738 1.928 1.236 1.467 1.769 1.739 27/02/1955
2.616 4.701 3.319 2.101 2.279 4.750 4.802 3.344 2.403 2.761 4.710 4.177 3.833 3.857 2.747 5.001 2.772 3.956 4.038 3.000 3.717 2.778 3.580 3.949 3.479 3.171 2.518 3.125 3.506 3.595 28/02/1955
0.208 0.000 0.181 0.321 0.359 0.000 0.000 0.182 0.419 0.475 0.067 0.000 0.315 0.287 0.471 0.000 0.000 0.000 0.000 0.181 0.000 0.000 0.000 0.000 0.211 0.000 0.000 0.000 0.000 0.217 01/03/1955
0.000 0.000 0.000 0.000 0.000 0.000 0.000 0.000 0.000 0.000 0.000 0.000 0.000 0.000 0.000 0.000 0.000 0.000 0.000 0.000 0.000 0.000 0.000 0.000 0.000 0.000 0.000 0.000 0.000 0.000 02/03/1955
17.409 19.967 13.134 12.549 16.206 20.260 20.456 13.238 0.000 12.207 13.566 19.161 13.855 14.093 11.999 13.759 11.765 13.279 13.398 13.721 10.597 11.798 13.579 13.191 9.792 8.897 9.467 10.032 8.400 10.033 03/03/1955
2.956 2.560 3.173 7.995 9.383 2.583 2.610 3.198 5.062 5.375 1.531 1.130 3.173 3.202 5.330 1.540 1.689 4.020 4.065 5.128 1.908 1.693 2.166 4.001 4.740 2.404 3.730 4.539 3.449 4.815 04/03/1955
6.749 9.099 8.205 8.180 9.988 9.215 9.309 8.270 11.202 11.497 14.672 11.880 11.960 12.059 11.400 12.320 14.088 16.288 16.468 15.556 14.903 14.120 15.495 16.213 16.032 15.497 15.815 16.716 16.674 16.284 05/03/1955
6.941 10.220 9.801 8.501 10.456 10.350 10.456 9.879 12.668 13.775 13.900 11.912 14.494 14.628 13.651 11.879 15.416 15.866 16.040 15.625 14.074 15.452 16.590 15.793 15.760 14.507 15.976 16.851 16.402 16.006 06/03/1955
3.835 3.101 4.332 5.854 6.428 3.133 3.159 4.367 6.261 6.618 2.356 2.533 4.917 4.957 6.561 2.282 2.783 4.597 4.636 4.993 1.642 2.790 3.518 4.580 2.531 2.155 2.337 2.620 2.411 2.557 07/03/1955
0.000 0.000 0.000 0.000 0.000 0.000 0.000 0.000 0.000 0.000 0.000 0.000 0.000 0.000 0.000 0.000 0.000 0.000 0.000 0.000 0.000 0.000 0.000 0.000 0.000 0.000 0.000 0.000 0.000 0.000 08/03/1955
0.000 0.000 0.000 0.000 0.000 0.000 0.000 0.000 0.000 0.000 0.000 0.000 0.000 0.000 0.000 0.000 0.000 0.000 0.000 0.000 0.000 0.000 0.000 0.000 0.000 0.000 0.000 0.000 0.000 0.000 09/03/1955
8.625 8.452 8.130 8.939 9.570 8.397 8.482 8.059 9.752 10.162 6.494 7.382 11.121 11.223 10.076 7.060 8.202 12.379 12.509 12.122 7.503 8.221 9.822 12.326 12.310 8.632 9.355 10.302 10.702 12.492 10/03/1955
5.110 4.037 5.114 7.797 9.083 4.077 4.110 5.154 6.426 7.461 4.751 4.873 6.050 6.106 7.398 4.271 6.296 6.194 6.262 6.271 5.799 6.310 6.424 6.165 6.833 7.504 7.680 7.202 6.726 6.941 11/03/1955
0.000 0.000 0.000 0.000 0.000 0.000 0.000 0.000 0.000 0.000 0.000 0.000 0.000 0.000 0.000 0.000 0.000 0.000 0.000 0.000 0.000 0.000 0.000 0.000 0.000 0.000 0.000 0.000 0.000 0.000 12/03/1955
0.000 0.000 0.000 0.000 0.000 0.000 0.000 0.000 0.000 0.000 0.000 0.000 0.000 0.000 0.000 0.000 0.000 0.000 0.000 0.000 0.000 0.000 0.000 0.000 0.000 0.000 0.000 0.000 0.000 0.000 13/03/1955
1.746 3.044 1.977 2.026 2.357 3.082 3.114 1.985 2.448 2.931 3.688 4.043 3.708 3.743 2.913 3.157 3.687 6.112 6.180 4.093 3.655 3.696 4.526 6.084 4.192 4.811 5.274 5.881 4.246 4.258 14/03/1955
0.103 0.100 0.104 0.104 0.080 0.100 0.100 0.105 0.110 0.000 0.110 0.122 0.220 0.222 0.100 0.126 0.266 0.334 0.335 0.114 0.372 0.266 0.362 0.333 0.110 0.308 0.629 0.689 0.209 0.110 15/03/1955
11.488 11.600 10.629 9.342 12.024 11.868 11.990 10.713 9.344 11.902 9.464 9.533 11.876 11.917 11.801 9.484 8.897 11.340 11.466 7.952 7.465 8.918 8.915 11.287 6.530 6.152 7.608 7.115 7.147 6.633 16/03/1955
0.000 0.000 0.000 0.107 0.000 0.000 0.000 0.000 0.000 0.204 0.000 0.000 0.110 0.111 0.000 0.000 0.000 0.000 0.000 0.000 0.000 0.000 0.000 0.000 0.243 0.000 0.000 0.000 0.000 0.245 17/03/1955
0.406 0.954 0.336 0.243 0.208 0.966 0.973 0.338 0.000 0.000 0.602 0.249 0.000 0.000 0.000 0.674 0.000 0.000 0.000 0.000 0.000 0.000 0.000 0.000 0.000 0.000 0.000 0.000 0.000 0.000 18/03/1955
0.104 0.113 0.000 0.107 0.000 0.116 0.118 0.000 0.167 0.230 0.000 0.000 0.128 0.128 0.228 0.000 0.000 0.569 0.554 0.155 0.000 0.000 0.000 0.579 1.839 0.332 0.182 0.271 0.580 1.833 19/03/1955
0.000 0.000 0.000 0.000 0.000 0.000 0.000 0.000 0.000 0.000 0.000 0.000 0.000 0.000 0.187 0.000 0.000 0.000 0.000 0.000 0.000 0.000 0.000 0.000 0.000 0.000 0.000 0.000 0.000 0.000 20/03/1955
0.000 0.000 0.000 0.000 0.000 0.000 0.000 0.000 0.000 0.000 0.000 0.000 0.000 0.000 0.000 0.000 0.000 0.000 0.000 0.000 0.000 0.000 0.000 0.000 0.000 0.000 0.000 0.000 0.000 0.000 21/03/1955
3.062 6.774 9.409 9.918 12.959 6.853 6.918 9.478 12.070 15.393 8.398 12.297 13.985 14.106 15.261 8.613 19.219 25.308 25.583 16.418 10.691 19.263 18.140 25.193 18.496 13.897 22.001 28.312 29.187 18.788 22/03/1955
0.465 0.261 0.000 0.000 0.000 0.267 0.265 0.000 0.000 0.000 0.000 0.000 0.000 0.000 0.000 0.000 0.000 0.000 0.000 0.000 0.000 0.000 0.000 0.000 0.000 0.000 0.000 0.000 0.000 0.000 23/03/1955
3.412 3.846 3.590 4.433 4.580 3.894 3.949 3.619 5.955 6.254 4.739 4.376 6.116 6.086 6.202 4.666 4.810 6.436 6.508 6.383 4.181 4.820 5.910 6.412 5.387 3.925 4.532 5.602 5.284 5.427 24/03/1955
2.358 2.906 2.199 2.935 3.225 2.941 2.971 2.216 2.713 2.657 2.721 2.651 2.741 2.760 2.656 2.655 2.033 3.046 3.075 2.218 1.967 2.073 2.430 3.034 1.748 1.698 1.938 2.298 1.841 1.760 25/03/1955
0.426 0.574 0.134 0.202 0.083 0.588 0.620 0.135 0.289 0.219 1.064 0.692 1.366 1.378 0.226 1.090 0.222 1.336 1.350 0.000 0.000 0.222 0.302 1.330 0.577 1.082 0.361 0.562 0.179 0.580 26/03/1955
0.000 0.000 0.000 0.000 0.000 0.000 0.000 0.000 0.000 0.000 0.000 0.000 0.000 0.000 0.000 0.000 0.000 0.000 0.000 0.000 0.000 0.000 0.000 0.000 0.000 0.000 0.000 0.000 0.000 0.000 27/03/1955
0.000 0.000 0.000 0.000 0.000 0.000 0.000 0.000 0.000 0.000 0.000 0.000 0.000 0.000 0.000 0.000 0.000 0.000 0.000 0.000 0.000 0.000 0.000 0.000 0.000 0.000 0.000 0.000 0.000 0.000 28/03/1955
0.000 0.000 0.000 0.000 0.000 0.000 0.000 0.000 0.000 0.000 0.000 0.000 0.000 0.000 0.000 0.000 0.000 0.000 0.000 0.000 0.000 0.000 0.000 0.000 0.000 0.000 0.000 0.000 0.000 0.000 29/03/1955
0.000 0.000 0.000 0.000 0.000 0.000 0.000 0.000 0.000 0.000 0.000 0.000 0.000 0.000 0.000 0.000 0.000 0.000 0.000 0.000 0.000 0.000 0.000 0.000 0.000 0.000 0.000 0.000 0.000 0.000 30/03/1955
0.000 0.000 0.000 0.000 0.000 0.000 0.000 0.000 0.000 0.000 0.000 0.000 0.000 0.000 0.000 0.000 0.000 0.000 0.000 0.000 0.000 0.000 0.000 0.000 0.000 0.000 0.000 0.000 0.000 0.000 31/03/1955
0.000 0.000 0.000 0.000 0.000 0.000 0.000 0.000 0.000 0.000 0.000 0.000 0.000 0.000 0.000 0.000 0.000 0.000 0.000 0.000 0.000 0.000 0.000 0.000 0.000 0.000 0.000 0.000 0.000 0.000 01/04/1955
0.000 0.000 0.000 0.000 0.000 0.000 0.000 0.000 0.000 0.000 0.000 0.000 0.000 0.000 0.000 0.000 0.000 0.000 0.000 0.000 0.000 0.000 0.000 0.000 0.000 0.000 0.000 0.000 0.000 0.000 02/04/1955
0.000 0.000 0.000 0.000 0.000 0.000 0.000 0.000 0.000 0.000 0.000 0.000 0.000 0.000 0.000 0.000 0.000 0.000 0.000 0.000 0.000 0.000 0.000 0.000 0.000 0.000 0.000 0.000 0.000 0.000 03/04/1955
0.000 0.000 0.000 0.000 0.000 0.000 0.000 0.000 0.000 0.000 0.000 0.000 0.000 0.000 0.000 0.000 0.000 0.000 0.000 0.000 0.000 0.000 0.000 0.000 0.000 0.000 0.000 0.000 0.000 0.000 04/04/1955
0.000 0.000 0.000 0.000 0.000 0.000 0.000 0.000 0.000 0.000 0.000 0.000 0.000 0.000 0.000 0.000 0.000 0.000 0.000 0.000 0.000 0.000 0.000 0.000 0.000 0.000 0.000 0.000 0.000 0.000 05/04/1955
0.000 0.000 0.000 0.118 0.100 0.000 0.000 0.000 0.000 0.000 0.000 0.000 0.000 0.000 0.000 0.000 0.000 0.100 0.000 0.000 0.000 0.000 0.000 0.000 0.000 0.000 0.000 0.000 0.000 0.000 06/04/1955
0.106 0.101 0.116 0.604 0.607 0.095 0.088 0.116 0.492 0.595 0.258 0.000 0.125 0.129 0.596 0.373 0.000 0.000 0.000 0.042 0.100 0.000 0.000 0.000 0.000 0.000 0.000 0.000 0.000 0.000 07/04/1955
1.161 2.001 1.161 2.107 2.095 1.995 2.001 1.197 1.005 1.279 2.112 1.322 1.159 1.140 1.244 2.429 0.457 0.699 0.703 0.460 0.870 0.458 0.584 0.703 0.183 0.446 0.255 0.452 0.222 0.186 08/04/1955
0.529 0.296 0.507 0.378 0.446 0.294 0.304 0.505 0.152 0.117 0.000 0.100 0.286 0.273 0.120 0.108 0.000 0.284 0.272 0.000 0.000 0.000 0.123 0.287 0.200 0.000 0.000 0.107 0.000 0.205 09/04/1955
0.000 0.000 0.000 0.000 0.000 0.000 0.000 0.000 0.000 0.000 0.000 0.000 0.000 0.000 0.000 0.000 0.000 0.000 0.000 0.000 0.000 0.000 0.000 0.000 0.000 0.000 0.000 0.000 0.000 0.000 10/04/1955
0.000 0.000 0.000 0.000 0.000 0.000 0.000 0.000 0.000 0.000 0.000 0.000 0.000 0.000 0.000 0.000 0.000 0.000 0.000 0.000 0.000 0.000 0.000 0.000 0.000 0.000 0.000 0.000 0.000 0.000 11/04/1955
2.755 0.330 4.706 4.375 4.508 0.331 0.334 4.744 6.226 6.969 1.648 1.334 3.061 3.089 6.911 1.629 1.700 1.302 1.273 6.252 1.135 1.704 2.180 1.298 10.882 1.525 1.516 1.995 1.487 11.052 12/04/1955
3.225 1.875 4.767 2.857 3.013 1.899 1.918 4.793 2.488 2.190 1.563 2.636 3.849 3.885 2.172 1.724 1.745 4.475 4.519 4.512 1.604 1.750 1.929 4.456 5.184 1.623 1.743 1.898 3.651 5.226 13/04/1955
0.000 0.000 0.000 0.000 0.000 0.000 0.000 0.000 0.000 0.000 0.000 0.000 0.000 0.000 0.000 0.000 0.000 0.000 0.000 0.000 0.000 0.000 0.000 0.000 0.000 0.000 0.000 0.000 0.000 0.000 14/04/1955
0.000 0.000 0.000 0.000 0.000 0.000 0.000 0.000 0.000 0.000 0.000 0.000 0.000 0.000 0.000 0.000 0.000 0.000 0.000 0.162 0.000 0.000 0.000 0.000 0.000 0.000 0.000 0.000 0.000 0.000 15/04/1955
0.000 0.000 0.000 0.000 0.000 0.000 0.000 0.000 0.000 0.000 0.000 0.000 0.000 0.000 0.000 0.000 0.000 0.000 0.000 0.000 0.000 0.000 0.000 0.000 0.000 0.000 0.000 0.000 0.000 0.000 16/04/1955
0.000 0.000 0.000 0.000 0.000 0.000 0.000 0.000 0.000 0.000 0.000 0.000 0.000 0.000 0.000 0.000 0.000 0.000 0.000 0.000 0.000 0.000 0.000 0.000 0.000 0.000 0.000 0.000 0.000 0.000 17/04/1955
7.751 7.911 9.571 8.765 11.890 8.012 8.094 9.648 9.959 10.838 5.926 7.824 9.342 9.416 10.834 6.679 7.236 8.567 8.635 8.236 6.295 7.253 8.125 8.533 7.420 6.625 6.268 7.173 7.601 7.537 18/04/1955
0.000 0.000 0.000 0.108 0.080 0.000 0.000 0.000 0.000 0.000 0.000 0.000 0.000 0.000 0.000 0.000 0.000 0.000 0.000 0.000 0.000 0.000 0.000 0.000 0.000 0.000 0.000 0.000 0.000 0.000 19/04/1955
2.006 1.962 2.449 4.004 4.097 1.929 1.931 2.466 0.000 2.307 1.005 2.624 3.091 3.230 2.287 1.237 1.707 2.637 2.637 3.352 1.746 1.712 2.538 2.600 2.723 1.732 1.803 2.514 2.711 2.852 20/04/1955
15.423 14.252 14.612 14.637 18.296 14.501 14.649 14.728 13.063 15.969 10.591 9.169 12.687 12.699 15.836 10.787 13.933 13.047 13.191 12.206 13.637 13.965 15.779 12.988 15.836 15.285 12.503 14.330 16.089 16.085 21/04/1955
0.232 0.162 0.100 2.222 2.548 0.164 0.163 0.100 2.425 2.914 0.319 0.121 0.204 0.207 2.896 0.375 0.122 0.419 0.424 2.488 0.112 0.122 0.202 0.417 5.792 0.244 0.392 0.484 0.256 5.887 22/04/1955
0.000 0.000 0.000 0.000 0.000 0.000 0.000 0.000 0.146 0.000 0.000 0.000 0.000 0.000 0.000 0.000 0.000 0.000 0.000 0.000 0.000 0.000 0.000 0.000 0.000 0.000 0.000 0.000 0.000 0.000 23/04/1955
6.468 4.628 5.354 4.539 4.712 4.686 4.734 5.396 5.119 5.307 3.896 4.898 5.540 5.589 5.265 3.276 2.993 4.539 4.588 4.678 3.240 3.000 3.675 4.518 3.915 6.239 4.515 5.190 3.824 3.977 24/04/1955
2.496 1.925 2.488 4.718 4.985 1.935 1.943 2.506 5.090 5.395 4.245 2.893 3.855 3.891 5.350 3.755 4.174 4.933 4.986 5.820 3.242 4.183 4.760 4.910 6.435 6.069 6.441 6.486 6.529 6.537 25/04/1955
0.000 0.000 0.000 0.000 0.000 0.000 0.000 0.000 0.000 0.000 0.000 0.000 0.000 0.000 0.000 0.000 0.000 0.000 0.000 0.000 0.000 0.000 0.000 0.000 0.000 0.000 0.000 0.000 0.000 0.000 26/04/1955
7.510 8.670 7.410 5.410 5.974 8.817 8.901 7.465 5.735 6.214 12.967 10.270 7.814 7.886 6.161 13.344 11.452 11.368 11.494 7.853 12.272 11.479 12.333 11.315 9.945 8.551 9.362 9.908 8.405 10.100 27/04/1955
0.000 0.000 0.000 0.000 0.000 0.000 0.000 0.000 0.000 0.000 0.000 0.000 0.000 0.000 0.000 0.000 0.000 0.000 0.000 0.000 0.000 0.000 0.000 0.000 0.000 0.000 0.000 0.000 0.000 0.000 28/04/1955
0.000 0.000 0.000 0.000 0.000 0.000 0.000 0.000 0.000 0.000 0.000 0.000 0.000 0.000 0.000 0.000 0.000 0.000 0.000 0.000 0.000 0.000 0.000 0.000 0.000 0.000 0.000 0.000 0.000 0.000 29/04/1955
0.110 0.271 0.000 0.000 0.000 0.272 0.273 0.000 0.000 0.000 0.116 0.224 0.000 0.000 0.000 0.130 0.000 0.000 0.000 0.000 0.103 0.000 0.000 0.000 0.000 0.624 0.457 0.546 0.000 0.000 30/04/1955
0.460 0.745 1.167 1.241 1.406 0.753 0.765 1.206 2.202 2.427 0.746 2.001 2.298 2.278 2.431 0.906 0.991 5.231 5.286 3.684 2.605 0.992 1.213 5.209 3.812 0.455 6.784 7.755 5.998 3.865 01/05/1955
10.583 12.868 10.728 5.643 6.676 13.030 13.162 10.814 2.368 2.672 9.185 12.380 9.004 9.031 2.666 8.709 10.112 6.661 6.733 1.800 8.536 10.135 10.701 6.630 2.502 7.380 7.631 8.431 4.515 2.490 02/05/1955
0.957 1.973 0.160 1.236 1.400 1.962 1.964 0.160 3.413 3.606 1.258 7.890 10.205 10.299 3.577 1.408 10.699 9.662 9.769 7.318 7.265 10.723 11.368 9.617 5.235 4.568 10.172 10.751 8.075 5.342 03/05/1955
0.000 0.000 0.000 0.000 0.000 0.000 0.000 0.000 0.000 0.000 0.000 0.000 0.000 0.000 0.000 0.000 0.000 0.100 0.000 0.000 0.000 0.000 0.000 0.000 0.000 0.000 0.000 0.000 0.000 0.000 04/05/1955
6.880 7.550 4.799 2.893 3.081 7.647 7.725 4.837 1.744 1.872 9.896 6.204 3.719 3.751 1.875 9.123 5.210 3.889 3.921 2.452 6.687 5.222 5.597 3.870 1.713 4.131 3.739 3.954 3.180 1.740 05/05/1955
1.123 1.755 3.194 3.501 4.240 1.743 1.730 3.220 4.337 5.009 2.063 2.248 4.878 4.943 4.967 2.193 2.717 5.198 5.256 6.384 2.148 2.723 3.325 5.175 7.238 2.252 2.945 3.518 5.388 7.351 06/05/1955
10.028 11.623 7.948 1.542 1.838 11.896 12.018 8.011 2.263 2.615 12.488 18.669 15.692 15.837 2.594 12.993 22.814 17.096 17.286 3.878 13.944 22.865 29.473 17.018 5.875 13.483 22.386 28.696 17.684 5.976 07/05/1955
2.982 4.423 3.641 4.713 4.977 4.475 4.517 3.669 4.215 4.346 6.481 5.024 4.809 4.854 4.310 6.851 7.997 8.352 8.444 5.142 5.128 8.016 7.682 8.314 10.606 4.763 9.269 9.667 13.615 10.772 08/05/1955
0.445 0.348 0.335 1.154 1.157 0.352 0.355 0.337 0.596 0.837 0.854 0.492 0.988 0.996 0.832 0.937 0.424 0.418 0.422 0.796 1.001 0.425 0.509 0.416 0.335 0.921 0.540 0.627 0.600 0.337 09/05/1955
16.465 7.632 11.900 15.717 19.488 7.726 7.802 11.995 16.953 19.709 3.581 4.413 11.741 11.802 19.544 3.106 3.979 11.074 11.197 17.679 3.139 3.988 4.678 11.023 19.090 3.331 3.215 3.936 7.343 19.391 10/05/1955
25.235 14.477 11.447 11.892 13.778 14.659 14.807 11.529 13.699 16.097 6.580 6.922 10.076 10.170 15.961 7.116 6.774 6.632 6.706 11.946 7.528 6.790 7.082 6.604 8.881 3.795 3.568 4.547 5.032 9.011 11/05/1955
2.801 0.895 3.422 7.248 7.691 0.917 0.926 3.448 8.148 8.356 1.223 1.786 1.602 1.617 8.286 1.162 3.028 3.990 4.035 1.475 0.731 3.035 3.852 3.972 4.159 2.287 1.995 2.390 3.540 4.224 12/05/1955
2.612 0.183 1.134 2.362 2.186 0.186 0.187 1.160 2.022 1.823 0.000 0.000 0.000 0.000 1.807 0.000 0.000 0.000 0.000 0.975 0.000 0.000 0.103 0.000 0.000 0.000 0.000 0.000 0.000 0.000 13/05/1955
0.000 0.377 0.000 0.164 0.000 0.379 0.367 0.000 0.511 0.374 0.315 0.000 0.265 0.268 0.368 0.276 0.608 1.290 1.302 0.424 1.045 0.610 0.793 1.284 0.630 0.805 0.568 0.740 0.510 0.637 14/05/1955
0.000 0.000 0.160 0.117 0.000 0.000 0.000 0.160 0.000 0.000 0.000 0.000 0.137 0.138 0.000 0.000 0.000 0.113 0.114 0.000 0.000 0.000 0.000 0.112 0.000 0.000 0.000 0.000 0.000 0.000 15/05/1955
0.000 0.000 0.000 0.000 0.000 0.000 0.000 0.000 0.000 0.000 0.000 0.000 0.000 0.000 0.000 0.000 0.000 0.000 0.000 0.000 0.000 0.000 0.000 0.000 0.000 0.000 0.000 0.000 0.000 0.000 16/05/1955
0.000 0.000 0.000 0.000 0.000 0.000 0.000 0.000 0.000 0.000 0.000 0.000 0.000 0.000 0.000 0.000 0.000 0.000 0.000 0.000 0.000 0.000 0.000 0.000 0.000 0.000 0.000 0.000 0.000 0.000 17/05/1955
0.000 0.000 0.000 0.000 0.000 0.000 0.000 0.000 0.000 0.000 0.000 0.000 0.000 0.000 0.000 0.000 0.000 0.000 0.000 0.000 0.000 0.000 0.000 0.000 0.000 0.000 0.000 0.000 0.000 0.000 18/05/1955
0.000 0.000 0.000 0.000 0.000 0.000 0.000 0.000 0.000 0.000 0.000 0.000 0.000 0.000 0.000 0.000 0.000 0.000 0.000 0.000 0.000 0.000 0.000 0.000 0.000 0.000 0.000 0.000 0.000 0.000 19/05/1955
0.000 0.000 0.000 0.000 0.000 0.000 0.000 0.000 0.000 0.000 0.000 0.000 0.000 0.000 0.000 0.000 0.000 0.000 0.000 0.000 0.000 0.000 0.000 0.000 0.000 0.000 0.000 0.000 0.000 0.000 20/05/1955
0.000 0.000 0.000 0.000 0.000 0.000 0.000 0.000 0.000 0.000 0.000 0.000 0.000 0.000 0.000 0.000 0.000 0.000 0.000 0.000 0.000 0.000 0.000 0.000 0.000 0.000 0.000 0.000 0.000 0.000 21/05/1955
0.000 0.000 0.000 0.000 0.000 0.000 0.000 0.000 0.000 0.000 0.067 0.000 0.000 0.000 0.000 0.000 0.000 0.000 0.000 0.000 0.000 0.000 0.000 0.000 0.000 0.000 0.000 0.000 0.000 0.000 22/05/1955
0.000 0.000 0.000 0.000 0.000 0.000 0.000 0.000 0.000 0.000 0.000 0.000 0.000 0.000 0.000 0.000 0.000 0.000 0.000 0.000 0.000 0.000 0.000 0.000 0.000 0.935 0.951 1.194 0.204 0.000 23/05/1955
0.000 0.000 0.000 0.000 0.000 0.000 0.000 0.000 0.000 0.000 0.000 0.000 0.000 0.000 0.000 0.000 0.000 0.000 0.000 0.000 0.000 0.000 0.000 0.000 0.000 0.000 0.000 0.000 0.000 0.000 24/05/1955
1.407 0.716 0.566 0.639 0.679 0.726 0.801 0.567 0.137 0.160 0.150 0.100 0.122 0.121 0.158 0.162 0.000 0.000 0.000 0.000 0.000 0.000 0.000 0.000 0.000 0.000 0.000 0.000 0.000 0.000 25/05/1955
0.000 0.000 0.000 0.000 0.000 0.000 0.000 0.000 0.000 0.000 0.000 0.000 0.000 0.000 0.000 0.000 0.000 0.000 0.000 0.000 0.000 0.000 0.000 0.000 0.000 0.000 0.000 0.000 0.000 0.000 26/05/1955
0.000 0.000 0.000 0.000 0.000 0.000 0.000 0.000 0.000 0.204 0.000 0.000 0.000 0.000 0.000 0.000 0.000 0.000 0.000 0.000 0.000 0.000 0.000 0.000 0.000 0.000 0.000 0.000 0.000 0.000 27/05/1955
0.000 0.000 0.000 0.000 0.000 0.000 0.000 0.000 0.000 0.000 0.000 0.000 0.000 0.000 0.000 0.000 0.000 0.000 0.000 0.000 0.000 0.000 0.000 0.000 0.000 0.000 0.000 0.000 0.000 0.000 28/05/1955
1.457 2.007 1.067 1.935 1.891 2.003 2.009 1.078 3.697 4.314 2.152 1.658 3.402 3.429 4.281 2.422 4.658 7.331 7.408 6.712 2.948 4.669 5.151 7.298 9.439 6.508 7.423 8.262 7.752 9.589 29/05/1955
2.037 3.594 2.125 0.357 0.413 3.639 3.674 2.127 2.374 2.682 0.000 0.620 3.576 3.602 2.675 0.000 2.843 3.642 3.680 1.113 0.973 2.849 3.444 3.630 0.339 2.896 2.371 2.723 0.767 0.244 30/05/1955
0.000 0.000 0.000 0.000 0.000 0.000 0.000 0.000 0.000 0.000 0.000 0.000 0.000 0.000 0.000 0.000 0.000 0.000 0.000 0.000 0.000 0.000 0.000 0.000 0.000 0.000 0.000 0.000 0.000 0.000 31/05/1955
0.000 0.000 0.000 0.000 0.000 0.000 0.000 0.000 0.000 0.000 0.000 0.000 0.000 0.000 0.000 0.000 0.000 0.000 0.000 0.000 0.000 0.000 0.000 0.000 0.000 0.000 0.000 0.000 0.000 0.000 01/06/1955
1.481 1.750 0.943 0.886 0.832 1.771 1.789 0.950 0.678 0.840 0.986 0.349 0.722 0.724 0.835 0.770 1.012 1.329 1.344 1.627 1.155 1.014 1.073 1.323 2.261 1.400 1.567 1.678 1.842 2.295 02/06/1955
3.619 4.480 3.549 3.623 3.628 4.533 4.576 3.577 2.105 2.747 5.325 4.616 2.478 2.497 2.727 4.984 2.476 1.973 1.992 1.542 3.636 2.481 2.785 1.964 0.925 2.359 2.016 2.336 1.767 0.940 03/06/1955
1.212 1.277 0.690 0.589 0.566 1.294 1.303 0.694 0.655 0.818 1.486 0.840 0.520 0.529 0.812 1.224 0.580 0.670 0.672 1.070 1.035 0.581 0.699 0.667 1.597 1.623 1.338 1.488 0.505 1.622 04/06/1955
0.000 0.000 0.000 0.000 0.000 0.000 0.000 0.000 0.000 0.000 0.000 0.000 0.000 0.000 0.000 0.000 0.000 0.000 0.000 0.000 0.000 0.000 0.000 0.000 0.000 0.000 0.000 0.000 0.000 0.000 05/06/1955
0.000 0.000 0.000 0.000 0.000 0.000 0.000 0.000 0.000 0.000 0.000 0.000 0.000 0.000 0.000 0.000 0.000 0.000 0.000 0.000 0.000 0.000 0.000 0.000 0.000 0.000 0.000 0.000 0.000 0.000 06/06/1955
1.935 1.550 1.705 2.053 2.784 1.573 1.587 1.721 1.565 2.246 0.101 2.551 1.391 1.404 2.228 0.119 2.534 1.028 1.039 0.942 0.000 2.540 3.032 1.024 0.631 0.101 0.000 0.000 1.581 0.639 07/06/1955
6.037 6.486 0.000 0.000 0.000 6.563 6.626 0.000 0.000 0.000 7.049 0.580 0.000 0.000 0.000 6.707 0.000 0.000 0.000 0.000 0.771 0.000 0.000 0.000 0.000 1.218 0.000 0.000 0.000 0.000 08/06/1955
6.242 6.885 6.063 3.081 3.237 6.972 7.042 6.112 2.465 2.837 6.737 7.220 5.500 5.550 2.814 6.464 6.499 4.878 4.933 2.440 6.541 6.514 6.641 4.856 2.588 6.395 6.421 6.517 4.974 2.629 09/06/1955
0.477 1.322 2.051 0.176 0.181 1.337 1.348 2.065 0.000 0.000 1.440 3.526 0.528 0.532 0.000 1.511 0.657 0.000 0.000 0.000 3.538 0.658 1.069 0.000 0.000 1.105 0.000 0.000 0.000 0.000 10/06/1955
0.000 0.000 0.000 0.000 0.000 0.000 0.000 0.000 0.000 0.000 0.000 0.000 0.000 0.000 0.000 0.000 0.000 0.000 0.000 0.000 0.000 0.000 0.000 0.000 0.000 0.000 0.000 0.000 0.000 0.000 11/06/1955
0.000 1.585 0.000 0.000 0.000 1.617 1.642 0.000 0.126 0.133 0.578 0.000 0.117 0.117 0.132 0.626 0.133 0.421 0.426 0.217 0.969 0.133 0.280 0.418 0.117 0.990 0.000 0.000 0.226 0.117 12/06/1955
0.000 0.000 0.000 0.000 0.000 0.000 0.000 0.000 0.000 0.000 0.000 0.000 0.000 0.000 0.000 0.000 0.000 0.000 0.000 0.000 0.000 0.000 0.000 0.000 0.000 0.000 0.000 0.000 0.000 0.000 13/06/1955
0.000 0.000 0.000 0.000 0.000 0.000 0.000 0.000 0.000 0.000 0.000 0.000 0.000 0.000 0.000 0.000 0.000 0.000 0.000 1.689 0.000 0.000 0.000 0.000 0.000 3.230 0.866 1.164 1.253 0.000 14/06/1955
0.000 0.000 0.000 0.000 0.000 0.000 0.000 0.000 1.790 2.275 0.000 0.000 1.596 1.611 2.255 0.000 1.285 0.732 0.743 1.480 0.618 1.288 1.638 0.730 0.647 1.501 0.702 1.110 0.463 0.657 15/06/1955
13.003 20.353 19.905 22.379 25.324 20.603 20.807 20.058 15.593 16.613 16.791 10.817 21.684 21.886 16.472 16.668 23.881 20.398 20.624 7.037 22.674 23.937 21.444 20.303 13.556 12.812 15.635 16.047 8.925 13.770 16/06/1955
12.915 11.931 3.300 2.520 2.903 12.082 12.205 3.325 2.425 2.822 11.765 7.407 3.090 3.118 2.799 10.978 5.708 2.369 2.394 2.372 7.207 5.721 5.819 2.358 3.516 4.556 3.230 3.749 2.597 3.562 17/06/1955
0.113 0.471 0.000 0.699 0.942 0.487 0.496 0.000 2.201 2.697 0.000 0.000 0.477 0.479 2.678 0.000 0.000 2.594 2.623 3.084 0.000 0.000 0.107 2.582 3.472 0.000 0.475 0.668 3.416 3.516 18/06/1955
0.000 0.000 0.000 0.000 0.000 0.000 0.000 0.000 0.000 0.000 0.000 0.000 0.000 0.000 0.000 0.000 0.000 0.000 0.000 0.000 0.000 0.000 0.000 0.000 0.000 0.000 0.000 0.000 0.000 0.000 19/06/1955
0.000 0.000 0.000 0.000 0.000 0.000 0.000 0.000 0.000 0.000 0.000 0.000 0.000 0.000 0.000 0.000 0.000 0.000 0.000 0.000 0.000 0.000 0.000 0.000 0.000 0.000 0.000 0.000 0.000 0.000 20/06/1955
0.000 0.000 0.000 0.000 0.000 0.000 0.000 0.000 0.000 0.000 0.000 0.000 0.000 0.000 0.000 0.000 0.000 0.000 0.000 0.000 0.000 0.000 0.000 0.000 0.000 0.000 0.000 0.000 0.000 0.000 21/06/1955
0.000 0.000 0.000 0.000 0.000 0.000 0.000 0.000 0.000 0.000 0.000 0.000 0.000 0.000 0.000 0.000 0.000 0.000 0.000 0.000 0.000 0.000 0.000 0.000 0.000 0.000 0.000 0.000 0.000 0.000 22/06/1955
0.000 0.000 0.000 0.000 0.000 0.000 0.000 0.000 0.000 0.000 0.000 0.000 0.000 0.000 0.000 0.000 0.000 0.000 0.000 0.000 0.000 0.000 0.000 0.000 0.000 0.000 0.000 0.000 0.000 0.000 23/06/1955
0.000 0.000 0.000 0.000 0.000 0.000 0.000 0.000 0.000 0.000 0.000 0.000 0.000 0.000 0.000 0.000 0.000 0.000 0.000 0.000 0.000 0.000 0.000 0.000 0.000 0.000 0.000 0.000 0.000 0.000 24/06/1955
5.931 3.535 5.546 1.981 2.032 3.580 3.616 5.586 0.000 0.000 7.079 6.782 1.267 1.278 0.000 6.512 6.014 0.934 0.946 2.328 8.029 6.028 6.307 0.932 0.433 5.474 2.319 2.611 2.590 0.449 25/06/1955
0.705 0.226 0.000 0.000 0.000 0.228 0.231 0.000 0.000 0.000 0.171 0.000 0.000 0.000 0.000 0.142 0.000 0.000 0.000 0.000 0.000 0.000 0.000 0.000 0.000 0.000 0.000 0.000 0.000 0.000 26/06/1955
0.000 0.000 0.000 0.000 0.000 0.000 0.000 0.000 0.000 0.000 0.000 0.000 0.000 0.000 0.000 0.000 0.000 0.000 0.000 0.000 0.000 0.000 0.000 0.000 0.833 2.995 1.997 2.287 1.513 0.858 27/06/1955
11.550 11.764 14.969 12.355 12.529 11.913 12.035 15.083 10.722 11.818 2.937 10.310 8.380 8.457 11.732 2.715 7.239 12.436 12.575 6.544 2.084 7.255 7.765 12.379 15.005 0.709 0.477 0.625 3.242 15.241 28/06/1955
1.068 7.655 2.967 0.343 0.286 7.752 7.832 2.990 2.676 3.377 9.316 3.297 4.331 4.368 3.348 8.098 1.243 3.649 3.688 2.229 5.707 1.247 1.393 3.633 3.503 0.215 0.000 0.000 0.177 3.555 29/06/1955
0.718 8.190 3.083 0.642 0.856 8.286 8.365 3.107 3.376 3.820 8.572 10.155 6.896 6.951 3.792 8.092 9.629 7.920 8.008 3.281 10.935 9.651 9.342 7.884 3.247 12.177 14.216 14.037 7.245 3.294 30/06/1955
0.425 0.598 0.137 0.101 0.000 0.605 0.611 0.138 0.127 0.138 0.147 0.338 0.530 0.534 0.138 0.155 0.211 1.454 1.470 0.215 0.357 0.211 0.472 1.447 5.492 0.814 0.872 1.166 0.690 5.578 01/07/1955
0.000 0.256 0.000 0.000 0.000 0.259 0.263 0.000 0.000 0.000 0.127 0.000 0.000 0.000 0.000 0.139 0.000 0.128 0.130 0.000 0.000 0.000 0.000 0.128 0.120 0.000 0.000 0.000 0.000 0.120 02/07/1955
0.000 0.000 0.000 0.000 0.000 0.000 0.000 0.000 0.000 0.000 0.000 0.000 0.000 0.000 0.000 0.000 0.000 0.000 0.000 0.000 0.000 0.000 0.000 0.000 0.000 0.000 0.000 0.000 0.000 0.000 03/07/1955
0.000 0.000 0.000 0.000 0.000 0.000 0.000 0.000 0.000 0.000 0.000 0.000 0.000 0.000 0.000 0.000 0.000 0.000 0.000 0.000 0.000 0.000 0.000 0.000 0.000 0.000 0.000 0.000 0.000 0.000 04/07/1955
0.000 0.000 0.000 0.000 0.000 0.000 0.000 0.000 0.000 0.000 0.000 0.000 0.000 0.000 0.000 0.000 0.000 0.000 0.000 0.000 0.000 0.000 0.000 0.000 0.000 0.000 0.000 0.000 0.000 0.000 05/07/1955
0.553 0.000 0.615 1.928 1.939 0.000 0.000 0.621 1.440 1.752 0.000 0.000 0.000 0.000 1.737 0.000 0.000 0.000 0.000 0.890 0.000 0.000 0.000 0.000 0.699 0.000 0.000 0.000 0.000 0.703 06/07/1955
0.000 0.000 0.000 0.000 0.000 0.000 0.000 0.000 0.000 0.000 0.000 0.000 0.000 0.000 0.000 0.000 0.000 0.000 0.000 0.000 0.000 0.000 0.000 0.000 0.000 0.000 0.000 0.000 0.000 0.000 07/07/1955
1.331 1.351 1.180 0.529 0.502 1.369 1.382 1.189 0.619 0.785 2.122 2.295 1.116 1.124 0.779 1.923 0.307 0.236 0.241 0.164 0.939 0.308 0.469 0.234 0.162 0.447 0.000 0.128 0.178 0.163 08/07/1955
1.865 2.462 3.512 6.223 5.913 2.492 2.517 3.539 9.884 11.123 6.463 6.749 7.032 7.094 11.031 6.002 9.138 8.219 8.310 8.766 10.289 9.160 10.135 8.182 7.113 11.550 16.884 17.638 9.845 7.223 09/07/1955
0.420 0.392 0.000 0.000 0.000 0.398 0.404 0.000 0.000 0.000 0.339 0.108 0.000 0.000 0.000 0.300 0.000 0.000 0.000 0.000 0.192 0.000 0.000 0.000 0.000 0.108 0.000 0.000 0.000 0.000 10/07/1955
1.449 0.000 0.111 0.263 0.210 0.000 0.000 0.112 0.000 0.000 0.000 0.179 0.000 0.000 0.000 0.000 0.000 0.000 0.000 0.116 0.000 0.000 0.107 0.000 0.000 0.000 0.000 0.000 0.102 0.000 11/07/1955
0.000 0.000 0.000 0.000 0.000 0.000 0.000 0.000 0.000 0.000 0.000 0.746 0.101 0.101 0.000 0.000 0.885 0.102 0.102 0.831 1.301 0.887 0.929 0.101 0.643 4.060 2.112 2.425 2.371 0.650 12/07/1955
0.402 0.551 0.407 0.415 0.393 0.556 0.561 0.410 0.165 0.217 0.637 0.330 0.129 0.131 0.216 0.515 0.000 0.000 0.000 0.000 0.105 0.000 0.000 0.000 0.000 0.000 0.000 0.000 0.000 0.000 13/07/1955
0.000 0.000 0.000 0.350 0.294 0.000 0.000 0.000 0.421 0.498 0.137 0.307 0.137 0.140 0.492 0.121 0.103 0.103 0.104 0.000 0.233 0.103 0.137 0.103 0.000 0.157 0.000 0.100 0.000 0.000 14/07/1955
0.555 0.848 0.000 0.000 0.000 0.857 0.866 0.000 0.170 0.223 0.400 0.108 0.125 0.127 0.222 0.363 0.154 0.538 0.546 0.000 0.000 0.155 0.271 0.535 0.249 0.125 0.119 0.175 0.114 0.256 15/07/1955
0.000 0.000 0.000 0.000 0.000 0.000 0.000 0.000 0.000 0.000 0.000 0.000 0.000 0.000 0.000 0.000 0.000 0.000 0.000 0.000 0.000 0.000 0.000 0.000 0.000 0.000 0.000 0.000 0.000 0.000 16/07/1955
0.000 0.000 0.000 0.000 0.000 0.000 0.000 0.000 0.000 0.000 0.000 0.000 0.000 0.000 0.000 0.000 0.000 0.000 0.000 0.000 0.000 0.000 0.000 0.000 0.000 0.000 0.000 0.000 0.000 0.000 17/07/1955
0.000 0.000 0.000 0.000 0.000 0.000 0.000 0.000 0.000 0.000 0.000 0.000 0.000 0.000 0.000 0.000 0.000 0.000 0.000 0.000 0.000 0.000 0.000 0.000 0.000 0.000 0.000 0.000 0.000 0.000 18/07/1955
0.000 0.000 0.000 0.000 0.000 0.000 0.000 0.000 0.000 0.000 0.000 0.000 0.000 0.000 0.000 0.000 0.000 0.000 0.000 0.000 0.000 0.000 0.000 0.000 0.000 0.000 0.000 0.000 0.000 0.000 19/07/1955
0.000 0.000 0.000 0.000 0.000 0.000 0.000 0.000 0.000 0.000 0.000 0.000 0.000 0.000 0.000 0.000 0.000 0.111 0.113 0.000 0.000 0.000 0.000 0.111 0.343 0.171 0.115 0.165 0.124 0.348 20/07/1955
0.000 0.000 0.000 0.000 0.000 0.000 0.000 0.000 0.000 0.000 0.000 0.000 0.000 0.000 0.000 0.000 0.000 0.000 0.000 0.000 0.000 0.000 0.000 0.000 0.000 0.000 0.000 0.000 0.000 0.000 21/07/1955
0.000 0.000 0.000 0.000 0.000 0.000 0.000 0.000 0.000 0.000 0.000 0.000 0.000 0.000 0.000 0.000 0.000 0.000 0.000 0.000 0.000 0.000 0.000 0.000 0.000 0.000 0.000 0.000 0.000 0.000 22/07/1955
0.000 0.000 0.000 0.000 0.000 0.000 0.000 0.000 0.000 0.000 0.159 0.131 0.000 0.000 0.000 0.134 0.000 0.000 0.000 0.000 0.172 0.000 0.000 0.000 0.000 0.130 0.000 0.113 0.000 0.000 23/07/1955
0.000 0.000 0.000 0.000 0.000 0.000 0.000 0.000 0.000 0.000 0.000 0.000 0.000 0.000 0.000 0.000 0.000 0.000 0.000 0.000 0.000 0.000 0.000 0.000 0.000 0.000 0.000 0.000 0.000 0.000 24/07/1955
0.000 0.000 0.000 0.000 0.000 0.000 0.000 0.000 0.000 0.000 0.000 0.000 0.000 0.000 0.000 0.000 0.000 0.000 0.000 0.000 0.000 0.000 0.000 0.000 0.000 0.000 0.000 0.000 0.000 0.000 25/07/1955
0.000 0.000 0.000 0.000 0.000 0.000 0.000 0.000 0.000 0.000 0.000 0.000 0.000 0.000 0.000 0.000 0.000 0.000 0.000 0.000 0.000 0.000 0.000 0.000 0.000 0.000 0.000 0.000 0.000 0.000 26/07/1955
0.000 0.000 0.000 0.000 0.000 0.000 0.000 0.000 0.000 0.000 0.000 0.000 0.000 0.000 0.000 0.000 0.000 0.000 0.000 0.000 0.000 0.000 0.000 0.000 0.208 0.000 0.000 0.000 0.133 0.213 27/07/1955
0.000 0.000 0.000 0.000 0.000 0.000 0.000 0.000 0.000 0.000 0.000 0.000 0.000 0.000 0.000 0.000 0.000 0.000 0.000 0.000 0.000 0.000 0.000 0.000 0.000 0.000 0.000 0.000 0.000 0.000 28/07/1955
2.742 3.728 1.618 1.360 1.276 3.775 3.814 1.631 1.517 1.998 2.288 1.779 1.703 1.719 1.982 2.011 1.322 0.722 0.725 1.084 1.483 1.326 1.493 0.721 3.672 1.918 2.413 2.695 3.633 3.729 29/07/1955
6.852 7.549 7.608 12.219 11.384 7.646 7.725 7.669 13.565 12.334 4.825 4.316 12.078 12.184 12.230 4.729 9.793 9.990 10.101 8.910 10.414 9.817 10.145 9.944 9.149 4.195 4.510 5.533 7.745 9.295 30/07/1955
0.000 0.000 0.309 0.000 0.000 0.000 0.000 0.309 0.000 0.000 0.000 0.000 0.000 0.000 0.000 0.000 0.000 0.000 0.000 0.000 0.000 0.000 0.000 0.000 0.000 0.000 0.000 0.000 0.000 0.000 31/07/1955
