# 6448 6449 6450 6451 6452 6528 6529 6530 6531 6532 6610 6611 6612 6613 6614 6693 6694 6695 6696 6697 6776 6777 6778 6779 6780 6859 6860 6861 6862 6863 Date
17.567 17.508 17.583 15.828 16.692 17.621 17.676 17.650 16.412 16.760 17.675 17.633 16.419 16.304 16.774 18.390 18.605 16.188 16.039 16.275 18.607 18.568 16.185 16.247 16.279 18.706 18.715 16.404 16.337 16.064 01/08/1954
17.776 17.887 17.622 16.905 16.901 17.742 17.620 17.527 17.189 17.132 17.961 17.964 17.598 17.486 17.219 17.976 18.206 17.720 17.555 17.386 18.307 18.175 17.662 17.777 17.770 18.637 18.632 18.223 18.058 17.576 02/08/1954
18.737 18.711 18.679 18.758 18.643 18.541 18.378 18.573 19.279 18.776 18.699 18.823 19.539 19.357 18.940 19.540 19.839 19.617 19.393 19.497 19.936 19.805 19.621 19.700 19.897 20.355 20.175 20.161 20.147 19.624 03/08/1954
18.540 18.555 18.429 18.118 17.989 18.400 18.281 18.338 18.516 18.167 18.382 18.404 18.637 18.512 18.300 18.711 18.984 18.741 18.618 18.652 19.043 18.968 18.630 18.803 18.822 19.392 19.280 19.109 18.986 18.629 04/08/1954
17.968 17.991 18.072 17.789 18.318 17.794 17.623 17.962 18.525 18.299 17.677 17.754 18.613 18.489 18.418 17.841 18.357 18.650 18.482 18.479 18.153 18.310 18.463 18.724 18.737 18.360 18.626 18.863 18.863 18.492 05/08/1954
17.796 18.093 18.137 16.769 16.988 17.805 17.555 17.941 17.527 17.208 18.044 18.035 17.621 17.315 17.352 17.662 17.899 17.655 17.297 17.413 18.190 17.827 17.540 17.804 17.983 18.639 18.278 18.272 18.227 17.467 06/08/1954
16.238 16.693 16.348 15.892 17.011 16.492 16.330 16.222 16.547 17.075 16.478 16.447 16.951 16.817 17.166 17.130 17.273 17.016 16.900 16.551 17.435 17.233 17.009 17.077 16.879 17.525 17.208 17.128 17.167 16.663 07/08/1954
16.053 16.185 16.130 15.425 16.104 16.033 15.883 16.028 16.176 16.245 16.101 16.136 16.412 16.264 16.376 16.011 16.565 16.568 16.390 16.616 16.471 16.546 16.395 16.637 17.189 16.906 17.164 17.216 17.438 16.946 08/08/1954
17.363 17.115 17.298 17.180 18.843 17.017 16.903 17.241 18.952 18.886 17.086 17.196 18.938 18.820 19.069 17.740 18.879 19.144 19.002 19.164 18.156 18.815 19.109 19.186 19.575 18.651 19.737 20.009 19.772 19.342 09/08/1954
17.763 17.680 17.444 16.784 17.884 17.511 17.373 17.327 18.014 17.902 17.426 17.472 18.368 18.201 18.080 17.392 18.470 18.355 18.148 17.912 17.660 18.430 18.436 18.435 18.150 17.973 18.686 18.868 18.587 17.896 10/08/1954
20.733 20.445 20.695 20.185 20.918 20.297 20.214 20.617 21.606 20.917 20.532 20.528 21.475 21.481 21.042 21.247 21.668 21.509 21.494 21.651 21.339 21.657 21.590 21.518 21.522 21.479 21.770 21.717 21.643 21.507 11/08/1954
22.612 22.614 22.522 22.011 22.764 22.469 22.345 22.421 22.984 22.814 22.679 22.663 23.035 22.989 22.904 22.865 23.203 23.027 22.946 22.802 22.972 23.165 23.058 23.059 23.023 23.241 23.301 23.261 23.192 22.869 12/08/1954
19.079 19.419 19.495 18.999 19.187 19.196 19.003 19.362 19.877 19.287 18.991 19.544 19.959 19.863 19.410 19.080 19.512 20.040 19.933 19.840 19.189 19.468 19.514 20.076 20.310 19.424 19.593 19.695 19.951 20.161 13/08/1954
18.350 18.350 18.446 17.719 18.551 18.149 17.977 18.330 18.627 18.653 18.025 18.089 19.075 18.915 18.825 18.781 18.466 18.902 18.728 18.495 18.750 18.449 18.640 18.998 18.883 18.823 18.588 19.021 19.117 18.605 14/08/1954
19.629 19.692 19.387 18.911 19.812 19.480 19.315 19.245 19.824 19.795 19.369 19.289 20.118 20.050 19.910 20.769 20.133 20.068 19.990 19.712 20.769 20.106 20.046 20.122 19.974 21.058 20.177 20.160 20.163 19.831 15/08/1954
16.706 16.751 16.444 15.966 16.514 16.535 16.367 16.332 16.586 16.486 17.024 16.680 16.771 16.649 16.640 17.536 17.697 17.184 17.002 16.582 17.253 17.658 17.178 17.259 16.609 18.052 17.953 17.572 17.072 16.381 16/08/1954
16.347 16.190 16.061 15.871 16.092 16.029 15.863 15.973 16.165 15.988 16.304 16.158 16.211 16.098 16.131 16.529 16.649 16.222 16.083 15.997 16.467 16.600 16.231 16.276 15.810 16.666 16.653 16.365 16.078 15.613 17/08/1954
19.064 18.816 18.544 18.064 18.558 18.757 18.699 18.537 18.328 18.351 18.754 18.679 18.733 18.656 18.432 19.151 19.555 18.514 18.467 18.176 18.725 19.529 18.665 18.552 17.962 18.557 19.233 18.460 18.297 17.832 18/08/1954
20.185 20.565 19.951 19.752 20.075 20.376 20.239 19.850 19.957 19.875 21.338 21.254 19.816 19.708 19.932 21.206 20.853 21.557 21.425 19.590 20.971 20.837 20.828 21.627 19.205 19.870 20.086 20.104 19.286 19.057 19/08/1954
18.128 17.821 17.764 17.609 17.846 17.639 17.508 17.666 17.671 17.596 17.671 17.662 17.649 17.552 17.691 17.859 18.131 17.851 17.746 17.653 17.805 18.113 17.721 17.912 17.477 18.021 18.264 17.919 17.653 17.323 20/08/1954
20.406 19.771 19.091 18.803 19.051 19.583 19.421 18.951 18.427 18.358 19.076 19.037 18.884 18.819 18.458 19.347 19.515 18.846 18.764 18.441 18.853 19.480 18.884 18.898 18.478 18.764 19.155 18.515 18.541 18.336 21/08/1954
20.214 20.090 19.851 19.655 20.103 19.976 19.903 19.788 20.033 19.894 19.754 19.916 19.825 19.681 20.023 19.808 19.418 19.373 19.176 18.478 19.299 19.405 19.379 19.459 18.311 18.464 18.697 18.449 18.357 18.104 22/08/1954
22.073 21.572 21.320 20.957 21.378 21.409 21.272 21.215 20.826 21.194 21.496 21.219 20.851 20.727 21.326 20.800 20.332 20.459 20.332 19.959 20.397 20.309 20.443 20.503 19.766 20.232 20.042 20.121 19.984 19.567 23/08/1954
21.841 21.764 21.572 21.222 20.276 21.706 21.652 21.532 20.643 20.290 21.577 21.596 20.858 20.740 20.518 20.944 21.086 20.768 20.586 20.464 20.717 21.081 20.660 20.894 20.699 20.374 20.835 20.695 20.759 20.405 24/08/1954
15.976 16.210 16.142 15.913 16.198 16.047 15.900 16.039 16.187 16.314 15.881 16.294 16.207 16.107 16.451 16.172 16.677 16.561 16.406 16.388 16.447 16.648 16.208 16.650 16.841 16.481 16.821 16.548 16.855 16.596 25/08/1954
15.998 16.390 16.113 15.637 16.408 16.384 16.390 16.051 16.356 16.489 16.573 16.465 16.255 16.226 16.647 16.703 17.011 16.535 16.490 16.457 16.589 16.998 16.549 16.548 16.487 16.460 17.241 16.691 16.459 16.481 26/08/1954
14.492 14.750 14.505 14.473 14.552 14.547 14.383 14.342 15.117 14.907 14.881 14.959 15.154 14.989 15.021 14.702 15.765 15.544 15.355 15.216 14.884 15.754 15.554 15.605 15.585 14.776 15.719 15.611 15.696 15.385 27/08/1954
16.007 15.768 15.706 15.066 15.497 15.642 15.508 15.605 15.917 15.641 15.697 15.793 16.000 15.878 15.796 15.947 16.483 16.044 15.899 15.970 16.322 16.475 16.109 16.093 16.173 16.552 16.547 16.390 16.278 15.948 28/08/1954
15.805 15.462 15.542 14.540 15.185 15.203 15.003 15.386 15.127 15.282 15.012 15.081 15.705 15.556 15.405 15.031 15.632 15.456 15.232 15.103 15.404 15.609 15.560 15.551 15.440 15.711 15.680 15.817 15.761 15.143 29/08/1954
14.662 14.190 14.158 13.228 13.589 13.971 13.821 14.047 13.703 13.621 13.990 13.951 13.975 13.840 13.752 14.685 14.947 13.859 13.683 13.592 14.741 14.889 13.865 13.896 13.683 14.961 15.037 14.109 14.153 13.499 30/08/1954
16.036 15.996 15.895 14.958 15.191 15.849 15.716 15.811 15.700 15.510 16.061 16.301 15.898 15.783 15.663 16.417 16.845 16.046 15.901 15.699 16.633 16.822 16.115 16.083 15.682 16.767 16.739 16.169 15.946 15.474 31/08/1954
17.363 16.519 17.161 16.479 16.217 16.410 16.297 17.077 16.404 16.167 17.051 17.170 16.688 16.612 16.300 17.487 17.516 16.422 16.348 16.277 17.816 17.506 16.783 16.442 16.111 17.635 18.200 17.540 16.257 16.000 01/09/1954
15.272 15.292 15.325 15.225 14.114 15.237 15.185 15.275 15.311 14.554 15.579 15.761 15.368 15.319 14.659 15.799 15.442 15.330 15.306 15.215 15.877 15.451 15.387 15.348 14.737 16.018 15.317 15.285 14.952 14.722 02/09/1954
16.020 16.023 15.817 15.769 15.279 15.948 15.909 15.797 15.811 15.481 16.327 16.116 15.896 15.836 15.534 16.666 16.666 16.174 16.112 15.949 16.985 16.670 16.505 16.194 16.359 17.315 16.898 16.684 16.566 16.297 03/09/1954
16.034 16.027 15.921 16.017 16.882 15.871 15.766 15.848 17.219 18.355 17.241 17.033 17.137 17.022 18.492 17.544 18.117 17.677 17.510 17.319 17.814 18.086 17.741 17.722 17.567 18.029 18.100 17.787 17.823 17.374 04/09/1954
17.354 17.093 16.977 17.167 17.348 16.900 16.750 16.876 17.468 17.845 17.326 17.205 17.546 17.385 17.977 17.619 17.949 17.810 17.651 17.239 17.897 17.907 17.692 17.899 17.537 18.082 18.061 18.020 17.750 17.276 05/09/1954
14.895 14.977 14.791 14.415 14.531 14.816 14.678 14.681 14.890 14.547 14.992 14.766 15.222 15.063 14.631 15.680 16.177 15.802 15.622 14.820 16.421 16.142 15.895 15.877 15.812 16.743 16.529 16.449 16.245 15.592 06/09/1954
16.465 16.280 16.046 15.072 15.577 16.161 16.059 15.960 16.002 15.496 16.051 15.873 16.229 16.176 15.610 16.819 17.382 16.531 16.413 16.415 17.053 17.355 16.480 16.564 16.832 17.341 17.502 16.709 16.790 16.700 07/09/1954
16.277 16.089 15.933 14.994 15.955 15.917 15.755 15.836 16.104 16.008 15.831 15.647 16.182 16.121 16.096 16.901 17.272 16.278 16.184 16.296 16.864 17.230 16.175 16.310 16.743 17.010 17.293 16.313 16.488 16.613 08/09/1954
17.005 17.224 17.517 16.472 16.875 17.108 17.014 17.433 16.937 16.883 16.891 16.894 16.612 16.547 16.972 17.677 17.780 16.298 16.198 16.338 17.438 17.749 16.183 16.315 16.120 17.108 17.469 15.964 15.982 15.975 09/09/1954
21.752 21.227 21.874 21.878 21.117 21.198 21.169 21.859 21.168 20.807 21.184 21.217 20.876 20.797 20.807 21.422 21.685 20.536 20.448 20.771 21.224 21.680 20.676 20.576 20.708 21.335 21.626 20.810 20.715 20.550 10/09/1954
20.770 20.715 20.737 20.125 19.805 20.813 20.901 20.797 20.192 19.799 20.714 20.566 20.370 20.220 19.780 21.234 21.064 20.019 19.886 19.813 20.613 21.093 19.792 20.067 19.992 20.385 20.751 19.852 20.040 19.756 11/09/1954
17.000 17.106 17.558 18.063 17.481 17.187 17.227 17.610 17.566 17.517 17.143 17.270 17.766 17.729 17.544 18.724 18.394 17.338 17.246 17.575 19.112 18.406 17.121 17.362 17.601 18.663 18.383 17.316 17.528 17.496 12/09/1954
15.741 15.630 15.572 14.950 15.776 15.537 15.469 15.521 15.379 15.303 15.099 15.149 15.535 15.486 15.315 15.801 16.314 15.519 15.425 15.509 16.132 16.308 15.587 15.551 15.411 16.101 16.326 15.667 15.651 15.339 13/09/1954
15.840 15.662 15.436 15.353 15.718 15.540 15.466 15.372 15.306 15.535 15.388 15.200 15.553 15.533 15.620 15.784 15.913 15.210 15.147 15.441 15.702 15.903 15.381 15.228 15.366 15.932 16.163 15.706 15.615 15.288 14/09/1954
15.059 15.157 14.984 14.931 14.883 15.078 14.989 14.931 14.392 14.232 14.766 15.193 15.245 15.222 14.268 14.744 15.020 14.507 14.432 14.139 14.878 14.992 14.973 14.549 14.135 14.870 14.839 14.922 14.602 14.000 15/09/1954
15.668 15.803 15.623 15.344 15.274 15.740 15.696 15.592 15.563 15.175 15.628 15.627 15.400 15.389 15.266 15.908 15.993 15.419 15.403 15.493 15.888 15.969 15.506 15.421 15.112 15.958 15.956 15.455 15.142 14.980 16/09/1954
15.831 15.842 15.760 15.451 15.453 15.709 15.615 15.699 16.095 15.572 15.825 15.879 16.013 15.883 15.723 15.906 16.352 16.165 16.020 16.143 16.035 16.309 16.050 16.215 16.254 16.243 16.479 16.319 16.404 16.015 17/09/1954
14.070 14.122 14.035 13.683 13.849 13.983 13.912 13.935 14.542 14.011 14.152 14.175 14.520 14.403 14.061 14.484 15.120 14.801 14.646 14.711 14.617 15.109 14.689 14.863 14.997 14.770 15.177 14.944 14.995 14.772 18/09/1954
14.570 14.413 14.429 14.294 14.828 14.221 14.102 14.330 16.026 15.062 14.278 14.460 15.868 15.729 15.198 15.518 15.940 15.874 15.687 16.074 15.878 15.901 15.813 15.913 16.033 15.950 16.131 16.137 15.987 15.826 19/09/1954
12.892 12.839 12.827 12.612 13.297 12.643 12.479 12.713 13.958 13.676 12.741 12.894 13.785 13.632 13.856 13.110 13.910 14.054 13.830 14.134 13.552 13.880 13.830 14.092 14.478 13.830 14.031 14.175 14.360 14.194 20/09/1954
12.129 12.134 12.018 11.260 11.720 12.010 11.890 11.897 12.096 12.003 12.253 12.224 12.089 12.073 12.093 11.874 12.543 12.563 12.479 12.541 12.228 12.523 12.509 12.565 12.755 12.419 12.696 12.717 12.800 12.671 21/09/1954
11.897 11.975 11.809 11.477 11.572 11.924 11.821 11.758 11.968 11.579 12.184 12.117 12.154 12.085 11.646 12.443 12.717 12.262 12.184 12.164 12.615 12.715 12.279 12.315 12.414 12.611 12.737 12.443 12.433 12.325 22/09/1954
9.918 9.788 9.585 9.430 9.382 9.691 9.581 9.485 10.058 9.499 9.430 9.618 10.133 10.007 9.613 9.794 9.966 10.317 10.217 10.239 9.888 9.948 10.014 10.351 10.576 9.929 9.978 10.132 10.361 10.486 23/09/1954
9.617 9.582 9.431 9.080 9.503 9.461 9.354 9.308 9.609 9.448 9.408 9.495 9.792 9.696 9.643 10.290 10.404 9.722 9.640 9.602 10.426 10.367 9.724 9.759 9.488 10.526 10.307 9.686 9.702 9.396 24/09/1954
9.671 9.512 9.528 9.940 10.284 9.400 9.304 9.456 10.394 10.252 9.410 9.436 10.412 10.269 10.375 9.555 9.852 10.381 10.221 10.316 9.896 9.827 10.303 10.488 10.540 10.004 9.888 10.655 10.649 10.274 25/09/1954
10.920 10.922 10.591 10.259 10.614 10.795 10.663 10.522 10.306 10.182 10.795 10.763 10.752 10.597 10.295 12.021 10.855 10.558 10.432 10.299 12.009 10.846 10.685 10.605 10.382 11.880 10.621 10.635 10.750 10.149 26/09/1954
12.020 12.009 12.580 12.137 11.967 11.904 11.819 12.515 12.053 11.778 12.271 12.838 12.609 12.474 11.889 12.507 13.659 12.844 12.716 12.646 13.152 13.627 13.073 12.894 13.128 13.604 13.776 13.283 13.366 12.921 27/09/1954
12.039 12.150 12.938 11.977 12.081 12.019 11.898 12.845 12.381 12.340 12.254 12.729 12.584 12.473 12.427 12.019 13.094 12.625 12.471 12.939 12.453 13.071 12.598 12.684 13.223 12.833 13.190 12.845 13.204 12.985 28/09/1954
11.925 11.773 11.888 11.478 11.515 11.570 11.426 11.745 11.702 11.642 11.638 11.718 11.578 11.455 11.715 11.477 11.930 11.773 11.620 11.857 11.829 11.903 11.659 11.820 12.181 12.157 12.197 12.079 12.169 12.012 29/09/1954
10.644 10.777 10.837 10.550 10.936 10.661 10.562 10.743 10.907 11.178 10.736 10.885 10.992 10.869 11.217 10.785 11.226 11.195 11.106 11.009 10.973 11.209 11.032 11.231 11.428 11.229 11.470 11.385 11.510 11.255 30/09/1954
12.708 12.654 12.479 11.459 12.057 12.620 12.620 12.452 11.965 11.989 13.150 12.929 12.310 12.212 12.080 12.888 12.550 12.390 12.261 12.035 12.860 12.530 12.498 12.448 12.279 12.754 12.485 12.597 12.592 12.124 01/10/1954
16.027 15.779 15.361 14.508 15.019 15.583 15.473 15.261 15.090 14.925 15.706 15.487 15.270 15.124 15.036 16.180 16.038 15.312 15.127 14.967 16.103 16.011 15.504 15.372 14.988 16.065 15.970 15.591 15.350 14.763 02/10/1954
14.151 13.867 13.878 14.121 14.519 13.771 13.693 13.797 13.845 13.843 13.933 13.766 13.993 13.920 13.948 14.853 14.862 13.773 13.689 13.658 14.876 14.813 13.879 13.819 13.886 15.199 14.938 13.996 13.867 13.733 03/10/1954
14.185 13.995 13.863 13.364 13.755 13.960 13.904 13.851 13.724 13.784 13.733 13.802 13.963 13.941 13.910 13.739 14.041 13.934 13.917 13.837 13.706 14.031 13.922 13.935 13.986 13.687 13.958 13.891 13.957 13.899 04/10/1954
14.683 14.397 14.353 13.359 13.846 14.317 14.246 14.307 13.771 13.729 14.105 13.981 13.920 13.874 13.805 13.997 13.645 13.616 13.559 13.733 13.801 13.642 13.603 13.641 13.590 13.813 13.505 13.589 13.619 13.492 05/10/1954
14.465 14.168 14.469 14.332 14.269 14.080 14.069 14.418 14.654 14.196 13.722 13.939 14.626 14.546 14.275 13.866 14.230 14.370 14.294 14.499 13.982 14.229 14.397 14.410 14.395 14.056 14.096 14.449 14.437 14.283 06/10/1954
14.644 14.318 14.895 14.341 14.372 14.248 14.190 14.829 14.898 14.406 14.206 14.527 14.895 14.802 14.516 15.457 15.629 14.601 14.516 14.901 15.738 15.611 14.727 14.643 14.758 15.940 15.652 14.911 14.845 14.611 07/10/1954
15.884 15.688 15.660 15.770 14.347 15.555 15.478 15.574 14.256 14.437 15.876 15.723 14.405 14.111 14.647 15.339 14.760 14.230 13.880 14.015 15.290 14.770 14.283 14.351 14.285 15.142 14.727 14.683 14.390 13.789 08/10/1954
13.211 13.020 13.016 13.771 12.854 12.920 12.816 12.901 12.540 12.794 13.132 13.058 12.501 12.244 12.984 12.394 12.641 12.364 12.072 12.080 12.553 12.655 12.460 12.474 12.284 12.627 12.497 12.636 12.444 11.869 09/10/1954
13.841 13.749 13.652 14.002 13.524 13.555 13.427 13.549 13.306 13.286 13.687 13.616 13.571 13.414 13.368 13.602 13.555 13.442 13.222 12.924 13.853 13.522 13.533 13.538 13.210 14.042 13.720 13.945 13.555 12.931 10/10/1954
12.123 12.337 12.388 12.457 13.291 12.258 12.203 12.325 13.582 13.721 12.492 12.631 13.459 13.416 13.782 12.545 13.460 13.667 13.567 13.738 12.887 13.452 13.600 13.696 14.416 13.241 13.775 14.024 14.105 14.266 11/10/1954
11.885 11.578 12.158 12.426 14.448 11.535 11.459 12.098 14.053 14.684 11.334 11.571 13.754 13.672 14.758 12.029 13.373 13.805 13.688 14.256 12.202 13.357 13.293 13.848 14.541 12.603 13.702 13.803 13.851 14.393 12/10/1954
11.104 10.781 11.098 11.500 12.133 10.646 10.538 11.007 12.341 12.137 10.683 10.555 12.012 11.970 12.218 10.667 11.508 11.984 11.943 12.510 11.168 11.486 12.058 12.005 12.622 11.649 11.871 12.508 12.376 12.468 13/10/1954
10.944 10.749 10.771 11.060 11.450 10.623 10.545 10.697 11.588 11.441 10.626 10.495 11.583 11.536 11.466 10.662 11.046 11.482 11.451 11.565 10.777 11.039 11.473 11.511 11.529 11.035 11.213 11.680 11.583 11.482 14/10/1954
9.269 9.352 9.143 9.306 9.063 9.258 9.178 9.112 9.110 8.923 9.660 9.481 9.442 9.412 8.955 9.987 9.969 9.771 9.728 9.410 10.369 9.974 10.111 9.808 9.786 10.697 10.238 10.443 10.141 9.658 15/10/1954
8.542 8.555 8.332 8.010 9.320 8.488 8.390 8.283 8.467 9.281 8.630 8.520 8.905 8.902 9.402 8.738 8.908 8.941 8.974 8.732 8.989 8.924 9.198 8.967 9.033 9.097 9.045 9.321 9.150 9.007 16/10/1954
7.750 7.854 7.497 7.203 8.021 7.740 7.650 7.407 7.394 7.946 7.886 7.769 7.830 7.780 8.024 8.309 8.175 7.860 7.823 7.579 8.299 8.185 8.038 7.894 7.785 8.138 7.931 7.926 7.885 7.715 17/10/1954
8.199 8.286 7.700 7.195 7.681 8.279 8.230 7.664 7.401 7.481 8.867 8.074 7.714 7.713 7.479 9.187 8.172 7.690 7.669 7.499 8.814 8.170 8.008 7.719 7.704 8.719 8.257 8.027 7.824 7.658 18/10/1954
9.713 9.784 9.647 9.527 10.819 9.665 9.441 9.500 10.430 10.681 9.861 9.752 10.368 10.337 10.727 9.533 9.787 10.400 10.352 10.343 9.862 9.738 10.444 10.441 10.550 10.233 9.900 10.532 10.530 10.487 19/10/1954
6.511 6.747 6.587 6.257 6.811 6.708 6.663 6.573 7.059 7.027 6.755 6.855 7.118 7.038 7.036 6.748 7.523 7.357 7.242 7.407 7.028 7.483 7.304 7.439 7.973 7.438 7.719 7.630 7.814 7.850 20/10/1954
4.031 4.237 4.121 4.056 4.183 4.223 4.134 4.088 4.343 4.244 4.273 4.371 4.411 4.274 4.269 4.007 4.655 4.647 4.557 4.447 4.195 4.638 4.316 4.702 4.844 4.249 4.737 4.437 4.645 4.746 21/10/1954
7.009 7.270 7.605 7.403 7.792 7.189 7.129 7.602 7.885 7.898 7.230 7.653 7.772 7.758 7.933 7.384 8.424 8.138 8.069 8.084 7.779 8.414 7.933 8.189 8.194 8.140 8.526 8.103 8.187 8.148 22/10/1954
8.554 8.444 8.682 9.266 8.660 8.331 8.263 8.646 9.298 8.660 8.278 8.389 9.060 8.995 8.805 8.665 9.025 9.056 8.987 9.150 9.124 8.998 9.019 9.130 9.103 9.180 9.118 9.162 9.248 8.985 23/10/1954
7.890 7.629 7.507 7.282 6.441 7.446 7.298 7.388 6.884 6.034 6.865 7.144 7.030 6.934 6.124 7.061 7.555 6.929 6.824 6.871 6.985 7.527 6.984 6.948 7.248 7.390 7.676 7.301 7.256 7.086 24/10/1954
8.332 7.868 7.609 7.047 6.818 7.703 7.572 7.526 6.851 6.972 7.909 7.617 7.346 7.281 7.063 7.550 7.899 7.179 7.141 7.126 8.704 7.897 7.755 7.175 7.386 8.928 8.103 8.027 7.624 7.313 25/10/1954
8.244 8.068 7.511 6.523 8.702 7.915 7.781 7.418 8.171 8.731 8.282 7.746 8.611 8.515 8.796 7.932 7.952 8.477 8.396 8.283 8.714 7.945 9.022 8.511 8.285 9.216 8.300 9.427 8.888 8.169 26/10/1954
10.333 10.518 10.055 9.408 9.512 10.345 10.257 9.967 10.065 9.772 10.729 10.484 10.310 10.236 9.826 11.017 9.867 10.302 10.224 10.044 10.642 9.879 10.451 10.339 10.183 10.598 9.797 10.395 10.435 10.095 27/10/1954
6.674 6.976 6.599 5.929 5.953 6.854 6.764 6.566 6.244 6.031 7.177 7.024 6.532 6.432 6.116 7.208 7.154 6.551 6.442 6.220 7.393 7.147 7.045 6.598 6.690 7.523 7.220 7.201 6.898 6.509 28/10/1954
12.881 12.938 12.709 12.526 12.406 12.829 12.716 12.641 12.368 12.161 12.827 12.869 12.528 12.460 12.212 12.786 12.501 12.366 12.292 12.202 12.509 12.484 12.442 12.408 12.107 12.171 12.082 12.081 12.220 11.958 29/10/1954
11.527 11.470 11.667 11.061 11.236 11.394 11.338 11.619 11.266 11.063 11.339 11.465 11.148 11.129 11.123 11.865 11.069 10.845 10.815 10.972 11.476 11.059 10.603 10.874 10.715 11.040 10.698 10.197 10.431 10.638 30/10/1954
12.763 12.193 11.827 11.397 11.178 12.021 11.909 11.757 11.149 10.907 11.941 11.567 11.097 11.027 10.993 12.271 11.491 10.932 10.827 10.793 12.071 11.473 10.956 10.974 10.738 12.167 11.630 11.080 10.956 10.616 31/10/1954
13.666 13.888 13.599 12.979 13.310 13.753 13.651 13.513 13.252 13.003 13.711 13.503 13.346 13.343 13.047 14.129 13.965 13.243 13.156 13.013 13.671 13.995 13.340 13.226 12.995 13.762 13.836 13.285 13.208 12.971 01/11/1954
13.546 13.596 13.413 12.505 13.250 13.542 13.501 13.424 13.216 13.034 13.129 13.094 13.421 13.405 13.098 13.297 13.499 13.188 13.191 12.932 12.925 13.524 13.148 13.186 13.024 12.990 13.598 13.281 13.167 12.974 02/11/1954
9.180 8.587 8.439 7.678 8.274 8.514 8.436 8.375 9.646 9.514 9.057 9.267 9.739 9.689 9.571 9.389 9.030 8.860 8.867 8.697 8.772 9.037 8.786 8.878 8.274 8.531 8.740 8.451 8.334 8.227 03/11/1954
7.176 6.963 6.615 5.886 6.834 6.894 6.765 6.552 8.325 8.049 8.211 8.216 8.472 8.407 8.035 9.049 8.827 8.020 7.947 7.588 8.624 8.816 8.228 8.052 7.420 7.881 8.170 7.638 7.538 7.317 04/11/1954
10.296 9.888 9.540 8.372 8.692 9.829 9.726 9.502 10.458 9.970 9.226 9.332 10.205 10.088 10.013 10.039 9.824 10.405 10.266 10.991 10.407 9.841 10.077 10.476 11.014 10.862 9.917 10.282 10.507 10.866 05/11/1954
11.272 11.216 11.019 9.628 9.709 10.783 10.425 10.713 11.227 10.285 10.280 10.193 10.651 10.554 10.311 10.326 10.245 11.015 10.889 11.431 9.845 10.268 10.333 11.048 11.561 9.211 10.583 10.856 11.346 11.437 06/11/1954
10.585 10.210 9.978 8.828 9.458 9.821 9.558 9.724 9.437 8.944 9.662 9.378 9.495 9.482 8.960 10.102 9.436 9.235 9.169 9.316 9.914 9.409 9.311 9.259 9.219 10.302 9.390 9.194 9.142 9.194 07/11/1954
9.680 9.555 9.268 8.877 9.120 9.338 9.193 9.086 9.220 8.787 10.005 9.355 9.282 9.190 8.816 10.199 9.096 9.322 9.191 9.075 10.099 9.058 9.425 9.386 9.233 10.240 9.067 9.484 9.157 9.081 08/11/1954
6.295 6.239 6.689 7.071 7.004 6.129 6.032 6.625 7.002 6.822 5.896 6.034 6.929 6.849 6.901 5.686 6.237 6.749 6.612 6.918 5.822 6.232 6.481 6.800 7.027 6.067 6.294 6.783 6.918 6.807 09/11/1954
4.938 4.906 5.351 4.912 5.323 4.725 4.631 5.271 4.934 5.151 4.544 4.630 5.053 4.935 5.087 4.631 4.853 4.691 4.604 4.880 4.395 4.863 4.413 4.725 5.119 4.564 4.866 4.670 4.945 4.943 10/11/1954
6.249 6.326 6.599 7.061 7.560 6.105 5.962 6.492 7.427 7.533 5.811 6.048 7.386 7.276 7.541 6.156 6.404 7.223 7.143 7.429 6.235 6.374 7.085 7.224 7.623 6.627 6.573 7.262 7.386 7.564 11/11/1954
5.787 5.843 5.877 6.556 6.180 5.756 5.685 5.849 5.612 5.795 5.693 5.675 5.820 5.711 5.780 5.873 5.583 5.458 5.417 5.237 5.596 5.577 5.548 5.489 5.127 5.842 5.500 5.462 5.196 5.040 12/11/1954
9.381 9.230 8.871 8.709 8.792 9.075 8.930 8.764 8.493 8.606 9.491 8.972 8.582 8.458 8.624 9.382 8.756 8.555 8.473 8.197 8.830 8.730 8.704 8.561 8.203 8.610 8.581 8.486 8.370 8.084 13/11/1954
11.574 11.500 11.077 10.820 11.172 11.386 11.333 11.012 11.225 11.109 11.904 11.453 11.369 11.258 11.186 12.024 11.391 11.460 11.382 11.064 11.898 11.381 11.690 11.469 11.187 11.661 11.368 11.704 11.483 11.001 14/11/1954
13.015 13.051 12.800 12.960 13.049 12.902 12.826 12.723 13.311 13.137 13.247 13.288 13.159 13.044 13.210 13.338 13.460 13.445 13.360 13.393 13.555 13.430 13.458 13.480 13.391 13.622 13.709 13.778 13.670 13.212 15/11/1954
13.397 13.552 13.208 12.721 12.868 13.369 13.273 13.095 12.845 12.770 13.195 13.632 13.362 13.199 12.843 13.388 13.738 13.198 13.053 12.903 13.427 13.715 13.253 13.266 13.072 13.511 13.416 13.287 13.354 12.842 16/11/1954
13.371 13.303 13.050 12.591 12.914 13.166 13.054 12.974 12.911 12.770 13.086 13.098 13.085 12.996 12.780 13.292 13.351 13.029 12.924 12.888 13.231 13.328 13.027 13.061 12.997 13.292 13.357 13.089 13.102 12.852 17/11/1954
14.167 13.814 13.520 13.329 13.270 13.673 13.556 13.436 13.435 13.157 13.734 13.571 13.648 13.564 13.201 14.211 14.115 13.671 13.589 13.429 14.276 14.093 13.849 13.732 13.816 14.352 14.329 14.272 14.080 13.643 18/11/1954
12.260 11.864 11.861 11.292 11.349 11.747 11.625 11.764 11.349 11.014 11.940 11.851 11.381 11.284 11.079 12.191 11.815 11.226 11.094 11.008 12.154 11.783 11.446 11.280 11.352 12.090 11.749 11.489 11.245 11.183 19/11/1954
14.113 13.592 13.882 13.035 13.818 13.441 13.354 13.794 14.058 13.394 13.307 13.543 13.764 13.674 13.512 13.457 14.573 13.579 13.470 13.908 13.276 14.542 13.725 13.624 13.627 13.020 14.536 13.728 13.666 13.455 20/11/1954
13.195 12.878 13.074 13.117 13.970 12.734 12.648 12.950 13.740 13.396 12.480 12.655 13.630 13.530 13.476 12.779 13.239 13.396 13.255 13.273 12.536 13.225 13.362 13.474 13.151 12.519 13.152 13.539 13.415 12.953 21/11/1954
13.254 12.809 12.820 13.786 12.885 12.690 12.589 12.739 12.584 12.564 12.474 12.544 12.707 12.596 12.695 12.898 13.027 12.548 12.401 12.224 12.714 13.017 12.609 12.582 12.112 12.676 12.942 12.659 12.469 11.951 22/11/1954
7.701 7.829 7.754 7.567 7.501 7.668 7.556 7.661 7.861 7.732 7.349 7.775 7.463 7.370 7.827 7.593 7.857 7.636 7.514 7.744 7.551 7.845 7.456 7.681 7.839 7.531 7.758 7.505 7.512 7.682 23/11/1954
4.189 3.995 3.893 3.928 3.559 3.918 3.852 3.852 3.895 3.550 3.778 3.846 3.702 3.686 3.621 4.640 4.723 3.742 3.702 3.962 4.592 4.727 3.647 3.755 4.124 4.666 4.742 3.654 3.767 4.019 24/11/1954
1.512 1.328 1.412 1.113 1.565 1.101 0.998 1.263 1.230 1.395 1.173 1.252 1.427 1.369 1.449 1.222 1.612 1.382 1.334 1.355 1.482 1.592 1.393 1.429 1.547 1.768 1.643 1.573 1.501 1.459 25/11/1954
2.361 2.126 2.093 1.610 1.784 1.984 1.900 1.993 1.521 1.445 2.153 2.055 1.760 1.725 1.520 1.978 2.192 1.717 1.730 1.513 2.065 2.181 1.936 1.743 1.645 2.238 2.184 2.003 1.815 1.603 26/11/1954
5.017 5.004 4.387 4.032 3.794 4.840 4.740 4.267 3.499 3.359 5.195 4.878 4.082 4.016 3.485 5.294 5.256 4.074 4.014 3.208 5.140 5.226 4.520 4.131 3.309 4.923 4.932 4.288 3.919 3.264 27/11/1954
11.622 11.674 11.246 8.441 8.509 11.521 11.348 11.163 8.445 8.135 12.135 11.708 8.820 8.772 8.234 12.377 9.800 8.901 8.813 8.176 12.283 9.756 11.635 8.935 8.264 12.152 9.634 11.589 8.804 8.152 28/11/1954
9.814 9.778 9.555 8.712 9.376 9.682 9.553 9.498 9.408 9.257 9.769 9.881 9.378 9.458 9.230 10.627 10.311 9.395 9.482 9.349 10.657 10.252 9.825 9.362 8.959 10.711 10.328 9.625 9.189 9.030 29/11/1954
5.741 5.707 5.668 4.046 4.456 5.566 5.418 5.627 5.374 5.297 5.583 5.808 5.440 5.399 5.356 6.081 5.971 5.461 5.440 5.531 6.262 5.957 5.541 5.490 5.400 6.486 5.878 5.512 5.530 5.339 30/11/1954
3.782 3.574 3.737 3.463 3.687 3.392 3.241 3.628 4.921 4.435 3.457 3.568 4.268 4.250 4.547 3.615 4.144 4.244 4.196 4.404 3.764 4.170 4.169 4.252 4.231 4.124 4.021 4.099 4.205 4.177 01/12/1954
5.431 5.253 5.415 4.444 4.630 5.197 5.145 5.392 4.705 5.401 5.303 5.394 4.718 4.673 5.556 4.959 6.296 4.799 4.751 4.576 5.141 6.296 4.805 4.838 4.934 5.610 6.284 4.883 4.725 4.829 02/12/1954
5.986 5.740 5.395 5.074 5.191 5.641 5.540 5.297 5.549 5.363 6.095 5.824 5.672 5.617 5.481 6.247 6.619 5.569 5.548 5.421 6.444 6.597 5.914 5.616 5.529 6.747 6.703 6.057 5.754 5.436 03/12/1954
6.642 6.419 6.546 6.556 6.704 6.287 6.206 6.409 7.030 6.723 6.356 6.528 6.778 6.666 6.809 6.812 7.240 6.860 6.784 6.763 6.987 7.203 6.832 6.889 6.884 7.519 7.280 6.935 6.844 6.729 04/12/1954
7.930 7.409 7.797 8.293 8.241 7.306 7.227 7.722 8.601 8.367 6.734 7.242 8.176 8.029 8.477 8.106 8.703 8.400 8.241 8.279 8.199 8.672 8.133 8.475 8.887 8.595 8.545 8.097 8.454 8.543 05/12/1954
8.121 7.783 8.696 10.526 11.060 7.558 7.366 8.558 11.513 11.175 7.088 7.824 10.485 10.370 11.326 8.248 9.031 10.319 10.217 11.289 8.546 8.968 9.773 10.358 11.203 8.891 8.770 9.598 10.345 11.018 06/12/1954
9.205 8.901 9.063 9.602 10.157 8.616 8.407 8.939 10.442 10.342 8.119 8.492 9.800 9.736 10.473 8.722 9.504 9.761 9.659 10.394 9.100 9.465 9.435 9.812 10.492 10.000 9.813 9.855 10.269 10.291 07/12/1954
9.105 8.871 8.580 8.406 8.393 8.660 8.491 8.481 8.473 8.151 8.321 8.353 8.513 8.413 8.221 8.477 8.294 7.992 7.884 8.246 8.308 8.255 8.002 8.048 8.342 8.249 8.168 8.097 8.318 8.081 08/12/1954
8.834 8.821 8.589 8.273 8.752 8.671 8.577 8.525 9.020 8.920 8.922 8.765 8.827 8.787 8.933 9.294 9.320 8.863 8.830 9.081 9.313 9.297 8.809 8.873 9.234 9.503 9.408 9.007 9.214 9.113 09/12/1954
6.125 6.134 6.061 6.476 5.763 5.864 5.619 5.893 5.791 6.023 6.257 6.222 5.477 5.459 6.052 5.703 5.783 5.675 5.627 5.691 5.941 5.765 5.546 5.699 5.794 6.423 5.931 5.785 5.915 5.700 10/12/1954
7.240 7.162 6.955 5.693 6.106 6.935 6.738 6.808 6.906 6.742 7.007 7.049 7.126 6.950 6.912 7.056 7.723 7.036 6.839 6.762 7.489 7.698 7.256 7.123 7.152 7.661 7.834 7.561 7.383 6.861 11/12/1954
8.663 8.714 8.756 8.186 8.797 8.489 8.338 8.678 9.513 9.304 9.535 9.218 9.293 9.169 9.375 10.230 10.321 9.598 9.407 9.604 10.406 10.267 9.924 9.659 9.766 10.635 10.146 9.989 9.869 9.515 12/12/1954
7.848 7.028 6.668 5.421 5.650 6.841 6.704 6.571 6.356 5.948 6.818 7.188 6.621 6.531 5.928 6.891 7.649 6.333 6.197 6.593 7.283 7.623 7.376 6.373 6.573 7.721 7.174 7.072 6.432 6.371 13/12/1954
5.716 5.213 5.277 4.375 4.486 4.996 4.836 5.168 5.059 4.899 5.203 5.185 4.896 4.801 4.968 4.968 5.181 4.669 4.537 5.036 5.220 5.163 4.996 4.745 5.002 5.834 5.233 5.210 4.995 4.777 14/12/1954
8.488 8.277 8.376 7.662 8.149 8.031 7.853 8.223 8.659 8.280 8.090 8.145 8.342 8.229 8.391 8.658 8.893 8.213 8.047 8.629 8.924 8.862 8.236 8.282 8.621 9.452 9.145 8.673 8.645 8.384 15/12/1954
6.167 5.656 6.334 5.063 5.048 5.472 5.316 6.222 6.736 6.198 5.248 5.591 6.359 6.331 6.315 5.545 6.039 6.058 5.948 6.799 5.470 6.016 5.631 6.083 6.623 5.394 5.725 5.432 5.966 6.469 16/12/1954
-0.273 -0.442 0.105 -0.588 -0.658 -0.614 -0.779 -0.033 1.378 0.781 -0.802 -0.401 0.427 0.350 0.876 -0.397 0.361 0.527 0.410 1.207 -0.075 0.339 -0.270 0.562 1.653 0.323 0.512 -0.019 0.786 1.516 17/12/1954
-2.506 -2.781 -2.646 -3.183 -3.367 -3.060 -3.299 -2.833 -2.219 -2.684 -3.091 -2.942 -2.349 -2.547 -2.513 -2.731 -2.159 -2.277 -2.458 -2.285 -2.523 -2.185 -2.520 -2.130 -1.618 -2.141 -2.016 -2.155 -1.768 -1.922 18/12/1954
-2.482 -2.995 -2.787 -4.212 -4.313 -3.308 -3.562 -3.017 -2.990 -3.490 -3.039 -2.850 -2.503 -2.621 -3.348 -3.983 -3.498 -2.743 -2.878 -2.693 -4.444 -3.555 -2.830 -2.651 -2.853 -4.396 -4.409 -3.331 -2.618 -3.072 19/12/1954
-0.945 -1.231 -1.316 -2.603 -2.746 -1.447 -1.582 -1.459 -1.689 -1.976 -1.190 -1.167 -1.371 -1.436 -1.914 -1.494 -1.507 -1.447 -1.503 -1.539 -1.839 -1.539 -1.388 -1.410 -1.646 -2.002 -2.065 -1.683 -1.441 -1.788 20/12/1954
-0.237 -0.424 -0.592 -1.468 -1.687 -0.472 -0.501 -0.639 -1.319 -1.251 -0.413 -0.431 -1.061 -1.101 -1.211 -0.536 -0.245 -1.008 -1.065 -1.409 -0.554 -0.254 -0.782 -0.991 -1.489 -0.612 -0.403 -0.764 -0.769 -1.608 21/12/1954
2.301 1.958 2.027 1.987 2.061 1.950 1.889 1.998 2.057 2.099 1.945 1.960 2.150 2.117 2.169 2.058 2.515 2.289 2.214 2.043 2.063 2.511 2.238 2.308 2.109 2.241 2.576 2.461 2.699 2.059 22/12/1954
5.421 5.243 5.166 5.357 5.601 5.128 5.004 5.062 5.826 5.584 5.420 5.302 5.649 5.536 5.629 6.383 6.243 5.643 5.538 5.644 6.446 6.225 5.631 5.701 5.653 6.747 6.351 5.910 5.889 5.567 23/12/1954
8.357 8.325 8.153 8.009 8.336 8.231 8.138 8.075 8.603 8.274 9.180 8.026 8.333 8.217 8.339 9.353 8.531 8.480 8.403 8.643 9.442 8.501 8.285 8.509 8.715 8.931 9.108 8.945 8.829 8.595 24/12/1954
7.924 7.944 7.470 7.159 7.441 7.729 7.615 7.351 7.711 7.471 8.559 7.646 7.771 7.643 7.548 8.632 7.879 7.863 7.762 7.850 8.442 7.850 7.857 7.909 8.030 8.245 8.030 8.178 8.115 7.853 25/12/1954
7.218 6.947 6.858 6.973 6.966 6.755 6.646 6.723 7.432 7.105 6.840 6.900 7.265 7.136 7.205 6.966 6.995 7.399 7.285 7.336 7.019 6.965 7.128 7.452 7.369 7.320 6.873 7.207 7.258 7.180 26/12/1954
7.643 7.343 7.226 7.420 7.475 7.175 7.041 7.103 7.647 7.395 7.219 7.190 7.491 7.402 7.451 7.420 7.295 7.493 7.364 7.253 7.563 7.249 7.504 7.536 7.163 7.999 7.231 7.672 7.365 7.061 27/12/1954
6.377 6.684 6.184 6.217 5.961 6.448 6.254 6.076 6.306 5.925 6.339 6.270 6.942 6.819 5.941 7.166 7.141 7.034 6.883 6.775 6.965 7.098 6.918 7.096 7.019 6.787 7.209 7.155 7.093 6.823 28/12/1954
5.739 5.958 5.897 5.165 4.409 5.813 5.700 5.819 4.439 4.424 5.206 5.801 4.670 4.559 4.550 4.479 6.493 4.789 4.689 4.899 4.668 6.447 4.602 4.826 5.042 4.645 6.642 4.809 5.035 4.933 29/12/1954
6.477 6.889 6.559 5.779 5.256 6.740 6.609 6.477 5.565 5.280 6.318 6.522 6.385 6.303 5.355 6.238 6.176 6.414 6.322 6.424 6.215 6.202 6.255 6.459 6.477 5.385 6.389 6.579 6.841 6.361 30/12/1954
9.437 9.400 9.369 9.370 8.822 9.286 9.183 9.298 9.173 8.882 9.314 9.316 9.340 9.270 9.009 9.268 9.286 9.317 9.223 9.361 9.318 9.282 9.319 9.352 9.301 9.342 9.314 9.405 9.423 9.195 31/12/1954
8.570 8.345 8.229 7.333 7.033 8.195 8.075 8.141 7.337 7.111 8.455 8.274 8.060 7.965 7.221 8.658 8.926 8.106 7.998 8.295 8.923 8.890 8.339 8.153 8.342 8.814 8.835 8.388 8.425 8.178 01/01/1955
9.446 9.262 8.621 8.159 7.099 9.080 8.908 8.519 8.344 7.118 9.184 8.949 8.853 8.730 7.273 8.881 8.980 9.158 9.047 9.083 9.261 8.931 9.457 9.208 9.220 9.154 8.931 9.322 9.395 9.077 02/01/1955
10.033 9.801 9.661 9.349 8.403 9.620 9.474 9.548 9.169 8.530 9.642 9.591 9.207 9.087 8.678 9.907 10.035 9.211 9.063 9.259 10.214 10.009 9.317 9.283 9.375 10.419 10.000 9.466 9.531 9.140 03/01/1955
10.343 10.212 10.168 9.855 9.837 9.996 9.824 10.038 10.315 9.917 10.227 10.126 10.203 10.080 10.002 10.362 10.595 10.243 10.107 10.227 10.544 10.563 10.273 10.287 10.265 10.788 10.555 10.391 10.377 10.066 04/01/1955
11.685 11.596 11.552 11.294 11.094 11.379 11.245 11.411 11.883 11.175 11.408 11.394 11.629 11.584 11.207 11.665 11.850 11.549 11.506 11.684 11.886 11.839 11.565 11.575 11.528 12.237 11.938 11.724 11.633 11.466 05/01/1955
11.063 10.739 10.656 10.646 10.106 10.513 10.380 10.517 10.855 10.196 10.494 10.552 10.576 10.451 10.289 10.959 10.975 10.513 10.372 10.487 11.309 10.942 10.524 10.585 10.671 11.572 11.106 10.856 10.852 10.464 06/01/1955
7.680 7.679 7.659 7.370 8.141 7.477 7.333 7.551 8.003 8.212 7.569 7.662 7.975 7.889 8.218 8.046 8.848 8.057 7.942 8.043 8.324 8.818 8.012 8.125 8.292 8.654 8.953 8.307 8.327 8.126 07/01/1955
2.654 2.993 2.626 2.587 2.341 2.828 2.691 2.551 2.548 2.327 3.047 3.015 2.781 2.711 2.395 3.159 3.626 3.052 2.935 2.652 3.495 3.596 2.980 3.105 3.048 3.476 3.625 3.118 3.089 2.870 08/01/1955
-0.136 -0.229 -0.241 -0.841 -0.146 -0.356 -0.455 -0.319 -0.239 -0.324 -0.759 -0.736 -0.249 -0.245 -0.266 -0.060 -0.502 -0.470 -0.461 -0.456 -0.250 -0.508 -0.517 -0.516 -0.595 -0.229 -0.572 -0.650 -0.615 -0.631 09/01/1955
2.746 2.806 2.535 2.049 3.358 2.627 2.462 2.407 3.240 3.053 2.539 2.561 3.498 3.359 3.154 3.630 4.296 3.485 3.362 3.160 3.599 4.288 3.588 3.553 3.407 3.511 4.288 3.685 3.638 3.228 10/01/1955
5.605 5.642 5.523 5.383 6.304 5.512 5.444 5.462 6.670 6.255 5.693 5.637 6.328 6.188 6.346 6.042 6.922 6.331 6.164 6.359 6.395 6.918 6.577 6.402 6.321 6.520 6.803 6.646 6.447 6.087 11/01/1955
4.705 4.845 4.545 4.058 3.444 4.765 4.706 4.477 3.918 3.646 4.862 4.909 4.177 4.182 3.631 5.299 5.248 4.219 4.222 4.177 5.412 5.243 4.342 4.240 4.431 5.231 5.167 4.355 4.302 4.402 12/01/1955
5.335 5.759 5.604 5.073 4.196 5.750 5.717 5.573 4.555 4.072 5.739 5.880 4.769 4.850 4.019 5.861 6.230 4.699 4.790 4.777 5.878 6.224 5.028 4.659 4.744 5.552 6.098 4.900 4.850 4.874 13/01/1955
6.206 6.469 5.948 4.760 4.168 6.347 6.299 5.877 3.776 3.897 6.167 6.209 4.736 4.833 3.874 6.308 5.838 3.910 4.037 3.903 6.493 5.830 4.866 3.874 3.592 5.723 5.424 4.498 3.974 3.761 14/01/1955
6.971 7.148 7.147 6.230 5.774 7.094 7.057 7.102 6.355 5.696 7.182 7.130 6.708 6.685 5.672 7.807 7.517 6.450 6.415 6.733 8.234 7.506 6.679 6.461 6.489 8.114 7.396 6.662 6.936 6.463 15/01/1955
7.656 7.564 7.498 6.332 6.201 7.452 7.389 7.435 6.323 6.033 7.547 7.451 6.415 6.383 6.111 7.775 7.592 6.227 6.157 6.311 7.825 7.575 6.415 6.230 6.222 7.837 7.538 6.451 6.453 6.150 16/01/1955
8.070 7.923 7.975 7.783 8.102 7.837 7.739 7.936 7.506 7.907 7.662 7.715 7.484 7.420 7.994 7.337 7.417 7.361 7.265 7.341 7.251 7.403 7.394 7.403 7.465 7.405 7.345 7.423 7.476 7.300 17/01/1955
4.696 4.613 4.441 3.779 4.181 4.454 4.304 4.342 4.087 4.081 4.358 4.415 4.241 4.125 4.162 4.782 4.596 4.057 3.900 3.861 4.634 4.582 4.168 4.124 3.929 4.632 4.574 4.277 4.127 3.688 18/01/1955
1.527 1.415 1.347 1.185 1.148 1.289 1.189 1.273 1.171 1.159 1.288 1.247 1.188 1.099 1.232 1.422 1.836 1.274 1.150 1.246 1.548 1.807 1.195 1.333 1.489 1.733 1.937 1.466 1.544 1.309 19/01/1955
0.209 0.109 -0.263 -0.872 -0.769 -0.179 -0.379 -0.440 -0.450 -0.760 -0.067 -0.241 -0.419 -0.474 -0.683 0.157 0.711 -0.261 -0.344 -0.506 0.337 0.682 -0.212 -0.217 -0.211 0.719 0.901 0.070 -0.083 -0.360 20/01/1955
2.350 2.412 2.083 0.936 1.090 2.155 1.957 1.935 1.357 1.314 2.642 2.539 1.405 1.287 1.465 2.532 2.259 1.786 1.664 1.333 2.659 2.217 1.818 1.851 1.717 2.838 2.491 2.221 2.023 1.501 21/01/1955
2.007 2.253 1.800 0.896 0.950 2.132 2.048 1.722 1.541 1.228 2.638 2.502 1.860 1.761 1.343 2.853 3.071 2.464 2.386 1.919 3.140 3.046 2.519 2.504 2.420 3.298 3.355 2.850 2.726 2.290 22/01/1955
3.473 3.655 3.531 2.853 3.261 3.631 3.573 3.499 3.088 3.161 3.755 3.801 3.304 3.286 3.281 3.917 4.129 3.580 3.561 3.182 4.093 4.116 3.490 3.592 3.516 4.104 4.219 3.600 3.570 3.493 23/01/1955
1.239 1.320 1.132 0.687 0.581 1.233 1.157 1.086 0.854 0.600 1.650 1.473 0.973 0.886 0.677 1.898 1.823 1.120 0.981 0.856 1.999 1.824 1.148 1.161 1.159 1.990 1.934 1.396 1.266 0.958 24/01/1955
-1.724 -2.125 -1.861 -2.250 -1.934 -2.238 -2.308 -1.857 -1.603 -1.968 -2.286 -2.294 -1.849 -1.937 -1.906 -1.084 -1.246 -2.076 -2.231 -2.031 -1.228 -1.241 -2.198 -2.086 -2.087 -1.124 -1.298 -2.250 -2.232 -2.235 25/01/1955
-0.755 -1.057 -0.947 -1.425 -1.434 -1.202 -1.348 -1.039 -0.897 -1.464 -1.070 -1.068 -0.999 -0.958 -1.430 -0.741 -0.704 -0.989 -1.025 -0.998 -0.715 -0.693 -0.969 -1.028 -0.934 -0.600 -0.636 -0.990 -0.964 -0.961 26/01/1955
-1.504 -1.970 -1.772 -2.286 -2.751 -2.040 -2.264 -1.864 -2.427 -2.793 -2.163 -2.027 -2.490 -2.440 -2.763 -2.815 -2.641 -2.561 -2.582 -2.548 -2.624 -2.657 -2.534 -2.637 -2.493 -2.419 -2.589 -2.652 -2.529 -2.474 27/01/1955
0.016 -0.419 -0.496 -1.086 -1.387 -0.503 -0.682 -0.575 -1.335 -1.683 -0.413 -0.446 -1.123 -1.208 -1.598 -0.884 -0.967 -1.401 -1.538 -1.700 -0.892 -0.970 -1.017 -1.385 -1.621 -0.749 -1.034 -0.984 -1.309 -1.774 28/01/1955
-0.268 -0.527 -0.559 -1.112 -0.552 -0.652 -0.784 -0.666 -0.481 -0.548 -0.566 -0.428 -0.440 -0.440 -0.497 -0.344 -0.166 -0.384 -0.507 -0.401 -0.023 -0.164 -0.189 -0.364 -0.317 0.231 -0.124 -0.085 -0.208 -0.424 29/01/1955
1.110 0.924 0.483 0.152 0.580 0.693 0.474 0.337 0.722 0.736 0.725 0.498 0.427 0.417 0.770 0.448 0.876 0.797 0.822 1.023 0.511 0.845 0.624 0.818 1.265 0.542 1.011 0.642 1.046 1.198 30/01/1955
2.934 2.838 2.579 2.887 3.080 2.653 2.521 2.460 3.281 3.152 2.946 2.735 3.228 3.188 3.217 2.478 2.769 3.319 3.255 3.148 2.321 2.751 3.134 3.348 3.853 2.416 2.918 3.262 3.541 3.741 31/01/1955
2.329 2.481 2.864 2.931 3.590 2.403 2.306 2.814 3.373 3.396 2.542 2.577 3.182 3.156 3.460 2.887 2.973 2.872 2.827 2.955 2.729 2.957 2.839 2.880 2.635 2.859 2.922 2.714 2.564 2.687 01/02/1955
5.181 5.177 5.570 5.176 7.106 4.923 4.739 5.408 6.621 6.718 4.867 4.977 6.157 6.124 6.736 5.538 5.353 5.793 5.713 6.144 5.231 5.350 5.529 5.794 5.550 5.024 5.075 5.186 5.379 5.537 02/02/1955
2.469 2.302 2.568 2.597 3.061 2.010 1.854 2.418 2.973 2.606 1.947 2.117 2.569 2.476 2.685 2.056 2.511 2.096 1.950 2.464 1.860 2.498 1.893 2.138 1.992 1.832 2.390 1.882 1.980 1.832 03/02/1955
3.962 3.728 4.048 3.910 4.263 3.575 3.424 3.947 4.532 4.101 3.488 3.744 4.203 4.133 4.157 4.049 4.631 3.931 3.843 4.150 3.794 4.645 3.803 3.926 3.860 3.859 4.505 3.789 3.768 3.770 04/02/1955
8.108 7.708 8.061 7.938 8.217 7.597 7.473 7.996 8.309 7.889 7.295 7.623 8.094 8.038 7.979 8.173 8.412 7.828 7.735 8.067 8.054 8.392 7.772 7.825 7.949 8.005 8.482 7.926 7.879 7.837 05/02/1955
10.550 10.298 10.390 10.051 8.993 10.094 9.889 10.257 9.712 8.708 10.126 10.113 9.443 9.220 8.865 10.779 10.280 9.320 8.997 9.368 10.907 10.237 9.261 9.435 9.635 11.291 10.568 9.794 9.754 9.223 06/02/1955
6.693 6.273 6.345 5.762 5.765 6.145 6.029 6.262 6.226 5.522 6.284 6.455 6.452 6.320 5.656 6.871 6.757 6.079 5.860 6.295 6.869 6.729 6.163 6.167 6.658 6.359 6.344 5.997 6.173 6.396 07/02/1955
7.516 7.409 7.313 7.031 6.874 7.250 7.113 7.204 7.132 6.723 7.448 7.351 7.062 6.984 6.793 7.553 7.613 7.078 6.946 7.115 7.813 7.595 7.215 7.136 7.186 7.775 7.459 7.227 7.271 7.027 08/02/1955
5.695 5.698 5.492 4.991 4.935 5.591 5.450 5.367 5.431 5.028 5.760 5.691 5.541 5.437 5.152 5.877 6.014 5.701 5.529 5.531 5.973 5.984 5.688 5.775 5.830 6.136 6.274 6.033 5.925 5.584 09/02/1955
6.936 6.910 6.814 6.077 5.760 6.797 6.677 6.733 6.129 5.781 6.742 6.765 6.526 6.459 5.833 6.367 6.425 6.712 6.599 6.411 6.465 6.417 6.470 6.759 6.509 6.277 6.871 6.901 6.791 6.360 10/02/1955
9.861 9.603 9.367 9.234 8.615 9.495 9.398 9.284 8.681 8.526 9.499 9.456 8.833 8.738 8.608 9.293 8.927 8.813 8.693 8.348 9.311 8.921 8.987 8.856 8.159 9.241 8.771 8.846 8.579 7.997 11/02/1955
10.923 10.774 10.829 10.853 10.453 10.627 10.547 10.740 10.629 10.601 10.724 10.748 10.633 10.498 10.651 10.389 10.395 10.570 10.447 10.551 10.582 10.371 10.574 10.637 10.677 10.793 10.450 10.775 10.716 10.445 12/02/1955
7.084 7.197 6.899 6.539 6.041 7.063 6.946 6.816 6.821 6.601 7.596 7.396 6.753 6.713 6.641 7.734 7.552 7.086 6.997 7.160 7.959 7.536 7.174 7.124 7.224 8.193 7.615 7.349 7.272 7.104 13/02/1955
3.219 3.256 3.033 2.259 2.391 3.134 3.019 2.978 2.688 2.433 3.593 3.370 3.068 3.006 2.497 3.817 4.049 3.204 3.075 3.073 3.829 4.080 3.226 3.232 3.181 3.779 4.159 3.582 3.396 3.029 14/02/1955
4.058 3.982 3.863 3.223 2.750 3.777 3.604 3.742 3.109 2.871 4.069 4.031 3.272 3.199 3.075 4.226 3.598 3.486 3.369 3.328 4.311 3.585 3.348 3.545 3.670 4.462 3.860 3.787 3.739 3.491 15/02/1955
2.817 2.569 2.435 1.904 1.613 2.441 2.275 2.345 1.850 1.632 2.437 2.441 2.238 2.174 1.720 2.776 2.834 2.207 2.133 1.994 2.795 2.816 2.226 2.246 2.090 2.908 2.940 2.436 2.303 1.984 16/02/1955
0.912 1.001 0.636 0.410 -0.059 0.759 0.609 0.484 0.269 0.059 0.877 0.701 0.364 0.297 0.130 1.171 1.302 0.437 0.337 0.249 1.218 1.285 0.381 0.462 0.609 1.321 1.499 0.707 0.853 0.453 17/02/1955
2.154 2.035 1.834 1.414 1.541 1.863 1.708 1.736 1.902 1.725 1.896 1.880 2.144 2.033 1.793 2.272 2.087 2.323 2.174 2.065 2.208 2.077 2.135 2.376 2.450 2.114 2.097 2.307 2.511 2.222 18/02/1955
0.932 0.878 0.755 0.908 0.504 0.798 0.700 0.684 0.501 0.736 0.942 0.887 0.659 0.561 0.810 1.025 1.119 0.729 0.607 0.764 1.120 1.108 0.703 0.787 0.891 1.075 1.137 0.820 0.845 0.694 19/02/1955
-0.453 -0.661 -1.063 -1.597 -1.117 -0.937 -1.154 -1.228 0.180 -0.893 -0.412 -0.543 0.182 0.203 -0.791 0.490 0.060 0.410 0.474 0.694 0.852 0.034 0.519 0.414 0.987 0.796 0.172 0.725 1.020 1.099 20/02/1955
3.730 3.645 3.285 2.777 2.640 3.525 3.370 3.189 3.067 2.970 4.052 4.064 3.154 3.182 3.007 4.171 4.084 3.429 3.506 3.525 4.752 4.080 3.501 3.400 3.582 4.765 3.959 3.268 3.480 3.750 21/02/1955
6.872 6.745 6.561 6.879 6.879 6.567 6.437 6.467 6.915 7.092 6.920 6.840 6.484 6.422 7.098 7.074 7.361 6.697 6.611 6.802 7.453 7.349 6.695 6.701 6.819 7.751 7.307 6.655 6.781 6.698 22/02/1955
11.603 11.597 11.753 11.993 11.405 11.586 11.624 11.742 11.822 11.382 11.643 11.772 11.695 11.739 11.376 11.768 11.952 11.651 11.657 11.913 11.962 11.949 11.668 11.646 11.612 12.099 11.916 11.564 11.715 11.605 23/02/1955
9.674 9.263 9.310 9.832 9.328 9.169 9.128 9.254 9.553 9.435 9.364 9.263 9.272 9.226 9.434 9.461 9.843 9.351 9.303 9.506 9.701 9.825 9.509 9.366 8.901 9.758 9.888 9.609 9.332 8.852 24/02/1955
9.055 9.011 9.060 8.443 8.343 8.839 8.720 8.950 8.803 8.520 8.969 8.930 9.004 8.879 8.588 9.092 9.312 8.810 8.647 8.874 9.187 9.285 8.965 8.857 8.924 9.501 9.494 9.314 9.260 8.719 25/02/1955
8.180 8.311 7.952 7.374 7.467 8.118 7.993 7.845 7.848 7.624 8.253 8.473 8.256 8.135 7.717 8.582 8.865 8.288 8.135 8.138 9.081 8.829 8.328 8.351 8.597 9.620 9.181 8.807 8.498 8.428 26/02/1955
5.568 5.423 5.046 4.802 4.920 5.232 5.151 4.972 5.318 4.556 6.087 4.972 5.254 5.101 4.687 6.448 5.509 4.698 4.587 4.799 6.655 5.476 5.102 4.728 4.961 6.338 6.342 6.121 5.260 4.779 27/02/1955
4.206 4.265 4.505 4.757 4.780 4.062 3.949 4.438 5.378 4.851 4.176 4.228 4.806 4.697 4.944 4.570 5.033 4.519 4.438 4.990 4.964 4.999 4.505 4.562 4.919 5.394 5.232 4.805 4.894 4.717 28/02/1955
3.593 3.589 3.796 3.607 3.558 3.364 3.199 3.649 3.844 3.445 3.311 3.419 3.619 3.484 3.601 3.947 3.968 3.406 3.235 3.558 3.960 3.937 3.165 3.468 3.801 4.012 4.053 3.412 3.521 3.559 01/03/1955
3.327 3.142 3.096 2.210 3.409 2.998 2.836 3.017 3.853 3.433 2.812 2.919 3.912 3.837 3.551 3.747 4.152 3.782 3.699 3.660 3.539 4.136 3.736 3.824 3.774 3.345 4.071 3.746 3.859 3.657 02/03/1955
4.518 4.410 4.313 4.220 3.893 4.320 4.165 4.264 3.936 3.738 4.299 4.288 3.881 3.875 3.805 4.649 4.759 3.787 3.762 3.682 4.473 4.770 3.938 3.771 3.632 4.461 4.509 3.658 3.698 3.616 03/03/1955
7.665 7.641 7.576 7.349 6.645 7.459 7.305 7.489 7.030 6.722 7.723 7.600 6.827 6.726 6.832 7.909 7.937 6.920 6.838 6.865 7.990 7.900 6.928 6.970 6.988 8.275 8.003 7.089 7.022 6.848 04/03/1955
8.958 8.950 8.864 8.873 8.578 8.797 8.621 8.780 9.073 8.691 8.900 8.937 8.887 8.772 8.773 9.180 9.537 8.995 8.837 8.890 9.404 9.513 8.872 9.038 8.993 9.622 9.605 9.019 8.980 8.807 05/03/1955
10.429 10.468 10.472 10.268 10.326 10.290 10.166 10.325 10.876 10.413 10.379 10.459 10.618 10.509 10.554 10.800 11.239 10.737 10.621 10.748 11.032 11.199 10.601 10.797 11.003 11.547 11.433 10.951 10.881 10.799 06/03/1955
8.902 8.811 8.692 8.752 9.177 8.499 8.296 8.517 9.467 9.141 8.701 8.711 9.239 9.169 9.258 9.419 8.927 9.254 9.138 9.299 9.659 8.900 9.214 9.268 9.400 9.945 9.135 9.568 9.576 9.269 07/03/1955
6.452 6.435 5.982 4.732 5.587 6.173 6.027 5.890 5.716 5.538 6.050 6.019 5.900 5.823 5.616 7.101 6.503 5.810 5.709 5.619 7.202 6.478 5.816 5.839 5.879 7.215 6.598 5.949 5.986 5.743 08/03/1955
6.879 6.835 6.656 6.118 6.592 6.638 6.511 6.554 6.555 6.443 6.823 6.638 6.595 6.492 6.562 7.462 7.085 6.503 6.344 6.328 7.539 7.055 6.663 6.551 6.372 7.476 7.065 6.815 6.607 6.192 09/03/1955
9.188 9.068 8.926 8.521 7.983 8.940 8.842 8.858 8.332 8.054 9.124 8.958 8.220 8.124 8.162 9.390 9.168 8.306 8.168 8.176 9.512 9.143 8.453 8.364 8.319 9.784 9.107 8.550 8.414 8.129 10/03/1955
7.497 7.452 7.316 6.860 6.690 7.241 7.108 7.193 7.140 6.733 7.323 7.276 7.087 6.975 6.876 7.816 7.461 7.110 6.978 6.928 7.878 7.412 7.061 7.160 7.069 8.043 7.413 7.191 7.151 6.855 11/03/1955
5.135 5.007 4.795 3.739 4.535 4.972 4.943 4.762 4.186 4.488 4.899 4.914 4.384 4.327 4.564 5.161 5.023 4.386 4.324 4.130 5.073 5.005 4.479 4.383 4.145 4.855 4.927 4.470 4.593 4.039 12/03/1955
6.684 6.319 6.654 6.573 6.485 6.288 6.268 6.657 6.616 6.325 5.730 5.932 6.286 6.336 6.388 6.077 6.113 5.803 5.783 6.300 6.035 6.089 5.501 5.785 6.000 6.047 6.163 5.556 5.557 6.023 13/03/1955
6.952 6.527 6.494 6.148 6.336 6.424 6.345 6.449 6.241 5.993 6.250 6.260 6.099 6.089 6.051 6.579 6.729 5.878 5.869 5.798 6.431 6.717 5.916 5.910 5.830 6.475 6.670 5.905 5.840 5.778 14/03/1955
8.834 8.403 8.406 8.233 8.012 8.288 8.206 8.305 7.844 7.673 8.253 8.208 7.955 7.892 7.741 8.334 8.613 7.824 7.700 7.671 8.617 8.586 7.943 7.874 7.917 8.856 8.797 8.179 8.057 7.774 15/03/1955
9.544 9.274 9.213 9.107 8.830 9.135 9.040 9.146 9.160 8.772 9.166 9.072 9.014 8.924 8.872 9.413 9.343 9.008 8.855 8.915 9.501 9.294 8.899 9.066 9.102 9.689 9.449 9.110 9.006 8.891 16/03/1955
12.373 12.148 11.553 11.451 11.470 11.973 11.841 11.445 11.779 11.519 11.911 11.704 11.934 11.821 11.627 12.321 12.359 11.433 11.331 11.927 12.240 12.318 11.922 11.489 11.816 12.092 11.688 11.386 11.135 11.646 17/03/1955
12.202 12.069 11.484 10.841 10.958 11.858 11.689 11.350 11.348 11.037 11.989 11.426 11.353 11.178 11.179 12.402 11.902 11.071 10.842 10.833 11.947 11.859 11.388 11.169 10.921 11.926 11.474 11.181 10.918 10.605 18/03/1955
9.633 9.478 9.491 8.905 9.107 9.339 9.215 9.431 8.983 8.912 9.094 9.238 9.308 9.250 9.008 9.589 9.710 8.839 8.742 8.694 9.531 9.682 9.090 8.869 8.301 9.352 9.354 8.845 8.658 8.197 19/03/1955
10.854 10.481 10.486 10.070 11.020 10.229 10.008 10.315 11.154 10.979 10.085 10.145 11.270 11.232 11.014 10.672 10.849 10.991 10.977 11.071 10.709 10.841 11.100 11.029 11.017 10.774 10.798 11.144 11.091 10.943 20/03/1955
11.975 11.686 11.807 11.317 11.840 11.524 11.395 11.682 12.289 11.680 11.339 11.377 12.269 12.289 11.797 12.108 12.552 12.320 12.331 12.290 12.437 12.543 12.485 12.304 12.306 12.399 12.615 12.534 12.427 12.347 21/03/1955
10.018 9.679 9.613 9.079 9.129 9.540 9.427 9.523 9.293 8.535 9.131 8.950 9.381 9.319 9.175 9.573 9.779 8.597 8.478 9.049 9.783 9.774 9.270 8.661 8.869 9.659 9.698 9.280 9.121 8.769 22/03/1955
9.779 9.807 9.643 8.959 9.219 9.684 9.551 9.553 9.589 9.160 9.594 9.481 10.024 9.905 9.426 9.904 9.945 9.667 9.519 9.485 9.848 9.910 9.825 9.728 9.429 9.643 9.798 9.796 9.705 9.297 23/03/1955
8.350 8.260 8.214 7.524 8.135 8.115 7.966 8.150 7.689 7.983 8.074 7.924 7.970 7.947 8.064 8.530 8.543 7.671 7.684 7.709 8.557 8.513 7.882 7.718 7.666 8.451 8.525 8.002 7.930 7.643 24/03/1955
7.293 6.894 6.629 5.215 5.483 6.604 6.395 6.485 6.059 5.837 6.325 6.196 6.539 6.367 6.019 6.801 6.639 6.477 6.273 6.218 6.626 6.593 6.164 6.573 6.461 6.530 6.714 6.452 6.727 6.203 25/03/1955
6.395 6.014 6.042 5.394 5.405 5.817 5.730 5.941 5.605 5.553 6.352 5.881 5.971 5.843 5.649 6.622 6.685 6.073 5.904 5.566 6.749 6.658 6.227 6.101 5.810 6.661 6.657 6.383 6.223 5.584 26/03/1955
8.140 7.830 7.877 6.628 5.945 7.610 7.483 7.701 6.638 6.161 7.761 7.644 6.783 6.681 6.292 7.608 7.240 6.647 6.478 6.552 7.760 7.219 6.662 6.700 6.714 7.597 7.282 6.845 6.821 6.515 27/03/1955
9.005 8.954 9.078 8.058 8.370 8.843 8.778 8.994 9.101 8.645 8.897 8.892 9.166 9.040 8.777 9.176 9.239 9.065 8.911 9.058 9.272 9.208 9.035 9.123 9.189 9.252 9.320 9.277 9.261 8.965 28/03/1955
10.436 10.454 10.833 10.974 11.202 10.348 10.230 10.696 12.136 11.559 10.561 10.656 11.700 11.532 11.749 10.519 12.010 11.597 11.408 11.704 10.688 12.039 11.494 11.648 11.705 10.636 12.034 11.801 11.792 11.480 29/03/1955
10.072 10.152 10.243 9.800 9.934 9.974 9.828 10.123 10.753 10.250 10.279 10.308 10.613 10.439 10.382 10.563 11.060 10.739 10.542 10.717 10.810 11.036 10.597 10.783 10.871 10.852 11.236 11.037 11.004 10.637 30/03/1955
11.288 11.183 11.459 12.049 10.913 10.994 10.832 11.373 11.612 11.228 10.968 11.168 11.300 11.210 11.391 11.210 11.471 11.144 11.006 11.295 11.242 11.457 10.998 11.192 11.257 11.181 11.439 11.173 11.277 11.049 31/03/1955
14.178 14.112 14.280 13.857 13.572 14.011 13.937 14.210 14.086 13.747 13.973 14.070 14.124 14.061 13.903 14.304 14.775 14.000 13.905 13.974 14.231 14.762 14.002 14.036 13.944 14.216 14.831 14.195 14.192 13.816 01/04/1955
15.892 15.601 15.603 15.005 15.200 15.558 15.472 15.541 15.328 15.014 15.415 15.416 15.333 15.339 15.086 16.145 16.763 15.188 15.098 15.048 15.948 16.734 15.208 15.213 15.031 15.817 16.774 15.236 15.138 14.903 02/04/1955
18.257 17.876 17.798 16.971 17.537 17.717 17.585 17.696 17.112 17.086 17.682 17.541 17.199 17.191 17.116 18.106 18.060 16.738 16.731 16.688 17.906 18.050 16.956 16.771 16.404 17.815 17.939 16.845 16.577 16.360 03/04/1955
18.016 18.163 17.754 16.987 16.383 17.988 17.909 17.646 16.285 15.905 17.664 17.208 16.310 16.234 15.981 17.521 16.819 16.082 16.020 16.354 17.173 16.803 16.384 16.151 16.090 16.914 16.758 16.430 16.141 15.937 04/04/1955
17.353 17.077 17.093 15.894 15.814 16.914 16.781 16.991 16.232 15.769 16.185 16.178 16.544 16.408 15.903 16.414 16.977 15.716 15.586 16.063 16.348 16.953 15.780 15.791 15.686 16.195 16.978 15.961 15.810 15.470 05/04/1955
16.682 16.402 16.670 16.747 16.155 16.314 16.296 16.674 16.439 16.032 15.948 16.258 16.440 16.348 16.090 15.687 16.120 16.167 16.119 16.147 15.625 16.101 15.966 16.214 16.277 15.948 16.369 16.331 16.363 16.143 06/04/1955
14.162 13.979 13.995 13.964 15.202 13.885 13.805 13.951 14.410 15.111 13.862 13.828 14.371 14.278 15.161 13.688 14.482 14.224 14.167 14.273 13.792 14.463 14.282 14.259 14.404 14.097 14.720 14.547 14.323 14.289 07/04/1955
13.997 13.617 13.594 13.130 13.266 13.438 13.277 13.453 13.511 13.341 12.943 13.188 13.215 13.079 13.432 13.597 13.582 13.203 13.079 13.451 13.644 13.561 12.996 13.263 13.937 14.064 13.814 13.338 13.641 13.736 08/04/1955
9.821 9.329 9.197 8.229 8.235 9.210 9.104 9.115 8.739 8.529 8.869 8.905 8.665 8.541 8.641 8.144 8.730 8.302 8.147 8.470 8.136 8.697 8.186 8.346 8.444 8.298 8.743 8.323 8.407 8.228 09/04/1955
8.779 8.520 8.592 8.442 8.261 8.430 8.301 8.530 8.541 8.520 8.031 8.141 8.546 8.493 8.580 8.220 8.743 8.129 8.085 8.732 8.295 8.709 7.900 8.168 8.571 8.319 8.751 7.923 8.175 8.492 10/04/1955
11.622 11.519 11.687 11.257 11.390 11.437 11.350 11.597 11.672 11.644 11.178 11.401 11.766 11.724 11.735 11.053 11.531 11.568 11.526 11.647 11.237 11.502 11.508 11.619 11.583 11.382 11.574 11.566 11.553 11.506 11/04/1955
9.532 9.460 9.289 9.118 8.545 9.331 9.211 9.184 9.030 8.527 9.370 9.351 9.008 8.926 8.598 9.665 9.774 8.963 8.861 8.989 9.881 9.722 8.918 9.032 9.156 9.975 10.046 9.232 9.066 8.987 12/04/1955
8.120 8.378 7.659 7.857 7.485 8.158 7.955 7.486 7.978 7.516 8.230 8.234 8.519 8.423 7.626 8.769 9.266 8.457 8.339 8.076 9.071 9.236 8.706 8.518 8.377 9.563 9.435 9.080 8.521 8.141 13/04/1955
6.693 6.749 6.403 6.199 6.435 6.646 6.538 6.313 7.093 6.392 6.629 6.693 7.204 7.099 6.513 7.312 7.683 7.141 7.035 6.840 7.390 7.666 7.175 7.183 7.039 7.823 7.725 7.380 7.190 6.839 14/04/1955
7.236 7.189 7.145 7.728 7.663 7.101 6.969 7.083 7.895 7.614 7.095 7.133 7.731 7.622 7.768 8.214 8.459 7.680 7.548 7.583 8.257 8.481 7.714 7.716 7.649 8.377 8.328 7.756 7.723 7.504 15/04/1955
8.643 8.394 8.356 8.588 10.215 8.300 8.193 8.291 9.351 10.088 8.160 8.089 9.107 9.059 10.131 9.169 9.298 8.995 8.904 9.154 9.141 9.308 9.026 9.028 9.081 9.112 9.170 9.003 8.995 8.972 16/04/1955
10.487 10.112 10.084 9.717 11.013 10.025 9.976 10.044 10.894 10.925 9.871 9.967 10.703 10.660 11.001 10.657 10.843 10.630 10.529 10.715 10.709 10.837 10.624 10.655 10.535 10.836 10.572 10.569 10.673 10.422 17/04/1955
7.237 7.362 7.317 6.915 7.589 7.208 7.117 7.223 8.200 8.061 7.545 7.750 8.085 8.025 8.113 8.066 8.644 8.664 8.557 8.051 8.450 8.618 8.613 8.718 7.977 8.749 8.160 8.200 7.940 7.872 18/04/1955
7.532 7.231 7.158 6.161 7.173 7.068 6.926 7.072 7.186 7.723 7.125 7.093 7.159 7.164 7.738 7.634 8.698 7.276 7.214 7.100 7.925 8.687 7.319 7.286 6.948 8.258 8.561 7.161 7.018 6.910 19/04/1955
4.595 4.171 4.195 3.820 3.924 4.066 3.931 4.120 4.171 4.019 4.435 4.042 4.115 4.105 4.066 4.816 4.842 4.046 4.001 4.058 5.022 4.838 4.205 4.047 4.026 5.289 4.847 4.196 4.115 3.981 20/04/1955
8.608 8.443 8.621 8.145 7.665 8.325 8.194 8.547 7.982 7.731 8.545 8.679 8.303 8.248 7.826 8.355 9.479 8.396 8.326 8.020 8.659 9.478 8.311 8.427 8.273 8.650 9.093 8.135 8.275 8.195 21/04/1955
8.594 8.336 8.550 7.848 7.570 8.147 8.018 8.448 8.163 7.841 7.966 8.530 8.022 7.977 7.936 8.160 9.176 8.108 8.026 8.045 9.051 9.136 8.511 8.143 8.173 9.479 9.033 8.481 8.341 8.052 22/04/1955
9.637 9.712 9.923 8.621 8.145 9.690 9.672 9.920 9.156 8.355 9.147 9.758 9.102 9.102 8.448 8.355 9.671 9.307 9.304 9.124 8.996 9.650 9.219 9.306 9.066 9.842 9.703 9.196 9.271 9.055 23/04/1955
9.205 9.192 9.026 8.268 8.399 9.029 8.865 8.914 8.711 8.590 9.537 9.419 8.822 8.773 8.618 9.402 10.079 9.528 9.541 8.998 9.922 10.059 9.559 9.526 9.501 10.865 10.480 10.046 10.037 9.462 24/04/1955
10.496 10.341 10.626 9.888 9.919 10.246 10.150 10.569 10.556 10.239 10.476 10.757 10.597 10.477 10.386 10.819 11.539 10.910 10.805 10.733 11.115 11.527 11.093 10.980 11.091 11.470 11.446 11.145 11.027 10.957 25/04/1955
11.357 10.988 10.837 10.049 9.054 10.655 10.382 10.620 9.774 9.364 10.750 10.907 9.954 9.791 9.523 11.024 10.219 10.030 9.856 9.866 11.210 10.188 10.175 10.128 10.255 11.392 10.121 10.308 10.230 9.952 26/04/1955
8.789 8.715 8.568 8.291 8.778 8.576 8.506 8.496 9.012 8.865 8.791 8.713 8.937 8.787 8.958 9.310 9.567 8.970 8.772 8.788 9.406 9.534 9.107 9.030 9.049 9.734 9.608 9.440 9.378 8.790 27/04/1955
15.638 15.783 15.534 15.483 15.544 15.692 15.662 15.504 15.761 15.639 15.672 15.723 16.095 15.711 15.504 15.355 15.754 16.099 15.643 15.779 15.351 15.710 15.991 16.258 16.242 15.191 15.797 16.589 16.455 15.683 28/04/1955
17.488 17.554 17.463 17.208 17.776 17.386 17.202 17.362 17.352 17.781 17.654 17.650 17.325 17.255 17.695 17.600 17.855 17.442 17.339 17.164 17.739 17.807 17.655 17.466 17.183 17.589 17.738 17.640 17.353 17.016 29/04/1955
20.220 20.101 19.883 18.926 19.125 19.917 19.739 19.782 19.674 19.424 20.035 19.930 19.786 19.651 19.490 20.701 20.582 19.940 19.781 19.552 20.652 20.562 19.965 19.981 19.614 20.668 20.892 20.385 20.029 19.386 30/04/1955
14.777 14.810 15.418 15.441 15.579 14.662 14.573 15.320 15.960 15.714 14.737 15.170 15.609 15.560 15.788 15.194 16.547 16.024 15.935 15.432 15.828 16.529 15.644 16.053 15.579 16.189 16.815 16.122 16.059 15.455 01/05/1955
10.385 9.312 9.712 10.840 9.757 9.137 8.981 9.573 11.264 11.110 8.989 9.192 9.448 9.327 11.225 9.287 9.940 9.562 9.402 11.033 9.539 9.925 9.257 9.639 11.001 9.938 10.143 9.573 9.692 10.863 02/05/1955
11.555 11.117 11.095 10.367 10.246 10.935 10.766 10.994 10.463 10.514 10.424 10.235 10.101 9.987 10.612 10.836 10.423 10.067 9.943 9.973 10.263 10.395 9.747 10.126 10.301 10.585 10.344 9.763 9.741 10.119 03/05/1955
12.472 12.191 12.244 11.577 12.009 11.967 11.824 12.122 12.314 12.264 11.704 11.838 12.325 12.209 12.383 12.034 12.541 12.355 12.198 12.143 11.906 12.488 11.946 12.414 12.206 11.943 12.409 12.030 12.226 11.989 04/05/1955
11.383 11.280 11.321 10.786 11.448 11.064 10.942 11.234 11.727 11.663 11.453 11.243 11.715 11.585 11.768 11.958 12.174 11.760 11.582 11.460 11.869 12.156 11.590 11.846 11.798 11.794 12.057 11.663 11.784 11.604 05/05/1955
13.135 12.949 12.972 11.530 11.454 12.699 12.506 12.810 12.153 11.710 12.786 12.801 12.096 11.936 11.832 13.595 12.983 12.065 11.857 12.012 13.456 12.932 11.935 12.146 12.151 13.325 12.879 12.105 12.241 11.872 06/05/1955
12.868 12.012 12.039 11.635 11.947 11.810 11.624 11.909 12.244 12.187 11.162 11.769 12.576 12.391 12.275 11.849 12.552 12.099 11.861 12.446 12.168 12.512 11.834 12.190 12.804 12.615 12.643 12.135 12.576 12.505 07/05/1955
11.501 11.236 11.123 10.479 10.410 11.019 10.827 10.988 10.883 10.623 10.924 10.933 11.159 11.008 10.717 11.416 11.373 10.549 10.338 11.011 11.618 11.334 10.684 10.634 10.297 11.939 11.030 10.521 10.476 10.026 08/05/1955
11.935 11.604 12.250 11.654 10.735 11.385 11.198 12.158 11.995 11.181 10.987 11.302 11.796 11.628 11.322 11.121 11.444 11.335 11.125 11.946 11.356 11.395 10.940 11.416 11.724 12.155 11.491 11.181 11.343 11.414 09/05/1955
10.892 11.346 10.955 11.037 10.909 11.220 11.101 10.860 11.105 11.113 11.363 11.409 10.959 10.812 11.238 11.040 11.368 11.261 11.104 10.955 11.335 11.346 11.482 11.326 11.146 11.804 11.716 12.006 11.717 10.897 10/05/1955
9.864 10.035 9.931 9.760 9.940 9.892 9.789 9.868 10.228 10.255 9.411 9.925 10.219 10.101 10.325 9.355 9.621 10.051 9.899 10.172 9.234 9.590 9.551 10.088 9.907 9.292 9.314 9.243 9.490 9.740 11/05/1955
9.776 9.745 9.623 9.373 9.895 9.549 9.381 9.509 9.736 9.864 9.599 9.617 9.888 9.776 9.947 9.878 9.826 9.858 9.673 9.662 9.798 9.795 9.643 9.921 9.697 9.795 9.772 9.745 9.851 9.515 12/05/1955
11.861 11.977 11.600 10.323 11.253 11.844 11.717 11.496 11.195 11.167 11.487 11.816 11.967 11.905 11.284 11.576 11.889 11.670 11.546 11.361 11.394 11.879 11.457 11.688 11.076 11.072 11.399 10.999 11.216 10.980 13/05/1955
11.259 11.183 11.192 10.523 10.680 11.078 10.967 11.103 10.706 10.947 10.643 10.818 10.902 10.823 11.041 10.961 11.409 10.744 10.599 10.657 10.607 11.366 10.478 10.781 10.949 10.522 11.091 10.207 10.477 10.754 14/05/1955
12.806 12.609 12.825 12.132 12.790 12.487 12.352 12.741 12.513 12.803 12.317 12.493 12.594 12.514 12.834 13.171 13.321 12.410 12.296 12.443 13.352 13.294 12.289 12.430 12.579 13.462 13.198 12.216 12.520 12.417 15/05/1955
14.200 13.954 13.912 13.642 13.548 13.789 13.651 13.827 13.914 13.723 13.329 13.527 13.798 13.727 13.807 13.797 13.996 13.718 13.623 14.061 13.867 13.984 13.432 13.765 14.193 13.852 13.979 13.446 13.935 14.023 16/05/1955
15.547 15.522 15.462 14.889 15.407 15.378 15.201 15.338 15.872 15.739 15.510 15.528 15.883 15.827 15.830 15.642 16.683 15.988 15.933 16.019 15.881 16.681 15.970 16.019 16.124 16.084 16.826 16.225 16.255 16.029 17/05/1955
16.487 16.494 16.417 17.460 16.246 16.257 16.049 16.278 17.534 16.483 16.374 16.417 17.685 17.540 16.695 17.395 16.812 17.726 17.590 17.518 17.478 16.801 17.751 17.789 17.748 17.562 16.879 18.015 17.947 17.506 18/05/1955
20.372 20.352 20.255 19.947 19.561 20.345 20.406 20.252 20.114 19.571 20.485 20.355 20.156 20.096 19.726 20.186 20.188 20.135 20.015 19.990 20.159 20.164 20.263 20.162 20.097 20.154 20.178 20.460 20.265 19.926 19/05/1955
21.264 21.257 21.199 20.946 20.504 21.067 20.929 21.079 21.178 20.626 21.319 21.173 21.113 20.977 20.683 21.343 21.730 21.090 20.880 21.060 21.324 21.704 21.173 21.117 21.234 21.496 21.801 21.314 21.217 20.999 20/05/1955
21.501 21.478 21.495 20.934 20.970 21.358 21.221 21.414 21.655 21.169 21.643 21.593 21.721 21.598 21.136 21.776 22.092 21.759 21.561 21.593 21.813 22.080 21.776 21.795 21.807 22.063 22.196 21.947 21.913 21.574 21/05/1955
20.285 20.313 20.291 20.290 20.157 20.240 20.195 20.247 20.461 20.260 20.426 20.465 20.411 20.363 20.291 21.042 21.543 20.801 20.764 20.732 21.470 21.514 20.717 20.842 21.122 21.723 21.856 21.097 21.191 21.036 22/05/1955
21.398 21.641 21.678 21.571 21.361 21.530 21.507 21.594 21.924 21.535 21.722 21.722 21.835 21.735 21.630 21.642 22.263 21.989 21.867 21.960 22.271 22.232 21.992 22.044 22.295 22.620 22.709 22.551 22.431 22.184 23/05/1955
16.609 16.644 16.733 16.391 16.255 16.503 16.386 16.642 16.604 16.429 16.418 16.539 16.545 16.431 16.496 16.199 16.524 16.582 16.428 16.552 16.502 16.496 16.491 16.617 16.605 17.003 16.760 16.843 16.737 16.454 24/05/1955
14.024 14.684 14.513 14.445 14.934 14.531 14.409 14.416 15.248 15.411 14.974 15.061 15.084 15.036 15.408 14.901 14.871 15.589 15.510 15.511 15.287 14.849 15.516 15.634 16.012 15.990 15.184 15.986 16.081 15.846 25/05/1955
16.482 16.245 16.099 15.508 15.621 16.048 15.847 15.989 16.186 15.478 16.116 16.047 16.190 16.103 15.564 16.093 15.479 16.325 16.230 16.118 16.032 15.443 16.226 16.372 16.190 16.537 15.661 16.558 16.465 16.041 26/05/1955
16.121 15.808 16.235 16.183 16.957 15.691 15.618 16.158 16.763 16.880 15.790 15.993 16.497 16.430 16.908 16.240 16.634 16.871 16.794 16.828 16.856 16.593 16.729 16.899 17.085 17.568 17.019 17.229 17.172 16.959 27/05/1955
12.778 13.197 13.427 13.432 13.840 13.080 12.992 13.330 14.752 14.672 13.282 13.289 14.057 13.960 14.834 13.650 14.619 14.962 14.777 14.821 14.127 14.582 14.509 15.046 15.018 15.180 15.250 15.357 15.296 14.792 28/05/1955
12.624 12.808 12.622 12.667 12.396 12.583 12.406 12.448 12.363 12.297 12.018 11.799 12.144 12.010 12.441 11.997 12.726 12.290 12.096 11.604 12.398 12.692 12.762 12.387 11.863 13.447 12.823 13.051 12.545 11.581 29/05/1955
9.619 9.318 9.211 9.151 8.853 9.093 8.906 9.051 9.024 8.585 9.052 8.999 9.113 8.973 8.718 9.293 9.581 8.908 8.731 8.909 9.584 9.542 9.181 9.008 9.117 10.041 9.638 9.420 9.187 8.864 30/05/1955
8.696 8.648 8.601 8.754 7.711 8.470 8.255 8.494 9.377 7.659 8.473 8.481 9.294 9.124 8.151 9.934 9.179 9.194 8.970 9.048 10.120 9.143 9.226 9.325 9.306 10.307 9.096 9.416 9.346 8.961 31/05/1955
12.731 12.498 12.657 12.529 11.988 12.269 12.070 12.521 13.074 12.027 12.326 12.386 12.985 12.867 12.334 13.333 13.440 12.853 12.685 13.052 13.499 13.396 12.788 12.924 13.007 13.688 13.465 12.960 12.939 12.775 01/06/1955
14.682 14.615 14.882 14.947 15.239 14.428 14.234 14.761 15.546 15.317 14.595 15.029 15.413 15.286 15.469 14.349 15.063 15.421 15.246 15.549 14.858 15.029 15.378 15.495 15.504 14.962 15.117 15.622 15.518 15.233 02/06/1955
14.886 14.666 14.710 14.962 14.790 14.454 14.258 14.574 15.366 15.002 14.645 14.903 14.971 14.852 15.171 14.565 15.483 15.313 15.110 15.357 14.839 15.438 15.083 15.375 15.667 15.243 15.587 15.342 15.605 15.445 03/06/1955
14.104 13.897 13.785 13.698 13.425 13.678 13.508 13.657 13.903 13.710 13.756 13.900 13.910 13.771 13.869 13.877 14.401 13.949 13.755 13.862 14.158 14.351 14.006 14.028 14.126 14.576 14.620 14.381 14.239 13.873 04/06/1955
14.012 14.154 14.255 14.070 14.160 14.013 13.907 14.192 14.387 14.328 14.174 14.310 14.440 14.354 14.442 14.216 14.996 14.568 14.445 14.289 14.422 14.981 14.590 14.628 14.504 14.715 15.003 14.676 14.560 14.302 05/06/1955
19.488 19.300 19.357 18.617 19.876 19.084 18.889 19.231 20.276 19.733 19.237 19.190 20.260 20.111 19.862 20.192 20.389 20.256 20.083 20.081 20.325 20.378 20.334 20.330 20.329 20.512 20.393 20.560 20.462 20.071 06/06/1955
23.853 23.416 23.483 23.214 23.821 23.218 23.025 23.335 24.246 23.598 23.359 23.275 24.245 24.089 23.769 22.532 23.424 24.089 23.967 23.914 22.719 23.409 24.175 24.172 24.128 22.903 23.362 24.367 24.383 23.909 07/06/1955
21.483 21.030 21.101 20.943 21.837 20.855 20.670 20.995 21.766 21.508 20.826 20.769 21.822 21.749 21.600 20.676 23.061 21.777 21.709 21.470 20.839 23.037 21.841 21.800 21.668 21.016 23.347 22.226 21.963 21.517 08/06/1955
17.377 17.199 17.288 17.443 17.253 17.102 17.005 17.225 17.594 17.199 17.030 17.198 17.638 17.522 17.309 17.132 18.327 17.600 17.458 17.529 17.303 18.294 17.569 17.656 17.693 17.509 18.439 17.868 17.787 17.504 09/06/1955
15.395 15.519 15.875 16.353 15.818 15.388 15.274 15.790 16.802 16.346 15.281 15.624 16.256 16.123 16.484 15.597 16.670 16.478 16.302 17.022 15.902 16.624 15.769 16.547 17.515 16.542 17.378 16.706 17.121 17.271 10/06/1955
17.320 17.345 17.571 18.231 19.711 17.204 17.098 17.477 18.483 20.168 17.399 17.442 18.501 18.415 20.230 17.879 17.857 18.791 18.738 18.773 17.986 17.819 18.329 18.833 19.387 18.107 18.655 19.197 19.319 19.224 11/06/1955
21.974 21.893 22.211 21.554 22.930 21.674 21.468 22.064 22.197 23.233 22.018 22.023 22.116 21.948 23.389 22.309 22.060 22.185 22.038 22.068 22.677 22.017 22.025 22.254 22.376 22.574 22.212 22.342 22.368 22.152 12/06/1955
20.577 20.582 20.704 21.389 21.534 20.410 20.349 20.589 21.449 21.609 20.696 20.577 21.177 21.123 21.636 20.965 21.638 21.248 21.189 21.303 21.160 21.604 21.208 21.263 21.384 21.459 21.859 21.540 21.505 21.308 13/06/1955
23.670 23.736 23.957 25.197 23.872 23.788 23.889 24.030 25.105 23.980 23.812 23.938 24.852 24.878 24.065 22.707 25.118 24.805 24.867 25.081 22.935 25.091 24.784 24.818 25.178 23.027 25.099 24.665 24.857 25.218 14/06/1955
25.633 25.635 25.946 25.389 25.885 25.591 25.602 25.883 27.028 25.871 25.727 25.713 26.900 26.822 26.029 24.378 25.899 26.149 26.081 26.148 24.368 25.856 26.217 26.202 25.681 23.886 25.257 25.722 25.613 25.540 15/06/1955
23.310 23.480 23.391 23.111 23.556 23.380 23.337 23.385 23.781 23.708 23.341 23.426 23.907 23.920 23.771 23.682 24.372 23.932 23.851 23.821 23.729 24.340 23.837 23.967 24.106 23.636 24.496 24.037 24.088 24.058 16/06/1955
18.673 18.449 18.748 19.015 19.196 18.311 18.203 18.652 19.331 19.243 17.824 18.313 18.757 18.664 19.350 18.255 18.987 18.744 18.636 19.082 18.379 18.960 18.360 18.781 18.845 18.301 18.987 18.485 18.761 18.696 17/06/1955
16.678 16.420 16.611 16.655 16.412 16.237 16.080 16.512 16.702 16.435 16.310 16.437 16.519 16.410 16.549 16.284 16.564 16.532 16.407 16.618 16.397 16.514 16.383 16.583 16.776 16.611 16.684 16.565 16.738 16.596 18/06/1955
15.481 15.282 15.326 15.217 15.940 15.074 14.893 15.180 16.125 15.972 15.108 15.224 16.060 15.909 16.087 16.199 16.991 16.134 15.960 15.981 16.320 16.949 16.002 16.193 16.092 16.382 17.114 16.226 16.245 15.852 19/06/1955
17.888 17.675 17.731 17.097 17.841 17.492 17.348 17.614 17.981 17.623 17.607 17.639 17.949 17.865 17.733 17.986 18.189 17.837 17.758 17.597 18.057 18.168 17.941 17.880 17.613 18.178 18.073 17.940 17.971 17.454 20/06/1955
18.165 17.989 18.192 16.956 17.786 17.840 17.775 18.140 18.247 17.643 17.617 17.966 18.303 18.199 17.794 17.678 18.266 18.020 17.929 17.761 17.843 18.251 18.261 18.070 17.723 17.916 18.164 18.254 18.048 17.567 21/06/1955
18.304 18.155 18.408 18.279 18.046 18.023 17.911 18.314 18.407 18.121 17.813 18.142 18.307 18.210 18.239 18.237 18.500 18.269 18.135 18.176 18.636 18.488 18.150 18.313 18.224 18.860 18.685 18.480 18.542 18.039 22/06/1955
20.230 19.920 20.121 20.179 20.579 19.836 19.772 20.039 20.631 20.567 19.784 19.899 20.500 20.383 20.656 20.028 20.301 20.680 20.566 20.584 20.384 20.297 20.593 20.741 20.770 20.695 20.389 20.850 20.859 20.598 23/06/1955
21.250 21.174 21.423 21.863 22.023 21.051 20.942 21.350 22.062 21.911 21.031 21.099 21.934 21.803 22.021 21.103 21.776 21.803 21.646 21.832 21.275 21.752 21.811 21.872 21.923 21.420 21.797 22.035 21.959 21.682 24/06/1955
18.538 18.581 19.001 19.396 19.648 18.430 18.295 18.913 20.795 20.557 17.883 18.531 19.812 19.663 20.666 18.053 18.964 19.954 19.786 20.346 18.272 18.940 18.737 20.028 20.962 18.687 19.537 19.439 20.013 20.697 25/06/1955
19.006 19.196 19.225 18.795 18.905 18.898 18.665 19.032 19.885 19.499 19.047 19.283 19.395 19.242 19.621 18.802 19.551 19.727 19.530 19.309 19.211 19.512 19.105 19.794 19.724 19.216 19.846 19.589 19.487 19.416 26/06/1955
20.285 20.198 20.389 20.561 19.408 19.921 19.693 20.198 20.478 19.726 19.942 20.267 20.121 19.918 19.932 19.967 20.154 20.484 20.208 20.437 20.451 20.119 19.898 20.579 20.892 20.933 20.585 20.639 20.868 20.506 27/06/1955
19.252 19.356 19.295 19.349 19.952 19.147 18.961 19.173 20.245 20.012 19.049 19.194 20.202 20.053 20.169 19.261 19.606 20.092 19.892 20.298 19.286 19.574 19.507 20.167 20.435 19.639 19.950 20.109 20.251 20.156 28/06/1955
21.280 21.374 21.276 20.833 21.626 21.112 20.908 21.110 22.168 22.035 20.975 21.090 21.925 21.759 22.154 20.920 21.146 21.758 21.579 21.518 20.915 21.101 21.239 21.813 21.600 20.933 21.043 21.200 21.297 21.322 29/06/1955
17.841 17.828 17.967 17.908 17.568 17.686 17.536 17.860 18.173 17.749 17.690 17.857 18.144 18.015 17.863 18.096 18.577 18.013 17.872 18.040 18.183 18.545 17.845 18.071 18.129 18.153 18.414 17.791 17.767 17.894 30/06/1955
16.469 15.780 16.055 16.215 16.210 15.629 15.510 15.945 16.538 16.436 16.122 16.180 16.460 16.293 16.533 16.153 16.656 16.475 16.316 16.361 16.502 16.628 16.272 16.562 16.860 16.626 16.884 16.667 16.727 16.589 01/07/1955
17.324 17.082 17.094 16.321 16.806 16.846 16.650 16.931 17.573 16.787 16.815 16.942 17.490 17.330 16.974 17.751 18.023 17.326 17.174 17.333 17.714 17.979 17.251 17.384 17.293 17.828 18.015 17.414 17.378 17.081 02/07/1955
20.113 19.998 19.986 18.129 18.947 19.834 19.641 19.878 18.838 19.127 19.793 19.915 18.818 18.647 19.232 18.549 18.654 18.588 18.393 18.810 18.549 18.622 18.644 18.701 18.988 18.703 18.587 18.786 19.016 18.679 03/07/1955
19.497 19.361 19.279 18.963 20.746 19.240 19.135 19.210 21.045 20.886 19.282 19.143 20.839 20.779 21.062 19.612 20.464 21.057 20.997 21.240 19.464 20.476 21.118 21.069 21.364 19.431 20.468 21.193 21.245 21.299 04/07/1955
20.352 20.402 20.297 19.879 21.423 20.374 20.353 20.302 20.638 21.335 20.470 20.375 20.604 20.532 21.401 20.066 20.794 20.737 20.639 20.664 19.985 20.802 20.731 20.762 20.765 19.914 20.800 20.835 20.821 20.651 05/07/1955
18.243 18.112 18.064 17.560 18.279 18.019 17.947 18.013 18.404 18.426 17.988 17.851 18.619 18.476 18.497 18.190 18.488 19.233 19.045 18.343 17.866 18.472 18.031 19.316 18.497 17.883 18.582 18.425 19.290 18.275 06/07/1955
17.160 16.544 16.738 16.550 16.539 16.359 16.191 16.616 16.543 16.445 16.100 16.155 16.437 16.328 16.597 16.121 16.757 16.608 16.483 16.459 16.386 16.740 16.282 16.665 17.128 17.246 17.863 17.311 17.393 16.968 07/07/1955
15.743 15.456 15.243 14.988 15.056 15.223 15.013 15.117 15.609 15.286 15.246 15.102 15.342 15.191 15.420 15.420 16.230 16.058 15.901 15.929 15.813 16.192 15.793 16.129 16.605 16.765 17.058 16.787 16.827 16.310 08/07/1955
17.592 17.414 17.350 16.771 16.829 17.167 16.978 17.192 17.595 16.758 17.131 17.119 17.770 17.525 16.958 17.467 18.464 17.966 17.710 17.423 17.686 18.401 17.742 18.078 17.933 17.987 18.622 18.239 18.230 17.544 09/07/1955
16.439 16.176 16.169 16.127 16.321 16.013 15.872 16.054 16.308 16.478 15.781 16.035 16.487 16.322 16.614 15.791 16.496 16.540 16.343 16.381 15.954 16.476 16.163 16.618 16.629 16.126 16.587 16.409 16.618 16.360 10/07/1955
17.666 17.487 17.267 16.897 16.943 17.266 17.083 17.126 17.157 17.140 17.296 17.216 17.055 16.908 17.251 17.794 18.309 17.135 16.963 17.206 17.934 18.267 17.051 17.205 17.506 18.102 18.363 17.346 17.307 17.255 11/07/1955
18.245 17.866 17.726 17.115 17.348 17.652 17.505 17.596 16.888 16.878 17.329 17.280 17.073 16.917 16.973 17.146 16.785 16.210 16.070 16.059 16.474 16.747 16.131 16.264 15.863 15.943 16.105 15.696 15.657 15.652 12/07/1955
16.216 16.227 16.152 16.313 16.150 16.006 15.793 15.985 16.698 16.488 16.055 15.998 16.172 16.044 16.584 16.106 16.432 16.077 15.922 15.775 16.175 16.381 15.883 16.131 16.094 16.355 16.258 15.871 15.754 15.881 13/07/1955
18.012 17.836 17.514 17.027 16.700 17.650 17.500 17.412 16.615 16.163 17.441 17.015 16.828 16.655 16.279 18.070 16.912 16.948 16.770 16.855 17.701 16.871 16.872 17.025 17.400 17.605 16.966 17.199 17.326 17.117 14/07/1955
18.399 18.033 18.070 17.965 18.465 17.840 17.680 17.947 18.345 18.310 17.785 17.807 18.146 18.042 18.402 18.022 18.314 17.923 17.800 18.189 18.042 18.267 17.892 17.977 18.087 18.169 18.452 18.153 18.075 17.935 15/07/1955
18.346 18.370 18.421 18.426 18.622 18.180 18.005 18.292 19.358 18.645 18.177 18.324 19.294 19.159 18.802 18.763 19.473 19.347 19.195 19.342 19.064 19.418 19.237 19.411 19.538 19.458 19.693 19.535 19.620 19.347 16/07/1955
18.417 18.281 18.243 17.933 17.566 18.103 17.934 18.132 17.869 17.646 18.132 18.152 17.924 17.758 17.831 18.309 18.523 17.829 17.657 17.626 18.352 18.476 17.792 17.907 17.771 18.472 18.563 18.004 17.936 17.503 17/07/1955
17.772 17.622 17.737 17.607 17.917 17.503 17.392 17.672 17.819 17.735 17.336 17.506 17.785 17.748 17.834 17.816 18.299 17.698 17.626 17.541 17.868 18.278 17.654 17.729 17.493 17.895 18.224 17.649 17.621 17.375 18/07/1955
17.996 17.892 17.831 17.202 17.782 17.723 17.592 17.738 17.891 17.664 17.482 17.536 18.142 18.038 17.797 17.522 18.244 17.920 17.760 17.530 17.477 18.201 17.870 17.981 17.690 17.805 18.316 18.109 17.984 17.427 19/07/1955
20.652 20.095 20.422 19.209 20.201 19.936 19.780 20.309 20.717 20.539 20.147 20.441 21.055 20.903 20.670 20.569 21.437 21.057 20.884 20.747 21.247 21.387 21.087 21.134 20.801 21.380 21.514 21.362 21.183 20.530 20/07/1955
21.419 21.174 21.368 20.220 20.880 20.991 20.815 21.258 21.574 21.091 20.967 21.183 21.621 21.523 21.200 21.530 21.983 21.464 21.310 21.442 21.912 21.940 21.418 21.517 21.400 22.109 22.050 21.600 21.558 21.179 21/07/1955
18.910 18.730 18.756 17.773 19.382 18.568 18.387 18.642 19.500 19.467 18.397 18.606 19.647 19.615 19.534 18.643 19.363 19.545 19.513 19.414 18.897 19.331 19.498 19.563 19.468 18.985 19.337 19.434 19.544 19.380 22/07/1955
18.111 18.117 18.143 17.827 17.994 17.891 17.714 18.028 18.905 18.265 17.845 18.065 19.036 18.840 18.425 18.226 18.792 19.012 18.752 18.873 18.529 18.733 18.841 19.099 19.269 18.728 19.009 19.244 19.386 18.905 23/07/1955
18.188 18.227 18.031 17.216 17.621 18.028 17.854 17.913 18.238 17.971 18.038 18.105 18.390 18.231 18.109 18.477 18.797 18.598 18.399 18.311 18.688 18.755 18.343 18.654 18.762 19.001 18.954 18.695 18.869 18.469 24/07/1955
21.223 21.003 21.237 20.649 20.843 20.887 20.843 21.193 20.960 20.876 20.999 21.094 21.012 20.872 21.008 20.776 21.240 20.931 20.736 20.730 21.131 21.231 21.005 21.014 20.966 21.553 21.289 21.292 21.204 20.677 25/07/1955
19.801 19.950 19.753 19.008 19.495 19.888 19.820 19.703 19.690 19.640 20.123 20.072 19.941 19.848 19.769 19.662 20.273 19.980 19.869 19.751 19.733 20.271 20.070 20.030 20.018 19.784 20.287 20.274 20.214 19.854 26/07/1955
19.748 19.868 19.705 19.674 19.521 19.645 19.452 19.578 19.932 19.676 19.601 19.712 20.279 20.110 19.833 19.654 20.566 20.180 19.941 19.774 19.918 20.503 20.099 20.277 20.112 20.204 20.652 20.435 20.426 19.815 27/07/1955
19.151 19.245 18.943 18.658 18.590 19.025 18.859 18.857 19.381 18.648 18.950 18.959 19.772 19.660 18.803 19.257 20.485 19.473 19.335 19.159 19.371 20.425 19.611 19.529 19.265 19.533 20.490 19.714 19.574 19.063 28/07/1955
15.628 15.427 15.303 14.895 14.690 15.210 15.037 15.170 15.270 14.769 15.224 15.118 15.433 15.295 14.922 15.547 15.794 15.389 15.224 15.239 15.686 15.752 15.510 15.467 15.542 15.826 15.955 15.805 15.498 15.318 29/07/1955
17.837 17.546 17.361 16.675 16.479 17.295 17.095 17.214 16.597 16.415 17.610 17.425 17.192 17.045 16.581 18.101 18.149 17.169 17.026 16.865 18.508 18.107 17.384 17.223 17.017 18.670 18.339 17.758 17.532 16.773 30/07/1955
19.056 19.247 18.308 17.873 18.307 19.066 18.884 18.184 18.923 18.891 19.385 19.493 19.589 19.493 19.012 19.686 19.459 19.693 19.589 19.332 19.608 19.431 19.450 19.741 19.402 19.729 19.270 19.379 19.548 19.251 31/07/1955
