# 6448 6449 6450 6451 6452 6528 6529 6530 6531 6532 6610 6611 6612 6613 6614 6693 6694 6695 6696 6697 6776 6777 6778 6779 6780 6859 6860 6861 6862 6863 Date
3.997 4.018 3.991 3.844 3.906 4.002 3.948 4.028 4.071 3.976 4.009 4.089 4.154 4.111 4.022 4.060 4.122 4.152 4.104 4.085 4.151 4.203 4.248 4.228 4.226 4.175 4.234 4.348 4.363 4.296 01/08/1983
3.884 3.960 3.969 3.832 3.760 3.766 3.817 3.904 3.970 3.793 3.775 3.873 3.914 3.909 3.813 3.785 3.815 3.907 3.881 3.925 3.892 3.813 3.931 3.975 4.045 3.909 3.848 4.005 4.061 3.973 02/08/1983
3.663 3.657 3.669 3.522 3.575 3.662 3.572 3.712 3.746 3.657 3.666 3.743 3.781 3.779 3.703 3.728 3.813 3.774 3.772 3.778 3.806 3.856 3.818 3.881 3.914 3.820 3.867 3.958 3.970 3.967 03/08/1983
3.927 3.952 3.935 3.826 3.795 3.923 3.872 3.983 4.023 3.877 3.925 3.995 4.041 4.044 3.963 3.954 4.006 4.039 4.035 4.034 3.961 4.032 4.058 4.142 4.178 3.978 4.045 4.169 4.215 4.204 04/08/1983
5.407 5.355 5.256 5.121 4.909 5.161 5.082 5.113 5.103 4.910 5.158 5.050 5.044 4.990 4.881 4.933 4.961 5.042 4.986 5.041 4.914 4.933 5.008 4.993 5.027 4.939 4.947 5.086 5.019 4.941 05/08/1983
4.879 5.071 5.095 5.023 4.991 4.836 4.963 4.956 4.956 4.925 4.838 4.730 4.698 4.875 4.909 4.580 4.607 4.696 4.873 5.015 4.356 4.496 4.575 4.773 4.949 4.375 4.513 4.553 4.645 4.924 06/08/1983
4.326 4.427 4.471 4.321 4.233 4.318 4.324 4.322 4.352 4.226 4.324 4.125 4.149 4.231 4.172 4.179 4.108 4.149 4.225 4.290 4.014 4.114 4.147 4.346 4.416 4.061 4.129 4.420 4.526 4.385 07/08/1983
4.295 4.297 4.201 4.097 4.009 4.249 4.110 4.155 4.259 4.001 4.257 4.113 4.251 4.197 4.050 4.265 4.194 4.248 4.190 4.201 4.219 4.226 4.283 4.293 4.318 4.225 4.244 4.360 4.355 4.338 08/08/1983
4.506 4.579 4.553 4.433 4.293 4.543 4.610 4.690 4.710 4.409 4.548 4.629 4.656 4.654 4.503 4.548 4.557 4.651 4.637 4.640 4.614 4.568 4.660 4.649 4.667 4.625 4.576 4.694 4.650 4.610 09/08/1983
4.577 4.711 4.698 4.558 4.453 4.559 4.627 4.687 4.663 4.473 4.558 4.619 4.623 4.622 4.482 4.552 4.538 4.618 4.616 4.601 4.599 4.547 4.631 4.686 4.666 4.612 4.558 4.687 4.693 4.666 10/08/1983
4.109 4.164 4.168 4.019 3.946 4.114 4.083 4.157 4.135 3.945 4.110 4.118 4.085 4.059 3.957 4.167 4.133 4.076 4.052 4.032 4.075 4.072 4.032 4.097 4.094 4.070 4.089 4.064 4.101 4.071 11/08/1983
3.917 3.868 3.899 3.745 3.751 3.928 3.895 3.973 3.945 3.824 3.934 3.945 3.914 3.901 3.901 3.966 3.860 3.909 3.907 4.011 3.967 3.885 3.920 3.967 4.069 3.977 3.914 4.073 4.078 4.107 12/08/1983
3.997 3.974 3.937 3.744 3.793 4.017 3.944 3.996 3.908 3.808 4.020 4.043 3.958 3.897 3.800 4.042 4.000 3.952 3.885 3.879 4.085 4.039 3.987 3.978 3.963 4.081 4.052 4.075 4.018 3.991 13/08/1983
3.853 3.926 3.930 3.772 3.760 3.917 3.964 3.972 3.965 3.892 3.925 3.961 3.972 3.987 3.959 3.827 3.895 3.970 3.977 4.062 3.820 3.865 3.983 4.060 4.146 3.844 3.901 4.163 4.214 4.211 14/08/1983
4.634 4.625 4.533 4.323 4.237 4.598 4.467 4.534 4.426 4.254 4.594 4.525 4.431 4.369 4.263 4.433 4.423 4.433 4.358 4.368 4.350 4.340 4.357 4.368 4.360 4.364 4.364 4.349 4.360 4.290 15/08/1983
5.162 5.219 5.185 5.034 4.961 5.172 5.176 5.221 5.217 4.940 5.170 5.224 5.213 5.166 4.957 5.115 5.163 5.206 5.158 5.108 5.091 5.094 5.147 5.154 5.207 5.094 5.103 5.189 5.189 5.142 16/08/1983
4.596 4.442 4.340 4.255 4.155 4.597 4.436 4.299 4.324 4.171 4.602 4.480 4.496 4.323 4.167 4.545 4.366 4.492 4.316 4.246 4.553 4.413 4.524 4.407 4.247 4.538 4.424 4.602 4.467 4.404 17/08/1983
3.830 3.910 3.721 3.584 3.670 3.858 3.792 3.808 3.795 3.732 3.866 3.802 3.757 3.765 3.657 3.689 3.706 3.753 3.756 3.728 3.558 3.641 3.702 3.766 3.673 3.581 3.666 3.752 3.645 3.523 18/08/1983
3.498 3.551 3.517 3.404 3.384 3.509 3.421 3.588 3.549 3.429 3.515 3.578 3.584 3.511 3.420 3.489 3.497 3.574 3.494 3.468 3.497 3.501 3.567 3.630 3.581 3.502 3.523 3.669 3.645 3.486 19/08/1983
3.264 3.275 3.288 3.150 3.166 3.197 3.232 3.338 3.314 3.310 3.199 3.400 3.371 3.453 3.439 3.265 3.370 3.371 3.447 3.490 3.411 3.475 3.524 3.570 3.561 3.428 3.489 3.647 3.686 3.598 20/08/1983
2.165 2.180 1.837 1.731 1.783 2.351 2.249 2.295 2.269 2.018 2.359 2.467 2.472 2.307 2.200 2.656 2.477 2.460 2.290 2.264 2.699 2.474 2.461 2.515 2.312 2.725 2.503 2.579 2.435 2.250 21/08/1983
2.799 2.694 2.491 2.372 2.336 2.715 2.678 2.609 2.594 2.479 2.723 2.660 2.594 2.598 2.551 2.629 2.685 2.590 2.587 2.598 2.729 2.797 2.721 2.709 2.703 2.759 2.820 2.814 2.788 2.695 22/08/1983
2.142 2.087 2.070 1.892 2.023 2.050 2.006 2.074 2.110 1.981 2.054 2.012 2.033 2.027 2.066 2.039 2.101 2.028 2.021 2.143 2.094 2.219 2.202 2.106 2.154 2.125 2.251 2.265 2.248 2.191 23/08/1983
1.747 1.879 1.728 1.607 1.768 1.786 1.785 1.939 1.903 1.870 1.788 1.784 1.773 1.838 1.774 1.757 1.831 1.768 1.825 1.834 2.006 1.975 1.913 2.018 2.051 2.037 1.985 2.033 2.113 2.096 24/08/1983
1.863 1.919 1.913 1.765 1.903 1.857 1.983 2.026 2.004 1.976 1.861 1.902 1.883 1.931 1.964 1.936 1.956 1.882 1.918 1.947 2.001 1.991 1.922 2.020 2.013 2.042 2.013 1.988 2.023 1.937 25/08/1983
2.855 2.844 2.900 2.795 2.946 2.780 2.878 2.891 2.915 2.872 2.787 2.831 2.867 2.929 2.881 2.780 2.944 2.862 2.920 2.917 2.839 2.949 2.881 2.951 2.948 2.866 2.973 3.001 2.961 2.981 26/08/1983
3.402 3.340 3.334 3.244 3.363 3.303 3.418 3.419 3.441 3.370 3.308 3.415 3.469 3.478 3.415 3.413 3.460 3.466 3.472 3.458 3.510 3.591 3.600 3.649 3.548 3.540 3.605 3.680 3.660 3.681 27/08/1983
2.902 3.053 3.134 3.013 2.937 2.928 3.051 3.096 3.105 3.046 2.937 3.004 3.025 3.155 2.995 3.059 3.105 3.020 3.142 3.017 3.143 3.177 3.143 3.207 3.179 3.171 3.210 3.245 3.226 3.245 28/08/1983
1.562 1.635 1.645 1.592 1.617 1.466 1.731 1.628 1.761 1.628 1.473 1.525 1.687 1.726 1.621 1.901 2.058 1.689 1.721 1.678 1.923 2.153 1.731 1.737 1.649 1.940 2.187 1.931 1.726 1.572 29/08/1983
2.581 2.545 2.460 2.334 2.306 2.464 2.545 2.513 2.432 2.354 2.466 2.559 2.501 2.539 2.414 2.423 2.539 2.501 2.550 2.480 2.576 2.673 2.650 2.725 2.674 2.596 2.689 2.825 2.847 2.797 30/08/1983
3.091 3.074 3.124 3.020 3.088 3.039 3.067 3.144 3.152 3.171 3.044 3.168 3.182 3.182 3.118 3.045 3.156 3.178 3.173 3.202 3.204 3.282 3.314 3.306 3.303 3.220 3.302 3.373 3.342 3.300 31/08/1983
3.522 3.481 3.508 3.417 3.433 3.495 3.539 3.518 3.500 3.459 3.496 3.577 3.566 3.520 3.509 3.554 3.551 3.564 3.512 3.558 3.626 3.593 3.609 3.559 3.573 3.618 3.613 3.663 3.561 3.529 01/09/1983
3.327 3.498 3.633 3.607 3.631 3.397 3.680 3.762 3.719 3.673 3.398 3.731 3.698 3.702 3.637 3.644 3.668 3.702 3.708 3.679 3.730 3.666 3.694 3.732 3.726 3.720 3.694 3.813 3.795 3.732 02/09/1983
2.659 2.560 2.455 2.370 2.300 2.512 2.441 2.433 2.478 2.430 2.519 2.618 2.672 2.628 2.643 2.517 2.655 2.670 2.624 2.685 2.887 2.858 2.872 2.896 2.865 2.917 2.871 3.142 3.112 3.016 03/09/1983
2.428 2.353 2.359 2.317 2.320 2.364 2.432 2.462 2.508 2.456 2.368 2.479 2.511 2.577 2.559 2.443 2.522 2.513 2.573 2.595 2.646 2.690 2.654 2.640 2.624 2.656 2.705 2.723 2.731 2.521 04/09/1983
2.325 2.296 2.188 2.136 2.185 2.132 2.159 2.230 2.319 2.271 2.139 2.320 2.392 2.395 2.349 2.300 2.381 2.394 2.385 2.387 2.498 2.476 2.522 2.470 2.447 2.524 2.496 2.622 2.598 2.465 05/09/1983
1.653 1.537 1.477 1.587 1.613 1.432 1.063 1.357 1.537 1.606 1.447 1.671 1.781 1.618 1.713 1.440 1.513 1.765 1.567 1.567 1.679 1.542 1.820 1.857 1.946 1.817 1.617 2.153 2.123 1.922 06/09/1983
2.798 2.758 2.571 2.440 2.298 2.537 2.640 2.529 2.589 2.420 2.542 2.729 2.756 2.757 2.597 2.553 2.724 2.750 2.756 2.704 2.823 2.787 2.844 2.808 2.798 2.830 2.821 2.988 2.954 2.811 07/09/1983
2.733 2.703 2.590 2.523 2.379 2.468 2.541 2.538 2.589 2.472 2.479 2.627 2.671 2.669 2.548 2.592 2.652 2.665 2.665 2.632 2.711 2.690 2.734 2.716 2.691 2.739 2.710 2.847 2.813 2.730 08/09/1983
2.873 2.760 2.551 2.496 2.348 2.755 2.606 2.543 2.567 2.437 2.756 2.770 2.789 2.602 2.549 2.711 2.687 2.784 2.602 2.566 2.800 2.674 2.781 2.647 2.628 2.817 2.694 2.807 2.717 2.649 09/09/1983
2.831 2.724 2.619 2.542 2.517 2.781 2.690 2.674 2.705 2.582 2.784 2.896 2.915 2.765 2.689 2.824 2.804 2.921 2.755 2.730 2.947 2.835 2.964 2.827 2.824 2.947 2.831 2.999 2.908 2.883 10/09/1983
2.845 2.740 2.683 2.604 2.632 2.791 2.743 2.795 2.798 2.755 2.794 2.953 2.952 2.903 2.913 2.864 2.902 2.953 2.899 2.966 2.988 2.964 3.037 2.999 3.040 2.997 2.981 3.125 3.092 3.060 11/09/1983
2.791 2.679 2.665 2.653 2.596 2.703 2.733 2.751 2.813 2.711 2.710 2.785 2.842 2.882 2.782 2.806 2.837 2.843 2.880 2.831 2.875 2.903 2.896 2.898 2.859 2.877 2.898 2.948 2.912 2.839 12/09/1983
3.537 3.561 3.527 3.486 3.326 3.479 3.440 3.443 3.390 3.353 3.480 3.503 3.463 3.405 3.345 3.397 3.364 3.466 3.412 3.407 3.499 3.443 3.550 3.492 3.398 3.491 3.456 3.566 3.530 3.459 13/09/1983
4.252 4.335 4.319 4.279 4.014 4.409 4.319 4.304 4.266 4.081 4.409 4.355 4.302 4.269 4.119 4.198 4.073 4.309 4.265 4.234 4.129 4.052 4.278 4.288 4.406 4.138 4.042 4.327 4.394 4.437 14/09/1983
2.735 2.750 2.770 2.638 2.743 2.648 2.579 2.665 2.711 2.705 2.653 2.634 2.671 2.684 2.667 2.646 2.716 2.669 2.681 2.694 2.589 2.688 2.624 2.677 2.738 2.607 2.714 2.739 2.714 2.722 15/09/1983
2.016 2.008 1.957 1.859 1.900 2.019 1.843 1.926 1.936 1.951 2.026 1.855 1.933 1.845 2.014 2.065 1.970 1.930 1.838 2.033 2.116 1.994 1.947 1.932 2.146 2.131 2.006 2.180 2.128 1.998 16/09/1983
2.261 2.312 2.221 2.122 2.071 2.331 2.252 2.280 2.283 2.020 2.341 2.300 2.311 2.275 1.913 2.347 2.405 2.306 2.270 2.046 2.408 2.454 2.359 2.239 2.096 2.421 2.462 2.367 2.280 2.005 17/09/1983
2.628 2.589 2.493 2.385 2.103 2.560 2.477 2.421 2.436 2.226 2.566 2.361 2.402 2.376 2.199 2.377 2.378 2.402 2.360 2.339 2.259 2.380 2.416 2.339 2.414 2.302 2.414 2.411 2.416 2.363 18/09/1983
2.780 2.754 2.732 2.608 2.512 2.747 2.764 2.886 2.708 2.615 2.750 2.743 2.604 2.663 2.639 2.673 2.696 2.609 2.657 2.735 2.761 2.842 2.818 2.626 2.615 2.790 2.890 2.860 2.731 2.713 19/09/1983
2.384 2.516 2.601 2.362 2.467 2.447 2.709 2.679 2.597 2.440 2.450 2.520 2.454 2.620 2.491 2.410 2.475 2.455 2.611 2.633 2.448 2.583 2.582 2.599 2.592 2.480 2.621 2.593 2.541 2.506 20/09/1983
1.943 1.977 2.020 1.918 1.995 1.933 1.938 2.051 2.104 2.056 1.942 1.967 2.031 2.005 2.014 1.913 2.010 2.033 1.995 2.059 1.924 1.974 1.968 2.038 1.974 1.929 1.984 1.987 2.052 2.118 21/09/1983
1.705 1.680 1.630 1.637 1.615 1.687 1.688 1.635 1.724 1.653 1.692 1.700 1.771 1.741 1.681 1.749 1.745 1.772 1.740 1.722 1.813 1.780 1.800 1.792 1.723 1.830 1.794 1.882 1.816 1.741 22/09/1983
1.839 1.825 1.737 1.699 1.635 1.798 1.795 1.710 1.773 1.709 1.805 1.773 1.816 1.827 1.736 1.837 1.815 1.816 1.820 1.773 1.835 1.846 1.839 1.841 1.789 1.852 1.867 1.874 1.868 1.820 23/09/1983
2.732 2.724 2.784 2.696 2.567 2.657 2.740 2.746 2.677 2.508 2.659 2.627 2.589 2.636 2.515 2.636 2.556 2.589 2.632 2.575 2.643 2.567 2.596 2.617 2.597 2.665 2.583 2.661 2.668 2.608 24/09/1983
1.598 1.530 1.560 1.547 1.389 1.510 1.514 1.529 1.597 1.511 1.516 1.505 1.588 1.610 1.526 1.566 1.523 1.586 1.604 1.620 1.605 1.607 1.678 1.734 1.650 1.629 1.631 1.727 1.723 1.619 25/09/1983
2.169 2.105 2.165 2.072 2.004 2.136 2.173 2.213 2.055 2.018 2.139 2.171 2.032 2.008 2.084 2.101 2.166 2.036 2.007 2.097 2.028 2.201 2.080 2.149 2.147 2.070 2.226 2.193 2.286 2.388 26/09/1983
1.600 1.460 1.426 1.358 1.314 1.498 1.514 1.432 1.460 1.306 1.503 1.488 1.489 1.425 1.281 1.449 1.491 1.492 1.420 1.338 1.444 1.498 1.491 1.363 1.396 1.462 1.512 1.544 1.420 1.352 27/09/1983
1.708 1.839 2.019 1.950 2.301 1.711 1.793 1.938 1.954 2.423 1.711 1.756 1.783 1.914 2.491 1.748 1.792 1.784 1.912 2.538 1.591 1.790 1.784 1.997 2.763 1.613 1.807 1.822 2.194 2.696 28/09/1983
3.039 3.147 3.246 3.081 3.112 2.927 3.166 3.251 3.346 2.961 2.925 2.938 3.059 3.108 2.977 2.979 3.035 3.055 3.089 3.094 2.841 3.032 3.038 3.121 3.241 2.895 3.055 3.150 3.093 3.034 29/09/1983
2.458 2.578 2.759 2.716 2.704 2.532 2.765 2.854 2.809 2.736 2.536 2.654 2.616 2.841 2.781 2.501 2.478 2.616 2.843 2.886 2.501 2.535 2.657 2.814 2.867 2.509 2.530 2.737 2.750 2.774 30/09/1983
2.672 2.696 2.785 2.662 2.680 2.565 2.808 2.866 2.767 2.773 2.570 2.632 2.598 2.794 2.835 2.553 2.527 2.598 2.793 2.925 2.493 2.532 2.607 2.759 2.775 2.498 2.546 2.732 2.767 2.702 01/10/1983
2.558 2.597 2.751 2.690 2.779 2.551 2.825 2.672 2.571 2.592 2.553 2.718 2.604 2.715 2.598 2.621 2.491 2.608 2.711 2.685 2.612 2.554 2.686 2.767 2.693 2.618 2.563 2.800 2.777 2.689 02/10/1983
1.885 1.874 1.966 1.832 1.985 1.858 2.006 1.930 1.961 1.946 1.862 1.803 1.870 1.901 1.854 1.836 1.888 1.873 1.897 1.928 1.824 1.875 1.858 1.912 1.906 1.834 1.892 1.906 1.902 1.838 03/10/1983
1.472 1.514 1.543 1.446 1.597 1.495 1.477 1.549 1.626 1.576 1.501 1.441 1.537 1.523 1.583 1.481 1.523 1.538 1.523 1.619 1.509 1.531 1.547 1.493 1.501 1.518 1.547 1.479 1.461 1.457 04/10/1983
1.728 1.715 1.712 1.671 1.668 1.725 1.690 1.700 1.799 1.695 1.729 1.679 1.754 1.767 1.659 1.724 1.722 1.752 1.762 1.696 1.656 1.716 1.738 1.760 1.688 1.671 1.733 1.698 1.682 1.646 05/10/1983
2.295 2.163 1.849 1.725 1.920 2.115 1.953 1.934 2.083 2.003 2.119 2.044 2.187 2.186 2.176 2.019 2.103 2.185 2.181 2.198 2.092 2.011 2.110 2.075 2.033 2.149 2.025 2.199 1.913 2.022 06/10/1983
1.281 1.029 1.018 1.006 1.034 1.244 1.002 0.968 1.032 1.000 1.247 1.084 1.103 1.011 0.981 1.318 1.107 1.107 1.011 1.006 1.324 1.118 1.116 1.092 1.058 1.338 1.132 1.239 1.068 1.069 07/10/1983
1.890 1.847 1.961 1.922 1.969 1.896 2.157 2.091 2.109 2.205 1.900 2.077 2.119 2.306 2.349 1.898 1.971 2.130 2.296 2.390 1.872 1.976 2.073 2.267 2.340 1.877 1.977 2.202 2.274 2.308 08/10/1983
1.481 1.479 1.757 1.690 1.799 1.533 1.570 1.652 1.704 2.054 1.541 1.496 1.495 1.510 1.835 1.501 1.437 1.495 1.514 1.869 1.473 1.319 1.434 1.524 1.637 1.488 1.327 1.644 1.435 1.585 09/10/1983
2.007 2.015 2.144 1.996 2.060 2.088 2.124 2.236 2.207 2.077 2.091 2.089 2.047 2.136 2.101 2.017 1.983 2.049 2.128 2.184 1.925 1.915 1.999 2.091 2.131 1.962 1.935 2.013 2.051 2.070 10/10/1983
1.420 1.503 1.391 1.362 1.289 1.475 1.588 1.546 1.614 1.287 1.481 1.512 1.572 1.632 1.320 1.479 1.536 1.572 1.630 1.340 1.481 1.540 1.567 1.674 1.436 1.494 1.555 1.632 1.661 1.460 11/10/1983
1.151 1.082 1.005 0.981 0.943 1.097 1.020 0.982 1.030 0.943 1.102 1.031 1.080 0.954 0.890 1.108 1.089 1.084 0.954 0.925 1.070 0.975 0.975 0.935 0.976 1.095 0.987 1.015 0.925 0.932 12/10/1983
1.132 1.137 1.151 1.118 1.125 1.116 1.131 1.141 1.174 1.154 1.125 1.129 1.172 1.164 1.144 1.142 1.145 1.178 1.163 1.148 1.148 1.137 1.172 1.159 1.141 1.163 1.155 1.190 1.181 1.149 13/10/1983
1.096 1.043 1.021 0.998 1.042 1.087 1.071 1.188 1.205 1.255 1.091 1.211 1.236 1.278 1.284 1.107 1.219 1.236 1.280 1.276 1.194 1.201 1.232 1.280 1.283 1.208 1.212 1.263 1.290 1.262 14/10/1983
1.202 1.229 1.202 1.168 1.176 1.309 1.266 1.258 1.297 1.266 1.311 1.330 1.360 1.400 1.359 1.219 1.286 1.359 1.399 1.377 1.198 1.238 1.307 1.300 1.288 1.212 1.249 1.284 1.297 1.314 15/10/1983
1.707 1.659 1.680 1.548 1.591 1.742 1.818 1.834 1.834 1.823 1.747 1.746 1.760 1.858 1.897 1.709 1.749 1.762 1.855 1.930 1.720 1.735 1.750 1.842 1.819 1.740 1.748 1.738 1.705 1.686 16/10/1983
1.927 1.873 1.956 1.837 1.841 1.912 1.993 2.043 2.012 2.002 1.916 2.058 2.042 2.108 2.152 1.973 1.984 2.041 2.101 2.218 2.022 2.041 2.090 2.156 2.210 2.046 2.075 2.150 2.186 2.150 17/10/1983
0.691 0.686 0.671 0.660 0.667 0.671 0.662 0.672 0.681 0.674 0.675 0.669 0.679 0.686 0.680 0.703 0.721 0.681 0.687 0.687 0.714 0.723 0.684 0.681 0.687 0.722 0.731 0.695 0.685 0.663 18/10/1983
0.822 0.750 0.691 0.695 0.582 0.695 0.700 0.636 0.597 0.581 0.697 0.721 0.671 0.639 0.579 0.694 0.657 0.669 0.635 0.574 0.712 0.679 0.695 0.712 0.679 0.727 0.691 0.782 0.718 0.717 19/10/1983
0.531 0.610 0.626 0.525 0.572 0.581 0.622 0.515 0.507 0.503 0.582 0.503 0.484 0.503 0.509 0.496 0.518 0.486 0.500 0.489 0.506 0.527 0.488 0.491 0.479 0.516 0.539 0.498 0.483 0.499 20/10/1983
0.819 0.828 0.862 0.818 0.761 0.846 0.872 0.913 0.845 0.734 0.848 0.856 0.808 0.835 0.814 0.862 0.810 0.810 0.834 0.789 0.863 0.805 0.778 0.834 0.796 0.863 0.806 0.855 0.896 0.860 21/10/1983
0.811 0.800 0.736 0.711 0.803 0.799 0.780 0.776 0.859 0.777 0.804 0.826 0.897 0.832 0.795 0.847 0.880 0.896 0.829 0.801 0.914 0.888 0.913 0.892 0.862 0.925 0.893 0.973 0.970 0.919 22/10/1983
0.520 0.509 0.521 0.506 0.498 0.496 0.493 0.504 0.507 0.497 0.499 0.515 0.568 0.564 0.547 0.531 0.558 0.562 0.566 0.589 0.552 0.561 0.586 0.614 0.649 0.563 0.577 0.572 0.625 0.625 23/10/1983
0.484 0.472 0.468 0.443 0.475 0.470 0.458 0.450 0.476 0.473 0.473 0.550 0.587 0.576 0.480 0.537 0.641 0.597 0.584 0.504 0.608 0.699 0.670 0.656 0.619 0.614 0.710 0.661 0.733 0.751 24/10/1983
0.806 0.802 0.842 0.730 0.732 0.794 0.795 0.822 0.753 0.657 0.795 0.818 0.765 0.761 0.677 0.839 0.858 0.768 0.761 0.721 0.846 0.855 0.774 0.782 0.769 0.856 0.860 0.810 0.805 0.821 25/10/1983
1.212 1.228 1.235 1.170 1.235 1.232 1.266 1.222 1.122 1.188 1.231 1.207 1.125 1.090 1.175 1.306 1.226 1.127 1.094 1.139 1.286 1.203 1.101 1.132 1.222 1.298 1.209 1.200 1.236 1.263 26/10/1983
1.713 1.815 1.905 1.812 1.689 1.591 1.879 1.770 1.801 1.602 1.599 1.633 1.643 1.736 1.607 1.468 1.555 1.644 1.732 1.772 1.417 1.496 1.571 1.595 1.710 1.427 1.514 1.626 1.567 1.590 27/10/1983
0.819 0.779 0.875 0.854 0.963 0.847 0.787 0.813 0.874 0.981 0.852 0.760 0.816 0.821 0.915 0.817 0.782 0.821 0.813 0.931 0.791 0.706 0.731 0.888 0.959 0.808 0.728 0.789 0.965 1.022 28/10/1983
0.976 0.991 1.058 1.005 0.980 0.976 1.041 1.065 1.017 0.967 0.977 0.984 0.950 0.977 0.968 0.958 0.915 0.951 0.977 0.989 0.941 0.927 0.960 1.007 0.948 0.946 0.929 1.000 1.035 0.968 29/10/1983
1.677 1.852 1.973 1.719 2.065 1.601 1.833 1.932 2.111 2.060 1.606 1.617 1.827 1.947 1.958 1.841 1.818 1.820 1.945 2.009 1.758 1.750 1.750 1.848 1.946 1.743 1.770 1.873 1.854 1.834 30/10/1983
0.934 1.050 1.097 1.041 1.048 0.951 1.039 1.095 1.118 1.017 0.954 1.026 1.057 1.054 1.006 0.982 1.158 1.060 1.056 1.011 0.965 1.106 1.010 1.011 0.990 0.956 1.110 1.028 0.982 0.972 31/10/1983
0.996 1.013 1.140 1.077 1.125 1.063 1.082 1.141 1.190 1.208 1.067 1.135 1.160 1.255 1.278 1.062 1.106 1.164 1.243 1.357 1.006 1.087 1.147 1.253 1.387 1.006 1.097 1.195 1.338 1.422 01/11/1983
1.700 1.794 1.798 1.818 1.710 1.681 1.806 1.821 1.907 1.682 1.677 1.545 1.613 1.688 1.639 1.547 1.422 1.609 1.680 1.758 1.571 1.449 1.622 1.676 1.807 1.566 1.458 1.762 1.807 1.751 02/11/1983
1.842 1.940 1.951 1.906 1.889 1.799 1.954 1.930 1.935 1.874 1.803 1.819 1.796 1.849 1.826 1.633 1.680 1.795 1.850 1.829 1.589 1.649 1.775 1.858 1.863 1.610 1.663 1.789 1.865 1.824 03/11/1983
1.299 1.344 1.307 1.188 1.327 1.221 1.382 1.297 1.332 1.297 1.226 1.226 1.247 1.286 1.263 1.076 1.161 1.248 1.280 1.249 1.065 1.181 1.262 1.315 1.297 1.091 1.196 1.299 1.333 1.266 04/11/1983
0.991 1.045 1.061 1.048 1.091 0.976 1.157 1.078 1.099 1.093 0.978 0.995 1.006 1.077 1.082 0.989 0.998 1.005 1.080 1.144 1.007 1.004 1.028 1.078 1.097 1.013 1.009 1.070 1.083 1.078 05/11/1983
0.839 0.861 0.865 0.897 1.078 0.804 0.976 0.894 0.950 1.081 0.812 0.821 0.897 0.934 1.033 0.742 0.823 0.898 0.932 0.953 0.719 0.826 0.906 0.973 0.947 0.716 0.836 0.986 1.015 0.941 06/11/1983
1.020 1.022 1.070 0.979 0.976 1.039 1.219 1.006 0.954 0.926 1.040 1.051 0.990 0.948 0.937 0.884 0.854 0.988 0.950 0.972 0.835 0.870 0.996 1.001 0.990 0.850 0.878 1.057 1.076 1.028 07/11/1983
1.172 1.224 1.184 1.101 1.052 1.207 1.300 1.201 1.094 1.079 1.204 1.158 1.048 1.142 1.127 1.076 1.000 1.053 1.145 1.182 1.007 0.986 1.039 1.126 1.162 0.999 0.973 1.028 1.072 1.144 08/11/1983
0.741 0.743 0.708 0.695 0.709 0.751 0.749 0.698 0.707 0.710 0.752 0.691 0.713 0.734 0.724 0.699 0.690 0.718 0.740 0.736 0.669 0.670 0.700 0.736 0.742 0.666 0.674 0.709 0.737 0.732 09/11/1983
0.499 0.531 0.549 0.536 0.628 0.511 0.537 0.537 0.597 0.614 0.514 0.514 0.550 0.582 0.589 0.476 0.533 0.554 0.589 0.614 0.460 0.520 0.537 0.579 0.578 0.467 0.522 0.539 0.593 0.580 10/11/1983
0.427 0.459 0.462 0.429 0.524 0.442 0.479 0.526 0.528 0.544 0.444 0.489 0.492 0.563 0.584 0.454 0.482 0.496 0.569 0.601 0.478 0.516 0.532 0.601 0.627 0.481 0.515 0.577 0.619 0.653 11/11/1983
0.437 0.507 0.566 0.449 0.656 0.444 0.563 0.520 0.511 0.564 0.441 0.411 0.396 0.478 0.448 0.442 0.495 0.401 0.479 0.526 0.352 0.452 0.374 0.405 0.436 0.348 0.460 0.405 0.411 0.458 12/11/1983
0.262 0.334 0.401 0.375 0.594 0.264 0.525 0.467 0.764 0.645 0.266 0.258 0.540 0.635 0.582 0.399 0.486 0.551 0.591 0.749 0.361 0.457 0.496 0.607 0.698 0.396 0.474 0.519 0.571 0.516 13/11/1983
0.745 0.775 0.792 0.744 0.737 0.734 0.889 0.700 0.637 0.679 0.739 0.589 0.540 0.547 0.654 0.740 0.591 0.527 0.546 0.563 0.692 0.664 0.622 0.644 0.575 0.647 0.656 0.806 0.809 0.643 14/11/1983
0.430 0.454 0.462 0.502 0.525 0.447 0.488 0.483 0.481 0.506 0.446 0.476 0.459 0.484 0.549 0.435 0.461 0.460 0.485 0.524 0.430 0.470 0.478 0.479 0.546 0.432 0.467 0.461 0.471 0.531 15/11/1983
0.449 0.465 0.448 0.453 0.392 0.464 0.502 0.511 0.506 0.441 0.465 0.516 0.509 0.508 0.459 0.503 0.500 0.509 0.509 0.463 0.504 0.505 0.518 0.510 0.492 0.505 0.501 0.548 0.533 0.505 16/11/1983
0.308 0.333 0.383 0.374 0.359 0.366 0.419 0.442 0.441 0.460 0.367 0.435 0.432 0.452 0.483 0.382 0.415 0.435 0.457 0.518 0.383 0.424 0.449 0.456 0.494 0.384 0.421 0.405 0.398 0.439 17/11/1983
0.265 0.270 0.267 0.267 0.286 0.275 0.288 0.272 0.279 0.290 0.277 0.280 0.287 0.280 0.300 0.293 0.307 0.289 0.283 0.292 0.300 0.306 0.290 0.288 0.299 0.303 0.310 0.290 0.290 0.296 18/11/1983
0.477 0.601 0.554 0.504 0.364 0.545 0.625 0.545 0.550 0.333 0.545 0.585 0.592 0.543 0.425 0.458 0.528 0.599 0.546 0.473 0.498 0.494 0.561 0.555 0.318 0.487 0.492 0.581 0.501 0.486 19/11/1983
0.909 0.982 0.995 0.910 0.925 0.919 1.119 0.887 0.891 0.879 0.923 0.941 0.971 0.909 0.774 0.865 0.872 0.973 0.902 0.819 0.838 0.933 1.069 0.937 0.771 0.832 0.943 1.110 0.939 0.816 20/11/1983
0.626 0.684 0.710 0.696 0.790 0.656 0.857 0.667 0.627 0.764 0.658 0.637 0.578 0.588 0.604 0.598 0.552 0.580 0.594 0.573 0.562 0.596 0.646 0.540 0.504 0.556 0.579 0.663 0.536 0.504 21/11/1983
0.804 0.846 0.949 0.941 0.977 0.815 0.997 0.871 0.845 0.934 0.819 0.755 0.710 0.780 0.786 0.747 0.645 0.713 0.785 0.804 0.712 0.641 0.711 0.674 0.704 0.702 0.641 0.744 0.655 0.643 22/11/1983
0.428 0.451 0.430 0.413 0.463 0.446 0.460 0.374 0.399 0.421 0.447 0.410 0.430 0.404 0.446 0.449 0.442 0.434 0.411 0.426 0.437 0.471 0.468 0.442 0.445 0.432 0.467 0.498 0.451 0.423 23/11/1983
0.691 0.798 0.877 0.897 0.814 0.816 0.887 0.923 0.861 0.840 0.820 0.894 0.833 0.874 0.824 0.771 0.747 0.838 0.875 0.813 0.726 0.761 0.854 0.875 0.876 0.719 0.751 0.829 0.805 0.801 24/11/1983
0.497 0.603 0.632 0.672 0.634 0.550 0.619 0.628 0.581 0.647 0.554 0.562 0.536 0.602 0.653 0.473 0.483 0.539 0.606 0.631 0.420 0.477 0.525 0.582 0.619 0.409 0.466 0.468 0.498 0.527 25/11/1983
0.291 0.330 0.316 0.290 0.311 0.334 0.383 0.338 0.295 0.325 0.334 0.327 0.277 0.290 0.339 0.312 0.271 0.282 0.294 0.322 0.304 0.265 0.272 0.275 0.316 0.294 0.261 0.259 0.265 0.303 26/11/1983
0.244 0.255 0.248 0.250 0.256 0.251 0.243 0.230 0.229 0.230 0.253 0.236 0.236 0.224 0.227 0.248 0.244 0.239 0.227 0.224 0.234 0.229 0.223 0.217 0.211 0.237 0.230 0.206 0.206 0.212 27/11/1983
0.437 0.471 0.334 0.304 0.339 0.478 0.472 0.402 0.409 0.364 0.479 0.363 0.401 0.337 0.270 0.376 0.399 0.398 0.351 0.303 0.296 0.354 0.341 0.304 0.271 0.297 0.352 0.232 0.215 0.286 28/11/1983
0.174 0.188 0.176 0.175 0.185 0.243 0.215 0.176 0.179 0.185 0.240 0.177 0.177 0.190 0.184 0.181 0.186 0.178 0.192 0.213 0.185 0.183 0.190 0.185 0.238 0.184 0.184 0.179 0.190 0.266 29/11/1983
0.575 0.580 0.518 0.512 0.598 0.623 0.681 0.560 0.553 0.606 0.621 0.654 0.647 0.666 0.641 0.631 0.632 0.643 0.673 0.651 0.628 0.685 0.687 0.734 0.702 0.628 0.671 0.682 0.767 0.753 30/11/1983
0.687 0.558 0.599 0.594 0.679 0.642 0.670 0.552 0.560 0.652 0.641 0.653 0.677 0.585 0.502 0.681 0.624 0.678 0.584 0.463 0.715 0.638 0.682 0.617 0.476 0.711 0.616 0.609 0.552 0.487 01/12/1983
0.396 0.332 0.310 0.297 0.335 0.374 0.297 0.304 0.266 0.370 0.376 0.372 0.335 0.245 0.308 0.360 0.294 0.341 0.248 0.286 0.414 0.334 0.378 0.317 0.266 0.406 0.340 0.392 0.355 0.362 02/12/1983
0.121 0.114 0.107 0.108 0.104 0.111 0.107 0.104 0.094 0.101 0.112 0.107 0.096 0.094 0.092 0.109 0.112 0.098 0.096 0.095 0.108 0.143 0.163 0.137 0.086 0.109 0.154 0.191 0.191 0.138 03/12/1983
0.385 0.421 0.462 0.455 0.524 0.380 0.368 0.409 0.436 0.481 0.382 0.386 0.400 0.406 0.444 0.343 0.322 0.410 0.412 0.443 0.362 0.319 0.402 0.397 0.381 0.361 0.320 0.371 0.388 0.374 04/12/1983
0.225 0.269 0.248 0.290 0.281 0.252 0.236 0.239 0.227 0.265 0.253 0.237 0.219 0.233 0.283 0.190 0.163 0.223 0.237 0.239 0.171 0.168 0.226 0.247 0.259 0.170 0.161 0.274 0.256 0.237 05/12/1983
0.174 0.150 0.135 0.200 0.222 0.116 0.110 0.124 0.172 0.184 0.124 0.141 0.175 0.154 0.175 0.133 0.104 0.178 0.154 0.149 0.151 0.111 0.180 0.169 0.157 0.159 0.117 0.196 0.180 0.156 06/12/1983
0.160 0.204 0.207 0.194 0.211 0.186 0.249 0.254 0.226 0.230 0.188 0.209 0.182 0.233 0.248 0.203 0.219 0.188 0.235 0.242 0.224 0.240 0.200 0.238 0.224 0.224 0.244 0.246 0.264 0.246 07/12/1983
0.309 0.345 0.348 0.331 0.337 0.331 0.329 0.352 0.331 0.332 0.330 0.347 0.309 0.319 0.350 0.327 0.334 0.312 0.325 0.380 0.328 0.313 0.298 0.295 0.316 0.315 0.304 0.292 0.292 0.322 08/12/1983
0.217 0.237 0.224 0.236 0.228 0.223 0.196 0.227 0.238 0.235 0.226 0.245 0.252 0.261 0.290 0.210 0.211 0.255 0.265 0.292 0.227 0.207 0.255 0.269 0.303 0.228 0.207 0.260 0.282 0.299 09/12/1983
0.541 0.589 0.638 0.667 0.559 0.489 0.598 0.621 0.619 0.634 0.491 0.520 0.524 0.597 0.649 0.408 0.410 0.529 0.598 0.647 0.424 0.430 0.556 0.593 0.605 0.425 0.426 0.594 0.581 0.550 10/12/1983
0.737 0.804 0.869 0.902 0.909 0.863 1.088 0.968 1.005 1.037 0.865 0.974 0.990 1.031 1.056 0.946 0.892 0.995 1.039 1.075 0.854 0.874 0.985 1.015 1.059 0.853 0.876 0.965 0.993 1.008 11/12/1983
0.614 0.710 0.820 0.865 0.866 0.670 0.861 0.835 0.839 0.895 0.672 0.717 0.727 0.789 0.823 0.675 0.621 0.730 0.790 0.845 0.589 0.603 0.719 0.735 0.817 0.577 0.595 0.667 0.711 0.812 12/12/1983
0.450 0.483 0.515 0.486 0.438 0.518 0.577 0.530 0.427 0.471 0.520 0.559 0.466 0.475 0.468 0.523 0.442 0.471 0.481 0.454 0.509 0.498 0.513 0.467 0.469 0.501 0.494 0.530 0.491 0.488 13/12/1983
0.371 0.417 0.477 0.497 0.470 0.424 0.473 0.511 0.482 0.529 0.424 0.458 0.449 0.470 0.513 0.398 0.343 0.454 0.476 0.480 0.389 0.360 0.462 0.466 0.505 0.364 0.353 0.470 0.482 0.475 14/12/1983
0.220 0.205 0.247 0.274 0.370 0.234 0.271 0.306 0.317 0.432 0.236 0.254 0.278 0.338 0.432 0.201 0.190 0.281 0.340 0.413 0.222 0.210 0.300 0.329 0.391 0.221 0.211 0.297 0.324 0.342 15/12/1983
0.273 0.263 0.264 0.310 0.378 0.342 0.329 0.335 0.343 0.387 0.341 0.353 0.355 0.406 0.455 0.290 0.305 0.360 0.413 0.424 0.318 0.305 0.342 0.331 0.369 0.318 0.297 0.374 0.494 0.463 16/12/1983
0.339 0.325 0.329 0.303 0.298 0.343 0.335 0.323 0.329 0.287 0.344 0.318 0.328 0.306 0.274 0.285 0.269 0.329 0.311 0.299 0.263 0.249 0.303 0.297 0.284 0.263 0.248 0.287 0.273 0.253 17/12/1983
0.241 0.241 0.248 0.213 0.214 0.201 0.225 0.188 0.210 0.190 0.204 0.196 0.206 0.168 0.174 0.146 0.162 0.209 0.175 0.186 0.132 0.151 0.191 0.171 0.168 0.138 0.140 0.185 0.172 0.167 18/12/1983
0.214 0.284 0.301 0.324 0.282 0.270 0.310 0.329 0.303 0.268 0.272 0.301 0.289 0.276 0.286 0.276 0.251 0.290 0.278 0.295 0.259 0.230 0.264 0.275 0.213 0.268 0.235 0.295 0.271 0.203 19/12/1983
0.128 0.130 0.111 0.105 0.121 0.144 0.098 0.133 0.122 0.214 0.146 0.153 0.158 0.129 0.182 0.116 0.143 0.164 0.128 0.170 0.125 0.134 0.160 0.151 0.135 0.130 0.138 0.168 0.171 0.154 20/12/1983
0.882 0.881 0.898 0.889 0.842 0.790 0.967 1.014 0.933 0.904 0.789 0.863 0.817 0.859 0.848 0.763 0.711 0.822 0.855 0.893 0.758 0.699 0.812 0.806 0.772 0.744 0.716 0.799 0.818 0.763 21/12/1983
0.596 0.559 0.554 0.589 0.609 0.591 0.644 0.497 0.502 0.599 0.591 0.530 0.525 0.524 0.562 0.540 0.443 0.532 0.532 0.537 0.479 0.472 0.564 0.544 0.512 0.471 0.470 0.551 0.527 0.511 22/12/1983
0.290 0.266 0.263 0.285 0.363 0.272 0.246 0.284 0.344 0.323 0.275 0.250 0.292 0.300 0.329 0.209 0.193 0.294 0.306 0.322 0.199 0.198 0.308 0.273 0.276 0.191 0.192 0.318 0.280 0.264 23/12/1983
0.390 0.440 0.500 0.451 0.446 0.403 0.452 0.489 0.428 0.446 0.405 0.408 0.356 0.378 0.450 0.415 0.332 0.362 0.381 0.453 0.427 0.361 0.395 0.392 0.390 0.423 0.367 0.412 0.395 0.396 24/12/1983
0.204 0.245 0.356 0.379 0.458 0.218 0.319 0.376 0.434 0.473 0.218 0.332 0.381 0.431 0.516 0.182 0.267 0.385 0.432 0.509 0.232 0.254 0.382 0.397 0.355 0.223 0.254 0.381 0.360 0.373 25/12/1983
0.226 0.257 0.326 0.351 0.466 0.230 0.310 0.298 0.364 0.425 0.231 0.258 0.328 0.373 0.429 0.195 0.249 0.336 0.380 0.396 0.185 0.253 0.335 0.373 0.336 0.178 0.254 0.298 0.347 0.363 26/12/1983
0.245 0.223 0.192 0.184 0.117 0.230 0.187 0.176 0.159 0.126 0.230 0.198 0.206 0.206 0.177 0.173 0.186 0.208 0.208 0.182 0.174 0.176 0.196 0.212 0.202 0.170 0.174 0.202 0.195 0.199 27/12/1983
0.459 0.440 0.451 0.390 0.390 0.411 0.414 0.423 0.418 0.386 0.413 0.417 0.416 0.446 0.421 0.385 0.378 0.416 0.446 0.436 0.411 0.395 0.442 0.445 0.440 0.405 0.394 0.428 0.420 0.426 28/12/1983
0.781 0.777 0.819 0.806 0.891 0.783 0.782 0.804 0.813 0.886 0.782 0.749 0.777 0.762 0.822 0.825 0.754 0.777 0.763 0.815 0.832 0.779 0.808 0.770 0.793 0.808 0.780 0.824 0.797 0.770 29/12/1983
0.977 0.987 0.927 0.929 0.873 0.913 1.000 0.922 0.906 0.898 0.915 0.889 0.880 0.939 0.930 0.983 0.905 0.883 0.934 0.987 1.016 1.030 1.037 1.018 1.046 1.030 1.035 1.044 1.037 1.021 30/12/1983
0.242 0.244 0.338 0.341 0.439 0.232 0.261 0.329 0.359 0.432 0.235 0.261 0.297 0.335 0.421 0.318 0.266 0.296 0.336 0.423 0.339 0.317 0.352 0.346 0.350 0.339 0.317 0.386 0.374 0.320 31/12/1983
0.105 0.112 0.112 0.108 0.122 0.110 0.111 0.122 0.114 0.126 0.111 0.118 0.096 0.104 0.123 0.108 0.113 0.098 0.106 0.122 0.109 0.115 0.098 0.117 0.114 0.107 0.116 0.130 0.113 0.091 01/01/1984
0.096 0.105 0.109 0.116 0.191 0.107 0.115 0.114 0.143 0.192 0.108 0.107 0.134 0.147 0.185 0.108 0.108 0.137 0.151 0.161 0.104 0.110 0.137 0.134 0.136 0.103 0.111 0.126 0.131 0.152 02/01/1984
0.160 0.153 0.193 0.181 0.336 0.209 0.289 0.203 0.241 0.259 0.210 0.193 0.226 0.268 0.271 0.240 0.192 0.227 0.273 0.239 0.235 0.233 0.263 0.256 0.305 0.232 0.231 0.285 0.349 0.364 03/01/1984
0.198 0.277 0.329 0.293 0.386 0.222 0.294 0.335 0.345 0.329 0.221 0.241 0.269 0.347 0.332 0.214 0.237 0.270 0.347 0.345 0.216 0.229 0.262 0.315 0.365 0.213 0.223 0.283 0.313 0.373 04/01/1984
0.177 0.168 0.201 0.194 0.226 0.198 0.193 0.182 0.175 0.183 0.199 0.196 0.179 0.180 0.160 0.168 0.171 0.185 0.185 0.190 0.154 0.179 0.182 0.190 0.193 0.157 0.178 0.199 0.208 0.194 05/01/1984
0.482 0.420 0.387 0.357 0.352 0.447 0.376 0.376 0.382 0.331 0.449 0.428 0.426 0.390 0.368 0.432 0.398 0.429 0.394 0.373 0.432 0.387 0.414 0.400 0.387 0.435 0.389 0.415 0.408 0.449 06/01/1984
0.958 0.844 0.724 0.662 0.604 0.912 0.763 0.699 0.668 0.598 0.913 0.776 0.803 0.730 0.573 0.881 0.820 0.802 0.737 0.554 0.835 0.829 0.807 0.688 0.611 0.849 0.831 0.682 0.646 0.617 07/01/1984
0.562 0.481 0.434 0.418 0.496 0.590 0.538 0.455 0.496 0.506 0.592 0.541 0.558 0.505 0.491 0.575 0.523 0.565 0.499 0.502 0.585 0.580 0.646 0.511 0.480 0.596 0.601 0.603 0.490 0.476 08/01/1984
0.234 0.259 0.266 0.271 0.254 0.245 0.305 0.274 0.300 0.292 0.247 0.295 0.316 0.296 0.277 0.273 0.276 0.318 0.299 0.275 0.284 0.290 0.317 0.268 0.250 0.278 0.287 0.316 0.294 0.283 09/01/1984
0.122 0.121 0.118 0.103 0.108 0.121 0.118 0.123 0.112 0.116 0.122 0.120 0.110 0.113 0.126 0.113 0.115 0.111 0.115 0.129 0.114 0.116 0.113 0.114 0.120 0.114 0.117 0.113 0.115 0.123 10/01/1984
0.569 0.496 0.444 0.387 0.447 0.548 0.437 0.478 0.478 0.412 0.551 0.473 0.491 0.513 0.414 0.561 0.517 0.488 0.523 0.426 0.504 0.489 0.484 0.526 0.541 0.492 0.483 0.513 0.522 0.532 11/01/1984
0.366 0.299 0.307 0.298 0.354 0.264 0.176 0.300 0.361 0.356 0.267 0.221 0.303 0.307 0.339 0.214 0.278 0.297 0.307 0.289 0.222 0.153 0.163 0.309 0.385 0.217 0.149 0.288 0.310 0.296 12/01/1984
0.176 0.168 0.191 0.149 0.260 0.175 0.149 0.150 0.107 0.205 0.176 0.139 0.110 0.108 0.277 0.191 0.147 0.112 0.110 0.255 0.179 0.152 0.114 0.106 0.170 0.170 0.144 0.114 0.119 0.112 13/01/1984
0.109 0.094 0.098 0.088 0.096 0.096 0.105 0.107 0.098 0.104 0.098 0.107 0.093 0.106 0.127 0.101 0.108 0.095 0.109 0.136 0.103 0.112 0.100 0.104 0.106 0.104 0.112 0.100 0.102 0.108 14/01/1984
0.187 0.271 0.314 0.215 0.322 0.204 0.381 0.401 0.321 0.284 0.203 0.241 0.193 0.347 0.361 0.256 0.305 0.191 0.339 0.360 0.298 0.324 0.214 0.273 0.274 0.278 0.302 0.226 0.261 0.333 15/01/1984
0.113 0.116 0.114 0.116 0.134 0.120 0.121 0.119 0.129 0.136 0.122 0.120 0.127 0.129 0.136 0.129 0.141 0.128 0.132 0.135 0.129 0.140 0.132 0.132 0.127 0.131 0.142 0.132 0.131 0.129 16/01/1984
0.162 0.161 0.163 0.157 0.171 0.165 0.171 0.171 0.172 0.171 0.166 0.165 0.166 0.175 0.170 0.165 0.164 0.167 0.177 0.175 0.168 0.166 0.171 0.169 0.167 0.168 0.167 0.171 0.172 0.173 17/01/1984
0.351 0.299 0.311 0.313 0.311 0.314 0.317 0.345 0.363 0.369 0.310 0.310 0.299 0.305 0.371 0.314 0.206 0.301 0.308 0.368 0.220 0.208 0.250 0.258 0.288 0.214 0.208 0.230 0.238 0.241 18/01/1984
0.346 0.173 0.170 0.180 0.199 0.316 0.161 0.257 0.388 0.347 0.322 0.415 0.513 0.567 0.359 0.349 0.281 0.521 0.559 0.428 0.366 0.231 0.470 0.455 0.476 0.349 0.253 0.225 0.245 0.282 19/01/1984
0.604 0.534 0.486 0.432 0.479 0.612 0.470 0.514 0.533 0.537 0.611 0.596 0.617 0.554 0.575 0.542 0.500 0.619 0.556 0.583 0.560 0.500 0.620 0.546 0.540 0.563 0.501 0.606 0.580 0.579 20/01/1984
0.235 0.205 0.174 0.178 0.194 0.235 0.182 0.182 0.188 0.186 0.235 0.186 0.198 0.189 0.188 0.198 0.193 0.201 0.191 0.191 0.195 0.192 0.194 0.192 0.192 0.195 0.194 0.194 0.194 0.195 21/01/1984
0.588 0.573 0.505 0.528 0.578 0.577 0.542 0.514 0.636 0.592 0.573 0.543 0.678 0.604 0.561 0.539 0.516 0.683 0.595 0.539 0.536 0.500 0.680 0.583 0.559 0.514 0.502 0.634 0.576 0.567 22/01/1984
0.228 0.230 0.230 0.232 0.243 0.219 0.231 0.224 0.239 0.242 0.220 0.228 0.246 0.263 0.220 0.238 0.227 0.248 0.265 0.213 0.241 0.236 0.260 0.254 0.215 0.236 0.234 0.260 0.247 0.219 23/01/1984
0.320 0.360 0.321 0.294 0.383 0.344 0.338 0.315 0.363 0.399 0.346 0.349 0.391 0.378 0.418 0.343 0.365 0.394 0.382 0.388 0.364 0.391 0.421 0.382 0.367 0.364 0.397 0.462 0.416 0.385 24/01/1984
0.567 0.641 0.556 0.572 0.545 0.606 0.625 0.605 0.638 0.624 0.603 0.679 0.718 0.665 0.639 0.578 0.629 0.715 0.667 0.630 0.611 0.639 0.726 0.694 0.653 0.600 0.639 0.693 0.704 0.692 25/01/1984
0.246 0.242 0.243 0.241 0.255 0.244 0.241 0.243 0.253 0.252 0.246 0.243 0.252 0.251 0.247 0.262 0.270 0.254 0.253 0.248 0.263 0.273 0.256 0.254 0.246 0.268 0.276 0.259 0.257 0.247 26/01/1984
0.321 0.296 0.276 0.290 0.349 0.321 0.303 0.246 0.300 0.363 0.321 0.270 0.322 0.299 0.311 0.299 0.299 0.328 0.299 0.290 0.287 0.299 0.329 0.271 0.265 0.280 0.293 0.283 0.263 0.273 27/01/1984
0.495 0.499 0.396 0.402 0.411 0.503 0.481 0.382 0.387 0.412 0.503 0.424 0.419 0.425 0.420 0.456 0.343 0.426 0.429 0.395 0.463 0.333 0.436 0.410 0.380 0.460 0.328 0.408 0.407 0.369 28/01/1984
0.451 0.445 0.424 0.478 0.421 0.461 0.475 0.450 0.433 0.445 0.464 0.477 0.468 0.501 0.497 0.441 0.402 0.469 0.502 0.486 0.445 0.409 0.480 0.501 0.512 0.441 0.414 0.493 0.505 0.516 29/01/1984
0.345 0.345 0.345 0.337 0.331 0.340 0.340 0.344 0.339 0.336 0.343 0.346 0.340 0.340 0.340 0.352 0.354 0.342 0.342 0.345 0.358 0.355 0.343 0.343 0.344 0.365 0.359 0.346 0.347 0.345 30/01/1984
0.403 0.488 0.500 0.573 0.532 0.426 0.477 0.394 0.420 0.502 0.427 0.448 0.455 0.386 0.325 0.385 0.435 0.454 0.388 0.324 0.383 0.431 0.442 0.431 0.320 0.380 0.430 0.341 0.391 0.350 31/01/1984
1.007 0.919 0.834 0.819 0.725 0.921 0.798 0.777 0.810 0.716 0.923 0.841 0.878 0.800 0.654 0.885 0.797 0.871 0.794 0.690 0.932 0.833 0.888 0.885 0.857 0.941 0.834 0.925 0.957 0.905 01/02/1984
0.523 0.416 0.292 0.294 0.264 0.410 0.341 0.260 0.320 0.265 0.411 0.341 0.407 0.364 0.267 0.361 0.319 0.408 0.367 0.267 0.378 0.362 0.449 0.387 0.334 0.395 0.366 0.431 0.369 0.333 02/02/1984
0.880 0.850 0.762 0.691 0.651 0.873 0.912 0.751 0.691 0.674 0.873 0.860 0.807 0.746 0.690 0.827 0.748 0.808 0.748 0.686 0.800 0.788 0.841 0.812 0.763 0.812 0.791 0.877 0.819 0.778 03/02/1984
0.334 0.333 0.334 0.329 0.329 0.328 0.327 0.331 0.333 0.332 0.330 0.330 0.331 0.330 0.331 0.344 0.357 0.333 0.332 0.338 0.348 0.355 0.331 0.331 0.338 0.354 0.359 0.336 0.332 0.328 04/02/1984
0.329 0.339 0.362 0.318 0.330 0.311 0.342 0.336 0.337 0.323 0.312 0.308 0.308 0.323 0.323 0.313 0.323 0.310 0.325 0.328 0.323 0.326 0.328 0.332 0.325 0.327 0.329 0.362 0.380 0.353 05/02/1984
0.745 0.782 0.789 0.755 0.757 0.810 0.830 0.785 0.808 0.742 0.813 0.785 0.810 0.791 0.717 0.852 0.805 0.807 0.792 0.772 0.864 0.826 0.818 0.830 0.800 0.875 0.818 0.865 0.873 0.862 06/02/1984
0.875 0.906 0.847 0.850 0.866 0.912 0.919 0.889 0.975 0.907 0.913 0.905 1.009 0.982 0.936 0.961 0.913 1.007 0.984 0.945 0.977 0.945 1.040 1.040 1.023 0.952 0.952 1.060 1.039 1.042 07/02/1984
0.353 0.350 0.357 0.348 0.374 0.332 0.330 0.349 0.363 0.373 0.335 0.333 0.348 0.355 0.366 0.347 0.365 0.350 0.357 0.372 0.353 0.363 0.349 0.357 0.367 0.357 0.368 0.361 0.365 0.366 08/02/1984
0.789 0.777 0.800 0.750 0.927 0.837 0.849 0.883 0.958 0.966 0.842 0.934 1.015 1.027 0.953 0.835 0.864 1.019 1.038 0.988 0.830 0.862 1.015 1.059 1.081 0.839 0.861 1.037 1.079 1.136 09/02/1984
0.729 0.722 0.694 0.715 0.773 0.706 0.712 0.718 0.758 0.757 0.709 0.725 0.763 0.794 0.772 0.727 0.757 0.765 0.793 0.792 0.734 0.766 0.785 0.815 0.813 0.737 0.771 0.815 0.808 0.812 10/02/1984
0.980 0.921 0.856 0.835 0.790 1.024 0.949 0.889 0.908 0.844 1.026 1.029 1.052 1.037 0.822 1.002 1.021 1.051 1.040 0.859 0.955 0.964 1.003 1.001 0.908 0.956 0.965 0.933 0.891 0.836 11/02/1984
1.214 1.161 1.167 1.138 1.130 1.241 1.177 1.144 1.209 1.137 1.240 1.214 1.268 1.244 1.119 1.225 1.232 1.267 1.244 1.136 1.118 1.181 1.224 1.243 1.230 1.139 1.189 1.070 1.077 1.116 12/02/1984
0.971 0.956 0.943 0.943 1.083 0.938 0.985 0.975 1.084 1.142 0.944 0.953 1.046 1.092 1.145 0.944 0.987 1.047 1.097 1.151 0.961 1.006 1.069 1.111 1.149 0.965 1.011 1.042 1.090 1.131 13/02/1984
0.791 0.716 0.680 0.643 0.731 0.833 0.753 0.730 0.758 0.767 0.834 0.721 0.747 0.806 0.803 0.897 0.732 0.746 0.813 0.807 0.839 0.788 0.795 0.810 0.806 0.843 0.792 0.801 0.813 0.812 14/02/1984
0.624 0.640 0.715 0.688 0.648 0.709 0.699 0.684 0.681 0.663 0.711 0.720 0.719 0.710 0.722 0.748 0.716 0.719 0.712 0.754 0.721 0.738 0.738 0.727 0.666 0.736 0.737 0.697 0.697 0.719 15/02/1984
0.598 0.544 0.557 0.571 0.585 0.608 0.568 0.556 0.588 0.586 0.612 0.611 0.633 0.594 0.562 0.662 0.607 0.636 0.594 0.569 0.677 0.671 0.686 0.653 0.629 0.686 0.670 0.707 0.706 0.713 16/02/1984
0.700 0.680 0.658 0.658 0.726 0.670 0.681 0.685 0.750 0.740 0.671 0.690 0.764 0.773 0.781 0.699 0.686 0.767 0.770 0.776 0.714 0.692 0.775 0.806 0.837 0.713 0.697 0.806 0.827 0.833 17/02/1984
0.500 0.560 0.569 0.588 0.625 0.553 0.587 0.602 0.622 0.594 0.554 0.568 0.594 0.629 0.631 0.550 0.586 0.599 0.633 0.651 0.517 0.563 0.580 0.610 0.635 0.519 0.560 0.629 0.632 0.676 18/02/1984
0.687 0.741 0.721 0.700 0.768 0.654 0.701 0.727 0.745 0.769 0.657 0.714 0.731 0.716 0.747 0.649 0.748 0.733 0.719 0.753 0.646 0.712 0.697 0.646 0.660 0.652 0.718 0.635 0.637 0.634 19/02/1984
1.712 1.804 1.860 1.785 1.702 1.755 1.828 1.808 1.680 1.654 1.758 1.808 1.691 1.596 1.613 1.675 1.467 1.693 1.596 1.643 1.675 1.465 1.681 1.562 1.564 1.677 1.461 1.692 1.556 1.533 20/02/1984
1.634 1.597 1.576 1.593 1.541 1.590 1.493 1.575 1.522 1.552 1.589 1.635 1.558 1.549 1.622 1.477 1.442 1.560 1.541 1.593 1.522 1.465 1.598 1.567 1.604 1.536 1.477 1.638 1.592 1.591 21/02/1984
1.294 1.384 1.388 1.367 1.342 1.312 1.400 1.399 1.350 1.310 1.313 1.357 1.335 1.391 1.361 1.257 1.251 1.332 1.390 1.401 1.245 1.316 1.386 1.410 1.415 1.249 1.309 1.401 1.428 1.402 22/02/1984
1.407 1.511 1.392 1.369 1.333 1.303 1.457 1.453 1.523 1.339 1.311 1.436 1.505 1.523 1.361 1.516 1.575 1.497 1.525 1.429 1.533 1.577 1.530 1.625 1.506 1.531 1.597 1.574 1.669 1.560 23/02/1984
2.621 2.430 2.393 2.476 2.489 2.364 2.391 2.350 2.616 2.490 2.369 2.200 2.494 2.581 2.593 2.456 2.303 2.480 2.547 2.676 2.359 2.350 2.456 2.688 2.738 2.372 2.348 2.594 2.731 2.674 24/02/1984
1.954 2.007 2.098 2.133 2.117 1.874 2.024 2.128 2.152 2.114 1.877 1.970 2.024 2.136 2.092 1.720 1.722 2.024 2.128 2.183 1.693 1.707 2.009 2.112 2.245 1.705 1.734 2.065 2.172 2.227 25/02/1984
0.991 0.957 0.971 0.977 1.015 0.963 0.925 0.932 0.964 0.961 0.966 0.938 0.974 0.971 0.954 0.936 0.932 0.975 0.971 0.990 0.924 0.938 0.986 1.000 1.025 0.934 0.946 0.993 1.034 1.057 26/02/1984
1.172 1.113 1.187 1.209 1.290 1.281 1.267 1.326 1.391 1.365 1.283 1.419 1.450 1.469 1.322 1.345 1.301 1.450 1.469 1.412 1.389 1.315 1.466 1.434 1.437 1.405 1.324 1.452 1.452 1.466 27/02/1984
2.789 2.881 2.957 3.002 2.913 2.785 3.029 3.095 3.116 2.968 2.787 2.894 2.925 3.049 2.816 2.419 2.511 2.924 3.047 2.981 2.493 2.494 2.904 2.996 2.980 2.536 2.499 2.973 2.960 2.885 28/02/1984
2.150 2.225 2.285 2.402 2.292 2.136 2.279 2.303 2.365 2.208 2.137 2.167 2.108 2.149 2.043 1.873 1.940 2.108 2.152 2.174 1.819 1.890 2.061 2.086 2.141 1.834 1.903 2.080 2.138 2.106 29/02/1984
1.219 1.332 1.347 1.264 1.444 1.169 1.301 1.284 1.336 1.346 1.170 1.152 1.171 1.259 1.218 1.200 1.267 1.169 1.255 1.163 1.175 1.217 1.133 1.166 1.201 1.194 1.223 1.151 1.238 1.200 01/03/1984
1.023 1.070 1.112 1.115 1.063 1.050 1.137 1.113 1.155 1.018 1.052 1.097 1.133 1.097 0.975 1.068 1.132 1.134 1.091 1.002 1.053 0.966 0.956 0.970 0.956 1.070 0.978 0.942 0.934 0.906 02/03/1984
1.130 1.140 1.187 1.167 1.297 1.138 1.207 1.183 1.223 1.216 1.143 1.139 1.173 1.190 1.178 1.154 1.184 1.178 1.191 1.188 1.134 1.177 1.173 1.163 1.161 1.144 1.189 1.187 1.182 1.112 03/03/1984
1.120 1.133 1.201 1.180 1.059 1.058 1.067 1.038 1.093 0.972 1.063 1.167 1.236 1.237 1.273 1.170 1.213 1.233 1.235 1.279 1.061 1.071 1.106 1.113 1.256 1.080 1.096 0.982 0.988 1.256 04/03/1984
1.198 1.416 1.380 1.351 1.446 1.301 1.427 1.305 1.319 1.363 1.306 1.349 1.386 1.226 1.208 1.389 1.359 1.389 1.214 1.245 1.383 1.386 1.407 1.258 1.250 1.398 1.409 1.535 1.418 1.314 05/03/1984
0.801 0.778 0.759 0.720 0.747 0.783 0.773 0.842 0.832 0.785 0.788 0.887 0.870 0.855 0.821 0.841 0.884 0.869 0.854 0.822 0.855 0.873 0.876 0.957 0.945 0.884 0.892 0.980 1.037 0.932 06/03/1984
1.320 1.362 1.365 1.297 1.317 1.327 1.327 1.295 1.282 1.175 1.332 1.325 1.305 1.317 1.272 1.282 1.322 1.305 1.315 1.292 1.283 1.332 1.315 1.356 1.375 1.288 1.335 1.380 1.421 1.431 07/03/1984
1.643 1.696 1.693 1.717 1.613 1.640 1.669 1.598 1.620 1.544 1.643 1.556 1.611 1.539 1.566 1.618 1.592 1.612 1.535 1.604 1.564 1.604 1.646 1.658 1.652 1.581 1.618 1.710 1.730 1.682 08/03/1984
1.946 2.048 2.091 2.055 2.234 2.062 2.147 2.128 2.240 2.263 2.067 2.132 2.228 2.258 2.230 2.143 2.185 2.231 2.258 2.272 2.123 2.202 2.253 2.265 2.276 2.135 2.217 2.271 2.259 2.276 09/03/1984
1.992 2.040 2.100 2.020 2.121 1.931 2.058 2.123 2.127 2.238 1.933 1.956 1.973 2.127 2.176 1.859 1.953 1.976 2.119 2.200 1.807 1.969 2.005 2.210 2.257 1.834 1.992 2.098 2.203 2.139 10/03/1984
1.739 1.839 1.887 1.852 1.852 1.803 1.886 1.939 2.020 1.937 1.803 1.863 1.964 1.961 1.998 1.784 1.881 1.964 1.955 2.036 1.748 1.879 1.959 1.995 1.955 1.749 1.886 1.930 2.004 2.039 11/03/1984
1.734 1.861 2.045 2.012 2.001 1.761 1.977 2.121 2.130 2.142 1.767 2.079 2.071 2.197 2.115 1.886 2.111 2.076 2.198 2.223 2.101 2.166 2.125 2.256 2.272 2.112 2.191 2.155 2.326 2.275 12/03/1984
0.983 1.148 1.301 1.092 0.949 1.153 1.272 1.442 1.158 0.996 1.155 1.372 1.040 1.238 1.360 1.250 1.303 1.052 1.239 1.365 1.336 1.478 1.231 1.357 1.248 1.311 1.470 1.324 1.412 1.402 13/03/1984
1.222 1.240 1.148 1.180 0.878 1.273 1.308 1.279 1.239 0.845 1.275 1.275 1.244 1.244 1.114 1.211 1.266 1.242 1.239 1.150 1.233 1.268 1.250 1.261 1.213 1.275 1.276 1.282 1.191 1.182 14/03/1984
0.618 0.594 0.591 0.567 0.587 0.601 0.556 0.579 0.591 0.598 0.605 0.613 0.623 0.584 0.586 0.621 0.627 0.623 0.582 0.588 0.639 0.626 0.619 0.609 0.619 0.648 0.636 0.643 0.629 0.647 15/03/1984
0.746 0.924 0.911 0.842 0.944 0.788 0.987 0.880 0.917 0.858 0.789 0.702 0.756 0.835 0.746 0.704 0.702 0.768 0.837 0.698 0.605 0.699 0.757 0.710 0.629 0.614 0.686 0.617 0.651 0.613 16/03/1984
1.656 1.824 1.868 1.839 1.927 1.727 1.891 1.923 1.899 1.971 1.730 1.823 1.825 1.867 1.988 1.726 1.738 1.826 1.858 1.935 1.747 1.786 1.866 1.900 1.872 1.745 1.774 1.887 1.908 1.867 17/03/1984
1.384 1.411 1.387 1.379 1.380 1.375 1.447 1.423 1.439 1.419 1.378 1.433 1.458 1.447 1.452 1.478 1.465 1.455 1.440 1.435 1.545 1.520 1.558 1.561 1.467 1.562 1.533 1.625 1.589 1.529 18/03/1984
1.074 1.001 1.059 1.026 1.239 1.090 1.072 1.100 1.110 1.200 1.097 1.142 1.164 1.130 1.209 1.166 1.197 1.163 1.127 1.204 1.168 1.208 1.167 1.202 1.205 1.185 1.222 1.207 1.244 1.180 19/03/1984
1.366 1.367 1.372 1.334 1.484 1.371 1.371 1.388 1.427 1.403 1.376 1.415 1.464 1.487 1.512 1.431 1.520 1.466 1.487 1.497 1.471 1.562 1.486 1.517 1.506 1.477 1.566 1.535 1.534 1.517 20/03/1984
2.216 2.266 2.327 2.288 2.324 2.163 2.192 2.252 2.284 2.280 2.171 2.146 2.185 2.226 2.229 1.828 1.982 2.182 2.218 2.213 1.993 1.955 2.178 2.209 2.172 2.117 2.045 2.231 2.209 2.163 21/03/1984
1.844 1.817 1.788 1.740 1.682 1.838 1.770 1.731 1.685 1.648 1.841 1.773 1.732 1.691 1.647 1.525 1.546 1.728 1.676 1.639 1.466 1.460 1.638 1.643 1.611 1.507 1.468 1.682 1.630 1.522 22/03/1984
1.964 1.953 1.984 1.932 1.936 1.861 1.895 1.897 1.905 1.879 1.865 1.865 1.835 1.843 1.836 1.788 1.810 1.832 1.834 1.868 1.808 1.842 1.872 1.897 1.871 1.835 1.857 1.938 1.924 1.879 23/03/1984
1.589 1.672 1.678 1.631 1.724 1.581 1.684 1.734 1.778 1.725 1.584 1.641 1.681 1.753 1.685 1.610 1.667 1.677 1.749 1.718 1.630 1.669 1.679 1.760 1.763 1.647 1.684 1.725 1.753 1.743 24/03/1984
1.549 1.518 1.536 1.544 1.606 1.502 1.516 1.589 1.622 1.685 1.506 1.513 1.550 1.592 1.679 1.512 1.536 1.545 1.582 1.682 1.581 1.622 1.637 1.683 1.685 1.609 1.640 1.744 1.761 1.732 25/03/1984
1.976 1.979 2.013 1.959 2.029 1.924 1.987 2.012 2.069 2.031 1.931 1.952 1.990 2.015 2.025 1.954 2.014 1.988 2.009 2.031 1.946 2.020 1.987 2.020 2.031 1.970 2.039 2.056 2.070 2.019 26/03/1984
2.354 2.293 2.215 2.130 2.454 2.118 2.174 2.262 2.554 2.545 2.123 2.143 2.427 2.599 2.585 2.299 2.567 2.425 2.589 2.668 2.356 2.619 2.453 2.623 2.708 2.363 2.636 2.541 2.673 2.687 27/03/1984
1.970 1.982 1.938 1.860 1.737 1.949 1.894 1.907 1.873 1.700 1.955 2.049 2.002 1.888 1.742 1.865 1.992 1.996 1.871 1.743 1.843 1.918 1.923 1.958 1.889 1.874 1.929 1.946 1.925 1.831 28/03/1984
1.153 1.056 0.925 0.921 0.674 1.222 1.067 1.075 1.020 0.795 1.222 1.301 1.308 1.238 1.116 1.314 1.312 1.306 1.231 1.158 1.481 1.384 1.403 1.428 1.098 1.509 1.393 1.525 1.537 1.402 29/03/1984
2.231 2.205 2.171 2.131 2.141 2.212 2.269 2.185 2.174 2.252 2.219 2.248 2.241 2.222 2.349 2.245 2.239 2.242 2.223 2.298 2.241 2.264 2.250 2.233 2.335 2.282 2.282 2.288 2.341 2.367 30/03/1984
2.039 1.966 2.051 2.050 2.043 2.019 2.027 2.083 2.056 2.143 2.023 2.088 2.065 2.126 2.256 2.049 2.062 2.063 2.114 2.280 2.066 2.094 2.098 2.186 2.328 2.076 2.110 2.136 2.196 2.226 31/03/1984
2.360 2.314 2.307 2.301 2.376 2.291 2.279 2.275 2.318 2.316 2.296 2.258 2.282 2.273 2.304 2.296 2.291 2.278 2.270 2.345 2.296 2.312 2.307 2.307 2.326 2.313 2.323 2.361 2.364 2.331 01/04/1984
1.938 1.895 1.836 1.767 1.812 1.849 1.863 1.786 1.768 1.811 1.853 1.820 1.816 1.750 1.852 1.835 1.739 1.813 1.754 1.852 1.792 1.742 1.812 1.825 1.872 1.815 1.755 1.809 1.834 1.843 02/04/1984
1.804 1.830 1.790 1.704 1.742 1.747 1.796 1.783 1.813 1.744 1.752 1.821 1.826 1.802 1.792 1.760 1.786 1.824 1.795 1.819 1.845 1.806 1.843 1.836 1.837 1.873 1.828 1.951 1.904 1.821 03/04/1984
1.059 1.061 0.998 0.966 0.820 1.007 0.871 0.962 1.087 0.898 1.011 1.024 1.120 1.110 1.091 1.083 1.100 1.120 1.102 1.104 1.053 1.128 1.185 1.263 1.278 1.074 1.149 1.309 1.256 1.272 04/04/1984
1.660 1.647 1.670 1.618 1.552 1.695 1.605 1.665 1.700 1.607 1.701 1.664 1.682 1.628 1.615 1.690 1.667 1.681 1.617 1.623 1.713 1.672 1.692 1.640 1.685 1.730 1.697 1.708 1.682 1.666 05/04/1984
1.708 1.731 1.755 1.783 1.823 1.747 1.755 1.775 1.792 1.830 1.747 1.754 1.771 1.785 1.868 1.672 1.714 1.773 1.783 1.826 1.708 1.727 1.791 1.803 1.790 1.687 1.730 1.778 1.787 1.802 06/04/1984
2.082 2.017 2.112 2.109 2.141 1.984 2.015 2.142 2.152 2.200 1.989 2.004 2.024 2.082 2.269 2.002 2.052 2.021 2.073 2.258 2.008 2.015 1.992 2.048 2.229 2.025 2.026 2.017 2.061 2.159 07/04/1984
2.164 2.158 2.227 2.212 2.323 2.122 2.135 2.259 2.373 2.439 2.128 2.204 2.329 2.397 2.577 2.144 2.282 2.322 2.389 2.602 2.181 2.299 2.325 2.445 2.626 2.222 2.312 2.442 2.502 2.610 08/04/1984
2.568 2.543 2.666 2.627 2.842 2.551 2.607 2.711 2.773 2.927 2.554 2.612 2.687 2.776 2.962 2.630 2.677 2.686 2.770 2.968 2.659 2.677 2.689 2.804 2.930 2.680 2.686 2.795 2.852 2.911 09/04/1984
2.122 2.087 2.092 2.091 2.183 2.061 2.042 2.062 2.171 2.170 2.059 1.998 2.106 2.078 2.121 2.055 2.053 2.103 2.071 2.205 2.053 2.007 2.076 2.067 2.111 2.088 2.021 2.076 2.095 2.049 10/04/1984
3.059 3.105 3.184 3.177 3.233 3.020 3.150 3.217 3.360 3.359 3.023 3.072 3.219 3.327 3.371 2.996 3.154 3.220 3.320 3.445 3.005 3.138 3.189 3.265 3.359 3.018 3.157 3.212 3.268 3.249 11/04/1984
3.912 3.929 3.980 3.924 3.902 3.868 3.981 3.971 4.020 3.921 3.871 3.874 3.945 3.975 3.915 3.873 3.798 3.938 3.974 4.047 3.860 3.834 3.994 3.989 3.947 3.879 3.865 4.083 4.093 3.928 12/04/1984
3.132 3.277 3.475 3.378 3.482 3.203 3.405 3.526 3.560 3.503 3.205 3.315 3.372 3.494 3.512 3.226 3.343 3.369 3.493 3.584 3.256 3.318 3.366 3.537 3.594 3.277 3.343 3.525 3.565 3.594 13/04/1984
3.865 3.898 4.084 4.046 4.260 3.787 3.927 3.988 3.979 4.224 3.794 3.946 3.966 4.052 4.122 3.865 3.946 3.963 4.050 4.210 3.887 3.884 3.967 4.115 4.175 3.889 3.913 3.982 4.086 4.182 14/04/1984
3.578 3.650 3.630 3.586 3.528 3.555 3.652 3.647 3.635 3.536 3.563 3.601 3.585 3.639 3.614 3.509 3.461 3.587 3.638 3.666 3.573 3.481 3.612 3.650 3.712 3.597 3.481 3.675 3.698 3.693 15/04/1984
3.408 3.387 3.247 3.173 3.289 3.349 3.431 3.210 3.304 3.186 3.354 3.280 3.369 3.323 3.295 3.358 3.299 3.368 3.319 3.355 3.355 3.282 3.343 3.334 3.364 3.356 3.306 3.320 3.354 3.360 16/04/1984
3.906 3.908 3.950 3.891 4.082 3.932 4.063 4.236 4.209 4.181 3.935 4.063 4.022 4.278 4.308 3.982 4.051 4.021 4.276 4.366 4.021 4.029 4.023 4.305 4.383 4.038 4.043 4.050 4.306 4.382 17/04/1984
3.697 3.703 3.890 3.745 3.802 3.674 3.858 3.979 3.971 3.802 3.678 3.724 3.766 3.960 3.881 3.715 3.737 3.763 3.953 4.009 3.745 3.724 3.740 3.969 4.004 3.777 3.753 3.827 3.969 3.993 18/04/1984
4.023 4.060 4.173 4.020 3.946 3.957 4.097 4.117 4.147 3.866 3.964 3.976 4.032 3.975 3.893 3.893 3.958 4.025 3.966 4.002 3.947 3.913 3.931 3.986 3.904 3.990 3.943 4.054 3.992 3.850 19/04/1984
4.373 4.399 4.416 4.330 4.186 4.315 4.490 4.446 4.392 4.217 4.319 4.343 4.321 4.382 4.302 4.214 4.225 4.318 4.383 4.425 4.134 4.229 4.330 4.367 4.368 4.175 4.243 4.328 4.390 4.353 20/04/1984
3.748 3.701 3.643 3.586 3.487 3.702 3.722 3.698 3.708 3.563 3.708 3.694 3.707 3.684 3.597 3.739 3.728 3.702 3.678 3.671 3.802 3.787 3.770 3.787 3.794 3.822 3.806 3.791 3.785 3.784 21/04/1984
4.697 4.548 4.545 4.459 4.498 4.521 4.569 4.621 4.636 4.644 4.520 4.591 4.646 4.578 4.552 4.621 4.632 4.639 4.571 4.627 4.842 4.817 4.832 4.705 4.725 4.889 4.849 4.903 4.817 4.710 22/04/1984
4.856 4.791 4.741 4.687 4.493 4.538 4.476 4.493 4.447 4.303 4.546 4.628 4.618 4.463 4.351 4.589 4.551 4.617 4.453 4.421 4.603 4.586 4.670 4.612 4.624 4.621 4.607 4.593 4.600 4.539 23/04/1984
4.554 4.467 4.315 4.309 4.239 4.447 4.346 4.287 4.316 4.172 4.448 4.448 4.476 4.290 4.224 4.462 4.388 4.474 4.292 4.238 4.430 4.459 4.536 4.463 4.384 4.423 4.472 4.549 4.522 4.495 24/04/1984
3.883 3.860 3.806 3.628 3.527 3.839 3.673 3.764 3.574 3.568 3.844 3.851 3.636 3.606 3.557 3.657 3.659 3.637 3.600 3.610 3.675 3.656 3.675 3.745 3.929 3.695 3.689 3.624 3.783 3.880 25/04/1984
2.741 2.653 2.667 2.649 2.723 2.624 2.582 2.626 2.698 2.670 2.627 2.645 2.722 2.599 2.525 2.624 2.623 2.718 2.590 2.556 2.637 2.630 2.726 2.593 2.553 2.662 2.653 2.626 2.568 2.503 26/04/1984
2.142 1.952 1.886 1.860 2.050 2.170 1.849 1.911 2.068 2.018 2.182 2.014 2.197 2.087 1.927 2.121 2.152 2.190 2.094 1.941 2.219 2.044 2.077 1.983 1.967 2.236 2.073 2.099 2.032 1.946 27/04/1984
3.176 3.239 3.214 3.234 3.239 3.258 3.293 3.226 3.347 3.204 3.263 3.235 3.358 3.277 3.128 3.258 3.298 3.353 3.270 3.201 3.222 3.227 3.277 3.314 3.221 3.257 3.235 3.332 3.385 3.266 28/04/1984
3.701 3.784 3.760 3.896 3.855 3.682 3.704 3.754 3.782 3.917 3.687 3.679 3.701 3.783 3.922 3.628 3.759 3.701 3.781 3.861 3.675 3.812 3.749 3.729 3.814 3.684 3.837 3.769 3.776 3.783 29/04/1984
4.402 4.467 4.597 4.420 4.591 4.374 4.493 4.658 4.631 4.598 4.383 4.522 4.494 4.703 4.681 4.383 4.457 4.493 4.696 4.785 4.493 4.566 4.649 4.762 4.836 4.526 4.620 4.814 4.894 4.931 30/04/1984
3.531 3.527 3.549 3.496 3.604 3.432 3.492 3.594 3.747 3.694 3.439 3.504 3.646 3.689 3.690 3.466 3.563 3.644 3.690 3.812 3.528 3.578 3.691 3.746 3.812 3.557 3.594 3.740 3.809 3.854 01/05/1984
2.993 2.955 2.947 2.939 2.978 2.865 2.872 2.908 3.061 2.997 2.871 2.958 3.110 3.121 3.050 2.944 3.096 3.103 3.104 3.073 3.057 3.196 3.223 3.233 3.203 3.082 3.213 3.309 3.287 3.140 02/05/1984
2.822 2.630 2.534 2.465 2.487 2.689 2.645 2.578 2.671 2.521 2.695 2.775 2.839 2.708 2.633 2.718 2.828 2.832 2.699 2.643 2.815 2.818 2.808 2.756 2.718 2.840 2.834 2.886 2.858 2.692 03/05/1984
2.205 2.162 2.164 2.193 2.254 2.329 2.189 2.166 2.394 2.128 2.338 2.249 2.488 2.438 2.165 2.249 2.326 2.476 2.434 2.211 2.277 2.342 2.488 2.379 2.363 2.342 2.393 2.427 2.424 2.297 04/05/1984
3.443 3.428 3.333 3.339 3.356 3.372 3.413 3.345 3.462 3.395 3.376 3.405 3.530 3.507 3.419 3.346 3.447 3.529 3.499 3.475 3.355 3.463 3.549 3.507 3.466 3.380 3.483 3.484 3.496 3.402 05/05/1984
2.944 2.986 3.025 2.945 3.145 2.837 3.019 2.979 3.112 3.212 2.842 2.981 3.069 3.204 3.220 2.891 3.017 3.066 3.200 3.297 3.018 3.145 3.215 3.300 3.343 3.028 3.174 3.303 3.498 3.443 06/05/1984
2.690 2.723 2.680 2.705 2.778 2.655 2.523 2.752 2.843 2.866 2.660 2.701 2.761 2.995 3.048 2.630 2.738 2.756 2.985 3.049 2.994 3.104 3.125 3.136 3.171 3.006 3.117 3.166 3.205 3.215 07/05/1984
2.933 2.956 3.019 3.004 3.108 2.937 2.961 3.022 3.136 3.091 2.942 3.015 3.123 3.284 3.424 2.996 3.084 3.117 3.284 3.440 3.099 3.346 3.402 3.511 3.651 3.123 3.372 3.619 3.774 3.651 08/05/1984
3.307 3.273 3.203 3.190 3.231 3.232 3.255 3.224 3.312 3.334 3.244 3.293 3.402 3.396 3.409 3.282 3.318 3.399 3.392 3.387 3.403 3.406 3.498 3.457 3.498 3.431 3.430 3.525 3.516 3.548 09/05/1984
4.649 4.811 4.706 4.626 4.576 4.615 4.636 4.674 4.704 4.470 4.623 4.801 4.843 4.862 4.557 4.650 4.825 4.833 4.853 4.625 4.769 4.888 4.913 4.907 4.873 4.797 4.923 4.912 4.988 4.832 10/05/1984
3.168 3.065 3.085 3.102 3.169 3.111 3.079 3.091 3.197 3.094 3.115 3.023 3.113 3.073 3.027 3.078 3.167 3.118 3.080 3.038 3.064 3.165 3.117 3.012 3.070 3.024 3.135 3.090 3.024 3.136 11/05/1984
2.950 2.924 2.936 2.944 3.001 2.942 2.989 2.940 3.013 3.036 2.946 2.917 3.003 3.087 3.081 2.941 2.970 2.998 3.077 3.085 3.019 3.091 3.124 3.105 3.246 3.044 3.110 3.195 3.223 3.285 12/05/1984
3.893 3.718 3.672 3.651 3.423 3.812 3.638 3.523 3.555 3.480 3.815 3.697 3.712 3.727 3.698 3.719 3.709 3.707 3.717 3.693 3.847 3.838 3.819 3.758 4.014 3.870 3.840 3.794 3.855 4.017 13/05/1984
4.882 4.569 4.333 4.245 4.292 4.670 4.160 4.110 4.359 4.396 4.675 4.562 4.827 4.687 4.549 4.687 4.638 4.823 4.668 4.573 4.931 4.810 5.008 4.755 4.831 4.950 4.828 4.977 4.878 4.858 14/05/1984
4.698 4.531 4.441 4.425 4.058 4.739 4.423 4.299 4.341 4.109 4.744 4.708 4.794 4.566 4.257 4.776 4.703 4.787 4.566 4.383 4.877 4.789 4.843 4.632 4.565 4.870 4.819 4.871 4.782 4.685 15/05/1984
4.899 4.908 4.880 4.825 4.417 4.924 4.802 4.748 4.657 4.445 4.925 4.908 4.891 4.679 4.462 4.890 4.858 4.889 4.669 4.534 4.915 4.870 4.899 4.743 4.681 4.904 4.884 4.875 4.775 4.757 16/05/1984
4.333 4.235 4.094 4.508 4.251 4.123 3.799 3.923 4.697 4.295 4.143 4.115 4.914 4.880 4.527 4.529 4.663 4.902 4.852 4.745 4.636 4.752 5.045 4.989 5.085 4.661 4.770 4.933 5.131 4.967 17/05/1984
4.209 3.982 3.821 3.760 3.550 4.168 3.822 3.706 3.745 3.628 4.171 3.980 4.049 3.857 3.708 4.118 4.016 4.044 3.828 3.761 4.056 4.017 4.098 4.057 3.840 4.123 4.057 4.173 4.207 3.968 18/05/1984
3.603 3.654 3.696 3.615 3.599 3.491 3.676 3.760 3.811 3.688 3.496 3.724 3.789 3.935 3.861 3.750 3.723 3.784 3.940 3.958 3.825 3.743 3.784 3.928 4.118 3.841 3.759 3.860 4.003 4.123 19/05/1984
3.908 3.763 3.790 3.782 3.749 3.965 3.917 3.901 3.944 3.937 3.976 4.212 4.285 4.244 4.110 4.225 4.238 4.276 4.238 4.261 4.335 4.386 4.448 4.496 4.572 4.327 4.387 4.622 4.641 4.660 20/05/1984
4.361 4.352 4.246 4.142 4.050 4.400 4.375 4.338 4.369 4.064 4.405 4.446 4.461 4.438 4.205 4.377 4.382 4.455 4.431 4.324 4.400 4.406 4.480 4.505 4.477 4.363 4.419 4.492 4.507 4.408 21/05/1984
4.521 4.505 4.460 4.428 4.184 4.478 4.458 4.489 4.484 4.352 4.484 4.517 4.575 4.566 4.456 4.502 4.552 4.569 4.559 4.569 4.593 4.632 4.697 4.708 4.812 4.587 4.647 4.730 4.787 4.809 22/05/1984
3.552 3.574 3.564 3.532 3.585 3.457 3.439 3.503 3.570 3.515 3.462 3.923 3.959 4.071 3.873 3.686 3.872 3.946 4.064 3.926 4.132 4.405 4.376 4.465 4.418 4.122 4.433 4.584 4.551 4.470 23/05/1984
3.803 3.573 3.461 3.292 3.283 3.606 3.563 3.439 3.574 3.256 3.607 3.585 3.731 3.560 3.271 3.681 3.694 3.735 3.550 3.496 3.753 3.823 3.835 3.738 3.478 3.737 3.847 3.959 3.962 3.485 24/05/1984
3.555 3.461 3.444 3.474 3.341 3.609 3.333 3.342 3.462 3.336 3.608 3.450 3.553 3.408 3.401 3.702 3.594 3.553 3.391 3.417 3.770 3.712 3.651 3.499 3.438 3.776 3.711 3.792 3.703 3.369 25/05/1984
4.941 4.630 4.336 4.266 4.025 4.749 5.010 4.725 4.674 4.312 4.753 4.899 4.823 5.020 4.548 4.952 4.721 4.815 5.020 4.683 5.265 5.082 5.109 5.126 5.042 5.269 5.083 5.266 5.244 5.231 26/05/1984
4.387 4.262 4.046 3.832 3.732 4.325 4.269 4.197 4.161 3.967 4.331 4.332 4.308 4.249 4.044 4.329 4.067 4.302 4.238 4.166 4.575 4.140 4.377 4.347 4.195 4.591 4.190 4.648 4.378 4.199 27/05/1984
3.054 2.920 2.931 2.890 2.863 3.023 2.911 2.965 3.059 2.948 3.031 2.927 2.990 2.744 2.667 3.084 2.917 2.982 2.730 2.701 3.209 3.035 3.126 2.866 2.816 3.252 3.078 3.163 2.841 2.708 28/05/1984
4.144 4.057 4.056 3.748 4.107 4.033 3.879 3.877 3.990 4.054 4.036 3.771 3.856 3.857 3.888 3.957 3.740 3.845 3.847 3.933 3.746 3.704 3.810 3.680 3.643 3.800 3.754 3.561 3.585 3.527 29/05/1984
4.925 4.889 4.876 4.826 4.747 4.859 4.869 4.866 4.916 4.812 4.859 4.870 4.915 4.948 4.931 5.053 4.895 4.905 4.962 5.073 5.313 5.105 5.074 5.189 5.134 5.331 5.140 5.260 5.207 5.128 30/05/1984
5.087 5.088 4.841 4.791 4.512 5.212 5.052 4.917 4.901 4.636 5.205 5.264 5.242 5.006 4.791 5.458 5.440 5.233 5.022 4.902 5.530 5.483 5.283 5.196 5.074 5.544 5.515 5.312 5.157 5.103 31/05/1984
4.445 4.432 4.365 4.206 4.193 4.366 4.409 4.457 4.526 4.387 4.376 4.447 4.543 4.597 4.581 4.313 4.402 4.536 4.585 4.627 4.370 4.367 4.499 4.496 4.522 4.383 4.384 4.426 4.456 4.385 01/06/1984
3.324 3.141 3.111 2.828 2.595 2.889 2.551 2.689 2.420 2.359 2.893 2.545 2.240 2.031 2.195 2.849 2.365 2.233 2.028 2.198 2.851 2.532 2.391 2.107 2.019 2.850 2.543 2.535 1.972 1.603 02/06/1984
3.263 3.143 3.099 2.960 3.003 3.106 3.059 3.066 3.029 3.004 3.113 3.040 2.993 2.967 3.015 3.039 3.123 2.985 2.952 2.986 2.979 3.112 2.958 3.027 3.047 3.029 3.149 3.047 3.057 2.974 03/06/1984
3.938 3.849 3.738 3.570 3.555 3.701 3.669 3.653 3.635 3.649 3.714 3.590 3.566 3.595 3.657 3.570 3.614 3.555 3.575 3.729 3.578 3.687 3.646 3.677 3.662 3.604 3.701 3.797 3.750 3.639 04/06/1984
4.674 4.625 4.468 4.260 4.192 4.479 4.495 4.320 4.309 4.202 4.488 4.247 4.270 4.399 4.336 4.275 4.287 4.260 4.390 4.445 4.279 4.554 4.531 4.512 4.443 4.310 4.576 4.606 4.490 4.348 05/06/1984
5.095 5.053 4.872 4.694 4.646 4.980 4.781 4.749 4.758 4.611 4.983 4.851 4.816 4.880 4.792 4.759 4.843 4.810 4.871 4.916 4.940 5.025 5.043 4.989 4.864 4.965 5.046 5.057 4.979 4.839 06/06/1984
4.727 4.735 4.494 4.332 4.165 4.613 4.538 4.532 4.519 4.246 4.611 4.586 4.589 4.620 4.483 4.524 4.580 4.583 4.615 4.644 4.632 4.676 4.711 4.757 4.719 4.632 4.708 4.833 4.814 4.757 07/06/1984
3.996 4.027 3.905 3.841 3.667 3.967 3.770 3.765 3.688 3.559 3.965 3.958 3.904 3.860 3.775 3.976 4.010 3.904 3.844 3.838 4.048 4.065 3.990 3.977 3.998 4.041 4.092 4.143 4.103 4.062 08/06/1984
2.892 2.952 3.006 2.851 2.939 2.799 2.791 2.961 3.044 2.914 2.802 2.894 2.962 3.056 3.030 2.812 2.941 2.956 3.046 3.140 2.887 3.075 3.120 3.161 3.202 2.920 3.098 3.236 3.291 3.229 09/06/1984
4.023 4.012 3.856 3.584 3.411 3.942 3.656 3.864 3.721 3.459 3.949 3.977 3.911 3.633 3.512 3.699 3.900 3.903 3.644 3.666 3.641 3.724 3.692 3.628 3.648 3.651 3.746 3.831 3.783 3.655 10/06/1984
3.950 3.825 3.603 3.425 3.267 3.894 3.560 3.605 3.500 3.256 3.896 3.811 3.663 3.528 3.356 3.781 3.736 3.673 3.513 3.477 3.765 3.738 3.692 3.628 3.523 3.768 3.750 3.827 3.696 3.665 11/06/1984
4.179 3.775 3.642 3.511 3.528 3.812 3.466 3.472 3.519 3.446 3.816 3.639 3.672 3.540 3.527 3.613 3.663 3.660 3.526 3.613 3.645 3.652 3.641 3.793 3.727 3.687 3.691 3.808 3.742 3.741 12/06/1984
3.830 3.591 3.575 3.467 3.645 3.839 3.517 3.477 3.477 3.393 3.848 3.482 3.549 3.544 3.427 3.800 3.566 3.545 3.533 3.472 3.837 3.680 3.641 3.700 3.584 3.882 3.714 3.944 3.679 3.439 13/06/1984
3.167 2.874 2.304 2.218 1.825 2.923 2.779 2.327 2.492 1.926 2.930 2.898 2.989 2.681 2.075 3.011 2.997 2.976 2.658 2.138 3.141 3.029 3.004 2.775 2.521 3.178 3.056 3.130 2.863 2.183 14/06/1984
2.009 1.845 1.824 1.843 1.662 1.778 1.526 1.647 1.636 1.531 1.783 1.802 1.797 1.659 1.425 1.833 2.091 1.794 1.643 1.537 1.789 1.908 1.629 1.537 1.670 1.815 1.970 1.456 1.430 1.378 15/06/1984
3.884 3.842 3.806 3.649 3.737 3.603 3.788 3.835 3.867 3.864 3.608 3.573 3.587 3.850 3.771 3.579 3.635 3.588 3.822 3.831 3.670 3.744 3.721 3.816 3.776 3.709 3.766 3.853 3.924 3.860 16/06/1984
4.387 4.388 4.389 4.305 4.413 4.298 4.440 4.426 4.514 4.524 4.306 4.240 4.337 4.467 4.516 4.177 4.317 4.322 4.462 4.580 4.044 4.202 4.198 4.308 4.448 4.065 4.240 4.166 4.212 4.181 17/06/1984
4.233 4.240 4.245 4.162 3.972 4.184 4.129 4.122 4.212 4.134 4.188 4.167 4.252 4.328 4.313 4.187 4.204 4.242 4.320 4.401 4.207 4.175 4.191 4.360 4.489 4.243 4.182 4.330 4.336 4.296 18/06/1984
5.651 5.626 5.632 5.467 5.447 5.532 5.557 5.633 5.596 5.383 5.535 5.503 5.462 5.500 5.433 5.366 5.353 5.457 5.493 5.566 5.393 5.337 5.432 5.496 5.595 5.415 5.361 5.448 5.451 5.489 19/06/1984
5.813 5.827 5.677 5.557 5.315 5.909 5.747 5.642 5.678 5.457 5.909 5.834 5.784 5.788 5.599 5.754 5.672 5.784 5.777 5.801 5.787 5.670 5.784 5.827 5.927 5.817 5.690 5.821 5.836 5.871 20/06/1984
4.726 4.686 4.669 4.784 4.726 4.705 4.469 4.598 4.651 4.893 4.699 4.709 4.711 4.699 5.033 4.623 4.632 4.715 4.702 4.754 4.595 4.592 4.671 4.744 4.862 4.552 4.575 4.687 4.707 4.767 21/06/1984
6.306 6.406 6.391 6.310 6.095 6.249 6.101 6.316 6.312 6.181 6.250 6.270 6.276 6.333 6.303 6.119 6.157 6.272 6.320 6.436 6.163 6.208 6.311 6.377 6.567 6.140 6.180 6.383 6.375 6.384 22/06/1984
6.312 6.437 6.591 6.449 6.199 6.043 6.158 6.447 6.415 6.142 6.047 6.276 6.252 6.284 6.236 5.893 6.203 6.244 6.257 6.452 5.820 6.207 6.255 6.388 6.456 5.817 6.243 6.224 6.360 6.369 23/06/1984
5.144 5.140 5.020 4.925 4.907 4.799 5.130 5.059 5.014 4.979 4.805 4.804 4.738 4.994 4.993 4.832 4.807 4.730 4.981 5.075 4.834 4.799 4.728 4.826 4.885 4.844 4.814 4.822 4.880 5.015 24/06/1984
5.774 5.790 5.778 5.672 5.257 5.680 5.545 5.697 5.686 5.098 5.685 5.781 5.696 5.531 5.039 5.521 5.658 5.689 5.515 5.189 5.477 5.497 5.521 5.408 5.163 5.522 5.549 5.376 5.129 4.838 25/06/1984
4.104 4.074 4.050 3.915 3.981 4.083 3.948 4.000 4.025 4.026 4.084 4.076 4.106 4.043 4.098 4.045 4.074 4.097 4.019 4.161 4.075 4.128 4.147 4.151 4.272 4.093 4.159 4.256 4.267 4.202 26/06/1984
4.319 4.324 4.380 4.237 4.400 4.144 4.264 4.382 4.382 4.448 4.147 4.225 4.229 4.293 4.451 4.087 4.147 4.218 4.277 4.517 4.129 4.169 4.217 4.071 4.384 4.172 4.190 4.214 3.969 4.186 27/06/1984
3.667 3.409 3.631 3.554 3.655 3.348 3.293 3.198 3.151 3.216 3.353 3.180 3.142 3.246 3.188 3.220 3.124 3.129 3.231 3.222 2.967 3.105 3.141 3.260 3.304 2.994 3.141 2.993 3.170 3.274 28/06/1984
4.840 4.663 4.819 4.686 4.697 4.635 4.386 4.446 4.399 4.375 4.632 4.368 4.329 4.360 4.270 4.411 4.294 4.316 4.346 4.337 4.006 4.007 4.058 4.081 4.104 4.042 4.039 3.641 3.682 3.774 29/06/1984
5.453 5.274 5.425 5.669 5.669 5.326 4.912 5.096 5.617 5.553 5.335 5.004 5.544 5.468 5.199 5.227 5.245 5.545 5.466 5.334 4.740 4.716 4.822 4.698 4.718 4.733 4.704 4.249 4.062 4.095 30/06/1984
5.774 5.846 5.928 5.761 5.657 5.849 5.915 6.123 6.063 5.824 5.851 6.224 6.157 6.149 5.919 5.926 5.878 6.139 6.128 6.093 5.893 5.712 5.985 5.971 5.897 5.881 5.725 5.892 5.698 5.642 01/07/1984
4.817 4.493 4.621 4.419 4.435 4.710 4.443 4.683 4.732 4.427 4.718 4.735 4.814 4.612 4.583 4.553 4.613 4.802 4.588 4.737 4.477 4.618 4.815 4.887 4.940 4.531 4.661 4.701 4.860 4.917 02/07/1984
4.903 4.826 4.822 4.737 4.610 4.904 4.764 4.755 4.822 4.622 4.904 4.832 4.871 4.748 4.633 4.804 4.802 4.862 4.742 4.750 4.803 4.787 4.851 4.809 4.757 4.817 4.797 4.924 4.866 4.696 03/07/1984
5.469 5.571 5.538 5.319 5.278 5.506 5.511 5.617 5.462 5.276 5.505 5.629 5.478 5.452 5.312 5.508 5.454 5.468 5.437 5.417 5.619 5.574 5.546 5.556 5.453 5.594 5.599 5.645 5.657 5.544 04/07/1984
6.455 6.544 6.541 6.529 6.406 6.491 6.526 6.498 6.422 6.207 6.495 6.541 6.458 6.453 6.197 6.376 6.356 6.456 6.450 6.365 6.397 6.410 6.485 6.528 6.429 6.363 6.389 6.451 6.525 6.514 05/07/1984
6.449 6.598 6.740 6.603 6.552 6.665 6.704 6.934 7.044 7.039 6.668 6.959 7.130 7.391 7.068 6.762 6.827 7.115 7.385 7.374 6.766 6.907 7.211 7.464 7.547 6.694 6.900 7.343 7.338 7.263 06/07/1984
5.542 5.542 5.598 5.382 5.504 5.541 5.656 5.518 5.474 5.392 5.542 5.699 5.669 5.583 5.297 5.488 5.441 5.668 5.592 5.396 5.662 5.526 5.758 5.635 5.469 5.638 5.553 5.871 5.774 5.588 07/07/1984
5.295 5.379 5.395 5.206 5.163 5.334 5.379 5.402 5.408 5.232 5.337 5.492 5.488 5.451 5.295 5.404 5.412 5.482 5.442 5.421 5.483 5.448 5.513 5.529 5.533 5.520 5.458 5.563 5.590 5.499 08/07/1984
5.184 5.516 5.504 5.307 5.329 5.111 5.364 5.439 5.417 5.280 5.121 5.438 5.396 5.339 5.211 5.213 5.219 5.390 5.327 5.308 5.233 5.192 5.359 5.357 5.284 5.207 5.207 5.463 5.375 5.251 09/07/1984
4.806 4.927 5.007 4.826 4.742 4.842 4.916 5.064 5.019 4.798 4.840 4.943 4.885 4.992 4.979 4.735 4.871 4.885 4.970 5.221 4.719 4.909 4.951 5.065 5.326 4.740 4.918 5.041 5.147 5.360 10/07/1984
5.583 5.608 5.524 5.384 5.397 5.515 5.349 5.722 5.636 5.402 5.521 5.456 5.503 5.489 5.409 5.410 5.292 5.487 5.449 5.541 5.468 5.311 5.522 5.557 5.668 5.440 5.348 5.666 5.658 5.566 11/07/1984
6.935 6.782 6.795 6.599 6.338 6.557 6.493 6.667 6.627 5.958 6.554 6.241 6.200 6.376 6.078 6.070 5.947 6.192 6.373 6.257 5.881 5.694 5.856 5.958 5.771 5.934 5.695 5.793 5.826 5.476 12/07/1984
5.908 5.868 5.962 5.789 5.516 5.667 5.683 5.600 5.538 5.528 5.672 5.330 5.274 5.469 5.480 5.525 5.216 5.267 5.470 5.671 5.492 5.284 5.387 5.241 5.504 5.478 5.323 5.574 5.645 5.543 13/07/1984
6.335 6.313 6.303 6.027 6.031 6.230 5.990 5.869 6.070 5.995 6.226 5.754 5.936 5.955 5.668 5.742 5.776 5.924 5.941 5.866 5.271 5.208 5.438 5.659 5.429 5.288 5.199 5.444 5.491 5.369 14/07/1984
5.412 5.311 5.131 5.038 5.330 5.101 5.201 5.042 5.015 5.317 5.092 4.733 4.800 4.855 4.841 4.580 4.651 4.791 4.835 4.932 4.494 4.529 4.625 4.594 4.757 4.498 4.509 4.625 4.578 4.479 15/07/1984
5.433 5.418 5.427 5.469 5.341 5.286 5.185 5.210 5.127 5.221 5.290 4.818 4.793 4.771 5.058 4.721 4.728 4.788 4.745 5.063 4.669 4.642 4.696 4.621 4.835 4.702 4.676 4.971 4.814 4.695 16/07/1984
5.717 5.637 5.680 5.732 6.054 5.566 5.803 5.848 5.904 5.971 5.571 5.651 5.740 5.820 5.691 5.401 5.518 5.732 5.796 5.718 5.277 5.339 5.476 5.522 5.662 5.303 5.350 5.343 5.286 5.212 17/07/1984
6.619 6.932 7.319 7.299 7.113 6.947 7.059 7.335 7.123 7.324 6.944 6.941 6.786 7.064 7.276 6.621 6.448 6.795 7.053 7.386 6.856 6.597 6.941 7.008 7.272 6.924 6.614 7.126 7.035 7.066 18/07/1984
5.048 5.097 4.921 4.938 5.379 5.090 4.941 4.857 4.959 4.956 5.084 4.665 4.821 4.776 4.728 4.856 4.517 4.824 4.778 4.774 4.777 4.471 4.741 4.709 4.218 4.798 4.448 5.015 4.958 4.333 19/07/1984
7.269 7.766 8.222 8.243 7.848 6.685 7.621 8.112 7.907 8.016 6.688 6.696 6.508 7.262 7.693 6.070 6.297 6.507 7.281 7.911 6.250 6.012 6.222 6.430 7.078 6.302 6.037 6.697 6.296 6.174 20/07/1984
8.677 8.738 8.659 8.617 8.123 8.642 8.737 8.536 8.455 8.281 8.652 8.457 8.290 8.264 8.164 7.863 7.913 8.290 8.233 8.372 7.783 7.731 8.073 8.108 8.264 7.855 7.740 7.979 8.081 8.047 21/07/1984
7.623 7.410 7.416 7.382 7.324 7.605 7.524 7.681 7.568 7.388 7.603 7.703 7.629 7.556 7.563 7.324 7.289 7.616 7.536 7.639 7.467 7.332 7.721 7.733 7.864 7.573 7.369 7.996 7.946 7.689 22/07/1984
6.853 6.810 6.735 6.671 6.591 6.897 6.934 6.885 6.782 6.690 6.896 6.993 6.966 6.845 6.906 6.608 6.648 6.959 6.839 6.982 6.637 6.599 6.928 7.121 7.154 6.675 6.584 7.088 7.226 7.329 23/07/1984
7.471 7.367 7.357 7.520 6.937 7.374 7.320 7.265 7.236 7.039 7.380 7.338 7.468 7.303 7.201 7.045 6.988 7.450 7.287 7.358 7.063 7.099 7.475 7.279 7.458 7.075 7.087 7.318 7.328 7.149 24/07/1984
6.443 6.443 6.560 6.419 6.140 6.229 6.373 6.527 6.289 6.202 6.224 6.321 6.158 6.290 6.274 5.952 5.998 6.152 6.271 6.383 5.960 5.981 6.162 6.278 6.415 5.978 6.001 6.351 6.377 6.240 25/07/1984
6.203 6.036 5.929 5.904 5.787 6.251 6.247 6.070 5.997 5.924 6.254 6.209 6.123 6.067 5.989 6.133 5.988 6.125 6.082 6.181 6.182 6.022 6.184 6.244 6.206 6.177 6.028 6.170 6.237 6.369 26/07/1984
3.531 3.596 3.668 3.431 3.395 3.561 3.524 3.645 3.574 3.516 3.564 3.703 3.660 3.583 3.539 3.649 3.690 3.648 3.573 3.651 3.666 3.715 3.701 3.772 3.752 3.702 3.743 3.750 3.812 3.722 27/07/1984
3.646 3.772 3.831 3.645 3.399 3.738 3.766 3.815 3.846 3.640 3.742 3.882 3.929 3.906 3.756 3.662 3.794 3.920 3.884 3.962 3.845 3.797 3.948 3.942 4.155 3.887 3.848 4.082 4.164 4.070 28/07/1984
3.291 3.370 3.420 3.291 3.197 3.435 3.156 3.360 3.373 3.550 3.443 3.524 3.528 3.710 3.716 3.689 3.488 3.524 3.693 3.822 3.763 3.718 3.874 3.928 4.035 3.783 3.773 3.922 4.079 3.966 29/07/1984
2.450 2.423 2.339 2.189 2.011 2.481 2.274 2.453 2.368 2.120 2.481 2.502 2.383 2.307 2.460 2.462 2.411 2.375 2.293 2.489 2.455 2.321 2.293 2.426 2.536 2.488 2.329 2.449 2.460 2.383 30/07/1984
4.661 4.867 5.079 4.958 4.802 4.511 4.688 4.859 4.818 4.737 4.518 4.649 4.662 4.825 4.664 4.300 4.560 4.660 4.818 4.785 3.975 4.247 4.285 4.650 4.805 3.987 4.258 4.267 4.480 4.524 31/07/1984
