# 6448 6449 6450 6451 6452 6528 6529 6530 6531 6532 6610 6611 6612 6613 6614 6693 6694 6695 6696 6697 6776 6777 6778 6779 6780 6859 6860 6861 6862 6863 Date
0.000 0.000 0.000 0.000 0.000 0.000 0.000 0.000 0.000 0.000 0.000 0.000 0.000 0.000 0.000 0.000 0.000 0.000 0.000 0.000 0.000 0.000 0.000 0.000 0.000 0.000 0.000 0.000 0.000 0.000 01/08/1953
0.000 0.000 0.000 0.000 0.000 0.000 0.000 0.000 0.000 0.000 0.000 0.000 0.000 0.000 0.000 0.000 0.000 0.000 0.000 0.000 0.000 0.000 0.000 0.000 0.000 0.000 0.000 0.000 0.000 0.000 02/08/1953
6.813 7.290 7.324 6.657 5.005 6.720 6.601 6.535 5.103 4.371 6.708 6.514 6.226 3.730 4.080 5.444 4.726 4.827 3.745 3.192 4.830 3.547 3.404 3.112 3.110 4.774 4.730 3.345 3.087 3.160 03/08/1953
0.891 1.102 1.107 1.425 1.443 1.113 2.042 2.025 1.701 1.865 1.111 2.019 1.741 1.724 2.612 1.451 1.537 1.735 1.731 1.878 1.604 1.432 1.717 2.037 2.036 1.585 1.287 1.689 2.021 2.069 04/08/1953
0.000 0.000 0.000 0.000 0.000 0.000 0.000 0.000 0.000 0.000 0.000 0.000 0.000 0.000 0.000 0.000 0.000 0.000 0.000 0.000 0.000 0.000 0.000 0.000 0.000 0.000 0.000 0.000 0.000 0.000 05/08/1953
1.810 1.847 1.856 2.308 2.890 2.178 2.045 2.025 1.941 2.827 2.175 2.018 2.057 1.963 2.688 1.502 1.526 1.760 1.968 2.232 1.011 1.439 1.701 1.808 1.807 1.002 0.830 1.672 1.796 1.831 06/08/1953
0.000 0.000 0.000 0.000 0.000 0.504 0.000 0.000 0.000 0.000 0.500 0.000 0.000 0.000 0.262 0.000 0.000 0.000 0.000 0.193 0.000 0.000 0.000 0.000 0.000 0.000 0.000 0.000 0.000 0.000 07/08/1953
0.000 0.000 0.000 0.000 0.000 0.000 0.000 0.000 0.000 0.000 0.000 0.000 0.000 0.000 0.000 0.000 0.000 0.000 0.000 0.000 0.000 0.000 0.000 0.000 0.000 0.000 0.000 0.000 0.000 0.000 08/08/1953
0.000 0.000 0.000 0.000 0.000 0.000 0.000 0.000 0.000 0.000 0.000 0.000 0.000 0.000 0.000 0.000 0.000 0.000 0.000 0.000 0.000 0.000 0.000 0.000 0.000 0.000 0.000 0.000 0.000 0.000 09/08/1953
0.000 0.000 0.000 0.000 0.000 0.000 0.000 0.000 0.000 0.000 0.000 0.000 0.000 0.000 0.000 0.000 0.000 0.000 0.000 0.000 0.000 0.000 0.000 0.000 0.000 0.000 0.000 0.000 0.000 0.000 10/08/1953
0.395 0.000 0.000 0.000 0.000 0.801 0.465 0.460 0.000 0.000 0.799 0.458 0.273 0.000 0.000 1.138 0.485 0.711 0.000 0.000 1.436 0.694 0.866 0.146 0.146 1.419 1.216 0.858 0.145 0.150 11/08/1953
0.000 0.000 0.000 0.000 0.000 0.000 0.000 0.000 0.000 0.000 0.000 0.000 0.000 0.000 0.000 0.000 0.000 0.000 0.000 0.000 0.000 0.000 0.000 0.000 0.000 0.000 0.000 0.000 0.000 0.000 12/08/1953
0.140 0.000 0.000 0.000 0.000 0.000 0.000 0.000 0.179 0.000 0.000 0.000 0.000 0.000 0.100 0.188 0.255 0.256 0.000 0.101 0.631 0.143 0.204 0.276 0.276 0.624 0.565 0.198 0.274 0.280 13/08/1953
0.000 0.000 0.000 0.000 0.000 0.000 0.000 0.000 0.000 0.000 0.000 0.000 0.000 0.000 0.000 0.000 0.000 0.000 0.000 0.000 0.000 0.000 0.000 0.000 0.000 0.000 0.000 0.000 0.000 0.000 14/08/1953
0.000 0.000 0.000 0.000 0.000 0.000 0.000 0.000 0.000 0.000 0.000 0.000 0.000 0.000 0.000 0.000 0.000 0.000 0.000 0.000 0.000 0.000 0.000 0.000 0.000 0.000 0.000 0.000 0.000 0.000 15/08/1953
0.000 0.000 0.000 0.000 0.000 0.000 0.000 0.000 0.000 0.000 0.000 0.000 0.000 0.000 0.000 0.000 0.000 0.000 0.000 0.000 0.000 0.000 0.000 0.000 0.000 0.000 0.000 0.000 0.000 0.000 16/08/1953
0.000 0.000 0.000 0.000 0.000 0.000 0.000 0.000 0.000 0.000 0.000 0.000 0.000 0.000 0.000 0.000 0.000 0.000 0.000 0.000 0.000 0.000 0.000 0.000 0.000 0.000 0.000 0.000 0.000 0.000 17/08/1953
8.080 8.243 8.279 7.353 9.091 5.054 5.853 5.793 6.825 10.887 5.045 5.774 5.620 15.303 17.828 9.625 12.907 12.295 15.367 17.743 16.607 21.460 20.356 20.204 20.195 16.419 18.078 20.010 20.045 20.513 18/08/1953
0.437 0.246 0.247 0.653 0.952 0.568 0.503 0.493 1.430 2.003 0.567 0.486 0.500 1.999 2.855 0.583 0.820 1.164 2.004 2.592 0.601 0.599 0.988 2.434 2.433 0.594 0.451 0.971 2.415 2.471 19/08/1953
0.000 0.000 0.000 0.000 0.000 0.000 0.000 0.000 0.000 0.000 0.000 0.000 0.000 0.000 0.000 0.000 0.000 0.000 0.000 0.000 0.000 0.000 0.000 0.000 0.000 0.000 0.000 0.000 0.000 0.000 20/08/1953
0.000 0.000 0.000 0.000 0.000 1.423 0.000 0.000 0.000 0.000 1.420 0.000 0.000 1.189 0.000 0.000 0.000 0.000 1.194 0.000 0.000 0.000 0.000 0.000 0.000 0.000 0.000 0.000 0.000 0.000 21/08/1953
0.000 0.000 0.000 0.000 0.000 0.000 0.000 0.000 0.000 0.000 0.000 0.000 0.000 0.000 0.000 0.000 0.000 0.000 0.000 0.000 0.000 0.000 0.000 0.000 0.000 0.000 0.000 0.000 0.000 0.000 22/08/1953
0.000 0.000 0.000 0.000 0.000 0.000 0.000 0.000 0.000 0.000 0.000 0.000 0.000 0.000 0.000 0.000 0.000 0.000 0.000 0.000 0.000 0.000 0.000 0.000 0.000 0.000 0.000 0.000 0.000 0.000 23/08/1953
4.869 4.444 4.465 5.286 4.026 3.475 2.823 2.797 2.012 2.294 3.468 2.790 2.354 1.135 1.651 1.489 0.872 1.188 1.140 1.156 0.963 0.643 0.813 0.627 0.626 0.952 0.790 0.806 0.608 0.647 24/08/1953
0.000 0.000 0.000 0.000 0.000 0.000 0.000 0.000 0.000 0.000 0.000 0.000 0.000 0.000 0.000 0.000 0.000 0.000 0.000 0.000 0.000 0.000 0.000 0.000 0.000 0.000 0.000 0.000 0.000 0.000 25/08/1953
0.000 0.000 0.000 0.000 0.000 0.000 0.000 0.000 0.000 0.000 0.000 0.000 0.000 0.000 0.000 0.000 0.000 0.000 0.000 0.000 0.000 0.000 0.000 0.000 0.000 0.000 0.000 0.000 0.000 0.000 26/08/1953
7.276 7.833 7.870 7.351 8.822 6.175 6.252 6.190 5.873 6.620 6.163 6.170 5.852 4.371 4.727 4.740 4.739 4.867 4.386 4.476 3.529 4.118 3.816 3.629 3.627 3.487 3.701 3.751 3.600 3.684 27/08/1953
1.622 1.002 1.006 0.695 0.837 2.309 1.740 1.725 1.041 1.034 2.305 1.719 1.587 2.841 2.579 2.619 3.275 3.753 2.852 1.985 2.829 3.942 4.459 3.469 3.468 2.797 2.949 4.390 3.445 3.516 28/08/1953
0.000 0.000 0.000 0.000 0.000 0.000 0.000 0.000 0.000 0.000 0.000 0.000 0.129 0.000 0.000 0.000 0.000 0.102 0.000 0.000 0.000 0.000 0.000 0.000 0.000 0.000 0.000 0.000 0.000 0.000 29/08/1953
8.236 7.600 7.636 8.513 10.429 7.958 9.743 9.654 11.971 9.756 7.943 9.626 11.351 8.322 7.153 7.797 8.033 8.949 8.356 7.868 6.182 6.533 8.064 7.623 7.620 6.109 6.112 7.929 7.564 7.734 30/08/1953
0.623 0.137 0.137 0.000 0.000 0.105 0.000 0.000 0.000 0.000 0.105 0.000 0.000 0.000 0.484 0.000 0.000 0.000 0.000 0.242 0.000 0.116 0.184 0.307 0.306 0.000 0.000 0.178 0.306 0.309 31/08/1953
0.000 0.189 0.193 0.000 0.586 0.000 0.381 0.379 0.449 1.174 0.000 0.379 0.494 1.163 0.293 0.000 0.150 0.226 1.168 0.421 0.000 0.114 0.157 1.228 1.227 0.000 0.000 0.153 1.220 1.246 01/09/1953
8.086 7.658 7.694 7.812 9.234 8.322 8.394 8.309 8.667 8.904 8.307 8.282 8.959 9.271 9.410 8.491 9.323 9.125 9.310 9.128 8.929 10.214 9.547 9.714 9.709 8.829 9.937 9.385 9.637 9.863 02/09/1953
3.975 4.785 4.805 7.187 9.320 3.991 4.405 4.359 6.018 8.224 3.984 4.345 4.898 4.968 7.377 3.311 3.169 4.201 4.987 6.587 2.628 2.736 3.441 4.290 4.288 2.605 2.363 3.397 4.256 4.369 03/09/1953
4.387 6.237 6.270 8.538 10.957 7.898 7.679 7.608 9.532 10.663 7.884 7.586 8.440 15.166 14.484 12.441 13.073 14.854 15.228 13.333 18.731 21.476 23.115 24.273 24.262 18.522 19.034 22.720 24.081 24.646 04/09/1953
4.370 4.683 4.703 5.360 6.162 5.752 5.852 5.806 6.056 6.457 5.742 5.789 6.211 6.140 6.502 6.250 5.721 6.266 6.164 6.128 5.667 4.249 5.082 4.470 4.468 5.599 5.560 5.003 4.434 4.638 05/09/1953
15.978 16.107 16.180 17.541 23.863 15.711 15.588 15.437 17.987 23.869 15.683 15.389 16.276 18.044 21.968 14.254 14.279 16.745 18.117 20.101 13.889 14.491 16.851 18.408 18.400 13.724 13.733 16.564 18.267 18.679 06/09/1953
0.140 0.224 0.224 0.639 1.191 0.195 0.248 0.244 0.285 0.932 0.195 0.243 0.171 0.294 0.644 0.319 0.179 0.186 0.295 0.469 1.362 0.543 0.710 0.680 0.680 1.339 1.062 0.716 0.686 0.683 07/09/1953
1.111 1.045 1.050 1.053 0.978 1.025 0.970 0.961 0.407 0.501 1.023 0.958 0.754 0.407 0.485 0.885 0.624 0.885 0.409 0.411 0.890 0.310 0.355 0.321 0.321 0.880 0.516 0.349 0.318 0.326 08/09/1953
0.868 3.397 3.412 11.418 14.250 0.955 8.859 8.770 16.921 12.727 0.954 8.742 9.361 16.861 13.750 3.059 12.899 14.640 16.932 11.768 8.242 18.231 19.759 18.045 18.037 8.148 7.102 19.431 17.905 18.313 09/09/1953
26.961 22.044 22.148 16.694 20.313 21.743 19.110 18.917 19.471 19.874 21.702 18.855 19.626 17.227 17.606 19.189 16.816 19.150 17.298 17.065 19.602 14.836 16.977 15.747 15.740 19.369 22.322 16.687 15.623 15.989 10/09/1953
1.980 1.839 1.847 1.416 1.516 2.262 2.137 2.119 1.751 1.804 2.258 2.113 2.271 1.404 1.287 3.112 1.795 2.011 1.409 1.278 2.054 1.580 1.687 1.603 1.603 2.029 1.739 1.661 1.594 1.620 11/09/1953
0.520 0.523 0.525 0.488 0.155 0.538 1.017 1.008 0.677 0.359 0.545 1.004 1.088 0.977 0.793 1.012 0.807 1.112 0.979 0.942 0.781 0.829 1.117 1.183 1.182 0.772 0.550 1.095 1.173 1.201 12/09/1953
0.000 0.000 0.000 0.000 0.000 0.000 0.000 0.000 0.000 0.000 0.000 0.000 0.000 0.000 0.000 0.000 0.000 0.000 0.000 0.000 0.000 0.110 0.149 0.000 0.000 0.000 0.000 0.144 0.000 0.000 13/09/1953
0.931 0.237 0.238 0.288 0.000 0.894 0.266 0.262 0.242 0.000 0.892 0.261 0.178 0.252 0.100 0.687 0.179 0.187 0.252 0.178 0.952 0.335 0.390 0.488 0.488 0.941 0.638 0.383 0.484 0.496 14/09/1953
3.852 4.743 4.765 3.268 2.670 4.432 6.592 6.528 4.485 3.170 4.424 6.507 6.702 6.489 3.880 4.312 6.493 7.353 6.515 3.372 5.129 8.109 9.338 9.603 9.599 5.069 4.567 9.181 9.531 9.744 15/09/1953
10.445 10.511 10.561 11.184 14.198 9.070 9.856 9.757 10.788 13.448 9.053 9.726 10.297 10.841 14.036 8.902 8.523 9.965 10.884 12.129 9.063 8.635 10.090 11.693 11.688 8.955 8.108 9.931 11.602 11.870 16/09/1953
3.950 4.414 4.437 5.611 6.961 4.397 5.609 5.552 6.232 6.837 4.389 5.534 5.917 6.174 7.022 3.908 4.193 5.081 6.200 6.446 3.499 4.597 5.312 6.099 6.097 3.460 2.932 5.232 6.064 6.174 17/09/1953
34.087 33.807 33.962 32.361 32.417 37.168 37.976 37.634 42.789 34.366 37.106 37.526 43.670 47.412 41.745 35.447 40.771 46.288 47.577 49.300 35.748 40.386 45.917 46.747 46.729 35.450 40.767 45.242 46.437 47.350 18/09/1953
2.567 3.433 3.449 5.129 6.246 3.241 4.252 4.210 5.507 6.575 3.235 4.197 4.696 5.691 6.061 4.429 3.994 4.930 5.711 5.566 4.989 4.381 5.168 4.914 4.912 4.933 4.330 5.090 4.878 4.985 19/09/1953
0.342 0.796 0.799 0.944 1.136 0.510 0.766 0.758 1.128 1.387 0.514 0.756 0.896 1.253 1.384 0.908 0.971 1.206 1.257 1.314 0.502 1.040 1.258 1.098 1.098 0.491 0.398 1.238 1.089 1.116 20/09/1953
0.000 0.000 0.000 0.000 0.000 0.000 0.000 0.000 0.000 0.000 0.000 0.000 0.000 0.000 0.000 0.000 0.000 0.000 0.000 0.000 0.000 0.000 0.000 0.000 0.000 0.000 0.000 0.000 0.000 0.000 21/09/1953
1.765 1.993 2.002 2.088 2.059 1.579 1.093 1.082 1.389 1.923 1.576 1.079 1.272 0.880 1.217 1.056 0.610 0.653 0.882 0.912 0.945 0.459 0.465 0.380 0.380 0.934 0.830 0.460 0.386 0.385 22/09/1953
9.275 10.411 10.459 12.643 12.080 10.174 10.201 10.099 10.801 11.734 10.156 10.066 10.679 10.065 9.549 9.069 10.774 9.795 10.106 9.290 8.008 8.711 8.853 8.290 8.286 7.920 8.886 8.703 8.225 8.416 23/09/1953
19.748 16.491 16.561 16.334 15.576 19.908 16.383 16.229 17.365 18.120 19.880 16.179 22.138 16.776 18.279 17.107 17.377 18.492 16.845 20.825 12.566 14.553 14.378 14.128 14.122 12.417 16.190 14.132 14.017 14.345 24/09/1953
0.000 0.000 0.000 0.000 0.000 0.000 0.000 0.000 0.000 0.000 0.000 0.000 0.000 0.000 0.000 0.099 0.000 0.000 0.000 0.000 0.000 0.000 0.000 0.000 0.000 0.000 0.000 0.000 0.000 0.000 25/09/1953
0.000 0.000 0.000 0.000 0.000 0.000 0.000 0.000 0.000 0.000 0.000 0.000 0.000 0.000 0.000 0.000 0.000 0.000 0.000 0.000 0.000 0.000 0.000 0.000 0.000 0.000 0.000 0.000 0.000 0.000 26/09/1953
0.516 0.504 0.506 0.873 0.409 0.329 0.282 0.280 0.319 0.229 0.334 0.279 0.334 0.224 0.130 0.187 0.170 0.243 0.225 0.229 0.093 0.111 0.173 0.144 0.144 0.096 0.000 0.172 0.143 0.148 27/09/1953
1.179 1.078 1.083 0.929 0.677 1.192 0.833 0.800 0.824 0.526 1.191 0.799 1.051 0.885 0.426 0.976 0.636 1.120 0.889 0.542 1.076 0.844 1.254 0.664 0.664 1.055 0.957 1.232 0.668 0.669 28/09/1953
0.000 0.000 0.000 0.126 0.000 0.000 0.000 0.000 0.000 0.000 0.000 0.000 0.000 0.000 0.000 0.000 0.000 0.000 0.000 0.000 0.000 0.000 0.000 0.000 0.000 0.000 0.000 0.000 0.000 0.000 29/09/1953
0.000 0.000 0.000 0.154 0.116 0.000 0.000 0.000 0.160 0.000 0.000 0.000 0.109 0.129 0.000 0.000 0.000 0.110 0.130 0.169 0.000 0.000 0.000 0.000 0.000 0.000 0.000 0.000 0.000 0.000 30/09/1953
0.000 0.000 0.000 0.000 0.000 0.000 0.000 0.000 0.000 0.100 0.000 0.000 0.000 0.269 1.605 0.000 0.000 0.000 0.270 1.204 0.000 0.486 0.510 2.322 2.321 0.000 0.105 0.502 2.306 2.354 01/10/1953
0.366 0.158 0.159 0.112 0.000 0.184 0.128 0.128 0.151 0.066 0.183 0.128 0.177 0.123 0.000 0.159 0.129 0.163 0.124 0.114 0.161 0.127 0.158 0.112 0.112 0.160 0.169 0.158 0.112 0.112 02/10/1953
5.594 6.813 6.845 7.836 9.720 6.735 7.272 7.198 8.623 9.869 6.722 7.175 7.840 9.260 9.410 6.154 7.204 8.146 9.298 9.129 7.285 8.915 8.948 8.933 8.929 7.204 7.848 8.796 8.863 9.070 03/10/1953
0.211 0.336 0.327 1.287 2.577 1.360 1.461 1.446 2.963 3.649 1.358 1.441 1.509 4.383 3.651 3.017 3.338 4.336 4.401 4.043 3.575 4.150 5.150 4.433 4.431 3.528 3.636 5.062 4.398 4.501 04/10/1953
9.451 10.260 10.309 12.580 12.820 9.986 10.527 10.419 12.679 12.535 9.967 10.384 11.713 11.256 12.334 9.714 10.445 10.566 11.302 11.525 8.492 9.627 9.890 10.398 10.393 8.392 9.147 9.728 10.315 10.557 05/10/1953
9.946 9.815 9.863 9.867 10.094 10.136 9.762 9.662 10.043 10.306 10.116 9.630 10.527 11.252 11.743 11.739 11.752 12.155 11.298 10.765 11.846 12.572 13.106 11.533 11.528 11.713 12.819 12.883 11.442 11.710 06/10/1953
0.154 0.116 0.117 0.176 0.000 0.154 0.336 0.334 0.536 0.187 0.154 0.334 0.456 0.605 0.392 0.000 0.154 0.239 0.615 0.484 0.311 0.109 0.140 0.152 0.152 0.309 0.199 0.136 0.149 0.157 07/10/1953
0.000 0.000 0.000 0.000 0.000 0.000 0.000 0.000 0.000 0.000 0.000 0.000 0.000 0.000 0.000 0.000 0.000 0.000 0.000 0.000 0.119 0.000 0.000 0.000 0.000 0.118 0.000 0.000 0.000 0.000 08/10/1953
4.735 5.541 5.567 4.133 3.483 5.281 5.139 5.086 4.434 3.148 5.271 5.070 5.653 4.113 2.378 5.237 4.229 5.339 4.128 2.591 4.727 3.866 4.529 3.135 3.134 4.674 4.653 4.452 3.118 3.176 09/10/1953
0.000 0.000 0.000 0.000 0.000 0.000 0.000 0.000 0.000 0.000 0.000 0.000 0.000 0.000 0.000 0.000 0.000 0.000 0.000 0.000 0.000 0.000 0.000 0.000 0.000 0.000 0.000 0.000 0.000 0.000 10/10/1953
0.000 0.000 0.000 0.000 0.000 0.000 0.000 0.000 0.000 0.000 0.000 0.000 0.000 0.000 0.000 0.000 0.000 0.000 0.000 0.000 0.000 0.000 0.000 0.000 0.000 0.000 0.000 0.000 0.000 0.000 11/10/1953
0.373 0.550 0.552 0.801 0.784 0.500 1.062 1.052 1.146 1.467 0.503 1.049 1.128 1.284 1.785 1.352 1.093 1.294 1.289 1.625 1.472 1.326 1.364 1.415 1.414 1.457 1.128 1.345 1.405 1.434 12/10/1953
2.183 1.991 1.998 2.260 2.485 3.028 2.438 2.413 2.340 2.722 3.023 2.405 2.624 2.359 2.578 2.773 2.174 2.532 2.369 2.503 2.730 2.351 2.817 2.730 2.729 2.697 2.320 2.771 2.709 2.771 13/10/1953
1.263 1.192 1.197 1.222 1.069 1.401 1.183 1.171 1.044 0.953 1.399 1.167 1.213 1.235 0.936 1.384 1.071 1.281 1.239 1.094 1.699 1.001 1.225 0.906 0.906 1.681 1.424 1.208 0.904 0.910 14/10/1953
0.000 0.000 0.000 0.112 0.000 0.000 0.000 0.000 0.216 0.000 0.000 0.000 0.000 0.000 0.000 0.000 0.000 0.000 0.000 0.000 0.000 0.000 0.000 0.000 0.000 0.000 0.000 0.000 0.000 0.000 15/10/1953
0.000 0.000 0.000 0.000 0.000 0.000 0.000 0.000 0.000 0.000 0.000 0.000 0.000 0.000 0.000 0.000 0.000 0.000 0.000 0.000 0.000 0.000 0.000 0.000 0.000 0.000 0.000 0.000 0.000 0.000 16/10/1953
5.900 5.087 5.109 2.723 2.696 5.479 5.108 5.058 2.922 2.890 5.468 5.042 4.925 3.017 2.430 5.652 4.282 5.034 3.030 2.399 5.746 4.530 5.265 3.383 3.381 5.673 5.019 5.176 3.357 3.428 17/10/1953
6.850 8.158 8.195 8.938 9.355 7.106 8.616 8.536 10.715 11.293 7.094 8.511 9.290 12.279 13.003 7.238 9.065 9.640 12.329 12.594 6.921 9.212 9.586 13.120 13.114 6.846 6.585 9.434 13.017 13.321 18/10/1953
4.980 6.201 6.229 7.736 10.099 5.419 6.068 6.001 6.716 9.007 5.409 5.979 6.196 4.570 7.351 5.170 4.366 5.127 4.589 6.655 4.198 2.862 3.372 3.681 3.680 4.148 3.351 3.317 3.658 3.726 19/10/1953
2.231 0.939 0.944 0.359 0.000 2.166 0.880 0.873 0.308 0.000 2.162 0.871 1.005 0.262 0.000 1.605 0.700 0.720 0.262 0.142 1.204 0.663 0.691 0.311 0.311 1.187 1.146 0.681 0.308 0.315 20/10/1953
0.143 0.207 0.207 0.194 0.000 0.163 0.359 0.357 0.351 0.147 0.163 0.355 0.379 0.470 0.652 0.211 0.413 0.393 0.472 0.438 0.221 0.426 0.404 0.532 0.532 0.220 0.274 0.407 0.528 0.538 21/10/1953
0.532 0.399 0.406 0.951 0.477 0.739 0.920 0.886 1.339 0.662 0.739 0.883 1.134 1.346 0.347 1.504 1.157 1.649 1.351 0.463 1.918 1.353 1.756 1.290 1.290 1.891 1.733 1.722 1.277 1.309 22/10/1953
1.923 2.017 2.024 0.859 0.000 1.801 1.162 1.153 0.000 0.000 1.799 1.150 1.421 0.000 0.000 1.863 0.292 0.496 0.000 0.000 1.107 0.000 0.000 0.000 0.000 1.089 0.969 0.000 0.000 0.000 23/10/1953
1.590 1.806 1.815 1.823 0.848 1.350 1.262 1.250 1.877 0.865 1.348 1.245 1.387 1.033 0.527 1.804 1.147 1.406 1.034 0.379 1.957 1.143 1.378 0.665 0.665 1.934 2.086 1.355 0.660 0.674 24/10/1953
2.987 0.661 0.662 0.168 0.000 0.984 0.172 0.170 0.126 0.000 0.983 0.170 0.208 0.145 0.000 0.323 0.122 0.157 0.146 0.000 0.154 0.000 0.120 0.000 0.000 0.153 0.163 0.119 0.000 0.000 25/10/1953
0.000 0.000 0.000 0.000 0.000 0.000 0.000 0.000 0.000 0.000 0.000 0.000 0.000 0.000 0.000 0.000 0.000 0.000 0.000 0.000 0.000 0.000 0.000 0.000 0.000 0.000 0.000 0.000 0.000 0.000 26/10/1953
0.118 0.000 0.000 0.000 0.000 0.215 0.151 0.149 0.000 0.000 0.215 0.149 0.121 0.103 0.000 0.677 0.163 0.169 0.104 0.000 0.939 0.221 0.254 0.189 0.189 0.928 0.616 0.249 0.189 0.189 27/10/1953
0.000 0.000 0.000 0.354 0.553 0.000 0.138 0.138 0.000 0.942 0.000 0.137 0.192 0.000 0.180 0.000 0.000 0.000 0.000 0.274 0.000 0.000 0.000 0.000 0.000 0.000 0.000 0.000 0.000 0.000 28/10/1953
0.000 0.000 0.000 0.000 0.000 0.000 0.000 0.000 0.000 0.000 0.000 0.000 0.000 0.000 0.000 0.000 0.000 0.000 0.000 0.000 0.000 0.000 0.000 0.000 0.000 0.000 0.000 0.000 0.000 0.000 29/10/1953
0.000 0.000 0.000 0.000 0.000 0.000 0.000 0.000 0.000 0.000 0.000 0.000 0.000 0.000 0.000 0.000 0.000 0.000 0.000 0.000 0.000 0.000 0.000 0.000 0.000 0.000 0.000 0.000 0.000 0.000 30/10/1953
0.000 0.000 0.000 0.000 0.000 0.000 0.000 0.000 0.000 0.000 0.000 0.000 0.000 0.000 0.000 0.000 0.000 0.000 0.000 0.000 0.107 0.000 0.000 0.000 0.000 0.107 0.121 0.000 0.000 0.000 31/10/1953
0.104 0.187 0.187 0.616 1.081 0.100 0.194 0.194 0.619 1.609 0.100 0.194 0.262 1.171 2.084 0.161 0.456 0.462 1.174 1.823 0.350 0.819 0.876 2.403 2.402 0.346 0.401 0.860 2.387 2.434 01/11/1953
0.000 0.000 0.000 0.000 0.000 0.000 0.092 0.100 0.000 0.000 0.000 0.100 0.133 0.110 0.000 0.000 0.134 0.168 0.110 0.000 0.123 0.112 0.146 0.116 0.116 0.122 0.145 0.145 0.116 0.118 02/11/1953
0.567 0.499 0.500 0.599 0.215 0.907 0.586 0.582 0.351 0.192 0.906 0.582 0.582 0.828 0.944 1.179 1.184 1.470 0.830 0.663 1.541 1.575 2.523 0.855 0.854 1.512 1.294 2.478 0.848 0.867 03/11/1953
9.301 9.980 10.028 11.135 14.132 10.522 10.785 10.675 11.865 12.856 10.502 10.640 12.127 13.037 13.173 10.273 12.130 12.642 13.091 12.709 9.836 12.118 12.628 12.416 12.410 9.720 10.479 12.414 12.319 12.605 04/11/1953
0.285 0.412 0.413 1.018 1.581 0.457 0.646 0.646 1.127 1.453 0.458 0.650 0.844 1.226 1.348 0.840 0.631 0.928 1.231 1.301 0.635 0.863 1.134 1.201 1.201 0.632 0.492 1.113 1.193 1.218 05/11/1953
0.000 0.000 0.000 0.000 0.000 0.000 0.000 0.000 0.000 0.000 0.000 0.000 0.000 0.000 0.000 0.000 0.000 0.000 0.000 0.000 0.000 0.000 0.000 0.000 0.000 0.000 0.000 0.000 0.000 0.000 06/11/1953
0.000 0.000 0.000 0.000 0.000 0.000 0.000 0.000 0.000 0.000 0.000 0.000 0.000 0.000 0.000 0.000 0.000 0.000 0.000 0.000 0.000 0.000 0.000 0.000 0.000 0.000 0.000 0.000 0.000 0.000 07/11/1953
0.194 0.212 0.213 0.386 0.748 0.140 0.181 0.179 0.290 0.196 0.140 0.178 0.223 0.246 0.112 0.184 0.171 0.231 0.247 0.263 0.202 0.317 0.343 0.258 0.258 0.201 0.232 0.336 0.258 0.261 08/11/1953
0.000 0.000 0.000 0.000 0.000 0.000 0.000 0.000 0.000 0.000 0.000 0.000 0.000 0.000 0.000 0.000 0.000 0.000 0.000 0.000 0.000 0.000 0.000 0.000 0.000 0.000 0.000 0.000 0.000 0.000 09/11/1953
0.000 0.000 0.000 0.000 0.000 0.000 0.000 0.000 0.000 0.000 0.000 0.000 0.000 0.000 0.000 0.000 0.000 0.000 0.000 0.000 0.000 0.000 0.000 0.000 0.000 0.000 0.000 0.000 0.000 0.000 10/11/1953
0.000 0.000 0.000 0.000 0.000 0.000 0.000 0.000 0.000 0.000 0.000 0.000 0.000 0.000 0.000 0.000 0.000 0.000 0.000 0.000 0.000 0.000 0.000 0.000 0.000 0.000 0.000 0.000 0.000 0.000 11/11/1953
0.000 0.000 0.000 0.000 0.000 0.000 0.000 0.000 0.000 0.000 0.000 0.000 0.000 0.000 0.000 0.000 0.000 0.000 0.000 0.000 0.000 0.000 0.000 0.000 0.000 0.000 0.000 0.000 0.000 0.000 12/11/1953
0.000 0.000 0.000 0.000 0.000 0.000 0.000 0.000 0.000 0.000 0.000 0.000 0.000 0.000 0.000 0.000 0.000 0.000 0.000 0.000 0.000 0.000 0.000 0.000 0.000 0.000 0.000 0.000 0.000 0.000 13/11/1953
0.000 0.000 0.000 0.000 0.000 0.000 0.000 0.000 0.000 0.000 0.000 0.000 0.000 0.000 0.000 0.000 0.000 0.000 0.000 0.000 0.000 0.000 0.000 0.000 0.000 0.000 0.000 0.000 0.000 0.000 14/11/1953
0.000 0.000 0.000 0.000 0.000 0.000 0.000 0.000 0.000 0.000 0.000 0.000 0.000 0.110 0.000 0.000 0.000 0.000 0.111 0.000 0.000 0.000 0.000 0.000 0.000 0.000 0.000 0.000 0.000 0.000 15/11/1953
0.106 0.177 0.178 0.152 0.000 0.000 0.101 0.101 0.176 0.000 0.000 0.101 0.148 0.195 0.000 0.115 0.171 0.230 0.196 0.130 0.185 0.160 0.198 0.151 0.151 0.184 0.198 0.194 0.150 0.152 16/11/1953
0.000 0.000 0.000 0.000 0.000 0.000 0.000 0.000 0.000 0.000 0.000 0.000 0.000 0.000 0.000 0.000 0.000 0.000 0.000 0.000 0.000 0.000 0.000 0.000 0.000 0.000 0.000 0.000 0.000 0.000 17/11/1953
0.000 0.000 0.000 0.000 0.000 0.000 0.000 0.000 0.000 0.000 0.000 0.000 0.000 0.000 0.000 0.000 0.000 0.000 0.000 0.000 0.000 0.000 0.000 0.000 0.000 0.000 0.000 0.000 0.000 0.000 18/11/1953
0.468 0.528 0.529 1.056 1.315 0.487 0.383 0.379 0.441 0.796 0.486 0.378 0.389 0.497 0.806 0.694 0.477 0.500 0.498 0.558 0.607 0.450 0.447 0.387 0.387 0.601 0.505 0.444 0.395 0.391 19/11/1953
0.232 0.109 0.110 0.293 0.100 0.365 0.100 0.100 0.107 0.100 0.371 0.100 0.121 0.116 0.000 0.609 0.111 0.166 0.116 0.149 0.166 0.000 0.119 0.000 0.000 0.166 0.126 0.118 0.000 0.000 20/11/1953
0.157 0.208 0.208 0.186 0.000 0.111 0.180 0.178 0.175 0.031 0.112 0.178 0.222 0.211 0.100 0.205 0.171 0.229 0.212 0.188 0.208 0.221 0.285 0.264 0.264 0.207 0.246 0.281 0.263 0.267 21/11/1953
0.000 0.144 0.145 0.187 0.036 0.144 0.119 0.119 0.000 0.000 0.144 0.119 0.163 0.000 0.000 0.030 0.312 0.501 0.000 0.000 0.341 0.000 0.000 0.000 0.000 0.338 0.239 0.000 0.000 0.000 22/11/1953
0.000 0.101 0.101 0.177 0.096 0.103 0.199 0.200 0.000 0.000 0.103 0.200 0.292 0.000 0.000 0.003 0.000 0.000 0.000 0.000 0.000 0.000 0.000 0.000 0.000 0.000 0.000 0.000 0.000 0.000 23/11/1953
0.000 0.000 0.000 0.000 0.000 0.000 0.000 0.000 0.000 0.000 0.000 0.000 0.000 0.000 0.000 0.000 0.000 0.000 0.000 0.000 0.000 0.109 0.143 0.116 0.116 0.000 0.000 0.138 0.115 0.118 24/11/1953
1.500 1.518 1.525 1.686 1.826 1.192 1.411 1.398 1.770 1.865 1.190 1.394 1.369 1.490 1.893 1.344 1.290 1.339 1.494 1.760 1.138 1.135 1.299 1.531 1.530 1.123 0.833 1.278 1.523 1.545 25/11/1953
0.292 0.819 0.822 0.313 0.299 0.343 0.294 0.292 0.317 0.405 0.342 0.292 0.425 0.516 0.232 0.348 0.438 0.681 0.523 0.316 0.318 0.415 0.611 0.423 0.423 0.315 0.208 0.600 0.417 0.442 26/11/1953
11.035 12.150 12.230 12.751 16.192 10.714 11.986 11.865 13.204 16.493 10.694 11.824 12.748 13.241 16.152 10.409 10.249 11.951 13.294 14.544 9.545 9.466 10.984 11.205 11.200 9.431 8.539 10.796 11.117 11.377 27/11/1953
10.482 10.274 10.323 10.193 12.812 16.735 18.210 18.026 18.312 22.165 16.705 17.967 19.232 24.756 24.538 20.583 21.208 24.037 24.855 23.350 16.926 17.926 19.497 19.547 19.538 16.725 16.960 19.173 19.397 19.835 28/11/1953
6.463 8.499 8.539 9.967 12.447 8.911 10.834 10.725 12.461 13.284 8.895 10.691 13.261 11.060 11.248 9.999 10.658 12.209 11.104 10.591 8.738 8.598 9.266 8.000 7.997 8.634 9.049 9.114 7.948 8.103 29/11/1953
4.225 3.738 3.755 4.500 5.394 4.322 4.212 4.170 5.246 5.612 4.314 4.157 4.654 4.975 5.783 4.955 3.701 4.673 4.994 5.232 4.209 3.119 4.134 4.318 4.316 4.167 3.299 4.062 4.284 4.419 30/11/1953
4.744 4.261 4.281 4.478 4.351 5.123 4.491 4.469 4.667 4.445 5.114 4.455 4.963 4.483 4.781 5.706 4.201 5.030 4.501 4.119 5.161 3.864 4.855 4.108 4.106 5.100 4.225 4.778 4.076 4.200 01/12/1953
15.882 14.739 14.809 13.078 10.849 18.215 16.596 16.427 14.803 13.926 18.182 16.374 17.847 17.645 18.940 17.070 15.407 18.500 17.715 16.085 21.136 16.833 20.245 18.797 18.788 20.887 18.779 19.899 18.649 19.083 02/12/1953
23.809 20.786 20.880 18.362 21.063 20.925 19.765 19.571 19.203 21.479 20.887 19.509 19.933 18.908 20.006 17.374 16.086 19.081 18.985 18.013 15.136 14.752 18.119 17.303 17.295 14.961 15.184 17.814 17.168 17.562 03/12/1953
3.250 2.990 3.003 3.110 2.798 2.530 2.293 2.278 2.431 2.419 2.535 2.272 2.579 1.701 1.804 1.792 1.536 1.892 1.707 1.645 1.595 1.415 1.741 1.847 1.847 1.579 1.537 1.724 1.836 1.874 04/12/1953
0.000 0.000 0.000 0.000 0.000 0.000 0.000 0.000 0.000 0.000 0.000 0.000 0.000 0.000 0.000 0.000 0.000 0.000 0.000 0.000 0.000 0.000 0.000 0.000 0.000 0.000 0.000 0.000 0.000 0.000 05/12/1953
13.698 11.527 11.578 9.036 10.594 11.694 8.619 8.498 8.072 7.676 11.673 8.501 9.387 7.732 7.334 12.561 8.076 8.722 7.766 6.512 13.217 8.529 9.279 8.363 8.352 13.261 10.801 8.626 8.192 9.088 06/12/1953
6.511 3.892 3.907 2.858 1.920 5.471 3.686 3.654 2.580 1.879 5.462 3.643 4.128 2.237 1.700 5.537 2.868 3.520 2.243 1.508 4.824 2.493 3.195 2.192 2.191 4.766 4.107 3.140 2.169 2.216 07/12/1953
0.310 0.000 0.000 0.000 0.000 1.103 0.288 0.288 0.000 0.000 1.101 0.280 0.287 0.305 0.000 2.452 1.154 1.340 0.308 0.000 3.464 2.514 3.230 1.683 1.682 3.436 3.233 3.174 1.674 1.707 08/12/1953
0.000 0.000 0.000 0.000 0.000 0.000 0.000 0.000 0.000 0.000 0.000 0.000 0.000 0.000 0.000 0.000 0.000 0.000 0.000 0.000 0.000 0.000 0.000 0.000 0.000 0.000 0.000 0.000 0.000 0.000 09/12/1953
0.076 0.118 0.120 0.274 0.125 0.091 0.144 0.163 0.599 0.618 0.092 0.158 0.163 0.531 1.032 0.000 0.103 0.136 0.544 1.156 0.000 0.000 0.000 0.268 0.268 0.000 0.000 0.000 0.266 0.265 10/12/1953
0.000 0.000 0.000 0.000 0.058 0.000 0.000 0.000 0.120 0.000 0.000 0.000 0.000 0.117 0.000 0.000 0.000 0.000 0.117 0.152 0.000 0.000 0.000 0.105 0.105 0.086 0.000 0.000 0.105 0.107 11/12/1953
0.000 0.000 0.000 0.000 0.000 0.000 0.000 0.000 0.000 0.000 0.000 0.000 0.000 0.000 0.000 0.000 0.000 0.000 0.000 0.000 0.000 0.000 0.000 0.000 0.000 0.000 0.000 0.000 0.000 0.000 12/12/1953
0.000 0.000 0.000 0.000 0.000 0.000 0.000 0.000 0.000 0.000 0.000 0.000 0.000 0.000 0.000 0.000 0.000 0.000 0.000 0.000 0.000 0.000 0.105 0.000 0.000 0.000 0.000 0.110 0.000 0.000 13/12/1953
0.000 0.000 0.000 0.000 0.000 0.000 0.000 0.000 0.000 0.000 0.000 0.000 0.000 0.000 0.000 0.000 0.000 0.000 0.000 0.000 0.000 0.000 0.000 0.000 0.000 0.000 0.000 0.000 0.000 0.000 14/12/1953
0.000 0.000 0.000 0.000 0.000 0.000 0.000 0.000 0.000 0.000 0.000 0.000 0.000 0.000 0.000 0.000 0.000 0.000 0.000 0.000 0.000 0.000 0.000 0.000 0.000 0.000 0.000 0.000 0.000 0.000 15/12/1953
1.613 1.591 1.596 2.148 1.783 1.801 2.134 2.127 2.465 2.282 1.799 2.121 2.296 3.169 3.203 2.408 2.409 2.988 3.182 2.798 3.336 3.235 4.117 4.179 4.177 3.291 3.295 4.047 4.149 4.235 16/12/1953
0.000 0.000 0.000 0.000 0.000 0.000 0.000 0.000 0.000 0.000 0.000 0.000 0.000 0.000 0.000 0.000 0.000 0.000 0.000 0.000 0.000 0.000 0.000 0.000 0.000 0.000 0.000 0.000 0.000 0.000 17/12/1953
0.492 0.631 0.634 0.776 0.428 0.334 0.458 0.453 0.812 0.669 0.334 0.451 0.524 0.693 0.927 0.193 0.236 0.417 0.695 0.844 0.208 0.473 0.708 1.067 1.066 0.199 0.132 0.697 1.051 1.084 18/12/1953
0.000 0.000 0.000 0.000 0.000 0.000 0.000 0.000 0.000 0.000 0.000 0.000 0.000 0.000 0.000 0.000 0.000 0.000 0.000 0.000 0.000 0.000 0.000 0.000 0.000 0.000 0.000 0.000 0.000 0.000 19/12/1953
0.000 0.000 0.000 0.000 0.000 0.000 0.000 0.000 0.000 0.000 0.000 0.000 0.000 0.000 0.000 0.000 0.000 0.000 0.000 0.000 0.000 0.000 0.000 0.000 0.000 0.000 0.000 0.000 0.000 0.000 20/12/1953
0.000 0.000 0.000 0.113 0.000 0.000 0.000 0.000 0.100 0.000 0.000 0.000 0.000 0.000 0.000 0.000 0.000 0.000 0.000 0.074 0.000 0.000 0.000 0.000 0.000 0.000 0.000 0.000 0.000 0.000 21/12/1953
0.000 0.000 0.000 0.000 0.000 0.000 0.000 0.000 0.000 0.000 0.000 0.000 0.000 0.000 0.000 0.000 0.000 0.000 0.000 0.000 0.000 0.000 0.000 0.000 0.000 0.000 0.000 0.000 0.000 0.000 22/12/1953
0.000 0.000 0.000 0.000 0.000 0.000 0.000 0.000 0.000 0.000 0.000 0.000 0.000 0.000 0.000 0.000 0.000 0.000 0.000 0.000 0.000 0.000 0.000 0.000 0.000 0.000 0.000 0.000 0.000 0.000 23/12/1953
3.574 3.839 3.854 3.901 5.007 3.250 3.387 3.364 4.007 3.693 3.241 3.353 4.256 3.018 3.019 2.504 2.812 3.205 3.033 3.155 2.316 2.808 3.236 3.377 3.375 2.174 2.845 3.180 3.349 3.473 24/12/1953
10.717 10.188 10.233 8.123 8.324 9.408 9.205 9.125 8.193 6.579 9.393 9.100 10.216 6.836 5.585 8.463 7.257 8.144 6.952 5.237 6.676 5.708 6.740 6.430 6.427 6.576 6.900 6.634 6.383 6.415 25/12/1953
4.409 3.865 3.794 2.850 2.146 3.551 2.466 2.493 2.520 2.104 3.524 2.529 3.928 2.168 2.054 3.062 2.251 2.480 2.176 2.067 2.344 1.744 2.023 2.111 2.111 2.204 2.878 2.010 2.084 2.125 26/12/1953
0.510 0.483 0.484 0.717 0.631 0.605 0.387 0.413 1.056 0.896 0.653 0.412 0.917 1.406 1.260 0.403 0.719 1.005 1.381 1.415 0.643 1.060 1.444 1.363 1.362 0.634 0.756 1.409 1.352 1.320 27/12/1953
2.053 2.350 2.375 2.817 1.637 2.349 2.448 2.402 1.831 1.851 2.345 2.394 1.727 2.154 1.973 1.638 2.043 1.929 2.187 2.077 2.353 2.691 2.215 2.051 2.048 2.350 2.856 2.173 2.040 2.074 28/12/1953
0.000 0.000 0.000 0.000 0.000 0.000 0.000 0.000 0.000 0.000 0.000 0.000 0.000 0.000 0.000 0.000 0.000 0.000 0.000 0.000 0.000 0.000 0.000 0.000 0.000 0.000 0.000 0.000 0.000 0.000 29/12/1953
2.956 2.079 2.087 2.007 1.263 2.467 1.798 1.783 1.511 1.368 2.482 1.778 1.918 1.666 1.458 2.355 1.624 1.736 1.668 1.238 1.751 1.515 1.868 1.726 1.725 1.733 1.700 1.854 1.716 1.752 30/12/1953
0.000 0.000 0.000 0.000 0.000 0.000 0.000 0.000 0.000 0.000 0.000 0.100 0.000 0.000 0.000 0.000 0.000 0.000 0.000 0.141 0.052 0.000 0.000 0.000 0.000 0.031 0.000 0.000 0.000 0.000 31/12/1953
1.540 1.577 1.582 2.310 2.228 1.616 1.820 1.805 2.312 2.798 1.614 1.800 1.946 2.628 3.370 1.559 1.814 2.280 2.624 2.965 1.788 2.062 2.587 2.758 2.756 1.769 1.730 2.563 2.738 2.796 01/01/1954
0.359 0.386 0.385 0.778 0.609 0.477 0.436 0.432 0.403 0.421 0.476 0.428 0.475 0.754 0.717 0.677 0.502 0.740 0.758 0.764 0.896 1.015 1.196 0.993 0.992 0.860 0.727 1.166 0.978 1.008 02/01/1954
1.520 1.540 1.546 2.091 2.251 1.357 1.532 1.520 1.640 2.242 1.356 1.517 1.518 1.804 2.345 1.113 1.439 1.733 1.814 2.070 1.230 1.421 1.744 1.771 1.770 1.217 1.238 1.728 1.761 1.800 03/01/1954
2.620 2.348 2.359 3.424 3.986 2.989 3.043 3.016 3.666 4.747 2.984 3.007 3.404 4.390 5.730 3.615 3.000 3.726 4.353 4.649 4.567 4.022 4.948 5.378 5.375 4.514 3.891 4.871 5.416 5.474 04/01/1954
20.968 18.017 18.100 14.592 13.866 18.050 17.368 17.192 16.995 14.061 18.017 17.136 18.391 14.412 13.125 15.708 14.183 17.147 14.472 10.901 14.880 14.105 16.985 14.758 14.751 14.714 14.991 16.700 14.642 14.982 05/01/1954
5.731 4.686 4.706 5.276 6.190 8.284 7.177 7.108 6.952 7.246 8.268 7.144 7.349 7.572 7.824 8.946 6.980 7.819 7.602 6.699 8.753 7.192 8.079 7.455 7.452 8.650 7.618 7.965 7.400 7.563 06/01/1954
0.838 0.320 0.321 0.271 0.100 1.738 1.225 1.217 1.042 0.677 1.735 1.215 1.193 1.928 1.570 3.025 2.118 2.593 1.935 1.355 4.417 3.254 4.140 3.191 3.190 4.364 3.661 4.070 3.170 3.241 07/01/1954
3.192 2.782 2.783 2.045 1.847 3.475 2.890 2.781 2.367 2.398 3.469 2.717 2.828 3.001 2.813 4.389 3.329 3.730 3.060 2.250 5.083 3.863 4.658 3.799 3.797 5.025 4.471 4.587 3.769 3.870 08/01/1954
0.000 0.000 0.000 0.000 0.000 0.000 0.000 0.000 0.000 0.000 0.000 0.000 0.000 0.000 0.000 0.000 0.000 0.100 0.000 0.000 0.000 0.000 0.000 0.000 0.000 0.000 0.000 0.000 0.000 0.000 09/01/1954
0.000 0.000 0.000 0.000 0.000 0.000 0.000 0.000 0.000 0.000 0.000 0.000 0.000 0.000 0.000 0.000 0.000 0.000 0.000 0.100 0.000 0.000 0.000 0.000 0.000 0.000 0.000 0.061 0.000 0.000 10/01/1954
2.739 2.307 2.317 3.051 2.800 2.012 2.030 2.015 2.212 2.236 2.013 2.010 2.179 2.132 2.415 2.078 1.674 2.101 2.139 2.165 1.904 1.588 2.011 2.255 2.254 1.881 1.821 1.987 2.228 2.278 11/01/1954
0.000 0.000 0.000 0.000 0.000 0.000 0.000 0.000 0.000 0.000 0.000 0.000 0.000 0.000 0.000 0.000 0.000 0.000 0.000 0.000 0.000 0.000 0.000 0.000 0.000 0.000 0.000 0.000 0.000 0.000 12/01/1954
0.266 0.189 0.190 0.786 0.816 0.263 0.123 0.134 0.279 0.640 0.262 0.140 0.164 0.646 0.674 0.192 0.152 0.282 0.648 0.738 0.151 0.239 0.410 0.304 0.304 0.150 0.108 0.409 0.302 0.313 13/01/1954
0.000 0.225 0.223 0.151 0.000 0.116 0.105 0.103 0.134 0.000 0.116 0.102 0.129 0.151 0.000 0.000 0.119 0.158 0.153 0.151 0.000 0.122 0.152 0.158 0.159 0.000 0.000 0.160 0.159 0.152 14/01/1954
4.864 5.356 5.412 4.417 4.973 5.659 5.499 5.455 5.583 4.877 5.652 5.429 7.006 4.991 4.271 4.288 4.388 5.351 4.991 4.008 4.112 4.496 5.473 5.369 5.366 4.048 4.685 5.375 5.327 5.384 15/01/1954
0.000 0.000 0.000 0.000 0.100 0.000 0.000 0.018 0.140 0.120 0.000 0.019 0.117 0.242 0.372 0.000 0.122 0.165 0.246 0.444 0.139 0.250 0.430 0.731 0.730 0.135 0.150 0.421 0.726 0.731 16/01/1954
0.000 0.000 0.000 0.000 0.000 0.000 0.000 0.000 0.000 0.000 0.000 0.000 0.000 0.000 0.000 0.000 0.000 0.000 0.000 0.000 0.000 0.000 0.000 0.000 0.000 0.000 0.000 0.000 0.000 0.000 17/01/1954
0.221 0.271 0.272 0.537 0.499 0.444 0.530 0.527 1.269 0.819 0.443 0.526 0.860 1.154 0.618 0.976 1.023 1.459 1.156 0.688 1.485 1.461 1.814 1.404 1.403 1.466 1.910 1.767 1.393 1.395 18/01/1954
1.014 0.785 0.790 1.118 1.393 1.335 1.271 1.282 1.419 1.493 1.333 1.278 1.747 0.990 1.052 1.016 0.969 1.431 0.994 1.110 0.402 0.295 0.428 0.407 0.407 0.398 0.501 0.419 0.405 0.384 19/01/1954
0.213 0.339 0.341 0.539 0.359 0.435 0.474 0.471 0.683 0.738 0.434 0.469 0.758 0.504 0.676 0.671 0.536 0.717 0.515 0.769 0.507 0.593 0.730 0.599 0.599 0.515 0.650 0.706 0.616 0.563 20/01/1954
0.000 0.000 0.000 0.000 0.000 0.000 0.000 0.000 0.000 0.000 0.000 0.000 0.000 0.000 0.000 0.000 0.000 0.000 0.000 0.000 0.000 0.000 0.000 0.000 0.000 0.000 0.000 0.000 0.000 0.000 21/01/1954
1.212 0.920 0.920 0.915 0.246 0.571 0.494 0.462 0.437 0.177 0.564 0.467 0.881 0.175 0.000 0.312 0.112 0.303 0.177 0.100 0.374 0.139 0.325 0.200 0.201 0.361 0.336 0.316 0.204 0.214 22/01/1954
5.846 4.660 4.665 3.002 3.670 4.720 3.620 3.523 3.215 3.929 4.710 3.512 3.864 3.455 4.135 3.992 3.404 3.798 3.625 3.565 4.728 3.896 4.741 4.802 4.801 4.673 4.241 4.672 4.773 5.023 23/01/1954
0.000 0.000 0.000 0.000 0.183 0.000 0.000 0.000 0.086 0.262 0.000 0.000 0.000 0.109 0.263 0.000 0.000 0.000 0.111 0.179 0.000 0.000 0.048 0.133 0.133 0.000 0.000 0.046 0.134 0.136 24/01/1954
10.757 10.971 11.078 10.590 16.042 9.243 11.473 11.329 11.827 14.452 9.227 11.282 12.226 10.951 13.912 9.657 8.273 11.313 10.997 11.961 9.688 8.089 11.162 10.727 10.722 9.576 8.040 11.061 10.325 10.887 25/01/1954
0.148 0.000 0.000 0.000 0.000 0.288 0.185 0.176 0.215 0.112 0.286 0.175 0.402 0.458 0.532 0.418 0.369 0.733 0.458 0.447 0.390 0.366 0.785 0.678 0.681 0.387 0.369 0.790 0.682 0.671 26/01/1954
14.982 19.322 19.413 18.234 24.249 14.799 15.161 14.956 15.673 20.561 14.772 14.909 15.387 14.858 20.013 14.344 16.080 14.412 14.923 17.612 14.130 15.712 14.035 15.010 15.003 13.964 15.019 13.788 14.883 15.257 27/01/1954
3.191 3.219 3.234 2.919 3.529 3.914 3.783 3.698 4.535 4.397 3.907 3.686 4.488 5.264 5.973 5.097 4.286 5.446 5.255 5.383 5.328 5.822 6.608 6.159 6.156 5.254 4.824 6.507 6.112 6.531 28/01/1954
0.000 0.000 0.000 0.000 0.000 0.000 0.057 0.050 0.000 0.000 0.106 0.000 0.000 0.000 0.000 0.000 0.000 0.000 0.000 0.000 0.000 0.000 0.000 0.000 0.000 0.000 0.000 0.000 0.000 0.000 29/01/1954
0.172 0.051 0.052 0.420 0.774 0.321 0.224 0.241 0.518 0.488 0.211 0.242 0.511 0.476 0.463 0.198 0.181 0.524 0.491 0.351 0.096 0.168 0.492 0.388 0.386 0.067 0.147 0.425 0.382 0.345 30/01/1954
0.079 0.100 0.100 0.186 0.192 0.000 0.017 0.000 0.135 0.180 0.000 0.000 0.155 0.086 0.094 0.000 0.000 0.062 0.100 0.131 0.000 0.000 0.045 0.000 0.000 0.000 0.000 0.044 0.000 0.000 31/01/1954
0.000 0.098 0.052 0.000 0.000 0.000 0.000 0.000 0.000 0.000 0.000 0.000 0.000 0.000 0.000 0.000 0.000 0.000 0.000 0.000 0.000 0.000 0.000 0.000 0.000 0.000 0.000 0.136 0.000 0.000 01/02/1954
0.000 0.000 0.000 0.092 0.000 0.000 0.000 0.000 0.000 0.000 0.000 0.000 0.000 0.000 0.000 0.000 0.000 0.000 0.000 0.000 0.000 0.000 0.000 0.000 0.000 0.000 0.000 0.000 0.000 0.000 02/02/1954
0.000 0.000 0.000 0.000 0.000 0.000 0.000 0.000 0.000 0.000 0.000 0.000 0.097 0.000 0.000 0.000 0.000 0.000 0.000 0.000 0.000 0.000 0.000 0.000 0.000 0.000 0.000 0.000 0.000 0.000 03/02/1954
0.000 0.000 0.000 0.000 0.000 0.000 0.000 0.000 0.000 0.000 0.000 0.000 0.000 0.084 0.000 0.000 0.000 0.100 0.000 0.000 0.000 0.000 0.000 0.000 0.000 0.000 0.000 0.000 0.000 0.000 04/02/1954
0.000 0.000 0.000 0.000 0.000 0.000 0.000 0.000 0.000 0.000 0.000 0.000 0.000 0.000 0.000 0.000 0.000 0.000 0.000 0.000 0.000 0.000 0.000 0.000 0.000 0.000 0.000 0.000 0.000 0.000 05/02/1954
0.000 0.000 0.000 0.000 0.000 0.000 0.000 0.000 0.000 0.000 0.000 0.000 0.000 0.000 0.000 0.000 0.000 0.000 0.000 0.000 0.000 0.000 0.000 0.000 0.000 0.000 0.000 0.000 0.000 0.000 06/02/1954
0.000 0.000 0.000 0.000 0.000 0.000 0.000 0.000 0.000 0.000 0.000 0.000 0.000 0.000 0.000 0.000 0.000 0.000 0.000 0.000 0.000 0.000 0.000 0.000 0.000 0.000 0.000 0.000 0.000 0.000 07/02/1954
0.000 0.000 0.000 0.000 0.000 0.000 0.000 0.000 0.000 0.000 0.000 0.000 0.000 0.000 0.000 0.000 0.000 0.000 0.000 0.000 0.000 0.000 0.000 0.000 0.000 0.000 0.000 0.000 0.000 0.000 08/02/1954
0.172 0.179 0.195 0.520 0.656 0.226 0.172 0.181 0.283 0.259 0.227 0.181 0.331 0.182 0.000 0.070 0.113 0.290 0.163 0.114 0.000 0.000 0.259 0.000 0.000 0.000 0.000 0.223 0.000 0.000 09/02/1954
0.110 0.182 0.182 0.359 0.165 0.137 0.139 0.145 0.155 0.189 0.156 0.135 0.141 0.123 0.125 0.107 0.066 0.109 0.124 0.115 0.120 0.000 0.136 0.111 0.111 0.112 0.012 0.145 0.109 0.117 10/02/1954
0.000 0.000 0.000 0.000 0.000 0.000 0.000 0.000 0.000 0.000 0.000 0.000 0.000 0.000 0.000 0.000 0.000 0.000 0.000 0.000 0.000 0.000 0.000 0.000 0.000 0.000 0.000 0.000 0.000 0.000 11/02/1954
0.000 0.000 0.000 0.000 0.000 0.000 0.000 0.000 0.000 0.000 0.000 0.000 0.000 0.000 0.000 0.000 0.000 0.000 0.000 0.000 0.000 0.000 0.000 0.000 0.000 0.000 0.000 0.000 0.000 0.000 12/02/1954
0.000 0.000 0.000 0.000 0.000 0.000 0.000 0.000 0.000 0.000 0.000 0.000 0.000 0.000 0.000 0.000 0.000 0.000 0.000 0.000 0.000 0.062 0.000 0.000 0.000 0.000 0.000 0.000 0.044 0.000 13/02/1954
0.000 0.000 0.000 0.000 0.000 0.000 0.000 0.000 0.000 0.000 0.000 0.000 0.000 0.000 0.000 0.000 0.000 0.000 0.000 0.000 0.000 0.000 0.000 0.000 0.000 0.000 0.000 0.000 0.000 0.000 14/02/1954
4.951 4.746 4.755 4.257 3.853 4.733 4.313 4.207 4.231 3.889 4.720 4.195 4.531 4.154 3.816 4.648 3.610 4.477 4.166 3.648 4.811 3.756 4.491 4.291 4.289 4.757 4.441 4.418 4.245 4.365 15/02/1954
7.256 9.066 9.115 9.909 8.409 6.723 9.708 9.616 9.845 7.810 6.710 9.586 9.881 9.401 6.423 7.838 8.748 10.436 9.439 6.001 9.559 8.859 10.719 7.323 7.319 9.461 8.655 10.411 7.324 7.437 16/02/1954
0.811 1.255 1.266 1.746 2.649 1.299 1.713 1.686 1.813 2.204 1.295 1.648 1.727 1.639 1.629 1.253 1.216 1.570 1.640 1.478 1.169 1.057 1.148 0.941 0.941 1.150 0.847 1.122 0.933 1.111 17/02/1954
1.922 2.802 2.815 3.345 4.532 0.526 3.198 3.032 2.682 4.469 0.533 3.024 3.149 0.852 1.816 1.481 2.727 3.653 0.856 1.872 1.684 2.931 3.800 1.320 1.330 2.021 3.095 3.722 1.316 1.022 18/02/1954
4.569 6.178 6.220 3.494 4.917 5.686 8.076 8.118 4.724 7.286 5.722 8.109 6.911 6.642 7.803 6.262 9.777 8.528 6.669 5.846 6.321 11.446 6.947 9.194 9.190 6.352 6.197 8.796 9.119 8.390 19/02/1954
8.211 8.245 8.324 7.012 8.493 8.620 8.443 8.212 8.345 8.685 8.604 8.185 9.071 8.813 8.241 8.160 7.575 8.962 8.847 7.904 7.598 6.545 7.578 7.097 7.094 7.517 7.501 7.531 7.129 7.268 20/02/1954
9.717 10.935 10.985 11.201 13.198 10.537 11.335 11.220 11.892 13.541 10.517 11.179 11.727 12.272 13.710 10.951 10.599 12.181 12.321 12.842 11.595 11.116 12.457 12.933 12.927 11.465 10.792 12.258 12.830 13.389 21/02/1954
5.115 5.366 5.420 5.158 6.764 5.698 5.745 5.701 7.317 7.556 5.692 5.697 7.260 7.958 9.597 5.530 5.950 7.034 7.991 9.221 6.231 6.066 7.172 7.583 7.580 6.102 6.241 7.045 7.522 7.632 22/02/1954
1.115 1.101 1.105 0.990 0.603 1.071 1.056 1.046 0.941 0.776 1.069 1.042 1.070 1.057 1.057 1.030 0.902 1.121 1.062 0.907 1.026 0.947 1.140 1.049 1.048 1.015 1.004 1.111 1.037 1.066 23/02/1954
6.952 7.061 7.080 6.472 9.402 8.273 7.628 7.559 7.468 10.863 8.258 7.537 7.669 8.727 12.728 7.249 6.907 7.763 8.763 10.683 8.803 9.050 10.558 12.182 12.177 8.699 7.653 10.397 12.089 12.365 24/02/1954
0.000 0.133 0.136 0.516 1.050 0.228 0.297 0.308 0.706 1.583 0.228 0.307 0.567 1.021 2.155 0.355 0.659 0.908 1.025 2.198 0.421 0.969 1.388 1.728 1.727 0.427 0.518 1.328 1.734 1.694 25/02/1954
1.168 1.653 1.655 2.553 2.472 1.143 1.235 1.235 1.937 2.137 1.141 1.235 1.668 1.227 1.550 0.978 0.959 1.425 1.220 1.659 0.548 0.700 0.925 0.989 0.988 0.543 0.683 0.908 0.981 0.972 26/02/1954
0.000 0.000 0.000 0.000 0.000 0.000 0.000 0.000 0.000 0.000 0.000 0.000 0.000 0.000 0.000 0.000 0.000 0.000 0.039 0.000 0.000 0.000 0.000 0.000 0.000 0.000 0.000 0.000 0.000 0.000 27/02/1954
0.000 0.000 0.000 0.000 0.000 0.000 0.000 0.000 0.000 0.000 0.000 0.000 0.000 0.000 0.000 0.000 0.000 0.000 0.000 0.000 0.000 0.000 0.000 0.000 0.000 0.000 0.000 0.000 0.000 0.000 28/02/1954
0.000 0.000 0.000 0.006 0.000 0.000 0.000 0.000 0.000 0.000 0.000 0.000 0.000 0.000 0.000 0.000 0.000 0.000 0.000 0.000 0.000 0.000 0.000 0.000 0.000 0.000 0.000 0.000 0.000 0.000 01/03/1954
2.043 1.605 1.608 1.383 1.068 1.694 1.478 1.464 1.008 0.967 1.691 1.476 1.783 1.126 0.994 1.563 1.516 1.647 1.130 1.048 1.211 1.314 1.330 1.031 1.030 1.207 1.385 1.309 1.023 1.045 02/03/1954
0.000 0.000 0.000 0.000 0.000 0.000 0.000 0.000 0.000 0.000 0.000 0.000 0.000 0.000 0.000 0.000 0.000 0.000 0.000 0.000 0.000 0.000 0.000 0.000 0.000 0.000 0.000 0.000 0.000 0.000 03/03/1954
0.000 0.000 0.000 0.000 0.000 0.000 0.000 0.000 0.000 0.000 0.000 0.000 0.000 0.000 0.000 0.000 0.000 0.000 0.000 0.000 0.000 0.000 0.000 0.000 0.000 0.000 0.000 0.000 0.000 0.000 04/03/1954
2.329 2.657 2.664 3.770 5.037 2.860 2.937 2.906 2.857 3.746 2.856 2.898 2.947 3.845 5.118 2.234 2.489 3.173 3.861 4.873 1.976 2.095 2.485 2.376 2.375 1.962 1.820 2.454 2.348 2.406 05/03/1954
0.329 0.419 0.419 0.607 0.458 0.126 0.267 0.265 0.184 0.196 0.125 0.264 0.262 0.137 0.143 0.000 0.000 0.130 0.138 0.133 0.000 0.000 0.000 0.000 0.000 0.000 0.000 0.000 0.000 0.000 06/03/1954
0.000 0.000 0.000 0.000 0.000 0.000 0.000 0.000 0.000 0.000 0.000 0.000 0.000 0.000 0.000 0.000 0.000 0.000 0.000 0.000 0.000 0.000 0.000 0.000 0.000 0.000 0.000 0.000 0.000 0.000 07/03/1954
0.000 0.000 0.000 0.000 0.000 0.000 0.000 0.000 0.000 0.000 0.000 0.000 0.000 0.000 0.000 0.000 0.000 0.000 0.000 0.000 0.000 0.000 0.000 0.000 0.000 0.000 0.000 0.000 0.000 0.000 08/03/1954
0.000 0.000 0.000 0.000 0.000 0.000 0.000 0.000 0.000 0.000 0.000 0.000 0.000 0.000 0.000 0.000 0.000 0.000 0.000 0.000 0.000 0.000 0.000 0.000 0.000 0.000 0.000 0.000 0.000 0.000 09/03/1954
0.050 0.000 0.000 0.000 0.000 0.000 0.000 0.000 0.000 0.000 0.000 0.000 0.000 0.000 0.000 0.000 0.000 0.000 0.000 0.000 0.000 0.000 0.000 0.000 0.000 0.000 0.000 0.000 0.000 0.000 10/03/1954
0.000 0.000 0.000 0.000 0.000 0.000 0.000 0.000 0.000 0.000 0.000 0.000 0.000 0.000 0.000 0.000 0.000 0.000 0.000 0.000 0.000 0.000 0.000 0.000 0.000 0.000 0.000 0.000 0.000 0.000 11/03/1954
1.880 0.108 0.108 0.000 0.000 0.820 0.000 0.000 0.000 0.000 0.820 0.000 0.000 0.000 0.000 0.240 0.000 0.000 0.000 0.000 0.125 0.000 0.000 0.000 0.000 0.124 0.000 0.000 0.000 0.000 12/03/1954
13.865 16.561 16.639 16.486 15.770 16.021 17.030 16.858 16.482 18.398 15.992 16.803 16.733 16.939 18.373 14.019 16.102 17.131 17.009 15.557 15.027 17.275 18.130 17.245 17.237 14.849 16.569 17.833 17.112 17.504 13/03/1954
3.919 3.033 3.048 2.965 2.201 3.364 3.036 3.006 3.095 2.878 3.358 2.995 3.358 3.787 3.053 3.257 3.161 4.333 3.826 3.046 3.539 3.309 4.173 3.370 3.368 3.500 3.548 4.048 3.344 3.421 14/03/1954
4.718 5.571 5.596 6.134 6.860 5.547 5.965 5.906 6.298 7.774 5.537 5.887 6.125 6.101 7.397 4.647 4.620 5.409 6.126 6.449 4.358 4.569 5.325 5.622 5.619 4.304 4.396 5.242 5.578 5.707 15/03/1954
0.253 0.481 0.479 1.270 0.723 0.427 0.815 0.841 0.745 1.424 0.425 0.834 0.398 0.627 1.346 0.726 1.003 0.520 0.645 0.917 0.656 0.980 0.482 0.700 0.698 0.644 0.745 0.440 0.666 0.663 16/03/1954
7.132 7.185 7.218 6.909 8.937 7.097 6.921 6.851 8.243 8.057 7.084 6.829 7.713 6.400 6.922 6.555 5.884 6.221 6.426 6.501 6.713 6.176 6.725 6.524 6.521 6.634 6.498 6.610 6.472 6.624 17/03/1954
6.818 6.565 6.595 7.646 9.201 7.378 6.874 6.808 7.276 8.741 7.366 6.788 7.503 7.517 8.599 7.472 8.163 8.718 7.543 7.205 7.381 7.522 7.733 7.115 7.112 7.293 8.725 7.615 7.059 7.224 18/03/1954
6.707 6.943 6.971 8.590 12.361 7.002 8.038 7.957 10.143 12.277 6.991 7.931 9.242 10.599 12.260 7.021 8.722 9.278 10.643 11.743 6.692 7.334 7.404 8.181 8.178 6.615 7.423 7.290 8.119 8.302 19/03/1954
2.507 2.943 2.957 2.670 1.760 2.058 2.193 2.139 2.324 1.696 2.056 2.133 2.461 1.823 1.662 1.621 1.476 1.766 1.829 1.480 1.416 1.102 1.391 1.283 1.283 1.400 1.299 1.370 1.274 1.299 20/03/1954
4.235 4.940 4.961 6.301 8.851 4.090 4.646 4.364 6.269 8.670 4.083 4.349 5.038 5.083 7.993 2.827 3.415 3.696 5.104 6.767 2.730 3.342 3.596 5.454 5.452 2.697 2.880 3.535 5.414 5.533 21/03/1954
3.962 3.792 3.810 3.540 2.797 2.934 2.532 2.429 2.120 1.217 2.929 2.421 2.892 0.757 0.197 1.595 0.936 1.153 0.760 0.304 0.761 0.312 0.469 0.392 0.392 0.753 0.577 0.457 0.388 0.398 22/03/1954
0.000 0.000 0.000 0.000 0.000 0.000 0.000 0.000 0.000 0.000 0.000 0.000 0.000 0.000 0.000 0.000 0.000 0.000 0.000 0.000 0.000 0.000 0.000 0.000 0.000 0.000 0.000 0.000 0.000 0.000 23/03/1954
0.000 0.000 0.000 0.000 0.000 0.000 0.000 0.000 0.000 0.000 0.000 0.000 0.000 0.000 0.000 0.000 0.000 0.000 0.000 0.000 0.000 0.000 0.000 0.000 0.000 0.000 0.000 0.000 0.000 0.000 24/03/1954
0.000 0.000 0.000 0.000 0.000 0.000 0.000 0.000 0.000 0.000 0.000 0.000 0.000 0.000 0.000 0.000 0.000 0.000 0.000 0.000 0.000 0.000 0.000 0.000 0.000 0.000 0.000 0.000 0.000 0.000 25/03/1954
0.000 0.000 0.000 0.000 0.000 0.000 0.000 0.000 0.000 0.000 0.000 0.000 0.000 0.000 0.000 0.000 0.000 0.000 0.000 0.000 0.000 0.000 0.000 0.000 0.000 0.000 0.000 0.000 0.000 0.000 26/03/1954
0.300 0.807 0.808 0.515 0.175 0.113 0.186 0.185 0.113 0.000 0.113 0.185 0.269 0.000 0.000 0.113 0.000 0.000 0.000 0.000 0.104 0.000 0.000 0.000 0.000 0.108 0.000 0.000 0.000 0.000 27/03/1954
4.068 4.168 4.187 4.494 3.038 4.213 4.307 4.179 4.278 3.158 4.205 4.165 4.843 4.931 4.112 4.718 6.150 6.429 4.952 3.378 5.061 6.864 6.801 6.357 6.355 5.001 5.592 6.690 6.308 6.454 28/03/1954
0.594 0.490 0.492 0.285 0.000 0.214 0.273 0.266 0.121 0.000 0.214 0.265 0.208 0.113 0.000 0.162 0.000 0.158 0.114 0.000 0.000 0.000 0.000 0.000 0.000 0.000 0.000 0.000 0.000 0.000 29/03/1954
0.000 0.000 0.000 0.000 0.000 0.000 0.000 0.000 0.000 0.000 0.000 0.000 0.000 0.000 0.000 0.000 0.000 0.000 0.000 0.000 0.000 0.000 0.000 0.000 0.000 0.000 0.000 0.000 0.000 0.000 30/03/1954
0.000 0.000 0.000 0.000 0.000 0.000 0.000 0.000 0.000 0.000 0.000 0.000 0.000 0.000 0.000 0.000 0.000 0.000 0.000 0.000 0.000 0.000 0.000 0.000 0.000 0.000 0.000 0.000 0.000 0.000 31/03/1954
3.574 3.560 3.576 3.931 5.161 3.880 4.078 3.946 4.352 4.866 3.873 3.933 4.357 3.521 4.061 3.272 3.241 3.544 3.536 3.346 3.354 3.172 3.476 3.350 3.348 3.313 3.608 3.418 3.324 3.401 01/04/1954
4.998 4.342 4.362 3.938 4.844 5.149 5.077 5.032 4.757 5.121 5.140 5.018 5.516 5.091 5.641 5.316 5.957 6.337 5.111 4.879 5.793 6.299 6.474 5.578 5.575 5.710 6.677 6.368 5.535 5.662 02/04/1954
17.668 17.821 17.905 18.339 23.926 17.690 17.766 17.586 17.162 23.175 17.657 17.528 17.796 17.942 23.126 15.614 16.797 17.719 18.014 19.168 14.796 17.530 18.323 17.949 17.941 14.621 16.231 18.022 17.813 18.213 03/04/1954
2.937 2.483 2.494 3.514 3.244 4.030 4.042 3.866 3.409 3.053 4.023 3.853 4.310 4.242 4.570 3.638 3.855 4.310 4.259 3.728 3.724 4.466 4.843 4.383 4.381 3.680 4.048 4.761 4.349 4.450 04/04/1954
18.062 19.337 19.427 21.447 27.643 17.317 17.896 17.715 18.575 24.846 17.285 17.657 17.985 17.926 23.667 14.595 16.364 17.353 17.998 19.967 13.117 15.616 16.728 16.918 16.910 12.961 14.047 16.444 16.786 17.174 05/04/1954
3.382 2.639 2.651 2.988 3.111 4.150 3.710 3.696 3.806 3.569 4.143 3.678 3.847 4.049 4.552 4.058 3.614 4.262 4.066 3.796 3.577 3.766 4.049 3.646 3.643 3.599 3.917 4.001 3.630 3.685 06/04/1954
0.000 0.000 0.000 0.000 0.000 0.000 0.000 0.000 0.000 0.000 0.000 0.000 0.000 0.000 0.000 0.000 0.000 0.000 0.000 0.000 0.000 0.000 0.000 0.000 0.000 0.000 0.000 0.000 0.000 0.000 07/04/1954
0.000 0.000 0.000 0.000 0.000 0.000 0.000 0.000 0.000 0.000 0.000 0.000 0.000 0.000 0.000 0.000 0.000 0.000 0.000 0.000 0.000 0.000 0.000 0.000 0.000 0.000 0.000 0.000 0.000 0.000 08/04/1954
0.000 0.000 0.000 0.000 0.000 0.000 0.000 0.000 0.000 0.000 0.000 0.000 0.000 0.000 0.000 0.000 0.000 0.000 0.000 0.000 0.000 0.000 0.000 0.000 0.000 0.000 0.000 0.000 0.000 0.000 09/04/1954
0.000 0.000 0.000 0.000 0.000 0.000 0.000 0.000 0.000 0.000 0.000 0.000 0.000 0.000 0.000 0.000 0.000 0.000 0.000 0.000 0.000 0.000 0.000 0.000 0.000 0.000 0.000 0.000 0.000 0.000 10/04/1954
0.000 0.000 0.000 0.000 0.000 0.000 0.000 0.000 0.000 0.000 0.000 0.000 0.000 0.000 0.000 0.000 0.000 0.000 0.000 0.000 0.000 0.000 0.000 0.000 0.000 0.000 0.000 0.000 0.000 0.000 11/04/1954
0.000 0.000 0.000 0.000 0.000 0.000 0.000 0.000 0.000 0.000 0.000 0.000 0.000 0.000 0.000 0.000 0.000 0.000 0.000 0.000 0.000 0.000 0.000 0.134 0.000 0.000 0.000 0.000 0.000 0.000 12/04/1954
0.000 0.000 0.000 0.000 0.000 0.000 0.000 0.000 0.000 0.000 0.000 0.000 0.000 0.000 0.000 0.000 0.000 0.000 0.000 0.000 0.000 0.000 0.000 0.000 0.000 0.000 0.000 0.000 0.131 0.000 13/04/1954
0.000 0.000 0.000 0.000 0.000 0.000 0.000 0.000 0.000 0.000 0.000 0.000 0.000 0.000 0.000 0.000 0.000 0.000 0.000 0.000 0.000 0.000 0.000 0.000 0.000 0.000 0.000 0.000 0.000 0.000 14/04/1954
0.000 0.000 0.000 0.000 0.000 0.000 0.000 0.000 0.000 0.000 0.000 0.000 0.000 0.000 0.000 0.000 0.000 0.000 0.000 0.000 0.000 0.000 0.000 0.000 0.000 0.000 0.000 0.000 0.000 0.000 15/04/1954
0.000 0.000 0.000 0.000 0.000 0.000 0.000 0.000 0.000 0.000 0.000 0.000 0.000 0.000 0.000 0.000 0.000 0.000 0.000 0.000 0.000 0.000 0.000 0.000 0.000 0.000 0.000 0.000 0.000 0.000 16/04/1954
5.243 5.127 5.151 4.668 4.608 3.830 3.278 3.245 2.857 2.861 3.823 3.234 3.402 1.310 1.399 2.045 1.368 1.678 1.280 1.047 0.997 0.472 0.563 0.455 0.454 0.985 0.782 0.568 0.451 0.457 17/04/1954
10.674 11.732 11.787 10.443 14.767 12.874 14.204 14.072 15.310 16.077 12.850 14.030 14.623 16.843 16.721 14.203 15.852 16.359 16.908 16.234 16.461 16.644 17.486 17.044 17.037 16.275 16.858 17.207 16.919 17.287 18/04/1954
5.048 5.803 5.830 6.937 8.900 5.503 7.147 7.074 8.483 10.423 5.494 7.051 8.101 9.286 11.235 6.761 7.427 8.253 9.325 10.212 6.710 6.634 7.319 7.406 7.403 6.631 6.486 7.225 7.411 7.520 19/04/1954
6.574 5.790 5.818 6.736 9.133 7.828 6.841 6.772 8.228 9.088 7.814 6.750 7.568 7.558 8.123 7.443 6.562 7.371 7.589 7.862 7.492 6.825 7.470 7.322 7.318 7.403 7.798 7.408 7.308 7.433 20/04/1954
5.121 7.204 7.237 7.926 10.760 5.161 6.996 6.925 9.111 10.618 5.152 6.903 7.848 9.087 10.227 5.840 6.180 6.830 9.125 9.724 6.614 6.795 7.446 8.350 8.346 6.537 6.351 7.379 8.284 8.477 21/04/1954
5.183 4.747 4.771 3.284 2.869 4.884 3.766 3.746 3.199 2.852 4.875 3.724 3.982 2.763 2.805 4.635 2.883 3.486 2.775 2.651 3.798 2.467 2.819 2.263 2.262 3.790 4.040 2.808 2.250 2.257 22/04/1954
6.612 3.803 3.821 2.336 1.615 2.626 1.685 1.673 1.441 1.329 2.621 1.669 2.022 0.404 0.632 1.193 0.363 0.514 0.395 0.535 0.146 0.000 0.000 0.117 0.117 0.138 0.000 0.000 0.116 0.127 23/04/1954
13.886 13.219 13.279 7.795 4.860 14.182 11.380 11.265 5.633 3.500 14.157 11.229 11.350 4.031 3.473 11.496 6.338 7.085 4.033 3.443 7.522 4.805 5.299 3.851 3.849 7.433 7.818 5.150 3.819 3.901 24/04/1954
2.196 2.859 2.872 2.958 3.531 2.406 2.528 2.500 2.662 3.099 2.402 2.494 3.030 2.484 2.735 2.171 2.280 2.603 2.466 2.571 2.173 2.137 2.430 2.564 2.563 2.164 1.935 2.413 2.528 2.572 25/04/1954
0.000 0.000 0.000 0.000 0.000 0.000 0.000 0.000 0.000 0.109 0.000 0.000 0.000 0.000 0.100 0.000 0.000 0.000 0.000 0.122 0.000 0.000 0.000 0.125 0.125 0.000 0.000 0.000 0.123 0.134 26/04/1954
0.102 0.000 0.000 0.000 0.000 0.000 0.000 0.000 0.000 0.000 0.000 0.000 0.000 0.000 0.000 0.240 0.000 0.000 0.000 0.000 0.000 0.000 0.000 0.000 0.000 0.000 0.000 0.000 0.000 0.000 27/04/1954
0.000 0.000 0.000 0.000 0.000 0.000 0.000 0.000 0.000 0.000 0.000 0.000 0.000 0.000 0.000 0.000 0.000 0.000 0.000 0.000 0.000 0.000 0.000 0.000 0.000 0.000 0.000 0.000 0.000 0.000 28/04/1954
5.013 5.177 5.199 5.317 4.772 4.128 4.248 4.256 5.068 4.351 4.121 4.243 4.880 4.072 3.330 3.385 3.474 3.822 4.076 3.382 3.205 2.827 3.396 3.750 3.748 3.173 3.041 3.345 3.721 3.805 29/04/1954
2.143 1.660 1.667 1.915 1.664 1.412 1.375 1.377 1.768 2.011 1.411 1.378 1.724 1.799 1.930 1.453 1.241 1.523 1.807 1.902 1.555 1.236 1.447 1.892 1.887 1.522 1.495 1.479 1.870 1.920 30/04/1954
16.734 14.157 14.219 12.861 16.761 16.439 13.449 13.318 14.121 16.511 16.409 13.276 13.748 13.387 15.371 13.787 12.545 13.115 13.442 13.919 13.605 12.789 13.398 12.537 12.531 13.444 14.826 13.169 12.438 12.728 01/05/1954
18.279 17.615 17.639 14.367 15.132 19.184 17.817 17.641 16.763 14.773 19.149 17.586 18.448 17.293 14.667 18.796 18.862 20.168 17.360 12.952 20.725 23.494 26.064 17.122 17.115 20.488 22.747 25.643 16.997 17.366 02/05/1954
7.576 10.792 10.842 11.708 15.770 9.605 11.773 11.655 14.652 16.288 9.587 11.617 11.779 14.371 15.679 9.994 12.473 13.011 14.428 14.461 10.138 13.453 13.809 14.839 14.832 10.034 11.498 13.578 14.728 15.054 03/05/1954
0.118 0.322 0.324 0.491 0.685 0.167 0.181 0.249 0.355 0.530 0.166 0.180 0.262 0.000 0.100 0.000 0.000 0.000 0.000 0.122 0.000 0.000 0.000 0.000 0.000 0.000 0.000 0.000 0.000 0.000 04/05/1954
0.000 0.124 0.124 0.450 0.620 0.281 0.395 0.394 0.520 0.456 0.279 0.376 0.540 0.284 0.129 0.322 0.140 0.236 0.281 0.199 0.000 0.000 0.137 0.165 0.165 0.000 0.000 0.124 0.157 0.181 05/05/1954
1.431 1.739 1.741 2.067 2.566 1.445 1.423 1.419 1.840 2.031 1.443 1.417 1.805 1.702 2.171 1.455 1.382 1.682 1.709 2.097 1.120 0.935 1.079 1.116 1.115 1.093 1.093 1.094 1.075 1.097 06/05/1954
4.154 3.671 3.688 3.780 3.501 4.972 4.903 4.863 5.522 4.872 4.964 4.851 6.155 6.850 6.770 7.424 6.558 6.951 6.879 6.551 6.640 6.267 6.805 6.455 6.487 6.565 6.811 6.858 6.655 6.550 07/05/1954
6.485 6.438 6.468 7.968 8.761 5.952 6.018 5.957 7.094 7.646 5.941 5.938 6.808 6.747 7.439 6.059 5.975 6.567 6.775 7.222 5.273 5.738 6.567 6.429 6.463 5.213 5.443 6.690 6.636 6.523 08/05/1954
4.214 6.661 6.690 8.215 9.639 5.521 6.412 6.359 7.836 15.208 5.511 6.342 6.944 11.889 22.781 6.101 7.018 6.962 11.934 18.659 6.012 9.465 11.007 16.881 16.873 5.947 6.906 10.821 16.749 17.136 09/05/1954
0.000 0.000 0.000 0.796 2.540 0.000 0.000 0.000 0.405 2.199 0.000 0.000 0.000 0.509 2.027 0.000 0.000 0.110 0.515 1.876 0.000 0.147 0.262 0.798 0.797 0.000 0.000 0.242 0.791 0.810 10/05/1954
9.336 10.161 10.208 9.713 10.444 8.974 9.626 9.528 11.197 9.589 8.958 9.497 11.233 8.675 9.512 8.075 8.855 9.448 8.711 8.400 6.958 7.474 7.650 7.682 7.679 6.890 7.938 7.535 7.628 7.787 11/05/1954
0.000 0.000 0.000 0.000 0.000 0.000 0.000 0.000 0.000 0.000 0.000 0.000 0.000 0.000 0.000 0.000 0.000 0.000 0.000 0.000 0.000 0.000 0.000 0.000 0.000 0.000 0.000 0.000 0.000 0.000 12/05/1954
0.208 0.391 0.392 0.643 0.918 0.000 0.210 0.210 0.445 0.649 0.000 0.209 0.191 0.240 0.582 0.000 0.000 0.000 0.241 0.415 0.000 0.000 0.000 0.000 0.000 0.000 0.000 0.000 0.000 0.000 13/05/1954
0.101 0.000 0.000 0.000 0.162 0.139 0.100 0.100 0.000 0.000 0.138 0.100 0.000 0.268 0.362 0.175 0.000 0.145 0.269 0.230 0.160 0.000 0.111 0.142 0.142 0.158 0.000 0.109 0.148 0.145 14/05/1954
0.000 0.000 0.000 0.000 0.000 0.000 0.000 0.000 0.000 0.000 0.000 0.000 0.000 0.000 0.000 0.000 0.000 0.000 0.000 0.000 0.000 0.000 0.000 0.000 0.000 0.000 0.000 0.000 0.000 0.000 15/05/1954
0.000 0.000 0.000 0.000 0.000 0.000 0.000 0.000 0.000 0.000 0.000 0.000 0.000 0.000 0.000 0.000 0.000 0.000 0.000 0.000 0.000 0.000 0.000 0.000 0.000 0.000 0.000 0.000 0.000 0.000 16/05/1954
1.000 0.885 0.888 0.487 0.104 0.878 0.923 0.914 0.249 0.070 0.878 0.913 0.965 0.656 0.285 0.501 0.510 0.654 0.658 0.378 0.499 0.296 0.490 0.305 0.304 0.476 0.342 0.483 0.302 0.316 17/05/1954
0.000 0.000 0.000 0.000 0.000 0.000 0.000 0.000 0.000 0.000 0.000 0.000 0.000 0.000 0.000 0.000 0.000 0.000 0.000 0.000 0.000 0.000 0.000 0.000 0.000 0.000 0.000 0.000 0.000 0.000 18/05/1954
0.000 0.000 0.000 0.000 0.000 0.000 0.000 0.000 0.000 0.000 0.000 0.000 0.000 0.000 0.000 0.000 0.000 0.000 0.000 0.000 0.000 0.000 0.000 0.000 0.000 0.000 0.000 0.000 0.000 0.000 19/05/1954
0.000 0.000 0.000 0.000 0.000 0.000 0.000 0.000 0.000 0.000 0.000 0.000 0.000 0.000 0.000 0.000 0.000 0.000 0.000 0.000 0.000 0.000 0.000 0.000 0.000 0.000 0.000 0.000 0.000 0.000 20/05/1954
0.000 0.000 0.000 0.000 0.000 0.000 0.000 0.000 0.000 0.000 0.000 0.000 0.000 0.000 0.000 0.000 0.000 0.000 0.000 0.000 0.000 0.000 0.000 0.000 0.000 0.000 0.000 0.000 0.000 0.000 21/05/1954
0.292 1.982 1.991 4.043 4.518 0.960 2.370 2.346 4.763 4.809 0.966 2.338 2.993 4.651 4.747 1.169 2.826 3.614 4.666 4.854 1.176 2.900 3.687 4.772 4.771 1.172 1.370 3.625 4.740 4.833 22/05/1954
0.100 0.000 0.000 0.184 0.000 0.100 0.000 0.000 0.103 0.000 0.100 0.000 0.000 0.000 0.000 0.000 0.000 0.000 0.000 0.000 0.000 0.000 0.000 0.000 0.000 0.000 0.000 0.000 0.000 0.000 23/05/1954
0.000 0.000 0.000 0.000 0.000 0.000 0.000 0.000 0.000 0.000 0.000 0.000 0.000 0.000 0.000 0.000 0.000 0.000 0.000 0.000 0.000 0.000 0.000 0.000 0.000 0.000 0.000 0.000 0.000 0.000 24/05/1954
0.000 0.000 0.000 0.000 0.000 0.000 0.000 0.000 0.000 0.000 0.000 0.000 0.000 0.000 0.000 0.000 0.000 0.000 0.000 0.000 0.000 0.000 0.000 0.000 0.000 0.000 0.000 0.000 0.000 0.000 25/05/1954
0.000 0.000 0.000 0.000 0.000 0.000 0.000 0.000 0.000 0.000 0.000 0.000 0.000 0.000 0.000 0.000 0.000 0.000 0.000 0.000 0.000 0.000 0.000 0.000 0.000 0.000 0.000 0.000 0.000 0.000 26/05/1954
36.555 24.647 24.763 14.764 16.587 35.693 21.022 20.809 15.621 16.003 35.643 20.741 25.561 15.164 15.105 29.174 19.546 23.138 15.225 13.337 25.037 15.700 16.170 14.278 14.271 24.745 23.941 15.910 14.166 14.494 27/05/1954
0.854 0.853 0.856 0.839 0.127 0.652 0.345 0.340 0.564 0.258 0.652 0.339 0.303 0.347 0.100 0.346 0.108 0.166 0.347 0.146 0.439 0.155 0.294 0.659 0.659 0.433 0.308 0.266 0.654 0.666 28/05/1954
2.486 2.235 2.245 1.309 1.647 1.911 1.614 1.599 0.833 0.511 1.907 1.599 2.158 0.273 0.000 1.124 0.722 0.918 0.275 0.103 0.859 0.216 0.302 0.000 0.000 0.852 0.898 0.296 0.000 0.000 29/05/1954
0.000 0.000 0.000 0.414 0.840 0.000 0.100 0.099 0.629 0.953 0.000 0.100 0.110 0.473 0.864 0.155 0.148 0.192 0.475 0.760 0.171 0.156 0.204 0.440 0.439 0.171 0.129 0.202 0.436 0.452 30/05/1954
0.697 1.076 1.081 1.337 0.917 1.118 1.265 1.263 1.233 0.933 1.116 1.260 1.641 1.260 0.868 1.520 1.524 1.779 1.268 0.795 1.511 1.292 1.563 1.293 1.293 1.469 1.449 1.580 1.289 1.292 31/05/1954
6.726 2.995 3.008 2.513 3.641 7.063 4.058 4.017 3.796 3.999 7.050 4.004 3.817 4.052 3.374 5.761 4.687 4.707 4.068 2.354 6.601 4.857 5.184 2.762 2.761 6.522 7.549 5.104 2.740 2.804 01/06/1954
3.455 3.949 3.967 4.143 3.214 4.708 4.182 4.139 3.213 3.385 4.699 4.126 3.902 3.508 3.759 3.848 3.947 3.690 3.522 2.796 3.707 4.410 4.158 4.001 3.999 3.663 4.082 4.093 3.971 4.059 02/06/1954
5.293 8.334 8.374 14.018 18.578 4.788 7.442 7.367 14.723 17.621 4.779 7.343 7.149 11.403 13.909 3.760 4.898 5.290 11.451 16.147 2.715 4.293 3.967 6.781 6.778 2.683 2.711 3.901 6.731 6.877 03/06/1954
9.897 10.254 10.303 11.136 9.878 8.218 8.462 8.376 9.221 8.898 8.202 8.349 9.499 7.385 8.695 4.800 5.105 5.754 7.413 8.214 2.952 4.038 3.758 4.039 4.037 2.916 2.864 3.694 4.009 4.097 04/06/1954
0.615 0.153 0.154 0.000 0.000 0.836 0.577 0.571 0.250 0.000 0.834 0.569 0.548 0.709 0.474 0.779 0.381 0.609 0.712 0.238 0.555 0.313 0.481 0.408 0.407 0.549 0.416 0.476 0.407 0.408 05/06/1954
0.000 0.000 0.000 0.000 0.000 0.000 0.000 0.000 0.000 0.000 0.000 0.000 0.000 0.000 0.000 0.000 0.000 0.000 0.000 0.000 0.000 0.000 0.000 0.000 0.000 0.000 0.000 0.000 0.000 0.000 06/06/1954
0.000 0.000 0.000 0.000 0.000 0.000 0.000 0.000 0.000 0.000 0.000 0.000 0.000 0.000 0.000 0.000 0.000 0.000 0.000 0.000 0.000 0.000 0.000 0.000 0.000 0.000 0.000 0.000 0.000 0.000 07/06/1954
0.000 0.000 0.000 0.000 0.142 0.000 0.000 0.000 0.000 0.000 0.000 0.000 0.000 0.000 0.000 0.000 0.000 0.000 0.000 0.100 0.147 0.388 0.620 0.607 0.606 0.145 0.000 0.589 0.593 0.623 08/06/1954
0.000 0.000 0.000 0.000 0.000 0.000 0.000 0.000 0.000 0.000 0.000 0.000 0.000 0.000 0.000 0.000 0.000 0.000 0.000 0.000 0.000 0.000 0.000 0.000 0.000 0.000 0.000 0.000 0.000 0.000 09/06/1954
0.000 0.000 0.000 0.000 0.000 0.000 0.000 0.000 0.000 0.000 0.000 0.000 0.000 0.000 0.000 0.000 0.000 0.000 0.000 0.000 0.000 0.000 0.000 0.000 0.000 0.000 0.000 0.000 0.000 0.000 10/06/1954
6.905 5.123 5.148 6.718 7.820 7.801 7.730 7.652 7.061 10.106 7.787 7.627 7.466 11.321 10.660 4.890 8.862 11.882 11.369 11.971 3.578 6.447 7.051 15.345 15.338 3.536 3.807 6.940 15.230 15.568 11/06/1954
0.000 0.000 0.000 0.000 0.000 0.000 0.000 0.000 0.000 0.000 0.000 0.000 0.000 0.000 0.000 0.000 0.000 0.000 0.000 0.000 0.000 0.000 0.000 0.000 0.000 0.000 0.000 0.000 0.000 0.000 12/06/1954
1.684 1.101 1.106 1.416 1.557 1.284 1.053 1.042 1.110 1.694 1.282 1.039 1.077 1.081 1.235 1.414 0.880 1.196 1.085 0.909 2.112 0.841 1.154 0.976 0.976 2.087 1.725 1.134 0.971 0.987 13/06/1954
2.001 1.775 1.784 3.353 5.586 1.053 1.518 1.503 2.908 7.509 1.051 1.498 1.351 3.770 9.730 0.817 1.237 1.399 3.785 10.223 0.930 1.344 1.678 5.300 5.298 0.919 0.779 1.651 5.263 5.374 14/06/1954
0.709 4.672 4.694 8.200 18.529 1.910 3.691 3.654 6.678 14.582 1.907 3.642 3.564 3.698 9.115 1.895 1.721 1.850 3.713 9.030 2.557 1.715 1.797 1.980 1.979 2.526 2.573 1.766 1.965 2.011 15/06/1954
2.377 1.992 1.999 2.017 2.568 2.490 2.133 2.117 1.782 2.857 2.486 2.112 1.784 1.927 3.234 2.368 1.714 1.801 1.935 2.244 1.560 1.348 1.689 1.987 1.986 1.542 1.269 1.661 1.971 2.018 16/06/1954
9.527 8.677 8.718 7.758 7.917 6.885 6.508 6.442 5.603 5.255 6.872 6.422 6.126 3.559 4.078 4.704 4.263 3.926 3.574 3.189 3.533 2.771 2.603 2.198 2.197 3.491 3.710 2.558 2.181 2.232 17/06/1954
3.429 3.520 3.537 3.815 3.605 2.990 4.309 4.265 4.293 4.410 2.985 4.251 4.075 5.069 4.556 3.206 4.678 4.681 5.087 4.146 3.222 4.853 5.176 6.743 6.740 3.184 3.120 5.097 6.693 6.838 18/06/1954
0.000 0.638 0.642 1.419 1.287 0.000 0.179 0.177 1.096 1.766 0.000 0.177 0.194 1.012 1.805 0.000 0.000 0.103 1.015 1.360 0.347 0.326 0.527 1.338 1.338 0.344 0.206 0.521 1.328 1.359 19/06/1954
0.000 0.000 0.000 0.000 0.000 0.000 0.000 0.000 0.000 0.000 0.000 0.000 0.000 0.000 0.000 0.000 0.000 0.000 0.000 0.000 0.000 0.000 0.000 0.000 0.000 0.000 0.000 0.000 0.000 0.000 20/06/1954
0.000 0.000 0.000 0.000 0.000 0.000 0.000 0.000 0.000 0.000 0.000 0.000 0.000 0.000 0.000 0.000 0.000 0.100 0.000 0.000 0.105 0.000 0.110 0.000 0.000 0.104 0.000 0.108 0.000 0.000 21/06/1954
2.924 3.008 3.022 2.559 2.986 1.058 1.172 1.160 1.144 1.407 1.056 1.156 1.305 0.167 0.208 0.000 0.000 0.118 0.168 0.161 0.000 0.000 0.000 0.000 0.000 0.000 0.000 0.000 0.000 0.000 22/06/1954
0.000 0.000 0.000 0.000 0.000 0.000 0.000 0.000 0.000 0.000 0.000 0.000 0.000 0.000 0.000 0.000 0.000 0.000 0.000 0.000 0.000 0.000 0.000 0.000 0.000 0.000 0.000 0.000 0.000 0.000 23/06/1954
0.000 0.000 0.000 0.000 0.000 0.000 0.000 0.000 0.000 0.000 0.000 0.000 0.000 0.000 0.000 0.000 0.000 0.000 0.000 0.000 0.000 0.000 0.000 0.000 0.000 0.000 0.000 0.000 0.000 0.000 24/06/1954
0.000 0.000 0.000 0.000 0.000 0.000 0.000 0.000 0.000 0.000 0.000 0.000 0.000 0.000 0.000 0.000 0.000 0.000 0.000 0.000 0.000 0.000 0.000 0.000 0.000 0.000 0.000 0.000 0.000 0.000 25/06/1954
1.491 1.424 1.430 1.724 1.616 1.918 1.706 1.690 1.216 1.533 1.914 1.684 1.472 1.783 2.589 1.706 1.673 1.817 1.791 1.985 1.218 1.323 1.490 1.391 1.390 1.203 1.180 1.466 1.381 1.411 26/06/1954
1.586 1.781 1.790 2.157 2.419 2.301 2.651 2.624 3.071 4.074 2.297 2.616 2.329 5.014 5.566 1.961 3.668 4.174 5.031 5.058 1.323 2.655 3.125 4.928 4.926 1.304 1.233 3.075 4.895 4.990 27/06/1954
3.979 4.135 4.153 4.935 4.590 3.891 4.208 4.167 4.133 4.536 3.884 4.155 4.035 4.092 4.116 3.673 3.823 4.311 4.107 3.768 4.212 3.753 4.248 4.410 4.408 4.169 4.112 4.177 4.379 4.469 28/06/1954
3.657 4.543 4.564 5.120 4.867 3.528 4.813 4.765 4.938 5.638 3.522 4.750 4.545 5.519 6.377 3.235 4.938 5.304 5.540 5.601 3.198 4.946 5.313 6.069 6.066 3.160 2.853 5.229 6.023 6.159 29/06/1954
7.487 6.875 6.907 9.489 9.924 7.573 7.047 6.975 8.007 10.462 7.559 6.952 6.832 8.982 10.980 6.130 6.921 7.219 9.019 9.900 5.712 6.637 6.950 9.094 9.090 5.644 5.861 6.843 9.022 9.234 30/06/1954
1.434 1.681 1.689 2.477 3.110 1.387 1.561 1.545 1.997 4.896 1.384 1.540 1.347 3.519 6.715 1.074 1.668 1.810 3.532 5.954 1.354 2.514 2.832 5.008 5.006 1.333 1.244 2.784 4.974 5.073 01/07/1954
2.213 2.220 2.229 1.896 1.434 2.085 1.784 1.766 1.043 0.973 2.083 1.760 1.533 0.649 0.443 1.143 0.822 0.895 0.650 0.383 0.778 0.324 0.492 0.155 0.155 0.768 0.607 0.478 0.155 0.156 02/07/1954
2.126 3.441 3.457 3.652 4.788 2.641 3.441 3.407 4.011 5.256 2.636 3.396 3.234 4.046 5.870 2.929 3.012 3.781 4.061 5.305 2.738 3.702 4.201 5.126 5.124 2.698 2.407 4.130 5.090 5.195 03/07/1954
0.000 0.000 0.000 0.000 0.000 0.000 0.000 0.000 0.000 0.000 0.000 0.000 0.000 0.000 0.000 0.000 0.000 0.000 0.000 0.000 0.000 0.000 0.000 0.000 0.000 0.000 0.000 0.000 0.000 0.000 04/07/1954
0.000 0.000 0.000 0.000 0.000 0.000 0.000 0.000 0.000 0.000 0.000 0.000 0.000 0.000 0.000 0.000 0.000 0.000 0.000 0.000 0.000 0.000 0.000 0.000 0.000 0.000 0.000 0.000 0.000 0.000 05/07/1954
0.000 0.000 0.000 0.000 0.000 0.000 0.000 0.000 0.000 0.000 0.000 0.000 0.000 0.000 0.000 0.000 0.000 0.000 0.000 0.000 0.000 0.000 0.000 0.000 0.000 0.000 0.000 0.000 0.000 0.000 06/07/1954
0.000 0.000 0.000 0.000 0.000 0.000 0.000 0.000 0.000 0.000 0.000 0.000 0.000 0.000 0.000 0.000 0.000 0.000 0.000 0.000 0.000 0.000 0.000 0.000 0.000 0.000 0.000 0.000 0.000 0.000 07/07/1954
0.000 0.000 0.000 0.000 0.000 0.000 0.000 0.000 0.000 0.000 0.000 0.000 0.000 0.000 0.000 0.000 0.000 0.000 0.000 0.000 0.000 0.000 0.000 0.000 0.000 0.000 0.000 0.000 0.000 0.000 08/07/1954
1.941 1.496 1.507 2.200 3.103 0.773 0.154 0.153 2.333 5.266 0.772 0.152 0.185 2.234 7.286 0.000 0.000 0.000 2.241 6.289 0.000 0.000 0.000 2.616 2.615 0.000 0.000 0.000 2.596 2.657 09/07/1954
18.672 10.101 10.147 2.691 2.240 20.872 12.414 12.289 4.139 2.328 20.835 12.249 13.567 5.327 2.773 15.849 13.114 12.586 5.349 2.388 6.628 9.468 9.073 5.482 5.480 6.549 7.217 8.918 5.440 5.565 10/07/1954
0.000 0.000 0.000 0.000 0.000 0.000 0.000 0.000 0.000 0.000 0.000 0.000 0.000 0.000 0.000 0.000 0.000 0.000 0.000 0.000 0.000 0.000 0.000 0.116 0.116 0.000 0.000 0.000 0.116 0.116 11/07/1954
4.912 5.320 5.345 4.683 4.972 4.412 5.197 5.145 6.356 6.757 4.404 5.128 5.277 6.070 6.205 4.479 4.431 4.989 6.094 5.656 4.554 4.394 4.950 5.310 5.308 4.507 4.267 4.866 5.268 5.392 12/07/1954
0.000 0.000 0.000 0.000 0.000 0.000 0.000 0.000 0.000 0.000 0.000 0.000 0.000 0.000 0.000 0.000 0.000 0.000 0.000 0.000 0.000 0.000 0.000 0.000 0.000 0.000 0.000 0.000 0.000 0.000 13/07/1954
0.000 0.423 0.425 0.972 1.391 0.000 0.000 0.000 0.655 2.609 0.000 0.000 0.116 1.477 3.866 0.000 0.000 0.129 1.483 3.424 0.170 1.026 1.362 3.126 3.124 0.165 0.111 1.339 3.101 3.173 14/07/1954
0.000 0.000 0.000 0.000 0.966 0.000 0.000 0.000 0.533 4.414 0.000 0.000 0.105 4.232 8.798 0.000 0.625 1.023 4.250 6.941 0.329 5.655 5.746 10.156 10.152 0.313 0.173 5.651 10.081 10.304 15/07/1954
0.000 0.000 0.000 0.000 0.000 0.000 0.000 0.000 0.000 1.125 0.000 0.000 0.000 0.563 2.546 0.000 0.000 0.000 0.564 1.825 0.000 0.326 0.525 1.645 1.644 0.000 0.000 0.519 1.632 1.668 16/07/1954
0.000 0.000 0.000 0.000 0.000 0.000 0.000 0.000 0.114 0.000 0.000 0.000 0.000 0.000 0.000 0.178 0.000 0.000 0.000 0.100 0.000 0.000 0.000 0.372 0.372 0.000 0.000 0.000 0.372 0.372 17/07/1954
0.000 0.000 0.000 0.000 0.000 0.000 0.000 0.000 0.000 0.000 0.000 0.000 0.000 0.000 0.000 0.000 0.000 0.000 0.000 0.000 0.000 0.000 0.000 0.000 0.000 0.000 0.000 0.000 0.000 0.000 18/07/1954
0.000 0.000 0.000 0.000 0.000 0.000 0.000 0.000 0.000 0.000 0.000 0.000 0.000 0.000 0.000 0.000 0.000 0.000 0.000 0.000 0.000 0.000 0.000 0.000 0.000 0.000 0.000 0.000 0.000 0.000 19/07/1954
0.000 0.222 0.224 0.560 0.809 0.000 0.000 0.000 0.161 0.502 0.000 0.000 0.000 0.000 0.000 0.000 0.000 0.000 0.000 0.102 0.000 0.000 0.000 0.000 0.000 0.000 0.000 0.000 0.000 0.000 20/07/1954
0.000 0.000 0.000 0.000 0.000 0.000 0.000 0.000 0.000 0.000 0.000 0.000 0.000 0.000 0.000 0.000 0.000 0.000 0.000 0.000 0.000 0.000 0.000 0.000 0.000 0.000 0.000 0.000 0.000 0.000 21/07/1954
0.000 0.000 0.000 0.000 0.000 0.000 0.000 0.000 0.000 0.000 0.000 0.000 0.000 0.000 0.000 0.000 0.000 0.000 0.000 0.000 0.000 0.000 0.000 0.000 0.000 0.000 0.000 0.000 0.000 0.000 22/07/1954
0.000 0.000 0.000 0.000 0.000 0.000 0.000 0.000 0.000 0.000 0.000 0.000 0.000 0.000 0.000 0.000 0.000 0.000 0.000 0.000 0.000 0.000 0.000 0.000 0.000 0.000 0.000 0.000 0.000 0.000 23/07/1954
0.000 0.000 0.000 0.000 0.000 0.000 0.000 0.000 0.000 0.000 0.000 0.000 0.000 0.000 0.000 0.000 0.000 0.000 0.000 0.000 0.000 0.000 0.000 0.000 0.000 0.000 0.000 0.000 0.000 0.000 24/07/1954
0.000 0.000 0.000 0.000 0.000 0.000 0.000 0.000 0.000 0.000 0.000 0.000 0.000 0.000 0.000 0.000 0.000 0.000 0.000 0.000 0.000 0.000 0.000 0.000 0.000 0.000 0.000 0.000 0.000 0.000 25/07/1954
0.788 0.438 0.444 0.259 0.187 0.616 0.423 0.404 0.330 0.273 0.616 0.398 0.469 0.475 0.289 0.652 0.495 0.721 0.475 0.177 0.863 0.514 0.760 0.447 0.447 0.852 0.972 0.754 0.444 0.452 26/07/1954
0.000 0.000 0.000 0.000 0.000 0.000 0.000 0.000 0.000 0.000 0.000 0.000 0.000 0.000 0.000 0.000 0.000 0.000 0.000 0.000 0.000 0.000 0.000 0.000 0.000 0.000 0.000 0.000 0.000 0.000 27/07/1954
6.123 7.216 7.250 8.464 6.904 6.912 7.427 7.352 6.268 6.319 6.899 7.328 7.133 5.842 6.471 6.638 6.908 7.199 5.864 5.699 6.591 6.733 7.039 5.483 5.480 6.515 6.773 6.926 5.443 5.561 28/07/1954
0.000 0.000 0.000 0.000 0.000 0.000 0.000 0.000 0.000 0.000 0.000 0.000 0.000 0.000 0.000 0.000 0.000 0.000 0.000 0.000 0.000 0.000 0.000 0.000 0.000 0.000 0.000 0.000 0.000 0.000 29/07/1954
0.000 0.000 0.000 0.000 0.000 0.000 0.000 0.000 0.000 0.000 0.000 0.000 0.000 0.000 0.000 0.000 0.000 0.000 0.000 0.000 0.000 0.000 0.000 0.000 0.000 0.000 0.000 0.000 0.000 0.000 30/07/1954
0.000 0.000 0.000 0.000 0.000 0.000 0.000 0.000 0.000 0.000 0.000 0.000 0.000 0.000 0.000 0.000 0.000 0.000 0.000 0.000 0.000 0.000 0.000 0.000 0.000 0.000 0.000 0.000 0.000 0.000 31/07/1954
