# 6448 6449 6450 6451 6452 6528 6529 6530 6531 6532 6610 6611 6612 6613 6614 6693 6694 6695 6696 6697 6776 6777 6778 6779 6780 6859 6860 6861 6862 6863 Date
19.184 19.083 19.039 18.066 18.689 19.064 18.964 19.033 18.785 18.501 19.082 19.058 18.977 19.139 18.796 19.222 19.347 19.140 19.094 19.086 19.173 19.418 19.215 19.164 19.168 19.294 19.206 19.411 19.267 19.018 01/08/1961
19.494 19.146 19.053 18.740 17.955 19.019 18.902 19.078 18.634 17.759 19.045 19.137 18.861 18.491 18.082 19.397 19.610 18.828 18.423 18.490 19.652 19.480 18.722 18.871 18.877 19.858 19.660 18.942 18.964 18.655 02/08/1961
20.639 20.504 20.371 20.168 20.515 20.207 20.007 20.236 20.915 20.358 20.237 20.304 21.073 20.708 20.373 20.352 21.514 20.890 20.666 20.568 20.503 21.479 20.852 20.875 20.876 20.748 21.513 21.029 20.968 20.735 03/08/1961
21.190 21.107 21.052 20.909 20.344 21.071 20.704 20.973 20.788 20.354 21.105 21.025 21.119 20.651 20.655 21.029 21.145 21.016 20.566 20.590 20.926 21.046 20.959 21.056 21.061 21.109 21.196 21.198 21.174 20.804 04/08/1961
21.896 21.859 21.815 21.220 21.608 22.033 21.968 22.068 21.966 21.791 22.050 22.102 22.172 22.131 22.196 22.490 22.368 22.022 22.068 21.990 22.373 22.179 21.844 22.164 22.166 22.510 22.499 22.096 22.240 21.990 05/08/1961
23.857 23.705 23.630 23.714 23.635 23.751 23.674 23.760 24.195 23.528 23.764 23.789 24.581 24.014 24.085 24.353 24.414 24.267 23.969 24.079 24.570 24.251 24.048 24.000 24.010 24.827 24.649 24.367 24.205 23.838 06/08/1961
25.864 25.867 25.783 25.749 25.087 25.810 25.679 25.847 25.310 24.966 25.842 25.900 25.912 25.261 25.633 25.317 25.475 25.459 25.153 25.382 25.132 25.649 25.520 25.753 25.767 25.240 25.634 25.947 25.966 25.390 07/08/1961
20.628 20.801 20.730 20.242 20.127 20.876 21.299 21.273 20.367 19.972 20.871 21.265 20.685 20.346 20.314 20.579 21.114 20.558 20.271 20.448 20.646 21.273 20.668 20.999 21.005 20.785 21.004 20.994 21.140 20.685 08/08/1961
18.254 18.051 17.993 17.770 17.806 18.477 18.345 18.393 17.407 17.781 18.498 18.400 17.886 17.612 18.012 18.312 19.007 18.336 17.562 17.289 18.753 19.112 18.457 18.160 18.163 18.930 19.055 18.626 18.236 18.030 09/08/1961
17.178 16.914 16.847 17.231 16.428 17.336 17.001 17.155 17.250 16.462 17.363 17.188 17.452 17.073 16.474 17.643 18.374 17.514 17.043 16.822 18.047 18.488 17.677 17.277 17.285 18.171 18.795 17.764 17.360 17.178 10/08/1961
17.378 17.236 17.194 16.438 15.927 16.984 16.795 16.985 16.593 15.988 17.012 17.048 16.601 16.545 15.962 17.791 17.859 17.054 16.529 16.382 18.280 18.020 17.240 17.016 17.027 18.352 18.443 17.408 17.124 16.806 11/08/1961
15.524 15.206 15.137 15.238 14.604 15.129 14.919 15.034 15.419 15.242 15.160 15.090 15.380 15.541 15.352 15.417 15.868 15.672 15.471 15.304 15.860 16.103 15.828 15.743 15.751 15.995 16.290 16.075 15.896 15.490 12/08/1961
14.429 14.190 14.102 13.856 13.700 14.295 13.877 13.962 14.233 13.980 14.328 14.016 14.190 14.410 14.310 15.150 15.305 14.489 14.333 14.189 15.387 15.541 14.693 14.999 15.006 15.517 15.744 14.986 15.108 14.741 13/08/1961
16.955 16.731 16.678 16.493 16.541 16.826 16.678 16.757 17.183 16.899 16.839 16.801 17.162 17.011 16.976 16.861 17.560 17.073 16.956 16.908 17.078 17.654 17.182 17.350 17.357 17.267 17.745 17.415 17.458 17.151 14/08/1961
14.820 14.453 14.435 13.934 14.204 14.598 14.444 14.508 14.830 14.546 14.609 14.542 14.807 14.663 14.619 14.356 15.120 14.836 14.596 14.563 14.817 15.344 15.098 15.117 15.124 14.938 15.449 15.267 15.175 14.994 15/08/1961
16.285 16.278 16.226 15.787 16.350 16.275 16.162 16.246 16.714 16.537 16.291 16.294 16.819 16.527 16.719 16.601 17.285 16.812 16.481 16.632 16.731 17.289 16.839 16.709 16.713 16.859 17.352 17.044 16.825 16.545 16/08/1961
17.716 17.956 17.914 17.970 17.999 17.862 17.806 17.889 18.038 18.156 17.879 17.923 18.292 18.068 18.501 18.211 18.602 18.388 18.016 18.256 18.157 18.449 18.165 18.177 18.184 18.253 18.547 18.462 18.296 17.923 17/08/1961
20.052 20.219 20.147 19.792 21.050 20.078 19.811 20.017 19.983 21.079 20.085 20.043 20.147 19.826 21.296 20.464 20.343 20.123 19.770 19.922 20.360 20.279 20.072 19.881 19.886 20.574 20.274 20.344 20.017 19.635 18/08/1961
20.502 20.608 20.498 19.338 20.368 20.024 19.782 20.042 20.730 20.451 20.052 20.095 20.491 20.274 20.500 19.939 20.368 20.304 20.266 20.901 19.903 20.350 20.243 20.307 20.309 20.093 20.243 20.299 20.351 20.245 19/08/1961
20.076 20.039 19.956 19.943 20.779 19.673 19.431 19.656 20.418 20.920 19.704 19.716 20.493 20.441 21.186 20.187 20.482 20.358 20.395 21.111 20.203 20.385 20.254 20.417 20.418 20.375 21.090 20.417 20.487 20.245 20/08/1961
19.761 19.970 19.928 19.897 21.018 19.785 19.981 20.150 20.786 21.089 19.805 20.193 20.447 21.008 21.085 19.697 20.597 20.439 20.962 21.215 20.652 21.224 21.055 21.254 21.260 20.773 20.944 21.223 21.305 21.134 21/08/1961
20.660 20.620 20.594 19.959 21.005 20.567 20.509 20.604 21.045 21.071 20.579 20.631 20.999 21.039 21.093 20.440 21.069 20.917 21.015 21.157 20.661 21.185 21.015 21.094 21.104 20.761 21.169 21.274 21.224 20.979 22/08/1961
19.968 19.688 19.613 19.374 20.081 19.331 19.239 19.359 19.890 20.059 19.349 19.411 19.838 20.095 19.862 19.106 19.585 19.629 20.054 19.747 19.253 19.564 19.589 19.487 19.488 19.340 19.431 19.773 19.549 19.421 23/08/1961
19.679 19.314 19.285 18.867 18.762 18.846 18.617 18.660 19.135 18.700 18.864 18.686 19.268 19.123 18.560 17.746 19.005 19.193 19.064 18.714 17.647 18.715 18.880 18.859 18.868 17.763 18.370 19.157 18.980 18.618 24/08/1961
17.002 16.840 16.781 15.861 15.610 16.446 16.153 16.318 16.105 15.686 16.475 16.377 16.322 16.238 15.865 16.305 16.809 16.507 16.173 15.903 16.577 16.698 16.378 16.137 16.143 16.726 16.753 16.541 16.269 15.938 25/08/1961
17.943 17.771 17.721 16.475 16.480 17.499 17.245 17.384 17.451 16.656 17.538 17.427 17.477 17.818 16.890 17.448 17.830 17.795 17.759 17.509 17.869 17.802 17.764 17.695 17.700 18.026 17.946 18.042 17.831 17.492 26/08/1961
17.812 17.663 17.588 16.827 16.698 17.438 17.099 17.201 17.442 16.929 17.476 17.243 17.226 17.788 17.133 17.723 17.993 17.686 17.730 17.312 18.247 18.134 17.976 17.740 17.743 18.424 18.458 18.193 17.827 17.574 27/08/1961
17.878 17.895 17.830 17.501 17.187 17.770 17.607 17.704 17.844 17.479 17.804 17.763 17.799 17.847 18.026 17.907 18.080 18.010 17.790 17.881 18.176 18.010 18.001 17.921 17.925 18.288 18.225 18.153 17.986 17.717 28/08/1961
18.562 18.699 18.631 18.379 17.375 18.556 18.334 18.485 17.903 17.694 18.573 18.517 17.883 17.840 18.048 18.821 19.415 17.940 17.758 17.845 18.977 19.407 17.902 18.019 18.026 19.157 19.540 18.226 18.144 17.734 29/08/1961
15.846 15.692 15.633 14.496 14.133 15.563 15.299 15.462 14.830 14.298 15.586 15.500 14.927 14.683 14.520 15.918 15.980 14.860 14.607 14.625 15.984 16.028 14.945 14.961 14.972 16.136 16.190 15.233 15.115 14.700 30/08/1961
11.827 11.926 11.881 10.676 11.275 11.658 11.708 11.845 11.079 11.380 11.679 11.878 11.624 11.097 11.459 11.660 11.751 11.322 11.069 11.241 12.044 11.919 11.487 11.421 11.428 12.213 12.056 11.708 11.519 11.280 31/08/1961
10.331 9.995 9.962 9.211 9.047 9.992 9.981 10.074 11.045 9.722 9.995 10.112 11.450 10.763 9.912 10.544 10.495 11.223 10.610 10.702 11.211 10.766 11.474 11.422 11.428 11.331 11.254 11.798 11.555 11.131 01/09/1961
13.723 13.429 13.425 12.712 12.522 13.603 13.478 13.536 13.938 12.968 13.607 13.557 14.210 13.643 13.239 13.580 13.458 14.063 13.537 13.553 13.959 13.547 14.146 14.122 14.126 14.046 13.976 14.508 14.290 13.805 02/09/1961
13.374 13.127 13.075 11.931 12.213 13.261 13.009 13.098 13.240 12.488 13.266 13.120 13.480 13.058 12.812 13.574 13.664 13.457 12.968 12.987 13.927 13.704 13.436 13.439 13.442 14.079 14.182 13.714 13.558 13.199 03/09/1961
15.093 14.893 14.842 13.681 13.596 15.043 14.765 14.860 14.507 14.036 15.057 14.887 14.799 14.480 14.344 15.132 15.423 14.905 14.466 14.419 15.354 15.484 14.956 14.822 14.827 15.434 15.725 15.086 14.904 14.716 04/09/1961
17.047 16.769 16.747 15.913 15.219 16.633 16.518 16.596 16.034 15.510 16.647 16.627 16.065 16.238 15.894 17.250 17.589 16.381 16.210 16.061 17.018 17.374 16.177 15.986 15.986 16.990 17.587 16.244 16.030 15.961 05/09/1961
19.297 19.226 19.205 18.390 18.027 19.017 18.827 18.873 18.874 18.377 19.027 18.873 18.827 18.803 18.370 18.893 19.222 18.787 18.770 18.684 18.500 18.928 18.522 18.671 18.671 18.496 19.085 18.611 18.724 18.598 06/09/1961
20.856 20.672 20.613 20.274 19.458 20.413 20.345 20.460 20.441 20.088 20.435 20.500 20.360 19.754 19.678 20.532 20.577 19.876 19.724 19.656 20.406 20.639 19.908 19.871 19.875 20.484 20.656 20.000 19.938 19.797 07/09/1961
21.236 21.089 21.045 19.751 19.737 20.952 20.790 20.918 20.676 19.880 20.973 20.952 20.631 20.390 19.736 20.664 20.625 20.324 20.372 20.196 20.669 20.856 20.506 20.506 20.508 20.803 20.784 20.601 20.565 20.433 08/09/1961
17.987 17.690 17.633 17.496 17.349 17.645 17.326 17.472 18.024 17.166 17.663 17.509 18.057 17.679 17.331 17.570 18.124 17.780 17.641 17.674 17.610 18.140 17.786 17.833 17.838 17.785 18.310 17.959 17.921 17.668 09/09/1961
17.774 17.478 17.409 17.844 17.968 17.623 17.066 17.247 17.655 17.907 17.644 17.310 17.727 17.593 18.095 17.832 18.182 17.813 17.552 17.867 17.821 18.255 17.896 18.100 18.107 18.006 18.302 18.015 18.204 17.948 10/09/1961
18.050 17.782 17.714 17.869 17.918 18.181 17.879 18.013 18.758 18.399 18.210 18.063 18.969 18.831 18.879 18.551 18.766 18.858 18.782 19.015 18.800 19.056 19.140 19.211 19.214 18.924 19.011 19.258 19.272 19.088 11/09/1961
17.778 17.779 17.706 17.301 17.457 17.651 17.390 17.553 17.612 18.022 17.674 17.596 17.472 17.618 18.455 18.243 18.801 17.552 17.525 17.729 18.301 18.788 17.557 17.634 17.646 18.484 18.806 17.899 17.821 17.321 12/09/1961
14.603 14.442 14.405 14.011 14.284 14.424 14.328 14.452 14.895 14.431 14.449 14.463 14.815 14.685 14.495 14.949 14.921 14.916 14.634 14.672 15.035 14.853 14.836 14.781 14.789 15.167 15.000 15.057 14.890 14.605 13/09/1961
13.835 13.714 13.684 13.387 13.299 13.691 13.678 13.786 13.782 13.473 13.708 13.818 13.839 13.570 13.388 13.956 14.144 13.795 13.537 13.528 14.081 14.128 13.871 13.759 13.767 14.280 14.261 13.995 13.824 13.627 14/09/1961
14.361 14.181 14.139 13.809 14.046 14.198 13.964 14.040 14.378 14.151 14.220 14.092 14.269 14.119 14.047 14.706 14.691 14.257 14.089 13.990 14.628 14.484 14.074 14.177 14.181 14.684 14.734 14.172 14.210 14.064 15/09/1961
15.823 15.619 15.507 15.404 15.094 15.387 15.414 15.460 16.046 15.433 15.389 15.501 15.757 15.988 15.373 16.375 15.756 15.835 15.972 16.073 16.327 15.455 15.508 15.700 15.700 16.405 15.801 15.561 15.732 15.660 16/09/1961
17.933 17.747 17.684 17.815 17.691 17.716 17.541 17.613 18.710 17.961 17.726 17.644 18.282 18.529 18.044 18.189 18.997 18.301 18.461 18.595 18.288 19.213 18.606 18.865 18.869 18.300 19.093 18.778 18.943 18.696 17/09/1961
17.991 17.714 17.648 17.203 17.453 17.381 17.362 17.438 17.875 17.338 17.388 17.465 17.681 18.081 17.531 17.431 18.621 17.885 18.048 18.083 17.443 18.421 17.675 17.964 17.965 17.513 18.543 17.792 17.976 17.891 18/09/1961
16.748 16.498 16.441 15.861 16.233 16.334 16.174 16.308 16.401 16.091 16.357 16.357 16.675 16.533 16.389 16.718 16.703 16.665 16.488 16.561 16.427 16.634 16.615 16.601 16.610 16.564 16.717 16.811 16.666 16.434 19/09/1961
16.103 15.881 15.802 15.828 15.558 15.764 15.409 15.548 15.794 15.369 15.788 15.589 15.725 15.931 15.587 16.293 16.232 15.596 15.904 15.667 16.113 16.034 15.445 15.572 15.579 16.220 16.221 15.593 15.645 15.440 20/09/1961
15.949 15.732 15.577 16.159 15.025 15.385 15.337 15.510 15.059 15.165 15.415 15.547 15.100 15.341 15.524 15.508 15.371 15.128 15.234 15.230 15.596 15.357 15.043 15.686 15.700 15.825 15.530 15.451 15.872 15.395 21/09/1961
12.618 12.399 12.295 12.451 12.235 12.447 12.104 12.297 13.120 12.680 12.482 12.363 13.199 13.321 12.937 13.205 13.437 13.389 13.209 12.930 13.425 13.395 13.248 13.539 13.551 13.640 13.576 13.626 13.723 13.240 22/09/1961
13.390 12.962 12.929 12.169 12.262 13.253 12.875 12.945 13.291 12.837 13.267 12.968 13.215 13.144 12.999 12.829 13.023 13.049 13.065 13.170 13.303 13.336 13.284 13.560 13.571 13.459 13.566 13.555 13.695 13.307 23/09/1961
14.130 13.878 13.820 13.113 14.005 14.046 13.684 13.842 14.514 14.428 14.078 13.898 14.627 14.698 14.590 13.982 14.233 14.397 14.625 14.735 13.910 13.944 14.147 14.803 14.813 14.147 14.273 14.451 14.928 14.535 24/09/1961
15.910 15.480 15.424 15.204 15.662 15.539 15.127 15.272 16.133 15.668 15.566 15.295 16.048 16.189 15.885 16.518 16.474 16.068 16.122 15.972 16.644 16.283 15.920 16.260 16.264 16.847 17.088 16.136 16.343 16.023 25/09/1961
16.227 16.006 15.918 15.216 14.683 15.787 15.585 15.774 15.600 14.913 15.817 15.828 15.592 15.695 15.160 17.131 16.944 15.617 15.605 15.542 17.366 16.642 15.344 15.761 15.767 17.693 17.302 15.697 15.925 15.488 26/09/1961
17.312 17.073 17.015 16.731 16.730 17.003 16.775 16.888 17.378 17.067 17.020 16.915 17.246 17.518 17.175 17.431 17.174 17.273 17.457 17.359 17.376 17.019 17.139 17.541 17.548 17.541 17.416 17.362 17.666 17.344 27/09/1961
19.614 19.478 19.370 18.723 18.490 19.195 19.031 19.193 19.841 18.595 19.203 19.245 19.767 19.707 18.714 19.758 19.591 19.683 19.605 19.344 19.689 19.519 19.559 19.729 19.737 19.820 19.772 19.906 19.839 19.414 28/09/1961
19.715 19.856 19.817 18.523 18.313 19.415 19.208 19.279 19.190 18.212 19.434 19.322 19.483 18.843 18.432 20.107 20.445 19.232 18.791 18.705 20.018 20.360 19.081 18.917 18.920 20.103 20.606 19.291 19.007 18.756 29/09/1961
22.624 22.495 22.423 20.284 19.766 21.977 21.703 21.910 21.901 19.693 22.010 21.968 22.129 21.252 19.688 21.883 21.121 21.585 21.231 21.061 21.613 20.752 21.169 20.972 20.977 21.817 21.077 21.315 21.064 20.852 30/09/1961
20.775 20.555 20.507 20.606 19.658 20.228 19.943 20.077 19.716 19.220 20.251 20.118 19.952 19.000 18.678 20.439 20.770 19.596 19.039 18.938 20.142 20.573 19.362 18.982 18.985 20.093 20.742 19.546 19.063 18.867 01/10/1961
16.349 16.161 16.115 17.053 15.812 16.031 15.930 15.947 15.702 15.619 16.046 15.963 15.516 15.770 15.776 16.368 16.239 15.854 15.790 15.809 16.983 16.750 16.403 16.309 16.311 17.062 16.723 16.457 16.318 16.236 02/10/1961
14.356 14.109 14.022 13.836 13.416 14.241 13.822 13.931 14.127 13.727 14.267 14.004 13.978 14.286 13.755 14.401 14.340 14.236 14.247 13.947 15.140 14.842 14.778 14.969 14.973 15.378 14.959 14.876 15.022 14.820 03/10/1961
12.685 12.006 11.948 10.496 9.709 12.428 12.084 12.212 11.377 10.416 12.461 12.254 11.496 11.091 10.423 11.546 11.605 11.158 11.068 10.681 12.405 12.157 11.833 11.830 11.833 12.653 12.379 11.952 11.896 11.716 04/10/1961
11.007 10.378 10.353 9.027 8.190 10.397 9.899 10.019 9.551 8.389 10.401 10.046 9.882 9.413 8.502 11.444 10.343 9.600 9.422 8.787 11.686 10.559 9.876 9.454 9.453 11.889 11.583 9.933 9.482 9.344 05/10/1961
10.492 10.116 10.032 9.495 10.325 10.077 9.682 9.857 10.146 10.166 10.097 9.905 10.232 10.334 10.184 11.182 10.745 10.494 10.362 9.978 11.341 10.736 10.502 10.463 10.461 11.468 11.178 10.453 10.451 10.467 06/10/1961
12.950 12.539 12.466 11.898 11.845 12.575 12.044 12.287 11.984 11.626 12.610 12.335 12.193 12.099 11.498 12.601 12.431 12.389 12.067 11.536 12.676 12.308 12.255 12.133 12.135 12.841 12.660 12.435 12.181 12.025 07/10/1961
12.089 11.988 11.963 11.672 11.313 11.893 11.746 11.800 11.513 11.231 11.907 11.825 11.619 11.627 11.288 12.444 12.170 11.703 11.609 11.436 12.504 12.122 11.664 11.672 11.671 12.601 12.332 11.741 11.706 11.617 08/10/1961
12.839 12.549 12.524 11.198 11.595 12.725 12.516 12.570 12.386 11.712 12.740 12.600 12.507 12.367 11.806 13.494 13.419 12.537 12.344 12.374 13.433 13.339 12.477 12.460 12.459 13.505 13.543 12.549 12.492 12.371 09/10/1961
14.175 13.970 13.936 13.339 14.026 13.942 13.799 13.924 14.433 14.019 13.963 13.950 14.418 14.465 14.183 14.506 14.748 14.517 14.428 14.312 14.556 14.715 14.464 14.547 14.548 14.656 14.836 14.546 14.598 14.451 10/10/1961
15.612 15.003 14.963 14.284 14.705 15.129 14.874 14.984 15.405 14.865 15.154 15.015 15.401 15.465 15.089 15.681 15.673 15.440 15.413 15.114 15.521 15.479 15.233 15.334 15.334 15.665 15.662 15.362 15.398 15.195 11/10/1961
17.180 16.908 16.897 16.593 15.772 16.903 16.854 16.879 16.595 16.010 16.905 16.881 16.597 16.489 15.959 17.398 17.665 16.382 16.464 16.270 17.441 17.678 16.461 16.636 16.634 17.591 17.808 16.460 16.664 16.610 12/10/1961
18.220 17.832 17.812 16.741 16.566 18.235 18.208 18.247 17.876 17.081 18.242 18.242 18.220 17.741 17.267 18.589 18.484 18.077 17.701 17.464 18.771 18.582 18.195 18.202 18.206 18.880 18.699 18.351 18.251 18.072 13/10/1961
15.025 14.706 14.677 13.637 12.854 15.006 14.825 14.913 14.093 13.263 15.024 14.944 14.466 14.085 13.622 15.351 14.763 14.523 14.062 13.768 15.739 15.034 14.856 14.646 14.648 15.787 15.448 14.954 14.681 14.518 14/10/1961
11.203 11.013 10.965 9.919 9.736 11.536 11.391 11.429 10.990 10.531 11.554 11.452 11.069 11.074 10.932 12.034 11.816 11.256 11.025 10.867 12.381 12.221 11.657 11.618 11.617 12.401 12.352 11.777 11.668 11.422 15/10/1961
10.251 10.307 10.247 9.517 9.197 10.306 10.216 10.369 9.534 9.619 10.336 10.402 9.565 9.785 10.115 10.218 10.188 9.782 9.744 9.707 10.666 10.454 10.087 10.295 10.298 10.773 10.459 10.167 10.341 10.131 16/10/1961
9.860 9.786 9.764 8.799 9.125 9.505 9.558 9.675 8.846 8.777 9.529 9.694 9.051 8.968 8.604 10.088 10.284 9.163 8.979 8.918 9.930 10.116 8.913 9.033 9.039 10.014 10.121 8.999 9.090 8.959 17/10/1961
8.641 8.216 8.196 7.206 7.774 8.571 8.226 8.284 8.674 7.952 8.585 8.322 8.839 8.646 7.953 8.931 8.890 8.999 8.666 8.311 9.270 9.370 9.379 9.365 9.366 9.357 9.470 9.382 9.374 9.361 18/10/1961
7.679 7.399 7.364 6.514 6.889 7.539 7.207 7.319 7.154 7.178 7.564 7.371 7.227 7.389 7.638 7.920 7.805 7.557 7.359 7.097 8.222 8.109 7.814 7.852 7.854 8.323 8.305 7.942 7.928 7.754 19/10/1961
11.632 11.553 11.524 11.718 11.636 11.752 11.873 11.951 12.874 11.881 11.779 11.996 12.903 12.677 12.331 12.544 13.403 13.013 12.611 12.474 12.953 13.604 13.152 13.039 13.048 13.039 13.638 13.421 13.161 12.769 20/10/1961
12.687 12.942 12.923 13.345 13.095 12.605 12.649 12.767 13.322 12.794 12.622 12.793 13.295 13.173 12.946 14.055 13.841 13.434 13.137 13.162 14.203 13.810 13.375 13.521 13.528 14.338 13.800 13.568 13.589 13.326 21/10/1961
12.265 12.228 12.207 12.085 11.252 12.278 12.203 12.264 12.207 11.533 12.292 12.287 12.108 12.653 12.101 14.184 13.234 12.440 12.625 12.220 14.510 13.328 12.593 12.900 12.907 14.593 13.581 12.740 12.981 12.771 22/10/1961
9.120 8.855 8.824 8.451 9.066 9.004 8.797 8.904 9.431 10.085 9.018 8.899 9.651 9.984 10.515 10.015 10.086 10.006 9.953 10.313 10.323 10.224 10.171 10.343 10.348 10.477 10.631 10.247 10.418 10.252 23/10/1961
9.054 9.080 9.057 8.521 8.824 8.406 8.844 8.900 8.814 8.915 8.405 8.867 9.235 8.650 9.168 9.326 9.580 9.220 8.620 9.203 9.232 9.274 8.765 8.596 8.600 9.200 9.213 8.897 8.645 8.518 24/10/1961
8.974 9.053 9.047 8.969 9.179 8.507 8.694 8.655 8.506 9.024 8.516 8.651 8.673 8.624 9.253 10.203 10.143 8.920 8.670 8.631 9.878 9.821 8.493 8.182 8.178 9.793 9.787 8.402 8.107 8.346 25/10/1961
11.265 11.448 11.379 10.845 10.639 10.057 10.253 10.408 10.488 10.609 10.077 10.438 10.323 11.055 11.285 11.442 12.187 11.357 11.003 11.093 10.709 11.267 10.329 10.580 10.590 10.830 11.269 10.565 10.669 10.382 26/10/1961
11.617 11.353 11.115 11.769 11.272 10.065 9.819 10.148 9.568 10.885 10.137 10.281 9.497 9.613 10.792 10.273 10.226 9.869 9.573 9.539 9.439 9.637 9.233 9.421 9.423 9.783 9.125 9.389 9.464 9.258 27/10/1961
10.893 10.733 10.667 9.455 9.659 10.268 10.084 10.222 9.594 10.431 10.306 10.240 10.721 10.358 10.355 10.437 10.800 10.638 10.321 10.306 10.430 10.643 10.471 10.143 10.153 10.618 10.960 10.679 10.279 9.982 28/10/1961
10.491 10.397 10.368 10.293 10.440 10.030 9.776 9.889 10.425 10.544 10.055 9.911 10.334 10.362 10.388 10.152 10.538 10.366 10.323 10.264 9.972 10.521 10.372 10.361 10.369 10.078 10.292 10.523 10.433 10.220 29/10/1961
10.724 10.362 10.331 9.757 9.911 10.461 9.940 10.003 10.116 9.746 10.465 10.032 10.269 10.023 9.690 10.350 10.563 10.446 10.011 9.556 10.550 10.810 10.647 10.353 10.352 10.545 10.985 10.770 10.379 10.227 30/10/1961
11.602 10.987 10.985 10.266 10.304 11.474 11.126 11.136 10.560 10.084 11.460 11.140 11.288 10.869 10.511 11.744 11.703 11.321 10.848 10.537 12.124 12.178 11.786 11.274 11.276 12.219 12.206 11.821 11.315 11.237 31/10/1961
10.332 9.951 9.935 9.935 10.280 10.299 9.914 9.974 10.333 10.026 10.300 9.989 10.455 10.422 10.028 10.617 10.833 10.698 10.365 9.996 10.991 11.210 10.991 10.773 10.776 10.916 11.425 11.159 10.852 10.596 01/11/1961
11.132 11.061 11.030 10.982 10.694 11.288 11.027 11.099 10.502 10.851 11.298 11.106 10.599 10.658 10.967 11.111 11.177 10.872 10.618 10.420 11.589 11.306 11.011 10.940 10.942 11.634 11.473 11.098 10.995 10.846 02/11/1961
10.691 10.549 10.510 9.824 10.550 10.608 10.354 10.427 11.510 10.637 10.622 10.463 11.575 11.192 10.677 11.030 11.647 11.537 11.142 11.119 10.924 11.374 11.067 11.144 11.144 10.931 11.694 11.071 11.149 11.128 03/11/1961
10.059 9.589 9.541 9.193 9.688 10.111 9.470 9.564 9.776 9.863 10.133 9.604 9.934 9.343 9.695 10.402 11.060 10.068 9.343 9.069 10.616 11.076 9.960 9.745 9.747 10.815 11.186 10.007 9.800 9.773 04/11/1961
9.812 9.505 9.475 9.272 9.491 9.713 9.380 9.456 9.492 9.483 9.719 9.458 9.722 9.200 9.305 9.903 9.602 9.705 9.184 9.052 9.881 9.632 9.681 9.416 9.420 9.853 9.608 9.750 9.463 9.309 05/11/1961
9.067 8.948 8.993 8.663 10.386 8.936 8.802 8.772 10.025 10.173 8.933 8.762 10.180 9.917 9.987 9.180 9.770 10.064 9.950 9.773 9.137 9.689 10.018 9.808 9.803 9.152 9.753 9.857 9.716 9.913 06/11/1961
13.795 13.876 13.844 13.421 14.224 13.579 13.665 13.720 13.791 13.506 13.594 13.754 14.024 14.000 13.625 12.370 12.918 13.806 13.988 13.550 11.988 12.664 13.574 14.040 14.040 12.067 12.167 13.585 14.058 14.071 07/11/1961
12.661 12.732 12.688 12.509 12.538 12.429 12.525 12.629 12.254 12.391 12.455 12.667 12.336 12.339 12.367 11.950 11.295 11.956 12.295 12.443 11.818 11.302 11.892 12.403 12.407 11.853 10.978 11.950 12.449 12.288 08/11/1961
13.470 13.475 13.230 10.464 11.564 12.585 12.210 12.849 13.281 11.574 12.689 13.044 13.274 12.815 11.429 11.920 12.359 12.823 12.696 13.193 11.847 12.222 12.550 12.925 12.929 12.000 12.078 12.906 13.025 12.434 09/11/1961
14.012 14.289 14.186 12.884 12.914 13.216 13.415 13.708 13.672 12.897 13.262 13.778 13.331 12.480 12.120 12.661 13.416 12.161 12.457 12.997 12.173 12.704 11.623 11.926 11.933 12.342 12.617 11.836 12.009 11.613 10/11/1961
10.578 10.826 10.753 11.209 10.284 10.030 10.230 10.370 10.323 10.498 10.064 10.411 10.086 9.599 9.809 11.111 11.166 9.452 9.543 9.688 10.302 10.535 8.727 9.139 9.143 10.440 10.434 8.951 9.153 8.975 11/11/1961
10.794 11.146 11.072 11.366 11.679 10.582 10.977 11.078 11.244 11.821 10.616 11.097 11.040 11.432 11.649 9.060 10.025 11.054 11.451 11.739 8.659 9.618 10.702 11.226 11.225 8.816 9.178 10.818 11.224 11.200 12/11/1961
8.367 8.823 8.759 8.898 9.673 8.378 8.760 8.910 9.395 9.759 8.397 8.948 9.196 9.343 9.695 8.000 8.641 8.968 9.300 9.642 8.050 8.610 8.907 9.255 9.260 8.103 8.331 9.150 9.317 9.042 13/11/1961
7.875 8.104 8.080 8.445 9.186 7.616 7.779 7.810 8.232 9.057 7.629 7.822 8.094 8.288 8.744 8.387 9.195 8.006 8.244 8.324 8.499 8.848 7.690 7.886 7.897 8.735 8.871 7.983 8.041 7.711 14/11/1961
9.679 10.041 10.036 9.558 10.803 9.678 9.749 9.731 10.922 10.660 9.672 9.733 11.089 10.959 10.712 10.018 10.199 10.840 10.929 10.888 9.994 10.178 10.863 10.954 10.962 10.062 10.213 11.049 11.014 10.761 15/11/1961
10.598 10.018 9.911 10.439 10.071 9.780 9.890 9.997 10.414 10.106 9.795 10.043 10.625 9.952 10.331 9.886 10.192 10.045 9.919 10.298 9.390 10.130 9.933 10.237 10.243 9.515 10.104 10.116 10.297 10.056 16/11/1961
12.567 12.288 12.246 12.184 11.769 12.298 12.295 12.332 12.045 11.696 12.304 12.355 12.128 11.610 11.650 12.732 12.844 11.871 11.569 11.610 12.546 12.952 11.944 11.693 11.697 12.614 12.649 12.072 11.719 11.554 17/11/1961
13.124 12.176 12.139 12.741 11.554 12.896 11.959 12.103 12.677 11.354 12.923 12.151 12.162 12.641 11.443 13.207 12.831 12.271 12.602 11.651 13.377 12.940 12.391 12.793 12.799 13.477 13.659 12.610 12.869 12.644 18/11/1961
9.823 9.578 9.540 9.509 9.136 9.612 9.171 9.283 9.572 8.929 9.639 9.324 9.383 9.357 8.912 9.828 9.783 9.457 9.316 8.951 9.840 9.813 9.501 9.536 9.541 9.920 10.026 9.633 9.611 9.397 19/11/1961
8.328 7.978 7.929 7.666 7.573 7.924 7.665 7.794 7.742 7.405 7.954 7.841 7.798 7.490 7.456 8.230 8.046 7.663 7.442 7.470 8.311 8.094 7.724 7.894 7.899 8.382 8.349 7.863 7.989 7.743 20/11/1961
7.368 7.260 7.209 6.945 6.966 6.961 6.675 6.759 6.919 6.759 6.983 6.795 6.780 6.964 6.718 7.329 7.492 6.939 6.801 6.532 7.484 7.486 7.135 6.906 6.911 7.526 7.701 7.109 6.960 6.968 21/11/1961
5.862 5.624 5.546 4.890 4.839 5.510 5.436 5.563 5.528 4.932 5.540 5.617 5.634 5.507 4.907 5.729 5.937 5.590 5.439 5.151 5.773 5.879 5.517 5.582 5.590 5.919 6.006 5.727 5.709 5.419 22/11/1961
3.566 3.210 3.183 2.936 2.716 3.312 3.031 3.076 3.128 2.586 3.301 3.094 3.184 3.180 2.786 3.276 3.290 3.254 3.213 3.019 3.316 3.372 3.538 3.350 3.345 3.290 3.431 3.462 3.338 3.424 23/11/1961
1.191 1.269 1.255 0.649 1.220 1.243 1.327 1.359 1.357 1.303 1.245 1.376 1.498 1.308 1.368 1.109 1.321 1.322 1.312 1.201 1.248 1.482 1.535 1.480 1.477 1.312 1.423 1.505 1.455 1.463 24/11/1961
0.692 0.414 0.404 -0.331 0.216 0.482 0.310 0.413 0.390 0.087 0.490 0.427 0.486 0.159 -0.195 0.340 0.366 0.116 0.210 0.174 0.652 0.871 0.711 0.371 0.366 0.492 0.733 0.568 0.294 0.493 25/11/1961
4.392 4.420 4.421 3.561 3.288 4.533 4.712 4.879 4.250 3.865 4.558 4.922 4.377 4.282 4.571 4.969 4.780 4.162 4.288 4.398 5.207 5.225 4.596 4.662 4.671 5.219 5.028 4.672 4.748 4.577 26/11/1961
2.963 2.999 3.037 2.823 4.092 3.147 3.549 3.579 3.663 5.049 3.148 3.593 3.455 3.703 5.276 4.493 4.192 3.579 3.783 4.652 4.635 4.546 3.912 4.167 4.166 4.669 4.331 3.895 4.160 4.236 27/11/1961
8.533 8.470 8.452 7.890 8.427 8.113 8.147 8.166 8.315 8.566 8.115 8.175 8.267 8.031 8.242 8.304 8.723 8.169 8.043 8.283 8.222 8.642 8.133 8.255 8.259 8.267 8.554 8.166 8.280 8.231 28/11/1961
9.877 9.627 9.610 9.342 10.483 9.248 9.021 9.126 9.288 9.990 9.269 9.153 9.642 9.460 9.579 8.797 8.903 9.611 9.418 9.131 8.865 8.745 9.358 9.549 9.559 9.077 8.844 9.625 9.660 9.373 29/11/1961
8.555 9.083 9.045 7.951 7.764 7.198 7.300 7.401 6.688 7.167 7.217 7.438 6.670 5.843 6.385 5.993 5.793 5.307 5.851 6.223 6.020 5.621 5.108 5.475 5.479 6.192 5.503 5.196 5.486 5.382 30/11/1961
6.624 6.427 6.382 5.936 6.256 6.374 6.477 6.559 6.421 6.397 6.402 6.586 6.745 6.728 6.564 6.448 6.812 6.577 6.690 6.632 6.622 6.642 6.444 6.531 6.540 6.837 6.721 6.452 6.564 6.434 01/12/1961
4.674 4.710 4.703 4.393 5.344 4.635 4.810 4.943 5.000 5.575 4.661 4.966 5.189 5.540 5.972 5.518 5.963 5.574 5.518 5.884 5.898 6.259 5.863 5.799 5.809 6.063 6.249 5.909 5.869 5.750 02/12/1961
4.714 4.851 4.794 4.581 4.775 4.778 4.950 5.093 4.419 5.145 4.811 5.127 4.753 5.104 5.661 5.234 5.423 5.238 5.052 5.473 5.330 5.283 5.106 5.295 5.303 5.569 5.141 5.225 5.385 5.156 03/12/1961
3.337 3.501 3.411 3.787 4.589 3.213 3.212 3.397 3.852 4.459 3.243 3.426 3.789 3.928 4.243 3.447 3.802 3.797 3.870 4.124 3.755 3.831 3.870 4.002 4.007 3.931 3.764 4.061 4.089 3.813 04/12/1961
2.735 2.989 2.940 2.632 3.290 3.037 2.803 2.934 3.797 3.167 3.050 2.966 3.755 3.839 3.018 3.799 3.935 3.873 3.806 3.487 4.010 4.077 3.979 3.872 3.876 4.143 4.195 4.120 3.939 3.728 05/12/1961
3.175 3.241 3.184 2.812 4.027 3.074 2.919 3.045 3.956 3.693 3.084 3.078 3.766 3.801 3.474 3.312 3.448 3.691 3.769 3.623 3.413 3.552 3.741 3.830 3.829 3.566 3.470 3.912 3.896 3.670 06/12/1961
3.187 3.272 3.254 3.840 4.489 3.260 3.344 3.222 4.528 4.333 3.226 3.178 4.296 4.531 4.269 3.974 4.663 4.399 4.523 4.570 4.051 4.706 4.413 4.506 4.505 4.091 4.616 4.427 4.499 4.474 07/12/1961
5.222 5.194 5.169 5.762 5.936 5.070 4.693 4.734 5.039 5.506 5.071 4.735 4.750 4.634 4.903 5.310 5.019 4.715 4.602 5.039 5.298 4.968 4.646 4.505 4.509 5.381 5.268 4.733 4.538 4.371 08/12/1961
10.036 10.221 10.163 9.593 9.436 9.927 9.748 9.893 9.709 9.290 9.957 9.939 10.156 9.661 9.420 10.188 10.155 10.101 9.617 9.646 10.445 10.110 10.001 9.664 9.672 10.544 10.361 10.244 9.761 9.455 09/12/1961
10.770 10.851 10.789 10.223 10.245 10.294 10.467 10.598 10.640 10.169 10.324 10.635 10.943 10.498 10.134 10.592 10.639 10.754 10.451 10.431 10.651 10.521 10.620 10.606 10.612 10.805 10.516 10.829 10.699 10.404 10/12/1961
11.223 10.907 10.831 11.149 10.353 10.593 10.450 10.667 10.583 9.934 10.628 10.719 10.553 10.573 9.911 10.850 10.885 10.410 10.499 10.190 10.938 10.946 10.487 10.756 10.756 11.150 11.062 10.708 10.875 10.566 11/12/1961
12.806 12.797 12.776 12.669 12.067 12.605 12.663 12.728 12.625 12.091 12.623 12.771 12.509 12.855 12.082 12.330 12.389 12.601 12.853 12.916 12.478 12.470 12.726 12.736 12.730 12.516 12.411 12.591 12.690 12.833 12/12/1961
8.606 8.432 8.457 8.154 9.478 8.580 8.831 8.707 9.978 9.402 8.566 8.694 10.070 9.834 9.448 10.584 10.425 9.942 9.842 9.342 9.545 9.530 8.915 9.111 9.109 9.615 9.587 8.958 9.153 9.071 13/12/1961
8.308 8.369 8.426 7.484 7.614 8.533 9.068 8.996 8.339 7.597 8.518 8.987 9.094 8.030 7.851 9.069 6.757 8.466 8.007 8.048 8.936 6.643 8.143 8.230 8.234 9.100 6.864 8.318 8.326 8.105 14/12/1961
6.560 6.793 6.673 6.020 6.934 6.169 6.673 6.877 6.860 7.550 6.209 6.952 7.570 6.544 7.547 5.052 5.913 6.813 6.486 7.080 5.821 6.061 6.792 6.854 6.863 6.063 6.272 7.027 6.944 6.602 15/12/1961
7.465 6.974 6.909 6.888 6.901 7.110 6.897 7.025 7.264 7.196 7.137 7.083 7.442 7.243 7.372 7.143 7.002 7.268 7.163 7.435 7.143 6.938 7.075 7.326 7.337 7.410 6.935 7.355 7.481 7.074 16/12/1961
7.024 7.028 6.974 5.526 5.310 7.237 6.991 7.078 5.645 5.407 7.264 7.127 7.176 5.831 5.670 8.011 7.763 7.491 5.756 5.241 8.139 7.852 7.515 6.269 6.276 8.335 8.020 7.680 6.357 6.125 17/12/1961
3.087 3.059 2.996 2.282 4.217 3.189 3.397 3.490 4.336 4.309 3.212 3.537 4.770 4.208 4.643 4.689 5.040 4.619 4.169 4.495 5.180 5.253 4.842 4.608 4.611 5.547 5.407 4.959 4.671 4.482 18/12/1961
0.597 0.660 0.641 -0.517 0.375 0.491 0.838 0.897 0.660 0.783 0.518 0.914 0.970 0.340 1.009 0.539 0.812 0.691 0.325 0.784 0.559 0.971 0.886 0.389 0.392 0.626 0.767 0.893 0.412 0.344 19/12/1961
-0.133 -0.103 -0.168 -0.523 0.260 -0.303 -0.192 -0.035 0.155 0.281 -0.291 0.032 0.542 -0.302 0.124 -0.570 -0.624 -0.193 -0.340 -0.011 -0.571 -0.521 0.003 -0.457 -0.454 -0.428 -0.693 0.076 -0.350 -0.550 20/12/1961
-0.458 -0.378 -0.466 -0.522 0.110 -0.717 -0.676 -0.559 -0.179 -0.091 -0.674 -0.492 0.032 -0.197 -0.105 -0.338 -0.375 -0.134 -0.195 -0.131 -0.490 -0.510 -0.155 -0.467 -0.470 -0.462 -0.709 -0.272 -0.521 -0.461 21/12/1961
-0.252 -0.235 -0.318 -0.429 -0.340 -0.390 -0.617 -0.478 -0.472 -0.317 -0.358 -0.423 -0.555 -0.574 -0.448 0.090 0.196 -0.593 -0.569 -0.325 -0.057 -0.227 -0.899 -0.878 -0.879 -0.064 0.113 -0.916 -0.909 -0.948 22/12/1961
1.787 1.888 1.803 2.862 2.072 1.018 0.992 1.164 1.581 1.740 1.045 1.219 1.382 0.501 0.300 0.175 0.569 0.073 0.467 0.443 0.068 0.269 -0.191 -0.130 -0.129 0.189 0.313 -0.091 -0.061 -0.222 23/12/1961
1.546 1.679 1.573 2.190 1.702 1.090 1.051 1.236 1.245 1.469 1.129 1.289 1.217 0.842 0.663 1.124 1.835 0.573 0.770 0.708 0.972 1.462 0.213 0.331 0.331 1.143 1.442 0.349 0.385 0.209 24/12/1961
4.334 4.271 4.195 5.008 3.204 3.691 3.498 3.684 3.494 3.293 3.726 3.739 3.609 3.124 2.545 3.443 2.669 3.362 3.021 2.758 3.101 1.956 2.782 2.816 2.823 3.217 2.147 3.043 2.932 2.565 25/12/1961
3.038 2.890 2.847 2.643 2.951 2.894 2.909 3.061 3.670 3.559 2.922 3.092 3.767 3.297 3.075 3.957 4.212 3.731 3.271 2.708 4.821 4.914 4.456 4.346 4.349 4.915 4.969 4.564 4.402 4.192 26/12/1961
0.712 0.855 0.854 0.466 0.925 0.657 1.371 1.443 1.781 1.792 0.663 1.442 1.721 1.868 2.020 0.580 1.817 2.100 1.704 1.819 1.348 2.046 2.291 2.628 2.634 1.365 1.504 2.465 2.655 2.158 27/12/1961
2.109 0.866 0.858 0.290 -0.443 1.103 0.398 0.462 -0.572 -0.411 1.102 0.459 -0.202 -0.731 -0.582 1.356 0.494 -0.172 -0.694 -0.955 1.632 0.721 0.090 -0.309 -0.308 1.741 1.425 -0.006 -0.387 -0.219 28/12/1961
4.952 4.822 4.789 4.431 4.403 4.813 4.795 4.833 3.538 4.460 4.815 4.852 3.772 3.458 4.695 4.527 3.442 4.085 3.402 3.848 5.037 3.899 4.347 3.791 3.797 5.180 3.786 4.547 3.914 3.609 29/12/1961
5.765 4.940 4.896 4.593 4.050 5.378 4.888 4.880 4.119 3.592 5.378 4.890 4.458 4.138 3.766 5.681 5.008 4.782 4.126 3.617 6.070 5.268 5.034 4.360 4.361 6.177 5.706 5.016 4.370 4.375 30/12/1961
5.508 4.999 4.941 3.412 4.590 5.092 4.611 4.703 4.410 4.093 5.109 4.738 4.589 4.231 3.965 4.401 3.446 4.631 4.208 3.812 4.193 3.188 4.378 4.017 4.017 4.214 3.593 4.397 4.020 3.994 31/12/1961
7.041 7.272 7.176 6.725 6.395 6.165 6.711 6.881 6.492 6.134 6.192 6.930 7.166 6.929 6.357 7.070 7.391 7.244 6.878 6.579 6.854 7.231 7.042 7.173 7.179 7.075 6.891 7.304 7.278 6.977 01/01/1962
6.926 7.143 7.083 5.875 6.821 6.621 6.594 6.696 6.683 6.648 6.642 6.733 6.904 6.626 6.643 7.080 6.646 6.784 6.617 6.692 6.987 6.482 6.705 6.543 6.541 7.047 6.300 6.730 6.557 6.466 02/01/1962
6.499 6.182 6.176 7.093 6.508 6.311 5.943 5.959 6.686 6.290 6.318 5.963 6.380 6.675 6.241 6.128 5.541 6.304 6.645 5.883 6.121 5.503 6.325 6.694 6.696 6.152 5.820 6.403 6.740 6.648 03/01/1962
5.670 4.777 4.740 4.680 4.789 5.110 4.742 4.804 4.909 4.962 5.115 4.840 4.930 4.982 4.505 5.153 5.236 5.135 4.951 4.574 5.306 5.314 5.207 5.288 5.291 5.368 5.235 5.281 5.317 5.195 04/01/1962
7.652 6.396 6.308 5.896 6.490 6.800 6.022 6.205 6.307 6.057 6.836 6.276 6.667 6.374 5.716 5.445 5.595 6.854 6.288 5.825 5.790 5.482 6.656 6.557 6.562 6.097 5.627 6.937 6.687 6.326 05/01/1962
8.419 8.194 8.163 7.742 8.276 8.218 7.953 8.044 8.557 8.352 8.226 8.078 8.699 8.516 8.395 8.034 7.959 8.662 8.462 8.235 8.257 8.058 8.560 8.555 8.558 8.354 8.137 8.743 8.641 8.397 06/01/1962
7.551 7.508 7.468 7.012 7.306 7.657 7.667 7.754 7.747 7.727 7.674 7.767 7.966 7.690 7.736 7.141 7.458 7.749 7.651 7.727 7.473 7.560 7.787 7.865 7.868 7.543 7.424 7.889 7.928 7.760 07/01/1962
4.295 5.290 5.265 5.519 6.137 4.535 5.424 5.477 7.182 6.508 4.548 5.501 6.361 6.886 6.590 5.909 6.037 5.940 6.834 6.975 6.602 6.177 6.130 7.120 7.125 6.737 6.218 6.208 7.205 6.962 08/01/1962
5.817 6.249 6.259 6.203 6.491 6.225 6.349 6.358 6.922 6.537 6.229 6.368 6.254 7.032 6.799 6.900 6.851 6.157 7.015 6.919 6.830 6.968 6.319 6.608 6.606 6.882 6.773 6.312 6.617 6.574 09/01/1962
7.367 7.124 7.054 6.759 5.938 6.901 6.713 6.894 6.237 5.701 6.934 6.966 6.079 5.932 5.838 6.668 5.835 5.883 5.805 5.665 6.407 5.558 5.585 5.791 5.809 6.643 5.445 6.174 6.048 5.362 10/01/1962
7.399 6.827 6.752 6.351 5.566 7.107 6.508 6.682 6.529 5.769 7.140 6.740 6.278 6.369 5.774 6.817 6.341 6.331 6.293 6.010 7.039 6.629 6.559 6.523 6.527 7.177 6.593 6.837 6.653 6.328 11/01/1962
4.987 4.666 4.643 4.368 4.250 4.869 4.729 4.800 4.764 4.573 4.883 4.822 4.821 4.638 4.304 4.999 5.019 4.764 4.645 4.086 5.386 5.352 5.155 5.051 5.051 5.415 5.282 5.195 5.074 5.037 12/01/1962
2.647 2.316 2.267 2.501 2.442 2.283 1.951 2.008 3.043 2.685 2.292 2.016 2.225 2.928 2.886 3.006 2.937 2.871 2.916 2.854 3.534 3.306 3.258 3.096 3.092 3.549 3.553 3.227 3.061 3.070 13/01/1962
5.787 5.742 5.806 3.239 1.714 5.973 5.871 5.741 3.282 1.693 5.957 5.713 3.373 3.256 1.630 5.468 5.183 3.451 3.211 2.960 5.538 5.304 3.561 3.471 3.471 5.444 5.446 3.651 3.512 3.354 14/01/1962
9.008 8.907 8.852 8.057 6.178 8.863 8.654 8.739 7.495 6.247 8.879 8.787 7.552 7.421 6.370 8.819 8.367 7.537 7.363 7.165 9.029 8.401 7.608 7.632 7.640 9.203 8.536 7.806 7.717 7.455 15/01/1962
5.304 5.133 5.062 4.507 3.801 5.000 4.823 5.015 4.854 4.155 5.038 5.068 5.158 4.679 4.291 4.807 4.927 4.683 4.606 4.678 5.490 5.262 5.016 5.126 5.132 5.733 5.484 5.274 5.219 4.904 16/01/1962
3.256 3.045 3.030 2.645 2.545 3.819 3.595 3.634 3.494 3.160 3.817 3.624 3.756 3.048 2.742 3.726 3.785 3.338 3.056 2.795 4.581 4.541 3.969 3.720 3.714 4.584 4.932 3.999 3.717 3.763 17/01/1962
6.527 6.001 5.929 4.401 5.331 6.328 6.032 6.132 6.495 6.126 6.360 6.185 6.764 6.025 6.012 6.753 7.086 6.690 6.017 6.067 7.657 7.709 7.267 6.993 6.995 7.811 8.118 7.424 7.040 6.909 18/01/1962
8.918 8.950 8.893 7.955 7.917 8.722 8.637 8.780 8.592 8.205 8.748 8.830 8.900 8.806 8.587 9.352 9.594 9.130 8.774 8.798 9.632 9.605 9.173 9.110 9.114 9.782 9.706 9.400 9.198 8.950 19/01/1962
6.588 6.523 6.487 6.220 5.970 6.455 6.402 6.526 6.468 6.056 6.473 6.585 6.779 6.692 6.447 6.786 7.220 6.931 6.622 6.638 6.986 6.999 6.796 6.830 6.836 7.215 7.288 6.978 6.916 6.679 20/01/1962
4.379 4.839 4.825 4.155 5.261 4.616 4.956 5.025 5.201 5.494 4.615 5.053 5.358 5.665 5.945 5.010 4.744 5.703 5.646 5.889 5.041 4.593 5.560 5.751 5.751 5.105 4.406 5.596 5.758 5.700 21/01/1962
3.224 3.407 3.386 3.470 3.625 3.442 3.471 3.518 3.426 3.753 3.453 3.543 3.484 3.591 3.921 3.820 5.006 3.477 3.599 3.761 4.127 4.868 3.336 3.382 3.382 4.320 4.815 3.297 3.367 3.396 22/01/1962
3.094 3.233 3.224 3.650 4.157 3.160 3.348 3.362 3.864 4.244 3.177 3.369 3.261 3.869 4.670 3.293 3.673 3.292 3.883 4.458 3.189 4.046 3.441 3.898 3.899 3.206 3.405 3.463 3.908 3.871 23/01/1962
2.350 1.424 1.393 1.410 2.438 1.962 1.486 1.564 2.377 2.346 1.986 1.589 1.787 2.227 2.344 2.256 2.758 1.805 2.212 2.248 2.386 3.097 2.151 2.232 2.237 2.413 2.819 2.143 2.237 2.198 24/01/1962
7.981 7.215 7.138 6.648 5.263 7.611 6.829 6.969 6.025 5.520 7.647 7.016 5.840 6.076 5.672 7.810 7.532 6.206 6.037 5.834 8.076 7.710 6.431 6.415 6.419 8.214 8.052 6.501 6.469 6.275 25/01/1962
8.497 8.111 8.090 7.467 7.033 8.272 7.963 8.099 8.247 7.320 8.298 8.142 8.196 8.439 7.750 7.003 8.368 8.569 8.364 8.278 7.307 8.488 8.904 8.846 8.857 7.513 8.839 9.127 8.973 8.617 26/01/1962
5.541 5.283 5.242 4.652 4.674 5.444 5.051 5.129 5.490 4.921 5.477 5.141 5.510 5.440 5.076 5.005 5.100 5.585 5.398 5.148 5.606 5.754 6.219 6.069 6.072 5.668 5.850 6.372 6.159 5.988 27/01/1962
4.299 4.217 4.174 3.211 3.246 4.526 4.097 4.176 4.189 3.740 4.548 4.218 4.582 4.138 3.736 4.416 4.655 4.739 4.125 3.789 5.154 4.880 4.930 4.868 4.873 5.248 5.316 5.056 4.953 4.742 28/01/1962
2.227 1.637 1.634 1.211 1.269 1.915 1.371 1.435 1.811 1.274 1.930 1.466 1.693 1.351 1.078 2.307 1.639 1.697 1.365 1.064 3.131 2.279 2.287 2.121 2.123 3.263 3.388 2.368 2.178 2.042 29/01/1962
4.936 4.815 4.767 3.978 4.425 4.416 3.963 4.042 4.636 4.263 4.431 4.077 4.615 4.226 4.125 5.265 4.484 4.614 4.192 4.354 5.252 4.458 4.637 4.370 4.370 5.244 4.891 4.760 4.417 4.239 30/01/1962
7.296 7.285 7.261 6.587 6.472 7.197 7.287 7.289 6.956 6.748 7.204 7.307 7.511 7.507 7.637 7.967 8.144 7.994 7.543 7.510 8.216 8.024 7.828 7.569 7.567 8.272 8.282 7.842 7.550 7.607 31/01/1962
3.247 3.334 3.333 3.109 4.012 3.577 3.809 3.858 4.247 4.432 3.597 3.869 4.316 4.487 4.838 4.313 4.580 4.538 4.480 4.509 4.492 4.657 4.644 4.725 4.728 4.529 4.727 4.654 4.736 4.721 01/02/1962
1.480 1.714 1.678 1.368 2.181 1.756 2.223 2.274 3.135 2.991 1.770 2.278 3.066 3.681 3.477 2.698 3.871 3.630 3.675 3.699 2.970 3.934 3.759 3.723 3.719 3.162 3.838 3.767 3.733 3.691 02/02/1962
1.703 2.224 2.154 2.599 3.394 1.594 2.287 2.445 3.591 4.092 1.634 2.485 3.663 3.654 4.326 2.301 2.762 3.798 3.647 4.180 2.109 2.133 3.333 3.442 3.444 2.284 1.856 3.401 3.472 3.412 03/02/1962
1.789 2.076 2.030 1.938 2.690 1.472 1.799 1.911 2.353 3.268 1.490 1.948 2.572 2.575 3.669 1.533 2.314 2.737 2.561 3.052 1.507 1.867 2.411 2.428 2.428 1.719 1.727 2.495 2.490 2.344 04/02/1962
0.853 0.859 0.776 0.482 1.263 0.545 0.565 0.747 2.161 2.120 0.582 0.782 1.977 2.724 2.910 1.176 0.970 2.385 2.661 3.206 1.765 1.217 2.711 3.131 3.138 1.976 1.045 3.049 3.310 2.848 05/02/1962
0.539 0.601 0.501 0.124 0.988 0.145 0.320 0.480 1.577 1.519 0.200 0.535 1.637 1.798 2.105 1.315 2.484 1.881 1.746 2.293 1.728 2.731 2.022 2.116 2.120 1.927 2.289 2.288 2.245 1.877 06/02/1962
-1.813 -1.938 -2.053 -2.330 -2.028 -2.296 -2.357 -2.195 -2.054 -1.956 -2.273 -2.166 -1.941 -1.788 -1.474 -2.163 -2.205 -1.859 -1.788 -1.460 -1.860 -1.871 -1.520 -1.448 -1.441 -1.804 -2.190 -1.307 -1.359 -1.559 07/02/1962
-2.456 -2.699 -2.781 -2.951 -3.209 -2.902 -3.282 -3.128 -2.931 -3.324 -2.878 -3.085 -3.103 -3.186 -3.517 -3.319 -3.297 -3.195 -3.184 -3.587 -2.988 -2.970 -2.817 -2.915 -2.910 -2.892 -3.012 -2.693 -2.833 -3.051 08/02/1962
-1.650 -2.149 -2.301 -3.027 -3.033 -2.365 -2.794 -2.590 -3.251 -3.138 -2.345 -2.572 -3.238 -3.421 -3.371 -2.707 -3.225 -3.093 -3.433 -3.863 -2.569 -2.826 -2.676 -2.947 -2.945 -2.442 -2.831 -2.589 -2.877 -3.086 09/02/1962
-1.720 -2.102 -2.230 -2.916 -3.411 -2.425 -2.995 -2.603 -3.131 -3.502 -2.388 -2.542 -2.928 -2.933 -3.280 -2.730 -2.699 -2.758 -2.944 -2.872 -2.367 -2.600 -2.608 -2.792 -2.793 -2.215 -2.632 -2.490 -2.678 -2.824 10/02/1962
1.083 1.443 1.503 1.772 1.345 1.956 2.083 2.247 1.858 1.970 1.963 2.206 1.769 2.495 2.673 1.562 3.429 2.397 2.460 2.493 1.663 3.488 2.432 2.688 2.689 1.601 3.188 2.657 2.786 2.524 11/02/1962
1.447 1.703 1.709 1.666 2.534 2.329 2.586 2.653 3.645 3.270 2.344 2.654 3.266 3.946 3.853 4.029 5.386 4.103 3.923 4.133 4.303 5.467 4.245 4.101 4.099 4.275 5.265 4.338 4.099 4.034 12/02/1962
3.222 3.542 3.551 4.041 4.808 3.476 3.953 3.892 4.965 5.049 3.477 3.884 5.177 5.231 4.897 4.443 4.562 5.439 5.231 5.397 4.803 4.613 5.495 5.385 5.380 4.988 4.530 5.541 5.380 5.396 13/02/1962
5.293 5.686 5.695 5.783 4.469 5.382 5.813 5.835 5.079 4.742 5.392 5.847 5.386 5.399 5.143 6.173 6.259 5.558 5.376 5.639 6.322 6.018 5.252 5.415 5.413 6.522 5.817 5.419 5.490 5.323 14/02/1962
3.561 3.659 3.617 3.081 2.613 3.596 3.655 3.724 3.036 2.703 3.599 3.757 3.275 3.239 3.012 4.347 3.882 3.417 3.235 3.352 4.281 3.691 3.211 3.175 3.173 4.324 3.727 3.233 3.173 3.177 15/02/1962
4.893 4.388 4.200 4.250 3.959 4.246 3.909 3.968 4.254 3.662 4.302 4.091 4.675 4.247 3.720 4.237 3.985 4.449 4.158 4.140 4.143 3.778 4.164 4.248 4.259 4.420 3.791 4.559 4.422 3.899 16/02/1962
6.480 6.719 6.655 5.345 5.390 6.547 6.423 6.483 5.820 5.368 6.570 6.523 6.223 5.796 5.395 6.180 6.372 6.245 5.738 5.633 5.827 6.213 6.127 5.844 5.848 5.843 5.928 6.331 5.958 5.596 17/02/1962
11.170 10.709 10.646 10.258 10.034 10.693 10.070 10.164 9.917 9.823 10.723 10.237 10.029 9.868 9.737 9.868 10.594 10.097 9.870 9.908 9.686 10.377 9.906 9.557 9.554 9.865 10.298 9.886 9.537 9.583 18/02/1962
11.302 11.020 10.978 11.217 11.632 10.784 10.339 10.428 10.471 11.237 10.801 10.471 10.417 10.500 11.174 11.014 11.734 10.499 10.446 10.751 10.768 11.570 10.304 10.361 10.367 10.916 11.456 10.467 10.450 10.211 19/02/1962
7.928 7.889 7.827 8.068 7.643 7.727 7.747 7.887 7.716 7.574 7.745 7.922 7.796 7.955 8.026 8.601 9.025 7.918 7.897 8.300 8.922 8.968 7.910 7.989 7.994 9.087 9.166 8.129 8.091 7.761 20/02/1962
7.073 6.768 6.730 6.407 6.208 6.669 6.931 7.027 7.180 6.303 6.683 7.061 7.076 7.436 6.824 7.409 7.859 7.328 7.376 7.271 7.778 8.057 7.518 7.885 7.893 7.946 7.990 7.832 8.024 7.639 21/02/1962
11.719 11.391 11.303 10.910 10.485 9.448 9.444 11.428 11.335 10.618 9.472 11.500 11.539 9.526 10.876 9.826 9.922 9.420 11.443 11.262 11.814 9.930 11.373 9.924 9.931 10.093 9.999 11.626 10.052 11.641 22/02/1962
11.129 11.257 11.192 10.666 10.547 10.850 10.902 11.037 11.085 10.791 10.884 11.093 11.272 11.198 11.098 11.118 11.309 11.095 11.158 11.291 10.939 11.132 10.902 11.307 11.314 11.055 10.683 11.190 11.405 11.123 23/02/1962
10.717 10.652 10.585 10.284 9.903 10.483 10.468 10.606 10.703 10.152 10.518 10.668 11.278 11.000 10.654 10.316 9.571 11.187 10.931 10.947 10.088 9.020 10.965 11.006 11.016 10.139 9.251 11.236 11.155 10.763 24/02/1962
5.607 5.645 5.641 5.968 4.560 5.673 5.751 5.760 5.961 4.701 5.671 5.751 5.871 6.284 5.333 5.881 5.989 6.063 6.272 6.339 5.852 5.775 5.856 5.992 5.992 5.864 5.889 5.928 6.023 5.966 25/02/1962
5.067 5.432 5.412 5.175 4.566 5.223 5.542 5.587 5.548 4.899 5.239 5.612 5.615 5.797 5.301 5.019 4.844 5.543 5.785 5.959 4.767 4.840 5.519 5.640 5.639 4.714 4.432 5.620 5.693 5.533 26/02/1962
0.792 1.176 1.148 -0.107 0.232 0.683 0.669 0.753 0.559 0.642 0.708 0.780 0.708 1.339 1.534 0.980 0.844 0.614 1.322 1.625 0.923 0.739 0.618 1.446 1.444 0.993 0.878 0.618 1.462 1.334 27/02/1962
-0.961 -1.311 -1.375 -1.900 -1.685 -1.471 -1.426 -1.343 -1.431 -1.859 -1.446 -1.319 -0.950 -1.062 -1.492 -0.798 -0.528 -0.911 -1.124 -1.370 -0.826 -0.690 -1.086 -0.921 -0.921 -0.767 -0.649 -1.026 -0.929 -1.044 28/02/1962
3.663 3.647 3.631 3.509 3.644 3.519 3.365 3.434 3.762 2.966 3.546 3.474 3.717 3.582 2.877 3.885 3.973 3.801 3.555 3.008 3.780 3.807 3.684 3.628 3.631 3.878 3.658 3.752 3.685 3.608 01/03/1962
2.790 2.878 2.836 2.660 2.530 2.598 2.595 2.737 2.568 2.333 2.616 2.739 2.868 2.717 2.983 3.118 3.063 2.796 2.665 3.001 3.157 2.924 2.578 2.562 2.568 3.325 3.210 2.800 2.657 2.353 02/03/1962
3.720 3.847 3.685 4.495 3.367 3.275 3.046 3.370 3.798 3.332 3.332 3.483 3.959 3.761 3.721 4.069 4.439 3.750 3.632 3.773 3.696 3.963 3.301 3.710 3.724 3.943 4.025 3.819 3.950 3.236 03/03/1962
5.452 5.365 5.303 4.923 5.067 5.153 5.098 5.217 5.324 5.201 5.174 5.270 5.344 5.464 5.562 4.506 4.419 5.271 5.401 5.716 4.127 4.214 5.111 5.380 5.384 4.316 4.247 5.327 5.446 5.225 04/03/1962
5.385 4.977 4.890 4.347 6.256 4.798 4.466 4.730 5.504 6.221 4.832 4.803 5.265 5.448 6.348 5.575 5.991 5.430 5.362 5.511 5.312 5.595 5.029 5.410 5.416 5.511 5.400 5.274 5.512 5.183 05/03/1962
8.901 8.979 8.906 8.386 8.830 8.530 8.369 8.574 8.829 8.583 8.565 8.630 8.786 9.095 8.891 9.396 9.909 9.226 9.033 8.900 9.024 9.253 8.615 8.639 8.644 9.173 9.265 8.788 8.701 8.467 06/03/1962
10.273 11.067 11.036 10.584 11.330 9.963 10.474 10.536 10.476 11.027 9.973 10.576 10.336 10.361 10.892 10.412 11.584 9.984 10.307 10.469 10.073 10.870 9.196 9.543 9.548 10.321 10.794 9.357 9.626 9.425 07/03/1962
10.485 10.659 10.608 10.861 10.626 9.650 10.133 10.260 10.530 10.653 9.671 10.310 10.167 10.172 10.187 10.168 11.017 9.721 10.104 9.995 9.613 10.346 8.893 9.207 9.215 9.837 10.191 9.142 9.350 9.006 08/03/1962
11.287 11.708 11.691 11.186 11.519 10.931 11.324 11.367 11.284 11.606 10.936 11.386 11.380 10.830 11.257 11.006 11.145 10.834 10.815 10.904 10.674 10.595 10.257 10.280 10.282 10.874 10.655 10.300 10.307 10.270 09/03/1962
10.445 10.611 10.568 10.044 9.968 10.049 10.215 10.350 9.863 10.038 10.073 10.379 9.999 9.700 10.005 10.150 10.491 9.753 9.706 9.922 10.066 10.208 9.414 9.335 9.333 10.220 10.011 9.426 9.360 9.425 10/03/1962
10.272 10.461 10.431 9.579 9.174 10.385 10.497 10.562 9.792 9.376 10.392 10.585 9.958 9.628 9.513 10.187 9.959 9.808 9.575 9.651 10.028 9.914 9.755 9.829 9.834 10.077 9.709 9.998 9.962 9.680 11/03/1962
10.113 10.216 10.171 8.955 8.636 10.053 10.030 10.149 9.162 8.631 10.081 10.196 9.254 9.122 8.719 9.798 9.589 9.217 9.036 9.005 9.793 9.560 9.171 9.242 9.251 9.878 9.544 9.421 9.368 9.015 12/03/1962
9.873 9.934 9.892 9.129 8.594 9.591 9.477 9.599 9.073 8.567 9.607 9.635 9.119 8.926 8.618 9.543 9.378 8.851 8.853 8.876 9.557 9.281 8.720 8.496 8.502 9.650 9.513 8.939 8.573 8.333 13/03/1962
11.381 11.410 11.365 10.288 9.991 11.221 11.171 11.257 11.017 10.137 11.231 11.286 11.245 10.902 10.267 11.438 11.665 11.097 10.861 10.923 11.491 11.529 10.981 10.917 10.922 11.646 11.651 11.178 11.019 10.742 14/03/1962
10.956 10.942 10.878 10.697 10.063 10.623 10.601 10.678 11.001 10.064 10.645 10.710 11.173 10.892 10.122 10.683 10.719 10.958 10.884 10.919 10.930 10.573 10.798 10.917 10.923 11.486 10.643 11.000 10.997 10.770 15/03/1962
9.957 9.995 9.991 10.163 10.643 9.991 9.988 10.017 10.551 10.938 10.003 10.037 10.588 10.491 11.035 10.990 11.481 10.685 10.476 10.602 10.981 11.261 10.502 10.462 10.462 11.208 11.332 10.543 10.446 10.475 16/03/1962
10.849 10.816 10.775 9.863 10.975 10.708 10.708 10.816 11.645 11.155 10.735 10.859 11.816 11.816 11.406 11.687 12.134 11.852 11.785 11.808 11.770 12.180 11.934 11.941 11.942 11.889 12.189 11.993 11.970 11.875 17/03/1962
12.943 13.042 13.005 12.060 12.085 12.945 13.045 13.114 12.811 12.430 12.954 13.144 13.069 13.007 12.626 13.334 13.776 13.132 12.952 12.987 13.377 13.552 12.903 13.047 13.051 13.459 13.650 13.120 13.169 12.875 18/03/1962
13.341 13.509 13.442 13.589 13.100 13.217 13.280 13.453 13.808 13.517 13.245 13.500 13.894 13.742 13.557 12.931 12.401 13.747 13.689 14.001 13.070 12.274 13.643 13.883 13.894 13.264 12.429 13.839 14.006 13.662 19/03/1962
11.756 11.332 11.235 11.811 12.992 10.983 10.900 11.109 10.771 12.870 11.008 11.163 11.269 10.638 12.558 9.891 10.990 11.001 10.607 10.449 9.759 10.634 10.472 10.438 10.446 9.984 10.552 10.581 10.500 10.392 20/03/1962
8.286 8.165 8.130 7.997 8.092 7.874 7.758 7.849 7.372 7.977 7.888 7.896 7.574 7.435 7.828 7.791 8.359 7.553 7.415 7.544 7.778 8.276 7.379 7.539 7.546 7.871 8.188 7.523 7.612 7.432 21/03/1962
7.224 7.212 7.175 7.279 7.768 7.191 7.230 7.265 6.786 7.565 7.205 7.297 7.026 7.441 7.851 7.886 8.309 7.065 7.414 7.555 7.921 8.193 6.878 7.558 7.563 7.906 8.323 6.932 7.591 7.477 22/03/1962
6.946 6.924 6.868 6.125 7.085 6.739 6.601 6.786 6.897 7.068 6.775 6.842 6.937 7.173 7.211 7.125 7.284 7.020 7.127 7.180 7.228 7.182 6.951 7.164 7.170 7.357 7.103 7.071 7.239 7.048 23/03/1962
3.780 3.795 3.702 3.630 3.979 3.317 3.332 3.601 3.473 4.132 3.361 3.679 3.372 3.482 4.362 3.127 3.336 3.404 3.439 4.168 3.278 3.207 3.327 3.935 3.942 3.616 3.171 3.555 4.047 3.763 24/03/1962
9.687 9.876 9.808 9.662 9.507 9.651 9.706 9.866 9.969 9.693 9.680 9.920 9.989 9.905 9.900 9.894 10.244 10.016 9.845 10.016 10.248 10.146 9.941 10.193 10.198 10.399 10.220 10.233 10.347 9.950 25/03/1962
10.152 9.982 9.932 9.581 9.558 9.825 9.704 9.793 9.719 9.454 9.842 9.825 9.667 9.620 9.447 10.092 10.171 9.743 9.594 9.527 10.557 10.141 9.717 9.783 9.787 10.680 10.661 9.897 9.879 9.679 26/03/1962
6.839 6.205 6.158 5.801 5.963 6.093 5.630 5.746 6.243 5.772 6.120 5.775 5.931 6.043 5.837 6.384 6.574 5.983 6.010 5.990 6.666 6.457 5.905 5.841 5.846 6.846 6.896 6.008 5.901 5.766 27/03/1962
6.541 6.011 5.953 5.776 6.123 5.342 4.794 4.926 5.678 5.754 5.369 4.957 5.298 5.229 5.542 5.798 6.092 5.298 5.178 5.648 6.127 5.893 5.123 4.834 4.844 6.341 6.375 5.281 4.946 4.639 28/03/1962
6.997 7.017 6.931 7.092 7.383 6.993 6.457 6.619 6.776 7.044 7.031 6.665 6.537 6.432 6.821 6.675 6.830 6.228 6.425 6.656 7.551 7.378 6.810 6.603 6.607 7.770 7.683 6.950 6.638 6.480 29/03/1962
8.489 8.277 8.207 8.095 8.032 8.212 7.706 7.844 8.343 7.964 8.240 7.898 8.000 7.705 7.576 8.375 8.061 7.734 7.642 7.517 8.676 8.240 7.823 7.741 7.742 8.857 8.735 7.980 7.802 7.585 30/03/1962
9.723 10.035 9.965 9.615 9.345 10.113 9.776 9.912 10.161 9.573 10.146 9.951 9.873 10.035 9.912 10.412 10.606 10.089 9.989 9.724 10.810 10.739 10.158 10.417 10.427 10.901 11.147 10.468 10.531 10.153 31/03/1962
9.763 10.006 9.959 10.075 9.865 9.719 9.664 9.775 10.417 9.864 9.746 9.820 10.017 10.349 10.016 10.912 10.821 10.320 10.319 10.082 11.081 10.955 10.443 10.748 10.750 11.127 11.230 10.671 10.844 10.549 01/04/1962
10.203 10.081 10.046 9.651 9.542 9.929 9.594 9.725 9.841 9.433 9.959 9.771 9.563 9.634 9.835 10.837 10.771 9.718 9.604 9.749 10.979 11.227 10.109 10.126 10.128 11.049 11.155 10.291 10.206 9.991 02/04/1962
8.877 8.746 8.706 9.132 8.815 8.502 8.659 8.756 8.887 8.807 8.524 8.808 9.102 9.072 8.991 8.709 9.669 9.077 9.034 8.882 9.209 9.511 8.973 8.841 8.848 9.358 9.540 9.136 8.933 8.678 03/04/1962
6.577 6.543 6.450 6.004 6.148 6.030 6.013 6.211 6.492 6.263 6.068 6.279 6.399 6.644 6.527 6.308 7.289 6.535 6.565 6.454 6.787 6.845 6.120 6.305 6.316 7.000 7.212 6.375 6.446 6.065 04/04/1962
5.704 5.661 5.583 5.289 5.300 5.762 5.437 5.571 5.892 5.400 5.790 5.624 5.652 6.286 6.000 6.191 6.715 6.044 6.226 5.924 6.790 6.793 6.160 6.353 6.358 7.003 7.118 6.352 6.451 6.144 05/04/1962
10.138 10.070 9.999 9.683 9.160 10.193 9.958 10.074 9.839 9.573 10.214 10.112 9.772 10.677 10.532 11.151 11.532 10.546 10.624 10.444 12.011 12.072 10.984 11.301 11.309 12.215 12.172 11.209 11.417 11.137 06/04/1962
12.567 12.491 12.436 11.630 11.235 12.134 11.864 12.034 11.176 11.005 12.179 12.082 11.244 11.132 11.046 12.110 11.688 11.186 11.101 10.957 11.980 11.312 10.784 10.934 10.937 12.130 11.552 10.948 11.042 10.800 07/04/1962
11.568 11.439 11.388 11.361 11.476 11.250 11.176 11.309 11.421 11.420 11.280 11.360 11.626 11.236 11.401 11.345 11.573 11.558 11.172 11.062 11.370 11.386 11.327 11.193 11.197 11.467 11.514 11.576 11.279 11.019 08/04/1962
10.466 10.508 10.420 10.044 9.042 10.229 10.162 10.354 9.584 8.891 10.274 10.434 9.941 9.321 9.130 10.278 9.524 9.812 9.258 9.347 10.511 9.406 9.614 9.459 9.467 10.725 9.574 10.034 9.603 9.187 09/04/1962
13.676 13.671 13.568 13.105 12.846 13.335 13.046 13.253 13.116 12.740 13.373 13.326 13.367 12.931 12.550 13.765 13.419 13.198 12.846 12.805 13.708 13.213 12.982 13.184 13.195 13.855 13.305 13.304 13.358 12.906 10/04/1962
15.589 15.743 15.684 14.292 14.804 14.793 15.022 15.158 14.131 14.572 14.826 15.203 14.264 13.763 14.351 14.284 14.701 13.749 13.721 14.107 14.128 14.598 13.580 13.780 13.788 14.185 14.367 13.749 13.867 13.628 11/04/1962
15.384 15.750 15.675 15.320 15.818 14.879 15.457 15.608 15.498 15.704 14.903 15.655 15.623 15.302 15.520 15.051 15.656 14.888 15.255 15.611 14.718 15.412 14.636 15.330 15.336 14.829 14.939 14.788 15.406 15.178 12/04/1962
16.801 16.766 16.764 16.959 16.732 16.560 16.850 16.796 16.978 16.840 16.563 16.808 17.129 16.536 16.542 16.413 17.306 16.494 16.497 16.799 16.216 17.109 16.272 16.563 16.572 16.374 17.146 16.524 16.669 16.374 13/04/1962
15.296 15.094 15.089 14.945 14.553 15.281 15.219 15.224 15.465 14.960 15.282 15.244 15.725 15.412 15.138 15.248 15.980 15.464 15.337 15.352 15.355 15.959 15.424 15.590 15.602 15.627 16.165 15.825 15.804 15.267 14/04/1962
11.786 11.385 11.355 11.035 11.027 11.623 11.565 11.665 11.797 11.479 11.639 11.714 11.856 11.966 11.696 11.841 12.078 11.777 11.897 11.759 11.506 11.680 11.366 11.647 11.654 11.709 11.886 11.646 11.799 11.420 15/04/1962
11.239 10.927 10.929 10.514 10.378 11.106 11.258 11.290 11.653 10.883 11.105 11.291 11.714 11.815 11.009 11.438 11.930 11.585 11.786 11.757 11.263 11.658 11.267 11.611 11.617 11.342 11.796 11.503 11.709 11.398 16/04/1962
10.218 10.040 10.039 9.289 10.212 10.029 10.095 10.148 10.651 10.489 10.038 10.178 10.725 10.807 10.624 10.719 11.378 10.730 10.775 10.670 10.588 11.231 10.553 10.717 10.722 10.678 11.460 10.709 10.791 10.559 17/04/1962
12.400 11.968 11.900 12.164 11.959 11.998 11.951 12.083 12.399 12.263 12.024 12.127 12.500 12.395 12.418 13.062 12.810 12.567 12.361 12.433 12.971 12.692 12.402 12.348 12.350 13.028 12.772 12.536 12.424 12.209 18/04/1962
12.599 12.343 12.296 12.270 12.519 12.308 12.335 12.412 12.984 12.756 12.325 12.443 13.207 12.846 12.913 12.985 13.069 13.021 12.824 13.001 12.823 12.902 12.865 12.880 12.884 12.856 12.979 13.021 12.950 12.742 19/04/1962
13.605 13.593 13.510 12.750 13.225 13.344 13.364 13.523 13.780 13.599 13.372 13.572 13.818 13.583 13.630 13.564 13.480 13.651 13.468 13.847 13.624 13.428 13.616 13.803 13.814 13.767 13.465 14.030 13.993 13.415 20/04/1962
14.234 13.544 13.459 12.354 12.339 13.542 12.953 13.154 12.737 12.605 13.572 13.227 13.280 12.676 12.941 13.470 13.203 13.307 12.602 12.821 13.541 12.893 13.001 12.828 12.837 13.770 13.250 13.378 12.990 12.503 21/04/1962
14.649 14.609 14.528 14.275 14.621 14.643 14.420 14.572 14.745 14.598 14.668 14.615 15.031 14.945 14.732 14.677 14.785 14.839 14.880 14.865 14.816 14.633 14.706 14.282 14.287 15.005 14.862 14.952 14.373 14.088 22/04/1962
14.907 14.959 14.951 15.203 16.131 14.947 15.139 15.172 16.076 16.196 14.957 15.195 16.006 16.035 16.104 15.484 16.119 15.899 16.002 16.055 15.585 16.114 15.910 15.909 15.910 15.745 16.125 15.955 15.924 15.835 23/04/1962
9.516 9.963 9.921 10.411 11.049 9.918 10.597 10.707 11.272 10.777 9.939 10.738 11.493 11.293 10.869 11.612 12.192 11.727 11.244 10.899 11.768 12.382 11.919 11.753 11.760 11.953 12.433 12.155 11.854 11.528 24/04/1962
8.922 8.670 8.601 7.932 8.557 8.921 8.817 8.950 9.543 9.201 8.956 9.003 9.035 9.677 9.764 10.576 10.108 9.464 9.631 9.816 10.947 10.435 9.843 10.351 10.360 11.099 10.759 10.061 10.473 10.208 25/04/1962
10.199 9.842 9.742 9.178 9.325 9.896 9.593 9.843 10.191 9.952 9.935 9.883 9.981 10.790 10.599 11.100 11.482 10.473 10.699 10.800 11.326 11.497 10.458 10.781 10.792 11.471 11.609 10.727 10.940 10.548 26/04/1962
10.919 10.983 10.938 10.742 10.601 10.558 10.946 11.097 11.110 11.211 10.566 11.126 10.894 11.552 11.445 11.855 12.175 11.306 11.524 11.640 11.901 12.143 11.225 11.408 11.410 12.063 12.017 11.292 11.484 11.297 27/04/1962
15.067 15.047 15.038 14.191 13.968 14.842 14.800 14.793 14.103 14.199 14.832 14.783 14.045 14.294 14.448 15.014 15.468 14.218 14.263 14.479 14.869 15.340 14.066 14.243 14.246 14.920 15.348 14.149 14.314 14.164 28/04/1962
15.299 15.209 15.156 14.236 14.463 15.247 15.065 15.122 14.814 14.817 15.264 15.145 14.810 15.161 15.229 16.047 16.279 15.212 15.163 15.331 16.097 16.292 15.278 15.483 15.486 16.048 16.198 15.351 15.520 15.401 29/04/1962
15.103 14.967 14.925 14.041 14.610 14.835 14.853 14.932 14.948 15.100 14.857 14.962 14.722 15.423 15.488 15.586 16.061 15.281 15.390 15.511 15.782 16.332 15.538 15.720 15.723 15.780 16.217 15.654 15.799 15.557 30/04/1962
14.253 14.058 13.990 13.636 13.429 13.779 13.719 13.836 13.729 13.804 13.809 13.877 13.717 13.899 14.197 14.327 14.955 14.071 13.838 14.118 14.361 14.997 14.136 14.226 14.231 14.405 14.730 14.406 14.316 13.985 01/05/1962
15.286 15.079 15.015 14.495 14.980 14.859 14.671 14.760 14.914 15.484 14.871 14.795 14.933 15.176 15.856 15.457 16.068 15.150 15.104 15.387 15.408 16.066 15.114 15.417 15.427 15.442 15.931 15.412 15.564 15.168 02/05/1962
10.242 9.565 9.494 8.699 9.188 9.576 9.179 9.323 9.608 9.505 9.598 9.384 9.612 9.871 9.950 10.057 10.363 9.880 9.799 9.825 10.194 10.363 9.933 10.087 10.097 10.375 10.594 10.224 10.244 9.840 03/05/1962
8.651 8.028 7.918 7.201 8.266 8.077 7.793 8.005 8.371 8.590 8.111 8.082 8.544 8.717 9.029 9.230 9.352 8.775 8.634 8.605 9.524 9.330 8.730 9.010 9.020 9.749 9.545 9.029 9.128 8.731 04/05/1962
9.066 8.713 8.651 7.636 8.160 8.769 8.534 8.680 9.227 8.742 8.792 8.728 9.305 9.378 9.024 9.454 9.475 9.621 9.317 9.387 9.411 9.288 9.415 9.571 9.580 9.602 9.454 9.599 9.646 9.386 05/05/1962
12.038 11.796 11.715 10.210 11.516 12.163 11.863 12.026 12.261 12.147 12.189 12.081 12.264 12.186 12.381 12.507 12.659 12.604 12.148 12.326 12.310 12.340 12.307 12.477 12.483 12.483 12.416 12.613 12.615 12.205 06/05/1962
12.645 12.304 12.207 11.801 12.065 12.306 12.114 12.260 13.046 12.499 12.319 12.272 13.160 12.699 12.506 12.898 13.393 12.951 12.619 12.729 13.001 13.398 12.791 12.780 12.788 13.101 13.488 13.083 12.902 12.587 07/05/1962
13.875 13.729 13.644 13.723 13.602 13.744 13.847 14.032 13.773 13.886 13.762 14.098 13.748 13.634 13.944 13.873 15.206 13.534 13.582 13.455 14.152 15.344 13.652 13.912 13.917 14.295 15.268 13.875 14.030 13.776 08/05/1962
12.187 12.116 12.061 12.432 12.445 11.996 11.880 12.028 12.394 12.606 12.015 12.074 12.465 12.336 12.845 11.920 13.031 12.453 12.290 12.575 11.975 12.973 12.377 12.566 12.568 12.091 12.925 12.566 12.653 12.405 09/05/1962
14.551 14.676 14.637 14.576 15.750 14.430 14.399 14.481 15.305 15.564 14.434 14.506 15.253 15.179 15.566 14.395 15.068 14.928 15.149 15.342 14.532 15.143 14.921 15.073 15.073 14.582 15.007 15.007 15.114 14.998 10/05/1962
14.276 14.019 13.989 14.182 15.060 13.981 13.391 13.462 14.161 14.498 13.981 13.487 14.416 14.005 14.538 14.387 14.445 14.126 13.997 14.025 14.393 14.286 13.977 13.790 13.788 14.543 14.624 14.036 13.800 13.780 11/05/1962
13.860 13.725 13.665 13.466 13.843 13.660 13.384 13.512 13.698 13.921 13.675 13.541 13.712 13.763 14.190 13.862 14.068 13.781 13.735 14.029 13.986 13.709 13.458 13.781 13.781 14.184 14.149 13.555 13.818 13.669 12/05/1962
14.848 14.542 14.488 13.915 14.198 14.094 14.244 14.380 14.336 14.215 14.125 14.427 14.408 14.412 14.520 14.339 14.858 14.164 14.369 14.354 13.923 14.230 13.523 14.473 14.475 14.118 14.054 13.750 14.528 14.222 13/05/1962
15.000 14.778 14.689 14.012 14.242 14.637 14.672 14.834 14.832 14.491 14.668 14.893 15.069 14.951 15.065 14.963 15.205 14.944 14.886 15.059 14.929 14.852 14.630 14.713 14.717 15.026 15.294 14.889 14.838 14.452 14/05/1962
15.350 15.294 15.294 14.781 15.814 15.301 15.490 15.516 15.757 16.154 15.309 15.545 15.977 16.036 16.439 15.642 16.325 16.060 15.985 16.293 15.483 15.975 15.757 15.877 15.876 15.529 16.020 15.822 15.925 15.801 15/05/1962
15.324 15.184 15.152 14.457 15.116 15.042 14.934 15.010 15.146 15.323 15.056 15.035 15.520 15.100 15.574 15.274 15.620 15.441 15.055 15.215 15.222 15.397 15.233 15.119 15.124 15.288 15.548 15.401 15.176 15.003 16/05/1962
14.589 14.542 14.473 14.238 14.869 14.339 14.239 14.389 14.944 14.990 14.371 14.448 15.085 15.103 15.219 14.723 15.373 15.231 15.041 15.010 15.207 15.372 15.238 15.193 15.199 15.289 15.527 15.490 15.310 15.006 17/05/1962
14.573 14.431 14.327 14.176 14.626 14.194 14.149 14.368 14.981 14.742 14.233 14.441 15.177 14.878 14.888 14.327 14.774 15.039 14.810 15.009 14.650 14.768 15.071 15.237 15.245 14.918 14.902 15.383 15.398 15.017 18/05/1962
16.248 16.247 16.182 16.594 16.645 16.103 16.082 16.225 17.735 16.829 16.128 16.268 17.887 17.577 16.996 15.826 17.318 17.759 17.491 17.699 16.038 17.295 17.755 17.856 17.870 16.365 17.383 18.134 18.036 17.530 19/05/1962
18.656 18.592 18.530 18.240 18.921 18.402 18.273 18.420 19.472 19.054 18.416 18.443 19.555 19.460 19.227 18.444 18.274 19.338 19.423 19.601 18.377 18.144 19.234 19.241 19.248 18.476 18.327 19.436 19.340 19.097 20/05/1962
18.586 18.192 18.146 17.784 18.544 18.159 17.881 18.000 18.702 18.873 18.155 18.038 18.861 19.121 19.101 18.657 18.894 19.194 19.073 19.214 18.779 18.669 19.072 19.181 19.187 18.932 18.760 19.223 19.261 19.041 21/05/1962
19.521 19.389 19.314 18.833 17.657 19.104 18.824 18.984 19.368 17.905 19.134 19.034 19.490 19.224 18.186 20.114 20.025 19.610 19.152 18.943 20.356 20.025 19.583 19.127 19.136 20.552 20.112 19.850 19.241 18.873 22/05/1962
16.817 16.694 16.594 16.282 17.029 16.049 15.739 15.904 17.230 16.821 16.088 15.967 17.355 16.882 16.775 16.277 16.763 17.227 16.793 16.854 16.181 16.499 16.881 16.612 16.621 16.496 16.486 17.153 16.730 16.373 23/05/1962
18.067 18.485 18.450 18.062 19.457 17.307 17.498 17.549 18.709 18.805 17.342 17.586 18.107 18.321 18.587 17.125 18.445 18.141 18.224 18.662 16.924 18.157 17.888 18.205 18.212 17.021 17.741 18.124 18.332 17.948 24/05/1962
17.587 18.035 17.997 18.010 18.694 17.293 17.634 17.724 17.873 18.332 17.307 17.744 17.582 17.719 18.430 17.202 18.373 17.277 17.625 18.152 16.927 17.971 16.904 17.443 17.449 17.081 17.765 17.103 17.544 17.259 25/05/1962
18.141 18.198 18.134 18.281 19.127 17.754 18.129 18.161 18.933 19.272 17.769 18.203 19.318 18.894 19.293 18.536 19.202 19.188 18.796 19.159 18.328 18.604 18.733 18.580 18.583 18.481 18.542 18.933 18.671 18.365 26/05/1962
15.917 15.650 15.558 15.409 16.192 15.395 15.096 15.289 16.459 16.070 15.408 15.346 16.661 16.430 16.568 15.966 16.322 16.452 16.326 16.509 16.398 16.624 16.790 17.124 17.131 16.660 16.688 17.103 17.246 16.841 27/05/1962
16.136 16.251 16.113 16.459 16.712 15.518 15.631 15.844 16.588 16.070 15.540 15.879 16.528 15.791 15.929 16.333 16.353 16.226 15.752 15.913 15.994 16.101 15.944 16.138 16.148 16.217 16.077 16.178 16.256 15.987 28/05/1962
14.852 15.532 15.458 15.707 15.802 14.727 15.255 15.368 16.108 15.033 14.762 15.424 15.564 15.381 15.028 15.101 15.619 15.353 15.354 15.496 15.256 15.612 15.374 15.632 15.633 15.421 15.251 15.491 15.686 15.502 29/05/1962
15.789 15.707 15.613 14.598 14.425 15.010 14.826 15.044 14.565 14.072 15.047 15.128 14.617 14.136 13.976 15.093 15.127 14.116 14.118 14.429 14.719 14.786 13.748 13.927 13.927 14.948 14.861 13.883 13.991 13.819 30/05/1962
15.615 15.867 15.769 16.689 14.700 15.372 15.274 15.456 14.984 14.792 15.405 15.528 15.017 15.247 14.894 15.207 15.664 15.127 15.195 15.220 15.535 15.536 15.037 15.175 15.178 15.735 15.838 15.288 15.282 14.960 31/05/1962
14.641 14.692 14.608 14.802 14.167 14.422 14.371 14.485 14.816 14.295 14.467 14.576 14.738 14.817 14.601 15.312 15.499 14.846 14.765 14.985 15.424 15.424 14.824 15.056 15.058 15.571 15.496 15.071 15.125 14.852 01/06/1962
15.982 16.078 15.985 16.456 15.383 15.625 15.618 15.807 15.866 15.635 15.657 15.869 15.748 16.075 15.573 15.932 16.667 15.911 16.035 16.041 16.230 16.712 15.939 15.990 15.992 16.443 16.529 16.044 16.029 15.861 02/06/1962
17.514 17.669 17.607 16.438 16.354 17.187 17.237 17.381 16.794 16.472 17.220 17.438 16.602 16.936 16.538 17.312 17.682 16.725 16.869 16.966 17.358 17.734 16.788 16.859 16.866 17.468 17.622 17.091 17.001 16.594 03/06/1962
18.261 18.093 18.062 18.052 17.772 18.014 17.960 18.117 18.143 17.801 18.035 18.158 18.198 18.338 17.820 18.498 19.092 18.343 18.260 18.260 18.505 18.811 18.089 17.997 18.003 18.684 18.681 18.301 18.120 17.843 04/06/1962
18.913 18.792 18.752 18.021 19.300 18.636 18.811 18.954 18.629 19.323 18.651 18.985 19.065 18.736 19.172 19.034 18.816 18.498 18.712 18.956 19.084 18.917 18.642 18.628 18.630 19.274 18.833 18.788 18.700 18.455 05/06/1962
17.702 17.806 17.740 17.479 17.852 17.249 17.248 17.382 17.594 17.848 17.295 17.451 17.644 17.597 17.753 17.585 17.766 17.419 17.541 17.817 17.686 17.823 17.520 17.591 17.596 17.850 17.813 17.752 17.695 17.402 06/06/1962
16.706 16.694 16.641 16.348 17.150 16.521 16.367 16.498 16.908 16.856 16.552 16.528 16.677 16.784 16.932 17.288 17.232 16.778 16.717 16.898 17.410 17.230 16.771 16.999 17.005 17.534 17.372 17.004 17.129 16.794 07/06/1962
17.639 17.600 17.500 16.531 16.970 17.176 17.127 17.397 17.031 16.925 17.222 17.479 17.145 16.997 17.057 16.917 17.464 17.033 16.923 17.207 17.066 17.395 16.961 17.188 17.197 17.319 17.439 17.261 17.340 16.935 08/06/1962
17.280 17.059 16.967 16.206 15.881 16.780 16.792 17.006 16.518 16.111 16.815 17.069 16.842 16.691 16.619 16.791 16.965 16.643 16.584 16.854 17.015 16.968 16.665 17.095 17.105 17.279 16.858 17.023 17.286 16.795 09/06/1962
15.119 15.234 15.150 14.581 15.331 14.724 14.782 14.963 15.228 15.215 14.756 15.016 15.497 15.297 15.736 14.720 15.280 15.276 15.219 15.700 14.909 15.223 15.198 15.383 15.393 15.112 15.223 15.453 15.521 15.147 10/06/1962
15.659 15.251 15.172 14.464 14.613 14.990 14.641 14.834 14.911 14.487 15.018 14.886 15.071 14.381 14.770 14.663 15.002 14.891 14.305 14.704 14.612 14.563 14.488 14.704 14.713 14.838 14.789 14.793 14.836 14.423 11/06/1962
15.414 15.092 15.048 14.710 14.493 15.054 14.816 14.988 15.496 14.789 15.077 15.044 15.578 15.418 15.020 15.452 15.480 15.604 15.380 15.550 15.647 15.455 15.637 15.563 15.572 15.790 15.706 15.966 15.637 15.432 12/06/1962
15.483 15.196 15.098 14.691 14.337 15.072 14.996 15.154 15.232 14.629 15.112 15.232 15.360 15.126 15.101 15.624 15.768 15.291 15.049 15.295 15.893 15.706 15.277 15.196 15.206 16.182 15.959 15.632 15.399 15.000 13/06/1962
15.658 15.312 15.170 14.474 13.517 15.043 14.848 15.105 14.643 13.788 15.101 15.209 14.793 14.346 14.354 15.049 15.292 14.684 14.270 14.767 15.375 15.312 14.706 14.861 14.871 15.659 15.502 15.136 15.065 14.523 14/06/1962
16.773 16.516 16.456 14.591 15.636 16.457 16.355 16.477 16.692 16.083 16.488 16.546 16.503 16.375 16.679 16.708 16.275 16.433 16.321 17.134 16.896 16.352 16.505 16.870 16.875 17.080 16.412 16.759 16.932 16.636 15/06/1962
19.760 19.648 19.594 18.653 19.441 19.672 19.656 19.863 20.267 20.214 19.703 19.918 20.071 19.876 20.550 19.997 19.504 19.968 19.825 20.415 20.057 19.402 19.838 20.195 20.197 20.146 19.493 20.038 20.230 20.084 16/06/1962
19.990 20.342 20.266 20.518 21.022 19.873 20.265 20.483 20.896 22.131 19.913 20.547 20.733 20.515 22.192 21.283 21.761 20.659 20.435 20.821 21.140 21.396 20.204 20.807 20.816 21.258 21.546 20.604 20.941 20.471 17/06/1962
19.827 20.102 20.092 19.900 19.578 19.679 19.955 20.135 19.411 20.196 19.714 20.186 19.382 19.164 20.067 20.042 20.364 19.291 19.114 19.346 20.074 20.284 19.163 19.389 19.399 20.247 20.202 19.402 19.503 19.211 18/06/1962
21.144 21.104 21.023 20.155 19.739 20.757 20.862 21.053 20.515 20.298 20.798 21.112 20.550 20.242 20.491 21.306 20.671 20.405 20.183 20.377 21.495 20.715 20.507 20.821 20.832 21.669 20.772 20.758 20.959 20.595 19/06/1962
19.204 19.145 19.097 18.912 18.557 18.775 18.924 19.076 19.315 19.161 18.794 19.121 19.414 19.057 19.266 19.271 19.580 19.204 18.979 19.176 19.295 19.275 18.805 19.114 19.125 19.533 19.365 19.137 19.258 18.849 20/06/1962
19.610 20.233 20.182 19.782 19.557 19.287 19.834 19.993 19.645 19.495 19.306 20.022 19.917 19.453 19.379 20.004 20.453 19.560 19.429 19.349 19.881 20.222 19.308 19.589 19.592 20.015 20.285 19.476 19.632 19.435 21/06/1962
18.087 18.231 18.185 17.678 17.682 17.829 18.021 18.158 17.904 17.613 17.843 18.182 17.995 17.846 17.761 17.897 18.151 17.947 17.799 17.839 17.937 18.087 17.877 17.850 17.857 17.994 18.063 18.105 17.979 17.683 22/06/1962
18.838 18.856 18.777 18.785 19.060 18.464 18.541 18.723 18.823 18.874 18.492 18.772 19.022 18.818 18.869 18.566 18.897 18.878 18.795 18.975 18.683 18.728 18.648 18.792 18.798 18.832 18.751 18.816 18.873 18.658 23/06/1962
21.126 21.201 21.154 20.859 21.129 20.919 21.023 21.156 21.287 21.110 20.939 21.199 21.392 21.152 21.129 21.303 21.343 21.261 21.092 21.223 21.077 20.928 20.873 21.075 21.081 21.188 20.985 21.155 21.182 20.836 24/06/1962
19.857 19.664 19.598 19.288 19.195 19.649 19.249 19.341 19.617 19.084 19.680 19.363 19.561 19.298 19.223 19.745 19.730 19.142 19.219 19.519 19.510 19.679 19.157 19.380 19.391 19.634 19.850 19.493 19.533 19.064 25/06/1962
20.498 20.313 20.197 19.303 18.914 19.924 20.001 20.218 20.118 18.951 19.968 20.270 20.228 19.860 19.075 19.382 19.559 19.933 19.785 19.999 19.518 19.495 19.892 20.172 20.177 19.774 19.182 20.171 20.327 19.915 26/06/1962
19.831 20.150 20.038 19.918 19.876 19.091 19.436 19.695 20.425 19.865 19.141 19.761 20.052 20.266 20.159 19.271 20.697 20.168 20.138 20.857 19.231 20.009 19.612 20.636 20.648 19.534 19.852 20.096 20.902 20.179 27/06/1962
20.506 20.516 20.421 19.983 19.929 19.803 19.750 19.991 19.850 20.067 19.843 20.048 20.283 20.127 20.648 20.418 20.745 20.417 20.047 20.502 19.872 19.742 19.584 20.085 20.091 20.103 20.288 19.904 20.263 19.752 28/06/1962
20.542 20.651 20.577 20.630 20.673 19.712 19.848 20.003 20.726 20.599 19.746 20.053 20.667 20.859 20.793 20.640 21.038 20.812 20.804 20.537 20.445 20.567 20.280 20.435 20.443 20.713 20.810 20.548 20.554 20.217 29/06/1962
25.765 25.691 25.615 25.075 24.816 25.203 25.189 25.317 24.801 24.679 25.232 25.354 24.721 24.944 24.603 25.633 25.175 24.938 24.929 24.814 25.498 24.908 24.608 24.645 24.645 25.739 24.954 24.781 24.679 24.482 30/06/1962
21.235 21.661 21.602 21.689 22.389 20.776 20.934 21.077 21.443 21.913 20.806 21.128 21.167 21.808 21.900 21.094 21.792 21.549 21.767 22.036 21.114 21.443 21.224 21.425 21.430 21.266 21.343 21.430 21.513 21.228 01/07/1962
25.462 25.591 25.521 24.737 24.979 24.985 25.072 25.176 25.718 24.787 25.010 25.210 25.088 25.975 24.535 25.294 26.457 25.548 25.892 25.968 25.215 26.083 25.003 25.542 25.548 25.377 25.791 25.292 25.682 25.236 02/07/1962
22.509 22.791 22.696 22.116 23.602 22.088 22.335 22.544 23.561 23.691 22.134 22.620 23.243 23.667 23.903 22.667 23.844 23.500 23.600 23.772 22.719 23.741 23.399 23.776 23.781 22.872 23.443 23.690 23.895 23.473 03/07/1962
20.029 20.355 20.354 19.828 20.073 19.919 19.961 20.047 20.253 20.031 19.930 20.063 19.910 20.130 20.095 19.984 20.865 20.094 20.078 20.260 20.252 20.858 20.052 20.262 20.263 20.263 20.573 20.189 20.316 20.100 04/07/1962
22.648 22.840 22.731 22.154 22.296 22.094 22.242 22.523 22.751 22.369 22.135 22.600 22.671 22.643 22.621 22.477 22.838 22.743 22.555 22.887 22.595 22.710 22.626 22.851 22.862 22.671 22.388 22.989 23.017 22.516 05/07/1962
22.030 22.491 22.414 22.057 22.328 21.854 22.213 22.377 22.522 22.277 21.877 22.434 22.385 22.649 22.495 21.288 22.108 22.562 22.611 22.841 21.386 21.976 22.466 22.677 22.685 21.460 21.541 22.562 22.750 22.552 06/07/1962
20.946 21.344 21.325 20.906 20.865 20.831 21.073 21.173 21.191 20.796 20.832 21.193 20.930 21.250 20.867 20.267 22.050 21.079 21.227 21.518 20.414 22.080 21.122 21.269 21.272 20.516 21.718 21.218 21.297 21.178 07/07/1962
20.245 20.544 20.504 20.081 20.545 20.061 20.154 20.270 20.469 20.466 20.071 20.302 20.532 20.350 20.615 19.970 21.411 20.608 20.296 20.690 20.155 21.337 20.534 20.639 20.646 20.445 21.063 20.803 20.756 20.383 08/07/1962
16.915 17.226 17.164 16.516 16.602 16.524 16.514 16.635 16.797 16.671 16.560 16.686 16.846 16.717 17.045 16.555 17.341 16.860 16.672 17.115 16.639 17.357 16.901 17.207 17.211 16.784 17.295 17.080 17.274 17.035 09/07/1962
15.644 15.772 15.688 15.073 14.553 15.529 15.443 15.606 15.445 14.772 15.560 15.651 15.771 15.563 15.228 15.566 16.115 15.905 15.484 15.349 15.912 16.082 15.886 15.734 15.740 16.122 16.218 16.191 15.832 15.468 10/07/1962
17.807 17.813 17.739 16.990 17.160 17.366 17.323 17.479 17.599 17.272 17.404 17.539 17.731 17.413 17.561 17.015 17.653 17.376 17.386 17.471 17.036 17.553 17.292 17.366 17.368 17.128 17.435 17.458 17.448 17.245 11/07/1962
16.683 16.778 16.730 16.359 16.806 16.368 16.449 16.566 16.852 16.755 16.398 16.607 16.987 16.788 16.989 16.672 17.401 16.740 16.758 16.906 16.876 17.370 16.710 16.832 16.833 17.043 17.262 16.861 16.913 16.709 12/07/1962
19.016 18.934 18.876 18.054 18.623 18.652 18.582 18.592 18.797 18.379 18.666 18.618 18.904 18.643 18.762 17.941 18.557 18.651 18.575 18.680 17.922 18.536 18.650 18.727 18.731 18.091 18.552 18.885 18.836 18.506 13/07/1962
19.308 19.905 19.880 19.006 19.613 19.243 19.575 19.627 20.732 19.671 19.246 19.625 20.111 20.261 19.993 19.020 19.878 20.245 20.238 20.833 19.100 19.780 20.153 20.554 20.558 19.224 19.433 20.184 20.576 20.491 14/07/1962
17.205 17.409 17.320 16.992 17.795 17.406 17.094 17.253 19.103 17.877 17.425 17.317 18.649 19.158 18.406 18.019 18.464 18.861 19.065 19.764 18.373 18.720 19.148 19.482 19.493 18.612 18.717 19.529 19.669 19.141 15/07/1962
18.734 18.640 18.572 18.150 17.732 18.408 18.093 18.233 18.467 17.761 18.438 18.303 18.438 18.316 17.973 18.744 18.831 18.416 18.229 18.383 18.850 18.701 18.274 18.417 18.428 18.941 18.881 18.631 18.572 18.156 16/07/1962
20.989 20.929 20.852 20.233 20.439 20.739 20.545 20.722 21.013 20.644 20.794 20.796 21.101 20.949 20.765 20.561 20.339 21.045 20.877 20.814 20.669 20.230 20.914 21.004 21.012 20.836 20.464 21.108 21.099 20.826 17/07/1962
25.526 25.632 25.601 25.055 25.084 25.843 25.848 25.878 25.747 25.501 25.860 25.900 25.971 25.483 25.534 25.146 25.350 25.615 25.419 25.561 25.254 25.429 25.642 25.727 25.734 25.252 25.579 25.975 25.864 25.453 18/07/1962
29.461 29.491 29.432 27.784 28.242 29.521 29.678 29.779 28.725 28.663 29.530 29.801 29.449 28.635 29.216 28.512 28.680 28.768 28.610 29.197 28.690 28.492 28.572 28.604 28.611 28.836 28.559 28.846 28.675 28.358 19/07/1962
29.483 29.319 29.227 28.365 28.711 29.131 29.220 29.429 29.273 28.934 29.172 29.486 29.528 28.925 29.537 28.935 28.855 28.832 28.837 29.660 29.033 29.100 28.953 29.265 29.271 29.302 29.084 29.289 29.417 28.928 20/07/1962
26.605 26.645 26.571 25.876 25.899 26.374 26.617 26.689 26.774 26.063 26.396 26.715 26.861 26.303 26.313 25.957 26.826 26.633 26.248 26.562 25.848 26.603 26.341 26.454 26.458 25.951 26.197 26.536 26.536 26.265 21/07/1962
26.546 26.650 26.569 26.517 26.672 26.365 26.604 26.684 27.049 27.116 26.385 26.724 26.973 26.695 26.784 25.921 26.825 26.838 26.649 26.879 25.788 26.607 26.589 27.032 27.037 25.849 26.326 26.760 27.093 26.836 22/07/1962
28.112 28.053 27.931 28.427 29.058 27.685 27.969 28.251 29.349 29.380 27.729 28.336 29.369 29.284 29.146 27.379 28.861 28.947 29.252 29.233 27.236 28.663 28.771 29.128 29.136 27.306 28.136 28.986 29.221 28.902 23/07/1962
25.746 26.247 26.137 26.460 26.436 25.639 26.052 26.197 26.550 26.660 25.674 26.244 26.334 26.554 26.467 25.214 26.249 26.263 26.554 26.616 25.390 26.374 26.357 26.782 26.783 25.547 25.998 26.528 26.860 26.658 24/07/1962
22.051 22.503 22.399 22.185 22.924 21.804 22.125 22.274 22.969 23.172 21.824 22.335 22.699 23.053 23.427 21.653 22.479 22.771 23.031 23.347 21.823 22.525 22.799 23.322 23.324 21.971 22.145 22.982 23.349 23.176 25/07/1962
23.694 23.848 23.742 24.064 24.274 23.519 23.475 23.665 24.782 24.702 23.559 23.739 24.499 24.804 24.883 23.468 24.149 24.694 24.764 24.878 23.699 24.383 24.880 25.104 25.110 24.038 23.981 25.104 25.224 24.905 26/07/1962
24.905 25.058 25.018 25.085 25.646 24.882 24.905 24.982 25.692 25.865 24.904 25.021 25.416 25.731 25.969 24.779 25.175 25.503 25.674 25.542 24.823 25.251 25.559 25.859 25.865 24.939 25.067 25.798 25.928 25.690 27/07/1962
23.283 23.579 23.515 23.786 23.661 23.253 23.394 23.530 24.258 24.032 23.280 23.576 24.018 24.372 24.346 23.450 24.294 24.280 24.346 24.422 23.515 24.298 24.293 24.508 24.519 23.672 24.027 24.439 24.594 24.378 28/07/1962
20.868 21.293 21.207 20.528 21.003 20.670 20.962 21.108 21.537 21.205 20.700 21.150 21.497 21.638 21.594 21.859 22.276 21.658 21.595 21.681 21.995 22.206 21.574 21.865 21.872 22.180 22.013 21.764 21.962 21.679 29/07/1962
17.273 17.209 17.173 16.791 17.256 16.778 17.058 17.170 17.427 17.269 16.800 17.207 17.421 17.386 17.686 17.583 17.962 17.356 17.321 17.429 17.639 18.031 17.462 17.822 17.831 17.774 17.920 17.733 17.938 17.578 30/07/1962
17.384 17.201 17.170 16.024 16.282 16.665 16.547 16.657 16.442 16.303 16.686 16.704 16.470 16.281 16.416 16.688 16.832 16.375 16.184 16.248 16.859 16.609 16.119 16.407 16.419 17.036 17.020 16.438 16.520 16.112 31/07/1962
