# 6448 6449 6450 6451 6452 6528 6529 6530 6531 6532 6610 6611 6612 6613 6614 6693 6694 6695 6696 6697 6776 6777 6778 6779 6780 6859 6860 6861 6862 6863 Date
4.736 4.738 4.657 4.480 4.538 4.727 4.723 4.646 4.623 4.533 4.789 4.670 4.654 4.633 4.559 4.776 4.663 4.658 4.636 4.684 4.751 4.660 4.707 4.673 4.721 4.806 4.690 4.771 4.749 4.678 01/08/2049
4.836 4.925 4.828 4.745 4.589 4.885 4.840 4.818 4.893 4.658 4.936 4.888 4.857 4.823 4.691 5.035 4.955 4.874 4.826 4.842 5.055 4.946 4.916 4.909 4.977 5.154 5.055 5.095 5.084 4.909 02/08/2049
5.576 5.644 5.671 5.643 5.494 5.637 5.641 5.672 5.534 5.408 5.686 5.650 5.543 5.523 5.426 5.477 5.561 5.553 5.534 5.498 5.610 5.566 5.618 5.568 5.735 5.745 5.725 5.878 5.845 5.688 03/08/2049
4.143 4.139 4.121 3.965 3.938 4.077 4.035 4.091 4.071 3.932 4.010 4.063 4.095 4.040 3.961 3.965 4.051 4.089 4.037 4.046 4.011 4.048 4.049 4.113 4.171 4.122 4.133 4.166 4.159 4.111 04/08/2049
3.798 3.638 3.676 3.562 3.635 3.586 3.534 3.627 3.665 3.585 3.600 3.539 3.595 3.549 3.616 3.438 3.530 3.394 3.379 3.514 3.558 3.523 3.611 3.423 3.476 3.662 3.544 3.556 3.342 3.447 05/08/2049
3.916 3.928 3.770 3.558 3.606 3.902 3.883 3.752 3.673 3.619 4.092 3.940 3.800 3.782 3.630 4.062 4.027 3.871 3.846 3.722 4.176 4.021 4.039 3.876 3.830 4.237 4.103 4.151 4.046 3.821 06/08/2049
3.494 3.491 3.549 3.495 3.574 3.472 3.454 3.532 3.669 3.538 3.523 3.516 3.593 3.556 3.568 3.574 3.570 3.513 3.476 3.585 3.590 3.570 3.643 3.543 3.566 3.539 3.615 3.716 3.625 3.497 07/08/2049
3.566 3.514 3.512 3.283 3.312 3.471 3.439 3.468 3.396 3.227 3.589 3.530 3.619 3.573 3.265 3.550 3.558 3.570 3.529 3.310 3.579 3.555 3.633 3.587 3.341 3.654 3.614 3.742 3.594 3.277 08/08/2049
4.452 4.411 4.437 4.329 4.246 4.398 4.389 4.432 4.397 4.254 4.377 4.374 4.403 4.388 4.279 4.301 4.314 4.342 4.326 4.369 4.285 4.314 4.359 4.346 4.344 4.253 4.294 4.355 4.312 4.320 09/08/2049
5.103 5.106 5.144 5.038 5.004 5.108 5.106 5.138 5.219 5.034 5.114 5.120 5.189 5.192 5.053 5.085 5.098 5.243 5.233 5.272 5.135 5.096 5.170 5.244 5.278 5.171 5.174 5.244 5.262 5.264 10/08/2049
3.453 3.457 3.428 3.223 3.321 3.460 3.462 3.428 3.373 3.312 3.385 3.396 3.401 3.378 3.347 3.281 3.353 3.350 3.339 3.366 3.304 3.351 3.412 3.359 3.365 3.235 3.255 3.329 3.315 3.340 11/08/2049
3.699 3.730 3.677 3.478 3.424 3.689 3.673 3.656 3.755 3.578 3.710 3.728 3.782 3.755 3.616 3.656 3.749 3.916 3.853 3.887 3.755 3.743 3.834 3.942 3.972 3.882 3.848 4.023 3.991 3.916 12/08/2049
4.063 4.045 4.058 3.934 3.866 4.037 4.027 4.056 4.048 3.890 4.093 4.059 4.063 4.040 3.913 4.019 4.009 4.046 4.015 4.043 4.061 4.008 4.050 4.064 4.059 4.067 3.994 4.080 4.043 4.013 13/08/2049
3.940 4.005 3.974 3.894 3.947 3.968 3.946 3.953 4.103 3.982 4.007 4.010 4.185 4.145 4.026 4.101 4.156 4.164 4.116 4.055 4.094 4.155 4.169 4.184 4.125 4.085 4.120 4.177 4.198 4.076 14/08/2049
2.797 2.751 2.595 2.150 2.128 2.727 2.725 2.592 1.757 1.626 2.655 2.533 2.259 2.233 1.659 2.629 2.191 1.704 1.654 1.589 2.439 2.187 2.162 1.721 1.568 2.133 1.702 1.626 1.664 1.506 15/08/2049
3.418 3.432 3.340 3.181 3.083 3.419 3.413 3.323 3.180 3.060 3.411 3.389 3.203 3.200 3.090 3.354 3.243 3.216 3.197 3.176 3.345 3.239 3.242 3.220 3.224 3.441 3.274 3.298 3.263 3.202 16/08/2049
3.667 3.722 3.686 3.556 3.527 3.712 3.695 3.670 3.722 3.589 3.754 3.749 3.694 3.677 3.611 3.737 3.745 3.698 3.681 3.714 3.747 3.738 3.713 3.712 3.751 3.793 3.770 3.778 3.760 3.731 17/08/2049
4.382 4.394 4.384 4.222 4.218 4.391 4.382 4.388 4.350 4.260 4.370 4.376 4.349 4.322 4.293 4.295 4.310 4.307 4.308 4.340 4.325 4.311 4.302 4.307 4.367 4.329 4.308 4.325 4.321 4.326 18/08/2049
4.285 4.338 4.331 4.138 4.100 4.327 4.314 4.332 4.255 4.139 4.359 4.376 4.261 4.248 4.175 4.256 4.252 4.274 4.290 4.296 4.324 4.257 4.273 4.285 4.338 4.415 4.306 4.332 4.315 4.310 19/08/2049
4.088 4.119 4.048 3.852 3.848 4.116 4.101 4.051 4.002 3.848 4.155 4.132 4.148 4.126 3.875 4.146 4.087 4.117 4.078 3.980 4.220 4.083 4.205 4.125 4.021 4.217 4.096 4.208 4.081 3.998 20/08/2049
3.871 3.853 3.832 3.752 3.736 3.839 3.826 3.823 3.884 3.732 3.853 3.828 3.940 3.926 3.757 3.811 3.869 3.925 3.885 3.850 3.833 3.865 3.953 3.934 3.888 3.909 3.905 4.004 3.948 3.846 21/08/2049
3.883 3.859 3.835 3.697 3.663 3.849 3.836 3.837 3.857 3.688 3.804 3.814 3.847 3.835 3.724 3.746 3.748 3.876 3.838 3.847 3.761 3.743 3.862 3.898 3.911 3.791 3.773 3.894 3.890 3.870 22/08/2049
3.770 3.828 3.785 3.549 3.487 3.827 3.806 3.798 3.717 3.553 3.870 3.851 3.748 3.725 3.577 3.823 3.782 3.772 3.740 3.748 3.853 3.784 3.806 3.796 3.801 3.892 3.849 3.894 3.845 3.758 23/08/2049
3.660 3.662 3.649 3.423 3.372 3.660 3.630 3.650 3.493 3.365 3.643 3.618 3.522 3.493 3.382 3.579 3.484 3.504 3.471 3.472 3.577 3.480 3.473 3.511 3.540 3.648 3.619 3.599 3.573 3.503 24/08/2049
3.472 3.228 3.158 2.973 2.945 3.225 3.218 3.156 3.056 2.952 3.177 3.128 3.073 3.051 2.984 3.172 3.047 3.069 3.045 3.053 3.190 3.039 3.063 3.083 3.097 3.265 3.168 3.172 3.120 3.065 25/08/2049
2.974 3.119 3.006 2.879 2.773 3.109 3.104 3.006 2.977 2.778 3.100 3.042 2.975 2.942 2.813 3.092 2.960 2.992 2.954 2.965 3.064 2.964 2.950 3.003 3.039 3.049 3.021 3.050 3.054 3.002 26/08/2049
2.358 2.426 2.152 1.791 1.623 2.402 2.380 2.135 1.985 1.834 2.498 2.655 2.204 2.152 1.889 2.530 2.472 2.364 2.318 2.154 2.706 2.468 2.451 2.387 2.478 2.970 2.666 2.687 2.617 2.416 27/08/2049
3.216 3.242 3.172 2.812 2.831 3.235 3.218 3.162 2.882 2.773 3.047 3.181 3.118 3.104 2.799 3.054 3.079 3.111 3.084 2.862 3.084 3.075 3.150 3.127 3.042 3.142 3.105 3.206 3.108 2.996 28/08/2049
3.288 3.296 3.208 2.932 2.976 3.296 3.291 3.196 3.105 3.004 3.255 3.276 3.211 3.205 3.023 3.229 3.160 3.172 3.138 3.095 3.216 3.163 3.163 3.192 3.150 3.252 3.146 3.194 3.179 3.115 29/08/2049
3.162 3.257 3.249 3.030 3.030 3.260 3.251 3.248 3.169 3.077 3.262 3.285 3.271 3.249 3.103 3.221 3.276 3.311 3.290 3.233 3.257 3.273 3.289 3.321 3.309 3.314 3.310 3.348 3.340 3.274 30/08/2049
2.779 2.815 2.767 2.605 2.510 2.804 2.792 2.761 2.707 2.595 2.890 2.867 2.744 2.718 2.611 2.880 2.831 2.788 2.759 2.755 2.925 2.827 2.814 2.798 2.822 2.988 2.891 2.898 2.883 2.793 31/08/2049
3.618 3.734 3.641 3.489 3.435 3.710 3.696 3.640 3.767 3.565 3.763 3.765 3.850 3.821 3.594 3.770 3.797 3.975 3.915 3.888 3.792 3.791 3.964 3.990 3.976 3.822 3.787 3.967 3.982 3.916 01/09/2049
4.223 4.270 4.158 4.105 3.996 4.265 4.259 4.147 4.329 4.148 4.273 4.286 4.335 4.287 4.177 4.226 4.222 4.385 4.332 4.330 4.277 4.221 4.357 4.409 4.479 4.418 4.237 4.436 4.477 4.412 02/09/2049
4.463 4.480 4.379 4.388 4.229 4.464 4.457 4.365 4.496 4.345 4.445 4.446 4.533 4.490 4.382 4.382 4.345 4.518 4.465 4.502 4.415 4.341 4.503 4.542 4.583 4.522 4.354 4.585 4.589 4.511 03/09/2049
3.975 4.017 4.009 3.941 3.810 3.996 3.994 3.995 4.032 3.894 4.018 3.981 3.991 3.986 3.916 4.019 3.851 3.900 3.882 3.985 3.997 3.855 3.910 3.914 3.912 4.048 3.845 3.921 3.889 3.883 04/09/2049
3.480 3.482 3.491 3.429 3.407 3.470 3.463 3.487 3.592 3.495 3.484 3.529 3.596 3.569 3.515 3.518 3.485 3.552 3.530 3.552 3.538 3.486 3.580 3.562 3.506 3.545 3.435 3.561 3.492 3.489 05/09/2049
2.382 2.480 2.493 2.346 2.462 2.433 2.401 2.471 2.637 2.551 2.334 2.444 2.576 2.555 2.587 2.439 2.662 2.638 2.610 2.719 2.620 2.665 2.613 2.654 2.822 2.818 2.796 2.806 2.803 2.786 06/09/2049
3.230 3.205 3.073 2.846 2.799 3.176 3.155 3.054 2.993 2.892 3.178 3.168 3.069 3.037 2.930 3.233 2.977 3.090 3.046 2.978 3.308 2.967 3.171 3.115 3.038 3.383 2.991 3.230 3.175 2.989 07/09/2049
2.801 2.822 2.802 2.773 2.765 2.820 2.804 2.792 2.936 2.856 2.829 2.837 2.912 2.899 2.879 2.780 2.774 2.965 2.932 2.938 2.800 2.775 2.930 2.974 2.983 2.854 2.790 2.974 3.005 2.944 08/09/2049
3.364 3.271 3.155 3.025 2.859 3.277 3.249 3.144 3.068 2.862 3.305 3.205 3.146 3.132 2.918 3.221 3.014 3.115 3.100 3.041 3.143 3.007 3.164 3.124 3.026 3.065 3.006 3.141 3.095 3.013 09/09/2049
2.724 2.897 2.900 2.814 2.719 2.882 2.868 2.885 2.967 2.821 3.260 3.162 3.056 3.039 2.852 3.124 3.152 3.123 3.104 3.053 3.085 3.151 3.181 3.125 3.063 2.977 3.123 3.173 3.136 3.036 10/09/2049
3.502 3.514 3.535 3.442 3.438 3.523 3.525 3.540 3.655 3.568 3.467 3.508 3.591 3.584 3.590 3.401 3.434 3.587 3.574 3.746 3.439 3.435 3.536 3.595 3.621 3.483 3.459 3.566 3.586 3.608 11/09/2049
3.725 3.748 3.755 3.673 3.543 3.750 3.754 3.760 3.693 3.553 3.746 3.769 3.736 3.730 3.572 3.767 3.644 3.729 3.722 3.718 3.774 3.644 3.700 3.745 3.871 3.834 3.705 3.766 3.821 3.859 12/09/2049
2.903 2.798 2.678 2.495 2.463 2.788 2.777 2.682 2.523 2.434 2.795 2.681 2.610 2.600 2.460 2.686 2.543 2.571 2.559 2.551 2.538 2.547 2.634 2.587 2.640 2.571 2.574 2.710 2.654 2.607 13/09/2049
3.103 3.143 3.395 3.406 3.251 3.146 3.142 3.395 3.237 3.091 3.311 3.309 3.313 3.297 3.117 3.318 3.387 3.308 3.289 3.261 3.642 3.386 3.409 3.318 3.450 3.739 3.490 3.524 3.347 3.431 14/09/2049
3.602 3.640 3.686 3.559 3.433 3.661 3.667 3.684 3.702 3.526 3.737 3.713 3.707 3.691 3.534 3.618 3.543 3.687 3.667 3.699 3.607 3.535 3.688 3.702 3.747 3.613 3.538 3.683 3.702 3.699 15/09/2049
3.254 3.234 3.259 3.189 3.072 3.239 3.251 3.259 3.253 3.135 3.334 3.319 3.240 3.221 3.157 3.262 3.183 3.243 3.233 3.249 3.268 3.184 3.241 3.255 3.250 3.257 3.192 3.268 3.238 3.238 16/09/2049
3.037 3.084 3.065 3.009 2.893 3.068 3.063 3.052 3.087 2.952 3.122 3.133 3.095 3.074 2.980 3.053 3.025 3.152 3.128 3.118 3.091 3.026 3.145 3.166 3.145 3.109 3.046 3.182 3.167 3.119 17/09/2049
2.716 2.691 2.636 2.433 2.383 2.682 2.681 2.631 2.503 2.383 2.684 2.662 2.650 2.625 2.408 2.681 2.549 2.458 2.437 2.199 2.637 2.557 2.623 2.476 2.138 2.545 2.458 2.523 2.321 2.105 18/09/2049
2.931 2.930 2.911 2.920 2.848 2.924 2.929 2.908 2.965 2.884 2.980 2.936 2.956 2.945 2.904 2.914 2.841 2.989 2.989 3.003 2.916 2.841 2.965 3.001 3.055 2.968 2.906 3.031 3.045 3.046 19/09/2049
3.279 3.238 3.289 3.260 3.157 3.248 3.253 3.304 3.256 3.168 3.272 3.295 3.275 3.240 3.183 3.191 3.195 3.315 3.281 3.255 3.248 3.200 3.320 3.333 3.358 3.278 3.229 3.385 3.389 3.320 20/09/2049
3.297 3.268 3.316 3.168 3.092 3.285 3.283 3.320 3.234 3.132 3.219 3.274 3.246 3.232 3.151 3.203 3.202 3.257 3.235 3.270 3.218 3.205 3.231 3.270 3.306 3.222 3.223 3.276 3.291 3.282 21/09/2049
2.340 2.357 2.262 2.073 2.069 2.350 2.350 2.250 2.158 2.061 2.330 2.256 2.194 2.187 2.079 2.303 2.125 2.158 2.148 2.139 2.207 2.126 2.150 2.168 2.109 2.154 2.128 2.155 2.141 2.090 22/09/2049
2.158 2.248 2.183 1.988 2.006 2.232 2.221 2.178 2.245 2.163 2.345 2.228 2.318 2.311 2.186 2.383 2.358 2.356 2.342 2.290 2.443 2.356 2.401 2.362 2.258 2.435 2.319 2.361 2.316 2.246 23/09/2049
3.260 3.251 3.249 3.161 3.099 3.225 3.189 3.232 3.237 3.138 3.220 3.237 3.236 3.218 3.162 3.176 3.124 3.220 3.192 3.231 3.274 3.116 3.208 3.245 3.293 3.358 3.216 3.313 3.288 3.238 24/09/2049
3.498 3.457 3.468 3.448 3.424 3.426 3.436 3.461 3.544 3.363 3.315 3.289 3.492 3.463 3.392 3.317 3.199 3.304 3.281 3.345 3.219 3.196 3.332 3.310 3.336 3.236 3.212 3.361 3.382 3.293 25/09/2049
3.797 3.863 3.874 3.800 3.537 3.872 3.875 3.896 3.772 3.596 3.739 3.829 3.913 3.843 3.614 3.630 3.642 3.897 3.839 3.749 3.653 3.641 3.852 3.921 3.848 3.738 3.610 3.857 3.945 3.791 26/09/2049
3.257 3.279 3.256 3.335 3.174 3.261 3.257 3.248 3.437 3.250 3.239 3.278 3.332 3.306 3.274 3.216 3.153 3.408 3.389 3.490 3.213 3.155 3.279 3.420 3.759 3.287 3.235 3.397 3.571 3.721 27/09/2049
3.242 3.338 3.314 3.264 3.133 3.364 3.388 3.320 3.315 3.199 3.301 3.365 3.328 3.318 3.225 3.144 3.096 3.338 3.324 3.331 3.145 3.110 3.309 3.346 3.428 3.183 3.139 3.378 3.401 3.418 28/09/2049
3.270 3.336 3.220 2.945 2.783 3.376 3.391 3.226 2.925 2.845 3.376 3.359 3.099 3.083 2.873 3.257 3.089 3.097 3.080 3.033 3.235 3.094 3.275 3.102 3.130 3.326 3.132 3.280 3.198 3.129 29/09/2049
2.257 2.234 2.259 2.358 2.220 2.232 2.226 2.253 2.294 2.241 2.187 2.220 2.180 2.176 2.258 2.211 2.114 2.210 2.197 2.389 2.216 2.114 2.159 2.216 2.497 2.238 2.164 2.225 2.310 2.497 30/09/2049
1.982 1.909 1.838 1.653 1.602 1.905 1.896 1.843 1.784 1.670 1.966 1.915 1.832 1.826 1.683 1.940 1.918 1.938 1.932 1.939 1.985 1.916 1.974 1.947 2.081 2.044 2.031 2.088 2.060 2.079 01/10/2049
2.085 2.057 2.078 1.981 2.031 2.072 2.070 2.097 2.164 2.083 2.007 2.048 2.182 2.172 2.098 2.021 2.028 2.177 2.166 2.277 2.070 2.029 2.095 2.180 2.364 2.049 2.060 2.156 2.231 2.338 02/10/2049
2.383 2.344 2.249 2.162 2.176 2.359 2.357 2.246 2.239 2.146 2.348 2.280 2.307 2.293 2.163 2.313 2.188 2.288 2.264 2.202 2.230 2.188 2.319 2.292 2.254 2.158 2.164 2.270 2.257 2.231 03/10/2049
1.796 1.828 1.834 1.783 1.798 1.833 1.834 1.835 1.881 1.824 1.945 1.917 1.940 1.934 1.839 1.927 1.847 1.923 1.912 1.909 1.952 1.850 1.994 1.931 1.961 1.996 1.887 2.037 1.974 1.949 04/10/2049
2.093 2.120 2.083 1.995 2.065 2.108 2.095 2.079 2.174 2.151 2.143 2.137 2.182 2.167 2.165 2.059 2.092 2.244 2.233 2.241 2.099 2.094 2.213 2.258 2.327 2.133 2.166 2.285 2.306 2.315 05/10/2049
1.931 1.981 2.001 1.979 2.015 1.972 1.964 2.004 2.130 2.080 2.017 2.033 2.127 2.115 2.097 1.987 2.041 2.158 2.150 2.191 2.031 2.044 2.140 2.172 2.249 2.070 2.066 2.199 2.219 2.241 06/10/2049
1.851 1.829 1.846 1.789 1.882 1.830 1.826 1.855 1.933 1.892 1.817 1.816 1.893 1.879 1.910 1.843 1.844 1.895 1.878 1.907 1.833 1.845 1.881 1.909 1.923 1.846 1.874 1.929 1.921 1.897 07/10/2049
1.558 1.563 1.520 1.492 1.524 1.556 1.548 1.516 1.552 1.530 1.605 1.557 1.578 1.566 1.546 1.631 1.597 1.577 1.565 1.550 1.635 1.598 1.602 1.589 1.573 1.675 1.613 1.626 1.601 1.555 08/10/2049
1.842 1.912 1.930 1.912 1.854 1.900 1.896 1.933 2.060 1.958 1.936 1.998 1.980 1.972 1.981 1.838 1.891 2.056 2.040 2.096 1.922 1.889 2.006 2.070 2.133 1.996 1.924 2.061 2.111 2.110 09/10/2049
1.273 1.330 1.343 1.310 1.322 1.322 1.311 1.343 1.399 1.353 1.413 1.382 1.387 1.380 1.358 1.455 1.553 1.472 1.460 1.452 1.515 1.553 1.462 1.479 1.529 1.603 1.622 1.542 1.565 1.517 10/10/2049
1.660 1.673 1.617 1.526 1.562 1.673 1.658 1.628 1.627 1.579 1.735 1.702 1.712 1.704 1.579 1.641 1.682 1.740 1.733 1.646 1.684 1.682 1.770 1.748 1.740 1.739 1.708 1.813 1.820 1.736 11/10/2049
1.393 1.383 1.410 1.294 1.330 1.395 1.387 1.420 1.373 1.331 1.449 1.435 1.414 1.409 1.348 1.382 1.386 1.463 1.453 1.387 1.416 1.389 1.469 1.465 1.474 1.465 1.439 1.515 1.516 1.465 12/10/2049
1.894 1.875 1.828 1.603 1.704 1.860 1.860 1.823 1.750 1.725 1.760 1.801 1.838 1.831 1.741 1.778 1.738 1.778 1.763 1.732 1.724 1.742 1.777 1.785 1.791 1.669 1.728 1.769 1.815 1.768 13/10/2049
1.911 2.024 1.998 1.892 1.900 2.030 2.037 2.004 2.076 2.014 2.109 2.152 2.116 2.117 2.019 2.003 2.001 2.209 2.203 2.173 2.066 2.009 2.199 2.213 2.264 2.105 2.074 2.291 2.295 2.256 14/10/2049
1.511 1.485 1.396 1.229 1.334 1.473 1.471 1.385 1.295 1.273 1.517 1.464 1.439 1.425 1.286 1.461 1.458 1.380 1.363 1.262 1.459 1.457 1.526 1.390 1.259 1.454 1.442 1.493 1.381 1.243 15/10/2049
1.480 1.474 1.434 1.374 1.380 1.466 1.454 1.434 1.476 1.388 1.462 1.450 1.548 1.523 1.408 1.483 1.484 1.533 1.500 1.486 1.495 1.484 1.546 1.546 1.505 1.498 1.496 1.573 1.502 1.487 16/10/2049
1.317 1.256 1.220 1.134 1.168 1.255 1.254 1.223 1.211 1.157 1.302 1.222 1.206 1.197 1.172 1.346 1.276 1.231 1.214 1.238 1.335 1.278 1.266 1.240 1.288 1.368 1.328 1.315 1.278 1.276 17/10/2049
1.668 1.684 1.700 1.654 1.624 1.707 1.709 1.712 1.744 1.660 1.706 1.701 1.735 1.732 1.664 1.717 1.669 1.744 1.741 1.728 1.713 1.675 1.721 1.748 1.734 1.740 1.708 1.767 1.745 1.734 18/10/2049
1.897 1.920 1.889 1.869 1.834 1.930 1.940 1.892 1.901 1.821 1.984 1.947 1.900 1.908 1.833 1.896 1.869 1.923 1.922 1.909 1.933 1.872 1.983 1.928 1.956 2.013 1.905 2.046 1.998 1.945 19/10/2049
1.538 1.521 1.469 1.359 1.458 1.486 1.466 1.445 1.508 1.433 1.498 1.480 1.546 1.528 1.457 1.431 1.454 1.541 1.514 1.495 1.490 1.453 1.566 1.550 1.568 1.532 1.504 1.638 1.582 1.526 20/10/2049
1.457 1.460 1.418 1.340 1.370 1.458 1.460 1.420 1.430 1.404 1.517 1.478 1.490 1.485 1.418 1.484 1.464 1.502 1.501 1.462 1.512 1.467 1.546 1.508 1.474 1.514 1.482 1.572 1.528 1.472 21/10/2049
1.365 1.354 1.319 1.230 1.332 1.356 1.356 1.326 1.327 1.309 1.372 1.348 1.379 1.375 1.321 1.378 1.338 1.351 1.348 1.319 1.349 1.341 1.359 1.358 1.350 1.356 1.359 1.390 1.375 1.348 22/10/2049
1.293 1.315 1.257 1.173 1.211 1.317 1.309 1.253 1.294 1.270 1.359 1.325 1.326 1.320 1.282 1.334 1.281 1.321 1.313 1.314 1.333 1.282 1.333 1.329 1.306 1.261 1.247 1.317 1.313 1.296 23/10/2049
0.701 0.813 0.670 0.628 0.670 0.808 0.802 0.669 0.707 0.683 0.849 0.874 0.813 0.800 0.693 0.882 0.866 0.889 0.880 0.761 0.891 0.866 0.874 0.902 0.833 0.998 0.900 0.911 0.863 0.819 24/10/2049
0.714 0.709 0.696 0.690 0.695 0.702 0.694 0.696 0.703 0.692 0.727 0.712 0.722 0.714 0.698 0.751 0.768 0.734 0.726 0.703 0.775 0.771 0.747 0.741 0.738 0.801 0.779 0.763 0.760 0.728 25/10/2049
0.569 0.558 0.557 0.561 0.569 0.553 0.547 0.555 0.576 0.572 0.559 0.552 0.563 0.560 0.579 0.583 0.590 0.563 0.559 0.567 0.588 0.591 0.564 0.569 0.561 0.602 0.605 0.579 0.570 0.557 26/10/2049
0.633 0.630 0.628 0.591 0.608 0.626 0.619 0.626 0.611 0.602 0.614 0.611 0.636 0.634 0.608 0.648 0.641 0.613 0.608 0.598 0.641 0.642 0.621 0.617 0.593 0.630 0.628 0.615 0.608 0.588 27/10/2049
1.282 1.268 1.189 1.076 1.043 1.279 1.286 1.202 1.084 1.043 1.339 1.301 1.172 1.162 1.047 1.284 1.279 1.243 1.241 1.144 1.334 1.285 1.320 1.250 1.286 1.422 1.360 1.416 1.338 1.280 28/10/2049
3.069 2.980 2.862 2.668 2.437 2.983 2.958 2.858 2.485 2.329 2.933 2.808 2.600 2.574 2.365 2.731 2.438 2.498 2.470 2.363 2.644 2.439 2.617 2.515 2.409 2.612 2.385 2.592 2.489 2.371 29/10/2049
1.011 1.048 1.067 1.025 1.043 1.062 1.058 1.076 1.075 1.047 0.995 1.013 1.129 1.118 1.054 0.960 1.138 1.099 1.082 1.089 0.928 1.140 1.068 1.104 1.132 0.933 1.111 1.063 1.079 1.114 30/10/2049
0.587 0.561 0.583 0.534 0.587 0.567 0.567 0.582 0.584 0.571 0.545 0.563 0.596 0.594 0.576 0.545 0.586 0.572 0.571 0.575 0.549 0.589 0.585 0.575 0.573 0.556 0.558 0.555 0.569 0.575 31/10/2049
0.605 0.563 0.538 0.444 0.565 0.552 0.544 0.531 0.603 0.581 0.554 0.541 0.637 0.634 0.593 0.581 0.620 0.632 0.629 0.606 0.582 0.619 0.681 0.640 0.687 0.586 0.632 0.698 0.686 0.672 01/11/2049
0.724 0.710 0.725 0.704 0.696 0.716 0.714 0.731 0.749 0.730 0.736 0.725 0.757 0.757 0.737 0.697 0.702 0.771 0.768 0.766 0.733 0.705 0.772 0.771 0.811 0.764 0.738 0.807 0.796 0.812 02/11/2049
0.718 0.730 0.718 0.686 0.691 0.728 0.732 0.719 0.728 0.701 0.753 0.737 0.747 0.742 0.709 0.738 0.747 0.764 0.758 0.746 0.757 0.751 0.768 0.765 0.756 0.777 0.769 0.794 0.777 0.759 03/11/2049
1.027 1.020 1.029 1.085 0.966 1.016 1.029 1.025 1.007 0.964 1.012 0.999 0.997 0.994 0.968 0.909 0.887 1.018 1.009 1.048 0.929 0.889 1.014 1.026 1.054 0.974 0.912 1.058 1.054 1.056 04/11/2049
0.457 0.456 0.422 0.441 0.430 0.452 0.447 0.423 0.437 0.431 0.457 0.455 0.417 0.433 0.432 0.414 0.426 0.439 0.459 0.423 0.425 0.428 0.437 0.431 0.408 0.432 0.432 0.424 0.413 0.407 05/11/2049
2.105 2.103 2.084 2.062 1.882 2.109 2.085 2.096 2.029 1.931 2.078 2.093 2.115 2.092 1.939 1.861 1.928 2.105 2.075 1.999 1.883 1.926 2.115 2.103 1.965 1.797 1.842 2.017 2.017 1.930 06/11/2049
0.843 0.907 0.827 0.642 0.667 0.915 0.927 0.844 0.797 0.815 0.939 0.956 0.894 0.899 0.811 0.888 0.834 0.937 0.937 0.910 0.853 0.838 0.913 0.940 0.921 0.737 0.790 0.880 0.911 0.931 07/11/2049
0.446 0.450 0.415 0.412 0.414 0.446 0.431 0.416 0.420 0.415 0.427 0.418 0.423 0.422 0.417 0.433 0.441 0.423 0.422 0.426 0.439 0.443 0.428 0.426 0.428 0.445 0.445 0.432 0.431 0.430 08/11/2049
0.633 0.538 0.569 0.597 0.611 0.549 0.549 0.574 0.534 0.552 0.452 0.460 0.497 0.491 0.554 0.484 0.477 0.486 0.487 0.496 0.461 0.480 0.480 0.491 0.488 0.483 0.495 0.469 0.475 0.487 09/11/2049
0.417 0.459 0.558 0.679 0.689 0.464 0.457 0.563 0.741 0.735 0.443 0.518 0.632 0.635 0.734 0.490 0.600 0.598 0.596 0.639 0.546 0.603 0.606 0.606 0.590 0.569 0.593 0.596 0.585 0.588 10/11/2049
0.567 0.603 0.658 0.769 0.809 0.618 0.640 0.664 0.954 0.974 0.654 0.688 0.915 0.917 0.968 0.596 0.990 1.032 1.042 1.143 0.703 0.977 0.973 1.033 1.142 0.815 1.065 1.042 1.082 1.140 11/11/2049
0.633 0.652 0.641 0.420 0.547 0.669 0.673 0.626 0.622 0.603 0.735 0.714 0.656 0.664 0.593 0.667 0.760 0.690 0.692 0.675 0.721 0.759 0.751 0.701 0.748 0.747 0.798 0.776 0.747 0.734 12/11/2049
0.255 0.255 0.260 0.273 0.277 0.258 0.271 0.263 0.278 0.280 0.261 0.263 0.271 0.271 0.282 0.273 0.283 0.276 0.277 0.284 0.276 0.286 0.276 0.279 0.282 0.280 0.289 0.278 0.280 0.286 13/11/2049
0.358 0.350 0.352 0.346 0.340 0.358 0.355 0.355 0.321 0.336 0.344 0.351 0.315 0.312 0.339 0.305 0.342 0.318 0.319 0.318 0.312 0.344 0.321 0.323 0.307 0.304 0.327 0.307 0.314 0.308 14/11/2049
0.640 0.604 0.694 0.741 0.718 0.613 0.629 0.702 0.689 0.695 0.540 0.615 0.662 0.655 0.697 0.478 0.569 0.646 0.644 0.649 0.497 0.575 0.617 0.656 0.603 0.449 0.537 0.560 0.595 0.597 15/11/2049
0.942 0.933 0.924 0.933 0.851 0.933 0.938 0.934 0.869 0.821 0.906 0.906 0.861 0.857 0.825 0.794 0.780 0.844 0.842 0.836 0.811 0.781 0.848 0.846 0.772 0.814 0.778 0.840 0.822 0.766 16/11/2049
0.367 0.447 0.493 0.498 0.361 0.474 0.492 0.502 0.403 0.410 0.483 0.558 0.394 0.402 0.401 0.376 0.393 0.439 0.462 0.465 0.422 0.404 0.421 0.444 0.443 0.448 0.407 0.423 0.431 0.460 17/11/2049
0.393 0.378 0.362 0.351 0.339 0.390 0.397 0.370 0.334 0.335 0.365 0.378 0.357 0.363 0.335 0.320 0.324 0.338 0.343 0.347 0.322 0.326 0.343 0.334 0.312 0.325 0.329 0.323 0.316 0.322 18/11/2049
0.274 0.273 0.273 0.273 0.288 0.274 0.273 0.275 0.285 0.291 0.278 0.278 0.288 0.287 0.293 0.294 0.306 0.290 0.289 0.288 0.300 0.308 0.293 0.293 0.290 0.304 0.311 0.296 0.293 0.291 19/11/2049
0.333 0.298 0.307 0.227 0.243 0.287 0.291 0.291 0.244 0.247 0.343 0.346 0.247 0.248 0.249 0.279 0.297 0.250 0.251 0.251 0.301 0.301 0.252 0.252 0.253 0.261 0.270 0.255 0.254 0.256 20/11/2049
1.007 0.995 0.972 0.834 0.793 0.988 0.990 0.974 0.872 0.832 1.002 0.993 0.915 0.914 0.867 0.952 0.902 0.891 0.880 0.873 0.941 0.901 0.887 0.899 0.878 0.870 0.866 0.861 0.876 0.866 21/11/2049
0.671 0.692 0.696 0.716 0.853 0.711 0.723 0.704 0.843 0.885 0.659 0.727 0.824 0.823 0.893 0.632 0.651 0.860 0.851 0.887 0.561 0.655 0.743 0.862 0.858 0.443 0.555 0.677 0.792 0.855 22/11/2049
0.257 0.261 0.251 0.249 0.250 0.261 0.259 0.253 0.260 0.256 0.272 0.267 0.269 0.268 0.261 0.285 0.297 0.274 0.273 0.267 0.290 0.300 0.286 0.278 0.275 0.293 0.300 0.290 0.284 0.276 23/11/2049
0.316 0.275 0.276 0.275 0.282 0.277 0.315 0.277 0.373 0.326 0.317 0.290 0.472 0.471 0.334 0.302 0.371 0.534 0.532 0.439 0.301 0.373 0.546 0.537 0.457 0.350 0.399 0.571 0.547 0.465 24/11/2049
0.785 0.867 0.916 0.936 0.785 0.871 0.871 0.919 1.015 0.935 0.895 0.922 1.010 1.024 0.947 0.863 1.059 1.180 1.168 1.169 0.983 1.063 1.115 1.184 1.429 1.191 1.234 1.308 1.395 1.411 25/11/2049
0.882 0.883 0.801 0.586 0.613 0.884 0.877 0.806 0.662 0.628 0.908 0.814 0.695 0.687 0.648 0.873 0.700 0.668 0.651 0.688 0.777 0.698 0.673 0.674 0.718 0.646 0.660 0.654 0.693 0.695 26/11/2049
0.367 0.451 0.296 0.513 0.383 0.465 0.465 0.311 0.425 0.443 0.576 0.488 0.541 0.542 0.445 0.965 0.732 0.654 0.654 0.557 1.036 0.736 0.745 0.650 0.621 0.998 0.737 0.749 0.692 0.622 27/11/2049
0.368 0.369 0.370 0.382 0.369 0.379 0.381 0.377 0.360 0.383 0.392 0.378 0.370 0.374 0.380 0.377 0.331 0.367 0.371 0.362 0.384 0.334 0.382 0.368 0.343 0.388 0.335 0.355 0.336 0.352 28/11/2049
0.201 0.195 0.192 0.193 0.199 0.216 0.221 0.194 0.200 0.200 0.280 0.254 0.206 0.204 0.204 0.218 0.220 0.204 0.203 0.202 0.254 0.223 0.226 0.207 0.252 0.327 0.288 0.304 0.303 0.268 29/11/2049
0.603 0.630 0.526 0.378 0.302 0.634 0.629 0.522 0.358 0.331 0.692 0.664 0.441 0.440 0.328 0.531 0.497 0.499 0.493 0.430 0.564 0.503 0.523 0.502 0.525 0.633 0.579 0.657 0.588 0.524 30/11/2049
0.612 0.691 0.617 0.528 0.550 0.688 0.684 0.616 0.633 0.545 0.638 0.623 0.735 0.722 0.560 0.486 0.565 0.730 0.716 0.628 0.466 0.557 0.666 0.738 0.659 0.467 0.504 0.654 0.645 0.634 01/12/2049
0.476 0.492 0.496 0.493 0.461 0.495 0.496 0.497 0.487 0.457 0.459 0.478 0.493 0.487 0.469 0.418 0.424 0.478 0.471 0.470 0.416 0.424 0.448 0.484 0.465 0.403 0.419 0.439 0.453 0.454 02/12/2049
0.630 0.648 0.634 0.661 0.576 0.652 0.643 0.636 0.618 0.603 0.641 0.635 0.588 0.580 0.619 0.609 0.551 0.591 0.580 0.604 0.609 0.554 0.594 0.596 0.580 0.592 0.545 0.586 0.568 0.569 03/12/2049
0.428 0.474 0.553 0.564 0.518 0.492 0.502 0.559 0.557 0.556 0.424 0.496 0.511 0.513 0.559 0.382 0.375 0.473 0.474 0.529 0.367 0.379 0.420 0.475 0.495 0.389 0.371 0.401 0.422 0.497 04/12/2049
0.388 0.377 0.363 0.289 0.328 0.381 0.404 0.373 0.370 0.371 0.408 0.417 0.385 0.400 0.371 0.382 0.459 0.417 0.435 0.411 0.437 0.461 0.469 0.418 0.417 0.416 0.452 0.456 0.442 0.435 05/12/2049
0.578 0.600 0.609 0.610 0.574 0.601 0.618 0.610 0.613 0.589 0.646 0.655 0.608 0.608 0.595 0.654 0.618 0.639 0.638 0.629 0.707 0.625 0.645 0.640 0.647 0.696 0.598 0.632 0.646 0.646 06/12/2049
0.454 0.436 0.422 0.375 0.396 0.440 0.444 0.428 0.377 0.393 0.436 0.429 0.412 0.415 0.394 0.423 0.371 0.408 0.411 0.382 0.412 0.375 0.401 0.406 0.391 0.403 0.383 0.408 0.414 0.398 07/12/2049
0.324 0.320 0.348 0.359 0.387 0.331 0.337 0.352 0.353 0.364 0.299 0.320 0.366 0.366 0.365 0.298 0.319 0.362 0.366 0.338 0.304 0.322 0.360 0.363 0.340 0.309 0.313 0.352 0.348 0.345 08/12/2049
0.158 0.180 0.279 0.360 0.314 0.205 0.219 0.294 0.316 0.324 0.145 0.187 0.300 0.313 0.311 0.152 0.244 0.366 0.372 0.364 0.153 0.250 0.284 0.359 0.416 0.180 0.253 0.255 0.342 0.452 09/12/2049
0.778 0.824 0.824 0.834 0.937 0.823 0.824 0.824 0.891 0.869 0.822 0.821 0.961 0.918 0.884 0.880 0.853 0.886 0.841 0.860 0.787 0.858 0.895 0.905 0.940 0.790 0.822 0.892 0.910 0.860 10/12/2049
0.395 0.378 0.386 0.447 0.472 0.381 0.398 0.390 0.443 0.421 0.341 0.351 0.449 0.429 0.425 0.360 0.339 0.424 0.405 0.437 0.346 0.341 0.396 0.429 0.455 0.347 0.350 0.404 0.431 0.455 11/12/2049
0.716 0.713 0.680 0.658 0.668 0.714 0.722 0.688 0.747 0.694 0.733 0.709 0.758 0.748 0.697 0.750 0.672 0.748 0.741 0.747 0.720 0.674 0.724 0.753 0.736 0.683 0.645 0.712 0.715 0.707 12/12/2049
0.306 0.317 0.321 0.324 0.373 0.335 0.337 0.330 0.391 0.406 0.350 0.352 0.401 0.398 0.416 0.314 0.305 0.416 0.404 0.418 0.315 0.310 0.411 0.419 0.441 0.302 0.305 0.423 0.438 0.432 13/12/2049
0.106 0.104 0.105 0.106 0.115 0.106 0.105 0.108 0.110 0.114 0.106 0.107 0.109 0.108 0.118 0.120 0.120 0.108 0.107 0.113 0.124 0.123 0.113 0.111 0.113 0.123 0.125 0.118 0.117 0.115 14/12/2049
0.813 0.898 0.835 0.812 0.746 0.913 0.921 0.851 0.791 0.727 0.931 0.899 0.859 0.865 0.717 0.799 0.697 0.839 0.842 0.768 0.747 0.701 0.808 0.841 0.724 0.739 0.704 0.756 0.692 0.745 15/12/2049
0.580 0.635 0.639 0.641 0.619 0.650 0.661 0.652 0.661 0.614 0.558 0.598 0.650 0.654 0.611 0.507 0.465 0.650 0.655 0.640 0.487 0.471 0.567 0.651 0.605 0.512 0.497 0.559 0.551 0.616 16/12/2049
0.908 0.897 0.959 0.926 0.823 0.887 0.886 0.957 0.887 0.809 0.810 0.888 0.947 0.947 0.813 0.764 0.759 0.878 0.878 0.848 0.763 0.765 0.848 0.877 0.839 0.775 0.747 0.828 0.821 0.839 17/12/2049
0.494 0.504 0.544 0.553 0.520 0.526 0.528 0.562 0.557 0.539 0.525 0.545 0.554 0.549 0.549 0.490 0.486 0.596 0.596 0.601 0.503 0.490 0.564 0.600 0.652 0.518 0.502 0.597 0.631 0.653 18/12/2049
0.318 0.340 0.363 0.387 0.350 0.350 0.357 0.370 0.315 0.307 0.384 0.379 0.346 0.348 0.309 0.365 0.313 0.334 0.337 0.292 0.370 0.316 0.349 0.334 0.269 0.359 0.307 0.332 0.302 0.278 19/12/2049
0.702 0.609 0.640 0.597 0.540 0.616 0.624 0.642 0.481 0.477 0.519 0.526 0.504 0.509 0.475 0.447 0.379 0.411 0.421 0.403 0.370 0.382 0.407 0.412 0.214 0.346 0.326 0.342 0.285 0.225 20/12/2049
0.326 0.320 0.305 0.329 0.378 0.326 0.338 0.311 0.345 0.353 0.382 0.357 0.355 0.364 0.357 0.248 0.301 0.340 0.331 0.245 0.176 0.305 0.326 0.339 0.179 0.128 0.154 0.217 0.185 0.174 21/12/2049
0.159 0.175 0.183 0.194 0.204 0.177 0.175 0.184 0.241 0.226 0.238 0.225 0.237 0.238 0.231 0.237 0.235 0.270 0.272 0.262 0.251 0.239 0.260 0.275 0.237 0.262 0.233 0.266 0.262 0.243 22/12/2049
0.206 0.248 0.277 0.295 0.310 0.260 0.268 0.279 0.301 0.306 0.299 0.288 0.306 0.313 0.306 0.264 0.248 0.318 0.325 0.298 0.259 0.252 0.298 0.321 0.259 0.273 0.256 0.295 0.270 0.273 23/12/2049
2.020 2.221 2.240 2.184 1.972 2.239 2.263 2.242 2.094 2.031 2.151 2.251 2.257 2.270 2.012 1.870 1.945 2.203 2.199 2.152 1.913 1.946 2.126 2.219 2.167 1.988 1.990 2.166 2.156 2.157 24/12/2049
0.842 0.914 0.904 0.870 1.052 0.945 0.959 0.918 1.070 1.068 0.938 0.949 1.159 1.124 1.074 0.876 0.883 1.140 1.130 1.091 0.841 0.891 1.074 1.149 1.124 0.868 0.880 1.131 1.114 1.104 25/12/2049
0.812 0.907 0.843 0.733 0.663 0.897 0.882 0.839 0.708 0.656 0.857 0.828 0.753 0.746 0.674 0.832 0.653 0.697 0.692 0.676 0.774 0.656 0.700 0.701 0.683 0.759 0.663 0.715 0.702 0.678 26/12/2049
0.421 0.475 0.452 0.423 0.439 0.481 0.480 0.453 0.449 0.474 0.475 0.503 0.493 0.494 0.485 0.469 0.464 0.536 0.539 0.501 0.477 0.467 0.492 0.535 0.540 0.468 0.466 0.501 0.528 0.536 27/12/2049
0.150 0.147 0.144 0.132 0.135 0.148 0.147 0.146 0.144 0.139 0.151 0.152 0.151 0.149 0.144 0.171 0.176 0.153 0.151 0.149 0.170 0.178 0.156 0.157 0.154 0.169 0.176 0.158 0.159 0.154 28/12/2049
0.410 0.501 0.467 0.504 0.349 0.507 0.519 0.473 0.335 0.335 0.529 0.526 0.399 0.413 0.299 0.525 0.394 0.386 0.407 0.388 0.486 0.405 0.396 0.383 0.344 0.432 0.376 0.367 0.349 0.372 29/12/2049
1.348 1.383 1.364 1.284 1.149 1.398 1.409 1.377 1.106 1.031 1.348 1.310 1.114 1.107 1.020 1.195 0.996 1.160 1.163 1.093 1.133 0.998 1.156 1.164 1.095 1.006 0.914 1.061 1.060 1.104 30/12/2049
0.838 0.852 0.817 0.792 0.705 0.846 0.838 0.813 0.701 0.698 0.822 0.800 0.701 0.703 0.702 0.715 0.588 0.762 0.759 0.746 0.686 0.592 0.766 0.766 0.822 0.716 0.621 0.794 0.810 0.823 31/12/2049
0.708 0.683 0.649 0.602 0.546 0.688 0.683 0.652 0.520 0.519 0.648 0.616 0.485 0.490 0.521 0.565 0.474 0.493 0.499 0.533 0.535 0.478 0.545 0.493 0.538 0.527 0.486 0.559 0.565 0.551 01/01/2050
0.518 0.519 0.542 0.541 0.513 0.498 0.484 0.534 0.589 0.544 0.460 0.485 0.546 0.546 0.550 0.436 0.390 0.577 0.569 0.614 0.413 0.388 0.536 0.577 0.620 0.455 0.398 0.532 0.578 0.622 02/01/2050
1.037 0.982 0.929 0.914 0.797 0.969 0.953 0.920 0.808 0.777 0.931 0.909 0.787 0.781 0.790 0.812 0.741 0.789 0.789 0.807 0.800 0.747 0.812 0.796 0.858 0.819 0.747 0.830 0.836 0.847 03/01/2050
0.701 0.719 0.754 0.849 0.841 0.732 0.743 0.761 0.884 0.809 0.673 0.657 0.890 0.891 0.816 0.544 0.513 0.821 0.824 0.840 0.439 0.510 0.771 0.820 0.824 0.436 0.457 0.686 0.736 0.829 04/01/2050
1.651 1.452 1.475 1.677 1.504 1.480 1.481 1.506 1.523 1.386 1.638 1.709 1.449 1.432 1.368 1.350 1.389 1.445 1.422 1.517 1.274 1.399 1.630 1.451 1.708 1.328 1.325 1.565 1.647 1.675 05/01/2050
1.308 1.208 1.203 1.339 1.190 1.215 1.218 1.209 1.291 1.178 1.307 1.314 1.219 1.209 1.180 1.229 1.187 1.238 1.227 1.308 1.166 1.190 1.277 1.248 1.292 1.147 1.134 1.248 1.245 1.282 06/01/2050
2.143 2.016 1.959 2.212 2.013 2.030 2.030 1.960 2.131 1.951 2.174 2.183 1.860 1.853 1.935 1.938 1.949 1.903 1.901 2.181 1.864 1.950 2.199 1.920 2.200 1.929 1.886 2.162 2.161 2.188 07/01/2050
1.294 1.322 1.267 1.299 1.213 1.325 1.322 1.272 1.388 1.310 1.413 1.433 1.248 1.245 1.302 1.294 1.269 1.386 1.373 1.556 1.298 1.274 1.479 1.391 1.693 1.395 1.300 1.524 1.608 1.665 08/01/2050
0.261 0.273 0.239 0.181 0.234 0.292 0.300 0.248 0.217 0.244 0.358 0.290 0.234 0.240 0.241 0.335 0.278 0.265 0.275 0.291 0.292 0.282 0.330 0.263 0.353 0.317 0.281 0.341 0.353 0.367 09/01/2050
0.236 0.233 0.231 0.231 0.229 0.234 0.234 0.233 0.234 0.233 0.238 0.237 0.228 0.229 0.235 0.245 0.250 0.229 0.230 0.237 0.244 0.253 0.236 0.230 0.240 0.237 0.248 0.233 0.242 0.242 10/01/2050
0.587 0.559 0.618 0.673 0.628 0.570 0.568 0.624 0.592 0.594 0.541 0.545 0.530 0.533 0.591 0.501 0.443 0.518 0.516 0.563 0.473 0.446 0.504 0.519 0.540 0.463 0.461 0.520 0.548 0.546 11/01/2050
1.178 1.078 1.073 0.995 0.916 1.067 1.059 1.070 0.906 0.857 1.087 1.091 0.832 0.817 0.874 1.001 0.866 0.845 0.818 0.867 0.968 0.869 0.914 0.858 0.881 0.979 0.883 0.980 0.955 0.853 12/01/2050
0.399 0.392 0.410 0.441 0.433 0.397 0.398 0.412 0.479 0.437 0.385 0.408 0.424 0.423 0.435 0.384 0.401 0.445 0.446 0.478 0.383 0.402 0.438 0.448 0.479 0.380 0.402 0.442 0.461 0.485 13/01/2050
0.393 0.412 0.403 0.356 0.401 0.426 0.434 0.414 0.404 0.422 0.450 0.440 0.369 0.372 0.423 0.435 0.392 0.394 0.398 0.446 0.418 0.395 0.423 0.396 0.465 0.404 0.410 0.432 0.449 0.471 14/01/2050
0.392 0.322 0.290 0.291 0.286 0.330 0.323 0.302 0.282 0.303 0.349 0.308 0.256 0.257 0.298 0.329 0.264 0.269 0.268 0.290 0.297 0.267 0.302 0.271 0.314 0.262 0.261 0.288 0.299 0.317 15/01/2050
0.583 0.617 0.607 0.582 0.600 0.615 0.605 0.605 0.649 0.624 0.648 0.653 0.632 0.633 0.626 0.584 0.582 0.678 0.672 0.667 0.582 0.582 0.698 0.681 0.633 0.571 0.538 0.634 0.625 0.637 16/01/2050
0.656 0.596 0.606 0.690 0.700 0.607 0.614 0.616 0.659 0.686 0.599 0.592 0.553 0.558 0.682 0.495 0.456 0.549 0.552 0.619 0.470 0.458 0.569 0.554 0.559 0.423 0.414 0.510 0.534 0.563 17/01/2050
0.350 0.357 0.364 0.322 0.324 0.366 0.371 0.370 0.326 0.320 0.361 0.365 0.336 0.336 0.325 0.337 0.305 0.330 0.329 0.320 0.322 0.309 0.334 0.333 0.316 0.319 0.302 0.329 0.323 0.315 18/01/2050
0.266 0.263 0.265 0.263 0.313 0.271 0.271 0.271 0.319 0.318 0.266 0.262 0.303 0.306 0.314 0.281 0.279 0.306 0.309 0.328 0.271 0.282 0.297 0.307 0.320 0.262 0.280 0.292 0.303 0.332 19/01/2050
0.349 0.340 0.348 0.364 0.388 0.346 0.347 0.352 0.357 0.385 0.344 0.336 0.329 0.333 0.385 0.351 0.294 0.316 0.321 0.336 0.337 0.298 0.322 0.315 0.306 0.320 0.288 0.299 0.301 0.311 20/01/2050
0.235 0.232 0.227 0.253 0.217 0.233 0.232 0.228 0.269 0.222 0.243 0.237 0.267 0.259 0.233 0.247 0.258 0.274 0.270 0.268 0.249 0.257 0.257 0.278 0.265 0.250 0.262 0.270 0.261 0.266 21/01/2050
0.464 0.499 0.462 0.420 0.345 0.502 0.502 0.466 0.387 0.360 0.492 0.508 0.405 0.395 0.358 0.427 0.399 0.402 0.390 0.369 0.408 0.404 0.419 0.410 0.371 0.394 0.372 0.401 0.387 0.358 22/01/2050
0.374 0.397 0.327 0.356 0.341 0.405 0.409 0.330 0.304 0.351 0.429 0.396 0.321 0.326 0.349 0.365 0.334 0.344 0.350 0.304 0.355 0.337 0.374 0.346 0.318 0.355 0.340 0.383 0.345 0.329 23/01/2050
0.665 0.674 0.663 0.636 0.626 0.676 0.677 0.662 0.680 0.652 0.723 0.723 0.666 0.663 0.660 0.662 0.597 0.703 0.698 0.681 0.680 0.602 0.718 0.704 0.667 0.672 0.587 0.700 0.678 0.668 24/01/2050
0.669 0.634 0.592 0.632 0.589 0.649 0.664 0.605 0.531 0.558 0.659 0.635 0.542 0.555 0.560 0.553 0.479 0.547 0.554 0.527 0.524 0.482 0.586 0.543 0.515 0.488 0.456 0.553 0.533 0.528 25/01/2050
0.507 0.475 0.473 0.531 0.523 0.480 0.495 0.481 0.449 0.492 0.451 0.466 0.424 0.434 0.494 0.419 0.401 0.420 0.431 0.444 0.396 0.402 0.434 0.418 0.439 0.367 0.376 0.407 0.421 0.452 26/01/2050
0.285 0.283 0.285 0.285 0.288 0.284 0.283 0.286 0.290 0.291 0.289 0.289 0.290 0.290 0.292 0.302 0.308 0.291 0.291 0.292 0.305 0.310 0.295 0.293 0.290 0.309 0.313 0.297 0.295 0.292 27/01/2050
0.451 0.473 0.459 0.435 0.429 0.474 0.476 0.461 0.441 0.430 0.489 0.475 0.452 0.455 0.433 0.469 0.427 0.443 0.446 0.432 0.454 0.431 0.460 0.445 0.402 0.450 0.425 0.449 0.414 0.409 28/01/2050
0.415 0.427 0.454 0.551 0.512 0.414 0.415 0.459 0.501 0.519 0.379 0.417 0.487 0.474 0.527 0.415 0.442 0.471 0.453 0.487 0.426 0.445 0.434 0.480 0.489 0.432 0.457 0.458 0.475 0.476 29/01/2050
0.707 0.716 0.727 0.641 0.714 0.640 0.600 0.671 0.735 0.692 0.580 0.648 0.768 0.777 0.678 0.518 0.582 0.726 0.734 0.698 0.475 0.587 0.682 0.724 0.634 0.450 0.539 0.605 0.621 0.659 30/01/2050
1.074 1.017 1.025 0.994 1.209 1.024 1.029 1.028 1.034 1.140 1.020 1.002 0.984 0.999 1.106 0.928 0.908 0.980 0.996 1.015 0.902 0.908 1.027 0.975 0.989 0.911 0.891 0.987 0.970 1.014 31/01/2050
0.735 0.758 0.755 0.705 0.726 0.770 0.768 0.759 0.719 0.701 0.763 0.754 0.781 0.785 0.696 0.707 0.668 0.721 0.715 0.648 0.680 0.669 0.744 0.727 0.631 0.687 0.649 0.725 0.693 0.631 01/02/2050
0.742 0.703 0.783 0.810 0.868 0.708 0.712 0.792 0.860 0.853 0.626 0.678 0.823 0.827 0.868 0.568 0.621 0.774 0.778 0.822 0.554 0.621 0.722 0.779 0.819 0.577 0.619 0.719 0.747 0.815 02/02/2050
0.601 0.613 0.634 0.623 0.647 0.621 0.633 0.643 0.628 0.642 0.596 0.618 0.650 0.650 0.642 0.597 0.590 0.646 0.641 0.646 0.574 0.592 0.626 0.649 0.655 0.542 0.565 0.598 0.624 0.648 03/02/2050
1.304 1.288 1.228 1.177 1.204 1.295 1.296 1.226 1.216 1.199 1.248 1.254 1.179 1.174 1.214 1.250 1.203 1.173 1.162 1.214 1.218 1.207 1.214 1.177 1.178 1.208 1.175 1.190 1.194 1.173 04/02/2050
0.744 0.822 0.771 0.732 0.747 0.829 0.827 0.782 0.721 0.760 0.858 0.851 0.823 0.832 0.754 0.859 0.834 0.833 0.846 0.741 0.880 0.834 0.886 0.828 0.742 0.910 0.834 0.878 0.822 0.754 05/02/2050
0.484 0.523 0.541 0.518 0.557 0.530 0.533 0.547 0.553 0.555 0.560 0.559 0.583 0.579 0.552 0.534 0.528 0.547 0.548 0.520 0.548 0.531 0.567 0.545 0.491 0.521 0.498 0.527 0.499 0.499 06/02/2050
0.637 0.674 0.701 0.694 0.783 0.684 0.681 0.703 0.837 0.842 0.717 0.747 0.870 0.873 0.836 0.680 0.759 0.925 0.921 0.915 0.732 0.762 0.887 0.925 0.880 0.772 0.790 0.908 0.903 0.887 07/02/2050
0.593 0.570 0.563 0.472 0.479 0.571 0.572 0.567 0.590 0.553 0.537 0.541 0.532 0.532 0.558 0.530 0.534 0.547 0.547 0.613 0.506 0.536 0.552 0.550 0.631 0.575 0.571 0.595 0.617 0.630 08/02/2050
0.979 0.965 0.977 1.026 1.010 0.968 0.977 0.987 1.044 1.015 0.992 1.013 0.990 0.985 1.024 0.927 0.946 1.003 0.999 1.045 0.916 0.950 1.019 1.006 1.040 0.923 0.949 1.021 1.037 1.040 09/02/2050
1.301 1.299 1.295 1.296 1.360 1.296 1.304 1.284 1.292 1.308 1.293 1.289 1.320 1.322 1.298 1.196 1.181 1.336 1.344 1.292 1.191 1.184 1.345 1.335 1.275 1.208 1.180 1.322 1.300 1.285 10/02/2050
0.750 0.763 0.766 0.762 0.797 0.773 0.775 0.774 0.835 0.826 0.798 0.806 0.777 0.784 0.830 0.730 0.716 0.806 0.808 0.886 0.753 0.721 0.816 0.807 0.906 0.756 0.732 0.828 0.868 0.919 11/02/2050
0.690 0.706 0.738 0.710 0.729 0.711 0.711 0.742 0.724 0.739 0.705 0.726 0.693 0.692 0.738 0.712 0.700 0.686 0.686 0.734 0.746 0.703 0.688 0.689 0.732 0.757 0.711 0.692 0.698 0.740 12/02/2050
0.845 0.828 0.890 0.996 0.991 0.837 0.839 0.897 0.925 0.932 0.842 0.842 0.825 0.822 0.936 0.822 0.791 0.810 0.803 0.867 0.837 0.793 0.833 0.812 0.811 0.819 0.788 0.823 0.818 0.808 13/02/2050
0.940 0.944 1.001 1.090 1.127 0.947 0.944 1.006 1.122 1.118 0.968 0.993 0.985 0.982 1.127 0.944 0.954 1.009 1.009 1.066 0.988 0.956 1.032 1.010 1.052 0.978 0.971 1.059 1.066 1.052 14/02/2050
1.154 1.081 1.151 1.331 1.354 1.089 1.097 1.162 1.317 1.332 1.088 1.125 1.192 1.189 1.341 1.050 1.090 1.198 1.202 1.317 1.089 1.093 1.213 1.197 1.308 1.080 1.122 1.239 1.284 1.319 15/02/2050
1.176 1.074 1.190 1.455 1.369 1.077 1.079 1.198 1.267 1.265 1.060 1.050 1.045 1.045 1.273 1.036 1.001 1.040 1.039 1.138 1.074 1.004 1.048 1.042 1.108 1.088 1.041 1.108 1.105 1.101 16/02/2050
0.962 0.921 1.024 1.173 1.148 0.930 0.938 1.034 1.153 1.099 0.940 0.986 1.010 1.004 1.115 0.914 0.902 0.984 0.986 1.100 0.928 0.906 0.991 0.993 1.013 0.889 0.878 0.970 0.989 1.017 17/02/2050
0.879 0.868 0.922 1.058 1.037 0.876 0.880 0.931 1.004 1.023 0.895 0.890 0.878 0.878 1.029 0.878 0.869 0.893 0.889 0.945 0.910 0.873 0.898 0.897 0.940 0.897 0.889 0.919 0.934 0.933 18/02/2050
1.370 1.367 1.444 1.534 1.474 1.374 1.382 1.448 1.457 1.461 1.337 1.393 1.417 1.419 1.464 1.291 1.265 1.366 1.369 1.445 1.284 1.268 1.364 1.371 1.410 1.283 1.268 1.374 1.386 1.416 19/02/2050
1.466 1.426 1.501 1.547 1.550 1.448 1.447 1.510 1.540 1.518 1.358 1.414 1.477 1.477 1.514 1.301 1.296 1.414 1.409 1.497 1.241 1.299 1.397 1.416 1.459 1.235 1.284 1.386 1.423 1.464 20/02/2050
1.512 1.523 1.690 1.798 1.684 1.527 1.538 1.684 1.703 1.652 1.408 1.531 1.692 1.695 1.655 1.318 1.401 1.646 1.649 1.681 1.333 1.401 1.564 1.652 1.690 1.409 1.442 1.619 1.646 1.682 21/02/2050
2.619 2.725 2.818 2.913 2.663 2.738 2.739 2.838 2.740 2.610 2.728 2.772 2.793 2.784 2.595 2.467 2.470 2.729 2.707 2.696 2.472 2.474 2.708 2.739 2.633 2.503 2.374 2.641 2.655 2.615 22/02/2050
1.565 1.555 1.588 1.612 1.574 1.538 1.525 1.578 1.758 1.554 1.461 1.467 1.767 1.743 1.576 1.318 1.303 1.741 1.718 1.762 1.309 1.301 1.617 1.751 1.774 1.336 1.305 1.617 1.682 1.739 23/02/2050
1.517 1.454 1.486 1.483 1.366 1.439 1.433 1.481 1.470 1.405 1.453 1.490 1.451 1.435 1.410 1.346 1.375 1.504 1.493 1.545 1.387 1.371 1.498 1.508 1.609 1.477 1.402 1.549 1.582 1.600 24/02/2050
0.779 0.928 0.973 0.996 1.101 1.015 1.085 1.034 0.964 1.080 1.120 1.080 0.963 1.019 1.003 0.853 0.920 1.030 1.094 1.071 0.840 0.942 1.046 0.998 0.891 0.779 0.887 0.970 0.920 0.983 25/02/2050
1.642 1.761 1.794 1.719 1.641 1.788 1.805 1.814 1.730 1.609 1.654 1.694 1.837 1.835 1.568 1.430 1.482 1.776 1.764 1.665 1.439 1.487 1.714 1.772 1.607 1.488 1.465 1.669 1.656 1.612 26/02/2050
1.872 1.944 1.971 1.948 1.696 1.986 2.009 2.002 1.852 1.694 1.932 1.967 1.951 1.956 1.662 1.552 1.567 1.960 1.957 1.903 1.545 1.575 1.903 1.962 1.897 1.582 1.521 1.828 1.861 1.896 27/02/2050
2.058 2.094 2.125 2.200 2.164 2.124 2.143 2.147 2.190 2.155 2.132 2.166 2.179 2.180 2.141 1.939 1.922 2.209 2.197 2.219 1.916 1.928 2.194 2.212 2.205 1.906 1.885 2.155 2.199 2.204 28/02/2050
2.023 2.049 2.075 2.228 2.249 2.056 2.058 2.079 2.150 2.194 2.074 2.144 2.065 2.060 2.199 2.073 2.122 2.143 2.128 2.146 2.079 2.124 2.172 2.151 2.189 2.067 2.120 2.184 2.231 2.167 01/03/2050
1.342 1.387 1.415 1.468 1.454 1.390 1.394 1.421 1.515 1.509 1.446 1.474 1.484 1.481 1.514 1.437 1.491 1.522 1.511 1.569 1.508 1.492 1.524 1.530 1.594 1.552 1.517 1.564 1.579 1.581 02/03/2050
1.756 1.771 1.798 1.961 1.917 1.778 1.782 1.809 1.912 1.917 1.793 1.825 1.804 1.796 1.928 1.781 1.819 1.836 1.816 1.923 1.785 1.820 1.880 1.845 1.943 1.790 1.853 1.937 1.951 1.924 03/03/2050
1.900 1.801 1.812 1.817 1.880 1.800 1.792 1.814 1.799 1.760 1.738 1.728 1.782 1.774 1.772 1.767 1.694 1.750 1.736 1.742 1.706 1.700 1.757 1.759 1.751 1.682 1.707 1.773 1.746 1.742 04/03/2050
1.007 0.968 0.981 0.990 1.007 0.959 0.941 0.974 1.130 1.088 0.901 0.952 1.091 1.084 1.102 0.944 1.167 1.264 1.249 1.258 1.012 1.165 1.130 1.271 1.388 1.149 1.337 1.351 1.412 1.371 05/03/2050
1.481 1.512 1.497 1.520 1.500 1.502 1.492 1.491 1.592 1.565 1.575 1.562 1.575 1.569 1.568 1.573 1.618 1.643 1.632 1.643 1.614 1.617 1.619 1.652 1.674 1.644 1.666 1.671 1.678 1.669 06/03/2050
1.520 1.531 1.549 1.550 1.612 1.532 1.529 1.551 1.668 1.659 1.550 1.553 1.611 1.607 1.667 1.565 1.554 1.639 1.630 1.669 1.571 1.560 1.614 1.647 1.671 1.561 1.559 1.626 1.638 1.662 07/03/2050
1.841 1.852 1.886 1.895 1.874 1.853 1.855 1.889 1.891 1.879 1.826 1.830 1.866 1.860 1.885 1.825 1.816 1.845 1.836 1.855 1.829 1.820 1.823 1.850 1.805 1.781 1.814 1.818 1.807 1.795 08/03/2050
1.069 1.106 1.117 1.089 1.129 1.111 1.107 1.129 1.318 1.307 1.205 1.216 1.295 1.295 1.319 1.225 1.359 1.414 1.413 1.465 1.326 1.365 1.322 1.424 1.552 1.413 1.451 1.434 1.481 1.548 09/03/2050
1.678 1.645 1.577 1.523 1.474 1.626 1.615 1.565 1.469 1.493 1.657 1.630 1.575 1.559 1.515 1.617 1.590 1.564 1.541 1.497 1.639 1.594 1.599 1.572 1.495 1.646 1.518 1.561 1.487 1.472 10/03/2050
1.165 1.162 1.127 1.044 1.068 1.151 1.131 1.123 1.115 1.080 1.168 1.137 1.149 1.144 1.092 1.172 1.205 1.181 1.174 1.144 1.197 1.205 1.188 1.187 1.200 1.292 1.243 1.251 1.230 1.182 11/03/2050
1.668 1.637 1.535 1.339 1.292 1.647 1.633 1.545 1.402 1.383 1.642 1.657 1.569 1.561 1.389 1.657 1.660 1.613 1.596 1.496 1.632 1.655 1.580 1.615 1.567 1.633 1.654 1.594 1.646 1.545 12/03/2050
0.760 0.756 0.747 0.740 0.780 0.750 0.736 0.742 0.764 0.756 0.756 0.760 0.769 0.762 0.767 0.772 0.822 0.777 0.772 0.774 0.804 0.820 0.793 0.781 0.849 0.826 0.816 0.807 0.810 0.834 13/03/2050
0.770 0.764 0.729 0.692 0.736 0.759 0.750 0.722 0.769 0.740 0.756 0.761 0.816 0.815 0.749 0.735 0.792 0.814 0.813 0.789 0.689 0.788 0.812 0.814 0.821 0.652 0.748 0.766 0.817 0.824 14/03/2050
2.086 2.081 1.957 1.686 1.686 2.048 2.024 1.949 1.847 1.819 2.215 2.206 2.041 2.019 1.832 2.232 2.241 2.136 2.113 2.035 2.303 2.242 2.226 2.153 2.111 2.358 2.306 2.321 2.231 2.084 15/03/2050
1.616 1.549 1.505 1.323 1.347 1.547 1.532 1.492 1.441 1.379 1.583 1.570 1.537 1.522 1.404 1.601 1.616 1.568 1.548 1.508 1.606 1.615 1.570 1.577 1.547 1.600 1.666 1.623 1.606 1.521 16/03/2050
1.351 1.356 1.327 1.323 1.320 1.342 1.337 1.320 1.346 1.326 1.361 1.365 1.345 1.334 1.333 1.365 1.392 1.369 1.350 1.359 1.377 1.395 1.382 1.380 1.402 1.387 1.405 1.410 1.413 1.383 17/03/2050
1.826 1.800 1.763 1.532 1.565 1.757 1.742 1.742 1.557 1.567 1.880 1.837 1.726 1.708 1.540 2.016 1.990 1.778 1.758 1.620 2.058 1.989 1.899 1.792 1.730 2.044 1.938 1.881 1.858 1.685 18/03/2050
1.057 1.036 1.001 0.974 0.977 1.007 0.991 0.980 0.966 0.956 1.042 0.987 0.996 0.989 0.965 1.040 1.024 0.971 0.960 0.960 0.989 1.027 0.991 0.980 0.974 0.991 1.004 0.984 0.969 0.963 19/03/2050
1.492 1.404 1.398 1.292 1.316 1.386 1.367 1.381 1.362 1.344 1.387 1.411 1.409 1.388 1.369 1.309 1.399 1.400 1.371 1.389 1.351 1.401 1.439 1.412 1.425 1.342 1.387 1.460 1.429 1.378 20/03/2050
1.521 1.525 1.471 1.372 1.346 1.514 1.516 1.465 1.407 1.358 1.520 1.538 1.474 1.467 1.375 1.543 1.531 1.466 1.445 1.410 1.566 1.532 1.517 1.471 1.419 1.518 1.510 1.497 1.450 1.408 21/03/2050
1.052 1.047 1.041 1.043 1.048 1.031 1.019 1.035 1.100 1.043 1.051 1.057 1.106 1.094 1.066 1.077 1.115 1.093 1.084 1.079 1.099 1.115 1.086 1.105 1.083 1.140 1.121 1.107 1.100 1.063 22/03/2050
1.218 1.150 1.088 0.972 0.972 1.125 1.105 1.079 0.871 0.878 1.103 1.096 1.025 1.003 0.888 0.990 0.965 0.967 0.952 0.892 0.987 0.962 1.039 0.979 1.048 1.028 0.964 1.078 1.067 1.021 23/03/2050
1.563 1.541 1.505 1.312 1.350 1.522 1.507 1.500 1.394 1.362 1.444 1.509 1.455 1.443 1.379 1.447 1.490 1.417 1.397 1.421 1.432 1.490 1.463 1.426 1.418 1.396 1.412 1.388 1.392 1.405 24/03/2050
1.578 1.531 1.546 1.493 1.326 1.522 1.510 1.541 1.340 1.312 1.513 1.499 1.333 1.324 1.317 1.497 1.500 1.319 1.308 1.336 1.500 1.499 1.335 1.319 1.313 1.441 1.456 1.297 1.306 1.298 25/03/2050
1.454 1.397 1.365 1.296 1.225 1.384 1.376 1.355 1.271 1.211 1.527 1.439 1.309 1.285 1.217 1.433 1.509 1.344 1.318 1.283 1.434 1.506 1.424 1.352 1.309 1.421 1.505 1.433 1.389 1.283 26/03/2050
1.486 1.487 1.472 1.432 1.472 1.479 1.484 1.464 1.498 1.514 1.494 1.495 1.496 1.488 1.519 1.526 1.594 1.502 1.494 1.509 1.531 1.594 1.511 1.510 1.535 1.556 1.607 1.532 1.527 1.526 27/03/2050
1.771 1.726 1.766 1.758 1.789 1.717 1.708 1.760 1.785 1.781 1.700 1.718 1.727 1.720 1.793 1.711 1.739 1.722 1.707 1.768 1.702 1.739 1.689 1.722 1.738 1.687 1.725 1.668 1.689 1.732 28/03/2050
2.084 2.018 1.994 1.910 1.834 2.016 2.013 1.993 1.872 1.839 2.007 1.987 1.864 1.855 1.843 1.987 1.924 1.796 1.793 1.803 1.934 1.920 1.838 1.804 1.714 1.836 1.834 1.719 1.702 1.703 29/03/2050
1.403 1.377 1.339 1.275 1.166 1.366 1.350 1.327 1.278 1.195 1.363 1.341 1.326 1.293 1.208 1.343 1.314 1.292 1.281 1.234 1.343 1.319 1.316 1.292 1.185 1.286 1.252 1.255 1.185 1.175 30/03/2050
0.892 0.895 0.878 0.813 0.825 0.916 0.918 0.897 0.800 0.819 0.903 0.895 0.780 0.791 0.825 0.887 0.786 0.776 0.784 0.772 0.847 0.786 0.766 0.767 0.758 0.788 0.767 0.721 0.733 0.754 31/03/2050
1.051 1.041 1.016 0.973 0.947 1.033 1.022 1.011 0.986 0.952 1.059 1.045 1.009 0.997 0.961 1.073 1.068 1.006 0.992 0.973 1.144 1.067 1.021 1.013 1.007 1.166 1.089 1.052 1.039 0.983 01/04/2050
1.654 1.666 1.652 1.617 1.591 1.652 1.639 1.640 1.653 1.605 1.635 1.662 1.692 1.669 1.627 1.644 1.698 1.684 1.655 1.642 1.651 1.697 1.657 1.694 1.660 1.659 1.698 1.677 1.687 1.629 02/04/2050
2.158 2.208 2.228 2.249 2.268 2.180 2.159 2.211 2.330 2.263 2.183 2.227 2.264 2.259 2.277 2.188 2.221 2.272 2.254 2.341 2.237 2.219 2.265 2.274 2.318 2.227 2.294 2.281 2.297 2.322 03/04/2050
2.535 2.628 2.653 2.638 2.722 2.616 2.601 2.651 2.811 2.874 2.665 2.718 2.725 2.712 2.892 2.707 2.856 2.733 2.728 2.840 2.779 2.858 2.711 2.733 2.786 2.750 2.874 2.715 2.749 2.782 04/04/2050
0.920 0.914 0.962 0.935 1.019 0.907 0.897 0.954 1.048 1.018 0.850 0.888 1.020 1.017 1.027 0.888 0.992 0.991 0.985 1.025 0.857 0.987 0.935 0.985 0.984 0.846 0.924 0.883 0.926 0.989 05/04/2050
3.047 2.964 3.139 3.218 3.248 2.941 2.926 3.148 3.361 3.294 2.673 2.886 3.129 3.124 3.315 2.718 2.806 3.024 3.002 3.288 2.630 2.802 2.827 3.037 3.126 2.470 2.745 2.788 2.917 3.105 06/04/2050
3.339 3.326 3.525 3.607 3.605 3.309 3.283 3.491 3.815 3.736 3.151 3.382 3.602 3.546 3.770 3.163 3.429 3.583 3.540 3.732 3.396 3.424 3.475 3.605 3.771 3.435 3.541 3.638 3.722 3.707 07/04/2050
2.975 2.954 3.096 3.137 3.217 2.938 2.929 3.091 3.334 3.278 2.885 3.015 3.241 3.225 3.309 2.965 3.071 3.210 3.193 3.301 3.038 3.071 3.161 3.223 3.307 3.021 3.100 3.192 3.243 3.271 08/04/2050
3.298 3.300 3.430 3.412 3.361 3.274 3.257 3.405 3.523 3.445 3.228 3.382 3.491 3.456 3.479 3.309 3.361 3.415 3.381 3.542 3.398 3.347 3.355 3.428 3.503 3.426 3.448 3.420 3.452 3.471 09/04/2050
3.437 3.424 3.446 3.350 3.373 3.413 3.388 3.448 3.424 3.352 3.297 3.333 3.454 3.443 3.364 3.308 3.222 3.382 3.351 3.362 3.270 3.222 3.319 3.394 3.358 3.260 3.202 3.323 3.358 3.327 10/04/2050
3.265 3.105 3.252 3.245 3.177 3.102 3.086 3.250 3.333 3.224 2.883 3.068 3.240 3.226 3.245 2.896 2.937 3.199 3.173 3.265 2.920 2.940 3.001 3.205 3.198 2.980 2.951 3.045 3.134 3.164 11/04/2050
2.913 2.930 2.912 2.886 2.862 2.910 2.907 2.903 3.036 2.944 2.876 2.909 3.062 3.036 2.973 2.893 2.955 3.093 3.075 3.063 2.950 2.956 3.027 3.109 3.137 2.989 2.967 3.068 3.095 3.108 12/04/2050
2.910 2.898 2.869 2.820 2.828 2.894 2.891 2.871 2.932 2.895 2.904 2.897 2.949 2.932 2.911 2.942 2.927 2.971 2.949 2.971 2.934 2.923 2.931 2.979 2.996 2.943 2.913 2.936 2.961 2.977 13/04/2050
3.632 3.636 3.595 3.508 3.470 3.617 3.606 3.583 3.578 3.438 3.592 3.568 3.630 3.607 3.459 3.611 3.490 3.591 3.558 3.538 3.565 3.484 3.597 3.599 3.539 3.523 3.466 3.575 3.545 3.519 14/04/2050
1.415 1.449 1.661 1.841 1.835 1.416 1.396 1.645 2.031 1.831 1.375 1.381 1.796 1.773 1.867 1.387 1.397 1.718 1.696 1.988 1.354 1.390 1.326 1.723 1.972 1.348 1.340 1.307 1.681 1.935 15/04/2050
1.403 1.335 1.249 1.271 1.306 1.305 1.295 1.228 1.281 1.221 1.252 1.299 1.269 1.250 1.236 1.306 1.290 1.292 1.265 1.254 1.263 1.287 1.224 1.312 1.273 1.247 1.235 1.175 1.214 1.238 16/04/2050
2.257 2.322 2.342 2.214 2.279 2.292 2.273 2.323 2.367 2.309 2.173 2.347 2.460 2.442 2.321 2.227 2.356 2.363 2.344 2.415 2.273 2.354 2.351 2.383 2.458 2.330 2.379 2.406 2.406 2.436 17/04/2050
3.209 3.264 3.235 2.987 3.002 3.247 3.252 3.232 3.378 3.287 3.179 3.253 3.423 3.412 3.315 3.204 3.311 3.365 3.352 3.407 3.296 3.304 3.355 3.378 3.379 3.343 3.358 3.424 3.376 3.358 18/04/2050
2.768 2.722 2.764 2.725 2.672 2.697 2.681 2.754 2.874 2.785 2.680 2.734 2.877 2.868 2.812 2.675 2.788 2.884 2.883 2.919 2.668 2.787 2.804 2.898 2.881 2.643 2.751 2.795 2.875 2.869 19/04/2050
3.262 3.125 3.194 3.222 3.184 3.091 3.079 3.184 3.200 3.115 2.902 2.995 3.152 3.128 3.135 2.834 2.914 3.031 3.011 3.105 2.796 2.914 2.918 3.044 3.139 2.751 2.890 2.916 3.008 3.107 20/04/2050
2.280 2.412 2.694 2.630 2.606 2.376 2.347 2.671 3.020 2.903 2.194 2.473 2.833 2.812 2.927 2.229 2.626 2.946 2.926 3.185 2.425 2.629 2.671 2.952 3.322 2.539 2.812 2.803 3.163 3.313 21/04/2050
3.492 3.348 3.317 3.068 3.097 3.307 3.305 3.297 3.101 3.074 3.358 3.347 3.316 3.297 3.090 3.299 3.319 3.290 3.268 3.097 3.308 3.315 3.355 3.301 3.134 3.320 3.331 3.362 3.296 3.104 22/04/2050
3.358 3.417 3.389 3.179 3.261 3.408 3.397 3.378 3.432 3.333 3.432 3.435 3.502 3.480 3.361 3.508 3.586 3.526 3.499 3.473 3.570 3.587 3.577 3.536 3.515 3.628 3.620 3.591 3.526 3.490 23/04/2050
2.631 2.548 2.451 2.174 2.294 2.567 2.589 2.461 2.360 2.296 2.603 2.543 2.424 2.441 2.298 2.551 2.384 2.411 2.426 2.420 2.495 2.398 2.379 2.409 2.354 2.333 2.274 2.310 2.322 2.349 24/04/2050
3.708 3.592 3.629 3.530 3.558 3.576 3.568 3.617 3.622 3.557 3.451 3.540 3.646 3.636 3.585 3.454 3.503 3.573 3.555 3.643 3.441 3.500 3.538 3.586 3.654 3.450 3.566 3.585 3.610 3.631 25/04/2050
2.080 2.184 2.165 2.179 2.270 2.172 2.148 2.157 2.431 2.373 2.253 2.185 2.368 2.350 2.402 2.240 2.344 2.407 2.375 2.383 2.299 2.340 2.394 2.423 2.471 2.347 2.374 2.439 2.481 2.426 26/04/2050
3.144 3.151 3.022 2.783 2.855 3.130 3.109 3.013 3.042 2.945 3.136 3.122 3.199 3.173 2.964 3.126 3.170 3.260 3.229 3.127 3.144 3.160 3.231 3.275 3.213 3.217 3.173 3.265 3.242 3.169 27/04/2050
2.091 2.008 2.071 2.067 2.108 1.980 1.956 2.048 2.076 1.996 1.930 1.975 2.065 2.047 2.014 2.003 2.149 2.176 2.142 2.166 2.171 2.142 2.143 2.192 2.361 2.348 2.305 2.332 2.311 2.334 28/04/2050
2.907 2.832 2.846 2.665 2.697 2.803 2.783 2.837 2.775 2.672 2.599 2.742 2.903 2.883 2.696 2.621 2.804 2.897 2.871 2.804 2.703 2.804 2.814 2.912 2.810 2.754 2.795 2.816 2.886 2.790 29/04/2050
3.097 3.070 3.190 3.151 3.221 3.061 3.042 3.177 3.310 3.275 2.929 3.073 3.292 3.286 3.287 2.947 3.114 3.289 3.268 3.312 2.901 3.104 3.163 3.296 3.330 2.949 3.104 3.161 3.236 3.306 30/04/2050
2.633 2.596 2.653 2.650 2.743 2.568 2.548 2.641 2.802 2.750 2.776 2.725 2.745 2.734 2.766 2.838 2.938 2.763 2.744 2.769 2.805 2.940 2.929 2.782 2.820 2.923 2.930 2.956 2.919 2.785 01/05/2050
2.710 2.623 2.718 2.619 2.784 2.593 2.571 2.694 2.878 2.869 2.619 2.652 2.828 2.831 2.888 2.651 2.785 2.756 2.755 2.889 2.661 2.780 2.736 2.755 2.892 2.676 2.741 2.705 2.731 2.875 02/05/2050
2.570 1.966 2.341 2.354 2.602 1.936 1.902 2.325 2.323 2.227 1.752 1.834 2.105 2.071 2.248 1.745 1.860 1.951 1.904 1.914 1.711 1.851 1.830 1.969 1.925 1.692 1.790 1.806 1.911 1.854 03/05/2050
2.438 2.267 2.278 1.860 1.931 2.234 2.208 2.259 2.130 2.044 2.316 2.367 2.374 2.354 2.062 2.295 2.383 2.288 2.249 2.190 2.379 2.371 2.405 2.302 1.967 2.201 2.200 2.218 2.178 1.939 04/05/2050
3.360 3.346 3.224 2.883 3.260 3.320 3.298 3.218 3.189 3.159 3.260 3.249 3.448 3.425 3.186 3.345 3.350 3.353 3.322 3.057 3.282 3.339 3.382 3.359 3.011 3.209 3.202 3.275 3.124 2.971 05/05/2050
3.088 3.025 3.151 3.102 3.179 2.998 2.981 3.148 3.212 3.136 2.939 3.079 3.295 3.282 3.160 2.836 3.198 3.252 3.224 3.168 3.020 3.197 3.256 3.258 3.200 3.087 3.210 3.288 3.217 3.176 06/05/2050
4.029 3.966 3.990 3.857 3.877 3.968 3.950 3.991 4.007 3.905 3.889 3.902 4.018 4.007 3.920 3.929 3.921 3.951 3.932 3.909 3.932 3.915 3.910 3.957 3.852 3.962 3.906 3.900 3.861 3.838 07/05/2050
3.723 3.780 3.816 3.751 3.690 3.789 3.782 3.818 3.835 3.682 3.801 3.818 3.860 3.845 3.706 3.759 3.826 3.876 3.873 3.865 3.767 3.826 3.874 3.891 3.889 3.779 3.812 3.883 3.887 3.874 08/05/2050
3.424 3.423 3.437 3.412 3.378 3.434 3.433 3.444 3.518 3.441 3.314 3.395 3.504 3.482 3.455 3.335 3.374 3.495 3.477 3.557 3.348 3.368 3.405 3.502 3.494 3.384 3.332 3.381 3.402 3.477 09/05/2050
3.551 3.543 3.632 3.539 3.514 3.524 3.518 3.637 3.592 3.513 3.486 3.515 3.690 3.703 3.551 3.645 3.566 3.675 3.660 3.581 3.672 3.569 3.592 3.681 3.589 3.655 3.518 3.562 3.621 3.536 10/05/2050
4.154 4.179 4.206 4.193 4.137 4.167 4.151 4.205 4.429 4.297 4.224 4.260 4.340 4.318 4.311 4.266 4.335 4.383 4.362 4.422 4.334 4.332 4.352 4.385 4.453 4.376 4.330 4.398 4.450 4.427 11/05/2050
3.361 3.681 3.840 3.860 3.873 3.640 3.604 3.830 3.980 3.905 3.775 3.907 4.013 3.999 3.925 3.651 3.995 4.045 4.044 4.017 3.984 3.986 4.053 4.059 4.046 4.096 4.075 4.132 4.084 4.034 12/05/2050
3.840 4.126 3.814 3.686 3.687 4.138 4.188 3.813 3.716 3.617 4.102 3.891 3.736 3.722 3.643 4.155 3.660 3.764 3.750 3.816 3.726 3.653 3.746 3.771 3.776 3.699 3.800 3.849 3.839 3.757 13/05/2050
2.844 2.982 2.996 3.022 2.910 2.980 2.996 3.023 2.903 2.842 3.056 3.024 2.963 2.928 2.879 3.093 3.049 2.954 2.919 2.881 3.022 3.030 2.910 2.970 2.882 3.001 3.028 2.955 2.971 2.825 14/05/2050
3.251 3.405 3.457 3.309 3.379 3.365 3.336 3.436 3.556 3.403 3.221 3.381 3.636 3.577 3.454 3.216 3.520 3.612 3.535 3.611 3.274 3.498 3.503 3.645 3.586 3.358 3.510 3.528 3.590 3.513 15/05/2050
2.688 2.527 2.676 2.421 2.512 2.501 2.474 2.660 2.260 2.201 2.271 2.410 2.484 2.466 2.221 2.288 2.382 2.353 2.328 2.170 2.200 2.370 2.321 2.368 2.067 2.093 2.207 2.195 2.271 2.019 16/05/2050
4.017 4.028 4.070 4.006 3.955 4.009 3.995 4.067 4.166 4.040 3.862 4.014 4.194 4.171 4.076 3.873 4.035 4.181 4.148 4.169 3.945 4.027 4.028 4.199 4.128 3.971 4.019 4.045 4.081 4.092 17/05/2050
2.983 2.986 3.138 3.241 3.266 2.948 2.926 3.122 3.358 3.281 2.651 2.982 3.319 3.305 3.302 2.735 3.044 3.284 3.266 3.369 2.768 3.040 3.087 3.289 3.368 2.820 3.050 3.115 3.251 3.352 18/05/2050
1.373 1.480 1.453 1.167 1.332 1.449 1.408 1.425 1.419 1.335 1.493 1.417 1.536 1.505 1.369 1.504 1.513 1.539 1.488 1.481 1.494 1.512 1.428 1.561 1.568 1.591 1.667 1.593 1.547 1.496 19/05/2050
1.744 1.746 1.676 1.601 1.783 1.698 1.658 1.646 1.837 1.792 1.749 1.685 1.903 1.872 1.820 1.884 1.931 1.926 1.896 1.788 1.845 1.932 1.872 1.937 1.804 1.802 1.921 1.884 1.836 1.768 20/05/2050
3.802 3.751 3.843 3.884 3.836 3.694 3.656 3.817 3.966 3.827 3.625 3.644 3.991 3.978 3.849 3.615 3.630 3.961 3.928 3.841 3.525 3.621 3.694 3.980 3.836 3.580 3.657 3.787 3.846 3.788 21/05/2050
4.053 4.077 4.052 3.991 3.908 4.052 4.042 4.044 4.083 3.937 4.144 4.161 4.135 4.116 3.965 4.086 4.094 4.147 4.137 4.104 4.105 4.094 4.125 4.167 4.072 4.114 4.048 4.135 4.114 4.017 22/05/2050
4.064 4.053 4.051 4.004 4.128 4.043 4.055 4.046 4.200 4.172 4.051 4.058 4.206 4.189 4.192 4.061 4.197 4.202 4.177 4.201 4.085 4.197 4.191 4.206 4.200 4.107 4.177 4.201 4.185 4.176 23/05/2050
4.480 4.434 4.511 4.360 4.332 4.436 4.421 4.510 4.440 4.290 4.060 4.352 4.466 4.456 4.326 4.137 4.249 4.419 4.406 4.480 4.102 4.251 4.234 4.424 4.526 3.957 3.980 4.031 4.316 4.540 24/05/2050
3.043 3.018 3.163 3.069 3.047 3.025 3.036 3.160 3.010 2.866 2.930 3.039 3.076 3.093 2.877 2.934 2.911 3.013 3.022 3.024 2.888 2.913 2.889 3.014 2.884 2.892 2.860 2.844 2.850 2.918 25/05/2050
2.527 2.561 2.597 2.455 2.510 2.524 2.525 2.587 2.801 2.687 2.538 2.643 2.856 2.843 2.739 2.492 2.968 3.089 3.057 3.068 2.865 2.968 2.968 3.105 3.247 3.273 3.208 3.216 3.236 3.179 26/05/2050
3.955 3.814 3.823 3.726 3.823 3.809 3.808 3.821 3.815 3.762 3.804 3.771 3.837 3.831 3.787 3.820 3.738 3.717 3.687 3.673 3.717 3.740 3.745 3.718 3.547 3.608 3.565 3.664 3.584 3.519 27/05/2050
5.168 5.163 5.169 5.016 4.942 5.153 5.150 5.164 5.136 4.986 5.126 5.136 5.105 5.115 5.002 5.111 5.007 5.130 5.150 5.163 5.112 5.004 5.057 5.126 5.117 5.061 5.007 5.053 5.131 5.146 28/05/2050
5.107 5.176 5.160 4.989 4.871 5.181 5.179 5.166 5.119 4.952 5.197 5.206 5.112 5.091 4.975 5.086 5.079 5.129 5.125 5.145 5.165 5.074 5.098 5.142 5.138 5.214 5.104 5.142 5.131 5.127 29/05/2050
4.953 4.945 4.972 4.882 4.805 4.927 4.916 4.972 5.047 4.862 4.893 4.907 5.026 5.040 4.879 4.947 4.916 5.032 5.045 5.109 4.910 4.915 4.948 5.032 5.047 4.887 4.910 4.924 4.990 5.060 30/05/2050
4.939 4.930 4.944 4.762 4.758 4.908 4.900 4.934 4.894 4.758 4.866 4.850 4.881 4.901 4.784 4.885 4.751 4.838 4.869 4.832 4.812 4.748 4.785 4.837 4.718 4.802 4.731 4.751 4.730 4.706 31/05/2050
4.559 4.549 4.551 4.265 4.329 4.518 4.510 4.525 4.641 4.458 4.563 4.553 4.614 4.580 4.487 4.686 4.636 4.654 4.623 4.659 4.721 4.626 4.592 4.665 4.721 4.817 4.748 4.687 4.722 4.680 01/06/2050
4.938 4.951 4.953 4.830 4.679 4.945 4.954 4.963 4.917 4.724 4.963 4.969 4.909 4.876 4.749 4.912 4.895 4.913 4.881 4.916 4.937 4.887 4.883 4.922 4.940 4.954 4.913 4.903 4.932 4.909 02/06/2050
5.240 5.312 5.333 5.152 5.141 5.323 5.306 5.341 5.335 5.160 5.254 5.332 5.345 5.318 5.196 5.245 5.289 5.269 5.239 5.292 5.264 5.287 5.251 5.290 5.284 5.235 5.259 5.245 5.271 5.238 03/06/2050
4.969 5.049 5.064 4.913 4.809 5.028 5.007 5.057 5.017 4.814 5.080 5.073 5.054 5.036 4.870 5.082 5.044 4.967 4.934 4.928 5.069 5.042 5.017 4.985 4.883 5.017 4.992 4.986 4.933 4.830 04/06/2050
4.120 4.072 4.017 3.802 3.648 4.077 4.049 4.019 3.853 3.660 4.099 4.054 3.889 3.861 3.686 4.079 3.911 3.891 3.853 3.838 4.050 3.915 3.890 3.903 3.898 4.026 3.898 3.945 3.936 3.843 05/06/2050
4.262 4.257 4.247 4.128 3.958 4.238 4.228 4.235 4.078 3.956 4.223 4.242 4.064 4.029 3.976 4.165 4.153 4.120 4.073 4.090 4.154 4.152 4.057 4.125 4.128 4.197 4.154 4.109 4.158 4.079 06/06/2050
5.142 5.189 5.207 5.045 4.962 5.175 5.143 5.213 5.193 5.060 5.159 5.195 5.174 5.123 5.072 5.101 5.092 5.212 5.159 5.222 5.103 5.084 5.123 5.227 5.271 5.054 5.082 5.194 5.218 5.217 07/06/2050
4.265 4.247 4.259 4.132 4.096 4.234 4.228 4.252 4.353 4.232 4.306 4.299 4.356 4.330 4.262 4.345 4.378 4.416 4.400 4.456 4.389 4.377 4.370 4.422 4.561 4.469 4.485 4.470 4.499 4.498 08/06/2050
5.363 5.389 5.355 5.205 5.171 5.359 5.361 5.331 5.416 5.257 5.419 5.358 5.337 5.307 5.288 5.413 5.406 5.350 5.302 5.327 5.410 5.391 5.351 5.366 5.470 5.450 5.441 5.435 5.455 5.392 09/06/2050
5.320 5.341 5.348 5.220 5.168 5.324 5.313 5.330 5.410 5.217 5.434 5.326 5.381 5.344 5.241 5.410 5.386 5.349 5.308 5.360 5.438 5.377 5.366 5.352 5.510 5.515 5.439 5.444 5.470 5.436 10/06/2050
5.690 5.592 5.666 5.579 5.585 5.600 5.619 5.665 5.760 5.638 5.571 5.598 5.732 5.733 5.669 5.616 5.544 5.728 5.733 5.794 5.601 5.538 5.638 5.745 5.796 5.644 5.572 5.684 5.724 5.761 11/06/2050
4.359 4.228 4.069 3.865 3.838 4.209 4.197 4.062 3.789 3.761 4.238 4.129 3.926 3.886 3.811 4.190 4.062 3.889 3.841 3.805 4.179 4.054 4.044 3.911 3.794 4.110 4.008 4.046 3.950 3.755 12/06/2050
4.691 4.691 4.655 4.506 4.348 4.694 4.671 4.671 4.684 4.526 4.703 4.689 4.575 4.537 4.552 4.699 4.656 4.654 4.630 4.651 4.685 4.652 4.636 4.676 4.639 4.711 4.631 4.662 4.623 4.605 13/06/2050
5.479 5.411 5.353 5.278 5.114 5.396 5.386 5.353 5.295 5.142 5.425 5.341 5.263 5.247 5.183 5.327 5.131 5.210 5.185 5.285 5.220 5.126 5.207 5.223 5.243 5.142 5.024 5.167 5.207 5.194 14/06/2050
5.194 5.336 5.480 5.235 5.108 5.349 5.304 5.454 5.489 5.319 5.366 5.554 5.512 5.485 5.386 5.159 5.291 5.472 5.456 5.311 5.149 5.272 5.439 5.497 5.394 5.190 5.299 5.503 5.526 5.330 15/06/2050
3.595 3.510 3.693 3.542 3.649 3.484 3.458 3.657 3.705 3.590 3.125 3.392 3.646 3.625 3.642 3.152 3.624 3.764 3.738 3.759 3.485 3.617 3.581 3.788 3.992 3.656 3.779 3.773 3.862 3.938 16/06/2050
3.032 3.075 3.048 2.740 2.712 3.055 3.036 3.032 2.839 2.687 3.085 3.088 2.930 2.901 2.714 2.943 2.929 2.957 2.923 2.859 2.927 2.928 2.948 2.967 2.917 2.986 2.930 3.015 2.992 2.898 17/06/2050
4.406 4.342 4.253 3.910 3.886 4.335 4.327 4.250 4.042 3.894 4.406 4.319 4.128 4.104 3.909 4.425 4.281 4.105 4.085 4.039 4.387 4.275 4.215 4.122 4.021 4.382 4.262 4.172 4.126 3.979 18/06/2050
3.685 4.117 4.185 4.130 4.135 4.095 4.066 4.180 4.276 4.173 4.163 4.279 4.323 4.294 4.208 4.147 4.154 4.182 4.144 4.160 4.172 4.145 4.180 4.190 3.994 3.924 3.996 4.059 4.016 3.917 19/06/2050
4.499 4.571 4.548 4.227 4.303 4.538 4.507 4.521 4.522 4.371 4.643 4.641 4.585 4.541 4.413 4.602 4.621 4.580 4.559 4.565 4.645 4.612 4.622 4.583 4.645 4.697 4.677 4.724 4.684 4.604 20/06/2050
5.218 4.966 5.061 4.963 4.970 4.959 4.940 5.061 5.039 4.917 5.038 4.916 4.987 4.972 4.932 4.977 5.023 5.031 5.001 5.164 5.094 5.010 5.093 5.041 5.466 5.168 5.212 5.332 5.351 5.427 21/06/2050
4.019 4.013 3.990 3.728 3.778 3.983 3.953 3.972 3.749 3.601 4.135 4.034 3.928 3.884 3.651 4.096 4.028 3.908 3.870 3.644 4.149 4.026 4.102 3.929 3.841 4.147 3.926 4.085 4.007 3.760 22/06/2050
4.787 4.798 4.845 4.764 4.671 4.775 4.749 4.827 4.872 4.683 4.669 4.814 4.881 4.851 4.712 4.665 4.784 4.870 4.840 4.865 4.710 4.780 4.790 4.888 4.836 4.674 4.743 4.767 4.841 4.799 23/06/2050
3.074 3.324 3.475 3.647 3.591 3.301 3.268 3.452 4.049 3.945 3.372 3.509 3.812 3.765 3.987 3.357 3.711 4.088 4.042 4.332 3.463 3.706 3.723 4.104 4.389 3.543 3.890 3.920 4.210 4.335 24/06/2050
3.852 3.680 3.733 3.514 3.549 3.653 3.642 3.719 3.652 3.497 3.566 3.616 3.645 3.613 3.533 3.623 3.709 3.644 3.603 3.604 3.552 3.699 3.595 3.663 3.698 3.570 3.697 3.631 3.666 3.644 25/06/2050
4.139 4.080 3.984 3.744 3.821 4.052 4.030 3.973 4.061 3.913 4.088 4.033 4.082 4.075 3.933 4.095 4.141 4.143 4.107 4.134 4.060 4.138 4.142 4.152 4.171 4.002 4.089 4.134 4.121 4.123 26/06/2050
4.679 4.707 4.688 4.517 4.450 4.697 4.663 4.668 4.696 4.501 4.699 4.689 4.685 4.664 4.546 4.629 4.641 4.700 4.664 4.651 4.630 4.636 4.674 4.710 4.635 4.604 4.624 4.665 4.652 4.576 27/06/2050
5.021 4.962 4.927 4.807 4.804 4.942 4.935 4.911 4.955 4.798 4.935 4.912 4.991 4.957 4.826 4.914 4.940 4.931 4.897 4.921 4.916 4.927 4.950 4.944 4.949 4.952 4.934 4.985 4.947 4.899 28/06/2050
5.472 5.470 5.507 5.399 5.376 5.464 5.464 5.507 5.509 5.416 5.432 5.477 5.498 5.486 5.441 5.328 5.365 5.459 5.437 5.443 5.351 5.367 5.447 5.474 5.467 5.379 5.377 5.461 5.463 5.442 29/06/2050
5.942 5.900 5.906 5.868 5.841 5.891 5.891 5.903 6.000 5.822 5.848 5.856 6.061 6.009 5.839 5.863 5.889 5.996 5.936 5.941 5.843 5.895 5.998 6.025 6.004 5.882 5.881 6.061 6.061 5.913 30/06/2050
4.380 4.538 4.406 4.088 4.115 4.533 4.494 4.398 4.399 4.199 4.819 4.695 4.501 4.446 4.233 4.630 4.878 4.676 4.650 4.481 4.724 4.870 4.800 4.691 4.271 4.247 4.304 4.214 4.306 4.176 01/07/2050
4.721 4.705 4.619 4.313 4.066 4.707 4.732 4.602 4.407 4.228 4.782 4.688 4.515 4.485 4.273 4.564 4.411 4.456 4.449 4.334 4.539 4.407 4.536 4.468 4.309 4.538 4.422 4.520 4.418 4.275 02/07/2050
3.883 3.832 3.988 3.827 3.772 3.798 3.767 3.964 3.934 3.776 3.832 3.831 3.996 3.943 3.816 3.846 3.855 3.960 3.921 3.835 3.927 3.841 3.765 3.980 3.898 3.990 3.910 3.849 3.997 3.828 03/07/2050
4.609 4.613 4.597 4.450 4.453 4.588 4.554 4.578 4.610 4.477 4.565 4.585 4.632 4.591 4.512 4.551 4.585 4.615 4.583 4.567 4.572 4.577 4.604 4.643 4.663 4.599 4.636 4.702 4.692 4.599 04/07/2050
5.170 5.078 5.111 5.000 4.917 5.058 5.046 5.102 5.094 4.909 4.881 4.945 5.056 5.022 4.942 4.831 4.876 4.952 4.920 4.989 4.821 4.872 4.937 4.972 4.936 4.840 4.874 4.939 4.901 4.888 05/07/2050
5.858 5.790 5.793 5.721 5.738 5.739 5.686 5.756 5.828 5.704 5.769 5.775 5.958 5.914 5.734 5.675 5.739 5.906 5.853 5.826 5.769 5.723 5.904 5.927 5.917 5.830 5.759 5.964 5.964 5.842 06/07/2050
4.685 4.854 4.757 4.421 4.371 4.856 4.821 4.757 4.680 4.450 4.882 4.834 4.727 4.679 4.459 4.799 4.860 4.828 4.795 4.745 4.796 4.851 4.833 4.862 4.808 4.931 4.945 4.950 4.914 4.742 07/07/2050
3.968 3.960 3.880 3.805 3.767 3.946 3.939 3.871 3.932 3.876 3.902 3.948 4.003 3.972 3.899 3.892 4.034 4.099 4.080 4.036 3.877 4.031 4.009 4.112 3.976 3.908 4.146 4.159 4.092 3.922 08/07/2050
4.874 4.839 4.907 4.717 4.743 4.826 4.819 4.903 4.802 4.678 4.723 4.754 4.772 4.735 4.706 4.679 4.743 4.727 4.698 4.678 4.687 4.740 4.720 4.754 4.693 4.765 4.717 4.747 4.723 4.644 09/07/2050
1.955 1.984 2.068 2.030 1.625 1.987 2.017 2.063 1.633 1.285 2.039 1.905 1.700 1.661 1.353 2.285 2.143 1.423 1.353 1.352 2.219 2.132 1.764 1.429 1.378 2.168 2.096 1.682 1.561 1.290 10/07/2050
3.808 3.815 3.780 3.622 3.581 3.803 3.805 3.774 3.631 3.573 3.805 3.803 3.694 3.697 3.578 3.852 3.796 3.686 3.676 3.595 3.852 3.774 3.733 3.677 3.576 3.839 3.760 3.709 3.648 3.525 11/07/2050
4.720 4.653 4.676 4.562 4.573 4.639 4.626 4.665 4.694 4.603 4.645 4.629 4.678 4.654 4.632 4.603 4.584 4.654 4.623 4.684 4.621 4.581 4.619 4.670 4.727 4.649 4.618 4.669 4.690 4.673 12/07/2050
4.659 4.629 4.894 5.038 4.949 4.611 4.585 4.871 5.180 4.977 4.519 4.765 4.969 4.954 5.009 4.491 4.780 4.957 4.935 5.093 4.544 4.775 4.868 4.978 5.087 4.565 4.758 4.814 4.947 5.015 13/07/2050
4.926 4.942 4.839 5.352 4.991 4.902 4.892 4.832 4.941 4.765 4.864 5.295 5.186 5.146 4.814 4.739 5.078 4.723 4.679 4.622 5.366 5.071 5.116 4.740 4.663 4.673 4.682 4.789 4.741 4.572 14/07/2050
4.127 4.147 4.126 3.962 4.006 4.126 4.087 4.101 4.295 4.180 4.217 4.233 4.357 4.325 4.226 4.230 4.442 4.585 4.573 4.471 4.401 4.456 4.438 4.597 4.583 4.577 4.611 4.699 4.744 4.555 15/07/2050
4.771 4.622 4.513 4.381 4.356 4.585 4.570 4.489 4.583 4.395 4.481 4.489 4.559 4.564 4.457 4.403 4.493 4.629 4.602 4.615 4.448 4.486 4.540 4.636 4.680 4.474 4.519 4.588 4.678 4.628 16/07/2050
5.724 5.968 5.923 5.970 5.920 5.936 5.908 5.902 6.212 6.210 5.954 6.015 6.209 6.179 6.238 5.712 5.782 6.183 6.136 6.191 5.728 5.779 6.111 6.203 6.319 5.703 5.788 6.140 6.218 6.246 17/07/2050
6.928 6.896 6.570 6.713 6.535 6.882 6.855 6.571 6.400 6.337 6.806 6.705 6.600 6.579 6.366 6.167 6.286 6.433 6.396 6.203 6.176 6.274 6.628 6.451 6.276 6.250 6.370 6.741 6.495 6.192 18/07/2050
6.718 6.663 6.621 6.659 6.544 6.653 6.642 6.612 6.712 6.578 6.525 6.499 6.675 6.644 6.593 5.980 6.169 6.584 6.554 6.630 6.047 6.156 6.528 6.603 6.635 6.153 6.276 6.666 6.597 6.594 19/07/2050
4.853 4.831 4.793 4.461 4.299 4.801 4.784 4.772 4.057 3.796 4.670 4.577 4.308 4.264 3.884 4.559 4.021 3.821 3.751 3.633 4.196 4.012 4.095 3.857 3.669 4.016 3.891 3.945 3.705 3.575 20/07/2050
4.331 4.290 4.203 4.044 3.824 4.294 4.285 4.209 4.160 3.927 4.273 4.242 4.200 4.182 3.964 4.301 4.161 4.248 4.208 4.132 4.268 4.154 4.245 4.249 4.129 4.237 4.152 4.258 4.191 4.084 21/07/2050
4.134 4.088 4.057 3.976 3.978 4.059 4.059 4.040 4.148 4.090 4.097 4.084 4.125 4.092 4.116 4.057 4.139 4.179 4.176 4.235 4.106 4.138 4.143 4.182 4.308 4.186 4.267 4.262 4.277 4.262 22/07/2050
3.769 3.687 3.566 3.398 3.294 3.669 3.660 3.544 3.409 3.241 3.681 3.615 3.515 3.463 3.271 3.658 3.476 3.401 3.347 3.307 3.640 3.465 3.493 3.416 3.383 3.597 3.442 3.502 3.310 3.317 23/07/2050
3.871 3.844 3.805 3.678 3.581 3.819 3.793 3.795 3.795 3.649 3.872 3.850 3.829 3.791 3.670 3.812 3.926 3.923 3.896 3.839 3.918 3.919 3.849 3.949 3.918 4.007 4.017 4.008 3.960 3.843 24/07/2050
3.648 3.671 3.642 3.391 3.383 3.639 3.611 3.630 3.497 3.353 3.761 3.762 3.723 3.689 3.388 3.758 3.822 3.732 3.687 3.377 3.821 3.819 3.766 3.746 3.439 3.909 3.865 3.861 3.775 3.384 25/07/2050
4.311 4.235 4.179 3.966 3.954 4.213 4.200 4.161 4.042 3.905 4.187 4.163 4.118 4.083 3.936 4.137 4.129 4.123 4.090 4.048 4.116 4.114 4.122 4.137 4.102 4.093 4.105 4.149 4.161 4.052 26/07/2050
4.391 4.349 4.276 4.076 4.066 4.329 4.319 4.300 4.167 4.026 4.394 4.342 4.283 4.246 4.052 4.308 4.305 4.237 4.194 4.099 4.300 4.296 4.316 4.255 4.102 4.237 4.267 4.297 4.202 4.049 27/07/2050
4.131 4.044 3.986 3.814 3.796 4.038 4.021 3.983 3.965 3.816 4.055 4.039 4.028 3.998 3.848 4.040 4.063 4.058 4.024 3.978 4.032 4.050 4.061 4.074 4.051 4.006 4.045 4.069 4.089 3.993 28/07/2050
4.702 4.731 4.754 4.669 4.618 4.725 4.733 4.746 4.833 4.676 4.710 4.745 4.860 4.854 4.695 4.715 4.750 4.856 4.839 4.844 4.735 4.754 4.822 4.862 4.815 4.736 4.759 4.820 4.800 4.793 29/07/2050
5.072 5.074 5.180 5.123 5.039 5.051 5.042 5.159 5.372 5.178 5.030 5.067 5.197 5.176 5.216 4.958 4.975 5.174 5.149 5.305 4.986 4.985 5.094 5.185 5.203 4.982 4.989 5.136 5.152 5.168 30/07/2050
4.715 4.644 4.618 4.434 4.289 4.625 4.604 4.607 4.471 4.314 4.550 4.578 4.570 4.535 4.346 4.491 4.481 4.544 4.500 4.419 4.478 4.477 4.467 4.558 4.479 4.517 4.520 4.551 4.532 4.420 31/07/2050
