# 6448 6449 6450 6451 6452 6528 6529 6530 6531 6532 6610 6611 6612 6613 6614 6693 6694 6695 6696 6697 6776 6777 6778 6779 6780 6859 6860 6861 6862 6863 Date
0.000 0.000 0.000 0.000 0.000 0.000 0.000 0.000 0.000 0.000 0.000 0.171 0.000 0.000 0.000 0.000 0.000 0.000 0.000 0.000 0.000 0.000 0.000 0.000 0.000 0.000 0.000 0.000 0.000 0.000 01/08/2014
0.250 0.701 0.000 0.260 0.256 0.709 0.715 0.000 1.114 1.280 2.166 1.258 2.301 2.320 1.273 2.465 1.712 2.189 2.207 1.020 2.664 1.716 1.893 2.181 2.519 2.908 2.578 2.930 1.173 2.559 02/08/2014
0.000 0.000 0.000 0.000 0.000 0.000 0.000 0.000 0.108 0.000 0.000 0.000 0.000 0.000 0.000 0.000 0.153 0.274 0.283 0.000 0.741 0.153 0.361 0.270 0.107 0.511 0.335 0.534 0.546 0.107 03/08/2014
0.000 0.000 0.000 0.000 0.000 0.000 0.000 0.000 0.000 0.000 0.000 0.000 0.000 0.000 0.000 0.000 0.000 0.000 0.000 0.000 0.000 0.000 0.000 0.000 0.000 0.000 0.000 0.000 0.000 0.000 04/08/2014
0.000 0.000 0.000 0.000 0.000 0.000 0.000 0.000 0.000 0.000 0.000 0.000 0.000 0.000 0.000 0.000 0.000 0.000 0.000 0.000 0.000 0.000 0.000 0.000 0.000 0.000 0.000 0.000 0.000 0.000 05/08/2014
0.000 0.000 0.000 0.000 0.000 0.000 0.000 0.000 0.000 0.000 0.000 0.000 0.000 0.000 0.000 0.000 0.000 0.000 0.000 0.000 0.000 0.000 0.000 0.000 0.000 0.000 0.000 0.000 0.000 0.000 06/08/2014
0.000 0.000 0.000 0.000 0.000 0.000 0.000 0.000 0.000 0.000 0.000 0.000 0.000 0.000 0.000 0.000 0.000 0.000 0.000 0.000 0.000 0.000 0.000 0.000 0.000 0.000 0.000 0.000 0.000 0.000 07/08/2014
0.000 0.000 0.105 0.157 0.163 0.000 0.000 0.105 0.000 0.000 0.000 0.000 0.115 0.115 0.000 0.000 0.000 0.000 0.000 0.000 0.000 0.000 0.000 0.000 0.000 0.000 0.000 0.000 0.000 0.000 08/08/2014
0.456 1.229 2.230 2.187 2.581 1.242 1.252 2.239 1.759 2.242 1.386 1.799 1.755 1.770 2.223 1.449 0.826 0.541 0.546 1.104 1.782 0.828 1.169 0.538 0.425 0.449 0.335 0.534 0.546 0.432 09/08/2014
3.298 3.917 5.239 4.711 5.486 3.961 3.998 5.281 5.740 6.647 4.565 5.334 6.123 6.179 6.559 4.363 3.773 3.735 3.773 4.942 4.527 3.782 4.433 3.720 2.614 3.512 2.498 2.860 2.518 2.655 10/08/2014
0.000 0.000 0.000 0.000 0.000 0.000 0.000 0.000 0.000 0.000 0.000 0.000 0.000 0.000 0.000 0.000 0.000 0.000 0.000 0.000 0.000 0.000 0.000 0.000 0.000 0.000 0.000 0.000 0.000 0.000 11/08/2014
0.112 0.129 0.398 0.709 0.844 0.130 0.131 0.401 0.794 1.057 0.255 0.630 0.783 0.789 1.053 0.303 1.059 1.214 1.227 1.143 1.086 1.062 1.349 1.208 0.964 1.076 0.818 1.086 1.066 0.974 12/08/2014
0.595 1.000 0.764 0.751 0.879 1.013 1.023 0.770 0.768 1.000 0.737 0.860 1.040 1.047 0.997 0.629 0.788 0.929 0.936 0.809 0.613 0.790 1.012 0.926 0.223 0.155 0.272 0.377 0.217 0.228 13/08/2014
0.000 0.000 0.000 0.000 0.000 0.000 0.000 0.000 0.000 0.000 0.000 0.000 0.000 0.000 0.000 0.000 0.000 0.000 0.000 0.000 0.000 0.000 0.000 0.000 0.000 0.000 0.000 0.000 0.000 0.000 14/08/2014
0.000 0.000 0.000 0.000 0.000 0.000 0.000 0.000 0.000 0.000 0.000 0.000 0.000 0.000 0.000 0.000 0.000 0.000 0.000 0.000 0.000 0.000 0.000 0.000 0.000 0.000 0.000 0.000 0.000 0.000 15/08/2014
0.000 0.000 0.000 0.000 0.000 0.000 0.000 0.000 0.000 0.000 0.000 0.000 0.000 0.000 0.000 0.000 0.000 0.000 0.000 0.000 0.000 0.000 0.000 0.000 0.000 0.000 0.000 0.000 0.000 0.000 16/08/2014
0.000 0.000 0.000 0.000 0.000 0.000 0.000 0.000 0.000 0.000 0.000 0.000 0.000 0.000 0.000 0.000 0.000 0.000 0.000 0.000 0.000 0.000 0.000 0.000 0.000 0.000 0.000 0.000 0.000 0.000 17/08/2014
0.000 0.000 0.000 0.000 0.000 0.000 0.000 0.000 0.000 0.000 0.000 0.000 0.000 0.000 0.000 0.000 0.000 0.000 0.000 0.000 0.000 0.000 0.000 0.000 0.000 0.000 0.000 0.000 0.000 0.000 18/08/2014
0.000 0.000 0.000 0.000 0.000 0.000 0.000 0.000 0.000 0.000 0.000 0.000 0.000 0.000 0.000 0.000 0.000 0.000 0.000 0.000 0.000 0.000 0.000 0.000 0.000 0.000 0.000 0.000 0.000 0.000 19/08/2014
0.373 0.881 0.611 0.468 0.447 0.890 0.898 0.616 4.385 5.077 1.104 1.039 3.772 3.807 5.033 0.898 1.189 5.363 5.417 6.455 1.311 1.192 1.312 5.340 3.914 1.328 1.291 1.454 1.309 3.963 20/08/2014
0.349 2.190 2.063 3.453 3.645 2.207 2.230 2.076 1.238 1.536 0.288 1.556 2.511 2.534 1.517 0.234 0.000 0.000 0.000 0.000 0.000 0.000 0.000 0.000 0.000 0.000 0.000 0.000 0.000 0.000 21/08/2014
3.100 2.698 3.971 9.035 10.765 2.723 2.743 3.999 7.213 9.344 2.195 3.162 4.473 4.514 9.272 2.497 2.922 4.245 4.291 4.960 3.506 2.927 3.324 4.225 2.778 3.755 2.472 2.795 2.880 2.822 22/08/2014
1.710 4.401 4.076 4.912 5.068 4.457 4.503 4.108 8.835 9.094 3.367 4.856 8.059 8.131 9.019 3.190 2.573 6.731 6.801 8.459 1.340 2.579 3.057 6.701 8.085 0.221 0.519 0.776 3.393 8.210 23/08/2014
0.000 0.000 0.000 0.000 0.000 0.000 0.000 0.000 0.000 0.000 0.000 0.000 0.000 0.000 0.000 0.000 0.000 0.000 0.000 0.000 0.000 0.000 0.000 0.000 0.000 0.000 0.000 0.000 0.000 0.000 24/08/2014
0.000 0.000 0.000 0.000 0.000 0.000 0.000 0.000 0.000 0.000 0.000 0.000 0.000 0.000 0.000 0.000 0.000 0.000 0.000 0.000 0.000 0.000 0.000 0.000 0.000 0.000 0.000 0.000 0.000 0.000 25/08/2014
19.023 7.768 9.817 10.805 10.513 7.868 7.949 9.886 9.661 9.722 7.672 8.836 9.412 9.500 9.645 8.156 12.770 12.252 12.380 12.651 13.170 12.800 13.391 12.198 12.711 11.098 12.035 12.389 12.656 12.905 26/08/2014
0.152 0.134 0.000 0.000 0.000 0.136 0.137 0.000 0.000 0.000 0.506 0.136 0.000 0.000 0.000 0.448 0.000 0.000 0.000 0.000 0.490 0.000 0.000 0.000 0.000 0.218 0.111 0.169 0.000 0.000 27/08/2014
7.295 7.544 7.141 8.682 8.532 7.640 7.718 7.198 6.737 8.151 7.655 9.221 9.377 9.464 8.082 7.062 9.665 8.130 8.220 7.107 7.756 9.689 10.931 8.092 6.232 7.179 7.406 7.973 6.596 6.335 28/08/2014
0.000 0.000 0.000 0.000 0.000 0.000 0.000 0.000 0.000 0.000 0.000 0.000 0.000 0.000 0.000 0.000 0.000 0.000 0.000 0.000 0.000 0.000 0.000 0.000 0.000 0.000 0.000 0.000 0.000 0.000 29/08/2014
1.316 1.147 0.670 0.504 0.474 1.162 1.174 0.676 0.375 0.442 0.531 0.728 0.118 0.120 0.437 0.434 0.155 0.000 0.000 0.170 0.668 0.156 0.272 0.000 0.467 0.374 0.000 0.107 0.100 0.488 30/08/2014
0.000 0.000 0.000 0.000 0.000 0.000 0.000 0.000 0.000 0.000 0.000 0.000 0.000 0.000 0.000 0.000 0.000 0.000 0.000 0.000 0.000 0.000 0.000 0.000 0.000 0.000 0.000 0.000 0.000 0.000 31/08/2014
0.000 0.000 0.000 0.000 0.000 0.000 0.000 0.000 0.000 0.000 0.000 0.000 0.000 0.000 0.000 0.000 0.000 0.000 0.000 0.000 0.131 0.000 0.000 0.000 0.000 0.141 0.000 0.117 0.116 0.000 01/09/2014
0.282 0.154 0.160 0.147 0.000 0.158 0.159 0.162 0.114 0.000 0.182 0.131 0.120 0.120 0.000 0.170 0.000 0.134 0.136 0.126 0.114 0.000 0.113 0.135 0.120 0.029 0.000 0.115 0.110 0.120 02/09/2014
5.734 4.306 4.065 6.300 7.932 4.363 4.414 4.120 5.018 5.712 3.590 4.570 4.442 4.484 5.664 4.096 3.366 4.164 4.210 4.360 3.445 3.374 4.328 4.139 3.344 4.224 2.975 3.699 4.072 3.393 03/09/2014
0.000 0.000 0.000 0.000 0.000 0.000 0.000 0.000 0.000 0.000 0.000 0.000 0.000 0.000 0.000 0.000 0.000 0.000 0.000 0.000 0.000 0.000 0.000 0.000 0.000 0.000 0.000 0.000 0.000 0.000 04/09/2014
0.000 0.000 0.000 0.000 0.000 0.000 0.000 0.000 0.000 0.000 0.000 0.000 0.000 0.000 0.000 0.000 0.000 0.000 0.000 0.000 0.000 0.000 0.000 0.000 0.000 0.000 0.000 0.000 0.000 0.000 05/09/2014
0.000 0.000 0.000 0.000 0.000 0.000 0.000 0.000 0.000 0.000 0.000 0.000 0.000 0.000 0.000 0.000 0.000 0.000 0.000 0.000 0.000 0.000 0.000 0.000 0.000 0.000 0.000 0.000 0.000 0.000 06/09/2014
0.000 0.000 0.000 0.000 0.000 0.000 0.000 0.000 0.000 0.000 0.000 0.000 0.000 0.000 0.000 0.000 0.000 0.000 0.000 0.000 0.000 0.000 0.000 0.000 0.000 0.000 0.000 0.000 0.000 0.000 07/09/2014
0.000 0.000 0.000 0.000 0.000 0.000 0.000 0.000 0.109 0.000 0.000 0.000 0.000 0.000 0.000 0.000 0.000 0.000 0.000 0.000 0.000 0.000 0.000 0.000 0.000 0.000 0.000 0.000 0.114 0.000 08/09/2014
0.000 0.000 0.000 0.000 0.000 0.000 0.000 0.000 0.000 0.000 0.000 0.000 0.000 0.000 0.000 0.000 0.000 0.000 0.000 0.000 0.000 0.000 0.000 0.000 0.000 0.000 0.000 0.000 0.000 0.000 09/09/2014
0.000 0.000 0.000 0.000 0.000 0.000 0.000 0.000 0.000 0.000 0.000 0.000 0.000 0.000 0.000 0.000 0.000 0.000 0.000 0.000 0.000 0.000 0.000 0.000 0.000 0.000 0.000 0.000 0.000 0.000 10/09/2014
0.997 1.283 0.432 0.991 0.924 1.297 1.307 0.433 1.196 1.030 1.355 1.061 0.785 0.792 1.030 1.414 0.000 0.117 0.115 0.000 0.000 0.000 0.000 0.114 0.000 0.000 0.000 0.000 0.000 0.000 11/09/2014
16.628 25.647 21.664 13.468 16.619 25.964 26.223 21.834 15.797 16.331 29.384 24.896 21.452 21.651 16.192 27.281 17.507 16.848 16.978 13.695 25.376 17.548 19.584 16.718 12.607 15.750 13.342 14.893 10.816 12.806 12/09/2014
6.746 2.635 4.872 5.700 6.513 2.661 2.701 4.912 4.474 4.456 0.000 0.185 1.067 1.188 4.421 0.000 0.000 0.206 0.210 0.887 0.000 0.000 0.000 0.205 0.167 0.000 0.000 0.000 0.000 0.168 13/09/2014
0.000 0.000 0.000 0.000 0.000 0.000 0.000 0.000 0.000 0.000 0.000 0.000 0.000 0.000 0.000 0.000 0.000 0.000 0.000 0.000 0.000 0.000 0.000 0.000 0.000 0.000 0.000 0.000 0.000 0.000 14/09/2014
0.000 0.000 0.000 0.000 0.000 0.000 0.000 0.000 0.000 0.000 0.000 0.000 0.000 0.000 0.000 0.000 0.000 0.000 0.000 0.000 0.000 0.000 0.000 0.000 0.000 0.000 0.000 0.000 0.000 0.000 15/09/2014
0.000 0.000 0.000 0.000 0.000 0.000 0.000 0.000 0.000 0.000 0.000 0.000 0.000 0.000 0.000 0.000 0.000 0.000 0.000 0.000 0.000 0.000 0.000 0.000 0.000 0.000 0.000 0.000 0.000 0.000 16/09/2014
0.000 0.000 0.000 0.000 0.000 0.000 0.000 0.000 0.000 0.000 0.000 0.000 0.000 0.000 0.000 0.000 0.000 0.000 0.000 0.000 0.000 0.000 0.000 0.000 0.000 0.000 0.000 0.000 0.000 0.000 17/09/2014
0.000 0.000 0.000 0.000 0.000 0.000 0.000 0.000 0.000 0.000 0.000 0.000 0.000 0.000 0.000 0.000 0.000 0.000 0.000 0.000 0.000 0.000 0.000 0.000 0.000 0.000 0.000 0.000 0.000 0.000 18/09/2014
0.000 0.000 0.000 0.000 0.000 0.000 0.000 0.000 0.000 0.000 0.000 0.000 0.000 0.000 0.000 0.000 0.000 0.000 0.000 0.000 0.000 0.000 0.000 0.000 0.000 0.000 0.000 0.000 0.000 0.000 19/09/2014
0.000 0.000 0.000 0.000 0.000 0.000 0.000 0.000 0.000 0.000 0.000 0.000 0.000 0.000 0.000 0.000 0.000 0.000 0.000 0.000 0.000 0.000 0.000 0.000 0.000 0.000 0.000 0.000 0.000 0.000 20/09/2014
0.000 0.000 0.000 0.000 0.000 0.000 0.000 0.000 0.000 0.000 0.000 0.000 0.000 0.000 0.000 0.000 0.000 0.000 0.000 0.000 0.000 0.000 0.000 0.000 0.000 0.000 0.000 0.000 0.000 0.000 21/09/2014
0.000 0.000 0.000 0.000 0.000 0.000 0.000 0.000 0.000 0.000 0.000 0.000 0.000 0.000 0.000 0.000 0.000 0.000 0.000 0.000 0.000 0.000 0.000 0.000 0.000 0.000 0.000 0.000 0.000 0.000 22/09/2014
0.000 0.000 0.000 0.000 0.000 0.000 0.000 0.000 0.000 0.000 0.000 0.000 0.000 0.000 0.000 0.000 0.000 0.000 0.000 0.000 0.000 0.000 0.000 0.000 0.000 0.000 0.000 0.000 0.000 0.000 23/09/2014
0.000 0.000 0.000 0.000 0.000 0.000 0.000 0.000 0.000 0.000 0.000 0.000 0.000 0.000 0.000 0.000 0.000 0.000 0.000 0.000 0.000 0.000 0.000 0.000 0.000 0.000 0.000 0.000 0.000 0.000 24/09/2014
2.001 2.184 1.668 1.935 2.283 2.210 2.235 1.680 2.539 2.459 1.775 2.337 2.748 2.878 2.434 1.555 2.233 2.991 3.056 3.204 1.895 2.238 3.006 2.980 3.914 1.979 2.550 3.398 4.086 3.964 25/09/2014
2.973 2.343 0.806 0.649 0.700 2.371 2.409 0.822 2.355 2.351 0.000 0.000 0.732 0.744 2.331 0.000 0.113 2.879 2.942 0.387 0.000 0.113 0.144 2.865 3.938 0.000 0.127 0.158 5.596 3.989 26/09/2014
0.000 0.000 0.000 0.000 0.000 0.000 0.000 0.000 0.000 0.000 0.000 0.000 0.000 0.000 0.000 0.000 0.000 0.000 0.000 0.000 0.000 0.000 0.000 0.000 0.000 0.000 0.000 0.000 0.000 0.000 27/09/2014
0.000 0.000 0.000 0.000 0.000 0.000 0.000 0.000 0.000 0.000 0.000 0.000 0.000 0.000 0.000 0.000 0.000 0.000 0.000 0.000 0.000 0.000 0.000 0.000 0.000 0.000 0.000 0.000 0.000 0.000 28/09/2014
0.000 0.000 0.000 0.000 0.000 0.000 0.000 0.000 0.000 0.000 0.000 0.000 0.000 0.000 0.000 0.000 0.000 0.000 0.000 0.000 0.000 0.000 0.000 0.000 0.000 0.000 0.000 0.000 0.000 0.000 29/09/2014
0.000 0.000 0.000 0.000 0.000 0.000 0.000 0.000 0.000 0.000 0.000 0.000 0.000 0.000 0.000 0.000 0.000 0.000 0.000 0.000 0.000 0.000 0.000 0.000 0.000 0.000 0.000 0.000 0.000 0.000 30/09/2014
0.445 1.260 2.734 2.213 2.546 1.276 1.289 2.750 1.817 2.159 0.775 2.171 2.925 3.041 2.143 0.953 1.402 2.209 2.367 0.415 0.937 1.404 2.471 2.198 0.146 0.518 0.687 0.687 0.538 0.147 01/10/2014
0.122 0.218 0.000 0.000 0.000 0.219 0.225 0.000 0.106 0.000 0.156 0.114 0.103 0.103 0.000 0.144 0.000 0.123 0.123 0.000 0.000 0.000 0.000 0.119 0.109 0.000 0.000 0.000 0.000 0.109 02/10/2014
0.246 0.844 0.562 0.282 0.100 0.855 0.863 0.567 0.447 0.593 0.489 0.902 0.552 0.557 0.588 0.615 0.236 1.435 1.450 1.647 0.520 0.237 0.278 1.412 2.916 0.559 0.668 0.939 1.683 2.961 03/10/2014
0.000 0.000 0.000 0.000 0.000 0.000 0.000 0.000 0.000 0.000 0.000 0.000 0.000 0.000 0.000 0.000 0.000 0.000 0.000 0.000 0.000 0.000 0.000 0.000 0.000 0.000 0.000 0.000 0.000 0.000 04/10/2014
0.389 0.000 0.000 0.100 0.000 0.000 0.000 0.000 0.000 0.000 0.000 0.000 0.000 0.000 0.000 0.000 0.000 0.000 0.000 0.000 0.000 0.000 0.000 0.000 0.000 0.000 0.000 0.000 0.000 0.000 05/10/2014
0.000 0.000 0.000 0.000 0.000 0.000 0.000 0.000 0.000 0.000 0.000 0.000 0.000 0.000 0.000 0.000 0.000 0.000 0.000 0.000 0.000 0.000 0.000 0.000 0.000 0.000 0.000 0.000 0.000 0.000 06/10/2014
0.000 0.000 0.000 0.000 0.000 0.000 0.000 0.000 0.000 0.000 0.000 0.000 0.000 0.000 0.000 0.000 0.000 0.000 0.000 0.000 0.000 0.000 0.000 0.050 0.000 0.000 0.000 0.000 0.000 0.000 07/10/2014
6.779 6.608 6.167 5.785 6.573 6.690 6.918 6.225 5.766 6.208 6.765 6.424 6.465 6.518 6.167 6.887 7.458 6.431 6.496 6.142 10.519 7.475 8.356 6.382 6.726 16.478 13.552 15.082 8.633 6.831 08/10/2014
3.870 4.976 3.444 4.328 4.982 5.033 5.126 3.471 3.821 4.453 16.476 10.594 5.175 5.217 4.416 17.212 15.717 9.012 9.108 4.886 20.464 15.754 17.623 8.964 7.776 21.119 21.104 22.544 16.777 7.879 09/10/2014
0.000 0.000 0.000 0.000 0.000 0.000 0.000 0.000 0.000 0.000 0.000 0.000 0.000 0.000 0.000 0.000 0.000 0.000 0.000 0.000 0.000 0.000 0.000 0.000 0.000 0.000 0.000 0.000 0.000 0.000 10/10/2014
0.000 0.000 0.000 0.000 0.000 0.000 0.000 0.000 0.000 0.000 0.000 0.000 0.000 0.000 0.000 0.000 0.000 0.000 0.000 0.000 0.000 0.000 0.000 0.000 0.000 0.000 0.000 0.000 0.000 0.000 11/10/2014
0.853 0.569 0.935 0.836 0.895 0.572 0.588 0.950 0.455 0.701 0.495 0.571 0.556 0.573 0.700 0.585 0.435 0.358 0.370 0.500 0.569 0.436 0.403 0.357 0.318 0.473 0.327 0.345 0.327 0.323 12/10/2014
0.000 0.000 0.000 0.000 0.000 0.000 0.000 0.000 0.000 0.000 0.000 0.000 0.000 0.000 0.000 0.000 0.000 0.000 0.000 0.000 0.000 0.000 0.000 0.000 0.000 0.235 0.000 0.000 0.000 0.000 13/10/2014
3.386 3.615 3.480 4.182 5.095 3.660 3.698 3.507 4.162 4.741 4.214 4.212 3.969 4.007 4.577 4.316 3.392 4.296 4.327 4.151 4.788 3.400 4.080 4.276 4.387 4.857 4.016 4.691 4.806 4.455 14/10/2014
2.648 1.809 2.055 3.304 3.524 1.801 1.841 2.070 2.634 2.795 1.829 2.013 2.010 2.025 2.697 1.944 1.517 1.729 1.748 2.004 1.939 1.520 1.507 1.722 1.265 1.558 1.007 1.219 1.296 1.285 15/10/2014
20.176 18.650 17.476 15.746 18.840 18.887 19.081 17.615 17.428 18.017 12.490 14.444 16.603 16.757 17.863 12.338 12.698 18.744 19.404 16.667 11.197 12.728 13.069 18.657 14.643 9.975 10.873 10.764 13.089 15.045 16/10/2014
7.062 5.898 5.907 6.492 7.567 5.978 6.044 5.957 5.043 5.575 4.492 5.346 5.009 5.055 5.482 4.590 4.715 5.406 5.435 5.072 4.837 4.730 5.417 5.381 5.319 4.933 5.496 6.371 6.723 5.402 17/10/2014
0.000 0.000 0.000 0.000 0.000 0.000 0.000 0.000 0.000 0.000 0.101 0.105 0.117 0.118 0.000 0.122 0.000 0.000 0.000 0.000 0.142 0.000 0.118 0.000 0.000 0.164 0.000 0.119 0.136 0.000 18/10/2014
0.000 0.000 0.000 0.000 0.000 0.000 0.000 0.000 0.000 0.000 0.000 0.000 0.000 0.000 0.000 0.000 0.000 0.000 0.000 0.000 0.120 0.000 0.000 0.000 0.134 0.141 0.105 0.121 0.121 0.135 19/10/2014
0.000 0.000 0.000 0.000 0.000 0.000 0.000 0.000 0.000 0.000 0.000 0.000 0.000 0.000 0.000 0.000 0.000 0.000 0.000 0.000 0.000 0.000 0.000 0.000 0.000 0.000 0.000 0.000 0.000 0.000 20/10/2014
0.000 0.000 0.000 0.000 0.000 0.000 0.000 0.000 0.000 0.000 0.000 0.000 0.000 0.000 0.000 0.000 0.000 0.000 0.000 0.000 0.000 0.000 0.000 0.000 0.000 0.000 0.000 0.000 0.000 0.000 21/10/2014
3.237 2.916 2.453 1.737 1.832 2.954 2.985 2.473 1.386 1.554 2.316 2.654 2.099 2.116 1.525 2.443 1.566 1.360 1.375 1.435 1.712 1.569 1.585 1.354 1.135 1.041 0.762 1.070 1.183 1.154 22/10/2014
19.873 21.784 17.797 13.728 16.968 22.061 22.287 17.939 14.129 15.572 20.487 18.266 16.197 16.348 15.438 18.621 11.580 11.928 12.060 10.937 11.504 11.607 11.674 11.873 9.528 8.182 8.533 9.057 9.471 9.669 23/10/2014
0.000 0.000 0.000 0.000 0.000 0.000 0.000 0.000 0.000 0.000 0.000 0.000 0.000 0.000 0.000 0.000 0.000 0.000 0.000 0.000 0.000 0.000 0.000 0.000 0.000 0.000 0.000 0.000 0.000 0.000 24/10/2014
0.000 0.000 0.000 0.000 0.000 0.000 0.000 0.000 0.000 0.000 0.000 0.000 0.000 0.000 0.000 0.000 0.000 0.000 0.000 0.000 0.000 0.000 0.000 0.000 0.000 0.000 0.000 0.000 0.000 0.000 25/10/2014
0.000 0.000 0.000 0.000 0.000 0.000 0.000 0.000 0.000 0.000 0.000 0.000 0.000 0.000 0.000 0.000 0.000 0.000 0.000 0.000 0.000 0.000 0.000 0.000 0.000 0.000 0.000 0.000 0.000 0.000 26/10/2014
1.333 1.354 1.977 1.557 1.955 1.372 1.386 1.992 1.207 1.690 1.901 2.193 1.694 1.767 1.663 1.622 2.307 2.888 2.951 2.389 2.200 2.313 3.087 2.875 2.896 1.892 2.604 3.469 4.011 2.946 27/10/2014
0.000 0.000 0.000 0.000 0.000 0.000 0.000 0.000 0.000 0.000 0.000 0.000 0.000 0.000 0.000 0.000 0.000 0.000 0.000 0.000 0.000 0.000 0.000 0.000 0.000 0.000 0.000 0.000 0.000 0.000 28/10/2014
0.000 0.000 0.000 0.000 0.000 0.000 0.000 0.000 0.000 0.000 0.000 0.000 0.000 0.000 0.000 0.000 0.000 0.000 0.000 0.000 0.000 0.000 0.000 0.000 0.000 0.000 0.000 0.000 0.000 0.000 29/10/2014
0.000 0.000 0.000 0.000 0.000 0.000 0.000 0.000 0.000 0.000 0.000 0.000 0.000 0.000 0.000 0.000 0.000 0.000 0.000 0.000 0.000 0.000 0.000 0.000 0.000 0.000 0.000 0.000 0.000 0.000 30/10/2014
8.049 7.986 7.636 7.783 8.660 8.087 8.170 7.697 8.679 9.126 7.147 6.990 7.818 7.889 9.049 6.565 6.112 8.097 8.186 8.332 5.974 6.126 7.443 8.060 8.527 6.929 7.258 8.070 8.157 8.660 31/10/2014
0.000 0.000 0.000 0.125 0.000 0.000 0.000 0.000 0.189 0.100 0.000 0.000 0.000 0.000 0.100 0.000 0.108 0.129 0.130 0.111 0.000 0.108 0.135 0.129 0.128 0.102 0.107 0.134 0.101 0.129 01/11/2014
9.357 10.695 7.745 6.450 7.399 10.827 10.935 7.807 6.570 6.195 18.142 12.142 8.265 8.341 6.142 16.688 17.078 9.012 9.111 7.030 20.936 17.119 17.629 8.970 6.962 20.843 17.607 19.257 10.710 7.065 02/11/2014
0.000 0.000 0.000 0.108 0.000 0.000 0.000 0.000 0.000 0.000 0.000 0.000 0.000 0.000 0.000 0.000 0.000 0.000 0.000 0.000 0.000 0.000 0.000 0.000 0.000 0.000 0.000 0.000 0.000 0.000 03/11/2014
1.448 1.316 1.045 1.210 1.262 1.323 1.332 1.052 0.604 0.769 0.807 0.572 0.336 0.339 0.767 0.822 0.201 0.173 0.176 0.275 0.614 0.201 0.231 0.165 0.211 0.503 0.198 0.226 0.223 0.212 04/11/2014
12.661 10.309 10.461 9.303 11.106 10.440 10.547 10.545 7.979 8.974 9.246 9.818 9.472 9.563 8.898 9.558 7.118 8.284 8.375 7.881 8.053 7.135 8.387 8.246 7.147 6.437 6.042 6.689 7.382 7.262 05/11/2014
0.000 0.000 0.000 0.000 0.000 0.000 0.000 0.000 0.000 0.000 0.000 0.000 0.000 0.000 0.000 0.000 0.000 0.000 0.000 0.000 0.000 0.000 0.000 0.000 0.000 0.325 0.109 0.102 0.112 0.000 06/11/2014
15.816 10.651 12.175 10.505 12.846 10.786 10.897 12.303 6.382 7.231 6.310 6.560 6.891 6.955 7.171 6.572 2.703 3.339 3.376 4.037 4.063 2.710 3.328 3.323 1.373 2.218 1.362 1.719 1.726 1.394 07/11/2014
0.000 0.000 0.000 0.000 0.000 0.000 0.000 0.000 0.000 0.000 0.000 0.000 0.000 0.000 0.000 0.000 0.000 0.000 0.000 0.000 0.000 0.000 0.000 0.000 0.000 0.000 0.000 0.000 0.000 0.000 08/11/2014
0.000 0.000 0.000 0.000 0.000 0.000 0.000 0.000 0.000 0.000 0.000 0.000 0.000 0.000 0.000 0.000 0.000 0.000 0.000 0.000 0.000 0.000 0.000 0.000 0.000 0.000 0.000 0.000 0.000 0.000 09/11/2014
0.000 0.000 0.000 0.000 0.000 0.000 0.000 0.000 0.000 0.000 0.000 0.000 0.000 0.000 0.000 0.000 0.000 0.000 0.000 0.000 0.000 0.000 0.000 0.000 0.000 0.000 0.000 0.000 0.000 0.000 10/11/2014
0.000 0.000 0.000 0.000 0.000 0.000 0.000 0.000 0.000 0.000 0.000 0.000 0.000 0.000 0.000 0.000 0.000 0.000 0.000 0.000 0.000 0.000 0.000 0.000 0.000 0.000 0.000 0.000 0.000 0.000 11/11/2014
0.000 0.000 0.000 0.000 0.000 0.000 0.000 0.000 0.000 0.000 0.000 0.000 0.000 0.000 0.000 0.000 0.000 0.000 0.000 0.000 0.000 0.000 0.000 0.000 0.000 0.000 0.000 0.000 0.000 0.000 12/11/2014
0.000 0.000 0.000 0.000 0.000 0.000 0.000 0.000 0.000 0.000 0.000 0.000 0.000 0.000 0.000 0.000 0.000 0.000 0.000 0.000 0.000 0.000 0.000 0.000 0.000 0.000 0.000 0.000 0.000 0.000 13/11/2014
0.243 0.425 0.503 0.601 0.634 0.427 0.431 0.507 1.250 1.761 2.894 2.760 2.519 2.624 1.744 2.833 3.402 4.232 4.276 3.950 3.235 3.409 4.389 4.213 3.836 2.908 3.314 4.226 4.362 3.884 14/11/2014
0.000 0.000 0.000 0.000 0.000 0.000 0.000 0.000 0.000 0.000 0.000 0.000 0.000 0.000 0.000 0.000 0.000 0.000 0.000 0.000 0.000 0.000 0.000 0.000 0.000 0.000 0.000 0.000 0.000 0.000 15/11/2014
0.332 0.189 0.534 0.970 1.041 0.190 0.190 0.537 0.496 0.761 0.192 0.204 0.360 0.369 0.760 0.184 0.323 0.309 0.315 0.405 0.201 0.323 0.347 0.307 0.326 0.337 0.374 0.373 0.357 0.331 16/11/2014
0.000 0.000 0.000 0.000 0.000 0.000 0.000 0.000 0.000 0.000 0.000 0.000 0.000 0.000 0.000 0.000 0.000 0.000 0.000 0.000 0.000 0.000 0.000 0.000 0.000 0.000 0.000 0.000 0.000 0.000 17/11/2014
0.000 0.000 0.103 0.132 0.000 0.000 0.000 0.103 0.000 0.000 0.000 0.000 0.000 0.000 0.000 0.000 0.000 0.000 0.000 0.101 0.112 0.000 0.000 0.000 0.000 0.119 0.000 0.000 0.000 0.000 18/11/2014
4.513 5.744 6.968 6.578 7.340 5.817 5.877 7.023 5.024 6.228 5.883 5.962 6.216 6.272 6.179 6.107 5.073 5.109 5.166 5.168 6.916 5.085 6.102 5.086 5.446 6.213 5.143 6.034 6.276 5.526 19/11/2014
2.083 3.208 3.824 6.127 6.824 3.248 3.281 3.850 12.923 14.618 3.601 5.362 9.104 9.197 14.495 3.918 6.777 10.786 10.904 10.950 6.811 6.794 7.852 10.735 9.523 8.630 7.863 9.009 8.896 9.667 20/11/2014
0.000 0.000 0.000 0.000 0.000 0.000 0.000 0.000 0.000 0.000 0.000 0.000 0.000 0.000 0.000 0.000 0.000 0.000 0.000 0.000 0.000 0.000 0.000 0.000 0.118 0.000 0.000 0.000 0.107 0.119 21/11/2014
0.161 0.000 0.000 0.000 0.000 0.000 0.000 0.000 0.000 0.000 0.000 0.000 0.000 0.000 0.000 0.000 0.000 0.000 0.000 0.000 0.000 0.000 0.000 0.000 0.000 0.000 0.000 0.000 0.000 0.000 22/11/2014
0.781 1.205 1.625 4.380 4.446 1.220 1.223 1.636 6.255 7.044 1.647 1.712 3.139 3.181 6.987 1.750 3.300 4.463 4.506 6.228 3.157 3.307 3.827 4.444 6.467 5.375 4.912 5.872 6.135 6.567 23/11/2014
0.000 0.107 0.114 0.533 0.331 0.107 0.107 0.115 0.127 0.000 0.141 0.162 0.000 0.000 0.000 0.133 0.000 0.127 0.128 0.200 0.121 0.000 0.000 0.125 0.162 0.128 0.000 0.000 0.117 0.170 24/11/2014
4.295 4.567 4.820 4.603 5.137 4.626 4.673 4.860 4.536 4.625 3.055 2.709 4.003 4.035 4.588 3.036 2.396 4.342 4.391 4.064 1.765 2.401 3.195 4.322 3.681 1.603 1.669 2.563 2.987 3.723 25/11/2014
1.453 0.813 0.450 0.579 0.598 0.834 0.842 0.453 0.362 0.450 0.663 0.138 0.232 0.239 0.447 0.859 0.177 0.167 0.167 0.110 0.646 0.176 0.244 0.166 0.000 0.174 0.000 0.110 0.000 0.000 26/11/2014
0.000 0.000 0.000 0.000 0.000 0.000 0.000 0.000 0.000 0.000 0.000 0.000 0.000 0.000 0.000 0.000 0.000 0.000 0.000 0.000 0.000 0.000 0.000 0.000 0.000 0.000 0.000 0.000 0.000 0.000 27/11/2014
0.135 0.192 0.188 0.171 0.052 0.192 0.192 0.188 0.177 0.095 0.470 0.277 0.209 0.214 0.093 0.539 0.380 0.218 0.222 0.263 0.779 0.381 0.370 0.217 0.272 0.736 0.340 0.355 0.266 0.275 28/11/2014
0.000 0.000 0.000 0.000 0.000 0.000 0.000 0.000 0.000 0.000 0.000 0.000 0.000 0.000 0.000 0.000 0.000 0.000 0.000 0.000 0.000 0.000 0.000 0.000 0.000 0.000 0.000 0.000 0.000 0.000 29/11/2014
0.000 0.000 0.000 0.000 0.000 0.000 0.000 0.000 0.000 0.000 0.000 0.000 0.000 0.000 0.000 0.000 0.000 0.000 0.000 0.000 0.000 0.000 0.000 0.000 0.000 0.000 0.000 0.000 0.000 0.000 30/11/2014
1.060 0.635 0.971 1.160 1.236 0.643 0.649 0.984 0.857 0.883 0.787 0.894 0.840 0.846 0.874 0.882 0.806 1.022 1.032 1.055 1.005 0.808 1.045 1.012 1.153 0.935 0.740 0.977 1.112 1.159 01/12/2014
0.000 0.000 0.000 0.319 0.179 0.000 0.000 0.000 0.169 0.000 0.197 0.142 0.154 0.154 0.000 0.211 0.150 0.286 0.270 0.195 0.407 0.144 0.306 0.262 0.281 0.549 0.161 0.323 0.373 0.285 02/12/2014
0.315 1.725 1.722 1.697 1.625 1.744 1.761 1.748 2.970 3.338 4.213 3.999 3.943 3.955 3.309 4.541 5.237 4.864 4.915 4.969 5.905 5.249 5.790 4.839 5.057 6.458 5.088 5.635 5.654 5.124 03/12/2014
0.000 0.000 0.000 0.000 0.000 0.000 0.100 0.000 0.000 0.000 0.000 0.000 0.000 0.000 0.000 0.000 0.000 0.000 0.000 0.000 0.000 0.000 0.000 0.000 0.000 0.000 0.000 0.000 0.000 0.000 04/12/2014
2.814 1.373 1.748 2.483 2.376 1.388 1.402 1.781 0.591 0.510 0.000 0.212 0.534 0.548 0.506 0.121 0.000 0.000 0.000 0.000 0.000 0.000 0.000 0.000 0.000 0.000 0.000 0.000 0.000 0.000 05/12/2014
0.000 0.000 0.000 0.000 0.000 0.000 0.000 0.000 0.000 0.000 0.000 0.000 0.000 0.000 0.000 0.000 0.000 0.000 0.000 0.000 0.000 0.000 0.000 0.000 0.000 0.000 0.000 0.000 0.000 0.000 06/12/2014
0.000 0.000 0.000 0.000 0.000 0.000 0.000 0.000 0.000 0.000 0.000 0.000 0.000 0.000 0.000 0.000 0.000 0.000 0.000 0.000 0.000 0.000 0.000 0.000 0.000 0.000 0.000 0.000 0.000 0.000 07/12/2014
0.000 0.000 0.000 0.000 0.000 0.000 0.000 0.000 0.000 0.000 0.000 0.000 0.000 0.000 0.000 0.000 0.000 0.000 0.000 0.000 0.000 0.000 0.000 0.000 0.000 0.000 0.000 0.000 0.000 0.000 08/12/2014
6.637 5.351 5.080 3.610 5.092 5.390 5.349 5.109 3.193 4.335 6.649 6.325 5.272 5.245 4.233 6.616 5.848 4.483 4.473 3.409 5.536 5.861 6.212 4.364 2.754 2.049 3.707 4.274 4.422 2.774 09/12/2014
0.000 0.000 0.000 0.000 0.000 0.000 0.000 0.000 0.000 0.000 0.000 0.000 0.000 0.000 0.000 0.000 0.000 0.053 0.000 0.000 0.600 0.000 0.120 0.000 0.000 0.941 0.563 0.919 0.140 0.000 10/12/2014
0.000 0.000 0.000 0.000 0.028 0.000 0.000 0.000 0.000 0.000 0.000 0.000 0.000 0.000 0.000 0.000 0.000 0.000 0.000 0.000 0.000 0.000 0.000 0.000 0.000 0.000 0.000 0.000 0.000 0.000 11/12/2014
0.000 0.000 0.000 0.000 0.000 0.000 0.000 0.000 0.000 0.000 0.000 0.000 0.000 0.000 0.000 0.000 0.000 0.000 0.000 0.000 0.000 0.000 0.000 0.000 0.000 0.000 0.000 0.000 0.000 0.000 12/12/2014
0.000 0.000 0.000 0.000 0.000 0.000 0.000 0.000 0.000 0.000 0.000 0.000 0.000 0.000 0.000 0.000 0.000 0.000 0.000 0.000 0.000 0.000 0.000 0.000 0.000 0.000 0.000 0.000 0.000 0.000 13/12/2014
0.000 0.000 0.000 0.000 0.000 0.000 0.000 0.000 0.000 0.000 0.000 0.000 0.000 0.000 0.000 0.000 0.000 0.000 0.000 0.000 0.000 0.000 0.000 0.000 0.000 0.000 0.000 0.000 0.000 0.000 14/12/2014
0.000 0.000 0.000 0.000 0.000 0.000 0.000 0.000 0.000 0.000 0.000 0.000 0.000 0.000 0.000 0.000 0.000 0.000 0.000 0.000 0.000 0.000 0.000 0.000 0.000 0.000 0.000 0.000 0.000 0.000 15/12/2014
0.000 0.000 0.000 0.000 0.000 0.000 0.000 0.000 0.000 0.000 0.000 0.000 0.000 0.000 0.000 0.000 0.000 0.000 0.000 0.000 0.000 0.000 0.000 0.000 0.000 0.000 0.000 0.000 0.000 0.000 16/12/2014
0.000 0.000 0.000 0.000 0.000 0.000 0.067 0.000 0.000 0.000 0.000 0.000 0.000 0.000 0.000 0.000 0.000 0.000 0.000 0.000 0.000 0.000 0.000 0.000 0.000 0.000 0.000 0.000 0.000 0.000 17/12/2014
3.332 3.181 2.353 2.803 4.098 3.225 3.260 2.362 3.106 4.002 3.203 2.679 3.291 3.351 3.954 3.189 2.427 4.356 4.399 4.006 2.044 2.427 2.573 4.348 5.049 1.587 2.154 2.448 3.428 5.096 18/12/2014
0.000 0.000 0.000 0.000 0.000 0.000 0.000 0.000 0.174 0.219 0.000 0.000 0.122 0.119 0.199 0.000 0.000 0.175 0.176 0.312 0.017 0.000 0.165 0.180 0.533 0.235 0.179 0.383 0.384 0.481 19/12/2014
0.164 0.093 0.000 0.082 0.000 0.094 0.086 0.000 0.085 0.000 0.069 0.000 0.084 0.081 0.000 0.000 0.000 0.000 0.000 0.000 0.000 0.000 0.057 0.000 0.000 0.000 0.000 0.000 0.000 0.000 20/12/2014
6.057 6.592 7.451 10.326 13.503 6.658 6.711 7.509 11.184 13.830 6.558 6.972 9.572 9.625 13.638 6.171 6.481 9.459 9.603 10.044 5.600 6.495 7.533 9.428 9.261 5.330 5.976 6.657 8.700 9.373 21/12/2014
28.332 35.965 36.036 24.791 33.342 36.221 36.534 36.197 23.685 27.868 35.920 28.709 23.849 24.057 27.638 35.899 18.955 20.346 20.684 22.158 23.553 18.998 19.924 20.235 16.594 13.394 13.483 12.954 13.118 16.889 22/12/2014
7.673 8.612 5.802 2.242 3.494 8.721 8.578 5.821 1.098 1.377 6.346 2.265 1.948 1.997 1.397 5.655 1.044 1.381 1.340 0.888 1.652 1.057 1.165 1.377 0.857 1.053 0.775 0.986 0.457 0.877 23/12/2014
1.312 2.349 1.011 0.699 0.393 2.474 1.998 1.102 0.786 0.629 1.833 1.970 2.047 2.072 0.606 2.075 2.201 2.217 2.176 1.053 1.454 2.207 2.616 2.206 0.931 1.257 1.994 2.075 1.851 0.959 24/12/2014
2.181 1.133 0.193 0.125 0.000 1.228 1.239 0.189 0.107 0.000 0.437 0.156 0.120 0.123 0.000 0.411 0.000 0.119 0.120 0.113 0.000 0.000 0.107 0.118 0.176 0.000 0.000 0.114 0.168 0.174 25/12/2014
0.000 0.000 0.000 0.000 0.000 0.000 0.000 0.000 0.000 0.000 0.000 0.000 0.000 0.000 0.000 0.000 0.000 0.000 0.000 0.000 0.000 0.000 0.000 0.000 0.000 0.000 0.000 0.000 0.000 0.000 26/12/2014
0.000 0.000 0.000 0.000 0.000 0.000 0.000 0.000 0.000 0.000 0.000 0.000 0.000 0.000 0.000 0.000 0.000 0.000 0.000 0.000 0.000 0.000 0.000 0.000 0.000 0.000 0.000 0.000 0.000 0.000 27/12/2014
0.000 0.000 0.000 0.000 0.000 0.000 0.000 0.000 0.000 0.000 0.000 0.000 0.000 0.000 0.000 0.000 0.000 0.000 0.000 0.000 0.000 0.000 0.000 0.000 0.000 0.000 0.000 0.000 0.000 0.000 28/12/2014
0.000 0.000 0.000 0.000 0.000 0.000 0.000 0.000 0.000 0.000 0.000 0.000 0.000 0.000 0.000 0.000 0.000 0.000 0.000 0.000 0.000 0.000 0.000 0.000 0.000 0.000 0.000 0.000 0.000 0.000 29/12/2014
0.000 0.000 0.000 0.000 0.000 0.000 0.000 0.000 0.000 0.000 0.000 0.000 0.000 0.000 0.000 0.000 0.000 0.000 0.000 0.000 0.000 0.000 0.000 0.000 0.000 0.000 0.000 0.000 0.000 0.000 30/12/2014
0.000 0.000 0.000 0.000 0.000 0.000 0.000 0.000 0.000 0.000 0.000 0.000 0.000 0.000 0.000 0.000 0.000 0.000 0.000 0.000 0.000 0.000 0.000 0.000 0.000 0.000 0.000 0.000 0.000 0.000 31/12/2014
0.000 0.000 0.000 0.000 0.000 0.000 0.000 0.000 0.000 0.000 0.000 0.000 0.000 0.000 0.000 0.000 0.000 0.000 0.000 0.000 0.000 0.000 0.000 0.000 0.000 0.000 0.000 0.000 0.000 0.000 01/01/2015
0.000 0.000 0.000 0.000 0.000 0.000 0.000 0.000 0.000 0.000 0.000 0.000 0.000 0.000 0.000 0.000 0.000 0.000 0.000 0.000 0.000 0.000 0.000 0.000 0.000 0.000 0.000 0.000 0.000 0.000 02/01/2015
27.063 18.252 15.903 11.954 17.657 18.686 19.066 16.119 13.974 17.776 17.587 14.388 14.338 14.479 17.562 17.612 10.044 13.331 13.767 13.732 12.431 10.072 13.642 13.274 12.867 7.587 6.242 12.241 12.220 13.039 03/01/2015
5.844 8.504 5.281 1.823 1.959 8.603 8.691 5.309 6.570 2.341 17.650 12.444 11.602 11.708 6.153 14.934 18.607 14.434 15.097 10.842 15.949 18.650 19.043 14.364 13.944 15.138 19.126 21.026 15.288 14.046 04/01/2015
0.000 0.000 0.000 0.000 0.000 0.000 0.000 0.000 0.000 0.000 0.100 0.000 0.000 0.000 0.000 0.000 0.000 0.000 0.000 0.000 0.000 0.000 0.000 0.000 0.000 0.000 0.000 0.000 0.000 0.000 05/01/2015
0.000 0.000 0.000 0.000 0.000 0.000 0.000 0.072 0.000 0.000 0.000 0.000 0.000 0.000 0.000 0.000 0.000 0.000 0.000 0.000 0.000 0.000 0.000 0.000 0.000 0.000 0.000 0.003 0.000 0.000 06/01/2015
1.415 1.164 1.143 0.791 0.411 1.231 1.183 1.164 0.750 0.746 1.385 1.193 1.164 1.168 0.757 1.183 1.482 1.208 1.328 1.962 2.156 1.421 0.985 1.366 1.642 2.480 1.634 2.372 1.861 1.219 07/01/2015
6.344 2.988 5.159 12.851 12.884 3.085 3.053 5.381 11.714 10.065 2.027 2.616 8.985 9.100 9.763 3.074 2.868 8.068 8.085 9.113 5.240 2.894 8.304 8.025 7.952 6.859 2.699 8.224 6.579 7.913 08/01/2015
3.172 5.074 5.189 11.681 13.590 5.206 5.226 5.229 11.122 12.596 5.948 5.597 7.237 7.285 12.489 6.012 8.451 9.409 9.513 9.480 7.593 8.470 9.873 9.366 12.924 9.369 9.548 11.353 11.704 13.129 09/01/2015
1.544 2.481 1.020 1.750 2.177 2.504 2.548 1.051 2.128 2.492 3.339 3.036 1.719 1.737 2.449 3.501 1.613 1.771 1.756 1.723 2.740 1.621 2.150 1.762 1.278 1.614 1.182 1.299 1.111 1.396 10/01/2015
0.000 0.000 0.000 0.000 0.000 0.000 0.000 0.000 0.000 0.000 0.000 0.000 0.000 0.000 0.000 0.101 0.000 0.000 0.000 0.000 0.000 0.000 0.000 0.000 0.000 0.000 0.000 0.000 0.000 0.000 11/01/2015
12.149 12.247 13.927 14.509 16.472 12.399 12.515 14.030 17.299 18.369 12.499 13.160 14.205 14.336 18.213 11.873 11.933 15.241 15.404 20.056 11.951 11.960 13.795 15.172 21.131 13.880 13.378 14.914 16.625 21.484 12/01/2015
1.394 2.440 1.955 1.464 1.686 2.459 2.500 1.953 2.734 3.088 3.249 2.633 2.092 2.144 3.136 3.187 2.587 4.354 4.414 5.292 3.071 2.593 3.420 4.346 9.032 4.249 4.832 5.434 6.873 9.172 13/01/2015
0.000 0.123 0.207 0.264 0.102 0.158 0.153 0.206 0.207 0.112 0.170 0.333 0.284 0.338 0.111 0.292 0.220 0.285 0.345 0.294 0.520 0.227 0.433 0.281 0.198 0.947 0.496 0.773 0.367 0.199 14/01/2015
0.000 0.000 0.000 0.000 0.000 0.000 0.000 0.000 0.000 0.000 0.000 0.000 0.000 0.000 0.000 0.000 0.000 0.000 0.000 0.000 0.000 0.000 0.000 0.000 0.000 0.000 0.000 0.000 0.000 0.000 15/01/2015
0.000 0.000 0.000 0.000 0.000 0.000 0.057 0.000 0.000 0.000 0.000 0.000 0.000 0.000 0.000 0.000 0.000 0.000 0.000 0.000 0.000 0.000 0.000 0.000 0.000 0.000 0.000 0.000 0.000 0.000 16/01/2015
0.000 0.000 0.000 0.000 0.000 0.000 0.000 0.000 0.000 0.000 0.000 0.000 0.000 0.000 0.000 0.000 0.000 0.000 0.000 0.000 0.000 0.000 0.000 0.000 0.000 0.000 0.000 0.000 0.000 0.000 17/01/2015
0.000 0.000 0.000 0.000 0.000 0.000 0.000 0.000 0.000 0.000 0.000 0.000 0.000 0.000 0.000 0.000 0.000 0.000 0.000 0.000 0.000 0.000 0.000 0.000 0.000 0.000 0.000 0.000 0.044 0.000 18/01/2015
0.000 0.000 0.000 0.000 0.000 0.000 0.000 0.000 0.000 0.000 0.000 0.000 0.000 0.000 0.000 0.000 0.000 0.000 0.000 0.000 0.000 0.000 0.000 0.000 0.000 0.000 0.000 0.000 0.000 0.000 19/01/2015
0.250 0.000 0.000 0.000 0.000 0.000 0.000 0.000 0.086 0.000 0.000 0.000 0.096 0.093 0.000 0.000 0.000 0.042 0.063 0.218 0.000 0.000 0.000 0.093 0.174 0.000 0.000 0.000 0.000 0.158 20/01/2015
4.003 2.353 2.792 2.822 2.654 2.353 2.374 2.814 2.266 2.481 1.799 1.978 2.338 2.356 2.460 1.672 1.343 1.721 1.740 2.088 1.599 1.346 1.788 1.712 1.868 1.652 1.589 2.040 2.117 1.843 21/01/2015
0.000 0.000 0.000 0.000 0.000 0.000 0.000 0.000 0.000 0.000 0.000 0.000 0.000 0.000 0.000 0.000 0.000 0.000 0.114 0.000 0.000 0.000 0.000 0.000 0.000 0.000 0.000 0.000 0.000 0.000 22/01/2015
0.000 0.000 0.000 0.000 0.000 0.000 0.000 0.000 0.000 0.000 0.000 0.000 0.000 0.000 0.000 0.000 0.000 0.000 0.000 0.000 0.000 0.000 0.074 0.000 0.000 0.000 0.000 0.000 0.000 0.110 23/01/2015
0.000 0.000 0.000 0.000 0.000 0.000 0.000 0.000 0.000 0.000 0.000 0.000 0.000 0.000 0.000 0.000 0.000 0.000 0.000 0.000 0.000 0.000 0.000 0.000 0.000 0.000 0.000 0.000 0.000 0.000 24/01/2015
6.754 5.201 5.053 2.660 4.062 5.221 5.224 5.083 2.094 2.414 4.240 3.615 2.842 2.839 2.394 4.217 2.298 2.281 2.336 1.863 2.697 2.296 2.513 2.271 2.094 1.671 1.931 2.154 2.197 2.136 25/01/2015
0.000 0.000 0.000 0.000 0.000 0.000 0.000 0.000 0.000 0.000 0.000 0.000 0.000 0.000 0.000 0.000 0.000 0.100 0.000 0.000 0.000 0.000 0.000 0.000 0.000 0.000 0.000 0.000 0.000 0.000 26/01/2015
0.000 0.000 0.000 0.000 0.000 0.000 0.000 0.000 0.000 0.000 0.000 0.000 0.000 0.000 0.000 0.000 0.000 0.000 0.000 0.000 0.000 0.000 0.000 0.000 0.000 0.000 0.000 0.000 0.000 0.000 27/01/2015
0.172 0.093 0.212 0.475 0.341 0.083 0.104 0.212 0.233 0.127 0.000 0.090 0.132 0.135 0.126 0.000 0.028 0.101 0.107 0.163 0.000 0.000 0.119 0.101 0.118 0.109 0.104 0.143 0.122 0.115 28/01/2015
2.952 2.228 2.305 2.277 3.503 2.255 2.173 2.315 2.223 2.825 1.729 1.724 2.255 2.281 2.753 1.696 1.979 1.858 1.883 2.327 1.495 1.975 2.269 1.869 1.940 1.723 1.978 2.218 2.221 1.927 29/01/2015
0.000 0.000 0.000 0.000 0.000 0.000 0.000 0.000 0.000 0.000 0.000 0.000 0.000 0.000 0.000 0.000 0.000 0.000 0.000 0.000 0.000 0.000 0.000 0.000 0.000 0.000 0.000 0.000 0.000 0.000 30/01/2015
3.423 2.428 4.062 5.513 7.811 2.450 2.431 4.094 5.139 6.115 1.401 2.248 3.960 3.995 6.080 1.274 2.156 2.677 2.801 5.351 1.440 2.159 2.403 2.664 4.554 1.449 1.923 2.150 3.082 4.528 31/01/2015
0.000 0.000 0.000 0.000 0.000 0.000 0.000 0.000 0.000 0.000 0.000 0.000 0.000 0.000 0.000 0.000 0.000 0.000 0.000 0.000 0.000 0.000 0.000 0.000 0.000 0.000 0.000 0.000 0.000 0.000 01/02/2015
13.504 14.743 19.380 20.143 28.694 14.921 15.065 19.535 21.701 23.595 11.959 13.932 14.162 14.300 23.387 10.996 14.885 14.382 15.048 19.769 9.999 14.920 13.690 14.312 13.613 9.978 13.599 12.992 13.450 13.822 02/02/2015
7.034 7.802 10.628 12.181 15.449 7.904 7.987 10.726 12.651 14.894 5.237 7.344 11.719 11.825 14.637 5.123 6.065 11.027 11.248 13.010 3.987 6.078 6.927 10.976 12.901 3.719 5.819 6.295 10.282 13.073 03/02/2015
1.773 3.276 2.705 2.823 4.132 3.319 3.358 2.726 2.519 3.404 3.591 3.834 3.072 3.139 3.344 3.657 3.993 3.978 4.086 2.693 3.720 4.001 5.046 3.829 2.828 3.485 4.216 5.209 5.024 2.970 04/02/2015
2.424 3.953 2.456 2.051 2.897 4.046 4.087 2.473 3.072 3.965 3.705 4.315 4.934 4.968 3.916 3.751 4.140 5.448 5.548 4.867 3.291 4.149 5.177 5.424 5.579 3.375 3.497 3.985 5.231 5.661 05/02/2015
2.321 2.519 1.764 2.582 3.731 2.547 2.544 1.796 1.652 2.160 5.695 3.180 2.233 2.257 2.153 5.423 7.212 6.106 6.107 2.636 9.788 7.230 9.282 6.059 10.081 12.975 13.786 13.311 11.989 10.088 06/02/2015
4.885 5.438 4.161 2.879 4.224 5.483 5.442 4.195 6.026 8.013 7.599 7.195 7.431 7.493 7.618 7.280 7.004 9.150 9.346 9.449 6.287 7.021 8.294 9.112 7.870 2.501 3.529 4.091 5.932 7.987 07/02/2015
6.039 7.602 5.348 8.757 5.905 7.069 7.107 4.899 10.170 8.660 11.196 10.106 10.458 10.401 9.167 10.460 9.441 13.046 13.327 10.529 11.116 9.463 12.975 12.932 14.980 11.722 8.989 11.870 11.705 15.428 08/02/2015
0.000 0.000 0.000 0.000 0.000 0.000 0.000 0.000 0.000 0.000 0.000 0.000 0.000 0.000 0.000 0.000 0.000 0.000 0.000 0.000 0.000 0.000 0.000 0.000 0.000 0.000 0.000 0.002 0.000 0.000 09/02/2015
14.431 16.482 16.564 12.749 14.377 16.679 13.952 16.689 14.003 14.910 16.323 15.183 16.004 16.150 14.792 15.472 13.574 15.241 15.404 15.797 12.631 13.606 15.380 15.172 18.615 11.607 13.085 14.396 16.794 18.917 10/02/2015
12.441 9.718 10.107 9.556 11.310 9.831 9.923 10.186 7.049 7.433 4.048 4.878 7.651 7.683 7.225 3.983 2.889 4.518 4.598 5.325 2.846 2.868 3.957 4.498 3.512 3.168 2.480 3.031 3.712 3.636 11/02/2015
3.157 3.549 3.559 3.978 4.446 3.606 3.648 3.653 3.294 3.697 1.163 1.123 1.201 1.238 3.667 1.409 1.329 1.801 1.794 2.253 2.151 1.331 1.651 1.793 1.868 2.741 2.113 2.731 1.334 1.998 12/02/2015
0.000 0.000 0.000 0.000 0.000 0.000 0.000 0.000 0.000 0.000 0.000 0.075 0.000 0.000 0.000 0.000 0.000 0.000 0.000 0.000 0.000 0.000 0.000 0.000 0.000 0.000 0.000 0.000 0.000 0.000 13/02/2015
3.115 4.076 3.509 1.705 2.014 4.207 4.251 3.622 1.531 1.781 4.498 4.462 3.686 3.688 1.744 4.383 3.320 2.787 2.965 1.415 4.897 3.327 4.303 2.774 1.137 4.873 2.790 3.765 2.289 1.160 14/02/2015
12.350 13.501 16.995 19.843 23.480 13.671 13.800 17.122 26.334 29.920 12.869 13.352 19.749 19.985 29.665 12.222 13.435 24.629 24.903 31.544 11.635 13.467 15.227 24.515 38.081 12.123 18.785 21.967 30.624 38.534 15/02/2015
8.172 7.668 7.809 6.748 8.106 7.764 7.887 7.870 6.598 6.780 5.567 5.413 7.775 7.921 6.739 5.830 3.016 4.690 4.877 4.505 2.853 3.009 4.068 4.670 2.767 2.346 1.505 1.698 1.360 3.004 16/02/2015
0.000 0.000 0.000 0.000 0.000 0.000 0.000 0.000 0.000 0.000 0.000 0.000 0.000 0.000 0.000 0.000 0.000 0.000 0.000 0.000 0.000 0.000 0.000 0.000 0.000 0.000 0.000 0.000 0.000 0.000 17/02/2015
0.000 0.000 0.000 0.000 0.000 0.000 0.000 0.000 0.000 0.000 0.000 0.000 0.000 0.000 0.000 0.000 0.000 0.000 0.000 0.000 0.000 0.000 0.000 0.000 0.000 0.114 0.000 0.000 0.000 0.000 18/02/2015
0.000 0.000 0.000 0.000 0.000 0.000 0.000 0.000 0.000 0.000 0.000 0.000 0.000 0.000 0.000 0.156 0.000 0.000 0.000 0.000 0.000 0.000 0.000 0.000 0.000 0.000 0.000 0.000 0.000 0.000 19/02/2015
1.794 5.009 4.503 2.507 3.150 5.090 5.116 4.567 2.916 3.366 8.740 7.783 5.605 5.652 3.392 8.160 4.677 4.208 4.223 2.670 6.052 4.688 5.497 4.197 1.247 3.043 2.218 2.789 2.447 1.369 20/02/2015
0.000 0.000 0.000 0.000 0.000 0.000 0.000 0.000 0.000 0.000 0.000 0.000 0.000 0.000 0.000 0.000 0.000 0.000 0.000 0.000 0.000 0.000 0.000 0.000 0.105 0.000 0.000 0.000 0.000 0.095 21/02/2015
1.892 1.790 1.692 1.199 0.913 1.832 1.841 1.705 1.504 0.851 3.192 2.656 1.886 1.916 0.871 3.086 2.080 2.856 3.040 2.680 3.949 2.082 3.809 2.844 3.116 4.290 2.375 4.217 3.943 3.299 22/02/2015
0.434 0.335 0.220 0.550 0.852 0.346 0.350 0.213 0.329 0.439 0.025 0.190 0.494 0.462 0.511 0.000 0.120 0.546 0.538 0.397 0.000 0.120 0.243 0.571 0.787 0.096 0.157 0.315 0.553 0.780 23/02/2015
0.000 0.000 0.000 0.000 0.000 0.000 0.000 0.000 0.000 0.000 0.000 0.106 0.000 0.000 0.000 0.000 0.000 0.000 0.000 0.000 0.000 0.000 0.000 0.000 0.000 0.000 0.000 0.000 0.000 0.000 24/02/2015
0.850 0.756 0.897 0.695 1.034 0.770 0.748 0.869 1.213 1.217 0.583 0.686 1.155 1.109 1.291 0.398 0.770 1.340 1.198 1.410 0.688 0.772 1.229 1.325 1.815 1.053 1.220 1.481 1.705 1.703 25/02/2015
2.833 3.082 2.325 2.348 3.522 3.131 3.156 2.332 3.550 4.467 3.553 3.332 3.680 3.715 4.428 3.622 4.298 5.337 5.416 4.006 4.069 4.308 5.344 5.316 4.860 4.064 4.353 5.324 5.244 4.925 26/02/2015
0.000 0.000 0.000 0.072 0.000 0.000 0.000 0.000 0.092 0.000 0.093 0.000 0.103 0.102 0.000 0.012 0.000 0.090 0.079 0.071 0.000 0.000 0.120 0.096 0.097 0.114 0.106 0.207 0.113 0.099 27/02/2015
0.000 0.000 0.000 0.000 0.000 0.000 0.000 0.000 0.000 0.000 0.000 0.000 0.000 0.000 0.000 0.000 0.000 0.000 0.000 0.000 0.000 0.000 0.000 0.000 0.000 0.000 0.000 0.000 0.000 0.000 28/02/2015
0.000 0.000 7.074 1.284 1.902 0.000 0.000 7.121 1.251 1.674 0.000 8.909 7.489 1.361 1.658 3.440 8.045 1.586 1.604 1.455 3.379 8.064 1.804 8.658 1.363 3.732 7.479 8.796 8.656 1.354 01/03/2015
8.493 8.331 9.376 8.715 13.108 8.436 8.521 9.457 11.511 11.285 9.981 10.393 11.461 11.568 11.189 8.874 12.513 12.387 12.519 12.274 11.501 12.542 14.311 12.333 12.116 12.393 13.268 14.721 14.282 12.899 02/03/2015
0.909 1.114 1.243 2.044 2.087 1.124 1.134 1.262 2.358 2.566 2.412 2.191 2.155 2.129 2.555 2.588 2.983 3.627 3.664 3.724 3.192 2.990 3.578 3.615 3.973 3.857 4.070 4.302 4.698 4.017 03/03/2015
1.222 0.979 0.748 2.417 2.506 0.970 1.011 0.764 2.042 2.151 0.945 0.754 1.401 1.493 2.132 1.044 1.727 1.208 1.197 0.826 1.491 1.726 2.059 1.204 0.891 2.061 1.686 1.926 0.877 0.927 04/03/2015
2.959 3.331 3.183 3.023 3.189 3.376 3.412 3.229 3.449 3.633 2.907 3.634 3.448 3.474 3.604 2.987 1.823 3.283 3.319 2.414 0.922 1.827 2.165 3.268 1.800 0.493 1.016 1.224 1.187 1.829 05/03/2015
2.034 3.350 2.839 3.496 4.239 3.394 3.430 2.881 4.476 5.086 3.655 4.299 5.111 5.159 5.022 3.446 4.552 5.301 5.350 4.835 3.807 4.563 4.965 5.281 4.499 2.909 2.657 3.142 3.657 4.554 06/03/2015
0.000 0.000 0.000 0.000 0.000 0.000 0.000 0.000 0.000 0.000 0.000 0.000 0.000 0.000 0.000 0.000 0.000 0.000 0.000 0.000 0.000 0.000 0.000 0.000 0.000 0.000 0.000 0.000 0.000 0.000 07/03/2015
0.000 0.056 0.000 0.000 0.000 0.000 0.000 0.000 0.000 0.000 0.000 0.000 0.000 0.000 0.000 0.000 0.000 0.000 0.000 0.000 0.000 0.000 0.000 0.000 0.000 0.000 0.000 0.000 0.000 0.000 08/03/2015
0.000 0.000 0.000 0.000 0.000 0.000 0.000 0.000 0.000 0.000 0.000 0.000 0.000 0.000 0.000 0.000 0.000 0.000 0.000 0.000 0.000 0.000 0.000 0.000 0.000 0.000 0.000 0.000 0.000 0.000 09/03/2015
0.000 0.000 0.000 0.000 0.000 0.000 0.000 0.000 0.000 0.000 0.000 0.000 0.000 0.000 0.000 0.000 0.000 0.000 0.000 0.000 0.000 0.000 0.000 0.000 0.000 0.000 0.036 0.000 0.000 0.000 10/03/2015
0.000 0.000 0.000 0.000 0.000 0.000 0.000 0.000 0.000 0.000 0.000 0.000 0.000 0.000 0.000 0.000 0.000 0.000 0.000 0.000 0.000 0.000 0.000 0.000 0.000 0.000 0.000 0.000 0.000 0.000 11/03/2015
0.000 0.000 0.000 0.000 0.000 0.000 0.000 0.000 0.000 0.000 0.000 0.000 0.000 0.000 0.000 0.000 0.000 0.000 0.000 0.000 0.000 0.000 0.000 0.000 0.000 0.000 0.000 0.000 0.000 0.000 12/03/2015
0.122 0.000 0.000 0.000 0.000 0.000 0.000 0.000 0.000 0.000 0.000 0.000 0.000 0.000 0.000 0.000 0.000 0.000 0.000 0.000 0.000 0.000 0.000 0.000 0.000 0.000 0.000 0.000 0.000 0.000 13/03/2015
0.000 0.000 0.000 0.000 0.000 0.000 0.000 0.000 0.000 0.000 0.000 0.000 0.000 0.000 0.000 0.000 0.000 0.000 0.000 0.000 0.000 0.000 0.000 0.000 0.000 0.000 0.000 0.000 0.000 0.000 14/03/2015
11.138 11.829 12.412 9.798 10.451 11.966 12.077 12.505 10.717 11.397 7.310 12.083 13.716 13.843 11.304 7.676 13.295 13.171 13.312 10.940 9.658 13.326 14.504 13.112 10.276 12.418 12.475 13.726 11.998 10.438 15/03/2015
1.568 2.374 3.504 3.051 3.303 2.466 2.491 3.532 4.121 3.495 1.109 2.845 5.350 5.374 3.465 1.115 3.718 5.555 5.574 3.994 1.561 3.727 4.687 5.533 3.132 2.864 4.957 5.906 5.582 3.203 16/03/2015
7.265 7.604 11.290 16.627 20.836 7.644 7.598 11.370 25.439 22.345 5.503 7.775 14.419 14.551 22.154 5.779 10.153 17.473 17.657 26.567 6.253 10.175 11.326 17.397 28.544 6.823 11.287 12.481 20.061 28.990 17/03/2015
11.577 12.200 10.393 12.305 15.207 12.345 12.463 10.456 11.766 12.671 13.048 11.690 12.733 12.852 12.570 12.800 14.105 13.778 13.929 12.698 12.748 14.138 15.074 13.715 14.593 14.348 15.905 16.229 14.239 14.819 18/03/2015
0.000 0.000 0.101 0.122 0.100 0.000 0.000 0.099 0.000 0.000 0.000 0.000 0.000 0.000 0.000 0.000 0.000 0.000 0.000 0.000 0.000 0.000 0.000 0.000 0.000 0.000 0.000 0.000 0.000 0.000 19/03/2015
0.000 0.000 0.000 0.000 0.000 0.000 0.000 0.000 0.000 0.000 0.000 0.000 0.000 0.000 0.000 0.000 0.000 0.000 0.000 0.000 0.000 0.000 0.000 0.000 0.000 0.000 0.000 0.000 0.000 0.000 20/03/2015
0.000 0.000 0.000 0.000 0.000 0.000 0.000 0.000 0.000 0.000 0.187 0.000 0.000 0.000 0.000 0.290 0.000 0.000 0.000 0.000 0.120 0.000 0.000 0.000 0.062 0.137 0.137 0.225 0.017 0.061 21/03/2015
0.102 0.929 0.319 1.194 1.355 0.921 0.921 0.325 1.871 2.038 4.078 2.303 1.765 1.781 2.019 3.988 4.635 5.143 5.201 4.356 5.746 4.646 5.059 5.118 7.825 8.826 8.770 9.558 8.676 7.877 22/03/2015
2.262 7.476 5.664 6.763 8.132 7.572 7.649 5.710 5.924 6.445 12.409 8.106 6.541 6.602 6.390 11.029 6.165 5.358 5.404 3.809 7.641 6.179 6.703 5.339 3.036 5.739 4.954 5.386 4.129 3.113 23/03/2015
0.126 0.252 0.129 0.000 0.000 0.254 0.258 0.129 0.100 0.100 0.291 0.529 0.516 0.519 0.100 0.416 0.313 0.507 0.495 0.429 0.361 0.316 0.472 0.507 0.198 0.240 0.139 0.230 0.331 0.203 24/03/2015
0.000 0.000 0.000 0.000 0.000 0.000 0.000 0.000 0.000 0.000 0.000 0.000 0.000 0.000 0.000 0.000 0.000 0.000 0.000 0.000 0.000 0.000 0.000 0.000 0.000 0.000 0.000 0.000 0.000 0.000 25/03/2015
1.075 1.081 0.397 0.104 0.000 1.107 1.120 0.408 0.048 0.053 1.155 0.612 0.433 0.420 0.057 1.340 0.480 0.414 0.388 0.138 0.949 0.480 0.581 0.414 0.210 0.605 0.520 0.658 0.504 0.216 26/03/2015
2.680 2.143 0.990 1.288 1.458 2.167 2.168 1.000 1.534 1.704 0.102 2.308 1.329 1.329 1.717 0.138 1.932 1.858 1.877 1.041 1.169 1.937 2.268 1.849 1.697 3.570 2.367 2.734 1.828 1.731 27/03/2015
0.000 0.000 0.000 0.000 0.000 0.000 0.000 0.000 0.000 0.000 0.000 0.000 0.000 0.000 0.000 0.000 0.000 0.000 0.000 0.000 0.000 0.000 0.000 0.000 0.000 0.000 0.000 0.000 0.000 0.000 28/03/2015
1.475 2.072 0.886 0.895 0.990 2.093 2.107 0.909 0.372 0.422 2.301 2.340 1.026 1.001 0.378 2.480 1.755 1.085 1.072 0.185 2.353 1.757 2.100 1.093 0.231 1.472 1.250 1.521 1.155 0.239 29/03/2015
0.000 0.000 0.000 0.000 0.000 0.000 0.000 0.000 0.000 0.000 0.000 0.000 0.000 0.000 0.000 0.000 0.000 0.000 0.000 0.000 0.000 0.000 0.000 0.000 0.000 0.000 0.000 0.000 0.000 0.000 30/03/2015
0.000 0.104 0.101 0.000 0.000 0.104 0.104 0.099 0.000 0.000 0.218 0.105 0.000 0.000 0.000 0.304 0.000 0.000 0.000 0.000 0.163 0.000 0.000 0.000 0.000 0.000 0.000 0.000 0.000 0.000 31/03/2015
1.482 1.168 1.285 1.648 1.613 1.176 1.181 1.298 0.738 0.850 0.845 0.435 0.675 0.666 0.857 0.987 0.550 0.520 0.507 0.572 0.832 0.551 0.672 0.519 0.668 0.800 0.356 0.497 0.734 0.640 01/04/2015
1.662 0.963 0.962 1.098 1.282 0.951 0.960 0.960 1.397 1.567 1.077 0.754 1.074 1.050 1.556 1.178 1.338 1.606 1.612 2.167 1.469 1.341 1.681 1.599 2.399 2.705 2.114 2.395 2.245 2.395 02/04/2015
2.638 5.481 10.705 13.091 15.896 5.561 5.614 10.790 17.297 17.693 5.355 11.107 17.570 17.722 17.544 5.928 16.113 23.145 23.400 18.928 9.071 16.151 16.817 23.039 18.418 14.286 20.659 22.512 21.838 18.695 03/04/2015
5.264 4.647 5.249 6.520 7.851 4.757 4.806 5.284 7.322 7.738 4.431 4.368 5.469 5.513 7.678 4.454 4.658 6.091 6.158 6.300 3.994 4.669 5.083 6.064 6.149 5.283 5.683 5.921 5.883 6.243 04/04/2015
7.606 13.153 13.171 9.805 13.250 13.314 13.445 13.273 14.241 15.788 11.231 12.603 16.306 16.447 15.656 9.844 8.296 13.322 13.470 17.323 6.702 8.275 9.146 13.261 17.095 5.752 8.186 8.984 11.243 17.346 05/04/2015
0.568 0.739 0.233 0.115 0.100 0.748 0.755 0.232 0.086 0.091 0.198 0.157 0.165 0.167 0.091 0.298 0.132 0.260 0.255 0.233 0.163 0.132 0.213 0.261 0.394 0.127 0.134 0.217 0.303 0.367 06/04/2015
1.768 2.277 1.870 1.514 1.162 2.306 2.330 1.884 1.447 1.655 3.969 3.708 2.768 2.786 1.640 3.584 6.477 4.857 4.911 3.807 5.978 6.490 6.516 4.835 6.712 7.573 8.837 9.351 9.272 6.813 07/04/2015
0.000 0.000 0.000 0.000 0.000 0.000 0.000 0.000 0.000 0.000 0.000 0.000 0.000 0.000 0.000 0.000 0.000 0.000 0.000 0.000 0.000 0.000 0.000 0.000 0.000 0.000 0.000 0.000 0.000 0.000 08/04/2015
3.363 2.213 2.161 1.854 1.765 2.241 2.264 2.176 1.289 1.499 2.049 1.503 1.269 1.245 1.468 1.795 1.053 1.042 1.051 1.458 1.332 1.054 1.315 1.044 1.587 1.355 1.106 1.470 1.104 1.604 09/04/2015
0.000 0.000 0.000 0.101 0.000 0.000 0.000 0.000 0.439 0.402 0.000 0.000 0.000 0.000 0.399 0.000 0.000 0.823 0.832 0.971 0.000 0.000 0.000 0.819 1.779 0.160 0.120 0.178 0.405 1.802 10/04/2015
0.788 0.425 0.984 2.443 2.483 0.428 0.426 0.993 3.942 4.842 0.105 0.534 2.180 2.141 4.747 0.148 1.715 3.710 3.750 6.281 0.440 1.712 2.028 3.695 8.654 2.005 3.455 3.757 6.004 8.643 11/04/2015
0.132 0.222 0.148 0.115 0.100 0.222 0.220 0.147 0.188 0.127 0.000 0.000 0.000 0.000 0.132 0.000 0.000 0.000 0.000 0.000 0.000 0.000 0.000 0.000 0.839 0.000 0.000 0.000 0.000 0.844 12/04/2015
1.075 2.099 1.796 0.863 0.501 2.121 2.139 1.810 0.863 0.894 3.101 2.644 1.644 1.656 0.887 2.766 2.095 1.331 1.343 0.654 3.303 2.099 2.484 1.325 0.319 3.071 1.684 1.989 0.911 0.319 13/04/2015
1.575 2.295 3.226 4.694 5.773 2.324 2.348 3.251 7.159 8.681 1.861 2.909 5.059 5.105 8.614 1.648 3.187 5.582 5.643 6.358 1.635 3.194 3.486 5.557 6.176 1.791 3.806 4.198 5.141 6.273 14/04/2015
9.818 11.045 12.553 13.188 15.957 11.185 11.299 12.653 12.702 14.664 11.731 12.376 13.689 13.814 14.540 10.182 14.201 13.269 13.417 11.523 11.798 14.233 14.244 13.208 10.711 12.754 14.968 14.462 12.480 10.872 15/04/2015
1.728 1.268 1.676 1.961 1.875 1.284 1.298 1.689 1.167 1.389 1.288 0.869 0.878 0.885 1.373 1.225 0.605 1.098 1.092 1.272 1.129 0.607 0.847 1.097 1.620 1.469 1.172 1.514 1.328 1.642 16/04/2015
4.872 6.442 5.184 6.564 8.081 6.523 6.587 5.222 5.130 5.902 9.473 8.193 6.613 6.670 5.852 8.467 9.266 7.990 8.073 5.302 8.314 9.288 10.448 7.956 7.128 8.104 9.697 11.143 9.919 7.240 17/04/2015
0.000 0.000 0.000 0.000 0.000 0.000 0.000 0.000 0.000 0.000 0.000 0.000 0.000 0.000 0.000 0.000 0.000 0.000 0.000 0.000 0.000 0.000 0.114 0.000 0.000 0.641 0.275 0.423 0.000 0.000 18/04/2015
6.290 5.613 5.851 6.170 7.543 5.677 5.733 5.889 5.642 6.480 5.572 5.834 6.181 6.237 6.425 5.422 5.898 5.468 5.525 5.177 5.587 5.911 6.323 5.444 4.076 4.609 4.618 4.950 4.780 4.139 19/04/2015
0.286 0.198 0.187 0.000 0.000 0.203 0.206 0.184 0.000 0.000 0.128 0.103 0.000 0.000 0.000 0.102 0.000 0.000 0.000 0.000 0.000 0.000 0.000 0.000 0.000 0.000 0.000 0.000 0.000 0.000 20/04/2015
0.000 0.000 0.108 0.103 0.000 0.000 0.000 0.108 0.197 0.120 0.108 0.107 0.110 0.110 0.122 0.000 0.000 0.000 0.000 0.182 0.126 0.000 0.115 0.000 0.150 0.000 0.000 0.000 0.000 0.150 21/04/2015
4.314 2.756 2.774 2.792 3.137 2.789 2.817 2.796 1.954 2.266 2.416 2.447 1.931 1.949 2.247 2.094 1.362 1.288 1.293 1.505 1.523 1.365 1.642 1.283 0.904 1.001 0.750 0.940 1.048 0.917 22/04/2015
4.940 5.114 2.757 2.103 2.268 5.172 5.219 2.779 1.375 1.577 3.880 3.290 2.321 2.342 1.552 3.501 0.000 0.303 0.306 0.000 0.000 0.000 0.000 0.300 0.000 0.000 0.000 0.000 0.000 0.000 23/04/2015
4.838 11.891 17.213 20.151 21.630 12.042 12.165 17.347 22.497 22.764 12.965 18.371 20.621 20.808 22.572 11.996 22.612 29.420 29.693 33.120 18.591 22.664 25.235 29.306 30.138 22.995 27.839 30.165 31.058 30.525 24/04/2015
18.922 17.655 12.771 8.108 10.639 17.873 18.051 12.872 10.254 11.433 20.193 16.662 12.449 12.564 11.366 19.348 11.923 10.662 10.776 10.046 11.893 11.948 12.035 10.615 9.508 9.661 10.187 10.494 10.884 9.651 25/04/2015
5.585 5.203 4.633 4.198 5.045 5.324 5.367 4.672 3.690 4.336 3.665 2.439 3.998 4.030 4.302 3.469 1.397 2.684 2.714 3.612 1.187 1.400 1.768 2.676 3.535 1.516 1.666 1.891 2.337 3.580 26/04/2015
14.995 16.966 18.486 19.416 20.977 17.176 17.348 18.629 17.729 18.405 22.253 19.093 19.495 19.669 18.251 20.883 18.770 17.534 17.716 14.794 18.820 18.813 20.084 17.459 11.990 18.763 16.401 17.084 13.023 12.176 27/04/2015
0.000 0.000 0.110 1.891 1.806 0.000 0.000 0.111 3.126 3.772 0.000 0.109 4.651 4.694 3.740 0.000 0.000 1.924 1.945 2.915 0.000 0.000 0.000 1.915 0.000 0.000 0.000 0.000 0.000 0.000 28/04/2015
2.919 1.520 1.922 4.648 5.742 1.539 1.555 1.936 3.931 4.845 0.292 0.674 2.017 2.031 4.806 0.284 0.355 1.191 1.182 2.549 0.728 0.355 0.490 1.188 1.508 1.037 0.993 1.197 0.906 1.495 29/04/2015
1.768 1.710 1.910 3.754 4.880 1.732 1.749 1.924 3.819 4.731 1.508 1.488 1.609 1.622 4.692 1.336 0.990 0.979 0.988 1.081 0.881 0.991 1.202 0.977 0.520 0.702 0.199 0.302 0.259 0.542 30/04/2015
0.000 0.000 0.100 0.000 0.000 0.000 0.000 0.100 0.000 0.000 0.000 0.000 0.000 0.000 0.000 0.000 0.000 0.000 0.000 0.000 0.000 0.000 0.000 0.000 0.000 0.000 0.000 0.000 0.000 0.000 01/05/2015
0.000 0.000 0.000 0.000 0.000 0.000 0.000 0.000 0.000 0.000 0.000 0.000 0.000 0.000 0.000 0.000 0.000 0.000 0.000 0.000 0.000 0.000 0.000 0.000 0.000 0.000 0.000 0.000 0.000 0.000 02/05/2015
0.000 0.000 0.000 0.000 0.000 0.000 0.000 0.000 0.000 0.000 0.000 0.000 0.000 0.000 0.000 0.000 0.000 0.000 0.000 0.000 0.000 0.000 0.000 0.000 0.000 0.000 0.000 0.000 0.000 0.000 03/05/2015
0.000 0.000 0.000 0.000 0.000 0.000 0.000 0.000 0.000 0.000 0.101 0.000 0.000 0.000 0.000 0.120 0.157 0.186 0.179 0.000 0.324 0.162 0.249 0.188 0.114 0.316 0.124 0.214 0.148 0.115 04/05/2015
1.433 0.743 0.322 1.645 1.611 0.752 0.759 0.328 0.258 0.268 0.181 0.187 0.646 0.628 0.251 0.286 0.133 0.462 0.452 0.145 0.194 0.133 0.217 0.463 0.434 0.201 0.000 0.136 0.204 0.415 05/05/2015
0.000 0.000 0.000 0.000 0.000 0.000 0.000 0.000 0.000 0.000 0.000 0.000 0.000 0.000 0.000 0.000 0.000 0.000 0.000 0.000 0.000 0.000 0.000 0.000 0.000 0.000 0.000 0.000 0.000 0.000 06/05/2015
0.000 0.000 0.000 0.000 0.000 0.000 0.000 0.000 0.000 0.000 0.000 0.000 0.000 0.000 0.000 0.000 0.000 0.000 0.000 0.000 0.000 0.000 0.000 0.000 0.000 0.000 0.000 0.000 0.000 0.000 07/05/2015
0.000 0.000 0.000 0.000 0.000 0.000 0.000 0.000 0.000 0.000 0.000 0.000 0.000 0.000 0.000 0.000 0.000 0.000 0.000 0.000 0.000 0.000 0.000 0.000 0.000 0.000 0.000 0.000 0.000 0.000 08/05/2015
0.000 0.000 0.000 0.000 0.000 0.000 0.000 0.000 0.000 0.000 0.000 0.000 0.000 0.000 0.000 0.000 0.000 0.000 0.000 0.000 0.000 0.000 0.000 0.000 0.000 0.000 0.000 0.000 0.000 0.000 09/05/2015
1.212 2.190 1.601 1.171 1.349 2.217 2.274 1.615 1.083 1.452 2.030 1.995 2.055 2.051 1.440 1.935 1.307 1.617 1.662 1.304 1.469 1.313 1.536 1.650 1.688 1.690 1.379 1.709 1.656 1.714 10/05/2015
1.253 1.346 1.398 1.357 1.709 1.364 1.377 1.409 1.053 1.426 1.414 1.024 1.505 1.527 1.414 1.387 1.365 2.147 2.165 1.334 1.254 1.368 1.668 2.150 2.154 1.515 1.745 2.203 2.095 2.256 11/05/2015
0.495 0.288 0.450 1.488 1.495 0.318 0.321 0.466 0.630 0.679 0.105 0.209 0.126 0.126 0.675 0.000 0.000 0.101 0.101 0.135 0.000 0.000 0.103 0.101 0.126 0.000 0.000 0.000 0.102 0.127 12/05/2015
0.000 0.000 0.000 0.000 0.000 0.000 0.000 0.000 0.000 0.000 0.000 0.000 0.000 0.000 0.000 0.000 0.000 0.000 0.000 0.000 0.000 0.000 0.000 0.000 0.000 0.000 0.000 0.000 0.000 0.000 13/05/2015
0.000 0.000 0.000 0.000 0.000 0.000 0.000 0.000 0.000 0.000 0.000 0.000 0.000 0.000 0.000 0.000 0.000 0.000 0.000 0.000 0.000 0.000 0.000 0.000 0.000 0.000 0.000 0.000 0.000 0.000 14/05/2015
0.000 0.000 0.000 0.000 0.000 0.000 0.000 0.000 0.000 0.000 0.000 0.000 0.000 0.000 0.000 0.000 0.000 0.000 0.000 0.000 0.000 0.000 0.000 0.000 0.000 0.000 0.000 0.000 0.000 0.000 15/05/2015
0.000 0.000 0.000 0.000 0.000 0.000 0.000 0.000 0.000 0.000 0.000 0.000 0.000 0.000 0.000 0.000 0.000 0.000 0.000 0.000 0.000 0.000 0.000 0.000 0.000 0.000 0.000 0.000 0.000 0.000 16/05/2015
0.000 0.000 0.000 0.000 0.000 0.000 0.000 0.000 0.000 0.000 0.000 0.000 0.000 0.000 0.000 0.000 0.000 0.000 0.000 0.000 0.000 0.000 0.000 0.000 0.000 0.000 0.000 0.000 0.000 0.000 17/05/2015
0.000 0.000 0.000 0.000 0.000 0.000 0.000 0.000 0.000 0.000 0.000 0.000 0.000 0.000 0.000 0.000 0.000 0.000 0.000 0.000 0.000 0.000 0.000 0.000 0.000 0.000 0.000 0.000 0.000 0.000 18/05/2015
0.000 0.000 0.000 0.000 0.000 0.000 0.000 0.000 0.000 0.000 0.000 0.000 0.000 0.000 0.000 0.000 0.000 0.000 0.000 0.000 0.000 0.000 0.000 0.000 0.000 0.000 0.000 0.000 0.000 0.000 19/05/2015
0.000 0.056 0.000 0.000 0.000 0.000 0.000 0.000 0.000 0.000 0.000 0.000 0.000 0.000 0.000 0.000 0.000 0.000 0.000 0.000 0.000 0.000 0.000 0.000 0.000 0.000 0.000 0.000 0.000 0.000 20/05/2015
1.817 1.632 2.118 2.248 2.369 1.652 1.669 2.129 1.534 1.704 1.729 1.983 1.807 1.824 1.717 1.855 1.032 1.022 1.004 1.533 1.660 1.034 1.282 1.035 1.062 1.282 0.997 1.190 1.273 1.035 21/05/2015
0.000 0.000 0.000 0.000 0.000 0.000 0.000 0.000 0.000 0.000 0.067 0.000 0.000 0.000 0.000 0.000 0.000 0.000 0.000 0.000 0.000 0.000 0.000 0.000 0.000 0.000 0.000 0.000 0.000 0.000 22/05/2015
0.000 0.177 0.549 0.895 0.990 0.178 0.179 0.573 1.381 1.550 0.558 0.786 1.142 1.124 1.540 0.750 1.006 1.376 1.372 2.154 1.043 1.008 1.245 1.349 2.641 1.773 1.723 1.979 2.369 2.675 23/05/2015
0.000 0.000 0.000 0.000 0.000 0.000 0.000 0.000 0.000 0.000 0.000 0.000 0.000 0.000 0.000 0.000 0.000 0.000 0.000 0.000 0.000 0.000 0.000 0.000 0.000 0.000 0.000 0.000 0.000 0.000 24/05/2015
0.000 0.000 0.000 0.000 0.000 0.000 0.000 0.000 0.159 0.107 0.000 0.000 0.000 0.000 0.108 0.111 0.000 0.130 0.134 0.448 0.107 0.000 0.000 0.128 0.808 0.507 0.661 0.823 0.865 0.805 25/05/2015
0.000 0.000 0.000 0.000 0.000 0.000 0.000 0.000 0.000 0.000 0.000 0.000 0.000 0.000 0.000 0.000 0.000 0.000 0.000 0.000 0.000 0.000 0.000 0.000 0.000 0.000 0.000 0.000 0.000 0.000 26/05/2015
0.354 0.150 0.316 0.727 0.711 0.147 0.153 0.323 0.205 0.142 0.102 0.000 0.000 0.000 0.150 0.133 0.000 0.000 0.000 0.138 0.000 0.000 0.000 0.000 0.198 0.000 0.000 0.000 0.000 0.203 27/05/2015
4.879 3.624 2.933 2.812 2.965 3.670 3.691 2.997 1.233 1.434 3.280 2.287 2.258 2.225 1.418 3.173 1.657 1.568 1.567 0.731 1.149 1.655 1.879 1.552 0.808 1.258 1.415 1.732 0.720 0.805 28/05/2015
12.827 10.206 10.372 12.028 15.113 10.333 10.437 10.453 13.602 16.177 9.425 7.823 11.973 12.083 16.043 9.423 9.637 12.443 12.581 13.702 7.107 9.660 10.655 12.230 17.002 8.552 10.471 11.591 14.502 17.270 29/05/2015
4.532 3.927 2.921 2.269 2.618 4.031 4.066 2.942 2.623 3.051 2.977 2.785 3.205 3.234 3.027 2.553 1.861 3.936 3.980 3.306 1.520 1.865 2.347 3.957 3.063 1.515 2.637 3.280 3.984 3.110 30/05/2015
0.000 0.000 0.000 0.000 0.000 0.000 0.000 0.000 0.000 0.000 0.000 0.000 0.000 0.000 0.000 0.000 0.000 0.000 0.000 0.000 0.000 0.000 0.000 0.000 0.000 0.000 0.000 0.000 0.000 0.000 31/05/2015
0.000 0.000 0.000 0.000 0.000 0.000 0.000 0.000 0.000 0.000 0.000 0.000 0.000 0.000 0.000 0.000 0.000 0.000 0.000 0.000 0.000 0.000 0.000 0.000 0.000 0.000 0.000 0.000 0.000 0.000 01/06/2015
1.764 2.772 4.232 5.459 5.424 2.807 2.835 4.262 4.858 5.458 1.220 2.441 4.963 5.001 5.412 0.992 2.593 4.255 4.301 3.906 0.981 2.598 3.007 4.236 3.081 1.500 2.296 2.591 3.581 3.127 02/06/2015
1.873 1.720 1.324 0.535 0.508 1.742 1.759 1.334 0.146 0.165 1.753 1.220 0.563 0.568 0.164 1.563 0.502 0.272 0.279 0.100 1.096 0.504 0.647 0.270 0.702 1.096 0.759 0.850 0.673 0.706 03/06/2015
0.000 0.000 0.000 0.000 0.000 0.000 0.000 0.000 0.000 0.000 0.000 0.000 0.000 0.000 0.000 0.000 0.000 0.000 0.000 0.000 0.000 0.000 0.000 0.000 0.000 0.000 0.000 0.000 0.000 0.000 04/06/2015
0.000 0.000 0.000 0.000 0.000 0.000 0.000 0.000 0.000 0.000 0.000 0.000 0.000 0.000 0.000 0.000 0.000 0.000 0.000 0.000 0.000 0.000 0.000 0.000 0.000 0.000 0.000 0.000 0.000 0.000 05/06/2015
5.207 4.204 2.619 1.814 2.434 4.258 4.301 2.639 2.750 3.041 0.298 7.251 3.652 3.684 3.016 0.245 1.484 8.276 8.367 1.785 0.000 1.486 1.453 8.238 7.602 0.441 1.031 1.104 7.342 7.716 06/06/2015
0.926 0.822 0.895 1.465 1.902 0.832 0.839 0.900 0.510 0.704 1.082 1.197 0.711 0.716 0.698 0.886 0.315 0.420 0.425 0.102 1.336 0.315 0.494 0.418 0.000 0.360 0.480 0.688 0.219 0.000 07/06/2015
1.074 0.770 1.101 0.678 0.979 0.776 0.781 1.109 0.139 0.146 0.583 0.528 0.382 0.387 0.145 0.402 0.133 0.102 0.103 0.224 0.304 0.134 0.179 0.102 0.462 0.271 0.305 0.480 0.293 0.466 08/06/2015
1.734 1.520 1.223 0.795 1.038 1.541 1.556 1.230 0.412 0.578 2.130 1.700 0.942 0.951 0.570 1.881 1.083 0.674 0.681 0.362 2.234 1.086 1.148 0.672 0.165 0.945 0.466 0.665 0.299 0.166 09/06/2015
0.000 0.000 0.000 0.000 0.104 0.000 0.000 0.000 0.000 0.000 0.000 0.000 0.000 0.000 0.000 0.000 0.000 0.000 0.000 0.000 0.000 0.000 0.000 0.000 0.000 0.000 0.000 0.000 0.000 0.000 10/06/2015
1.051 0.134 0.184 1.444 1.863 0.138 0.142 0.187 0.707 0.963 0.000 0.000 0.173 0.173 0.958 0.100 0.000 0.100 0.100 0.000 0.000 0.000 0.000 0.100 0.000 0.000 0.000 0.000 0.000 0.000 11/06/2015
0.000 0.000 0.000 0.000 0.000 0.000 0.000 0.000 0.000 0.000 0.000 0.000 0.000 0.000 0.000 0.000 0.000 0.000 0.000 0.000 0.000 0.000 0.000 0.000 0.000 0.000 0.000 0.000 0.000 0.000 12/06/2015
3.742 3.784 4.284 4.272 4.254 3.833 3.872 4.319 3.390 4.293 4.969 4.253 3.927 3.962 4.257 4.776 4.742 3.864 3.906 3.949 5.019 4.753 4.887 3.846 2.974 4.991 4.412 4.153 3.649 3.021 13/06/2015
3.632 3.145 3.246 3.816 3.808 3.185 3.218 3.272 3.082 4.047 4.464 3.819 3.251 3.281 4.013 4.411 3.507 2.185 2.209 2.191 3.889 3.514 3.380 2.175 1.618 3.313 2.048 2.095 1.695 1.642 14/06/2015
0.000 0.000 0.000 0.000 0.000 0.000 0.000 0.000 0.000 0.000 0.000 0.000 0.000 0.000 0.000 0.000 0.000 0.000 0.000 0.000 0.000 0.000 0.000 0.000 0.000 0.000 0.000 0.000 0.000 0.000 15/06/2015
0.000 0.000 0.000 0.000 0.000 0.000 0.000 0.000 0.000 0.000 0.000 0.000 0.000 0.000 0.000 0.000 0.000 0.000 0.000 0.000 0.000 0.000 0.000 0.000 0.000 0.000 0.000 0.000 0.000 0.000 16/06/2015
0.000 0.000 0.000 0.000 0.000 0.000 0.000 0.000 0.000 0.000 0.000 0.000 0.000 0.000 0.000 0.000 0.000 0.000 0.000 0.000 0.000 0.000 0.000 0.000 0.000 0.000 0.000 0.000 0.000 0.000 17/06/2015
0.000 0.000 0.000 0.000 0.000 0.000 0.000 0.000 0.000 0.000 0.000 0.000 0.000 0.000 0.000 0.000 0.000 0.000 0.000 0.000 0.000 0.000 0.000 0.000 0.000 0.000 0.000 0.000 0.000 0.000 18/06/2015
4.773 4.633 4.866 4.068 4.361 4.692 4.740 4.905 4.068 4.345 5.726 5.143 5.835 5.888 4.308 6.345 4.878 4.840 4.894 4.571 6.294 4.890 6.077 4.819 5.055 4.660 4.605 5.663 4.445 5.133 19/06/2015
0.000 0.000 0.000 0.000 0.000 0.000 0.000 0.000 0.299 0.417 0.000 0.000 0.169 0.170 0.412 0.000 0.395 0.817 0.820 0.843 0.248 0.396 0.580 0.815 1.866 0.830 1.153 1.179 1.399 1.894 20/06/2015
0.000 0.000 0.000 0.000 0.000 0.000 0.000 0.000 0.000 0.000 0.000 0.000 0.000 0.000 0.000 0.000 0.000 0.000 0.000 0.000 0.000 0.000 0.000 0.000 0.000 0.000 0.000 0.000 0.000 0.000 21/06/2015
0.000 0.000 0.000 0.000 0.000 0.000 0.000 0.000 0.000 0.000 0.000 0.000 0.000 0.000 0.000 0.000 0.000 0.000 0.000 0.000 0.000 0.000 0.000 0.000 0.000 0.000 0.000 0.000 0.000 0.000 22/06/2015
0.000 0.000 0.000 0.000 0.000 0.000 0.000 0.000 0.000 0.000 0.000 0.000 0.000 0.000 0.000 0.000 0.000 0.000 0.000 0.000 0.000 0.000 0.000 0.000 0.000 0.000 0.000 0.000 0.000 0.000 23/06/2015
0.000 0.000 0.000 0.000 0.000 0.000 0.000 0.000 0.000 0.000 0.000 0.000 0.000 0.000 0.000 0.000 0.000 0.000 0.000 0.000 0.000 0.000 0.000 0.000 0.000 0.000 0.000 0.000 0.000 0.000 24/06/2015
0.000 0.000 0.000 0.000 0.000 0.000 0.000 0.000 0.000 0.000 0.000 0.000 0.000 0.000 0.000 0.000 0.000 0.000 0.000 0.000 0.000 0.000 0.000 0.000 0.000 0.000 0.000 0.000 0.000 0.000 25/06/2015
0.000 0.000 0.000 0.000 0.000 0.000 0.000 0.000 0.000 0.000 0.000 0.000 0.000 0.000 0.000 0.000 0.000 0.000 0.000 0.000 0.000 0.000 0.000 0.000 0.000 0.000 0.000 0.000 0.000 0.000 26/06/2015
3.982 3.693 2.934 4.582 4.432 3.740 3.778 2.954 2.501 3.562 3.268 4.336 3.225 3.255 3.532 3.328 4.918 4.110 4.152 2.341 3.521 4.929 5.346 4.093 3.180 0.539 3.671 3.452 3.913 3.231 27/06/2015
5.490 6.286 5.942 6.530 6.321 6.365 6.429 5.989 5.430 6.123 6.063 4.104 2.784 2.810 6.071 5.226 0.838 0.000 0.000 0.000 6.799 0.839 1.146 0.000 0.000 6.038 8.669 11.454 1.898 0.000 28/06/2015
2.880 6.732 5.330 2.292 2.790 6.817 6.886 5.372 0.000 0.000 6.122 2.612 0.000 0.000 0.000 5.248 1.626 0.918 0.925 0.000 0.284 1.629 1.757 0.916 0.000 0.629 1.304 1.574 0.197 0.000 29/06/2015
5.929 5.065 1.753 1.197 1.059 5.117 5.161 1.767 1.648 2.243 7.555 5.052 4.109 4.145 2.225 6.932 4.415 4.385 4.429 1.383 5.891 4.427 4.863 4.367 2.273 6.157 4.232 4.649 4.224 2.307 30/06/2015
1.399 0.682 0.959 0.520 0.491 0.689 0.694 0.965 1.300 1.603 0.637 0.354 0.282 0.287 1.589 0.515 0.129 0.807 0.824 0.894 0.000 0.131 0.198 0.804 2.243 0.000 0.474 0.623 2.684 2.277 01/07/2015
73.882 77.213 51.352 22.972 24.383 77.504 77.742 51.536 18.224 20.044 38.735 27.226 27.200 27.453 19.873 37.853 22.145 21.363 21.598 16.850 21.823 22.199 25.150 21.265 16.876 20.627 21.813 24.478 20.237 17.136 02/07/2015
0.000 0.000 0.000 0.000 0.000 0.000 0.000 0.000 0.000 0.000 0.000 0.000 0.000 0.000 0.000 0.000 0.000 0.000 0.000 0.000 0.000 0.000 0.000 0.000 0.000 0.000 0.000 0.000 0.000 0.000 03/07/2015
0.100 0.545 0.111 0.000 0.000 0.552 0.555 0.111 0.000 0.000 0.473 0.000 0.000 0.000 0.000 0.376 0.000 0.225 0.227 0.000 0.390 0.000 0.000 0.224 0.487 0.000 0.000 0.000 0.000 0.492 04/07/2015
0.000 0.000 0.000 0.000 0.000 0.000 0.000 0.000 0.000 0.000 0.000 0.000 0.000 0.000 0.000 0.000 0.000 0.000 0.000 0.000 0.000 0.000 0.000 0.000 0.000 0.000 0.000 0.000 0.000 0.000 05/07/2015
0.000 0.134 0.141 0.000 0.000 0.136 0.137 0.142 0.611 0.788 0.000 0.453 0.000 0.000 0.785 0.000 0.000 0.201 0.203 0.877 0.000 0.000 0.000 0.201 1.968 0.446 0.798 1.038 1.081 1.999 06/07/2015
1.785 1.551 1.068 1.085 1.189 1.570 1.586 1.077 0.146 0.162 0.347 0.000 0.129 0.130 0.161 0.343 0.000 0.000 0.000 0.000 0.000 0.000 0.000 0.000 0.000 0.000 0.000 0.000 0.000 0.000 07/07/2015
0.000 0.000 0.000 0.000 0.000 0.000 0.000 0.000 0.000 0.000 0.000 0.000 0.000 0.000 0.000 0.000 0.000 0.000 0.000 0.000 0.000 0.000 0.000 0.000 0.000 0.000 0.000 0.000 0.000 0.000 08/07/2015
0.100 0.000 0.000 0.109 0.000 0.000 0.000 0.000 0.000 0.000 0.000 0.000 0.000 0.000 0.000 0.000 0.000 0.000 0.000 0.000 0.000 0.000 0.000 0.000 0.000 0.000 0.000 0.000 0.000 0.000 09/07/2015
0.000 0.000 0.000 0.000 0.000 0.000 0.000 0.000 0.000 0.000 0.000 0.000 0.000 0.000 0.000 0.000 0.000 0.000 0.000 0.000 0.000 0.000 0.000 0.000 0.000 0.000 0.000 0.000 0.000 0.000 10/07/2015
0.000 0.000 0.000 0.000 0.000 0.000 0.000 0.000 0.108 0.102 0.000 0.000 0.000 0.000 0.102 0.000 0.000 0.000 0.000 0.000 0.000 0.000 0.000 0.000 0.000 0.000 0.000 0.000 0.000 0.000 11/07/2015
0.000 0.000 0.000 0.000 0.000 0.000 0.000 0.000 0.000 0.000 0.000 0.000 0.000 0.000 0.000 0.000 0.000 0.000 0.000 0.000 0.000 0.000 0.000 0.000 0.000 0.000 0.000 0.000 0.000 0.000 12/07/2015
21.716 15.559 13.085 10.363 10.576 15.749 15.904 13.189 2.196 2.846 7.638 5.493 3.339 3.367 2.826 7.039 1.599 1.461 1.474 1.329 2.281 1.603 1.730 1.454 0.889 1.473 1.374 1.514 1.381 0.906 13/07/2015
0.000 0.000 0.000 0.000 0.000 0.000 0.000 0.000 0.000 0.000 0.000 0.000 0.000 0.000 0.000 0.000 0.000 0.000 0.000 0.000 0.000 0.000 0.000 0.000 0.000 0.000 0.000 0.000 0.000 0.000 14/07/2015
0.000 0.000 0.000 0.000 0.000 0.000 0.000 0.000 0.000 0.000 0.000 0.000 0.000 0.000 0.000 0.000 0.000 0.000 0.000 0.000 0.000 0.000 0.000 0.000 0.000 0.000 0.000 0.000 0.000 0.000 15/07/2015
0.887 1.073 0.765 0.317 0.258 1.086 1.097 0.768 0.426 0.507 1.532 1.388 0.836 0.855 0.500 1.269 1.949 1.690 1.708 1.764 2.818 1.951 2.178 1.682 4.135 4.418 3.700 4.155 4.121 4.199 16/07/2015
3.718 4.492 4.793 5.877 5.668 4.546 4.589 4.826 5.936 6.797 4.984 5.617 6.027 6.080 6.739 4.592 3.902 4.234 4.280 5.022 3.657 3.912 4.393 4.215 3.830 1.207 1.483 1.603 2.512 3.884 17/07/2015
2.188 4.504 4.326 3.953 3.909 4.558 4.602 4.356 6.066 6.972 6.017 6.342 6.270 6.332 6.915 5.599 4.735 5.700 5.759 6.195 3.151 4.747 5.145 5.676 5.184 1.473 2.010 2.321 3.764 5.256 18/07/2015
0.000 0.000 0.136 0.100 0.000 0.000 0.000 0.138 0.000 0.000 0.100 0.000 0.000 0.000 0.000 0.105 0.000 0.000 0.000 0.000 0.000 0.000 0.000 0.000 0.000 0.000 0.000 0.000 0.000 0.000 19/07/2015
0.491 0.000 0.179 0.100 0.000 0.000 0.000 0.181 0.000 0.000 0.000 0.000 0.000 0.000 0.000 0.000 0.000 0.000 0.000 0.000 0.000 0.000 0.000 0.000 0.000 0.000 0.000 0.000 0.000 0.000 20/07/2015
0.569 0.261 0.161 0.000 0.114 0.265 0.267 0.164 0.256 0.362 0.989 0.857 0.502 0.504 0.360 0.785 1.265 1.110 1.119 1.197 1.642 1.266 1.361 1.107 3.920 4.043 4.247 4.966 3.953 3.982 21/07/2015
0.000 0.109 0.250 0.128 0.190 0.111 0.113 0.252 0.320 0.453 0.390 0.591 0.684 0.689 0.446 0.304 0.632 0.555 0.560 0.730 0.710 0.633 0.904 0.553 0.514 0.279 0.296 0.471 0.293 0.519 22/07/2015
0.000 0.000 0.000 0.000 0.000 0.000 0.000 0.000 0.000 0.000 0.000 0.000 0.000 0.000 0.000 0.000 0.000 0.000 0.000 0.000 0.000 0.000 0.000 0.000 0.000 0.000 0.000 0.000 0.000 0.000 23/07/2015
1.517 0.902 1.408 1.083 1.294 0.911 0.917 1.419 0.163 0.214 0.781 0.733 0.447 0.450 0.214 0.555 0.109 0.000 0.000 0.114 0.279 0.109 0.152 0.000 0.000 0.104 0.000 0.100 0.000 0.000 24/07/2015
0.000 0.000 0.178 0.416 0.606 0.000 0.000 0.181 0.483 0.664 0.000 0.000 0.410 0.414 0.658 0.000 0.109 0.176 0.176 0.344 0.000 0.109 0.152 0.176 0.113 0.000 0.000 0.123 0.142 0.114 25/07/2015
0.939 0.908 1.467 1.549 1.967 0.916 0.923 1.479 1.407 2.015 1.170 1.301 1.295 1.307 2.002 0.965 1.175 1.110 1.119 1.257 1.149 1.178 1.209 1.107 0.860 0.478 0.429 0.618 0.688 0.871 26/07/2015
0.000 0.000 0.000 0.000 0.000 0.000 0.000 0.000 0.000 0.000 0.000 0.000 0.000 0.000 0.000 0.000 0.000 0.000 0.000 0.000 0.000 0.000 0.000 0.000 0.000 0.000 0.000 0.000 0.000 0.000 27/07/2015
0.000 0.000 0.000 0.000 0.000 0.000 0.000 0.000 0.000 0.000 0.000 0.000 0.000 0.000 0.000 0.000 0.000 0.000 0.000 0.000 0.000 0.000 0.000 0.000 0.000 0.000 0.000 0.000 0.000 0.000 28/07/2015
0.000 0.000 0.000 0.000 0.000 0.000 0.000 0.000 0.000 0.000 0.000 0.000 0.000 0.000 0.000 0.000 0.000 0.000 0.000 0.000 0.000 0.000 0.000 0.000 0.000 0.000 0.000 0.000 0.000 0.000 29/07/2015
0.000 0.000 0.000 0.000 0.000 0.000 0.000 0.000 0.000 0.000 0.000 0.000 0.000 0.000 0.000 0.000 0.000 1.429 1.443 1.281 0.000 0.000 0.000 1.423 2.082 0.304 1.308 1.466 1.975 2.113 30/07/2015
0.000 0.000 0.000 0.000 0.000 0.000 0.000 0.000 0.000 0.000 0.000 0.000 0.000 0.000 0.000 0.000 0.000 0.000 0.000 0.000 0.000 0.000 0.000 0.000 0.127 0.259 0.000 0.133 0.154 0.131 31/07/2015
