# 6448 6449 6450 6451 6452 6528 6529 6530 6531 6532 6610 6611 6612 6613 6614 6693 6694 6695 6696 6697 6776 6777 6778 6779 6780 6859 6860 6861 6862 6863 Date
24.652 24.612 24.325 23.486 22.895 24.393 24.257 24.227 23.518 23.205 24.668 24.304 23.364 23.229 23.348 24.011 23.810 23.488 23.341 23.545 23.970 23.772 23.247 23.552 23.851 24.005 23.883 23.457 23.634 23.659 01/08/1961
23.637 23.864 24.451 23.990 24.181 23.759 23.663 24.348 25.209 24.452 23.524 24.316 25.033 24.880 24.556 23.183 24.861 25.250 25.054 25.478 23.669 24.808 24.818 25.335 25.758 24.151 25.113 25.194 25.577 25.501 02/08/1961
25.130 25.354 25.875 25.741 25.818 25.173 25.055 25.817 26.155 25.961 25.135 25.581 25.882 25.865 25.965 26.177 25.760 25.913 25.877 25.980 26.522 25.755 25.625 25.927 25.760 26.886 25.504 25.091 25.907 25.797 03/08/1961
29.389 29.365 28.759 27.483 28.286 29.273 29.225 28.732 27.548 28.028 29.040 28.609 27.740 27.696 28.030 28.557 28.015 27.575 27.534 27.299 28.374 28.039 27.727 27.604 27.541 28.313 27.820 27.566 27.610 27.465 04/08/1961
26.760 26.340 26.161 25.752 25.260 26.231 26.194 26.105 25.492 24.992 26.242 26.065 25.605 25.589 25.030 26.272 26.250 25.653 25.605 25.488 26.266 26.270 25.791 25.676 25.698 26.305 26.417 25.865 25.969 25.666 05/08/1961
28.563 28.013 28.128 28.107 28.103 27.730 27.552 27.906 27.135 26.949 27.225 27.393 27.466 27.487 26.905 27.017 27.321 27.539 27.544 27.372 26.816 27.328 27.301 27.527 27.811 27.118 27.517 27.400 27.975 27.794 06/08/1961
27.476 27.030 26.906 26.074 25.340 26.787 26.600 26.758 26.019 25.322 26.475 26.575 25.660 25.560 25.361 26.280 25.800 25.479 25.385 26.290 26.407 25.800 25.564 25.518 26.263 26.257 25.825 25.594 25.707 26.113 07/08/1961
21.729 21.153 21.295 20.668 20.032 21.010 20.896 21.196 20.189 19.928 21.151 20.945 19.944 19.818 19.997 20.949 20.504 19.732 19.618 20.132 21.051 20.477 20.045 19.799 20.294 21.253 20.662 20.244 20.053 20.055 08/08/1961
18.480 18.370 18.393 17.935 17.843 18.228 18.089 18.298 17.992 17.744 18.220 18.220 18.113 18.001 17.820 18.184 18.413 18.113 17.983 18.061 18.246 18.396 18.050 18.171 18.373 18.382 18.589 18.343 18.396 18.252 09/08/1961
18.148 17.877 17.933 17.595 17.307 17.657 17.474 17.787 17.245 17.232 17.870 17.896 17.687 17.491 17.417 17.506 18.143 17.423 17.236 17.087 17.675 18.107 17.705 17.532 17.707 17.871 18.132 17.945 17.917 17.441 10/08/1961
15.020 14.792 14.941 14.886 14.897 14.593 14.414 14.819 15.063 14.814 14.820 14.845 15.123 14.933 14.968 15.134 15.264 14.862 14.644 14.714 15.328 15.235 14.857 14.963 15.103 15.368 15.379 15.164 15.132 14.794 11/08/1961
15.030 15.023 14.913 14.792 15.030 14.882 14.742 14.795 15.397 15.159 14.895 14.949 15.478 15.291 15.302 15.150 15.610 15.580 15.357 15.371 15.252 15.583 15.410 15.685 15.636 15.473 15.784 15.758 15.654 15.330 12/08/1961
18.244 18.121 18.160 17.459 17.931 17.987 17.915 18.085 18.004 17.954 17.921 17.973 18.059 17.897 18.093 17.959 18.131 17.968 17.822 17.810 18.009 18.097 17.981 18.062 17.910 18.209 18.161 18.166 18.151 17.632 13/08/1961
19.143 19.127 19.192 19.087 19.130 19.053 19.009 19.180 19.593 19.122 18.485 18.930 19.554 19.434 19.275 18.548 18.951 19.414 19.252 19.350 18.679 18.961 19.197 19.485 19.538 18.906 19.066 19.601 19.589 19.245 14/08/1961
21.313 21.061 20.882 20.934 21.752 21.082 21.104 20.895 21.411 21.693 21.182 20.889 21.459 21.461 21.785 20.877 21.645 21.336 21.323 21.334 20.696 21.641 21.409 21.325 21.191 20.508 21.584 21.287 21.226 21.187 15/08/1961
24.238 23.976 23.988 24.321 23.868 23.791 23.681 23.851 24.606 23.863 23.873 23.800 24.558 24.491 24.058 24.164 24.816 24.582 24.511 24.409 24.351 24.776 24.648 24.592 24.529 24.775 25.269 24.986 24.839 24.409 16/08/1961
25.396 25.262 25.186 23.858 25.166 25.179 25.137 25.143 25.221 25.379 25.177 25.132 25.409 25.440 25.441 25.459 26.351 25.426 25.450 25.461 25.424 26.331 25.424 25.396 25.535 25.587 26.500 25.415 25.549 25.527 17/08/1961
26.102 26.028 25.896 24.817 25.643 25.711 25.459 25.689 25.465 25.579 25.619 25.681 25.874 25.697 25.735 25.931 26.210 25.830 25.613 25.648 26.044 26.178 25.792 25.891 25.892 26.135 26.304 26.133 26.148 25.613 18/08/1961
20.220 19.760 19.822 19.295 19.710 19.609 19.532 19.733 19.765 19.518 19.231 19.655 19.893 19.780 19.629 19.354 20.002 19.534 19.414 19.441 19.476 19.985 19.383 19.571 19.363 19.843 20.006 19.498 19.493 19.172 19/08/1961
19.881 19.467 19.214 18.103 18.276 19.327 19.262 19.086 18.517 18.293 19.781 19.514 18.742 18.629 18.424 20.065 20.382 18.849 18.711 18.649 20.146 20.391 19.442 18.912 18.928 20.282 20.482 19.632 19.266 18.745 20/08/1961
19.814 19.412 19.577 18.413 18.518 19.204 19.100 19.504 18.456 18.226 18.755 19.390 19.165 19.030 18.299 18.942 19.624 18.813 18.667 18.435 18.952 19.594 18.937 18.863 18.224 19.164 19.327 18.750 18.598 18.076 21/08/1961
21.719 20.942 21.688 21.455 21.516 20.791 20.691 21.606 21.208 21.130 20.760 20.784 21.458 21.339 21.260 21.017 21.102 21.227 21.113 21.133 21.005 21.063 20.710 21.273 21.041 21.010 20.967 20.725 20.967 20.865 22/08/1961
21.299 21.077 21.333 20.558 20.748 20.911 20.805 21.224 20.950 20.307 20.172 20.158 20.783 20.671 20.393 20.167 20.151 20.111 19.918 20.285 19.925 20.124 20.011 20.181 20.251 19.889 20.140 20.176 20.135 20.018 23/08/1961
22.406 21.906 21.447 21.382 21.347 21.564 21.287 21.234 21.754 21.373 21.597 21.378 22.131 21.965 21.475 22.616 20.740 21.998 21.747 21.560 22.624 20.696 22.086 22.103 21.489 22.586 20.726 22.276 21.751 21.162 24/08/1961
21.601 21.323 21.223 20.847 20.639 21.130 20.993 21.095 21.263 20.706 21.058 20.818 21.225 21.024 20.907 21.343 20.819 21.154 20.858 20.863 21.506 20.782 21.137 21.254 21.060 21.300 20.869 21.476 21.275 20.637 25/08/1961
21.612 21.484 21.356 20.580 21.433 21.331 21.221 21.255 21.787 21.462 21.235 21.255 21.969 21.761 21.613 21.711 21.843 21.846 21.603 21.547 21.791 21.830 21.827 21.928 21.807 21.992 21.853 22.091 21.995 21.478 26/08/1961
18.753 18.649 18.101 17.907 18.024 18.477 18.322 18.016 18.331 18.118 18.707 18.513 18.581 18.453 18.241 19.179 19.341 18.716 18.543 18.042 19.144 19.321 18.926 18.785 18.251 19.103 19.407 19.128 18.720 18.028 27/08/1961
17.707 17.619 17.304 16.989 17.198 17.457 17.285 17.201 17.531 17.522 17.590 17.515 17.594 17.497 17.662 18.122 18.227 17.685 17.577 17.565 18.254 18.197 17.713 17.739 17.677 18.422 18.271 17.920 17.779 17.501 28/08/1961
17.138 16.959 16.800 16.820 16.634 16.779 16.640 16.693 17.033 16.784 17.020 16.813 17.078 16.957 16.908 17.563 17.559 16.967 16.835 16.842 17.514 17.550 16.959 17.044 16.940 17.446 17.503 17.142 17.050 16.747 29/08/1961
18.139 17.909 17.806 17.069 16.672 17.750 17.601 17.714 17.907 16.754 17.873 17.677 17.953 17.802 16.966 17.854 17.840 17.791 17.634 17.650 17.857 17.820 17.788 17.842 17.694 17.798 17.769 17.920 17.878 17.493 30/08/1961
19.625 19.588 19.490 18.744 18.770 19.451 19.304 19.398 19.409 18.972 19.638 19.515 19.433 19.342 19.056 20.065 19.743 19.428 19.320 19.333 20.069 19.732 19.536 19.462 19.473 20.171 19.797 19.697 19.650 19.286 31/08/1961
20.500 20.526 20.741 20.221 20.053 20.446 20.386 20.685 20.678 20.148 20.288 20.494 20.592 20.545 20.216 20.827 20.593 20.271 20.179 20.461 20.865 20.614 20.169 20.330 20.203 20.858 20.535 20.275 20.211 20.082 01/09/1961
20.682 20.846 21.123 20.845 20.980 20.788 20.734 21.049 21.432 21.257 20.668 21.093 21.399 21.307 21.350 21.414 21.835 21.511 21.420 21.689 21.451 21.825 21.109 21.562 21.884 21.395 21.927 21.350 21.684 21.727 02/09/1961
20.985 21.073 21.116 20.337 19.572 20.906 20.754 21.003 20.710 20.098 20.946 21.111 20.718 20.513 20.229 21.684 21.749 20.746 20.501 20.708 21.998 21.710 20.478 20.863 21.040 22.148 21.755 20.751 20.899 20.638 03/09/1961
21.185 21.169 21.419 21.046 20.960 21.023 20.924 21.325 21.427 21.104 21.066 21.177 21.503 21.420 21.186 21.035 21.125 21.465 21.372 21.268 21.244 21.099 21.381 21.514 21.473 21.446 21.305 21.606 21.623 21.263 04/09/1961
17.395 17.805 17.989 18.594 17.128 17.774 17.744 17.982 17.916 17.582 18.028 18.218 17.902 17.801 17.614 17.896 18.454 18.036 17.890 18.089 17.988 18.440 17.823 18.116 18.169 18.113 18.605 18.077 18.231 17.928 05/09/1961
17.492 17.349 17.360 17.220 16.713 17.165 16.992 17.250 16.867 16.742 17.173 17.222 16.860 16.784 16.816 17.411 17.127 16.881 16.758 16.797 17.123 17.090 16.817 16.927 16.845 17.123 16.916 16.725 16.971 16.688 06/09/1961
15.934 15.436 15.387 14.901 14.826 15.237 15.034 15.261 15.461 14.785 15.349 15.013 15.256 15.179 14.863 15.395 15.308 15.374 15.262 15.328 15.308 15.291 15.284 15.430 15.732 15.290 15.531 15.630 15.744 15.543 07/09/1961
18.841 18.498 18.599 18.659 18.657 18.346 18.249 18.503 19.153 18.624 18.523 18.326 19.150 18.978 18.742 19.221 18.889 19.168 18.928 18.936 19.169 18.871 19.123 19.233 19.101 19.264 19.034 19.483 19.414 18.837 08/09/1961
15.781 15.655 15.818 15.379 15.118 15.581 15.536 15.778 15.494 14.970 15.671 15.699 15.847 15.711 15.088 16.176 16.178 15.360 15.210 15.000 16.130 16.149 15.672 15.432 15.016 16.090 15.981 15.682 15.283 14.796 09/09/1961
13.627 13.388 13.271 12.441 12.368 13.206 13.045 13.151 12.825 12.362 13.158 13.321 13.024 12.869 12.488 13.500 13.418 12.818 12.648 12.599 13.476 13.386 12.928 12.910 12.571 13.640 13.391 13.133 13.009 12.306 10/09/1961
13.110 13.029 12.766 12.187 13.273 12.866 12.746 12.671 13.097 13.415 13.668 13.311 13.483 13.448 13.491 13.702 14.267 14.234 14.122 13.665 14.829 14.250 14.469 14.282 14.422 15.629 15.254 15.688 15.236 14.292 11/09/1961
14.809 14.797 14.611 15.447 14.866 14.609 14.433 14.495 15.281 14.959 14.912 14.743 15.351 15.234 15.053 14.926 15.712 15.337 15.241 15.427 15.370 15.679 15.642 15.400 15.594 15.719 15.874 15.844 15.810 15.403 12/09/1961
18.311 18.300 18.217 18.395 17.433 18.099 17.992 18.115 18.188 17.685 18.136 18.166 18.344 18.219 17.782 17.624 18.221 18.311 18.224 18.216 17.764 18.205 18.201 18.363 18.342 17.810 18.300 18.405 18.367 18.190 13/09/1961
19.741 19.529 19.368 19.153 19.628 19.326 19.184 19.236 20.580 19.963 19.395 19.225 20.068 19.968 20.075 19.300 19.237 20.004 19.895 20.364 19.059 19.234 19.894 20.046 20.461 18.967 19.341 20.030 19.963 20.335 14/09/1961
24.591 24.414 24.343 22.811 21.444 24.172 24.148 24.262 22.120 21.547 24.022 24.044 21.888 21.779 21.659 20.871 20.236 21.751 21.626 21.808 20.938 20.258 21.651 21.806 21.965 21.341 20.434 22.002 21.920 21.791 15/09/1961
20.305 20.131 20.005 19.916 20.028 19.788 19.635 19.846 20.526 20.133 20.014 19.923 20.746 20.632 20.296 19.978 20.191 20.782 20.625 20.614 20.006 20.145 20.693 20.823 20.824 20.200 20.451 21.043 21.069 20.622 16/09/1961
21.140 21.358 21.095 21.050 20.893 21.128 21.020 20.970 22.062 21.161 21.271 21.336 21.897 21.786 21.283 21.333 21.910 22.160 22.063 22.265 21.410 21.885 21.949 22.231 22.463 21.452 22.063 22.229 22.432 22.295 17/09/1961
19.575 20.098 20.167 20.629 20.284 20.005 19.968 20.123 21.257 20.810 20.385 20.575 21.061 21.004 20.861 20.677 21.108 21.311 21.212 21.467 21.033 21.102 21.084 21.369 21.723 21.341 21.173 21.298 21.653 21.525 18/09/1961
18.195 18.741 18.749 18.414 18.612 18.596 18.482 18.644 19.441 19.239 19.037 19.126 19.540 19.451 19.295 19.223 19.796 19.767 19.648 19.712 19.350 19.782 19.674 19.816 20.001 19.125 19.563 19.572 20.054 19.793 19/09/1961
20.052 20.300 20.376 20.112 20.311 20.166 20.054 20.305 19.941 20.553 20.430 20.508 19.878 19.764 20.525 20.551 20.420 20.034 19.901 19.985 20.763 20.435 19.960 20.091 20.250 20.821 20.415 20.128 20.226 20.028 20/09/1961
20.920 20.937 20.933 20.012 19.825 20.656 20.483 20.747 19.988 19.992 20.833 20.920 19.978 19.834 20.071 20.975 20.597 20.057 19.898 19.958 21.251 20.597 19.969 20.123 20.147 21.515 20.625 20.169 20.188 19.935 21/09/1961
20.596 20.427 20.580 20.070 20.276 20.268 20.146 20.439 20.727 20.281 20.052 20.310 20.572 20.466 20.353 20.103 20.566 20.310 20.185 20.357 20.123 20.546 20.205 20.342 20.107 20.333 20.445 20.105 20.064 19.958 22/09/1961
16.853 16.623 16.750 16.209 16.936 16.524 16.478 16.702 16.942 16.991 16.383 16.398 16.954 16.905 17.071 16.711 16.845 17.028 17.010 17.304 16.839 16.835 16.951 17.047 17.822 16.992 17.041 17.251 17.455 17.767 23/09/1961
14.818 14.822 14.873 15.087 14.985 14.662 14.548 14.770 15.174 15.119 14.748 14.774 15.180 15.086 15.208 15.091 15.462 15.276 15.162 15.210 15.241 15.432 15.169 15.323 15.547 15.409 15.595 15.439 15.470 15.415 24/09/1961
13.565 13.623 13.460 13.325 13.185 13.515 13.457 13.430 13.575 13.216 13.468 13.463 13.536 13.489 13.314 13.986 14.072 13.439 13.388 13.469 13.946 14.066 13.448 13.461 13.423 13.749 13.825 13.331 13.397 13.341 25/09/1961
13.770 13.890 13.457 12.402 12.266 13.754 13.660 13.364 12.405 12.125 13.718 13.385 12.553 12.505 12.201 14.001 13.429 12.462 12.391 12.034 13.462 13.422 12.942 12.478 11.641 13.704 12.858 12.422 12.076 11.559 26/09/1961
9.444 9.516 9.300 8.171 7.961 9.332 9.231 9.160 8.391 8.344 9.696 9.540 8.598 8.510 8.433 9.508 9.610 8.803 8.644 8.413 9.744 9.596 9.107 8.837 8.676 10.117 9.572 9.198 9.015 8.492 27/09/1961
8.573 8.451 8.398 7.983 7.433 8.355 8.269 8.325 7.685 7.598 8.495 8.438 7.768 7.716 7.688 8.969 9.069 7.959 7.876 7.762 9.138 9.072 7.987 8.000 7.954 9.283 9.113 8.062 8.074 7.847 28/09/1961
9.383 9.197 9.140 8.570 8.759 9.145 9.101 9.103 8.773 8.714 9.106 9.087 8.832 8.809 8.787 9.291 9.323 8.910 8.891 8.777 9.342 9.316 8.932 8.932 8.915 9.469 9.335 8.971 9.004 8.870 29/09/1961
11.511 11.466 11.357 11.219 11.628 11.420 11.342 11.314 11.650 11.629 11.461 11.458 11.686 11.630 11.672 11.535 11.758 11.675 11.639 11.641 11.614 11.735 11.741 11.697 11.704 11.683 11.837 11.915 11.851 11.651 30/09/1961
10.518 10.304 10.368 10.277 10.460 10.286 10.212 10.343 10.702 10.544 10.279 10.323 10.766 10.677 10.587 10.374 10.763 10.716 10.654 10.877 10.328 10.759 10.695 10.747 11.082 10.330 10.779 10.779 10.992 11.054 01/10/1961
11.688 11.650 11.580 11.206 11.445 11.549 11.470 11.512 11.453 11.462 11.674 11.648 11.587 11.558 11.532 11.740 12.039 11.551 11.481 11.500 11.785 12.023 11.685 11.565 11.590 11.838 12.103 11.811 11.765 11.549 02/10/1961
10.147 10.211 10.302 9.958 10.623 10.210 10.211 10.298 10.653 10.935 10.342 10.387 10.681 10.652 10.963 10.491 10.958 10.839 10.761 10.925 10.686 10.975 10.812 10.842 11.207 10.764 11.089 11.189 11.178 11.150 03/10/1961
11.048 11.080 11.269 10.771 11.086 11.024 10.928 11.217 11.347 11.373 10.976 11.232 11.098 11.131 11.396 10.910 11.378 11.279 11.316 11.529 11.141 11.393 11.170 11.266 11.577 11.200 11.451 11.279 11.427 11.586 04/10/1961
11.110 11.094 11.402 12.375 12.104 11.021 10.944 11.403 12.750 12.303 10.841 11.096 12.565 12.511 12.382 11.471 13.118 12.553 12.554 12.894 11.691 13.120 12.350 12.591 13.098 11.962 13.407 12.670 12.839 12.977 05/10/1961
11.302 11.228 11.384 11.442 12.743 11.147 11.005 11.349 13.255 12.913 10.889 11.155 13.190 13.076 13.006 12.832 14.837 13.220 13.138 13.428 13.056 14.850 13.057 13.250 13.525 13.164 14.945 13.273 13.366 13.406 06/10/1961
11.816 11.972 12.304 10.633 13.273 11.882 11.783 12.235 12.878 13.271 11.569 11.763 14.134 14.217 13.307 12.429 12.378 14.711 14.778 13.898 12.285 12.377 13.429 14.678 15.191 12.705 12.513 13.435 14.157 15.348 07/10/1961
11.888 12.010 12.233 10.984 11.164 11.745 11.581 12.066 12.002 11.344 11.591 11.808 11.862 11.735 11.447 11.802 12.097 11.812 11.664 11.784 11.977 12.083 11.597 11.864 11.879 12.093 12.124 11.790 11.892 11.669 08/10/1961
13.548 13.775 14.038 13.373 13.288 13.551 13.390 13.882 14.451 13.594 13.386 13.638 14.118 14.002 13.723 14.177 13.987 13.946 13.811 14.229 14.163 13.984 13.620 14.024 14.075 14.063 13.953 13.814 13.943 13.864 09/10/1961
12.776 12.711 12.952 12.592 12.898 12.520 12.354 12.844 13.360 13.028 12.295 12.434 12.978 12.873 13.111 12.968 13.332 12.759 12.660 13.073 12.817 13.322 12.465 12.798 12.928 12.665 13.195 12.530 12.749 12.797 10/10/1961
11.079 10.955 11.132 11.078 11.401 10.759 10.573 11.026 11.576 11.506 10.637 10.704 11.147 11.124 11.568 11.094 11.551 11.043 11.001 11.331 11.185 11.513 10.815 11.065 11.112 11.259 11.545 10.854 10.886 11.035 11/10/1961
9.649 9.499 9.795 9.869 9.826 9.374 9.244 9.717 9.959 9.815 9.068 9.269 9.429 9.328 9.926 9.345 10.132 9.246 9.168 9.446 9.414 10.111 8.987 9.291 9.244 9.370 10.149 9.135 9.251 9.149 12/10/1961
9.810 9.923 10.205 9.910 9.467 9.816 9.772 10.164 9.820 9.474 9.668 9.865 9.539 9.444 9.591 9.656 9.954 9.352 9.247 9.468 9.588 9.950 9.150 9.382 9.209 9.411 9.729 9.054 9.139 9.112 13/10/1961
9.162 9.380 9.622 8.441 9.325 9.444 9.462 9.646 9.949 9.811 9.449 9.589 9.526 9.488 9.887 8.811 9.068 9.803 9.731 10.101 8.949 9.072 9.510 9.841 9.941 8.840 9.204 9.680 9.826 9.933 14/10/1961
8.771 8.970 9.191 8.785 8.399 8.745 8.569 9.078 9.208 8.822 8.678 9.021 8.716 8.574 8.976 8.521 8.579 8.675 8.511 9.135 8.817 8.563 8.329 8.771 8.970 8.905 8.598 8.670 8.768 8.734 15/10/1961
9.001 8.987 9.234 8.990 9.784 8.819 8.682 9.118 10.098 9.768 8.776 8.939 9.750 9.669 9.861 9.500 9.618 9.611 9.475 9.827 9.607 9.595 9.276 9.667 9.659 9.718 9.625 9.477 9.512 9.446 16/10/1961
10.392 10.193 10.429 9.375 9.462 10.022 9.858 10.288 9.910 9.424 9.977 9.993 9.700 9.627 9.490 10.938 10.745 9.588 9.467 9.662 10.982 10.743 9.462 9.651 9.653 11.187 10.898 9.722 9.699 9.499 17/10/1961
10.629 10.501 11.147 11.499 11.342 10.419 10.334 11.116 11.307 10.996 9.884 10.305 10.840 10.775 11.127 9.828 10.668 10.564 10.491 10.962 9.789 10.668 10.224 10.600 10.830 9.818 10.520 10.259 10.534 10.695 18/10/1961
8.875 8.675 9.002 9.316 9.252 8.577 8.478 8.958 8.917 8.897 8.580 8.468 8.622 8.573 8.966 8.913 9.012 8.233 8.143 8.490 8.700 8.989 8.388 8.258 8.356 8.494 9.015 8.535 8.504 8.264 19/10/1961
10.625 10.854 11.016 11.063 11.161 10.871 10.835 11.028 11.323 11.240 10.832 10.883 11.318 11.306 11.201 11.306 11.851 11.169 11.164 11.301 11.365 11.821 11.155 11.166 11.283 11.327 11.797 11.239 11.288 11.286 20/10/1961
10.228 10.559 10.688 10.561 10.760 10.484 10.381 10.608 11.219 11.083 10.436 10.844 11.172 11.200 11.060 10.809 11.774 11.318 11.366 11.466 11.215 11.764 11.240 11.333 11.596 11.436 11.830 11.262 11.503 11.573 21/10/1961
10.482 10.462 10.377 10.188 10.163 10.381 10.346 10.369 10.108 10.301 10.125 10.299 10.196 10.103 10.388 10.407 10.624 10.047 9.929 9.938 10.408 10.624 9.993 10.116 10.003 10.439 10.400 9.952 10.113 9.829 22/10/1961
10.485 10.448 10.813 11.081 10.521 10.309 10.175 10.759 10.544 10.665 10.539 10.447 10.188 10.049 10.797 10.782 10.513 10.174 10.004 10.297 11.065 10.526 9.849 10.244 10.416 11.097 10.672 10.340 10.287 10.197 23/10/1961
7.122 6.897 7.517 8.509 9.322 6.828 6.744 7.456 9.481 9.647 6.999 6.835 8.186 8.125 9.732 7.564 7.788 8.156 8.087 9.360 8.043 7.783 7.729 8.199 9.259 8.077 8.086 8.138 8.280 9.189 24/10/1961
10.911 10.313 10.394 10.674 11.987 10.307 10.242 10.301 11.761 12.051 9.873 9.992 11.452 11.340 12.097 10.308 10.723 11.037 10.965 11.667 9.977 10.702 10.657 11.066 11.798 9.693 10.653 10.629 11.130 11.731 25/10/1961
10.647 10.576 10.418 10.642 10.924 10.531 10.493 10.382 11.180 11.230 11.216 11.050 11.449 11.410 11.286 11.367 11.853 11.731 11.697 11.235 11.263 11.870 11.408 11.748 11.620 11.214 12.303 11.962 12.394 11.585 26/10/1961
10.516 10.360 10.188 10.040 9.982 10.192 10.062 10.053 10.116 10.050 10.241 10.211 10.264 10.195 10.127 10.431 10.732 10.334 10.246 10.069 10.522 10.756 10.276 10.359 10.254 10.484 10.834 10.413 10.563 10.160 27/10/1961
10.867 10.651 10.633 10.311 10.363 10.436 10.284 10.473 10.570 10.017 10.183 10.328 10.620 10.673 10.114 10.751 11.236 10.608 10.661 10.467 10.737 11.239 10.560 10.578 10.545 10.846 11.415 10.677 10.726 10.504 28/10/1961
12.348 12.138 12.141 11.338 11.569 11.975 11.908 12.034 11.630 11.116 11.876 11.867 11.818 11.721 11.174 11.970 11.895 11.564 11.463 11.180 11.854 11.883 11.578 11.586 10.925 11.731 11.788 11.537 11.283 10.752 29/10/1961
13.173 12.610 12.135 11.654 11.828 12.458 12.387 12.031 11.553 11.289 11.955 11.617 11.800 11.689 11.298 12.094 11.866 11.599 11.509 11.096 11.714 11.855 11.720 11.633 10.714 11.235 11.613 11.650 11.307 10.518 30/10/1961
15.415 15.370 15.192 14.727 14.995 15.220 15.083 15.104 15.436 15.023 15.237 15.048 15.538 15.468 15.117 15.566 15.147 15.317 15.251 15.258 15.477 15.142 15.054 15.333 14.848 14.761 15.008 15.056 14.935 14.747 31/10/1961
13.346 13.171 13.382 13.179 13.612 13.044 12.985 13.320 13.603 13.668 12.989 13.000 13.479 13.400 13.790 13.279 12.786 13.356 13.275 13.400 13.229 12.781 13.163 13.381 13.189 12.959 12.736 13.193 13.152 13.086 01/11/1961
10.348 10.415 10.214 10.320 10.463 10.312 10.256 10.113 10.373 10.303 10.284 10.206 10.606 10.531 10.365 10.351 10.278 10.454 10.409 10.105 10.126 10.258 10.358 10.492 9.969 9.928 10.218 10.317 10.276 9.860 02/11/1961
8.521 8.387 8.355 7.659 7.830 8.179 8.067 8.262 7.974 7.911 8.351 8.319 8.060 8.042 7.924 9.216 8.489 8.091 8.059 7.959 9.498 8.487 8.107 8.127 8.083 9.735 8.686 8.316 8.252 7.977 03/11/1961
7.849 7.816 8.000 7.623 8.316 7.694 7.587 7.921 8.530 8.631 7.552 7.831 8.365 8.296 8.699 8.328 8.840 8.294 8.256 8.700 8.525 8.810 8.109 8.345 8.604 8.588 8.819 8.167 8.302 8.503 04/11/1961
4.693 4.983 4.948 4.606 4.613 4.889 4.741 4.859 5.198 4.843 4.787 4.764 5.092 4.952 4.938 5.031 4.994 4.933 4.805 4.900 4.977 5.005 4.693 4.987 4.951 5.103 5.067 4.804 4.984 4.808 05/11/1961
5.673 5.966 5.935 5.533 5.574 5.878 5.773 5.885 5.987 5.548 5.865 5.969 6.110 6.047 5.607 5.800 5.660 5.938 5.871 5.669 6.073 5.676 6.106 5.966 5.603 6.087 5.729 6.083 5.944 5.477 06/11/1961
3.176 3.332 3.521 3.316 3.019 3.291 3.235 3.462 3.584 3.248 3.317 3.347 3.275 3.232 3.294 3.230 3.705 3.302 3.197 3.455 3.346 3.690 3.235 3.325 3.641 3.496 3.858 3.356 3.545 3.465 07/11/1961
2.214 2.230 2.377 2.257 1.528 2.227 2.201 2.366 1.838 1.643 2.189 2.214 1.764 1.702 1.706 1.799 1.693 1.759 1.675 1.602 1.816 1.699 1.581 1.765 1.563 2.000 1.678 1.655 1.711 1.487 08/11/1961
1.267 1.185 0.697 0.720 0.514 1.112 0.996 0.667 0.807 0.286 0.971 0.647 0.825 0.766 0.398 0.981 0.813 0.697 0.646 0.541 0.628 0.836 0.462 0.690 0.597 0.482 0.652 0.370 0.549 0.511 09/11/1961
2.138 1.984 1.735 2.215 1.704 1.873 1.707 1.670 2.077 1.690 1.759 1.698 2.131 2.062 1.768 2.340 2.148 1.988 1.881 1.894 2.187 2.149 1.892 2.005 1.978 2.426 2.032 1.907 1.979 1.840 10/11/1961
2.174 2.145 2.190 2.158 2.112 2.055 1.976 2.132 2.384 2.134 1.888 1.840 2.257 2.189 2.213 2.012 1.990 2.113 2.032 2.208 1.556 2.009 1.715 2.133 2.205 1.475 1.994 1.877 2.215 2.110 11/11/1961
1.509 0.376 1.407 2.122 2.132 0.219 0.188 1.353 2.035 1.595 0.078 0.850 1.150 1.130 1.625 0.236 0.428 1.418 1.405 1.525 -0.087 0.465 0.526 1.421 1.470 -0.494 0.056 0.264 0.807 1.455 12/11/1961
2.354 2.047 2.446 3.011 2.395 1.898 1.836 2.397 2.584 2.214 1.408 1.870 2.217 2.148 2.242 1.593 2.398 1.862 1.836 2.112 1.554 2.436 1.445 1.854 1.996 1.488 2.138 1.305 1.583 1.970 13/11/1961
5.334 4.956 5.467 5.971 5.654 4.774 4.646 5.386 5.719 5.382 4.378 4.768 5.184 5.083 5.424 4.333 4.551 4.991 4.906 5.316 4.249 4.543 4.621 5.034 5.366 4.317 4.549 4.793 5.070 5.204 14/11/1961
7.667 7.645 7.851 7.941 8.349 7.478 7.309 7.743 8.313 8.190 7.165 7.385 8.036 7.930 8.263 7.117 7.402 7.939 7.818 7.987 6.956 7.374 7.439 7.970 7.686 7.006 7.300 7.521 7.583 7.534 15/11/1961
7.810 7.830 7.913 7.724 7.950 7.673 7.581 7.846 8.196 7.976 7.914 7.808 8.088 7.968 8.083 8.266 8.293 8.178 8.035 8.050 8.398 8.277 8.034 8.209 8.198 8.801 8.534 8.454 8.362 8.042 16/11/1961
6.959 6.847 6.908 6.678 6.190 6.646 6.492 6.774 6.879 6.240 6.547 6.681 6.907 6.700 6.459 6.430 6.729 6.739 6.502 6.627 6.497 6.718 6.644 6.836 6.788 6.446 6.685 6.898 6.846 6.479 17/11/1961
4.838 4.873 4.891 4.540 4.463 4.646 4.535 4.724 5.215 4.927 4.829 4.988 5.332 5.110 5.108 4.968 5.856 5.840 5.606 5.679 5.293 5.832 5.397 5.938 6.087 5.401 5.849 5.705 6.017 5.794 18/11/1961
2.955 2.760 2.943 2.533 2.834 2.616 2.501 2.818 3.658 3.418 3.025 3.027 3.490 3.415 3.455 3.209 3.985 4.100 3.946 4.138 3.688 3.959 3.775 4.191 4.502 3.997 4.179 4.362 4.365 4.235 19/11/1961
0.009 -0.007 0.001 0.049 -0.328 -0.204 -0.385 -0.125 0.394 0.384 -0.143 0.029 0.256 0.267 0.455 0.031 0.329 0.394 0.451 0.570 0.375 0.283 0.247 0.452 0.713 0.617 0.443 0.372 0.578 0.754 20/11/1961
-3.820 -3.866 -3.687 -3.088 -2.401 -4.148 -4.371 -3.859 -2.879 -2.468 -4.170 -3.997 -3.602 -3.688 -2.420 -3.754 -3.222 -3.625 -3.710 -3.202 -3.478 -3.272 -3.883 -3.558 -3.195 -3.321 -3.134 -3.544 -3.356 -3.330 21/11/1961
-1.809 -2.279 -3.006 -2.469 -1.959 -2.418 -2.494 -3.060 -3.329 -2.709 -1.756 -3.165 -3.966 -3.920 -2.807 -1.690 -2.459 -3.927 -3.864 -3.825 -2.055 -2.442 -3.856 -3.947 -3.800 -2.695 -2.698 -4.086 -3.905 -3.723 22/11/1961
0.385 0.213 0.143 0.175 0.922 0.093 0.006 0.087 -0.256 0.539 -0.583 -0.708 -0.587 -0.660 0.450 -0.034 0.292 -0.938 -0.945 -0.763 -0.186 0.305 -1.159 -0.862 -0.925 -0.501 0.131 -1.006 -0.949 -1.028 23/11/1961
3.979 3.511 4.170 4.470 4.098 3.419 3.322 4.077 3.611 3.520 2.611 3.022 3.164 3.193 3.407 3.190 3.940 2.704 2.731 3.203 3.114 3.921 2.177 2.713 2.728 3.315 3.954 2.232 2.335 2.792 24/11/1961
8.305 7.713 8.635 9.035 8.752 7.660 7.613 8.573 8.609 8.271 6.825 7.370 8.102 8.095 8.288 7.252 7.692 7.637 7.668 8.151 7.236 7.680 7.060 7.634 7.945 7.600 7.747 7.133 7.344 7.893 25/11/1961
7.320 7.050 7.709 7.861 7.849 6.960 6.907 7.672 8.460 7.673 6.286 6.769 8.062 7.898 7.742 6.897 7.623 7.629 7.532 8.016 6.798 7.617 7.199 7.684 8.117 7.039 7.722 7.432 7.627 7.849 26/11/1961
8.021 8.053 8.531 8.744 8.606 8.044 8.001 8.531 8.537 8.607 7.357 7.833 8.066 8.031 8.612 8.062 8.460 7.720 7.720 8.295 8.011 8.472 7.142 7.718 8.095 8.279 8.506 7.190 7.419 8.146 27/11/1961
7.856 7.699 8.330 9.749 9.153 7.696 7.660 8.329 8.995 8.842 7.162 7.474 8.469 8.350 8.958 7.441 7.572 8.077 7.983 8.503 7.445 7.580 7.459 8.134 8.241 7.644 7.494 7.509 7.890 8.106 28/11/1961
8.569 8.424 8.877 9.144 10.132 8.191 7.989 8.761 10.260 10.142 7.058 7.992 9.959 9.684 10.326 7.605 8.591 9.715 9.393 9.939 7.562 8.544 8.732 9.878 10.178 7.824 8.703 9.330 9.773 9.735 29/11/1961
8.382 8.191 8.826 8.746 8.714 8.168 8.109 8.845 8.422 8.689 7.184 7.950 7.892 7.964 8.687 7.538 7.944 7.715 7.693 8.296 7.352 7.954 6.946 7.740 8.049 7.391 7.993 7.055 7.425 8.186 30/11/1961
7.636 7.583 7.805 7.542 6.978 7.493 7.408 7.757 7.418 7.089 7.230 7.466 7.381 7.354 7.079 7.313 7.630 7.248 7.222 7.285 7.259 7.603 6.953 7.275 7.361 7.301 7.410 6.855 6.988 7.264 01/12/1961
7.068 7.004 6.928 6.448 7.382 6.934 6.850 6.882 6.983 7.225 6.870 6.866 7.420 7.383 7.238 7.505 7.407 7.245 7.215 6.896 7.408 7.377 7.202 7.280 6.920 7.382 7.093 6.955 6.837 6.800 02/12/1961
6.150 5.949 6.220 6.152 6.398 5.852 5.762 6.161 6.402 6.418 6.121 6.106 6.304 6.203 6.469 6.081 6.341 6.722 6.654 6.510 6.134 6.312 6.318 6.736 6.758 6.154 6.361 6.389 6.622 6.600 03/12/1961
7.967 7.877 8.067 7.792 7.070 7.755 7.665 7.989 7.639 7.229 7.651 7.843 7.614 7.523 7.319 7.856 7.975 7.847 7.737 7.698 7.882 7.966 7.355 7.885 8.028 8.179 8.147 7.690 7.952 7.862 04/12/1961
8.471 8.445 8.538 8.100 8.076 8.276 8.139 8.433 8.566 8.316 8.460 8.518 8.754 8.656 8.420 8.771 9.108 8.781 8.644 8.615 8.782 9.083 8.594 8.833 8.771 9.009 9.028 8.670 8.738 8.623 05/12/1961
8.728 8.771 8.763 8.524 8.294 8.603 8.485 8.650 8.741 8.379 8.632 8.617 8.936 8.808 8.474 8.891 9.177 8.829 8.660 8.570 8.920 9.155 8.667 8.873 8.604 9.121 9.145 8.772 8.722 8.435 06/12/1961
9.479 9.430 9.560 9.058 8.533 9.293 9.142 9.449 9.099 8.591 9.355 9.377 9.187 9.029 8.687 9.337 9.352 9.095 8.894 8.846 9.412 9.312 9.018 9.169 9.021 9.548 9.332 9.179 9.151 8.747 07/12/1961
8.984 8.894 8.905 8.484 8.450 8.734 8.621 8.823 8.911 8.506 8.793 8.806 8.827 8.712 8.607 9.072 9.210 8.911 8.714 8.802 9.251 9.166 8.699 9.004 9.091 9.584 9.312 8.978 9.089 8.854 08/12/1961
8.961 8.800 8.641 8.424 8.172 8.709 8.675 8.602 8.596 8.101 8.899 8.726 8.706 8.596 8.167 8.637 8.589 8.684 8.534 8.589 8.643 8.566 8.475 8.753 8.650 8.959 8.477 8.497 8.577 8.579 09/12/1961
7.935 8.120 8.041 7.583 7.345 8.039 8.057 7.995 8.732 7.564 8.329 8.313 9.150 9.138 7.634 8.781 8.985 9.153 9.168 9.160 8.796 8.962 8.973 9.143 9.014 9.263 8.953 8.857 8.913 9.142 10/12/1961
5.374 5.475 5.406 4.821 4.473 5.285 5.180 5.277 4.338 4.413 5.476 5.432 4.789 4.679 4.538 5.577 5.234 4.651 4.522 4.154 5.813 5.208 4.729 4.688 4.463 6.056 5.224 4.815 4.673 4.233 11/12/1961
6.946 7.110 7.099 6.748 6.878 6.943 6.811 6.984 7.029 6.918 6.998 7.026 7.116 7.063 7.006 7.301 7.456 7.144 7.070 7.014 7.470 7.424 6.995 7.148 7.149 7.692 7.508 7.067 7.120 7.047 12/12/1961
3.831 3.911 4.007 4.315 4.338 3.808 3.682 3.928 4.669 4.515 3.948 3.924 4.493 4.394 4.672 4.739 5.154 4.630 4.519 4.628 4.927 5.113 4.353 4.681 4.840 5.245 5.232 4.573 4.697 4.632 13/12/1961
1.257 1.391 1.169 1.261 0.753 1.261 1.143 1.094 0.931 0.787 1.645 1.496 0.973 0.903 0.892 1.957 2.431 1.205 1.148 0.979 2.273 2.412 1.223 1.228 1.282 2.510 2.588 1.522 1.394 1.201 14/12/1961
-0.521 -0.512 -0.605 -0.705 -0.851 -0.716 -0.863 -0.724 -0.291 -0.696 -0.710 -0.649 -0.171 -0.254 -0.602 -0.791 0.069 -0.061 -0.123 -0.153 -0.552 0.040 -0.291 -0.012 0.045 -0.400 0.176 -0.109 -0.025 -0.091 15/12/1961
-1.233 -1.323 -1.316 -2.018 -1.935 -1.483 -1.601 -1.433 -1.241 -1.846 -1.452 -1.453 -1.162 -1.249 -1.707 -1.406 -0.952 -1.101 -1.211 -1.189 -1.031 -0.976 -1.352 -1.040 -1.006 -0.813 -0.873 -1.120 -1.067 -1.193 16/12/1961
-3.766 -3.831 -3.673 -3.513 -3.801 -3.926 -4.076 -3.763 -3.801 -3.858 -3.803 -3.876 -3.836 -3.958 -3.739 -3.207 -2.860 -3.731 -3.832 -3.865 -2.868 -2.893 -3.950 -3.594 -3.522 -2.563 -2.720 -3.660 -3.719 -3.765 17/12/1961
-2.424 -2.647 -2.518 -2.739 -2.886 -2.806 -2.950 -2.655 -2.335 -2.669 -2.722 -2.755 -2.413 -2.546 -2.516 -2.476 -2.240 -2.424 -2.589 -2.599 -2.170 -2.285 -2.597 -2.348 -2.269 -1.958 -2.142 -2.377 -2.338 -2.455 18/12/1961
-8.218 -8.409 -7.268 -8.727 -8.674 -7.553 -7.698 -7.435 -7.595 -8.225 -7.563 -7.636 -7.077 -7.248 -8.058 -7.714 -7.441 -7.172 -7.359 -7.637 -7.514 -7.485 -7.443 -7.107 -8.720 -7.114 -7.230 -7.097 -7.213 -8.999 19/12/1961
-10.086 -10.143 -10.041 -11.448 -11.327 -10.239 -10.416 -10.182 -9.750 -10.813 -10.300 -10.250 -9.408 -9.522 -10.667 -10.189 -9.707 -9.480 -9.634 -9.708 -9.907 -9.743 -9.779 -9.434 -9.564 -9.323 -9.419 -9.313 -9.411 -9.771 20/12/1961
-4.980 -4.999 -5.914 -8.440 -8.793 -5.183 -5.303 -6.126 -8.155 -8.841 -4.984 -5.431 -6.893 -7.049 -8.631 -5.851 -5.940 -6.989 -7.139 -8.336 -6.282 -5.970 -6.342 -6.912 -8.263 -6.136 -6.884 -6.753 -7.981 -8.590 21/12/1961
-0.284 -0.302 -0.905 -1.633 -2.642 -0.586 -0.758 -1.085 -2.410 -2.886 -0.430 -0.813 -1.792 -1.843 -2.810 -0.408 -0.912 -1.946 -2.070 -2.870 -0.504 -0.940 -1.585 -1.999 -2.768 -0.178 -1.091 -1.703 -2.267 -2.928 22/12/1961
2.910 3.009 2.499 2.122 2.003 2.848 2.740 2.383 2.286 1.857 2.820 2.545 2.841 2.744 1.899 2.864 2.751 2.650 2.586 2.075 2.807 2.728 2.747 2.689 2.061 2.969 2.617 2.746 2.421 1.977 23/12/1961
2.423 2.400 2.105 1.563 1.671 2.236 2.100 1.990 1.795 1.560 1.833 1.806 2.088 2.017 1.626 2.132 2.271 1.999 1.939 1.645 2.271 2.236 1.986 2.052 1.744 2.517 2.260 2.137 2.097 1.597 24/12/1961
1.496 1.393 1.143 1.004 1.021 1.195 1.053 1.025 1.473 1.045 0.716 1.074 1.693 1.610 1.183 0.588 1.277 1.677 1.539 1.292 0.537 1.233 1.393 1.738 1.611 0.828 1.186 1.578 1.661 1.410 25/12/1961
-0.594 -0.706 -0.891 -1.262 -1.654 -0.940 -1.116 -1.054 -0.522 -1.005 -1.647 -0.957 -0.216 -0.397 -0.868 -1.626 -0.543 -0.230 -0.454 -0.531 -1.451 -0.586 -0.510 -0.176 -0.214 -1.153 -0.538 -0.276 -0.172 -0.480 26/12/1961
-1.160 -1.252 -1.379 -1.852 -2.142 -1.485 -1.661 -1.522 -1.322 -1.780 -1.745 -1.509 -1.034 -1.183 -1.615 -1.597 -1.089 -1.024 -1.203 -1.277 -1.402 -1.136 -1.197 -0.957 -1.010 -1.105 -1.056 -0.962 -0.863 -1.203 27/12/1961
0.631 0.544 0.463 -0.402 -0.850 0.378 0.239 0.339 -0.138 -0.796 0.169 0.333 0.094 -0.042 -0.702 0.734 0.765 -0.048 -0.237 -0.352 0.780 0.723 -0.173 -0.010 -0.383 0.887 0.647 -0.197 -0.107 -0.471 28/12/1961
3.992 3.879 3.556 2.560 2.643 3.692 3.572 3.458 3.173 2.707 3.808 3.609 3.553 3.479 2.826 4.282 4.099 3.460 3.337 3.190 4.319 4.066 3.465 3.491 3.261 4.497 3.982 3.510 3.367 3.117 29/12/1961
3.099 2.995 2.354 1.682 2.216 2.802 2.616 2.238 1.903 2.104 2.993 2.668 2.340 2.219 2.135 3.189 3.043 2.313 2.197 1.753 3.105 3.045 2.633 2.367 1.921 3.108 2.963 2.758 2.264 1.752 30/12/1961
7.264 7.279 6.917 6.394 6.812 7.117 6.940 6.805 6.983 6.842 7.192 6.990 7.243 7.066 6.975 7.743 7.897 7.157 6.993 6.633 7.845 7.860 7.390 7.226 6.823 7.913 7.833 7.478 7.076 6.561 31/12/1961
7.073 7.071 6.698 6.212 6.134 6.920 6.817 6.612 6.533 6.192 7.009 6.772 6.753 6.635 6.284 7.435 7.374 6.671 6.537 6.299 7.347 7.343 6.789 6.718 6.295 7.615 7.431 7.004 6.672 6.148 01/01/1962
8.243 8.273 8.116 7.273 6.965 8.154 8.062 8.041 7.403 7.093 8.211 8.186 7.657 7.584 7.205 8.761 8.785 7.813 7.715 7.364 8.924 8.757 7.794 7.870 7.698 9.107 8.847 8.043 7.979 7.567 02/01/1962
5.089 5.425 5.394 5.157 5.304 5.345 5.254 5.320 5.737 5.434 5.601 5.523 5.839 5.821 5.443 5.444 5.349 6.123 6.060 5.881 5.654 5.370 5.798 6.157 6.109 5.868 5.268 5.862 5.961 6.034 03/01/1962
3.933 3.812 3.484 2.923 3.008 3.839 3.858 3.462 4.023 3.380 3.828 3.859 4.350 4.361 3.410 4.255 4.441 4.769 4.722 4.096 4.322 4.440 4.323 4.775 4.296 3.759 4.098 3.997 4.225 4.249 04/01/1962
4.388 4.323 4.314 3.781 4.443 4.237 4.188 4.250 4.216 4.626 4.161 4.204 4.697 4.595 4.712 3.983 4.188 4.748 4.623 4.121 3.987 4.164 4.536 4.817 4.388 3.963 4.087 4.589 4.542 4.217 05/01/1962
3.518 3.191 3.181 2.964 2.964 3.110 3.022 3.136 3.129 2.941 3.060 3.023 3.273 3.258 2.971 3.333 3.121 3.215 3.199 3.051 3.275 3.111 3.101 3.250 3.132 3.243 2.968 3.032 3.024 3.073 06/01/1962
6.084 6.031 5.962 4.344 4.568 5.819 5.681 5.812 4.846 4.644 6.002 5.840 5.048 4.993 4.717 5.391 5.089 5.023 4.893 4.562 5.394 5.066 4.929 5.072 4.754 5.505 4.954 4.870 4.818 4.636 07/01/1962
6.497 6.432 6.637 6.318 6.066 6.334 6.262 6.577 6.346 6.070 5.950 6.229 6.685 6.607 6.086 6.075 6.193 6.433 6.328 6.453 6.020 6.173 6.075 6.468 6.465 5.977 5.979 5.997 6.316 6.339 08/01/1962
7.042 6.895 6.703 6.013 5.795 6.833 6.795 6.670 5.716 5.730 6.919 6.812 6.374 6.416 5.736 6.664 5.931 6.151 6.224 6.118 6.555 5.928 6.197 6.126 6.065 6.292 5.601 5.883 6.010 6.192 09/01/1962
5.559 5.382 5.401 4.561 4.400 5.250 5.166 5.346 4.531 4.516 5.367 5.396 4.786 4.770 4.513 5.440 5.309 4.611 4.618 4.657 5.575 5.270 4.513 4.640 4.748 5.644 5.214 4.485 4.528 4.702 10/01/1962
6.512 6.329 6.556 7.058 6.450 6.117 5.943 6.397 6.656 6.600 6.048 6.152 6.789 6.686 6.619 7.026 7.623 6.719 6.621 6.741 7.269 7.582 6.442 6.784 6.860 7.604 7.616 6.634 6.715 6.699 11/01/1962
8.371 8.364 8.608 7.727 8.378 8.289 8.206 8.543 8.539 8.360 7.915 8.177 8.576 8.526 8.451 8.439 8.177 8.419 8.374 8.301 8.433 8.152 8.018 8.428 8.179 8.492 8.073 7.877 7.892 8.107 12/01/1962
5.123 4.877 5.269 5.107 5.467 4.754 4.664 5.185 6.472 5.784 4.468 4.507 6.085 5.990 5.902 4.423 4.199 6.058 5.923 6.465 3.866 4.181 5.051 6.108 6.570 4.211 4.184 5.178 5.943 6.407 13/01/1962
4.543 4.525 4.417 4.500 4.503 4.390 4.255 4.333 4.850 4.477 4.422 4.270 4.794 4.710 4.537 4.736 4.697 4.571 4.437 4.577 4.518 4.673 4.176 4.615 4.789 4.544 4.547 4.018 4.300 4.632 14/01/1962
5.803 5.447 5.648 5.321 5.299 5.321 5.257 5.574 5.577 5.373 5.555 5.530 5.706 5.641 5.439 6.030 5.880 5.611 5.523 5.445 6.078 5.874 5.383 5.666 5.107 5.524 5.611 5.210 5.166 4.981 15/01/1962
3.291 3.133 3.186 3.260 3.730 2.991 2.862 3.112 3.989 4.099 3.052 2.926 3.465 3.481 4.134 3.481 3.435 3.410 3.420 3.820 3.653 3.412 3.215 3.417 3.618 3.636 3.460 3.224 3.153 3.593 16/01/1962
2.193 2.032 1.867 1.866 2.525 1.893 1.750 1.806 2.685 2.622 2.052 1.848 2.698 2.643 2.703 2.955 3.315 2.630 2.598 2.648 3.117 3.301 2.699 2.667 2.635 3.207 3.320 2.733 2.512 2.568 17/01/1962
4.364 4.159 3.994 3.794 4.012 4.076 4.043 3.955 3.972 3.990 4.358 4.015 4.303 4.254 4.088 4.547 4.537 4.128 4.092 4.012 4.710 4.525 4.225 4.167 3.928 4.840 4.531 4.350 4.130 3.841 18/01/1962
5.315 4.939 4.947 4.489 5.688 4.839 4.748 4.889 5.551 5.767 4.636 4.713 5.380 5.258 5.813 4.768 4.969 5.061 4.959 5.021 4.715 4.945 4.987 5.089 4.789 4.683 4.751 4.812 4.762 4.685 19/01/1962
5.232 5.087 5.144 4.292 4.366 4.969 4.875 5.064 4.397 4.192 4.649 4.641 4.468 4.344 4.294 4.280 4.430 4.153 4.028 4.122 4.150 4.402 3.981 4.208 4.062 4.205 4.242 3.869 3.847 3.913 20/01/1962
6.002 5.680 5.747 5.535 5.648 5.596 5.528 5.671 5.328 5.495 5.316 5.316 5.289 5.206 5.543 5.197 5.359 4.824 4.764 4.998 4.905 5.348 4.606 4.874 5.014 4.621 4.979 4.387 4.612 4.896 21/01/1962
2.675 2.330 3.219 3.630 4.402 2.176 2.063 3.157 4.164 4.074 1.662 1.845 3.688 3.575 4.133 2.110 2.860 3.278 3.122 3.900 2.726 2.812 2.183 3.348 4.002 2.588 2.770 2.168 3.338 3.819 22/01/1962
0.098 -0.106 1.528 2.615 2.280 -0.267 -0.356 1.482 2.266 1.957 -0.628 -0.384 1.029 0.929 1.992 -0.115 0.316 0.702 0.603 1.797 0.120 0.319 -0.698 0.792 1.641 0.082 0.278 -0.579 0.576 1.435 23/01/1962
1.262 0.976 2.685 2.764 3.596 0.906 0.835 2.697 3.013 2.996 -0.932 -0.032 2.046 1.975 3.087 -0.622 0.173 1.126 1.086 2.194 -0.859 0.155 -0.615 1.138 1.518 -0.858 -0.070 -0.739 0.036 1.393 24/01/1962
1.779 1.313 1.927 1.769 2.551 0.886 0.903 1.647 2.203 2.047 0.260 0.319 1.769 1.811 2.069 1.082 1.966 1.019 1.080 1.667 0.370 1.969 0.356 1.015 0.914 0.224 1.683 -0.017 0.203 0.970 25/01/1962
3.655 3.477 3.771 4.197 3.682 3.248 3.134 3.632 3.203 3.385 3.019 3.090 3.304 3.336 3.361 3.526 4.148 2.938 2.996 3.058 3.298 4.048 2.740 2.944 2.835 3.329 4.265 2.556 2.605 2.887 26/01/1962
3.966 3.695 3.932 4.074 3.562 3.635 3.552 3.862 3.279 3.069 3.143 3.204 3.704 3.704 3.112 3.983 6.200 3.316 3.268 3.165 3.738 6.146 3.084 3.337 3.033 3.656 6.164 3.037 2.933 3.002 27/01/1962
9.990 9.980 9.938 10.091 8.893 9.718 9.512 9.758 9.233 8.895 9.561 9.473 9.433 9.319 9.009 9.553 8.896 9.375 9.215 9.212 9.492 8.860 9.175 9.418 9.476 9.789 9.096 9.479 9.457 9.283 28/01/1962
6.914 7.139 7.161 6.829 6.397 6.968 6.858 7.073 6.824 6.508 6.924 6.884 6.875 6.766 6.633 7.530 6.910 6.778 6.671 6.721 7.239 6.865 6.479 6.833 7.005 7.346 6.874 6.611 6.722 6.839 29/01/1962
6.943 6.792 6.816 6.361 6.120 6.628 6.525 6.737 6.524 6.287 6.394 6.530 6.778 6.652 6.398 6.937 6.869 6.717 6.593 6.501 6.770 6.842 6.451 6.778 6.693 6.971 6.758 6.464 6.575 6.487 30/01/1962
7.073 7.145 7.046 6.363 6.142 6.986 6.858 6.958 6.549 6.250 7.093 6.931 6.955 6.868 6.355 7.407 7.152 6.832 6.716 6.490 7.359 7.118 6.670 6.875 6.601 7.551 7.087 6.672 6.640 6.433 31/01/1962
3.409 3.484 3.423 2.944 3.310 3.320 3.251 3.337 3.529 3.634 3.685 3.557 3.880 3.797 3.678 3.941 4.263 4.056 3.923 3.840 4.125 4.229 3.800 4.092 4.231 4.422 4.426 4.109 4.166 4.085 01/02/1962
1.100 2.170 2.444 2.299 2.043 1.912 1.724 2.268 3.018 3.098 2.956 3.110 3.147 3.067 3.260 2.981 3.992 3.484 3.371 3.274 3.895 3.964 3.541 3.530 3.414 4.120 3.957 3.580 3.546 3.250 02/02/1962
1.812 2.349 2.473 2.239 1.815 2.320 2.258 2.438 2.910 2.448 2.950 3.041 3.005 3.020 2.532 3.243 4.225 3.556 3.553 3.242 3.855 4.219 3.306 3.566 3.464 4.116 4.385 3.504 3.654 3.400 03/02/1962
1.890 1.970 2.358 2.977 2.952 1.907 1.875 2.326 2.767 3.017 1.771 2.042 2.895 2.906 2.996 2.053 3.032 2.920 2.944 2.893 2.393 3.016 2.701 2.916 2.970 2.633 2.976 2.722 2.901 2.979 04/02/1962
4.654 4.109 4.223 3.697 3.999 3.940 3.835 4.127 4.235 3.994 3.641 3.812 4.520 4.396 4.070 3.893 4.304 4.330 4.174 4.204 4.168 4.276 4.119 4.378 4.325 4.477 4.254 4.217 4.322 4.116 05/02/1962
3.590 3.796 4.037 3.049 3.256 3.646 3.529 3.958 3.779 3.540 3.464 3.938 4.076 3.958 3.617 3.822 4.217 3.748 3.616 3.523 4.197 4.192 3.837 3.819 3.592 4.653 4.165 3.884 3.734 3.349 06/02/1962
4.014 4.766 4.808 3.396 4.236 4.623 4.479 4.693 5.148 4.884 5.292 5.239 5.828 5.689 4.969 5.439 6.382 5.917 5.780 5.622 5.868 6.343 5.903 5.990 5.965 6.157 6.392 6.073 6.043 5.754 07/02/1962
4.263 4.420 4.446 3.914 4.187 4.240 4.147 4.336 5.127 4.544 4.389 4.338 5.479 5.407 4.587 4.634 5.236 5.467 5.350 5.228 4.813 5.229 5.265 5.532 5.521 4.744 5.190 5.353 5.443 5.388 08/02/1962
2.837 2.868 2.895 2.642 2.956 2.734 2.656 2.814 3.549 3.276 2.873 2.923 3.803 3.751 3.351 3.112 3.676 3.976 3.873 3.796 3.281 3.641 3.737 4.042 4.113 3.529 3.787 3.952 4.051 3.940 09/02/1962
3.366 3.718 3.898 3.663 4.317 3.562 3.468 3.803 4.817 4.737 3.778 3.918 4.917 4.847 4.794 4.144 4.876 5.051 4.969 5.160 4.509 4.845 4.877 5.107 5.423 4.787 4.958 5.083 5.276 5.277 10/02/1962
2.563 3.164 3.479 3.294 3.274 2.984 2.826 3.366 4.054 3.915 3.152 3.674 3.969 3.815 3.973 2.239 3.383 3.996 3.836 4.420 2.983 3.366 3.998 4.074 4.833 3.577 3.880 4.641 4.776 4.630 11/02/1962
0.855 0.956 1.008 -0.468 -0.119 0.693 0.497 0.840 0.936 0.103 0.733 0.935 1.165 1.005 0.244 1.247 1.293 1.063 0.838 1.164 1.790 1.255 1.104 1.156 1.608 2.288 1.712 1.621 1.653 1.279 12/02/1962
-1.515 -1.493 -1.581 -2.277 -2.450 -1.674 -1.847 -1.729 -1.779 -2.162 -1.632 -1.593 -1.439 -1.565 -2.038 -1.210 -0.996 -1.411 -1.601 -1.691 -1.052 -1.024 -1.484 -1.359 -1.339 -0.948 -0.872 -1.330 -1.309 -1.622 13/02/1962
-2.784 -2.534 -2.585 -2.825 -3.143 -2.619 -2.782 -2.665 -2.839 -2.921 -2.536 -2.563 -2.457 -2.514 -2.885 -2.741 -2.528 -2.383 -2.469 -2.535 -2.569 -2.542 -2.477 -2.341 -2.337 -2.411 -2.458 -2.443 -2.367 -2.474 14/02/1962
-5.266 -5.147 -5.383 -6.710 -6.474 -5.344 -5.476 -5.522 -5.861 -6.096 -5.106 -5.244 -4.781 -4.897 -5.932 -5.179 -5.031 -4.621 -4.758 -5.178 -4.930 -5.030 -4.523 -4.588 -4.660 -4.724 -5.179 -4.500 -4.521 -4.797 15/02/1962
-5.424 -5.324 -5.468 -6.060 -5.700 -5.569 -5.782 -5.608 -4.722 -5.174 -5.597 -5.539 -4.217 -4.296 -5.066 -5.365 -5.166 -4.162 -4.242 -4.348 -5.059 -5.205 -4.387 -4.125 -3.883 -4.610 -4.997 -4.072 -4.022 -3.982 16/02/1962
-2.315 -2.198 -2.290 -3.036 -3.002 -2.430 -2.618 -2.418 -2.625 -2.813 -2.415 -2.422 -2.134 -2.177 -2.713 -2.463 -2.041 -1.995 -2.082 -2.180 -2.237 -2.079 -2.317 -2.018 -1.978 -1.742 -2.042 -2.245 -2.143 -2.036 17/02/1962
-4.566 -4.576 -4.675 -5.673 -6.358 -4.882 -5.076 -4.877 -5.623 -6.072 -4.671 -4.747 -4.757 -4.864 -5.903 -4.951 -4.918 -4.495 -4.591 -4.848 -4.863 -4.902 -4.773 -4.461 -4.487 -4.627 -5.038 -4.642 -4.497 -4.603 18/02/1962
-6.360 -6.321 -6.551 -7.532 -7.965 -6.527 -6.673 -6.683 -6.986 -7.544 -6.447 -6.602 -5.738 -5.772 -7.394 -6.385 -6.419 -5.525 -5.595 -6.198 -6.302 -6.417 -5.734 -5.519 -5.617 -6.013 -6.466 -5.674 -5.699 -5.688 19/02/1962
-4.639 -4.732 -5.207 -6.714 -7.655 -5.019 -5.174 -5.392 -6.582 -7.223 -4.826 -5.074 -5.219 -5.362 -7.060 -5.230 -5.976 -5.262 -5.445 -5.992 -5.379 -5.982 -5.291 -5.222 -5.538 -5.444 -6.553 -5.723 -5.724 -5.750 20/02/1962
-7.783 -7.868 -8.504 -10.703 -10.825 -8.309 -8.602 -8.788 -9.757 -10.528 -8.140 -8.382 -8.618 -8.665 -10.424 -7.543 -7.951 -8.573 -8.653 -9.420 -7.525 -7.954 -8.632 -8.570 -8.785 -7.449 -8.196 -8.676 -8.785 -8.886 21/02/1962
-5.731 -5.971 -6.821 -8.448 -8.243 -6.398 -6.587 -7.077 -7.365 -8.108 -5.744 -6.260 -6.375 -6.489 -8.017 -5.117 -6.522 -6.366 -6.484 -7.245 -5.012 -6.557 -6.164 -6.324 -6.785 -4.878 -6.736 -6.248 -6.522 -6.878 22/02/1962
-4.435 -4.488 -4.615 -5.889 -5.448 -4.719 -4.862 -4.770 -4.789 -5.208 -4.544 -4.699 -4.317 -4.444 -5.047 -4.487 -4.744 -4.341 -4.456 -4.484 -4.274 -4.746 -4.323 -4.282 -4.349 -4.119 -4.946 -4.260 -4.396 -4.556 23/02/1962
-3.711 -3.459 -3.663 -5.372 -4.264 -3.671 -3.789 -3.814 -3.480 -3.596 -3.455 -3.402 -2.718 -2.767 -3.487 -3.348 -2.944 -2.427 -2.484 -2.805 -3.263 -2.981 -2.567 -2.454 -2.462 -2.862 -3.136 -2.715 -2.615 -2.488 24/02/1962
-4.050 -3.428 -3.840 -4.417 -4.297 -3.663 -3.843 -4.004 -3.560 -3.722 -3.222 -3.590 -2.927 -3.020 -3.659 -3.501 -3.412 -2.641 -2.780 -3.124 -3.265 -3.432 -2.842 -2.602 -2.539 -3.017 -3.473 -2.739 -2.581 -2.747 25/02/1962
-2.635 -2.574 -2.654 -3.279 -3.233 -2.824 -3.014 -2.822 -2.637 -3.096 -2.839 -2.883 -2.302 -2.504 -2.925 -2.356 -2.248 -2.278 -2.429 -2.573 -2.080 -2.302 -2.576 -2.234 -2.287 -1.890 -2.335 -2.551 -2.368 -2.492 26/02/1962
0.604 0.611 0.623 -0.721 0.045 0.298 0.076 0.418 0.247 -0.060 0.145 0.201 0.415 0.369 0.049 0.949 0.952 0.213 0.153 0.028 1.096 0.906 0.106 0.235 -0.007 1.339 0.679 0.008 -0.069 -0.111 27/02/1962
1.013 1.224 1.202 0.367 0.082 1.080 0.967 1.134 0.696 -0.073 1.235 1.058 0.904 0.855 -0.033 1.041 0.966 0.819 0.750 0.563 1.080 0.941 0.914 0.860 0.575 1.376 1.010 1.027 0.702 0.464 28/02/1962
6.439 6.379 6.232 5.398 5.034 6.256 6.168 6.182 4.997 4.669 6.226 6.081 5.357 5.295 4.800 6.573 6.165 5.279 5.173 4.815 6.464 6.155 5.261 5.305 4.936 6.484 6.326 5.435 5.141 4.844 01/03/1962
9.838 9.734 9.659 8.523 9.228 9.645 9.579 9.602 9.388 9.186 9.572 9.545 9.622 9.563 9.257 9.752 9.990 9.472 9.395 9.228 9.614 9.976 9.389 9.485 9.244 9.718 10.054 9.527 9.340 9.159 02/03/1962
10.837 10.901 10.809 10.342 10.624 10.761 10.667 10.737 10.728 10.546 10.830 10.800 11.005 10.916 10.633 11.056 11.338 10.900 10.806 10.553 11.035 11.328 10.751 10.947 10.552 11.157 11.362 10.927 10.654 10.435 03/03/1962
11.561 11.414 11.363 11.018 10.901 11.263 11.166 11.260 11.322 10.935 11.109 11.241 11.397 11.306 11.043 11.432 11.812 11.345 11.224 11.254 11.394 11.764 11.085 11.386 11.389 11.626 11.894 11.353 11.355 11.247 04/03/1962
11.558 11.375 11.065 10.751 10.603 11.125 10.926 10.930 11.061 10.713 11.038 11.099 11.131 11.010 10.847 11.532 11.263 10.826 10.689 11.083 11.511 11.223 11.222 10.891 11.117 11.550 11.171 11.261 11.100 10.936 05/03/1962
10.782 10.567 10.365 9.835 9.485 10.449 10.363 10.309 9.738 9.413 10.381 10.261 9.909 9.836 9.439 11.548 11.184 9.533 9.452 9.678 11.253 11.195 9.733 9.562 9.589 11.104 11.111 9.714 9.637 9.514 06/03/1962
17.489 17.018 16.675 16.258 15.613 16.604 16.267 16.428 15.781 15.167 16.100 16.108 15.335 15.222 15.201 15.510 14.928 14.806 14.632 15.501 15.512 14.885 15.723 14.893 15.530 15.787 14.919 15.797 15.717 15.265 07/03/1962
17.627 17.337 17.179 17.275 18.070 17.101 16.918 16.998 17.856 17.657 16.549 16.614 17.470 17.418 17.692 17.217 17.971 17.023 16.911 17.506 17.107 17.918 17.667 17.043 17.374 17.081 18.038 17.716 17.562 17.285 08/03/1962
15.007 14.942 14.982 14.681 15.507 14.815 14.701 14.956 15.492 15.381 14.660 14.662 15.183 15.156 15.435 15.185 15.904 15.026 14.964 15.408 15.265 15.860 15.041 15.054 15.146 15.453 16.187 15.411 15.369 15.058 09/03/1962
11.854 11.702 11.812 11.566 12.101 11.419 11.306 11.683 12.482 12.038 11.422 11.627 12.393 12.210 12.098 11.689 12.108 12.212 11.956 12.700 11.921 12.067 12.239 12.326 12.721 11.999 12.430 12.752 13.155 12.397 10/03/1962
8.631 9.038 9.138 8.711 8.472 8.746 8.519 8.963 9.095 8.697 8.923 9.259 9.764 9.510 8.681 10.183 11.174 9.725 9.381 9.399 10.900 11.148 9.819 9.847 9.743 11.215 11.214 10.141 10.073 9.309 11/03/1962
10.661 11.017 11.525 11.365 11.058 10.750 10.501 11.365 12.110 11.283 11.118 11.646 12.596 12.397 11.471 12.487 13.625 12.859 12.577 12.432 13.362 13.572 12.817 12.964 13.353 13.907 14.181 13.618 13.562 13.006 12/03/1962
8.833 8.803 8.766 8.013 8.340 8.648 8.537 8.661 8.990 8.537 9.211 9.041 9.074 8.983 8.638 9.564 10.355 9.172 9.030 9.207 9.933 10.337 9.672 9.220 9.530 9.922 10.319 9.780 9.670 9.359 13/03/1962
8.271 8.265 8.337 7.489 7.979 8.111 8.007 8.228 8.327 8.052 8.281 8.359 8.355 8.248 8.172 8.436 9.072 8.383 8.218 8.288 8.589 9.047 8.462 8.422 8.449 8.542 9.063 8.508 8.520 8.252 14/03/1962
11.958 11.858 11.830 11.343 12.516 11.726 11.664 11.751 12.321 12.368 11.847 11.691 12.426 12.408 12.383 12.404 12.836 12.375 12.355 12.310 12.394 12.830 12.434 12.383 12.304 12.509 12.859 12.466 12.338 12.290 15/03/1962
8.096 8.102 8.262 7.734 7.801 7.976 7.925 8.184 8.204 7.848 7.752 7.885 8.236 8.150 7.906 7.703 8.453 8.335 8.239 8.278 7.942 8.440 8.163 8.362 8.450 8.411 8.755 8.507 8.477 8.330 16/03/1962
7.538 7.501 7.979 7.644 7.864 7.336 7.258 7.895 8.255 8.055 7.186 7.515 7.961 7.857 8.163 7.785 8.452 8.134 8.025 8.263 8.149 8.446 7.785 8.188 7.960 8.652 8.908 8.421 8.303 7.801 17/03/1962
6.325 6.653 6.633 6.538 6.651 6.505 6.359 6.555 6.674 6.560 6.570 6.632 6.720 6.652 6.670 6.828 6.942 6.781 6.651 6.740 7.176 6.919 6.664 6.808 6.851 7.579 7.348 7.137 7.100 6.683 18/03/1962
7.359 7.392 7.471 7.291 7.540 7.158 6.975 7.334 7.336 7.347 6.612 6.935 7.434 7.331 7.451 7.058 7.273 6.857 6.673 6.891 6.749 7.255 6.639 6.931 6.978 6.804 7.072 6.744 6.939 6.777 19/03/1962
9.786 9.777 9.752 9.408 9.048 9.554 9.389 9.631 9.278 9.003 9.280 9.338 9.421 9.174 9.214 9.290 9.069 9.039 8.729 8.802 9.306 9.029 8.715 9.166 8.929 9.593 9.037 9.064 8.996 8.506 20/03/1962
12.064 11.945 12.947 12.176 12.370 11.792 11.680 12.808 12.783 12.489 11.761 12.825 13.179 13.031 12.628 12.079 12.117 13.036 12.816 12.738 12.241 12.081 13.007 13.112 12.962 12.543 12.201 13.236 13.002 12.690 21/03/1962
13.535 13.523 13.540 12.915 12.809 13.332 13.165 13.436 13.148 12.731 13.391 13.475 13.939 13.829 12.896 13.761 14.045 13.736 13.606 13.219 13.959 13.999 13.852 13.790 13.484 13.948 14.139 14.049 13.795 13.250 22/03/1962
12.874 12.729 12.656 12.367 12.947 12.493 12.302 12.521 13.041 13.036 12.386 12.472 13.276 13.103 13.183 13.050 13.933 13.185 12.993 12.953 13.295 13.873 13.071 13.262 13.242 13.562 14.113 13.375 13.418 12.963 23/03/1962
10.071 9.683 9.896 9.583 9.030 9.583 9.497 9.810 8.992 8.685 9.161 9.057 8.903 8.823 8.713 9.554 9.328 8.402 8.364 8.655 9.150 9.317 8.202 8.431 8.244 9.002 9.133 8.078 8.117 8.151 24/03/1962
14.103 13.940 13.884 12.783 12.873 13.717 13.501 13.751 13.601 12.924 13.761 13.700 13.720 13.564 13.092 14.169 14.766 13.652 13.468 13.393 14.544 14.735 13.858 13.739 13.462 14.583 14.679 14.006 14.016 13.172 25/03/1962
13.623 13.363 13.398 12.851 14.369 13.223 13.085 13.312 14.209 14.404 13.241 13.198 14.216 14.208 14.528 14.089 14.566 14.222 14.190 14.163 14.411 14.559 14.281 14.241 14.069 14.496 14.578 14.348 14.422 14.011 26/03/1962
11.762 12.461 12.541 12.071 12.635 12.292 12.129 12.443 12.777 12.503 12.429 12.187 12.943 12.868 12.650 12.882 13.118 12.797 12.683 12.468 12.843 13.098 12.767 12.839 12.331 12.771 12.988 12.759 12.639 12.132 27/03/1962
9.888 10.209 10.204 9.793 9.914 10.039 9.911 10.088 10.226 10.027 10.158 10.118 10.432 10.320 10.147 10.437 10.670 10.379 10.251 10.116 10.401 10.632 10.226 10.444 10.063 10.457 10.626 10.298 10.234 9.873 28/03/1962
12.816 12.333 12.040 10.623 10.934 12.201 12.121 11.936 11.514 11.109 12.657 12.416 12.446 12.348 11.227 12.901 13.201 12.754 12.704 12.281 13.222 13.165 13.009 12.770 12.670 13.476 13.513 13.287 13.000 12.546 29/03/1962
12.161 12.168 12.160 11.335 11.324 12.019 11.877 12.068 11.642 11.317 12.084 12.110 12.253 12.159 11.432 12.329 12.534 11.960 11.882 11.708 12.360 12.485 11.989 12.012 11.954 12.312 12.345 11.987 11.953 11.800 30/03/1962
9.697 9.682 9.450 8.702 8.787 9.552 9.407 9.335 9.266 8.866 9.652 9.566 9.684 9.580 8.974 10.103 9.729 9.511 9.399 9.238 10.132 9.699 9.551 9.539 9.434 10.203 9.636 9.524 9.488 9.275 31/03/1962
7.578 7.511 7.479 7.007 6.775 7.482 7.363 7.449 6.935 6.858 7.461 7.325 7.047 6.841 7.143 7.370 7.230 6.904 6.642 6.810 7.072 7.201 6.782 6.973 7.175 6.881 7.098 6.981 7.049 6.782 01/04/1962
6.363 6.304 6.412 6.569 6.062 6.280 6.178 6.377 5.866 6.171 6.292 6.266 5.847 5.773 6.230 6.837 6.295 5.798 5.659 5.915 6.731 6.323 5.789 5.819 5.972 6.585 6.163 5.802 5.829 5.855 02/04/1962
7.219 7.031 7.027 7.210 6.217 6.857 6.754 6.938 6.845 6.362 6.860 6.845 6.910 6.780 6.535 6.647 7.005 6.958 6.750 6.759 6.796 6.981 6.708 7.031 7.017 6.995 6.978 6.839 6.964 6.752 03/04/1962
10.439 10.356 10.251 9.847 9.673 10.113 9.931 10.103 9.980 9.776 10.050 9.937 10.239 9.920 9.934 9.972 8.805 10.093 9.851 9.853 9.961 8.788 9.771 10.310 10.345 10.025 8.772 10.416 10.400 9.858 04/04/1962
11.180 11.135 11.076 10.942 11.541 11.016 10.907 10.990 11.849 12.076 11.789 11.624 12.404 12.207 12.086 11.914 12.454 12.525 12.264 12.035 12.496 12.436 12.838 12.648 12.692 12.728 12.685 13.447 13.173 12.366 05/04/1962
13.380 13.285 13.246 13.296 13.384 13.139 13.022 13.143 13.405 13.510 13.320 13.183 13.542 13.435 13.572 13.529 13.771 13.490 13.410 13.357 13.570 13.743 13.423 13.539 13.565 13.718 13.873 13.677 13.646 13.454 06/04/1962
16.023 15.937 15.932 15.910 15.886 15.802 15.709 15.858 15.919 15.865 16.005 15.876 16.045 16.008 15.940 15.438 15.867 16.003 15.951 15.894 15.546 15.838 15.977 16.040 15.987 15.726 15.916 16.024 16.008 15.922 07/04/1962
17.648 17.085 17.120 16.709 16.096 16.992 16.940 17.056 16.009 16.236 17.079 17.050 16.058 16.018 16.294 16.007 16.751 16.110 16.085 16.057 16.008 16.744 16.121 16.128 15.792 16.067 16.606 16.014 15.874 15.734 08/04/1962
14.751 14.544 14.563 15.328 15.124 14.460 14.379 14.485 16.414 15.306 14.454 14.524 16.187 16.185 15.437 14.901 14.804 16.294 16.304 16.818 14.734 14.824 16.007 16.300 16.361 14.650 14.543 15.799 15.957 16.356 09/04/1962
15.501 15.189 15.035 15.038 14.694 14.981 14.808 14.920 15.946 15.270 14.283 14.818 14.850 14.725 15.381 13.819 13.616 14.671 14.535 15.742 13.639 13.629 14.210 14.733 14.743 13.405 13.299 14.038 14.641 14.541 10/04/1962
14.143 14.103 14.128 15.093 14.492 13.950 13.860 14.027 14.625 14.659 13.947 14.048 14.378 14.327 14.766 14.310 14.335 14.140 14.077 14.408 14.272 14.318 14.119 14.180 14.057 14.168 14.122 14.062 14.111 13.925 11/04/1962
14.312 13.960 13.507 13.428 13.538 13.742 13.665 13.350 14.005 13.845 14.151 13.561 13.800 13.683 13.963 14.838 14.264 13.855 13.702 14.244 14.927 14.232 13.912 13.906 14.493 14.886 14.460 14.228 14.280 14.318 12/04/1962
14.649 14.654 14.515 13.938 13.906 14.468 14.383 14.375 14.785 14.249 14.743 14.576 14.876 14.757 14.337 14.154 14.788 14.957 14.862 14.975 14.376 14.757 14.889 14.988 15.128 14.689 14.978 15.055 15.089 15.063 13/04/1962
12.835 12.866 12.888 12.622 12.612 12.703 12.549 12.766 13.308 12.963 12.858 12.841 13.353 13.243 13.053 12.547 13.227 13.528 13.441 13.512 12.801 13.224 13.369 13.579 13.772 13.015 13.311 13.627 13.737 13.640 14/04/1962
11.823 11.908 11.862 11.561 11.043 11.807 11.702 11.792 11.618 11.259 11.887 11.952 11.843 11.815 11.354 12.350 13.402 11.894 11.839 11.757 12.372 13.381 11.730 11.907 11.913 12.519 13.409 11.796 11.834 11.859 15/04/1962
10.270 10.296 10.102 9.890 10.456 10.191 10.057 10.008 10.887 10.745 10.288 10.257 11.080 10.956 10.857 10.859 11.901 11.021 10.901 10.815 10.994 11.847 11.000 11.100 11.057 11.048 11.909 11.128 11.144 10.859 16/04/1962
9.153 9.148 9.074 8.511 9.201 8.982 8.849 8.959 9.147 9.461 9.023 9.087 9.374 9.261 9.578 9.529 10.184 9.408 9.273 9.185 9.686 10.154 9.369 9.496 9.417 9.930 10.237 9.574 9.565 9.235 17/04/1962
10.623 10.489 10.301 9.765 10.146 10.184 9.899 10.080 10.722 10.370 10.454 10.306 10.958 10.757 10.539 10.721 10.902 11.045 10.746 10.599 10.972 10.859 10.882 11.109 10.970 11.435 10.792 11.092 11.079 10.607 18/04/1962
11.140 11.160 11.205 10.910 11.014 10.906 10.711 11.077 11.667 11.229 10.920 10.962 11.679 11.571 11.384 11.278 12.456 11.626 11.435 11.575 11.435 12.443 11.347 11.644 11.408 11.592 12.299 11.463 11.421 11.183 19/04/1962
14.066 14.206 14.117 13.388 14.137 13.934 13.674 13.955 14.862 14.528 14.116 14.146 15.039 14.851 14.652 14.290 14.315 15.197 14.965 15.035 14.550 14.278 14.896 15.243 15.292 14.801 14.286 15.150 15.224 15.023 20/04/1962
17.065 17.114 17.154 16.736 15.874 16.952 16.858 17.039 17.057 16.135 16.919 16.989 17.192 17.184 16.254 16.311 16.747 17.263 17.260 17.368 16.272 16.739 17.021 17.260 17.258 16.267 16.622 16.867 17.020 17.262 21/04/1962
19.577 19.653 19.944 19.559 19.221 19.558 19.493 19.868 19.828 19.193 19.397 19.602 19.941 19.854 19.154 18.672 18.652 19.803 19.693 19.716 18.754 18.632 19.443 19.829 19.491 18.910 18.540 19.428 19.542 19.461 22/04/1962
17.731 17.459 17.685 17.858 17.629 17.313 17.201 17.547 17.434 17.257 16.873 17.045 17.391 17.287 17.328 16.717 16.396 17.087 16.981 17.086 16.501 16.371 16.954 17.122 16.974 16.495 16.177 16.827 16.899 16.875 23/04/1962
18.678 18.374 18.502 18.018 16.758 18.347 18.314 18.498 18.471 16.443 18.385 18.316 18.443 18.372 16.473 18.417 18.684 18.368 18.267 18.259 18.367 18.657 18.312 18.389 18.320 18.460 18.610 18.289 18.354 18.170 24/04/1962
17.568 17.394 17.554 17.118 16.467 17.369 17.375 17.561 17.188 16.300 16.939 17.182 16.982 16.916 16.311 17.468 16.927 16.795 16.681 16.871 17.272 16.942 16.496 16.806 16.683 16.942 16.721 16.460 16.594 16.548 25/04/1962
17.962 17.879 17.844 18.098 17.357 17.914 17.893 17.918 17.837 17.210 17.806 17.748 17.908 17.893 17.292 17.732 17.639 17.822 17.791 17.675 17.527 17.637 17.745 17.837 17.588 17.269 17.398 17.651 17.596 17.536 26/04/1962
18.576 18.351 18.346 18.196 17.400 18.284 18.192 18.311 17.838 17.170 18.180 18.172 17.971 17.887 17.325 18.190 19.118 17.801 17.651 17.631 18.339 19.109 17.755 17.855 17.784 18.452 19.021 17.949 17.887 17.572 27/04/1962
18.147 17.969 17.903 17.382 17.503 17.873 17.799 17.827 17.637 17.282 17.742 17.718 17.848 17.827 17.347 19.507 19.190 17.712 17.693 17.517 19.489 19.160 17.696 17.739 17.522 19.766 18.848 17.596 17.581 17.467 28/04/1962
18.878 18.561 18.498 17.486 17.733 18.504 18.465 18.448 17.980 17.584 18.403 18.433 18.128 18.126 17.650 18.728 19.116 18.020 17.970 17.750 18.709 19.094 18.015 18.024 17.764 18.805 18.923 17.906 17.871 17.655 29/04/1962
17.714 17.569 17.636 17.815 18.080 17.495 17.498 17.568 18.507 18.070 17.292 17.427 18.552 18.577 18.115 17.540 17.480 18.441 18.485 18.441 17.443 17.487 18.233 18.458 18.123 17.342 17.064 17.833 17.852 18.157 30/04/1962
17.262 17.325 17.200 16.374 16.547 17.154 17.042 17.101 17.448 16.926 17.314 17.281 17.813 17.699 16.992 17.234 17.631 18.039 17.944 17.664 17.658 17.615 17.833 18.116 18.174 18.051 17.788 18.181 18.239 18.010 01/05/1962
19.796 19.800 19.726 18.783 18.605 19.618 19.470 19.609 19.284 18.849 19.972 19.904 19.519 19.345 18.952 19.793 20.161 19.725 19.588 19.381 20.162 20.108 19.644 19.785 19.856 20.662 20.306 19.968 19.916 19.659 02/05/1962
22.161 22.171 22.199 21.610 21.075 22.015 22.031 22.075 22.016 21.152 21.937 21.959 22.168 22.054 21.203 22.316 23.010 22.115 21.991 21.966 22.406 22.955 22.105 22.153 22.076 22.561 23.057 22.205 22.190 21.921 03/05/1962
21.297 21.083 20.756 19.354 19.389 20.633 20.408 20.459 20.310 19.441 20.888 20.824 20.536 20.272 19.635 22.324 22.595 20.586 20.291 20.068 22.684 22.553 20.656 20.685 20.361 22.836 22.579 20.890 20.836 19.962 04/05/1962
21.865 21.754 21.712 21.583 21.277 21.509 21.394 21.541 21.716 21.196 21.599 21.566 21.683 21.571 21.349 21.907 22.160 21.726 21.577 21.492 22.042 22.136 21.677 21.758 21.657 22.106 22.111 21.806 21.857 21.477 05/05/1962
18.063 17.980 18.002 17.526 17.450 17.711 17.488 17.826 18.239 17.578 18.095 18.016 18.457 18.276 17.728 18.352 19.302 18.748 18.513 18.385 18.876 19.278 18.640 18.798 18.793 19.025 19.342 18.844 18.854 18.515 06/05/1962
19.782 19.716 19.737 19.050 19.282 19.524 19.408 19.598 19.185 19.257 19.712 19.710 19.657 19.514 19.357 19.194 19.319 19.644 19.474 19.026 19.427 19.280 19.643 19.700 19.226 19.515 19.175 19.727 19.594 18.976 07/05/1962
18.460 18.304 18.205 17.886 17.866 18.153 18.109 18.115 18.239 17.942 18.385 18.265 18.559 18.409 18.111 18.238 18.836 18.571 18.395 18.129 18.321 18.797 18.637 18.650 18.471 18.681 18.848 18.820 18.781 18.200 08/05/1962
20.043 19.901 19.645 19.844 19.078 19.539 19.255 19.410 20.181 19.174 19.906 19.702 20.509 20.262 19.352 18.811 18.878 20.595 20.258 20.001 19.222 18.792 20.585 20.728 20.612 19.651 19.036 21.148 21.031 20.126 09/05/1962
17.213 17.195 17.125 16.112 17.034 17.060 16.939 17.060 17.532 17.164 17.305 17.142 17.631 17.610 17.246 17.790 17.494 17.721 17.670 17.561 18.012 17.470 17.678 17.726 17.690 18.224 17.535 17.757 17.747 17.616 10/05/1962
16.426 16.410 16.293 15.682 16.108 16.243 16.130 16.194 16.788 16.366 16.607 16.402 17.171 16.995 16.557 17.263 17.196 17.247 17.015 16.991 17.382 17.199 17.079 17.354 17.383 17.615 17.221 17.455 17.475 17.043 11/05/1962
13.257 13.103 12.718 12.164 12.484 12.881 12.733 12.617 13.078 12.638 13.202 12.873 13.587 13.459 12.831 14.225 14.050 13.566 13.367 13.074 14.332 14.024 13.654 13.674 13.613 14.615 14.041 13.944 13.849 13.288 12/05/1962
12.556 12.365 12.114 11.037 11.296 12.265 12.256 12.069 11.948 11.281 12.361 12.136 12.293 12.252 11.408 12.433 12.452 12.205 12.102 11.803 12.299 12.438 12.320 12.239 11.891 12.372 12.284 12.328 12.176 11.764 13/05/1962
13.230 13.391 12.992 13.053 13.135 13.401 13.439 12.992 13.417 13.180 14.687 13.304 13.689 13.488 13.295 14.755 14.328 13.810 13.566 13.301 14.956 14.282 14.090 13.872 13.723 15.274 14.438 14.537 13.967 13.391 14/05/1962
15.126 15.193 14.879 14.869 14.732 15.011 14.877 14.783 14.982 14.623 15.436 14.828 15.302 15.125 14.695 15.983 15.622 15.197 14.995 14.766 16.034 15.572 15.365 15.292 15.916 16.393 15.831 15.730 15.382 15.647 15/05/1962
13.321 13.636 13.736 13.428 13.971 13.589 13.585 13.715 14.765 14.688 14.634 14.346 14.739 14.668 14.732 15.304 16.365 15.445 15.386 15.579 16.075 16.355 15.347 15.481 16.259 16.672 17.022 16.145 15.993 16.176 16/05/1962
14.572 14.336 14.044 13.000 13.221 14.186 14.079 13.961 13.370 13.249 14.310 14.133 13.797 13.725 13.318 14.312 14.760 13.956 13.883 13.541 14.607 14.738 13.948 13.969 14.138 14.965 15.023 14.200 13.988 13.968 17/05/1962
15.122 15.326 14.992 14.449 14.286 15.185 15.128 14.919 14.995 14.570 15.228 15.286 15.432 15.396 14.626 15.442 15.809 15.597 15.539 15.153 15.586 15.788 15.724 15.605 15.545 15.755 15.935 15.797 15.692 15.404 18/05/1962
15.178 15.051 15.068 15.403 15.393 14.972 14.907 15.020 15.583 15.341 14.749 14.795 15.573 15.480 15.395 15.385 15.336 15.492 15.381 15.428 15.122 15.315 15.260 15.528 15.635 15.114 15.079 14.962 15.476 15.512 19/05/1962
14.430 14.422 14.891 14.435 14.122 14.428 14.443 14.913 15.581 14.199 14.255 14.291 15.317 15.246 14.233 14.520 15.185 15.639 15.622 15.707 14.225 15.164 14.911 15.668 16.121 14.539 15.383 15.190 16.029 16.103 20/05/1962
18.089 18.674 18.710 18.524 18.504 18.610 18.586 18.675 18.644 18.557 19.028 18.769 18.655 18.663 18.526 19.641 20.510 18.785 18.854 18.741 19.400 20.465 18.906 18.793 18.953 19.836 20.794 19.059 19.033 19.022 21/05/1962
23.280 23.138 23.062 21.915 22.041 23.140 23.278 23.113 23.072 22.132 23.175 23.133 23.263 23.008 22.336 21.826 21.212 23.214 22.907 22.817 22.062 21.088 23.273 23.339 23.186 22.346 21.449 23.650 23.393 22.764 22/05/1962
23.373 22.997 23.400 22.091 23.927 22.966 22.909 23.380 24.616 23.887 22.616 22.989 24.401 24.296 23.981 22.775 23.924 24.301 24.184 24.447 22.928 23.909 23.940 24.351 24.333 22.800 23.739 24.017 24.143 24.169 23/05/1962
23.008 22.671 22.479 21.494 22.662 22.583 22.603 22.445 22.993 22.597 22.360 22.413 23.066 22.956 22.652 22.184 22.298 23.114 22.985 22.979 22.026 22.294 23.033 23.168 23.072 21.865 22.270 23.206 23.236 22.888 24/05/1962
21.151 21.516 22.297 22.719 23.456 21.267 21.146 22.170 23.986 23.812 21.791 23.020 24.157 24.092 23.897 22.624 24.261 23.997 23.920 23.903 23.747 24.250 24.021 24.031 23.984 23.865 24.207 24.072 24.041 23.868 25/05/1962
21.879 21.825 21.774 21.123 22.149 21.570 21.492 21.675 22.167 22.156 21.928 21.872 22.241 22.126 22.179 21.925 21.932 22.133 22.045 22.177 22.077 21.912 22.331 22.205 22.504 22.293 21.967 22.533 22.538 22.325 26/05/1962
19.674 19.634 19.602 20.513 20.775 19.423 19.291 19.501 21.340 20.967 19.459 19.496 21.299 21.318 21.150 20.622 21.493 21.377 21.454 21.559 20.531 21.501 21.362 21.385 21.730 20.907 21.776 21.626 21.677 21.775 27/05/1962
19.304 19.345 19.511 18.956 20.026 19.170 18.919 19.393 20.472 20.078 19.429 19.351 21.014 20.808 20.215 20.715 21.315 21.031 20.794 20.779 20.908 21.292 20.951 21.132 21.125 21.526 21.942 21.869 21.562 20.795 28/05/1962
19.652 19.511 19.325 18.371 19.534 19.325 19.200 19.230 19.568 19.405 19.574 19.393 20.190 20.148 19.401 21.286 21.361 20.004 19.963 20.152 21.010 21.328 20.265 20.018 20.374 20.743 21.373 20.400 20.045 20.317 29/05/1962
16.352 16.450 16.463 15.513 15.536 16.184 15.934 16.334 16.015 15.649 16.381 16.466 16.245 16.119 15.717 17.124 16.808 16.437 16.243 16.292 17.269 16.756 16.235 16.526 16.804 17.513 17.254 16.719 16.889 16.591 30/05/1962
14.376 14.460 14.469 13.278 13.175 14.307 14.149 14.356 13.833 13.580 14.723 14.471 14.789 14.645 13.697 14.760 14.937 14.736 14.560 14.131 14.834 14.891 14.735 14.817 14.701 15.045 15.089 15.029 14.865 14.437 31/05/1962
16.674 16.854 17.034 16.944 17.181 16.849 16.812 17.030 17.945 17.602 17.081 17.093 17.856 17.727 17.761 16.786 17.841 18.003 17.847 17.849 17.037 17.802 17.856 18.083 17.865 17.195 18.029 18.215 18.110 17.653 01/06/1962
20.375 20.323 20.432 20.018 20.445 20.160 20.050 20.326 21.008 20.516 20.240 20.276 21.003 20.875 20.665 19.849 20.698 20.912 20.774 20.787 20.147 20.650 20.883 20.968 20.977 20.450 20.943 21.235 21.110 20.778 02/06/1962
17.040 16.971 17.134 16.682 16.504 16.707 16.517 17.003 17.247 16.843 17.311 17.175 17.272 17.080 16.998 17.405 18.255 17.662 17.426 17.439 17.893 18.198 17.613 17.753 17.828 18.436 18.806 18.306 18.103 17.518 03/06/1962
18.797 18.685 18.775 19.097 19.035 18.509 18.390 18.675 19.361 19.156 18.546 18.773 19.416 19.321 19.270 18.535 19.360 19.402 19.278 19.409 18.925 19.343 19.308 19.435 19.488 19.240 19.556 19.574 19.578 19.354 04/06/1962
16.971 16.632 16.522 16.354 16.552 16.438 16.244 16.387 16.694 16.519 16.379 16.317 16.503 16.381 16.661 16.433 16.747 16.355 16.197 16.312 16.508 16.703 16.521 16.424 16.255 16.809 16.685 16.642 16.453 15.982 05/06/1962
17.386 16.912 16.842 16.398 16.165 16.734 16.541 16.713 16.640 16.266 16.548 16.540 16.565 16.425 16.433 16.637 17.018 16.412 16.206 16.022 16.719 16.974 16.482 16.489 16.304 17.003 16.987 16.566 16.405 16.095 06/06/1962
17.267 17.219 17.069 17.062 16.770 16.976 16.754 16.904 17.212 17.026 16.981 17.058 17.163 17.000 17.243 17.119 17.425 17.356 17.159 17.244 17.221 17.398 17.180 17.429 17.768 17.506 17.645 17.619 17.781 17.576 07/06/1962
19.092 19.062 19.091 19.098 19.154 18.857 18.688 18.953 19.655 19.355 18.932 19.034 19.571 19.401 19.509 18.758 19.460 19.615 19.444 19.589 18.936 19.432 19.418 19.679 19.705 19.103 19.556 19.679 19.774 19.511 08/06/1962
25.997 25.926 26.073 25.964 25.945 25.826 25.733 25.995 26.404 26.082 26.069 25.987 26.343 26.206 26.205 25.914 26.104 26.318 26.177 26.053 26.254 26.071 26.250 26.369 26.481 26.519 26.346 26.622 26.694 26.297 09/06/1962
25.574 25.495 25.678 25.888 26.011 25.455 25.452 25.687 26.471 26.099 25.417 25.578 26.340 26.243 26.196 25.614 26.372 26.359 26.270 26.435 25.994 26.339 26.073 26.383 26.666 26.440 26.778 26.433 26.602 26.695 10/06/1962
26.464 26.812 26.910 26.806 26.958 26.599 26.425 26.777 27.549 27.200 27.136 27.194 27.529 27.397 27.259 27.032 27.290 27.605 27.460 27.643 27.364 27.270 27.513 27.656 27.956 27.614 27.498 27.897 27.972 27.771 11/06/1962
25.320 25.515 26.081 25.556 25.716 25.438 25.344 26.006 26.178 25.810 25.267 25.874 26.145 26.009 25.848 24.913 25.740 26.080 25.986 26.405 25.528 25.752 25.726 26.130 26.658 25.799 25.974 26.158 26.322 26.494 12/06/1962
25.533 25.885 26.001 25.949 26.909 25.709 25.550 25.883 27.238 27.146 25.974 26.276 27.246 27.128 27.178 25.809 28.245 27.594 27.503 27.502 26.526 28.183 27.410 27.663 27.828 27.320 28.662 27.900 27.950 27.677 13/06/1962
27.101 27.409 27.540 27.181 27.631 27.362 27.320 27.507 27.771 27.719 27.180 27.464 27.761 27.718 27.778 27.255 28.666 27.842 27.826 27.611 27.633 28.633 27.722 27.886 27.674 28.082 28.742 27.850 27.841 27.573 14/06/1962
22.606 22.638 22.728 21.750 22.724 22.532 22.456 22.664 22.471 22.576 22.391 22.796 22.644 22.675 22.592 21.832 23.320 22.561 22.595 22.254 22.382 23.287 22.577 22.567 22.298 22.603 23.486 22.718 22.560 22.243 15/06/1962
17.189 17.264 17.601 17.376 17.568 17.123 17.028 17.543 17.828 17.721 17.046 17.587 18.149 18.076 17.846 17.181 18.546 17.962 17.842 17.882 17.661 18.519 17.832 17.996 18.076 17.536 18.299 17.752 17.970 17.917 16/06/1962
15.089 15.122 15.280 15.082 15.239 14.914 14.736 15.182 15.685 15.511 14.923 15.167 15.564 15.435 15.651 15.070 15.706 15.688 15.506 15.640 15.410 15.659 15.415 15.760 16.006 15.703 15.870 15.683 15.940 15.738 17/06/1962
19.259 19.342 19.299 19.098 18.492 19.025 18.771 19.124 19.147 18.777 19.117 19.246 19.088 18.974 18.928 18.608 19.073 19.132 18.968 19.083 18.847 19.036 18.980 19.171 19.250 19.001 19.200 19.275 19.292 19.045 18/06/1962
23.847 23.774 23.760 23.831 23.130 23.606 23.440 23.635 23.643 23.247 23.867 23.822 23.702 23.572 23.388 23.777 24.022 23.742 23.574 23.502 24.059 23.983 23.754 23.812 23.874 24.216 24.124 24.052 24.037 23.642 19/06/1962
24.334 23.918 23.940 23.942 23.377 23.801 23.701 23.889 23.670 23.260 23.324 23.425 23.534 23.470 23.360 23.518 23.219 23.366 23.282 23.461 23.536 23.198 23.200 23.399 23.411 23.519 23.166 23.312 23.389 23.309 20/06/1962
24.894 24.788 25.060 23.998 24.308 24.717 24.630 25.030 24.269 24.344 23.933 24.453 23.971 23.936 24.436 23.909 23.147 23.785 23.731 24.259 23.901 23.123 23.344 23.820 24.019 23.868 22.802 23.023 23.471 23.971 21/06/1962
25.147 25.134 25.283 25.110 25.211 25.014 24.890 25.228 26.166 25.811 24.873 25.165 25.773 25.634 25.823 24.798 24.709 26.091 25.922 26.644 25.256 24.701 25.569 26.166 27.261 26.051 25.192 26.228 26.746 27.011 22/06/1962
25.869 25.879 25.888 25.534 25.631 25.784 25.738 25.827 26.456 25.862 25.815 25.850 26.134 25.999 25.919 25.690 25.777 26.516 26.342 26.744 26.090 25.750 26.137 26.590 27.144 26.430 26.166 26.819 26.910 26.898 23/06/1962
26.597 26.618 26.507 26.542 26.364 26.434 26.304 26.396 27.357 26.537 26.510 26.487 27.391 27.256 26.666 26.271 26.804 27.469 27.327 27.431 26.482 26.797 27.355 27.532 27.569 26.678 26.961 27.798 27.657 27.407 24/06/1962
26.633 26.677 26.523 26.378 27.500 26.500 26.354 26.435 27.554 27.679 26.619 26.594 27.614 27.446 27.749 26.660 27.349 27.655 27.488 27.511 26.851 27.342 27.606 27.732 27.730 27.072 27.423 28.004 27.944 27.479 25/06/1962
28.012 27.885 27.811 27.335 27.899 27.798 27.640 27.763 28.176 27.846 27.828 27.702 28.250 28.126 27.883 27.858 28.160 28.164 28.010 28.037 28.120 28.124 28.345 28.214 28.479 28.567 28.615 29.048 28.788 28.268 26/06/1962
29.749 29.446 29.459 28.701 29.284 29.272 29.168 29.335 29.342 29.169 29.076 29.115 29.412 29.334 29.214 29.097 29.022 29.110 28.983 28.728 29.175 28.979 29.047 29.169 29.045 29.053 28.972 29.169 29.183 28.850 27/06/1962
26.744 26.555 27.094 26.968 27.473 26.355 26.270 26.989 27.958 27.465 25.781 26.259 27.568 27.398 27.528 25.812 26.567 27.330 27.158 27.808 25.986 26.533 26.761 27.415 27.883 26.035 26.614 27.039 27.379 27.603 28/06/1962
22.277 22.448 22.593 22.492 22.107 22.328 22.255 22.574 22.414 22.330 22.160 22.442 22.358 22.237 22.473 21.293 21.842 22.405 22.289 22.528 21.558 21.831 22.151 22.466 22.766 21.656 21.954 22.434 22.630 22.581 29/06/1962
21.396 21.200 21.386 21.827 21.870 20.901 20.676 21.222 23.354 22.070 20.510 20.909 23.098 23.009 22.206 21.103 21.776 23.143 23.027 23.313 21.446 21.766 22.612 23.210 23.612 21.704 21.946 22.990 23.388 23.434 30/06/1962
22.147 21.868 22.143 22.451 21.560 21.666 21.521 22.040 22.102 21.467 21.663 21.667 21.883 21.718 21.662 21.643 21.019 21.768 21.588 21.818 21.898 21.007 21.655 21.826 21.751 22.311 21.113 21.952 21.806 21.517 01/07/1962
25.295 25.298 25.213 24.066 24.850 25.085 24.924 25.100 25.373 24.932 24.785 24.875 25.384 25.214 25.042 25.405 25.277 25.253 25.075 25.322 25.419 25.248 25.121 25.344 25.482 25.856 25.386 25.359 25.385 25.242 02/07/1962
18.925 19.099 18.770 19.040 18.785 18.962 18.822 18.660 19.217 18.967 19.105 18.787 19.060 18.916 19.089 19.660 19.039 19.123 18.943 19.290 19.344 19.014 18.889 19.207 19.835 19.389 19.246 19.314 19.483 19.536 03/07/1962
17.675 17.769 17.873 18.279 17.635 17.616 17.464 17.747 17.983 17.805 17.578 17.755 18.114 17.939 17.960 18.125 18.281 18.252 18.023 18.002 18.396 18.261 17.991 18.350 18.362 18.483 18.356 18.254 18.430 18.077 04/07/1962
20.286 20.032 19.942 19.744 19.509 19.801 19.612 19.810 20.560 19.624 19.996 19.953 20.707 20.539 19.754 19.905 20.291 20.803 20.591 20.552 20.172 20.237 20.874 20.893 20.857 20.404 20.353 21.094 21.045 20.550 05/07/1962
21.709 21.689 21.486 21.195 21.024 21.474 21.278 21.340 21.724 21.132 21.635 21.560 21.794 21.701 21.296 21.482 21.592 21.921 21.786 21.704 21.596 21.561 21.942 21.964 21.963 21.930 21.775 22.167 22.192 21.812 06/07/1962
21.574 21.526 21.525 21.441 21.540 21.411 21.324 21.455 21.960 21.635 21.358 21.465 21.912 21.835 21.742 21.223 21.953 21.940 21.841 21.937 21.346 21.921 21.830 21.975 22.062 21.560 22.056 21.965 22.031 21.954 07/07/1962
21.020 20.831 20.827 20.431 20.954 20.714 20.604 20.753 21.186 21.068 20.726 20.785 21.226 21.061 21.186 21.254 22.305 21.289 21.106 21.112 21.420 22.241 21.186 21.351 21.358 21.581 22.360 21.453 21.534 21.068 08/07/1962
20.192 20.097 19.997 19.767 19.821 19.929 19.790 19.894 20.431 20.091 20.177 20.180 20.486 20.306 20.241 20.578 21.305 20.597 20.397 20.448 20.933 21.275 20.556 20.669 20.979 21.259 21.577 21.078 21.003 20.682 09/07/1962
20.817 20.829 20.709 20.253 20.934 20.598 20.390 20.567 21.429 21.138 20.724 20.780 21.495 21.365 21.272 20.646 21.109 21.744 21.592 21.511 21.035 21.050 21.605 21.818 21.957 21.504 21.399 22.043 22.068 21.728 10/07/1962
21.929 21.910 21.846 21.486 21.502 21.696 21.527 21.709 22.938 21.621 21.728 21.669 22.908 22.748 21.791 21.863 22.133 22.927 22.725 22.830 22.015 22.112 22.785 23.026 23.318 22.348 22.353 23.259 23.361 23.047 11/07/1962
26.062 26.236 26.144 25.918 26.533 26.095 25.968 26.030 26.468 26.853 25.871 26.086 26.292 26.233 26.938 26.443 27.503 26.378 26.302 26.579 26.897 27.469 26.249 26.421 26.632 26.984 27.560 26.364 26.433 26.506 12/07/1962
20.645 20.743 20.937 20.456 22.471 20.614 20.474 20.827 21.726 22.533 20.684 20.880 21.647 21.513 22.539 21.429 22.363 21.780 21.667 21.751 21.906 22.340 21.763 21.824 21.993 22.437 22.475 22.025 22.124 21.844 13/07/1962
17.203 16.842 16.784 16.645 16.912 16.551 16.384 16.619 17.175 17.098 16.613 16.609 17.109 16.898 17.307 17.093 17.267 17.202 16.975 17.130 17.309 17.207 17.068 17.301 17.441 17.574 17.479 17.463 17.480 17.104 14/07/1962
17.599 17.325 17.214 16.705 17.081 17.107 16.969 17.096 17.736 17.084 17.047 17.073 17.714 17.610 17.226 17.729 17.571 17.778 17.641 17.695 17.839 17.534 17.674 17.828 17.913 17.946 17.631 17.862 17.934 17.727 15/07/1962
19.105 18.437 18.296 17.884 17.960 18.229 18.095 18.175 18.051 17.722 18.188 18.110 18.299 18.161 17.855 18.404 18.550 18.077 17.891 17.901 18.455 18.512 18.063 18.144 17.824 18.574 18.540 18.253 18.132 17.622 16/07/1962
19.727 19.531 19.340 18.106 19.168 19.245 19.010 19.174 18.970 19.125 19.210 19.201 19.064 18.925 19.253 19.915 20.235 18.851 18.690 19.133 20.120 20.208 19.153 18.893 19.387 20.297 20.378 19.473 19.380 19.224 17/07/1962
19.750 19.420 19.300 19.005 19.623 19.185 18.992 19.158 19.829 19.500 19.354 19.203 19.979 19.843 19.670 20.022 20.540 19.921 19.755 19.767 20.178 20.516 19.988 19.973 19.875 20.512 20.803 20.412 20.246 19.661 18/07/1962
23.301 23.176 23.011 22.321 22.565 23.010 22.878 22.910 23.372 22.788 23.006 22.890 23.506 23.319 22.972 23.548 23.532 23.536 23.306 23.285 23.710 23.474 23.384 23.624 23.694 24.037 23.744 23.929 23.841 23.366 19/07/1962
23.877 23.677 23.498 22.793 22.062 23.470 23.295 23.369 22.399 22.257 23.620 23.541 22.565 22.406 22.377 23.972 24.400 22.388 22.169 22.139 24.051 24.353 22.490 22.455 22.119 24.205 24.229 22.596 22.463 21.841 20/07/1962
21.038 20.904 20.697 20.031 20.309 20.668 20.478 20.537 20.784 20.654 20.709 20.778 20.812 20.665 20.776 20.558 21.245 20.813 20.618 20.721 20.896 21.209 20.788 20.873 20.872 21.177 21.250 21.021 20.932 20.618 21/07/1962
18.783 18.717 18.552 18.232 18.554 18.491 18.332 18.392 18.726 18.610 18.493 18.493 18.863 18.653 18.761 18.618 18.828 18.645 18.386 18.511 18.610 18.769 18.526 18.737 18.655 19.023 19.100 19.012 18.891 18.332 22/07/1962
18.230 18.096 17.912 17.200 17.315 17.818 17.655 17.701 17.333 17.220 17.955 17.875 17.447 17.265 17.340 17.862 17.892 17.297 17.087 16.949 18.116 17.867 17.572 17.409 17.136 18.366 17.971 17.904 17.532 16.858 23/07/1962
20.720 20.556 20.645 19.964 20.185 20.284 20.024 20.463 20.755 20.317 20.162 20.298 20.421 20.388 20.422 19.962 20.356 20.401 20.345 20.526 20.261 20.340 20.309 20.439 20.357 20.448 20.381 20.332 20.420 20.186 24/07/1962
21.389 21.352 21.254 20.300 21.413 21.206 21.074 21.159 21.071 21.501 21.211 21.240 21.072 20.998 21.643 21.260 21.833 21.060 20.979 20.979 21.409 21.828 21.052 21.109 20.908 21.510 21.836 21.147 21.090 20.761 25/07/1962
20.759 20.843 20.715 19.918 21.475 20.645 20.499 20.620 21.621 21.657 20.611 20.718 21.648 21.536 21.775 20.625 21.833 21.662 21.537 21.582 20.917 21.806 21.576 21.709 21.654 21.115 21.984 21.882 21.858 21.485 26/07/1962
20.782 20.695 20.576 20.187 20.581 20.504 20.384 20.493 20.913 20.587 20.486 20.445 20.964 20.853 20.689 20.324 21.017 21.107 20.955 20.858 20.435 20.998 21.177 21.187 20.755 20.555 20.880 21.053 21.069 20.599 27/07/1962
20.091 19.788 19.639 19.538 19.635 19.673 19.577 19.559 19.984 19.639 19.812 19.613 19.977 19.880 19.745 19.717 20.208 20.188 20.064 20.151 19.774 20.183 20.123 20.238 20.498 19.829 20.269 20.279 20.400 20.331 28/07/1962
21.264 21.147 21.036 20.709 21.150 20.998 20.878 20.950 21.372 21.191 21.098 21.005 21.314 21.211 21.304 21.230 21.080 21.349 21.231 21.331 21.354 21.053 21.342 21.409 21.523 21.291 21.150 21.551 21.546 21.318 29/07/1962
19.745 19.786 19.682 19.069 19.785 19.642 19.507 19.597 20.107 20.071 19.826 19.812 20.119 20.012 20.194 19.767 20.287 20.211 20.057 20.112 20.104 20.257 20.203 20.258 20.403 20.420 20.512 20.609 20.600 20.203 30/07/1962
20.410 20.477 20.355 19.788 19.819 20.273 20.106 20.217 20.478 20.063 20.454 20.409 20.497 20.382 20.210 20.776 21.062 20.554 20.392 20.407 21.137 21.024 20.576 20.607 20.681 21.448 21.330 20.954 20.833 20.445 31/07/1962
