# 6448 6449 6450 6451 6452 6528 6529 6530 6531 6532 6610 6611 6612 6613 6614 6693 6694 6695 6696 6697 6776 6777 6778 6779 6780 6859 6860 6861 6862 6863 Date
25.502 25.616 25.314 24.215 25.458 25.403 25.211 25.169 25.509 25.507 25.629 25.539 25.599 25.477 25.579 25.492 25.449 25.677 25.544 25.448 25.730 25.448 25.698 25.737 25.801 26.006 25.592 25.932 25.858 25.592 01/08/2052
24.673 24.776 24.512 25.029 25.352 24.588 24.462 24.361 25.457 25.393 24.786 24.645 25.666 25.496 25.540 24.527 24.759 25.674 25.565 25.375 24.615 24.726 25.700 25.777 25.848 24.962 24.922 26.151 25.946 25.587 02/08/2052
26.598 26.612 26.469 25.676 27.383 26.474 26.389 26.386 27.241 27.062 27.062 26.995 27.404 27.315 27.124 26.878 26.104 27.440 27.306 27.089 26.858 26.079 27.499 27.452 27.358 26.814 26.055 27.394 27.331 27.238 03/08/2052
27.255 27.809 27.411 27.338 28.047 27.818 27.763 27.394 27.761 27.675 28.289 27.990 27.743 27.657 27.575 28.433 27.749 27.830 27.693 27.478 28.538 27.749 27.973 27.811 27.557 27.890 27.589 27.630 27.572 27.461 04/08/2052
28.030 28.565 28.369 28.235 28.992 28.459 28.389 28.276 28.847 28.905 28.754 28.657 28.902 28.969 28.799 29.058 29.017 29.092 29.152 28.536 28.913 29.039 29.014 29.044 28.674 28.592 28.914 28.714 28.782 28.817 05/08/2052
28.955 29.458 29.465 29.663 28.862 29.245 29.121 29.327 29.760 29.170 29.527 29.496 29.894 29.797 29.288 28.826 29.099 29.842 29.722 29.718 28.981 29.102 29.823 29.884 29.912 28.980 29.076 29.811 30.019 29.753 06/08/2052
30.039 30.072 30.316 29.238 28.908 29.855 29.737 30.179 29.611 29.111 29.976 29.994 30.013 30.007 29.124 29.152 30.262 29.765 29.752 29.627 29.011 30.292 29.589 29.767 29.545 28.825 30.032 29.271 29.634 29.536 07/08/2052
26.105 26.499 26.345 25.734 25.453 26.349 26.330 26.254 26.153 25.734 26.382 26.432 26.217 26.170 25.743 25.897 26.385 26.066 26.032 26.081 25.851 26.407 25.787 26.120 25.936 25.639 26.046 25.558 25.675 25.828 08/08/2052
25.401 25.338 25.297 24.764 24.413 25.425 25.522 25.396 25.420 24.968 25.253 25.464 25.318 25.110 25.077 25.787 25.032 24.825 24.622 25.040 25.218 24.999 24.517 24.901 25.118 25.276 25.018 24.657 24.920 24.794 09/08/2052
25.505 25.342 25.132 24.088 23.444 25.208 25.122 25.041 24.536 23.506 24.547 24.748 24.525 24.506 23.593 24.283 24.150 24.301 24.197 24.271 23.985 24.133 24.034 24.335 24.073 24.019 24.165 24.177 24.226 23.895 10/08/2052
25.680 25.519 25.476 25.012 24.626 25.367 25.252 25.384 25.300 24.566 25.052 25.065 25.163 25.112 24.651 24.917 25.420 24.999 24.868 25.090 24.950 25.410 24.777 25.032 25.194 25.108 25.485 24.937 25.055 25.045 11/08/2052
25.184 25.212 24.998 25.002 24.950 25.078 24.954 24.918 25.445 25.002 24.815 24.920 25.638 25.583 25.037 24.952 25.465 25.471 25.425 25.381 24.754 25.415 25.336 25.481 25.432 24.855 25.601 25.429 25.499 25.327 12/08/2052
26.159 26.348 26.333 26.051 26.022 26.202 26.106 26.225 26.336 25.909 25.733 25.941 26.327 26.179 25.929 25.567 25.893 26.360 26.211 26.286 25.570 25.889 26.007 26.429 26.705 25.705 25.931 26.185 26.542 26.458 13/08/2052
27.960 28.149 28.201 26.924 26.217 28.044 28.039 28.139 26.602 26.142 27.749 27.906 26.644 26.502 26.166 26.795 26.668 26.513 26.375 26.579 26.886 26.677 26.266 26.578 26.877 27.031 26.670 26.521 26.820 26.659 14/08/2052
25.520 25.585 25.608 25.207 24.423 25.398 25.250 25.472 25.407 24.724 25.275 25.417 25.433 25.366 24.835 25.258 25.043 25.434 25.252 25.461 25.373 25.035 25.253 25.497 25.650 25.470 25.115 25.512 25.842 25.441 15/08/2052
25.873 25.758 25.926 24.134 25.139 25.679 25.616 25.832 25.880 25.183 25.385 25.443 25.743 25.685 25.210 25.209 25.469 25.410 25.341 25.869 25.067 25.458 25.180 25.427 25.918 25.185 25.632 25.380 25.700 25.845 16/08/2052
27.893 28.203 28.163 27.181 27.942 28.112 28.077 28.098 27.069 27.823 28.079 27.907 26.772 26.741 27.712 27.122 28.016 26.615 26.551 26.919 26.994 28.025 26.683 26.604 27.739 26.997 28.273 26.917 27.014 27.721 17/08/2052
26.119 26.345 26.260 25.563 25.276 26.307 26.275 26.262 25.339 25.235 26.190 26.226 25.353 25.301 25.240 25.782 26.225 25.228 25.144 25.229 26.028 26.234 25.331 25.231 25.821 25.848 26.217 25.428 25.558 25.671 18/08/2052
24.584 24.792 24.724 23.713 24.052 24.638 24.563 24.644 24.806 24.284 24.674 24.736 24.865 24.767 24.341 24.190 25.043 24.851 24.676 24.694 24.513 24.997 24.780 24.900 25.025 24.458 25.299 25.197 25.221 24.789 19/08/2052
22.996 23.053 23.245 22.690 22.677 22.887 22.797 23.135 23.291 22.991 23.027 23.022 23.000 22.913 23.068 22.730 23.622 23.106 22.984 23.244 23.033 23.594 22.937 23.146 23.225 23.222 23.827 23.275 23.350 23.026 20/08/2052
23.459 22.538 22.447 22.216 22.340 22.409 22.267 22.360 21.734 21.352 21.594 21.262 21.213 21.103 21.430 21.602 20.821 20.355 20.241 20.651 21.239 20.777 20.346 20.395 22.911 22.978 23.109 22.895 22.961 22.757 21/08/2052
24.659 24.533 24.830 24.255 25.304 24.558 24.489 24.806 24.910 24.875 24.131 24.130 24.724 24.612 25.001 23.483 24.059 24.297 24.181 24.331 23.379 24.019 24.230 24.332 24.807 23.545 24.375 24.762 24.871 24.634 22/08/2052
26.032 25.966 25.914 24.661 24.465 25.854 25.792 25.850 25.705 24.538 25.530 25.700 25.769 25.616 24.630 24.688 25.337 25.636 25.519 25.542 24.500 25.309 25.395 25.687 25.779 24.568 25.525 25.778 25.927 25.588 23/08/2052
21.569 21.485 21.474 20.786 21.378 21.359 21.261 21.402 21.778 21.558 21.082 21.319 21.625 21.482 21.697 21.434 21.474 21.619 21.482 21.746 21.303 21.451 21.284 21.712 22.079 21.384 21.644 21.676 22.080 21.861 24/08/2052
20.645 20.703 20.612 20.196 20.876 20.509 20.362 20.502 21.076 20.922 20.531 20.584 21.242 21.113 21.038 21.349 21.242 21.029 20.929 20.938 21.267 21.220 20.925 21.096 21.040 21.234 21.121 20.976 21.086 20.858 25/08/2052
20.204 20.302 19.645 19.594 20.299 20.116 19.953 19.509 20.099 19.948 19.862 19.882 20.532 20.404 20.091 20.381 20.783 20.420 20.259 20.054 20.408 20.760 20.298 20.492 20.659 20.447 20.822 20.569 20.622 20.456 26/08/2052
19.443 19.386 19.141 19.022 19.608 19.219 19.105 19.032 19.415 19.387 19.350 19.290 19.843 19.730 19.482 19.727 20.165 19.480 19.335 19.391 19.821 20.134 19.695 19.548 20.123 20.184 20.343 20.083 20.125 19.945 27/08/2052
19.790 19.872 19.842 19.769 19.604 19.696 19.527 19.714 19.761 19.403 19.729 19.772 19.830 19.692 19.531 20.008 20.171 19.738 19.625 19.781 20.154 20.141 19.597 19.816 20.056 20.439 20.291 19.879 19.899 19.882 28/08/2052
19.290 19.503 19.251 18.400 18.227 19.313 19.132 19.118 19.107 18.545 19.800 19.646 19.587 19.392 18.697 20.002 19.862 19.797 19.594 19.503 20.490 19.815 19.900 19.876 20.067 20.812 20.173 20.393 20.144 19.753 29/08/2052
18.893 18.990 19.001 17.787 18.977 18.844 18.732 18.893 19.453 19.226 19.232 19.118 19.606 19.442 19.365 19.551 19.775 19.690 19.520 19.579 19.941 19.729 19.781 19.769 19.867 20.069 20.016 20.175 20.039 19.623 30/08/2052
21.066 21.264 21.306 20.169 19.874 21.201 21.113 21.244 20.567 20.325 21.869 21.787 20.775 20.674 20.407 22.322 22.041 20.931 20.809 20.801 22.680 22.025 21.145 20.984 20.979 22.917 22.248 21.428 21.320 20.816 31/08/2052
24.779 24.924 25.204 24.204 24.162 24.920 24.905 25.197 24.961 24.379 25.305 25.262 24.986 24.905 24.431 26.026 26.379 24.988 24.893 24.835 26.258 26.376 25.132 25.029 24.597 26.204 26.271 25.150 24.981 24.443 01/09/2052
25.339 25.249 25.312 24.426 24.648 25.217 25.183 25.291 25.855 24.988 25.848 25.875 26.007 25.854 25.112 26.123 27.111 26.633 26.451 26.547 26.587 27.088 26.469 26.710 26.793 26.462 26.953 26.529 26.783 26.526 02/09/2052
22.882 23.013 22.975 23.151 22.792 22.836 22.765 22.858 23.487 23.069 23.320 23.106 23.443 23.345 23.168 23.588 23.825 23.840 23.735 24.061 23.898 23.812 23.568 23.890 23.941 24.019 23.913 23.775 23.768 23.835 03/09/2052
22.110 21.796 21.691 20.750 21.690 21.637 21.490 21.600 22.233 21.798 21.643 21.633 22.148 22.083 21.785 21.368 21.803 22.238 22.185 22.475 21.266 21.811 22.117 22.289 22.348 21.182 21.719 22.139 22.188 22.224 04/09/2052
21.145 21.050 21.048 21.867 21.491 20.833 20.692 20.908 22.223 21.803 20.897 20.999 21.990 21.858 21.928 21.017 21.530 22.372 22.191 22.468 21.114 21.496 21.500 22.454 22.712 21.368 22.445 22.355 22.537 22.458 05/09/2052
20.723 20.756 20.777 20.547 20.683 20.676 20.631 20.718 21.289 21.005 20.657 20.752 21.233 21.140 21.085 21.041 21.691 21.588 21.495 21.703 20.958 21.659 21.082 21.607 21.773 20.774 22.079 21.460 21.683 21.660 06/09/2052
19.701 19.870 19.924 19.520 19.424 19.800 19.768 19.859 20.143 19.903 19.972 20.045 20.008 19.927 19.954 20.121 20.328 20.247 20.167 20.357 20.154 20.319 20.117 20.281 20.223 20.168 20.450 20.342 20.442 20.109 07/09/2052
19.821 19.725 19.832 19.367 19.293 19.598 19.505 19.736 19.757 19.683 19.665 19.725 19.565 19.508 19.757 19.669 19.684 19.588 19.520 19.761 19.786 19.657 19.592 19.620 19.342 19.766 19.685 19.675 19.645 19.225 08/09/2052
19.688 19.744 20.146 19.660 19.622 19.682 19.660 20.100 19.908 19.932 19.830 19.922 19.724 19.696 19.993 20.669 20.881 19.767 19.718 19.893 20.766 20.921 19.687 19.801 19.545 20.653 20.884 19.847 19.750 19.535 09/09/2052
21.298 21.247 21.415 20.856 20.551 21.273 21.275 21.425 20.777 20.650 21.318 21.363 20.725 20.702 20.681 21.501 21.579 20.761 20.730 20.754 21.518 21.598 20.753 20.787 20.666 21.374 21.542 20.813 20.757 20.629 10/09/2052
21.986 21.950 22.271 21.891 21.045 21.940 21.888 22.236 22.067 21.657 22.031 22.187 21.912 21.837 21.709 21.805 22.149 21.823 21.710 21.948 22.058 22.118 21.799 21.853 21.714 21.960 22.170 21.916 21.801 21.579 11/09/2052
22.993 22.884 23.066 22.396 22.544 22.819 22.791 23.020 22.816 22.774 22.887 22.933 22.824 22.716 22.822 22.862 23.055 22.831 22.696 22.831 23.037 23.038 22.743 22.885 22.878 23.160 23.245 22.946 22.969 22.767 12/09/2052
22.858 22.880 23.131 22.090 22.347 22.755 22.682 23.036 22.964 22.727 23.126 23.097 23.169 23.089 22.784 23.574 23.728 23.151 23.013 22.992 23.844 23.705 23.167 23.210 23.035 23.894 23.702 23.228 23.186 22.818 13/09/2052
23.493 23.529 23.687 23.220 23.221 23.447 23.425 23.629 23.298 23.137 23.685 23.662 23.327 23.192 23.182 24.035 23.793 23.306 23.148 23.064 24.040 23.780 23.320 23.374 23.119 24.126 23.768 23.387 23.356 22.885 14/09/2052
22.156 22.127 22.245 21.704 21.878 22.065 22.015 22.199 21.802 21.929 21.949 22.085 21.783 21.776 21.992 22.285 22.035 21.818 21.813 21.857 22.268 22.062 21.713 21.816 21.836 22.204 22.052 21.799 21.804 21.835 15/09/2052
23.350 23.200 23.200 22.114 22.635 23.032 22.925 23.091 23.215 23.003 22.805 23.214 23.236 23.093 23.081 23.080 23.765 23.102 22.951 23.067 22.968 23.733 22.884 23.166 23.121 23.027 23.824 23.004 23.181 22.903 16/09/2052
21.807 21.641 21.393 19.942 20.248 21.381 21.168 21.251 20.590 20.304 21.164 21.309 20.941 20.810 20.412 20.931 21.545 20.743 20.585 20.281 20.835 21.521 20.874 20.826 20.460 20.682 21.027 20.613 20.480 20.219 17/09/2052
20.116 19.727 19.566 18.347 18.507 19.487 19.320 19.390 19.084 18.226 18.770 18.910 19.467 19.205 18.407 19.832 19.248 18.988 18.683 18.363 19.733 19.242 18.914 19.119 18.519 19.611 18.952 18.978 18.827 18.136 18/09/2052
17.622 17.192 17.042 16.060 15.800 17.169 17.132 16.997 16.201 15.660 16.836 16.727 16.113 16.000 15.745 17.132 16.902 16.253 16.126 16.101 16.973 16.902 16.190 16.294 15.956 17.024 16.763 16.214 16.153 15.780 19/09/2052
17.577 17.472 17.498 17.288 17.328 17.374 17.280 17.427 17.534 17.150 17.461 17.329 17.588 17.499 17.248 18.022 18.296 17.621 17.525 17.505 17.988 18.288 17.791 17.674 17.807 18.090 18.198 17.802 17.896 17.669 20/09/2052
16.762 16.514 16.475 16.315 15.437 16.472 16.434 16.431 16.087 15.423 16.312 16.389 16.187 16.149 15.493 16.579 16.412 16.038 16.032 15.983 16.701 16.412 16.314 16.089 15.911 16.570 16.249 16.134 16.116 15.859 21/09/2052
17.243 17.091 16.974 16.750 16.618 17.053 17.039 16.926 16.708 16.505 16.894 16.896 16.911 16.855 16.567 17.306 17.188 16.777 16.739 16.591 17.342 17.176 16.938 16.799 16.476 17.202 16.895 16.662 16.672 16.442 22/09/2052
18.500 17.743 17.726 17.673 19.196 17.619 17.514 17.648 17.757 19.185 17.406 17.478 17.941 17.818 19.308 17.777 18.304 17.753 17.624 17.647 17.733 18.291 17.788 17.813 17.633 17.774 18.163 17.733 17.793 17.502 23/09/2052
16.927 16.574 16.681 16.447 17.160 16.518 16.459 16.621 16.609 17.021 16.162 16.294 16.658 16.466 17.129 16.288 16.510 16.436 16.239 16.474 16.259 16.496 16.418 16.530 16.638 16.205 16.478 16.654 16.585 16.399 24/09/2052
14.698 14.520 14.337 14.390 14.364 14.486 14.443 14.342 14.206 14.398 14.489 14.373 14.164 14.082 14.457 15.201 15.049 14.086 14.035 14.205 15.232 15.063 14.312 14.104 14.182 15.670 15.130 14.530 14.301 14.063 25/09/2052
14.756 14.959 14.875 14.360 14.233 14.869 14.809 14.814 14.900 14.910 15.579 15.457 15.015 15.003 15.040 16.168 15.647 15.329 15.303 15.341 15.858 15.649 15.241 15.355 15.371 15.456 14.681 14.458 14.927 15.311 26/09/2052
14.670 14.686 14.706 14.611 14.642 14.548 14.479 14.649 15.047 14.747 15.023 14.834 14.993 14.940 14.801 15.720 15.264 15.179 15.087 15.073 15.611 15.247 15.132 15.213 15.159 15.487 14.944 14.999 15.161 15.028 27/09/2052
15.677 15.642 15.708 16.228 16.192 15.524 15.462 15.647 16.748 16.208 15.991 15.769 16.837 16.710 16.356 17.194 17.139 16.855 16.716 16.772 17.517 17.116 17.120 16.922 16.934 17.855 17.232 17.368 17.137 16.715 28/09/2052
15.185 14.819 14.988 15.081 14.930 14.747 14.689 14.934 15.194 14.890 14.892 14.785 14.897 14.784 14.993 15.757 15.569 14.917 14.783 15.310 15.949 15.572 14.855 14.981 15.487 15.908 15.443 14.975 15.012 15.346 29/09/2052
15.825 15.634 15.608 15.726 15.226 15.392 15.217 15.445 15.702 15.330 15.527 15.495 15.637 15.532 15.392 15.614 15.724 15.638 15.520 15.771 15.798 15.683 15.575 15.686 15.866 15.931 15.792 15.719 15.742 15.733 30/09/2052
16.810 16.533 16.451 16.671 15.995 16.052 15.744 16.129 16.596 15.984 16.303 16.254 16.505 16.482 15.981 15.705 15.699 16.413 16.413 16.421 16.120 15.665 16.536 16.444 16.233 16.505 15.839 16.612 16.344 16.222 01/10/2052
15.942 16.054 16.075 16.223 15.893 15.874 15.791 15.933 16.229 15.649 15.483 15.643 16.287 16.281 15.680 15.738 15.868 15.883 15.883 16.006 15.494 15.860 15.599 15.881 15.800 15.214 15.524 15.204 15.434 15.811 02/10/2052
16.417 16.417 16.577 16.221 16.325 16.263 16.179 16.492 16.692 16.232 15.874 16.191 16.707 16.617 16.306 16.470 16.508 16.535 16.447 16.529 16.422 16.518 16.321 16.560 16.624 16.347 16.403 16.363 16.474 16.498 03/10/2052
17.195 17.116 17.188 17.235 17.303 16.991 16.916 17.108 17.637 17.412 16.971 17.022 17.592 17.542 17.444 16.557 16.545 17.528 17.461 17.566 16.419 16.560 17.418 17.542 17.543 16.249 16.496 17.476 17.528 17.471 04/10/2052
16.502 16.275 16.200 16.094 15.980 16.073 15.943 16.050 16.557 16.237 15.979 16.085 16.690 16.601 16.327 15.768 16.050 16.598 16.484 16.336 15.799 16.045 16.571 16.630 16.355 15.841 15.986 16.581 16.539 16.228 05/10/2052
16.522 16.366 16.289 16.000 15.050 16.207 16.102 16.196 15.558 15.134 16.073 16.138 15.581 15.502 15.229 16.332 15.883 15.473 15.364 15.287 16.338 15.886 15.438 15.521 15.363 16.278 15.914 15.559 15.481 15.194 06/10/2052
14.495 14.388 14.705 15.208 14.545 14.244 14.111 14.602 14.879 14.748 13.953 14.292 14.358 14.267 14.809 14.135 14.275 14.303 14.240 14.784 14.133 14.260 14.016 14.339 14.773 14.062 14.231 14.054 14.414 14.634 07/10/2052
14.637 14.376 14.633 14.760 14.731 14.266 14.187 14.549 15.299 14.800 14.225 14.313 14.767 14.678 14.956 14.927 15.234 14.709 14.631 15.061 14.857 15.216 14.534 14.746 15.036 14.919 15.101 14.373 14.479 14.891 08/10/2052
13.567 13.423 13.513 13.149 13.479 13.270 13.175 13.415 13.893 13.466 13.319 13.357 13.719 13.600 13.586 13.819 14.253 13.681 13.546 13.724 13.933 14.233 13.658 13.736 13.709 14.021 14.102 13.697 13.716 13.548 09/10/2052
11.251 11.054 11.273 11.230 11.186 10.796 10.601 11.126 11.325 11.253 10.996 11.101 11.126 10.984 11.390 11.536 11.790 11.130 10.956 11.124 11.878 11.739 11.047 11.225 11.394 11.946 11.830 11.222 11.316 11.113 10/10/2052
10.725 10.873 11.132 11.651 11.818 10.726 10.582 11.026 11.825 11.753 10.999 11.102 11.753 11.629 11.920 11.104 12.171 11.844 11.693 11.622 11.756 12.110 11.987 11.921 11.682 11.902 12.305 12.244 12.009 11.462 11/10/2052
8.739 8.845 9.137 9.702 9.356 8.795 8.778 9.121 9.366 9.236 8.910 8.976 9.136 9.014 9.380 8.856 9.606 9.089 8.927 9.056 9.247 9.580 9.166 9.156 9.014 9.340 9.600 9.333 9.198 8.789 12/10/2052
9.206 9.283 9.335 8.051 8.772 9.035 8.791 9.168 9.583 8.822 8.890 9.149 9.787 9.549 9.028 9.669 10.068 9.758 9.447 9.426 9.856 10.012 9.527 9.887 9.504 10.045 10.043 9.890 9.824 9.051 13/10/2052
10.985 11.135 11.148 10.462 9.853 11.052 10.943 11.070 11.079 10.253 11.030 11.171 11.185 11.009 10.389 10.886 11.590 11.278 11.051 11.103 10.752 11.550 11.020 11.381 11.054 10.363 11.222 10.769 11.046 10.777 14/10/2052
9.347 9.586 9.631 9.029 8.728 9.490 9.385 9.559 9.824 9.169 9.737 9.770 9.875 9.792 9.253 9.946 10.575 10.058 9.922 9.982 10.106 10.559 10.045 10.119 10.125 10.043 10.446 10.031 10.134 9.962 15/10/2052
8.008 7.813 8.095 8.083 8.371 7.721 7.650 8.021 8.841 8.380 7.618 7.814 8.515 8.435 8.385 7.545 8.356 8.419 8.316 8.617 8.014 8.350 8.390 8.502 8.570 7.949 8.311 8.413 8.532 8.437 16/10/2052
8.297 7.983 8.438 8.361 8.188 7.846 7.688 8.294 8.486 8.176 8.323 8.184 8.024 7.996 8.215 8.110 8.517 8.034 8.032 8.373 8.353 8.500 8.090 8.087 8.134 8.458 8.482 8.109 8.180 8.084 17/10/2052
11.047 10.807 10.933 10.698 10.406 10.730 10.682 10.888 10.527 10.248 10.689 10.685 10.581 10.547 10.268 11.760 11.582 10.289 10.264 10.357 11.683 11.577 10.418 10.297 10.088 11.486 11.334 10.173 10.173 10.069 18/10/2052
14.993 14.918 14.899 13.249 13.417 14.473 14.087 14.598 14.013 13.497 14.630 14.761 14.315 13.975 13.802 14.479 15.008 14.149 13.754 13.699 14.341 15.080 14.268 14.311 14.286 14.192 14.860 14.950 14.718 13.713 19/10/2052
11.649 11.661 11.738 11.359 11.629 11.569 11.481 11.682 12.117 11.660 11.708 11.857 12.181 12.109 11.729 11.668 12.424 12.062 11.958 11.855 11.889 12.402 12.553 12.110 12.035 12.036 12.494 12.716 12.395 11.883 20/10/2052
12.873 12.859 13.143 13.757 12.600 12.644 12.535 13.015 13.962 12.895 12.528 12.693 13.670 13.719 12.883 12.270 12.379 13.510 13.534 13.718 12.266 12.454 13.348 13.506 13.527 12.051 12.122 13.206 13.350 13.544 21/10/2052
12.974 12.887 13.026 13.522 14.010 12.724 12.539 12.928 14.424 14.046 12.698 12.785 14.422 14.321 14.136 12.461 13.088 14.380 14.233 14.317 12.512 13.064 14.305 14.418 14.540 12.644 13.118 14.442 14.508 14.320 22/10/2052
13.563 13.419 13.293 13.163 12.986 13.301 13.181 13.207 13.207 12.961 13.037 13.103 13.170 13.052 13.040 13.260 13.239 13.080 12.979 13.237 13.266 13.228 12.913 13.149 13.579 13.378 13.297 13.115 13.243 13.420 23/10/2052
13.553 13.680 13.571 13.294 12.954 13.575 13.505 13.531 13.550 13.261 13.604 13.829 13.810 13.763 13.339 13.544 14.112 13.917 13.867 13.969 14.071 14.101 13.929 13.951 14.251 14.275 14.240 14.136 14.093 14.174 24/10/2052
13.362 13.297 13.175 12.705 12.576 13.109 12.969 13.050 13.172 12.741 13.255 13.214 13.382 13.225 12.839 13.462 13.952 13.619 13.434 13.320 14.302 13.930 13.669 13.672 13.923 14.738 14.285 14.186 14.136 13.705 25/10/2052
14.986 15.005 14.953 15.100 14.689 14.859 14.728 14.839 15.254 14.807 14.937 14.903 15.248 15.132 14.893 15.014 15.475 15.241 15.095 15.196 15.363 15.452 15.213 15.271 15.320 15.555 15.521 15.411 15.401 15.120 26/10/2052
13.873 13.863 13.745 13.619 13.684 13.751 13.608 13.661 14.234 13.830 13.893 13.883 14.235 14.186 13.907 14.121 14.626 14.378 14.268 14.245 14.310 14.598 14.345 14.398 14.626 14.428 14.701 14.476 14.526 14.491 27/10/2052
12.620 12.544 12.439 11.885 11.831 12.444 12.351 12.372 12.042 11.874 12.273 12.413 12.464 12.299 12.001 12.478 13.081 12.417 12.217 12.571 12.787 13.029 12.705 12.503 13.002 13.058 13.181 12.999 12.970 12.698 28/10/2052
13.771 13.396 13.301 13.138 13.236 13.294 13.196 13.254 13.694 13.176 13.340 13.521 14.383 14.182 13.226 13.605 14.298 14.272 14.019 14.110 13.770 14.260 14.447 14.347 14.365 13.736 14.173 14.614 14.641 14.055 29/10/2052
13.030 12.774 12.567 12.195 12.492 12.642 12.567 12.484 12.223 12.284 12.428 12.411 12.468 12.395 12.369 12.526 12.394 12.342 12.238 12.119 12.431 12.365 12.254 12.377 12.424 12.476 12.416 12.365 12.393 12.312 30/10/2052
12.573 12.398 12.268 11.722 11.925 12.259 12.175 12.167 11.964 11.983 12.419 12.261 12.012 11.955 12.062 12.432 12.462 12.198 12.059 11.978 12.683 12.447 12.222 12.236 12.172 12.913 12.544 12.431 12.226 12.072 31/10/2052
13.427 13.392 13.112 13.162 13.339 13.259 13.163 13.044 13.350 13.304 13.514 13.273 13.206 13.129 13.379 13.621 13.439 13.315 13.231 13.095 13.717 13.420 13.452 13.340 13.285 13.783 13.511 13.587 13.437 13.105 01/11/2052
15.267 15.337 15.296 15.415 15.374 15.189 15.028 15.199 15.715 15.366 15.442 15.469 15.677 15.609 15.414 16.313 16.332 15.770 15.703 15.622 16.366 16.312 15.788 15.816 16.037 16.507 16.376 15.944 15.950 15.876 02/11/2052
14.784 14.606 14.450 14.360 14.292 14.375 14.245 14.309 14.386 14.128 14.362 14.333 14.592 14.433 14.312 14.416 15.057 14.559 14.392 14.259 14.364 15.053 14.589 14.615 14.568 14.407 15.014 14.692 14.610 14.340 03/11/2052
12.395 12.234 12.044 11.680 11.615 12.186 12.116 12.027 11.655 11.491 12.211 12.145 11.806 11.735 11.563 12.491 12.589 11.741 11.693 11.616 12.574 12.588 11.853 11.767 11.922 13.015 12.849 12.276 12.106 11.819 04/11/2052
13.626 13.434 13.320 13.257 13.326 13.378 13.276 13.305 13.432 13.401 13.506 13.289 13.384 13.291 13.377 13.848 14.016 13.305 13.238 13.388 14.070 14.003 13.436 13.343 13.807 14.410 14.415 13.890 13.735 13.665 05/11/2052
10.287 10.096 9.693 9.340 10.114 9.928 9.784 9.642 10.304 10.241 10.007 9.710 10.446 10.306 10.327 10.945 11.632 10.359 10.168 10.226 11.091 11.618 10.468 10.431 10.415 11.241 11.766 10.755 10.536 10.167 06/11/2052
10.684 10.442 9.969 9.411 8.317 10.147 9.928 9.811 8.979 8.336 10.321 10.014 9.051 8.998 8.409 10.569 10.118 8.932 8.825 8.751 10.748 10.079 9.160 8.970 8.813 10.768 10.047 9.230 8.967 8.613 07/11/2052
9.188 9.113 8.983 8.878 8.309 8.948 8.792 8.852 8.454 8.274 8.845 8.760 8.486 8.381 8.292 8.961 8.768 8.352 8.231 8.195 8.872 8.769 8.357 8.404 8.210 8.944 8.747 8.411 8.246 8.067 08/11/2052
10.174 9.870 9.964 10.408 9.961 9.727 9.622 9.854 9.742 9.498 9.418 9.420 9.770 9.674 9.539 9.575 9.692 9.398 9.325 9.271 9.691 9.673 9.386 9.461 9.203 9.993 9.778 9.544 9.370 9.102 09/11/2052
11.471 11.225 11.466 11.449 11.936 11.124 11.040 11.352 11.887 11.556 10.865 10.897 11.802 11.722 11.591 10.994 10.981 11.648 11.577 11.584 10.995 10.977 11.551 11.708 11.685 11.129 10.997 11.599 11.627 11.595 10/11/2052
13.172 12.967 13.026 13.052 13.604 12.781 12.687 12.901 14.060 13.390 12.618 12.643 14.039 13.950 13.522 12.824 12.738 13.898 13.772 13.802 12.734 12.734 13.790 13.931 13.905 12.801 12.720 13.881 13.907 13.793 11/11/2052
13.830 13.763 13.792 13.474 13.467 13.746 13.708 13.760 13.426 13.103 13.702 13.593 13.556 13.495 13.149 13.862 13.963 13.476 13.372 13.317 13.804 13.966 13.593 13.509 13.597 13.743 13.980 13.715 13.657 13.482 12/11/2052
15.200 15.117 15.258 15.901 15.572 14.991 14.892 15.184 15.827 15.402 14.760 14.955 15.846 15.607 15.667 14.780 15.639 15.781 15.462 15.532 14.987 15.610 15.691 15.915 16.104 15.285 15.846 16.297 16.220 15.658 13/11/2052
15.455 15.369 15.424 15.539 14.897 15.206 15.050 15.311 15.566 14.869 14.812 15.138 15.494 15.298 15.102 14.946 15.548 15.404 15.195 15.303 14.993 15.505 15.056 15.487 15.831 15.299 15.639 15.435 15.695 15.490 14/11/2052
15.837 16.020 16.067 16.007 16.077 15.786 15.637 15.914 16.427 16.247 16.032 16.208 16.480 16.360 16.338 16.322 16.953 16.431 16.297 16.235 16.572 16.914 16.338 16.485 16.482 16.727 17.090 16.621 16.586 16.282 15/11/2052
11.441 11.620 11.796 12.245 11.850 11.474 11.398 11.709 12.442 12.094 11.616 11.861 12.213 12.136 12.144 11.785 12.510 12.383 12.299 12.452 12.203 12.454 12.100 12.429 12.534 12.434 12.584 12.296 12.494 12.388 16/11/2052
7.015 6.964 7.064 7.049 7.364 6.892 6.805 6.997 7.552 7.593 6.878 6.861 7.353 7.314 7.646 7.044 7.435 7.362 7.305 7.548 7.191 7.400 7.229 7.398 7.326 7.268 7.337 7.281 7.370 7.220 17/11/2052
5.489 5.366 5.810 6.269 5.971 5.057 4.844 5.699 5.852 5.773 5.111 5.209 5.320 5.322 5.756 5.331 5.676 5.102 5.139 5.510 5.249 5.668 4.893 5.124 5.100 5.321 5.638 4.863 5.055 5.104 18/11/2052
6.509 6.262 6.627 6.668 6.197 5.893 5.607 6.396 6.149 5.970 5.647 5.854 5.754 5.606 6.116 4.946 5.464 5.400 5.223 5.567 5.017 5.435 5.071 5.488 5.338 5.339 5.506 5.298 5.350 5.111 19/11/2052
4.876 4.795 5.315 5.648 5.457 4.753 4.769 5.284 5.682 5.461 4.468 4.633 5.447 5.405 5.534 4.719 5.223 5.007 4.968 5.312 4.519 5.207 4.749 5.015 4.915 4.462 5.287 4.821 4.889 4.928 20/11/2052
6.363 6.208 6.697 7.013 6.393 6.133 6.093 6.639 6.760 6.290 5.905 6.111 6.511 6.403 6.397 6.281 6.210 6.210 6.129 6.277 6.386 6.202 6.036 6.278 6.149 6.482 6.286 6.344 6.278 6.075 21/11/2052
9.668 9.556 9.719 9.724 9.157 9.388 9.273 9.596 9.242 8.832 9.298 9.340 9.175 9.094 8.911 9.716 9.806 8.846 8.734 8.772 9.941 9.784 8.928 8.910 8.800 10.120 9.970 9.155 8.788 8.706 22/11/2052
12.972 12.766 13.040 12.759 12.377 12.583 12.391 12.922 12.046 12.025 12.646 12.595 11.961 11.915 12.076 13.188 13.130 11.836 11.774 11.925 13.403 13.094 11.745 11.858 12.089 13.465 13.335 12.034 12.004 12.008 23/11/2052
11.846 11.580 11.480 10.625 10.425 11.344 11.161 11.331 10.763 10.389 11.415 11.306 10.856 10.726 10.487 11.841 11.572 10.759 10.621 10.684 11.914 11.515 10.666 10.816 10.851 12.111 11.711 10.906 10.816 10.708 24/11/2052
11.604 11.252 11.368 10.269 10.198 11.041 10.875 11.210 10.603 10.196 11.210 11.094 11.118 10.974 10.346 11.277 11.412 10.871 10.734 10.443 11.520 11.359 11.085 10.943 10.731 11.744 11.490 11.332 11.088 10.478 25/11/2052
11.579 11.798 11.712 11.879 11.824 11.634 11.553 11.589 12.223 11.990 11.717 11.780 12.394 12.297 12.071 11.958 12.508 12.438 12.317 12.264 12.263 12.455 12.376 12.473 12.529 12.490 12.633 12.563 12.566 12.341 26/11/2052
9.545 9.574 9.481 9.202 9.489 9.489 9.430 9.439 9.552 9.501 9.672 9.521 9.659 9.569 9.582 9.604 9.844 9.593 9.498 9.552 9.859 9.825 9.834 9.645 9.906 9.923 10.062 10.213 10.004 9.747 27/11/2052
10.253 10.332 10.397 10.203 10.330 10.193 10.105 10.336 10.678 10.546 10.144 10.293 10.618 10.450 10.703 10.202 10.497 10.625 10.440 10.508 10.420 10.473 10.421 10.729 10.917 10.658 10.657 10.921 10.941 10.644 28/11/2052
9.055 8.898 8.829 8.818 7.827 8.826 8.787 8.794 8.689 8.017 9.129 9.094 8.873 8.661 8.107 9.230 10.324 8.725 8.552 8.638 9.138 10.313 8.629 8.832 8.817 9.124 9.987 8.734 8.842 8.596 29/11/2052
5.244 5.149 5.150 4.774 5.006 5.074 5.028 5.105 5.294 5.156 5.071 5.075 5.567 5.526 5.175 4.824 5.124 5.595 5.571 5.427 4.565 5.094 5.288 5.644 5.491 4.480 4.961 5.209 5.307 5.525 30/11/2052
8.267 8.143 7.620 7.597 6.971 8.090 8.020 7.566 6.857 7.013 8.238 7.890 7.135 6.997 7.049 7.531 7.191 7.114 6.963 6.772 7.339 7.188 7.317 7.183 6.901 7.277 7.081 7.289 7.098 6.709 01/12/2052
8.163 8.035 8.140 7.900 7.607 7.921 7.809 8.075 7.975 7.592 7.786 7.870 7.924 7.828 7.684 7.952 7.976 7.756 7.632 7.793 7.997 7.961 7.670 7.808 7.775 8.041 8.018 7.780 7.840 7.600 02/12/2052
9.528 9.413 9.419 9.154 9.492 9.269 9.130 9.340 9.910 9.510 9.267 9.331 9.833 9.750 9.593 9.215 9.432 9.888 9.789 9.871 9.425 9.402 9.872 9.919 9.991 9.572 9.508 9.994 10.016 9.852 03/12/2052
7.399 7.718 7.819 7.024 6.943 7.581 7.458 7.725 7.636 7.286 8.009 8.016 7.889 7.788 7.389 8.284 8.067 7.860 7.776 7.754 8.437 8.041 8.064 7.921 7.991 8.390 7.924 7.974 8.076 7.850 04/12/2052
6.254 5.822 6.005 5.458 4.816 5.613 5.480 5.893 5.571 5.015 6.262 6.032 5.738 5.625 5.143 6.630 6.497 5.872 5.731 5.817 6.785 6.479 6.065 5.915 6.260 6.959 6.709 6.345 6.334 6.043 05/12/2052
7.405 7.057 6.830 6.162 6.486 6.884 6.770 6.721 6.772 6.577 7.527 7.100 7.053 6.952 6.651 7.776 7.691 7.093 6.979 6.910 8.148 7.652 7.522 7.148 7.173 8.235 7.784 7.732 7.505 7.010 06/12/2052
6.486 6.339 6.030 6.046 5.648 6.237 6.127 5.961 5.836 5.712 6.668 6.350 6.023 5.967 5.746 6.862 6.636 6.062 6.005 5.848 7.150 6.624 6.432 6.089 5.967 7.381 6.676 6.630 6.266 5.859 07/12/2052
5.325 5.292 5.018 4.676 4.658 5.128 4.984 4.915 4.323 4.569 5.487 5.146 4.515 4.415 4.737 5.705 5.754 4.452 4.344 4.150 5.922 5.731 4.799 4.505 4.362 6.392 5.959 5.175 4.722 4.207 08/12/2052
9.095 9.012 8.908 8.609 8.597 8.816 8.701 8.797 8.773 8.642 8.911 8.878 8.821 8.744 8.702 9.104 9.098 8.778 8.704 8.678 9.280 9.076 8.785 8.843 8.873 9.354 9.194 8.988 8.954 8.711 09/12/2052
7.543 7.365 7.344 6.619 6.948 7.197 7.051 7.239 7.139 6.905 7.447 7.337 7.173 7.065 6.999 7.515 7.386 7.002 6.917 7.057 7.567 7.330 7.292 7.081 7.448 7.578 7.444 7.467 7.525 7.263 10/12/2052
5.780 5.907 5.794 5.586 5.566 5.804 5.726 5.739 5.942 5.722 5.765 5.711 6.056 5.985 5.851 5.941 5.901 5.906 5.837 5.823 5.755 5.866 5.835 5.960 5.908 5.793 5.968 6.000 6.052 5.783 11/12/2052
6.866 6.899 6.862 6.457 6.284 6.748 6.625 6.774 6.662 6.361 6.622 6.601 6.664 6.600 6.448 6.914 7.032 6.571 6.486 6.596 6.939 6.991 6.410 6.634 6.703 7.140 7.166 6.578 6.765 6.568 12/12/2052
9.101 9.076 9.015 8.421 7.698 8.990 8.946 8.975 8.175 7.795 8.994 8.981 8.258 8.171 7.866 9.856 8.897 8.205 8.106 8.190 9.939 8.908 8.141 8.255 8.370 9.957 8.934 8.316 8.411 8.253 13/12/2052
10.170 10.009 9.850 9.606 9.421 9.859 9.742 9.763 10.187 9.704 10.099 9.870 9.930 9.824 9.773 10.565 10.522 10.235 10.117 10.202 10.783 10.506 10.113 10.287 10.389 10.770 10.470 10.193 10.388 10.200 14/12/2052
12.633 12.582 12.376 11.944 12.103 12.451 12.340 12.304 12.692 12.330 13.887 12.642 12.636 12.613 12.380 14.240 13.162 12.857 12.839 12.694 13.387 13.154 12.915 12.867 12.662 13.253 13.214 12.974 12.871 12.640 15/12/2052
13.540 13.381 13.560 13.096 13.139 13.270 13.197 13.474 13.449 12.771 13.208 12.974 13.467 13.335 12.879 13.586 13.345 13.034 12.952 12.899 13.207 13.326 13.147 13.068 12.862 12.927 13.162 12.997 13.016 12.776 16/12/2052
12.342 12.236 12.789 12.452 12.193 12.249 12.289 12.741 12.593 11.907 11.720 11.991 12.320 12.190 12.076 11.604 11.896 11.885 11.761 12.037 11.436 11.877 11.616 11.936 11.821 11.313 11.544 11.552 11.591 11.660 17/12/2052
11.892 11.702 11.746 11.865 11.096 11.332 11.119 11.521 11.417 10.933 11.059 11.281 11.361 11.174 11.055 11.096 10.964 11.083 10.878 10.909 11.331 10.947 11.007 11.176 10.773 11.686 10.844 11.081 10.861 10.505 18/12/2052
10.396 10.340 10.506 10.596 10.140 10.151 9.954 10.359 10.433 10.071 10.124 10.127 10.362 10.322 10.063 10.254 10.172 10.049 10.004 10.097 10.414 10.154 10.139 10.079 9.706 10.301 10.070 10.089 9.726 9.676 19/12/2052
10.268 10.089 10.269 9.796 10.205 9.855 9.648 10.128 10.440 10.089 9.448 9.840 10.259 10.181 10.187 9.939 9.540 9.789 9.688 9.937 10.009 9.518 9.730 9.821 9.647 9.946 9.343 9.685 9.687 9.538 20/12/2052
10.657 10.557 10.686 10.465 10.513 10.426 10.322 10.608 10.939 10.553 10.399 10.432 10.637 10.534 10.635 10.135 9.707 10.434 10.333 10.768 10.318 9.685 10.491 10.471 10.837 10.503 9.574 10.570 10.551 10.731 21/12/2052
9.111 9.104 9.014 8.642 8.419 8.943 8.795 8.920 8.977 8.426 8.886 8.941 9.145 9.001 8.493 8.820 8.258 8.952 8.759 8.704 8.716 8.242 8.873 9.022 8.733 8.579 7.999 8.862 8.801 8.486 22/12/2052
7.952 7.704 7.599 7.047 7.209 7.567 7.450 7.517 7.430 7.272 7.152 7.286 7.469 7.366 7.354 7.591 7.549 7.363 7.241 7.432 7.625 7.533 7.074 7.412 7.554 7.896 7.746 7.369 7.620 7.387 23/12/2052
8.222 7.956 8.092 7.661 7.508 7.806 7.653 7.987 7.919 7.551 7.503 7.723 7.897 7.798 7.641 7.865 8.214 7.969 7.852 8.048 8.003 8.189 7.693 8.022 8.247 8.505 8.455 8.100 8.308 8.051 24/12/2052
7.348 7.223 7.087 6.610 6.523 7.173 7.136 7.053 6.747 6.624 7.408 7.283 6.969 6.960 6.678 7.643 7.866 7.061 6.999 7.012 7.773 7.862 7.158 7.078 7.090 7.815 7.836 7.262 7.218 7.004 25/12/2052
4.129 4.095 4.285 4.436 4.696 4.057 4.055 4.256 5.093 4.947 4.184 4.279 5.062 4.991 5.004 5.492 5.601 5.191 5.078 5.334 5.581 5.596 5.036 5.245 5.411 5.704 5.690 5.304 5.423 5.311 26/12/2052
2.590 2.541 2.815 3.315 3.428 2.393 2.226 2.673 4.040 3.669 2.513 2.642 3.773 3.611 3.842 2.582 2.963 3.885 3.645 4.077 2.798 2.930 3.621 3.983 4.365 3.007 3.000 3.946 4.155 4.060 27/12/2052
1.620 1.470 1.832 1.722 2.765 1.143 0.864 1.594 2.853 2.675 0.935 1.244 2.468 2.369 2.702 1.287 1.410 2.335 2.191 2.716 1.459 1.397 2.004 2.371 2.522 1.677 1.455 2.095 2.359 2.381 28/12/2052
1.721 1.610 2.053 3.513 3.154 1.218 1.012 1.818 3.583 3.152 1.202 1.495 2.694 2.577 3.180 2.149 2.675 2.579 2.434 3.007 2.226 2.635 2.324 2.614 2.512 2.052 2.456 2.084 2.317 2.395 29/12/2052
1.623 1.758 2.243 2.719 3.262 1.647 1.608 2.204 3.494 3.615 1.650 1.840 2.563 2.515 3.621 2.003 2.927 2.597 2.568 3.276 2.138 2.919 2.275 2.607 2.808 1.791 2.680 1.983 2.381 2.793 30/12/2052
1.252 1.144 1.725 2.005 2.561 0.931 0.857 1.661 2.694 2.594 0.846 1.048 1.913 1.875 2.582 1.005 2.009 1.820 1.792 2.326 1.106 1.994 1.450 1.853 1.961 0.982 1.811 1.229 1.621 1.891 31/12/2052
5.273 5.078 5.586 5.590 5.315 4.962 4.918 5.490 5.641 5.172 4.423 4.759 5.311 5.229 5.249 3.388 5.202 5.084 4.991 5.282 3.357 5.151 4.710 5.118 5.178 3.298 5.030 4.517 5.011 5.036 01/01/2053
4.861 4.596 5.248 5.400 5.672 4.435 4.322 5.134 5.380 5.434 3.793 4.330 5.136 5.027 5.497 3.167 4.395 4.835 4.725 5.051 3.014 4.368 4.313 4.894 4.986 2.927 4.380 4.346 4.650 4.806 02/01/2053
6.249 6.108 6.487 6.952 7.014 6.048 5.956 6.416 6.508 7.009 5.555 5.975 6.237 6.261 7.068 4.837 5.391 6.116 6.106 6.394 4.719 5.363 5.835 6.129 6.409 4.743 5.414 5.796 6.075 6.475 03/01/2053
7.847 7.634 7.702 7.095 6.851 7.480 7.332 7.601 7.011 6.697 6.986 7.310 7.050 6.951 6.785 7.292 7.800 6.798 6.708 6.751 7.401 7.785 6.767 6.845 6.772 7.631 7.897 7.062 6.953 6.667 04/01/2053
10.356 10.294 10.031 9.559 9.259 10.154 10.047 9.952 9.581 9.239 10.029 10.166 9.744 9.700 9.293 10.299 10.447 9.644 9.602 9.552 10.487 10.447 9.831 9.678 9.437 10.493 10.433 9.951 9.652 9.374 05/01/2053
7.969 7.842 7.766 7.643 7.368 7.729 7.666 7.715 7.830 7.302 7.496 7.552 7.917 7.860 7.403 7.790 8.050 7.756 7.681 7.746 7.857 8.051 7.646 7.787 7.844 8.072 8.104 7.862 7.866 7.734 06/01/2053
10.785 10.721 10.559 10.172 10.212 10.483 10.328 10.407 10.432 10.160 10.479 10.414 10.653 10.541 10.253 10.953 10.895 10.399 10.273 10.130 10.994 10.873 10.540 10.454 10.248 11.260 10.964 10.746 10.604 10.020 07/01/2053
12.049 11.940 11.894 11.827 11.548 11.735 11.600 11.755 12.243 11.799 11.759 11.692 12.055 11.935 11.882 12.178 12.533 12.137 11.998 12.259 12.324 12.490 11.920 12.173 12.727 12.496 12.786 12.299 12.538 12.470 08/01/2053
10.336 10.116 10.058 9.706 8.934 9.843 9.637 9.886 9.535 9.054 9.792 9.805 9.547 9.376 9.184 9.853 9.661 9.475 9.258 9.449 9.952 9.625 9.363 9.564 9.744 10.171 9.793 9.737 9.770 9.438 09/01/2053
9.084 9.065 9.140 8.726 8.170 8.844 8.685 9.018 8.855 8.325 8.920 8.927 8.862 8.723 8.450 9.072 9.149 8.877 8.712 8.831 9.272 9.115 8.827 8.945 9.022 9.502 9.267 9.161 9.147 8.774 10/01/2053
7.517 7.347 7.215 6.724 6.906 7.132 7.016 7.101 7.333 6.992 7.402 7.183 7.483 7.375 7.028 7.675 7.868 7.518 7.417 7.527 8.029 7.848 7.778 7.575 7.804 8.188 7.970 8.014 7.891 7.604 11/01/2053
7.690 7.735 7.519 6.985 7.207 7.562 7.413 7.404 7.446 7.115 8.303 7.912 7.810 7.683 7.155 8.463 8.548 7.829 7.704 7.462 8.989 8.504 8.607 7.879 7.763 9.271 8.726 8.825 8.313 7.592 12/01/2053
7.993 7.729 7.642 7.504 7.805 7.565 7.387 7.539 7.569 7.653 7.800 7.655 7.735 7.636 7.650 7.478 7.285 7.719 7.616 7.566 7.925 7.213 7.906 7.782 7.776 8.526 7.604 8.205 8.023 7.606 13/01/2053
10.141 10.154 9.930 8.814 9.288 10.005 9.894 9.842 9.444 9.125 10.029 9.821 9.785 9.729 9.162 10.112 9.619 9.564 9.492 9.193 10.011 9.612 9.821 9.594 9.258 9.992 9.551 9.755 9.537 9.111 14/01/2053
8.907 8.940 8.507 8.308 8.371 8.755 8.631 8.433 8.229 8.077 9.295 9.204 8.918 8.815 8.114 9.548 9.419 8.826 8.699 8.481 9.500 9.385 9.072 8.869 8.822 9.228 9.223 8.970 8.929 8.637 15/01/2053
6.324 6.059 6.067 6.239 6.243 5.877 5.756 5.951 6.303 6.245 6.199 6.075 6.285 6.175 6.258 5.867 6.427 6.477 6.405 6.411 6.275 6.404 6.608 6.519 6.687 6.350 6.534 6.747 6.720 6.590 16/01/2053
3.174 3.317 3.072 3.955 3.601 3.240 3.201 3.011 4.390 4.003 3.885 3.624 4.357 4.405 4.157 4.117 4.713 4.861 4.837 4.745 4.431 4.711 4.949 4.865 4.947 4.747 4.869 5.097 5.027 4.930 17/01/2053
2.010 1.866 1.563 0.905 0.963 1.725 1.594 1.452 1.404 0.925 2.461 1.986 2.004 1.932 1.053 2.699 2.769 2.228 2.132 1.640 3.056 2.751 2.839 2.248 2.321 3.495 2.929 3.067 2.644 2.173 18/01/2053
3.592 2.790 2.791 1.712 1.745 2.600 2.390 2.657 2.238 1.798 2.628 2.440 2.445 2.337 1.905 2.833 2.749 2.278 2.141 2.076 2.970 2.690 2.626 2.315 2.278 3.152 2.664 2.615 2.411 2.103 19/01/2053
3.142 2.781 2.783 0.942 2.690 2.581 2.484 2.692 2.693 3.037 3.168 2.907 3.006 2.889 3.111 3.566 3.755 3.065 2.914 2.870 3.984 3.700 3.339 3.131 3.233 4.290 3.991 3.699 3.416 3.015 20/01/2053
1.572 1.340 1.216 0.202 0.758 1.158 1.039 1.104 1.088 0.999 1.356 1.258 1.295 1.194 1.099 1.952 2.084 1.289 1.169 1.238 2.181 2.059 1.399 1.321 1.586 2.416 2.212 1.588 1.465 1.421 21/01/2053
0.642 0.443 0.460 -0.490 -0.385 0.193 -0.020 0.332 0.428 0.169 0.094 0.268 0.716 0.596 0.261 0.132 0.412 0.552 0.413 0.502 0.355 0.380 0.175 0.595 0.577 0.449 0.418 0.278 0.464 0.401 22/01/2053
0.745 0.555 0.551 -0.178 -0.406 0.317 0.121 0.403 0.412 -0.284 0.193 0.283 0.579 0.412 -0.107 -0.243 -0.630 0.375 0.218 0.281 -0.160 -0.659 0.235 0.434 0.439 0.001 -0.599 0.434 0.517 0.224 23/01/2053
4.585 4.313 4.257 3.191 2.893 4.159 3.987 4.169 3.430 3.137 4.228 4.186 3.674 3.553 3.223 4.520 4.421 3.496 3.369 3.229 4.482 4.401 3.254 3.548 2.701 4.054 3.975 3.229 3.125 2.488 24/01/2053
1.653 1.657 1.335 1.214 1.535 1.794 1.897 1.470 2.584 1.762 1.372 1.360 2.691 2.512 1.927 1.922 2.153 2.508 2.275 2.482 1.898 2.134 2.099 2.595 2.552 1.957 2.319 2.518 2.558 2.241 25/01/2053
-1.232 -1.027 -1.020 -1.181 -1.523 -0.862 -0.747 -0.873 -0.494 -1.137 -0.863 -0.798 -0.377 -0.475 -1.047 -0.219 0.391 -0.401 -0.536 -0.522 -0.134 0.384 -0.514 -0.370 -0.790 -0.169 0.430 -0.414 -0.580 -0.961 26/01/2053
-3.246 -3.500 -3.544 -4.185 -4.239 -3.782 -3.998 -3.704 -3.271 -4.014 -3.661 -3.460 -3.108 -3.254 -3.918 -3.841 -3.326 -2.983 -3.167 -3.104 -3.718 -3.353 -3.184 -2.879 -2.561 -3.219 -3.082 -2.742 -2.589 -2.884 27/01/2053
-2.752 -2.923 -2.967 -3.040 -3.170 -3.135 -3.295 -3.097 -2.012 -2.994 -3.050 -2.990 -1.925 -2.076 -2.884 -3.121 -2.572 -1.858 -2.057 -1.995 -2.931 -2.586 -1.982 -1.788 -1.677 -2.467 -2.383 -1.700 -1.625 -1.945 28/01/2053
-0.978 -1.399 -1.493 -2.202 -2.124 -1.552 -1.701 -1.600 -1.421 -1.993 -1.682 -1.645 -1.245 -1.386 -1.869 -1.314 -1.433 -1.472 -1.589 -1.483 -1.457 -1.472 -1.553 -1.377 -1.307 -1.488 -1.631 -1.703 -1.411 -1.525 29/01/2053
-1.136 -1.255 -1.716 -3.062 -2.740 -1.397 -1.521 -1.819 -2.291 -2.578 -1.233 -1.310 -1.618 -1.789 -2.497 -0.661 -1.217 -1.891 -2.087 -2.293 -0.545 -1.231 -1.644 -1.806 -1.833 -0.372 -1.305 -1.511 -1.642 -2.099 30/01/2053
-1.324 -1.445 -1.456 -2.981 -2.706 -1.689 -1.899 -1.618 -2.252 -2.638 -1.620 -1.512 -1.567 -1.756 -2.511 -1.160 -1.124 -2.052 -2.199 -2.417 -1.086 -1.136 -1.872 -1.975 -1.915 -0.693 -1.181 -1.677 -1.848 -2.141 31/01/2053
3.961 4.033 3.474 2.115 2.001 3.932 3.821 3.384 2.424 2.039 4.565 4.238 3.475 3.346 2.133 4.623 4.236 3.536 3.411 2.435 4.729 4.232 4.089 3.606 3.234 4.862 4.301 4.348 3.936 3.014 01/02/2053
8.434 8.334 8.081 7.200 7.152 8.205 8.094 7.969 7.475 7.069 8.348 8.151 7.904 7.811 7.159 8.459 8.105 7.646 7.531 7.270 8.268 8.087 7.865 7.714 7.576 8.109 7.905 7.754 7.683 7.378 02/02/2053
12.204 12.168 11.994 11.261 11.856 12.016 11.887 11.880 11.745 11.725 12.417 12.127 12.049 12.007 11.720 12.533 12.291 11.901 11.847 11.609 12.340 12.274 12.081 11.935 11.672 12.169 12.149 11.995 11.852 11.578 03/02/2053
14.215 14.431 14.217 13.903 13.866 14.251 14.110 14.104 14.132 13.799 14.552 14.427 14.423 14.472 13.800 14.689 14.696 14.517 14.548 14.363 14.677 14.709 14.603 14.488 14.454 14.665 14.713 14.587 14.538 14.514 04/02/2053
10.279 10.251 10.303 10.060 10.135 10.042 9.903 10.182 10.517 10.117 10.152 10.156 10.783 10.659 10.207 10.570 10.841 10.869 10.745 10.541 10.696 10.804 10.764 10.931 10.819 10.988 10.998 10.947 10.976 10.682 05/02/2053
11.402 11.432 11.334 11.236 12.328 11.233 11.094 11.226 12.104 12.242 11.021 11.216 12.380 12.140 12.345 12.027 12.488 12.202 12.030 12.000 12.001 12.468 12.082 12.289 12.118 12.126 12.481 12.214 12.049 12.000 06/02/2053
12.229 12.017 12.109 12.469 12.630 11.851 11.716 12.007 12.674 12.581 11.644 11.818 12.761 12.618 12.735 12.322 12.448 12.379 12.218 12.378 12.432 12.441 12.027 12.446 12.368 12.551 12.269 12.094 12.124 12.163 07/02/2053
10.225 10.196 10.322 9.738 9.520 10.077 9.961 10.243 10.254 9.815 10.032 10.214 10.509 10.429 9.910 9.967 10.050 10.264 10.144 10.272 10.280 10.033 9.997 10.308 10.372 10.413 10.160 10.252 10.272 10.175 08/02/2053
2.972 2.883 2.842 2.340 2.180 2.693 2.541 2.729 2.651 2.460 2.832 2.938 2.835 2.731 2.578 2.931 3.350 2.967 2.863 3.003 3.155 3.332 2.771 2.987 3.300 3.347 3.463 3.132 3.266 3.119 09/02/2053
0.253 0.248 0.218 -0.276 -0.252 0.123 0.036 0.112 0.225 -0.136 0.153 0.235 0.245 0.193 -0.033 0.450 0.630 0.300 0.213 0.325 0.670 0.604 0.289 0.340 0.690 0.918 0.756 0.498 0.596 0.522 10/02/2053
0.786 0.686 0.650 0.517 0.797 0.500 0.389 0.521 1.255 0.933 0.603 0.618 1.134 1.079 1.031 0.758 0.898 1.212 1.124 1.320 0.966 0.883 1.112 1.245 1.640 1.159 0.968 1.267 1.443 1.452 11/02/2053
1.396 1.382 1.578 1.664 1.789 1.233 1.103 1.449 1.968 1.741 1.067 1.274 1.892 1.785 1.832 1.336 1.555 1.860 1.743 1.732 1.277 1.553 1.305 1.920 1.943 1.401 1.778 1.702 1.936 1.794 12/02/2053
3.894 3.840 4.018 3.647 3.590 3.663 3.519 3.912 4.113 3.734 3.628 3.775 4.002 3.862 3.890 4.046 4.414 3.991 3.831 3.948 4.312 4.393 3.759 4.063 4.126 4.448 4.613 4.141 4.197 3.889 13/02/2053
5.346 5.430 5.765 5.616 6.082 5.349 5.246 5.679 6.197 6.132 5.305 5.488 5.902 5.837 6.116 5.725 6.154 5.822 5.751 6.066 5.781 6.146 5.630 5.831 5.847 5.870 6.161 5.725 5.803 5.783 14/02/2053
10.180 10.176 10.326 9.559 9.710 9.963 9.761 10.176 10.298 9.747 9.493 9.907 10.226 10.116 9.834 9.978 10.518 10.062 9.937 10.126 10.023 10.482 9.772 10.120 10.197 10.211 10.476 9.945 10.104 9.991 15/02/2053
14.738 14.665 14.499 14.767 14.297 14.386 14.175 14.319 14.402 14.144 14.257 14.421 14.518 14.420 14.241 14.295 14.496 14.367 14.166 14.141 14.236 14.457 14.414 14.419 14.207 14.504 14.461 14.582 14.518 13.852 16/02/2053
13.182 13.206 13.196 13.052 12.649 13.036 12.934 13.083 12.943 12.584 12.892 13.101 12.686 12.591 12.662 12.958 12.909 12.610 12.475 12.946 12.977 12.885 12.816 12.661 12.862 13.102 12.886 12.986 12.995 12.652 17/02/2053
10.117 9.876 10.000 9.878 10.492 9.612 9.386 9.816 9.993 10.449 9.163 9.530 9.909 9.777 10.510 8.786 8.988 9.686 9.474 9.752 8.788 8.960 9.531 9.759 9.662 8.892 8.977 9.792 9.805 9.370 18/02/2053
10.456 10.261 10.438 10.686 11.061 10.074 9.932 10.306 10.924 11.023 9.651 9.988 10.758 10.695 11.040 9.830 10.201 10.682 10.589 10.753 9.803 10.195 10.489 10.702 10.610 9.891 10.043 10.470 10.626 10.520 19/02/2053
12.910 12.820 12.905 11.967 12.526 12.616 12.435 12.782 13.245 12.665 12.345 12.527 13.060 12.978 12.747 12.712 13.405 12.850 12.722 12.999 12.761 13.386 12.781 12.870 13.273 13.223 13.574 13.169 13.262 13.077 20/02/2053
14.566 14.502 14.439 14.061 13.006 14.152 13.868 14.202 13.965 13.383 14.169 14.198 13.924 13.801 13.533 14.066 14.474 13.867 13.746 13.820 14.258 14.468 13.805 13.912 14.058 14.522 14.610 14.165 14.178 13.857 21/02/2053
11.046 11.038 11.013 10.576 9.862 10.875 10.769 10.903 10.452 10.221 10.945 10.942 10.567 10.503 10.398 10.877 10.894 10.618 10.549 10.627 11.036 10.913 10.481 10.648 10.585 11.147 10.920 10.673 10.753 10.495 22/02/2053
11.056 11.325 11.509 11.208 10.352 11.309 11.283 11.494 11.158 10.665 11.406 11.471 11.122 11.085 10.766 11.781 11.693 11.122 11.089 11.228 11.762 11.702 10.987 11.137 11.080 11.681 11.636 10.899 11.045 11.055 23/02/2053
1.506 1.725 1.880 2.261 1.998 1.676 1.688 1.888 2.557 2.527 1.976 2.185 2.443 2.338 2.577 2.622 3.995 3.108 3.000 3.130 3.423 3.963 2.769 3.157 3.692 4.205 4.668 3.502 3.732 3.528 24/02/2053
-1.350 -1.413 -1.434 -1.728 -1.074 -1.537 -1.605 -1.515 -0.555 -0.863 -1.346 -1.334 -0.513 -0.591 -0.730 -0.379 0.478 -0.344 -0.455 -0.417 -0.028 0.484 -0.397 -0.294 -0.026 0.231 0.876 -0.015 0.018 -0.242 25/02/2053
-1.997 -2.209 -2.017 -2.509 -2.400 -2.394 -2.523 -2.151 -1.320 -2.183 -2.350 -2.235 -1.442 -1.627 -1.957 -1.044 -1.067 -1.539 -1.760 -1.335 -0.894 -1.089 -1.745 -1.454 -1.108 -0.662 -0.843 -1.332 -1.236 -1.425 26/02/2053
-0.122 -0.272 -0.043 -0.415 -0.689 -0.496 -0.675 -0.208 0.218 -0.424 -0.488 -0.373 -0.018 -0.141 -0.335 0.366 1.027 -0.066 -0.186 0.202 0.641 0.996 -0.221 -0.030 0.110 0.886 1.168 -0.108 0.009 -0.029 27/02/2053
-0.307 -0.505 -0.178 -0.311 -0.582 -0.760 -0.962 -0.357 -0.050 -0.360 -0.777 -0.627 -0.405 -0.568 -0.246 -0.832 -0.264 -0.463 -0.611 -0.164 -0.571 -0.296 -0.657 -0.404 -0.306 -0.447 -0.172 -0.480 -0.338 -0.548 28/02/2053
5.167 5.047 5.024 4.614 4.898 4.913 4.817 4.940 4.890 4.685 4.815 4.854 4.932 4.831 4.802 5.076 5.336 4.773 4.642 4.541 4.968 5.300 4.805 4.788 4.558 5.203 5.405 4.967 4.837 4.382 01/03/2053
14.889 14.287 14.521 13.827 14.102 14.190 14.151 14.491 14.514 13.894 14.383 14.403 14.682 14.624 13.993 15.180 15.314 14.899 14.813 14.707 15.302 15.314 14.731 14.919 14.757 15.508 15.488 14.928 14.804 14.668 02/03/2053
13.462 13.068 12.962 12.482 12.644 12.880 12.735 12.850 13.016 12.573 12.852 11.330 13.136 11.262 12.672 13.255 13.320 11.133 10.962 10.937 13.061 13.283 11.042 11.175 11.205 13.141 13.355 11.047 11.149 11.010 03/03/2053
12.267 12.108 12.065 11.696 11.743 11.948 11.806 11.971 11.841 11.549 11.746 11.501 12.196 11.694 11.646 11.999 12.383 11.569 11.449 11.064 11.843 12.351 11.556 11.618 11.059 11.767 11.931 11.195 11.071 10.910 04/03/2053
10.001 9.934 9.747 9.629 9.608 9.753 9.631 9.621 9.673 9.594 9.643 9.610 9.878 9.622 9.713 9.494 9.426 9.703 9.535 9.478 9.490 9.388 9.657 9.770 9.684 9.477 9.295 9.595 9.643 9.464 05/03/2053
7.779 7.524 7.135 5.508 6.648 7.207 7.013 6.965 5.985 6.610 7.082 7.066 6.206 5.950 6.771 5.966 6.837 6.040 5.755 5.662 6.223 6.702 6.062 6.155 6.004 6.811 6.953 6.440 6.328 5.603 06/03/2053
14.691 14.494 14.365 13.558 14.061 14.343 14.164 14.276 14.264 14.133 13.871 14.050 14.308 14.192 14.249 14.126 14.663 14.156 13.983 14.030 14.322 14.616 14.127 14.219 14.234 14.557 14.718 14.337 14.360 13.996 07/03/2053
13.048 12.865 12.585 11.983 12.148 12.731 12.574 12.471 12.236 12.060 12.606 12.524 12.423 12.309 12.166 13.378 13.478 12.418 12.270 12.195 13.444 13.441 12.482 12.492 12.375 13.687 13.574 12.705 12.647 12.201 08/03/2053
14.156 14.051 13.838 13.433 14.180 13.900 13.759 13.722 14.098 14.090 13.869 13.800 14.208 14.220 14.134 14.503 15.065 14.156 14.172 14.080 14.441 15.052 14.230 14.172 14.144 14.526 15.195 14.289 14.222 14.131 09/03/2053
14.423 14.459 14.229 13.912 13.970 14.455 14.336 14.329 14.202 13.940 14.072 14.196 14.366 14.259 14.053 14.339 15.131 14.674 14.534 14.459 14.634 15.083 14.474 14.734 15.143 15.219 15.704 15.231 15.244 14.977 10/03/2053
17.336 17.440 17.166 17.141 16.706 17.388 17.339 17.171 16.836 16.452 17.150 17.107 16.886 16.781 16.538 17.098 16.897 16.765 16.584 16.599 16.805 16.860 16.700 16.838 16.798 16.890 17.010 17.033 17.061 16.579 11/03/2053
14.327 13.914 13.880 13.672 13.892 13.785 13.669 13.797 13.464 13.301 13.430 13.457 13.428 13.333 13.386 13.690 13.675 13.200 13.141 13.132 13.244 13.645 13.103 13.253 13.431 13.515 13.905 13.532 13.579 13.348 12/03/2053
14.419 14.331 13.922 13.602 13.943 14.192 14.084 13.814 14.258 14.310 14.058 14.014 13.679 13.562 14.450 14.405 15.007 14.354 14.258 14.213 14.278 14.996 14.034 14.425 14.252 14.460 15.382 14.660 14.583 14.095 13/03/2053
13.299 13.506 13.503 13.635 13.639 13.377 13.267 13.445 15.417 14.400 13.279 13.549 14.954 14.846 14.520 13.742 14.662 15.908 15.714 15.412 14.019 14.661 14.703 15.982 16.153 14.372 15.077 15.368 15.665 15.905 14/03/2053
11.917 12.387 12.320 11.375 11.424 12.154 11.998 12.205 11.852 12.071 13.294 13.444 11.874 11.766 12.211 12.914 14.437 13.389 13.260 11.990 13.308 14.409 13.056 13.460 13.099 13.172 14.216 12.913 13.074 12.880 15/03/2053
8.974 9.549 9.768 9.450 9.166 9.270 9.057 9.621 10.081 9.990 9.272 10.123 9.898 9.761 10.127 9.505 11.195 10.699 10.579 10.393 10.019 11.154 10.154 10.761 10.526 10.626 11.494 10.431 10.744 10.385 16/03/2053
10.034 10.160 11.023 11.160 10.844 9.951 9.797 10.895 11.250 11.230 8.742 10.275 10.782 10.695 11.326 8.791 10.331 10.974 10.841 10.902 9.235 10.287 9.829 11.000 11.149 9.693 10.351 9.999 10.917 10.970 17/03/2053
12.512 12.371 12.773 12.677 12.575 12.217 12.105 12.694 12.681 12.419 11.472 12.067 12.457 12.349 12.534 12.099 12.458 12.165 12.047 12.244 12.051 12.447 11.641 12.203 12.131 12.071 12.310 11.642 11.912 11.988 18/03/2053
13.880 13.830 14.015 13.627 12.863 13.834 13.831 14.007 13.251 12.768 13.593 13.695 12.965 12.733 12.953 13.478 13.153 12.991 12.716 12.959 13.688 13.135 12.735 13.110 13.057 13.989 13.187 13.098 13.105 12.667 19/03/2053
11.795 12.134 12.432 11.649 11.769 12.099 12.104 12.422 11.755 11.573 11.368 12.234 11.608 11.512 11.624 12.046 12.412 11.594 11.496 11.763 12.299 12.393 11.229 11.634 12.477 12.234 12.407 11.354 11.973 12.344 20/03/2053
8.423 8.669 8.765 8.864 8.476 8.446 8.268 8.626 8.972 8.543 7.749 8.474 8.794 8.664 8.704 7.985 8.794 8.812 8.668 9.026 7.955 8.759 8.404 8.881 10.094 8.116 8.836 8.637 9.284 9.822 21/03/2053
7.952 7.952 7.859 7.421 7.785 7.763 7.599 7.748 7.904 7.884 7.392 7.709 7.996 7.872 8.000 7.938 8.699 7.850 7.694 7.848 7.940 8.650 7.621 7.928 8.365 8.228 8.755 7.850 8.045 8.111 22/03/2053
8.648 8.759 8.668 8.842 9.069 8.623 8.494 8.595 9.408 9.263 8.497 8.557 9.355 9.257 9.429 8.667 9.660 9.486 9.332 9.506 8.789 9.612 9.229 9.540 10.048 9.030 9.885 9.825 9.920 9.814 23/03/2053
12.085 11.905 11.806 11.493 11.353 11.672 11.526 11.682 11.606 11.332 11.799 11.714 11.688 11.616 11.413 12.032 12.086 11.650 11.586 11.671 12.143 12.080 11.561 11.679 11.859 12.324 12.206 11.838 11.848 11.740 24/03/2053
9.742 9.394 9.371 8.910 8.995 9.215 9.134 9.248 9.116 8.967 9.332 9.180 9.104 9.056 9.083 9.683 9.805 9.249 9.141 9.254 9.912 9.779 9.409 9.297 9.631 10.048 9.947 9.680 9.558 9.458 25/03/2053
11.532 11.559 11.495 11.100 11.048 11.380 11.241 11.393 11.286 11.017 11.412 11.376 11.259 11.113 11.117 12.125 12.170 11.236 11.100 11.165 12.231 12.127 11.212 11.302 11.441 12.494 12.313 11.504 11.479 11.190 26/03/2053
11.077 11.021 10.840 10.310 10.273 10.873 10.736 10.722 10.602 10.363 11.223 11.017 10.929 10.810 10.422 11.781 11.679 10.838 10.682 10.550 11.882 11.641 11.102 10.891 10.930 11.860 11.668 11.222 11.082 10.736 27/03/2053
9.857 9.582 9.427 8.862 8.859 9.442 9.295 9.320 8.871 8.695 9.481 9.483 9.294 9.200 8.806 9.840 9.967 8.939 8.847 8.708 10.050 9.934 9.389 8.978 8.958 10.045 9.949 9.429 9.121 8.831 28/03/2053
9.248 9.020 8.862 7.972 8.142 8.877 8.756 8.752 8.013 7.705 8.749 8.700 8.500 8.389 7.820 8.998 8.683 7.977 7.864 7.693 8.817 8.644 8.289 8.035 7.920 8.710 8.595 8.217 8.123 7.781 29/03/2053
9.373 9.347 8.794 7.817 7.911 9.074 8.819 8.616 8.458 8.127 9.241 9.118 8.995 8.798 8.319 9.912 10.031 8.795 8.555 8.152 9.831 9.989 9.141 8.909 8.664 9.931 10.162 9.660 9.219 8.329 30/03/2053
11.143 11.058 10.990 9.399 10.931 10.972 10.870 10.905 10.806 10.936 10.766 10.810 10.964 10.850 10.988 10.653 10.611 10.787 10.654 10.589 10.474 10.577 10.733 10.830 10.737 10.510 10.580 10.779 10.910 10.548 31/03/2053
12.045 12.083 12.061 11.462 11.967 11.980 11.927 12.001 11.964 11.883 12.181 12.069 11.973 11.907 11.966 12.216 12.437 11.972 11.904 11.846 12.219 12.411 11.981 11.974 11.900 12.177 12.398 12.056 12.054 11.816 01/04/2053
12.533 12.428 12.567 12.030 12.461 12.313 12.205 12.477 12.598 12.258 12.463 12.435 12.652 12.568 12.347 13.060 13.795 12.560 12.432 12.339 13.057 13.762 12.630 12.580 12.368 13.179 13.857 12.747 12.622 12.211 02/04/2053
13.024 13.184 13.254 13.700 13.140 12.955 12.736 13.079 13.600 13.010 12.803 12.987 13.647 13.535 13.106 13.391 13.748 13.491 13.284 13.469 13.471 13.720 13.355 13.531 13.277 13.601 13.715 13.400 13.393 13.098 03/04/2053
14.383 14.511 14.775 14.598 15.001 14.378 14.248 14.667 14.408 14.356 14.131 14.351 14.584 14.505 14.441 14.209 13.921 13.859 13.779 13.756 13.215 13.912 13.665 13.891 13.348 12.464 13.088 12.990 13.221 13.266 04/04/2053
15.199 15.459 15.561 15.348 15.459 15.384 15.274 15.501 15.484 15.378 15.245 15.374 15.739 15.616 15.468 15.547 15.597 15.551 15.384 14.133 15.360 15.567 15.316 15.602 14.016 14.971 15.518 15.429 15.457 13.820 05/04/2053
12.524 12.450 12.326 11.725 11.435 12.320 12.231 12.257 12.001 11.325 12.376 12.268 12.352 12.111 11.514 13.543 13.941 12.248 11.942 11.417 13.662 13.864 12.281 12.343 11.666 13.747 14.093 12.693 12.507 11.306 06/04/2053
13.544 13.587 13.568 13.454 13.647 13.536 13.502 13.543 14.181 13.772 13.705 13.647 14.146 14.068 13.887 14.072 14.734 14.214 14.118 14.195 14.150 14.721 14.155 14.241 14.145 14.182 14.852 14.366 14.366 14.029 07/04/2053
11.183 11.152 11.147 10.858 10.840 11.117 11.058 11.127 11.251 10.873 11.190 11.179 11.333 11.300 10.943 11.698 11.970 11.347 11.297 11.299 11.724 11.980 11.316 11.358 11.363 11.653 11.993 11.403 11.406 11.324 08/04/2053
13.243 13.183 13.015 12.754 12.841 13.089 12.963 12.967 13.053 12.896 13.026 13.010 13.267 13.138 12.973 13.427 13.641 13.287 13.135 13.172 13.460 13.609 13.152 13.353 13.340 13.599 13.646 13.329 13.341 13.124 09/04/2053
15.231 15.401 15.371 15.457 15.499 15.328 15.266 15.332 15.831 15.536 15.202 15.307 15.865 15.709 15.683 15.651 15.773 15.776 15.604 15.739 15.789 15.735 15.641 15.849 16.062 15.962 15.942 15.939 16.079 15.783 10/04/2053
14.892 15.174 15.202 16.115 14.594 15.148 15.133 15.186 14.538 14.396 14.940 15.003 14.465 14.468 14.381 15.190 14.841 14.323 14.330 14.285 15.055 14.837 14.218 14.322 14.187 14.998 14.812 14.180 14.255 14.147 11/04/2053
17.459 17.719 17.825 18.179 17.766 17.641 17.599 17.780 17.870 17.800 17.575 17.657 17.755 17.805 17.810 17.861 17.984 17.710 17.772 17.881 17.856 17.980 17.658 17.701 17.811 17.992 18.052 17.777 17.826 17.882 12/04/2053
13.876 13.576 13.605 13.258 14.138 13.470 13.384 13.548 13.626 13.972 13.177 13.150 13.624 13.612 13.994 13.632 14.280 13.307 13.271 13.595 13.480 14.257 13.251 13.331 13.268 13.395 13.931 13.024 13.051 13.198 13/04/2053
11.628 11.225 11.663 11.740 11.452 11.135 11.073 11.607 12.024 11.523 11.027 11.085 11.480 11.469 11.623 11.739 12.217 11.363 11.356 11.803 11.911 12.175 11.242 11.382 11.461 11.952 12.155 11.212 11.336 11.419 14/04/2053
9.595 9.680 9.336 9.241 8.932 9.452 9.282 9.194 9.444 9.321 9.539 9.477 9.311 9.220 9.473 9.368 9.098 9.466 9.292 9.330 9.377 9.049 9.232 9.515 9.437 9.209 8.920 9.311 9.407 9.209 15/04/2053
13.995 13.997 13.720 12.976 13.677 13.674 13.396 13.513 13.638 13.725 13.788 13.763 13.697 13.703 13.748 14.375 14.611 13.786 13.748 13.588 14.377 14.564 13.694 13.784 13.704 14.556 14.657 13.657 13.673 13.683 16/04/2053
12.408 12.405 12.676 11.824 11.536 12.197 12.048 12.556 11.832 11.415 11.729 12.193 11.675 11.582 11.450 11.697 12.559 11.619 11.483 11.699 11.633 12.549 11.170 11.660 11.777 11.801 12.561 11.248 11.639 11.678 17/04/2053
10.409 10.007 9.740 9.231 9.212 9.864 9.749 9.662 8.850 8.920 9.504 9.415 9.311 9.227 9.020 9.936 9.673 9.055 8.924 8.775 9.870 9.634 9.125 9.128 8.871 9.859 9.502 9.103 8.951 8.713 18/04/2053
10.532 10.404 10.304 9.746 9.527 10.345 10.306 10.275 10.149 9.576 10.645 10.537 10.156 10.138 9.678 10.738 10.907 10.413 10.386 10.317 10.928 10.882 10.441 10.444 10.746 11.266 11.379 10.953 10.953 10.710 19/04/2053
12.956 13.106 12.922 12.801 12.641 13.032 12.962 12.873 12.858 12.556 13.182 13.131 13.091 13.014 12.648 13.215 13.462 13.121 13.043 12.897 13.407 13.435 13.158 13.176 13.269 13.549 13.674 13.534 13.443 13.163 20/04/2053
17.384 17.502 17.600 17.002 17.319 17.379 17.245 17.537 17.352 17.219 17.329 17.423 17.324 17.309 17.242 17.636 18.006 17.284 17.247 17.272 17.782 18.006 17.203 17.296 17.338 17.999 18.109 17.289 17.323 17.304 21/04/2053
19.473 19.680 19.892 19.197 18.251 19.556 19.440 19.823 18.964 18.566 19.680 19.806 18.887 18.860 18.639 19.322 19.475 18.978 18.948 19.105 19.726 19.478 18.921 19.006 19.297 19.947 19.701 19.307 19.291 19.201 22/04/2053
19.182 19.332 19.312 17.897 17.846 19.244 19.212 19.270 18.856 18.194 19.226 19.380 19.408 19.211 18.403 20.067 20.491 19.505 19.261 18.981 20.334 20.473 19.429 19.579 19.260 20.609 20.759 19.898 19.680 18.968 23/04/2053
17.335 17.422 17.895 17.560 17.328 17.186 17.075 17.770 17.644 17.352 17.131 17.513 17.797 17.713 17.479 17.143 17.849 18.028 17.913 17.350 17.275 17.818 17.672 18.062 18.109 17.358 17.867 17.857 18.154 17.952 24/04/2053
16.451 15.844 15.953 15.550 15.354 15.707 15.613 15.877 16.189 15.638 15.590 15.850 16.311 16.125 15.871 15.501 15.904 16.453 16.232 16.234 15.789 15.893 16.222 16.543 16.816 16.025 16.225 16.787 16.868 16.508 25/04/2053
16.290 16.049 15.907 15.532 14.372 15.729 15.462 15.698 15.162 14.553 15.680 15.937 15.382 15.198 14.800 15.807 14.918 15.546 15.342 15.154 16.042 14.888 15.460 15.650 15.735 16.622 15.102 15.896 16.031 15.425 26/04/2053
13.609 13.791 13.638 13.836 14.042 13.646 13.542 13.546 14.586 14.412 13.739 13.841 14.797 14.435 14.412 13.489 14.022 14.986 14.534 14.517 13.749 13.969 14.922 15.169 15.355 13.931 14.290 15.792 15.619 14.756 27/04/2053
17.255 17.289 17.249 17.063 17.685 17.116 16.963 17.146 17.435 17.664 17.072 17.044 17.475 17.399 17.643 17.268 17.293 17.355 17.262 17.230 17.302 17.268 17.462 17.406 17.448 17.451 17.434 17.669 17.555 17.324 28/04/2053
15.150 15.230 15.618 14.978 15.303 14.884 14.604 15.434 16.320 15.685 14.782 15.337 16.480 16.274 15.910 15.604 16.491 16.502 16.266 16.202 16.331 16.430 16.439 16.602 16.497 17.169 16.726 16.935 16.753 16.163 29/04/2053
18.138 18.512 19.383 19.359 19.946 18.452 18.393 19.318 19.909 20.068 18.540 19.307 19.936 19.858 20.103 18.752 20.080 19.918 19.885 19.803 19.574 20.023 19.813 19.983 19.942 19.916 20.384 20.182 20.080 19.852 30/04/2053
12.938 12.796 13.362 13.219 13.395 12.665 12.561 13.281 12.815 12.962 12.935 12.952 12.740 12.661 13.000 12.780 13.057 12.648 12.561 12.747 13.264 13.026 12.688 12.687 12.940 13.539 13.280 13.013 13.038 12.768 01/05/2053
12.569 12.506 12.678 12.243 12.065 12.348 12.222 12.575 11.994 11.880 11.910 12.410 11.836 11.742 11.963 11.655 12.668 11.819 11.703 11.929 11.788 12.643 11.614 11.894 12.065 11.723 12.597 11.688 12.063 11.864 02/05/2053
11.526 11.256 11.152 10.397 10.789 11.084 10.935 11.060 10.321 10.558 10.911 10.956 10.478 10.391 10.633 11.049 11.245 10.212 10.113 10.080 11.082 11.211 10.340 10.265 10.334 11.224 11.217 10.413 10.294 10.167 03/05/2053
12.741 12.990 12.569 12.527 13.183 12.750 12.567 12.422 13.124 13.295 12.840 12.826 12.688 12.582 13.374 13.142 13.390 12.910 12.733 13.054 13.469 13.356 12.899 12.982 13.377 13.958 13.708 13.403 13.420 13.155 04/05/2053
10.059 10.179 9.772 9.030 9.422 9.999 9.865 9.635 9.852 9.721 10.218 10.127 9.983 9.893 9.835 10.651 10.917 10.167 10.009 9.921 10.943 10.882 10.282 10.215 10.173 11.299 11.181 10.671 10.510 9.992 05/05/2053
8.927 8.982 8.735 8.811 9.366 8.813 8.663 8.615 8.977 9.535 9.015 9.025 9.077 8.982 9.568 9.295 9.667 9.269 9.164 9.183 9.524 9.637 9.296 9.325 9.349 9.784 9.819 9.537 9.679 9.177 06/05/2053
8.970 8.842 8.833 9.018 9.418 8.740 8.653 8.752 9.183 9.296 8.769 8.710 8.905 8.870 9.372 9.565 9.760 8.942 8.892 9.091 9.587 9.726 8.889 8.972 9.175 9.669 9.714 8.964 9.080 9.045 07/05/2053
13.990 14.000 13.709 13.356 13.761 13.868 13.780 13.671 14.045 13.719 13.826 13.840 14.044 14.000 13.830 14.318 14.756 14.101 14.045 14.081 14.396 14.732 14.083 14.147 14.137 14.511 14.732 14.174 14.170 13.962 08/05/2053
14.979 14.840 14.561 14.172 14.642 14.717 14.572 14.481 14.819 14.653 14.812 14.673 14.850 14.705 14.750 15.221 15.310 14.675 14.543 14.586 15.281 15.269 14.735 14.730 14.782 15.269 15.273 14.903 14.688 14.588 09/05/2053
12.480 12.255 11.589 11.099 11.066 12.129 12.000 11.457 11.153 10.987 12.577 11.667 11.178 11.048 11.042 12.929 11.907 11.039 10.902 10.892 12.846 11.882 11.117 11.099 10.919 12.656 11.841 11.277 10.933 10.710 10/05/2053
13.273 12.972 12.042 12.059 12.205 12.770 12.670 11.948 12.292 12.224 13.256 12.165 12.084 11.922 12.312 13.529 11.922 11.824 11.645 11.816 13.101 11.908 11.864 11.915 11.659 12.213 11.442 11.607 11.617 11.437 11/05/2053
13.724 13.499 12.151 11.697 12.494 13.300 13.147 12.046 12.467 12.578 14.068 12.772 12.526 12.352 12.690 14.376 12.694 12.407 12.230 12.143 14.088 12.673 13.008 12.460 12.146 13.611 12.736 13.257 12.414 11.913 12/05/2053
14.099 14.055 13.841 13.309 14.117 13.851 13.727 13.748 14.250 14.418 14.234 13.845 14.478 14.346 14.512 14.473 14.543 14.096 13.948 13.793 14.619 14.513 14.367 14.126 13.579 14.680 14.170 14.035 13.634 13.405 13/05/2053
15.744 15.287 14.923 13.973 14.167 15.020 14.838 14.748 14.639 14.121 15.381 15.009 14.984 14.818 14.269 15.464 14.953 14.607 14.408 14.160 15.594 14.914 15.185 14.680 14.178 15.632 14.723 15.086 14.437 13.881 14/05/2053
11.746 11.599 11.281 10.337 10.364 11.380 11.223 11.171 10.844 10.379 11.065 11.021 11.251 11.141 10.510 11.099 11.452 11.057 10.886 10.814 11.310 11.432 11.133 11.122 10.984 11.545 11.396 11.244 11.049 10.784 15/05/2053
10.546 10.503 10.284 9.556 9.689 10.353 10.195 10.171 9.793 9.663 9.909 10.159 10.027 9.922 9.794 10.573 10.950 9.814 9.708 9.726 10.730 10.915 9.701 9.874 9.879 10.648 10.763 9.623 9.752 9.672 16/05/2053
10.425 10.432 10.583 10.660 11.108 10.283 10.206 10.519 11.150 11.194 10.265 10.301 10.821 10.740 11.265 10.426 10.826 10.854 10.744 11.140 10.514 10.800 10.414 10.923 11.321 10.696 10.915 10.616 11.048 11.140 17/05/2053
12.661 12.423 12.394 13.188 12.757 12.146 11.947 12.236 13.035 12.774 12.167 12.106 12.754 12.752 12.849 12.600 12.701 12.509 12.457 12.670 12.614 12.661 12.418 12.541 12.589 12.598 12.544 12.223 12.372 12.507 18/05/2053
13.489 12.950 12.925 13.091 12.541 12.738 12.612 12.804 13.183 12.359 12.844 12.782 13.180 13.047 12.439 13.020 12.886 13.165 12.984 12.914 13.493 12.860 13.158 13.252 13.261 13.879 13.300 13.786 13.454 13.039 19/05/2053
12.857 12.562 12.661 12.495 12.916 12.348 12.174 12.549 12.825 12.440 12.359 12.259 12.691 12.551 12.543 12.915 12.790 12.654 12.461 12.584 13.143 12.755 12.630 12.723 12.999 13.557 13.099 13.082 12.975 12.797 20/05/2053
14.497 14.242 14.102 14.246 14.471 14.034 13.843 13.993 14.549 14.446 13.607 14.010 14.429 14.279 14.536 13.811 14.249 14.434 14.257 14.553 13.748 14.188 14.147 14.493 14.882 13.721 14.362 14.381 14.709 14.646 21/05/2053
17.662 18.013 17.824 17.557 17.551 17.784 17.630 17.680 17.861 17.576 17.388 17.578 17.915 17.830 17.581 17.326 17.374 17.792 17.646 17.757 17.455 17.351 17.565 17.838 17.744 17.491 17.303 17.578 17.792 17.560 22/05/2053
16.966 17.649 17.773 17.314 17.317 17.463 17.317 17.604 18.316 17.939 17.731 17.887 18.144 18.025 18.003 17.884 18.772 18.650 18.461 18.371 18.437 18.739 18.440 18.730 18.505 18.942 18.909 18.832 18.723 18.296 23/05/2053
16.018 16.153 16.447 16.616 17.075 15.978 15.853 16.339 17.451 17.538 15.995 16.324 17.077 16.940 17.666 16.181 17.087 17.271 17.091 17.297 16.684 17.058 17.073 17.336 17.339 17.004 17.128 17.300 17.347 17.106 24/05/2053
13.288 13.229 13.241 13.483 13.713 13.103 12.963 13.156 14.215 14.124 13.103 13.166 14.079 13.979 14.248 13.833 14.737 14.185 14.042 14.158 13.933 14.726 14.016 14.246 14.357 14.032 14.885 14.233 14.344 14.168 25/05/2053
14.700 14.983 15.132 15.120 14.859 14.838 14.744 15.012 15.275 15.054 14.942 15.087 15.139 15.028 15.175 15.724 16.008 15.146 15.060 15.165 15.891 15.978 15.095 15.165 15.526 15.961 15.896 15.007 15.254 15.437 26/05/2053
15.251 15.150 15.196 14.435 14.890 15.040 14.919 15.119 15.046 14.825 14.966 14.841 14.953 14.859 14.913 15.278 15.232 15.054 14.949 15.038 15.492 15.199 14.969 15.113 15.329 15.572 15.585 15.449 15.494 15.174 27/05/2053
15.106 14.997 15.021 14.806 14.781 14.896 14.825 14.961 14.991 14.593 14.436 14.713 15.090 15.048 14.665 15.166 15.298 14.952 14.924 14.994 15.262 15.286 14.882 14.975 14.938 14.948 15.125 14.685 14.918 14.821 28/05/2053
15.704 15.624 15.417 15.517 14.983 15.491 15.393 15.330 15.165 14.912 15.279 15.312 15.275 15.259 14.999 15.543 15.473 15.130 15.078 15.074 15.578 15.442 15.168 15.188 15.072 15.575 15.434 15.200 15.245 14.984 29/05/2053
17.270 17.103 16.871 16.755 16.800 16.920 16.783 16.761 17.207 16.913 16.865 16.994 17.414 17.357 16.967 17.280 17.376 17.306 17.213 17.161 17.314 17.368 17.251 17.360 17.300 17.585 17.531 17.522 17.479 17.179 30/05/2053
16.473 16.069 15.858 15.569 15.566 15.942 15.792 15.767 15.959 15.649 16.014 16.017 16.075 15.980 15.769 16.554 16.487 16.079 16.022 15.951 16.552 16.475 16.121 16.167 16.144 16.729 16.599 16.305 16.222 15.996 31/05/2053
13.909 13.664 13.542 12.445 12.609 13.537 13.462 13.464 12.370 12.305 13.573 13.511 12.866 12.769 12.428 13.829 13.192 12.775 12.666 12.392 13.777 13.189 12.886 12.822 12.981 13.965 13.330 13.156 13.068 12.825 01/06/2053
14.648 14.795 14.428 13.874 14.066 14.613 14.433 14.318 14.112 13.884 14.570 14.671 14.429 14.328 13.984 14.960 15.278 14.369 14.246 13.954 15.019 15.255 14.266 14.424 14.293 14.962 15.118 14.261 14.348 14.086 02/06/2053
15.586 15.614 15.343 14.837 15.097 15.458 15.304 15.262 15.210 15.378 15.886 15.683 15.349 15.285 15.514 16.102 16.418 15.577 15.473 15.236 16.161 16.394 15.611 15.608 15.504 15.873 16.056 15.304 15.448 15.381 03/06/2053
17.153 17.217 17.095 16.790 16.773 17.079 16.956 17.002 17.182 16.889 17.829 17.448 17.077 16.998 17.045 17.703 17.999 17.151 17.055 17.141 17.523 17.972 17.437 17.186 17.227 17.211 17.677 17.259 17.138 17.106 04/06/2053
15.159 14.773 14.840 15.549 16.004 14.757 14.722 14.810 15.731 15.647 15.325 14.891 15.381 15.282 15.699 15.947 16.012 15.155 15.026 15.350 15.668 15.976 15.388 15.204 15.256 15.730 15.819 15.304 15.082 15.074 05/06/2053
17.143 16.977 16.995 16.572 16.964 16.882 16.783 16.923 16.667 16.815 16.846 16.860 16.731 16.608 16.947 16.948 17.589 16.692 16.576 16.749 16.999 17.572 16.619 16.759 17.086 17.348 17.684 16.910 16.869 16.892 06/06/2053
17.688 17.686 17.704 17.491 17.927 17.561 17.461 17.624 18.388 18.155 17.865 17.693 18.302 18.162 18.257 18.412 18.616 18.348 18.185 18.360 18.448 18.592 18.161 18.424 18.674 18.405 18.710 18.440 18.550 18.495 07/06/2053
18.908 18.783 18.828 18.286 19.168 18.581 18.454 18.709 19.440 19.300 18.599 18.760 19.311 19.246 19.374 18.746 19.174 19.345 19.284 19.518 18.867 19.159 19.134 19.365 19.722 19.105 19.263 19.290 19.396 19.631 08/06/2053
16.375 16.405 16.518 17.178 18.363 16.229 16.063 16.420 18.326 18.339 16.135 16.297 18.099 17.987 18.454 16.507 17.691 18.134 17.999 18.212 16.552 17.657 17.863 18.188 18.586 16.606 17.795 18.096 18.231 18.408 09/06/2053
18.025 18.052 18.235 18.365 18.806 17.888 17.735 18.123 19.049 18.920 17.792 18.009 18.794 18.651 19.080 17.927 18.698 18.783 18.619 18.892 18.072 18.655 18.581 18.842 19.104 18.245 18.751 18.756 18.868 18.879 10/06/2053
20.783 20.542 20.642 20.008 20.509 20.236 19.983 20.465 21.429 20.449 20.027 20.155 21.211 21.071 20.586 20.773 21.341 21.154 20.992 21.258 20.821 21.314 20.826 21.214 21.419 20.948 21.377 21.041 21.196 21.206 11/06/2053
22.603 22.542 22.532 22.430 22.727 22.388 22.269 22.452 23.264 22.772 22.218 22.403 23.267 23.127 22.873 22.607 23.198 23.244 23.107 23.159 22.637 23.153 23.032 23.283 23.226 22.696 23.129 23.074 23.081 23.034 12/06/2053
24.113 23.918 23.967 23.879 24.130 23.751 23.618 23.894 24.347 24.048 23.458 23.611 24.266 24.130 24.134 23.280 23.765 24.154 23.973 24.039 23.248 23.735 23.944 24.203 24.139 23.297 23.601 23.942 23.941 23.911 13/06/2053
23.413 23.320 23.390 23.328 23.564 23.149 23.033 23.278 23.862 23.476 22.915 23.068 23.778 23.617 23.594 22.450 23.139 23.555 23.387 23.461 22.497 23.079 23.325 23.622 23.570 22.664 23.118 23.417 23.482 23.358 14/06/2053
20.775 20.721 20.765 20.346 20.067 20.459 20.253 20.609 20.616 20.129 20.233 20.435 20.563 20.363 20.276 20.364 20.871 20.500 20.272 20.381 20.378 20.807 20.178 20.618 20.821 20.363 21.053 20.511 20.722 20.444 15/06/2053
21.961 21.982 21.975 21.862 22.312 21.865 21.746 21.920 22.564 22.357 21.832 21.894 22.436 22.346 22.403 21.949 22.306 22.415 22.269 22.440 21.937 22.272 22.170 22.457 22.653 21.946 22.272 22.299 22.370 22.429 16/06/2053
23.912 24.016 24.044 24.027 23.869 23.836 23.709 23.959 24.289 23.818 23.806 23.981 24.082 23.982 23.878 23.811 24.179 24.121 23.941 24.003 23.973 24.140 23.944 24.155 24.301 24.136 24.150 24.012 24.215 24.057 17/06/2053
24.764 24.769 24.830 24.879 24.652 24.618 24.483 24.711 24.935 24.612 24.522 24.660 24.841 24.725 24.754 24.537 24.830 24.734 24.573 24.632 24.731 24.815 24.683 24.812 24.796 24.797 24.790 24.788 24.782 24.533 18/06/2053
23.901 23.954 24.071 24.345 24.513 23.901 23.872 24.035 25.005 24.613 23.929 23.976 24.808 24.718 24.709 24.174 24.970 24.760 24.658 24.884 24.340 24.934 24.568 24.795 24.894 24.484 24.986 24.673 24.743 24.768 19/06/2053
25.062 25.068 25.089 25.425 25.313 25.048 25.058 25.084 25.528 25.186 24.902 24.862 25.424 25.418 25.214 24.849 24.831 25.354 25.294 25.421 24.890 24.783 25.207 25.362 25.450 24.993 24.925 25.290 25.292 25.413 20/06/2053
24.740 24.664 24.674 24.198 23.678 24.537 24.414 24.587 24.843 23.668 24.554 24.525 24.909 24.717 23.785 24.827 24.631 24.805 24.582 24.624 24.918 24.591 24.591 24.910 24.883 25.016 24.653 24.833 24.923 24.599 21/06/2053
24.703 24.752 24.718 24.678 24.685 24.495 24.345 24.568 25.706 24.827 24.491 24.569 25.640 25.457 25.009 24.751 24.989 25.673 25.442 25.468 24.893 24.969 25.434 25.777 25.658 24.900 25.056 25.703 25.740 25.353 22/06/2053
22.695 22.658 22.811 22.431 23.262 22.475 22.342 22.667 23.516 23.374 22.587 22.620 23.478 23.335 23.474 23.015 24.216 23.376 23.213 23.146 23.283 24.190 23.321 23.460 23.250 23.486 24.365 23.644 23.477 23.024 23/06/2053
23.222 23.167 23.058 22.804 24.130 22.915 22.698 22.871 23.849 24.427 23.141 23.112 23.791 23.662 24.527 24.008 24.264 23.839 23.666 23.704 24.237 24.233 23.769 23.903 23.809 24.488 24.442 24.118 23.941 23.587 24/06/2053
22.425 22.535 22.762 22.479 22.743 22.409 22.321 22.672 23.411 22.732 21.948 22.178 23.253 23.075 22.841 22.356 22.953 22.801 22.578 22.954 22.381 22.920 22.499 22.886 22.977 22.316 22.928 22.748 22.880 22.656 25/06/2053
22.093 21.750 21.670 21.405 22.169 21.523 21.338 21.558 22.551 22.366 21.461 21.650 22.539 22.424 22.470 21.907 22.540 22.348 22.242 22.275 21.768 22.500 22.044 22.397 22.069 21.746 22.505 22.066 22.091 21.853 26/06/2053
22.643 22.646 22.460 22.120 21.869 22.575 22.512 22.427 22.213 21.835 22.524 22.516 22.408 22.228 21.906 22.209 22.016 22.348 22.149 22.072 22.154 21.997 22.197 22.461 22.340 22.052 22.098 22.515 22.473 22.063 27/06/2053
22.059 22.011 21.649 21.004 21.155 21.891 21.807 21.590 21.196 21.230 21.856 21.819 21.359 21.255 21.278 21.691 21.655 21.421 21.298 21.173 21.715 21.650 21.383 21.484 21.392 21.720 21.737 21.648 21.537 21.239 28/06/2053
21.279 21.236 20.886 20.505 20.717 21.074 20.967 20.815 20.728 20.712 20.853 20.999 20.855 20.790 20.793 20.618 20.746 20.863 20.826 20.800 20.800 20.731 20.859 20.909 21.116 20.981 20.764 20.958 21.027 20.975 29/06/2053
20.778 20.808 20.405 19.911 19.746 20.604 20.426 20.261 20.164 20.045 20.518 20.584 20.342 20.248 20.142 20.149 20.590 20.466 20.365 20.292 20.418 20.560 20.501 20.505 20.679 20.655 20.694 20.719 20.668 20.532 30/06/2053
20.547 20.631 20.344 20.094 20.474 20.498 20.340 20.233 20.539 20.596 20.185 20.381 20.675 20.572 20.702 20.449 21.059 20.642 20.525 20.525 20.556 21.019 20.586 20.672 20.692 20.655 21.139 20.739 20.748 20.542 01/07/2053
19.835 19.901 19.559 18.740 18.964 19.667 19.469 19.396 19.781 19.231 19.514 19.609 20.039 19.947 19.346 19.435 19.650 19.981 19.850 19.788 19.537 19.608 19.890 20.028 19.938 19.709 19.730 20.135 20.179 19.730 02/07/2053
20.764 20.521 20.195 18.484 19.265 20.258 20.035 20.039 19.057 19.323 20.158 20.080 19.434 19.379 19.348 19.395 19.258 19.321 19.264 19.052 19.388 19.236 19.510 19.325 19.416 19.667 19.342 19.712 19.675 19.304 03/07/2053
23.546 23.382 23.310 22.993 22.997 23.212 23.083 23.196 23.162 23.082 23.021 23.116 23.238 23.183 23.086 22.953 23.786 23.170 23.111 23.031 23.220 23.737 23.146 23.184 22.982 23.437 23.904 23.244 23.219 22.935 04/07/2053
24.363 24.212 24.116 23.260 23.352 24.122 24.015 24.077 23.609 23.421 24.018 24.027 23.733 23.694 23.409 23.996 25.051 23.712 23.649 23.695 24.148 25.025 23.640 23.738 23.896 24.255 25.112 23.798 24.078 23.676 05/07/2053
22.480 22.385 22.260 21.486 21.724 22.236 22.133 22.164 21.492 21.425 22.394 22.268 21.698 21.661 21.444 22.094 21.843 21.222 21.175 21.094 22.262 21.817 21.675 21.237 21.783 22.287 21.695 21.486 21.180 21.657 06/07/2053
19.184 19.249 19.147 18.248 18.696 19.113 19.001 19.058 19.009 18.774 19.231 19.194 19.094 18.977 18.885 19.192 19.547 18.972 18.823 18.879 19.492 19.494 19.272 19.040 19.138 19.870 19.679 19.581 19.289 18.901 07/07/2053
18.908 18.487 17.631 16.358 15.507 18.226 18.022 17.449 16.395 15.419 19.663 18.196 16.362 16.117 15.669 20.354 18.683 16.067 15.827 15.894 20.086 18.609 17.128 16.196 15.859 19.411 18.354 17.014 16.433 15.443 08/07/2053
19.023 18.732 18.332 17.095 17.372 18.596 18.475 18.243 17.411 17.424 19.059 18.538 17.413 17.352 17.504 19.046 18.565 17.300 17.220 17.226 18.808 18.565 17.645 17.340 17.115 18.415 18.509 17.852 17.404 16.988 09/07/2053
18.964 18.791 18.507 17.143 17.697 18.563 18.349 18.381 17.841 17.920 18.656 18.523 18.099 17.940 18.137 18.810 19.179 18.125 17.906 17.704 18.776 19.169 18.285 18.210 17.887 18.740 18.998 18.430 18.337 17.551 10/07/2053
20.192 20.275 20.256 19.913 19.911 20.148 20.022 20.201 20.251 19.987 20.264 20.334 20.319 20.219 20.068 20.523 21.054 20.531 20.414 20.508 20.830 21.066 20.353 20.599 21.213 21.459 21.462 20.890 21.165 21.030 11/07/2053
17.765 17.634 17.499 16.755 16.814 17.501 17.375 17.417 16.938 16.721 17.360 17.318 16.995 16.873 16.832 17.566 17.448 16.976 16.841 16.866 17.398 17.432 16.963 17.030 17.220 17.503 17.527 17.241 17.270 17.009 12/07/2053
17.176 16.979 16.964 16.717 16.807 16.834 16.734 16.844 16.648 16.280 16.734 16.593 16.789 16.631 16.403 16.725 16.998 16.646 16.475 16.472 16.614 16.951 16.669 16.702 16.792 16.713 17.109 16.970 16.875 16.554 13/07/2053
18.493 18.544 18.810 18.001 18.571 18.319 18.198 18.641 18.464 18.628 18.135 18.291 18.579 18.429 18.750 17.928 18.336 18.367 18.241 18.307 18.111 18.294 18.197 18.457 18.565 18.419 18.414 18.452 18.602 18.308 14/07/2053
23.196 23.207 23.165 22.633 22.589 23.065 22.975 23.076 23.367 22.379 22.740 22.894 23.278 23.136 22.513 22.733 23.166 23.134 22.990 23.042 22.721 23.120 23.048 23.203 23.256 22.848 23.121 23.108 23.160 23.018 15/07/2053
24.406 24.484 24.424 24.036 24.420 24.388 24.297 24.345 24.796 24.162 24.161 24.262 24.689 24.592 24.242 24.268 24.622 24.527 24.426 24.544 24.102 24.575 24.453 24.574 24.622 24.026 24.524 24.511 24.526 24.479 16/07/2053
19.875 19.863 20.228 20.428 20.723 19.777 19.722 20.190 20.758 20.592 19.808 20.092 20.598 20.557 20.651 20.068 20.794 20.622 20.559 20.664 20.045 20.764 20.221 20.630 20.749 20.186 20.777 20.246 20.529 20.612 17/07/2053
19.412 19.241 19.063 18.567 18.710 19.195 19.168 19.053 19.150 18.708 19.203 19.112 19.297 19.205 18.836 19.591 19.742 19.231 19.139 19.118 19.443 19.720 19.072 19.299 19.295 19.427 19.710 19.161 19.295 19.168 18/07/2053
18.567 18.390 18.238 17.499 17.573 18.234 18.092 18.135 17.952 17.540 18.249 18.134 18.042 17.884 17.658 18.603 18.907 18.003 17.818 17.860 18.529 18.900 17.956 18.058 18.097 18.522 18.915 18.223 18.188 17.860 19/07/2053
21.561 21.564 21.484 21.284 21.294 21.417 21.303 21.366 21.317 21.344 21.372 21.476 21.286 21.216 21.354 21.608 21.955 21.312 21.251 21.393 21.640 21.926 21.205 21.328 21.468 21.662 21.921 21.251 21.353 21.413 20/07/2053
24.269 24.136 24.223 23.793 23.048 23.892 23.711 24.087 23.535 23.132 23.949 23.998 23.358 23.350 23.168 24.075 23.976 23.367 23.349 23.456 24.079 23.958 23.158 23.393 23.482 24.051 23.979 23.063 23.294 23.413 21/07/2053
22.504 22.078 21.841 21.371 21.356 21.932 21.820 21.748 21.571 21.284 21.747 21.604 21.433 21.370 21.339 22.351 22.031 21.378 21.309 21.441 22.205 22.007 21.391 21.411 21.494 22.134 22.010 21.438 21.478 21.388 22/07/2053
21.703 21.462 21.130 20.450 20.802 21.231 21.097 20.991 21.035 20.771 21.168 21.055 21.214 21.082 20.909 21.413 21.147 21.047 20.855 20.760 21.277 21.091 21.089 21.125 21.123 21.186 21.093 21.246 21.314 20.842 23/07/2053
21.174 20.963 20.761 20.212 20.605 20.766 20.612 20.656 20.641 20.735 20.708 20.643 20.521 20.406 20.862 20.964 21.246 20.644 20.507 20.541 20.949 21.195 20.481 20.692 20.742 20.931 21.317 20.708 20.814 20.564 24/07/2053
19.510 19.436 19.314 18.731 19.408 19.219 19.028 19.183 19.801 19.734 19.163 19.329 19.782 19.635 19.867 19.419 19.869 19.913 19.728 19.773 19.578 19.834 19.715 19.995 20.097 19.730 20.019 20.078 20.276 19.839 25/07/2053
20.039 19.936 19.746 19.494 18.919 19.726 19.580 19.621 19.756 18.930 19.684 19.722 19.998 19.874 19.082 19.980 20.268 20.025 19.915 19.692 20.277 20.252 20.248 20.093 20.259 20.558 20.478 20.556 20.595 20.039 26/07/2053
21.584 21.541 21.372 21.296 21.367 21.355 21.219 21.259 21.488 21.300 21.339 21.431 21.618 21.538 21.378 20.960 21.444 21.658 21.531 21.486 20.981 21.416 21.581 21.725 21.909 21.171 21.677 21.887 22.008 21.753 27/07/2053
21.601 21.434 21.286 20.803 21.111 21.252 21.104 21.162 21.506 21.242 21.221 21.391 21.659 21.557 21.358 21.109 21.754 21.769 21.600 21.510 21.332 21.737 21.654 21.839 22.020 21.616 21.997 22.054 22.226 21.813 28/07/2053
22.185 21.839 21.776 20.895 21.353 21.628 21.482 21.655 21.908 21.640 21.472 21.689 22.006 21.846 21.753 21.911 22.599 22.075 21.851 21.957 22.096 22.597 21.940 22.165 22.600 22.311 22.822 22.482 22.687 22.330 29/07/2053
21.290 21.059 20.872 20.135 20.816 20.944 20.886 20.826 21.071 20.750 20.800 20.869 21.310 21.197 20.809 21.208 21.675 21.252 21.126 21.103 21.052 21.700 21.252 21.316 21.350 20.854 21.619 21.382 21.511 21.246 30/07/2053
19.444 19.037 18.767 18.160 18.478 18.876 18.725 18.660 18.138 18.238 18.532 18.493 18.384 18.256 18.394 19.118 19.321 18.322 18.154 17.969 19.097 19.305 18.549 18.402 18.414 19.227 19.470 18.868 18.766 18.178 31/07/2053
