# 6448 6449 6450 6451 6452 6528 6529 6530 6531 6532 6610 6611 6612 6613 6614 6693 6694 6695 6696 6697 6776 6777 6778 6779 6780 6859 6860 6861 6862 6863 Date
22.056 22.051 21.639 21.111 20.852 21.901 21.801 21.595 21.391 21.054 21.977 21.879 21.970 21.825 21.203 21.803 22.054 21.886 21.733 21.375 21.995 22.044 21.947 21.962 21.692 22.124 22.109 22.118 22.043 21.546 01/08/2073
23.254 23.294 22.888 22.720 22.124 23.124 22.886 22.778 22.407 22.212 23.036 23.081 22.758 22.651 22.338 23.253 23.452 22.727 22.597 22.375 23.639 23.432 22.780 22.797 22.553 23.682 23.479 22.933 22.770 22.390 02/08/2073
24.572 24.608 24.154 23.602 22.829 24.408 24.266 24.047 23.635 22.922 24.109 24.217 23.959 23.863 23.025 24.301 23.892 23.900 23.783 23.606 24.468 23.893 23.800 23.961 23.745 24.478 23.868 24.024 23.965 23.584 03/08/2073
22.519 22.575 22.309 20.832 22.195 22.419 22.287 22.217 22.773 22.333 22.612 22.499 22.906 22.807 22.386 22.541 22.965 22.766 22.607 22.469 22.382 22.959 22.704 22.809 22.612 22.287 22.909 22.814 22.772 22.417 04/08/2073
22.445 22.145 22.067 21.353 21.692 22.028 21.941 22.008 22.022 21.615 21.804 21.857 21.964 21.874 21.700 22.621 22.502 21.949 21.802 21.833 22.412 22.505 21.933 21.988 21.970 22.540 22.500 22.079 22.069 21.818 05/08/2073
24.322 23.907 24.253 23.942 24.377 23.756 23.611 24.130 25.418 24.856 24.047 24.145 24.902 24.765 24.967 24.312 25.365 25.617 25.431 25.924 24.807 25.337 25.365 25.681 26.903 26.024 26.961 26.943 26.981 26.767 06/08/2073
25.600 25.579 25.359 24.990 24.572 25.393 25.275 25.279 25.568 24.883 25.194 25.332 25.689 25.562 24.947 25.422 25.499 25.688 25.519 25.603 25.831 25.474 25.673 25.780 26.183 26.252 25.925 26.256 26.240 25.960 07/08/2073
24.091 24.223 23.653 22.748 23.129 24.058 23.899 23.552 23.654 23.411 23.902 23.936 24.170 24.044 23.497 23.912 24.166 24.167 24.012 23.650 24.356 24.145 24.188 24.241 24.179 24.698 24.432 24.598 24.489 23.955 08/08/2073
24.129 24.378 24.015 23.377 23.577 24.255 24.140 23.937 24.280 23.887 24.171 24.280 24.712 24.620 23.986 23.935 24.791 24.590 24.489 24.326 24.334 24.766 24.581 24.632 24.621 24.525 24.968 24.923 24.882 24.449 09/08/2073
25.988 26.137 26.003 26.439 26.554 25.942 25.726 25.867 27.355 26.837 26.733 26.587 26.932 26.776 26.944 26.096 27.152 27.102 26.894 27.068 26.541 27.103 27.355 27.193 27.350 26.740 27.076 27.427 27.297 27.053 10/08/2073
30.495 30.701 30.701 31.114 31.239 30.526 30.391 30.575 31.112 31.079 30.642 30.649 30.898 30.801 31.103 29.759 30.263 30.882 30.833 30.764 30.171 30.234 30.863 30.929 30.747 30.389 30.152 30.774 30.803 30.625 11/08/2073
29.406 30.376 29.806 29.292 29.436 30.280 30.177 29.710 30.338 29.652 31.167 30.954 30.796 30.811 29.647 30.484 31.448 31.343 31.419 30.389 31.138 31.438 31.493 31.318 30.721 31.007 31.532 31.311 31.230 30.755 12/08/2073
24.675 24.551 24.892 24.947 25.289 24.449 24.431 24.827 25.531 25.321 24.723 24.834 25.211 25.144 25.415 24.837 25.578 25.267 25.257 25.605 25.157 25.568 25.167 25.293 25.599 25.203 25.649 25.196 25.387 25.513 13/08/2073
21.385 21.265 21.486 21.462 20.647 20.680 20.580 21.434 21.615 21.006 21.676 21.560 21.363 20.693 21.086 21.796 21.942 21.585 21.531 21.097 21.849 21.931 21.454 21.616 21.289 21.946 21.989 21.585 21.778 21.184 14/08/2073
24.498 24.081 24.599 24.316 23.740 23.852 23.739 24.517 24.405 23.808 23.588 24.336 24.280 24.062 23.841 23.787 24.752 23.986 23.873 24.351 24.269 24.752 24.278 24.028 24.191 24.482 24.617 24.220 24.480 23.947 15/08/2073
27.533 27.365 27.816 27.561 27.529 27.203 27.168 27.758 27.958 27.678 26.448 27.988 27.611 27.486 27.708 26.411 28.546 28.313 28.281 27.526 26.451 28.569 28.351 28.348 28.271 26.815 28.387 28.196 28.361 28.160 16/08/2073
26.799 26.804 26.784 26.180 25.860 26.710 26.644 26.726 26.079 26.204 26.651 27.096 26.004 25.883 26.237 25.105 26.087 26.357 26.232 26.239 25.505 26.066 26.311 26.348 26.356 25.661 26.178 26.175 26.216 26.270 17/08/2073
26.786 26.480 26.531 26.740 26.667 26.506 26.498 26.534 28.149 26.849 26.950 26.784 28.524 28.248 26.882 26.556 27.858 28.410 28.057 28.170 26.740 27.821 28.325 28.471 28.593 26.600 27.999 28.551 28.423 28.186 18/08/2073
26.353 26.275 26.366 26.922 26.920 26.280 26.263 26.354 27.452 27.389 26.841 26.652 27.524 27.252 27.392 26.707 27.192 27.717 27.372 27.321 27.054 27.155 27.654 27.765 28.000 26.952 27.341 27.838 27.693 27.621 19/08/2073
28.221 27.931 28.186 27.938 28.009 27.948 27.921 28.185 28.618 28.140 28.537 28.419 28.677 28.458 28.129 28.431 28.486 28.931 28.648 28.441 28.731 28.468 28.686 28.966 28.654 28.520 28.645 28.826 28.783 28.334 20/08/2073
30.227 29.975 30.550 30.452 30.354 29.862 29.810 30.459 30.911 30.452 29.942 30.081 30.763 30.644 30.478 30.071 30.673 31.660 31.503 30.377 30.155 30.678 30.546 31.694 29.797 30.469 31.226 31.199 30.701 29.635 21/08/2073
29.334 29.220 29.203 28.658 28.548 29.155 29.133 29.137 28.665 28.265 28.964 29.010 29.125 29.030 28.325 28.910 28.419 28.707 28.576 28.120 28.703 28.396 28.521 28.768 27.819 28.331 28.066 28.394 28.156 27.648 22/08/2073
28.773 28.876 28.949 28.634 28.296 28.841 28.859 28.892 28.817 28.370 28.625 28.874 29.091 28.996 28.411 28.563 28.814 28.778 28.653 28.663 28.864 28.784 28.618 28.840 28.612 28.867 28.780 28.801 28.828 28.433 23/08/2073
27.528 27.524 27.843 27.391 27.257 27.411 27.394 27.740 27.809 27.433 27.287 27.655 27.981 27.876 27.473 27.049 27.465 27.724 27.597 27.822 27.557 27.427 27.482 27.794 27.804 27.716 27.590 27.816 28.031 27.625 24/08/2073
26.703 26.511 26.616 26.058 26.405 26.418 26.376 26.554 26.732 26.450 26.505 26.556 26.723 26.600 26.484 26.496 26.886 26.939 26.821 26.570 26.675 26.870 27.052 26.988 26.680 26.937 26.705 27.058 26.804 26.470 25/08/2073
24.525 24.362 24.356 23.590 24.040 24.268 24.262 24.289 24.168 23.878 24.247 24.342 24.829 24.738 23.901 24.466 24.826 24.607 24.543 23.933 24.721 24.833 24.792 24.652 24.092 24.694 24.533 24.668 24.325 24.023 26/08/2073
22.955 22.925 22.593 21.864 22.503 22.773 22.638 22.471 23.032 22.617 22.543 22.764 23.671 23.537 22.729 22.892 23.462 23.549 23.399 23.140 23.325 23.441 23.614 23.611 23.616 23.564 23.585 23.887 23.850 23.450 27/08/2073
22.258 22.240 21.971 21.139 21.134 22.124 21.995 21.892 21.507 21.208 22.017 22.083 22.082 21.995 21.388 21.701 21.922 21.892 21.798 21.545 21.902 21.886 21.932 21.925 21.713 21.895 21.934 21.978 21.934 21.589 28/08/2073
25.041 25.128 24.966 24.143 24.357 25.017 24.943 24.887 24.186 24.312 25.235 25.278 25.027 25.047 24.292 25.032 25.272 25.025 25.054 24.304 25.585 25.253 25.134 25.003 24.696 25.552 25.382 25.174 24.978 24.668 29/08/2073
22.183 22.075 22.279 22.304 22.761 22.078 22.062 22.262 22.469 22.632 23.080 22.926 22.716 22.676 22.628 22.763 23.292 22.948 22.961 23.081 23.031 23.272 22.875 22.990 23.378 23.152 23.518 23.242 23.388 23.258 30/08/2073
21.247 21.361 21.881 20.839 20.562 21.185 21.057 21.780 20.852 20.604 21.576 21.781 21.903 21.816 20.694 21.504 22.347 22.090 21.997 21.415 21.701 22.319 21.786 22.148 22.263 22.235 22.672 22.264 22.469 22.118 31/08/2073
17.175 17.366 17.838 18.576 18.346 17.239 17.143 17.765 18.810 18.702 17.010 17.639 18.536 18.437 18.781 17.290 18.618 18.824 18.698 19.009 17.916 18.582 18.313 18.904 19.651 18.799 19.277 19.129 19.481 19.466 01/09/2073
18.012 17.880 17.894 18.246 18.094 17.690 17.630 17.799 18.263 18.196 17.505 17.823 18.322 18.250 18.283 17.771 19.116 18.354 18.283 18.376 18.038 19.069 18.255 18.417 18.773 18.514 19.489 18.635 18.751 18.634 02/09/2073
19.850 19.851 19.919 18.771 19.051 19.722 19.639 19.864 19.805 19.269 19.856 19.894 19.719 19.571 19.374 19.891 20.717 19.685 19.459 19.954 20.009 20.702 19.637 19.780 20.003 20.419 20.968 20.118 19.993 19.754 03/09/2073
21.377 21.294 21.132 20.634 20.475 21.174 21.072 21.069 21.264 20.728 21.345 21.471 21.486 21.349 20.810 21.451 22.283 21.646 21.534 21.549 21.795 22.269 21.566 21.705 21.816 22.445 22.637 22.056 21.995 21.615 04/09/2073
19.248 19.174 19.059 18.849 18.938 19.096 19.028 19.027 19.553 19.320 19.278 19.356 19.658 19.560 19.360 19.320 20.029 19.803 19.741 19.712 19.707 20.014 19.772 19.835 19.886 20.165 20.233 20.060 20.013 19.794 05/09/2073
21.958 21.320 21.714 21.291 21.695 21.226 21.138 21.643 22.262 21.867 21.481 21.546 21.629 21.545 21.932 21.759 22.390 21.913 21.811 22.196 21.548 22.351 22.190 21.955 22.168 21.877 22.361 22.329 22.009 21.974 06/09/2073
20.656 20.271 20.269 19.469 19.658 20.130 19.947 20.177 20.205 19.309 20.104 20.029 20.448 20.331 19.478 20.406 20.593 20.412 20.257 20.229 20.402 20.546 20.379 20.469 20.665 20.783 20.980 20.875 20.688 20.442 07/09/2073
21.074 20.871 20.661 20.314 19.217 20.718 20.593 20.545 19.782 19.276 20.947 20.846 20.009 19.949 19.369 20.392 20.227 20.195 20.104 19.747 20.467 20.152 20.202 20.226 20.141 20.897 20.713 20.565 20.507 20.004 08/09/2073
17.167 17.027 16.934 16.337 16.616 16.860 16.713 16.803 17.192 16.654 17.121 17.035 17.332 17.178 16.812 17.081 17.395 17.392 17.218 17.117 17.181 17.326 17.431 17.444 17.461 17.401 17.462 17.581 17.605 17.243 09/09/2073
19.234 19.060 18.804 18.305 18.633 18.834 18.675 18.669 19.027 18.811 18.825 18.786 19.300 19.217 18.893 19.156 19.368 19.169 19.055 19.017 19.288 19.320 19.258 19.227 19.192 19.473 19.479 19.448 19.339 19.019 10/09/2073
20.990 20.824 20.702 19.929 18.859 20.792 20.750 20.673 20.114 19.071 20.741 20.691 20.174 20.177 19.158 19.975 20.338 20.080 20.060 20.263 19.898 20.314 20.289 20.072 20.039 19.873 20.320 20.280 20.117 20.043 11/09/2073
22.912 22.844 23.025 22.870 21.981 22.695 22.542 22.914 22.735 22.013 22.996 23.002 22.474 22.426 22.127 22.841 23.085 22.546 22.452 22.425 22.724 23.065 22.745 22.581 22.298 22.768 22.883 22.683 22.497 22.124 12/09/2073
24.289 24.598 25.392 25.946 25.775 24.550 24.543 25.367 27.124 26.336 24.882 25.224 26.083 25.972 26.359 25.824 26.610 26.344 26.237 26.898 25.679 26.589 26.106 26.405 26.476 26.130 26.820 26.530 26.508 26.281 13/09/2073
23.826 23.774 24.083 23.566 23.074 23.814 23.889 24.092 24.218 23.328 23.897 24.093 24.020 23.900 23.408 24.297 24.734 24.352 24.260 24.371 24.457 24.738 24.157 24.394 24.783 24.721 25.010 24.583 24.744 24.612 14/09/2073
18.550 18.128 18.472 17.749 17.564 17.985 17.859 18.358 18.315 17.669 18.518 18.645 18.405 18.265 17.823 18.655 18.578 18.138 17.938 18.124 18.973 18.539 18.162 18.184 18.018 18.689 18.449 18.168 18.092 17.764 15/09/2073
17.452 17.295 17.089 16.360 16.209 17.148 16.990 16.990 16.568 16.112 17.167 17.217 17.170 17.048 16.221 17.489 17.385 16.851 16.704 16.575 17.854 17.344 17.137 16.900 16.998 18.061 17.344 17.230 17.141 16.805 16/09/2073
15.581 15.466 15.423 14.527 15.003 15.377 15.292 15.338 15.245 15.101 14.975 15.087 15.318 15.225 15.193 15.008 15.022 15.211 15.136 15.055 15.114 14.997 15.109 15.266 15.423 15.364 14.901 15.065 15.193 15.264 17/09/2073
14.902 14.752 14.608 13.524 13.929 14.679 14.621 14.552 14.221 13.931 14.448 14.550 14.481 14.392 14.043 14.231 14.630 14.529 14.404 14.245 14.490 14.608 14.561 14.594 14.615 14.561 14.475 14.527 14.653 14.495 18/09/2073
16.784 16.668 16.245 14.706 14.343 16.524 16.387 16.142 14.956 14.534 16.443 16.181 15.136 15.087 14.610 15.920 15.659 15.682 15.619 14.964 15.998 15.641 15.727 15.736 15.595 15.856 15.631 15.848 15.579 15.472 19/09/2073
17.488 17.244 17.035 16.238 16.553 17.128 17.030 16.949 17.061 16.820 16.549 16.466 16.745 16.669 16.891 17.295 17.210 16.870 16.795 17.084 17.348 17.213 16.743 16.887 17.269 17.567 17.212 16.847 16.662 17.166 20/09/2073
18.940 18.775 18.585 18.086 18.285 18.621 18.554 18.466 18.698 18.360 18.301 18.295 18.747 18.644 18.461 18.649 18.763 18.542 18.447 18.667 18.727 18.737 18.580 18.600 18.892 18.689 18.782 18.705 18.721 18.739 21/09/2073
19.811 19.737 19.829 19.384 19.661 19.616 19.536 19.760 20.361 19.929 19.693 19.810 20.207 20.104 19.998 20.111 20.391 20.012 19.940 20.447 20.117 20.395 20.049 20.086 20.441 20.161 20.289 20.010 19.936 20.257 22/09/2073
18.220 17.675 17.716 17.426 18.013 17.600 17.536 17.637 18.025 17.937 17.871 17.659 17.898 17.793 17.997 18.011 18.227 18.010 17.946 18.170 18.005 18.218 18.060 18.069 18.238 17.993 18.038 18.037 18.016 18.088 23/09/2073
17.752 17.599 17.488 16.661 16.212 17.404 17.255 17.371 16.922 16.510 17.182 17.447 16.964 16.819 16.563 17.040 17.620 17.270 17.134 16.991 17.371 17.608 17.231 17.331 17.417 17.828 17.738 17.542 17.408 17.205 24/09/2073
15.491 15.257 15.203 14.406 14.261 15.111 14.932 15.093 14.851 14.465 15.193 15.133 14.902 14.788 14.577 15.207 15.329 15.095 14.993 14.947 15.572 15.304 15.200 15.165 15.381 16.006 15.387 15.416 15.311 15.162 25/09/2073
13.838 13.696 13.269 12.411 12.862 13.606 13.530 13.194 13.044 12.794 13.905 13.610 13.647 13.677 12.831 13.617 13.957 13.602 13.598 13.208 13.797 13.931 14.032 13.606 13.600 13.961 13.989 14.173 13.861 13.564 26/09/2073
16.513 16.342 16.085 15.184 15.634 16.273 16.203 16.049 16.005 15.777 16.000 16.045 16.108 16.050 15.859 15.835 16.510 16.007 15.911 16.009 15.929 16.498 16.069 16.060 16.207 16.046 16.564 16.154 16.242 16.094 27/09/2073
18.737 18.719 18.701 18.399 18.079 18.613 18.520 18.637 18.544 18.358 18.782 18.780 18.424 18.415 18.431 18.840 19.582 18.538 18.532 18.636 19.017 19.568 18.500 18.551 18.677 19.185 19.693 18.546 18.746 18.639 28/09/2073
20.387 20.500 20.496 19.893 19.823 20.397 20.373 20.429 20.623 20.092 20.727 20.751 20.465 20.426 20.192 20.451 21.011 20.677 20.652 20.751 20.506 21.030 20.561 20.706 20.628 20.470 20.942 20.608 20.722 20.657 29/09/2073
18.937 18.985 19.117 19.231 18.816 18.926 18.894 19.080 19.382 19.031 19.561 19.466 18.987 18.898 19.120 19.402 19.479 19.097 19.001 19.192 19.139 19.473 18.754 19.153 18.754 18.880 19.333 18.768 18.988 18.621 30/09/2073
19.040 18.936 19.159 19.080 19.297 18.917 18.891 19.132 19.657 19.684 19.256 19.280 19.120 19.037 19.812 19.111 19.156 19.241 19.098 19.613 19.023 19.152 18.797 19.281 19.124 18.758 19.112 18.872 19.177 18.873 01/10/2073
19.580 19.977 20.094 20.712 20.273 19.931 19.874 20.057 21.296 20.442 20.215 20.155 21.234 21.072 20.600 20.766 21.581 21.250 21.025 21.109 20.618 21.587 21.023 21.354 21.182 20.365 21.511 21.257 21.368 20.850 02/10/2073
21.014 21.177 21.269 21.239 21.383 20.992 20.808 21.152 22.300 21.768 20.967 21.082 22.321 22.118 21.947 21.015 21.894 22.211 21.963 22.117 21.128 21.823 21.864 22.308 22.420 21.618 22.084 22.396 22.593 22.093 03/10/2073
21.222 21.107 21.157 21.109 21.323 20.898 20.775 21.069 22.134 21.636 20.915 21.086 22.291 22.143 21.777 21.200 22.012 22.286 22.106 22.200 21.355 21.978 22.039 22.372 22.340 21.779 22.188 22.498 22.721 22.083 04/10/2073
17.317 16.763 16.806 17.072 17.020 16.608 16.493 16.683 18.008 17.739 16.707 16.566 17.364 17.260 17.821 16.791 16.996 17.530 17.404 18.586 16.807 16.976 17.058 17.585 19.063 17.235 17.715 17.888 18.763 18.901 05/10/2073
13.562 13.071 13.377 13.616 13.693 12.965 12.899 13.301 13.628 13.564 12.613 12.744 13.205 13.133 13.630 13.120 13.129 13.300 13.210 13.985 13.069 13.119 12.833 13.350 14.287 13.167 13.720 13.539 13.919 14.103 06/10/2073
14.444 14.159 14.857 15.015 15.205 13.969 13.739 14.740 15.030 14.803 13.349 14.053 14.578 14.478 14.843 13.458 14.505 14.205 14.041 14.653 13.719 14.492 13.922 14.282 14.430 13.830 14.519 14.011 14.304 14.257 07/10/2073
17.452 17.498 17.765 17.892 18.042 17.480 17.537 17.764 18.074 18.042 17.388 17.699 17.571 17.530 18.055 18.032 18.839 17.762 17.726 18.029 18.203 18.883 17.393 17.781 17.703 18.038 18.766 17.504 17.695 17.630 08/10/2073
18.422 18.592 18.983 19.091 18.600 18.541 18.529 18.957 18.470 18.398 18.446 18.646 18.092 18.036 18.454 18.181 18.152 18.081 18.015 18.128 18.137 18.182 17.794 18.101 17.834 18.176 18.019 17.805 17.943 17.744 09/10/2073
18.248 18.338 18.247 17.790 17.820 18.279 18.163 18.208 18.080 17.944 18.129 18.245 18.009 17.921 18.015 18.266 18.445 18.022 17.882 17.968 18.241 18.462 17.991 18.090 18.147 18.424 18.418 18.135 18.191 17.975 10/10/2073
18.758 18.722 18.852 18.750 18.571 18.580 18.423 18.757 18.754 18.703 18.305 18.585 18.431 18.343 18.784 18.022 18.510 18.639 18.494 18.872 18.091 18.505 18.295 18.708 19.137 18.455 18.597 18.528 18.924 18.958 11/10/2073
17.849 17.619 17.653 17.089 17.077 17.503 17.330 17.550 17.318 17.022 17.151 17.432 17.274 17.202 17.090 17.019 17.031 17.225 17.139 17.163 16.943 17.047 17.108 17.252 17.191 17.008 16.987 17.087 16.936 17.084 12/10/2073
15.987 15.764 15.908 15.433 15.223 15.659 15.542 15.886 15.661 15.251 15.139 15.418 15.564 15.472 15.375 15.231 15.608 15.371 15.262 15.383 15.172 15.610 15.073 15.415 15.527 15.171 15.508 15.068 15.261 15.393 13/10/2073
15.188 15.107 15.351 15.189 15.298 14.955 14.853 15.271 15.568 15.443 14.657 14.973 15.592 15.490 15.528 15.056 15.566 15.457 15.358 15.391 15.099 15.569 15.226 15.490 15.453 15.203 15.483 15.238 15.361 15.320 14/10/2073
15.540 15.438 15.795 15.787 15.917 15.309 15.239 15.728 16.132 15.953 15.264 15.524 15.725 15.645 16.028 16.135 16.542 15.554 15.454 15.968 16.168 16.542 15.264 15.596 15.852 16.327 16.608 15.397 15.638 15.711 15/10/2073
14.963 14.920 15.109 15.296 15.177 14.791 14.708 15.054 15.493 15.232 14.724 15.002 15.241 15.147 15.320 15.143 15.527 15.273 15.200 15.544 15.373 15.521 14.982 15.302 15.473 15.599 15.640 15.166 15.324 15.349 16/10/2073
16.213 16.488 16.444 16.222 15.994 16.339 16.213 16.325 17.004 16.143 16.918 17.024 17.192 17.052 16.283 16.688 17.277 17.527 17.364 17.306 17.084 17.240 17.558 17.588 17.941 17.483 17.586 18.103 18.048 17.732 17/10/2073
16.787 16.770 16.859 17.208 16.809 16.690 16.601 16.786 17.071 16.857 16.684 16.847 17.098 16.978 16.999 16.834 16.932 17.111 16.967 16.997 16.936 16.944 17.107 17.153 17.239 17.196 16.887 17.194 17.276 17.082 18/10/2073
17.731 17.604 17.817 18.096 17.854 17.422 17.278 17.731 18.312 17.952 17.470 17.738 18.144 17.991 18.065 17.609 17.986 18.264 18.089 18.343 17.752 17.956 18.031 18.335 18.539 18.059 18.091 18.351 18.538 18.322 19/10/2073
19.902 19.775 19.693 19.369 18.189 19.687 19.569 19.618 19.448 18.378 19.884 19.763 19.449 19.225 18.515 19.885 19.748 19.430 19.160 19.045 19.904 19.733 19.353 19.546 19.497 20.163 19.794 19.748 19.765 19.106 20/10/2073
19.034 19.000 19.130 18.984 19.039 18.996 18.988 19.101 19.524 19.090 19.108 19.005 19.273 19.198 19.172 19.405 19.426 19.263 19.126 19.142 19.399 19.420 19.199 19.307 19.166 19.652 19.405 19.268 19.322 19.038 21/10/2073
17.013 16.993 16.845 16.376 16.594 16.861 16.758 16.745 16.900 16.583 17.517 17.107 16.836 16.728 16.672 17.768 17.687 16.900 16.718 16.675 17.912 17.655 17.061 16.955 16.801 18.233 17.960 17.301 17.058 16.603 22/10/2073
18.152 18.155 18.437 18.232 18.306 18.077 17.980 18.351 18.574 18.241 18.467 18.384 18.290 18.251 18.264 18.829 18.522 18.168 18.104 18.252 18.589 18.534 17.967 18.201 18.220 18.710 18.550 18.051 18.152 18.215 23/10/2073
16.672 16.173 16.395 15.889 16.164 15.914 15.677 16.213 15.455 15.840 16.009 16.105 15.424 15.274 15.928 16.040 16.350 15.272 15.050 15.187 16.004 16.289 15.114 15.363 15.309 16.350 16.370 15.344 15.401 15.017 24/10/2073
16.347 15.989 15.897 14.422 16.057 15.840 15.695 15.817 14.926 15.507 15.263 15.491 15.166 15.128 15.602 16.021 16.252 14.431 14.413 14.327 15.843 16.242 14.798 14.438 14.029 15.642 15.771 14.394 14.153 13.963 25/10/2073
14.206 13.897 14.100 13.642 13.958 13.833 13.768 14.022 14.186 14.018 14.188 13.906 14.083 14.022 14.090 14.379 14.615 14.158 14.088 14.089 14.732 14.624 14.231 14.210 14.112 15.072 14.453 14.143 13.955 13.995 26/10/2073
15.005 14.649 14.700 14.516 15.161 14.516 14.459 14.605 14.757 14.952 14.813 14.454 14.844 14.784 15.032 14.975 14.932 14.700 14.635 14.717 14.925 14.909 14.717 14.727 14.733 15.164 14.912 14.798 14.729 14.601 27/10/2073
16.846 16.599 16.604 16.424 16.773 16.494 16.417 16.553 17.195 16.729 16.870 16.689 17.071 16.998 16.738 16.751 16.970 17.095 16.983 17.083 16.818 16.963 17.188 17.129 17.244 16.892 16.901 17.226 17.200 17.064 28/10/2073
15.098 14.798 14.362 13.871 14.134 14.649 14.536 14.296 14.411 14.203 14.475 14.516 14.641 14.614 14.226 14.717 14.982 14.859 14.811 14.785 14.860 14.979 14.834 14.896 15.194 15.093 15.391 15.283 15.224 15.137 29/10/2073
12.912 12.693 12.425 12.000 11.911 12.514 12.358 12.286 12.176 11.785 12.294 12.208 12.409 12.342 11.857 12.247 12.187 12.401 12.323 12.241 12.207 12.180 12.377 12.420 12.712 12.365 12.276 12.549 12.615 12.592 30/10/2073
10.706 10.507 10.282 9.652 9.784 10.457 10.366 10.212 10.022 9.839 10.325 10.240 10.354 10.315 9.871 10.439 10.812 10.419 10.358 10.149 10.521 10.805 10.501 10.465 10.619 10.708 11.001 10.746 10.663 10.554 31/10/2073
6.090 5.879 5.551 5.566 6.048 5.824 5.766 5.546 6.150 6.127 5.859 5.906 6.106 6.075 6.151 6.128 6.892 6.416 6.340 6.328 6.326 6.905 6.401 6.453 6.806 6.267 6.911 6.627 6.733 6.714 01/11/2073
7.807 7.827 7.656 6.854 7.251 7.705 7.602 7.592 7.528 7.518 7.460 7.831 8.251 8.233 7.568 7.859 8.384 8.473 8.407 7.953 8.280 8.385 8.417 8.476 8.125 8.426 8.515 8.600 8.777 8.083 02/11/2073
6.432 6.586 6.146 5.078 5.304 6.445 6.372 6.072 5.982 5.570 6.282 6.345 6.386 6.354 5.590 6.509 6.507 6.331 6.278 6.166 6.528 6.539 6.422 6.359 6.570 6.485 6.543 6.632 6.754 6.507 03/11/2073
7.285 7.271 7.069 6.059 7.147 7.199 7.085 7.004 7.447 7.116 7.205 6.829 7.558 7.496 7.170 8.181 8.665 7.605 7.492 7.259 8.403 8.634 7.833 7.660 7.567 8.782 8.970 8.196 7.839 7.459 04/11/2073
7.026 6.763 6.707 6.669 6.443 6.543 6.370 6.545 6.884 6.497 6.710 6.671 6.751 6.646 6.556 7.094 7.770 7.055 6.891 6.767 7.815 7.743 7.111 7.143 7.163 8.094 8.005 7.503 7.266 6.922 05/11/2073
10.803 10.406 9.622 8.829 9.011 10.227 10.097 9.485 9.326 9.067 10.156 9.719 9.792 9.696 9.155 10.387 10.285 9.955 9.860 9.343 10.434 10.254 10.214 10.000 9.574 10.514 10.389 10.440 10.048 9.412 06/11/2073
11.441 11.109 10.767 9.207 9.899 10.904 10.749 10.668 10.557 10.063 10.688 10.659 10.760 10.622 10.233 11.021 11.135 10.743 10.561 10.499 11.157 11.106 10.874 10.777 10.851 11.343 11.230 11.158 10.977 10.596 07/11/2073
9.849 9.412 9.159 7.894 8.353 9.260 9.069 9.062 8.832 8.567 8.687 8.745 8.832 8.790 8.651 9.059 9.100 8.752 8.691 8.870 9.198 9.100 8.854 8.755 8.975 9.647 9.254 9.130 8.791 8.832 08/11/2073
8.621 8.231 7.913 7.050 7.353 8.167 8.111 7.910 7.247 7.179 8.228 7.919 7.682 7.585 7.202 8.304 7.848 7.408 7.364 7.031 8.076 7.845 7.955 7.425 7.276 7.914 7.563 7.844 7.423 7.224 09/11/2073
10.767 10.781 10.589 9.844 10.118 10.523 10.342 10.418 10.806 10.348 10.821 10.563 10.900 10.749 10.453 11.318 11.296 10.860 10.715 10.709 11.374 11.288 11.378 10.903 11.204 11.818 11.195 11.399 11.274 10.992 10/11/2073
12.209 12.093 11.970 11.592 11.985 11.849 11.640 11.837 12.645 12.213 12.154 12.045 12.589 12.404 12.323 12.619 12.969 12.804 12.582 12.554 12.811 12.937 12.891 12.877 12.711 13.086 12.940 13.037 12.852 12.439 11/11/2073
7.767 7.906 7.775 7.795 8.131 7.788 7.671 7.715 9.032 8.747 8.137 8.005 8.700 8.742 8.848 8.395 9.308 9.134 9.213 9.250 8.636 9.291 9.227 9.110 9.382 8.902 9.601 9.317 9.335 9.455 12/11/2073
6.909 6.856 6.665 6.088 6.760 6.661 6.555 6.535 7.209 7.048 6.747 6.828 7.214 7.113 7.151 7.295 7.921 7.399 7.294 7.217 7.520 7.869 7.250 7.445 7.664 7.947 8.196 7.624 7.731 7.433 13/11/2073
9.421 9.285 9.161 7.778 8.122 9.155 9.009 9.095 8.694 8.061 9.325 9.290 9.030 8.848 8.214 8.963 7.999 8.786 8.556 8.473 9.064 7.958 8.968 8.886 8.718 9.274 8.127 9.333 9.087 8.397 14/11/2073
10.880 10.996 11.034 10.956 11.641 10.853 10.696 10.919 12.214 11.782 11.194 11.173 12.196 12.118 11.885 11.622 11.581 12.351 12.233 12.290 11.897 11.575 12.392 12.429 12.626 12.327 11.786 12.748 12.738 12.466 15/11/2073
11.777 11.800 11.612 11.020 11.388 11.672 11.513 11.547 11.747 11.619 12.029 11.933 11.997 11.928 11.666 12.265 12.490 12.351 12.279 12.036 12.637 12.488 12.494 12.376 12.451 13.167 12.843 13.002 12.828 12.341 16/11/2073
10.354 10.480 10.421 10.530 10.686 10.365 10.278 10.341 11.304 11.162 10.688 10.577 10.894 10.862 11.169 10.941 11.282 11.102 11.123 11.504 11.378 11.282 11.070 11.126 11.658 11.838 11.824 11.631 11.726 11.608 17/11/2073
12.514 12.893 13.100 12.498 12.359 12.636 12.519 12.979 13.108 12.804 12.914 13.101 12.869 12.767 12.885 12.409 12.567 13.006 12.902 13.350 12.486 12.530 12.616 13.046 13.472 13.148 13.145 13.318 13.367 13.321 18/11/2073
13.260 13.414 13.445 13.075 13.311 13.257 13.178 13.322 13.889 13.582 14.050 13.735 13.771 13.649 13.659 14.022 14.209 14.207 14.042 14.089 14.219 14.183 14.194 14.267 14.953 14.921 14.941 15.072 14.992 14.812 19/11/2073
14.412 14.395 14.760 14.474 14.773 14.290 14.203 14.684 15.008 14.765 14.928 14.707 14.831 14.755 14.852 14.840 14.406 14.703 14.651 14.714 14.723 14.422 14.733 14.734 14.750 14.779 14.407 14.838 14.724 14.680 20/11/2073
11.521 11.286 11.377 10.418 10.657 11.151 11.025 11.264 10.712 10.461 11.322 11.337 10.752 10.804 10.254 11.595 11.504 10.636 10.726 10.700 11.726 11.517 10.731 10.621 10.593 11.870 11.480 10.666 10.628 10.707 21/11/2073
9.634 9.422 9.379 8.530 8.318 9.263 9.163 9.312 8.999 8.609 9.594 9.704 9.026 9.103 8.485 9.812 9.893 8.996 9.068 9.134 10.224 9.896 9.080 8.982 9.068 10.330 9.766 8.884 8.987 9.147 22/11/2073
10.192 9.867 10.308 10.254 10.728 9.799 9.745 10.267 10.974 10.748 9.911 10.156 10.620 10.624 10.735 10.051 10.264 10.602 10.604 10.913 10.135 10.281 10.145 10.617 10.879 10.196 10.267 10.202 10.566 10.897 23/11/2073
9.987 9.905 10.820 10.941 11.732 9.930 9.889 10.828 12.171 11.887 10.359 10.582 11.563 11.539 11.904 10.638 11.479 11.642 11.590 11.995 10.315 11.486 11.106 11.669 11.621 9.949 11.254 10.999 11.372 11.588 24/11/2073
10.739 10.470 11.652 12.367 12.900 10.396 10.304 11.566 13.665 13.091 10.890 11.502 12.911 12.762 13.271 11.396 11.867 12.537 12.349 13.284 11.028 11.872 11.871 12.637 12.515 10.626 11.631 11.893 12.240 12.266 25/11/2073
9.594 9.556 11.273 12.135 13.840 9.561 9.596 11.296 13.235 13.977 10.448 11.003 12.037 12.016 13.939 11.211 12.207 12.033 11.964 12.776 11.274 12.179 11.170 12.071 11.804 10.847 11.726 10.782 11.546 11.751 26/11/2073
9.330 9.304 10.122 10.684 11.409 9.248 9.193 10.030 12.026 11.980 9.656 10.169 11.257 11.172 12.001 10.313 11.239 11.396 11.278 12.194 10.775 11.227 10.824 11.453 12.202 10.982 11.329 11.065 11.659 12.026 27/11/2073
7.239 6.367 6.602 7.669 7.021 5.910 5.793 6.260 6.892 7.074 6.713 6.813 6.433 6.279 7.156 6.914 6.625 7.088 6.959 6.692 6.871 6.613 6.797 7.148 7.289 6.123 6.109 6.274 7.161 7.090 28/11/2073
5.489 5.189 5.030 4.433 4.570 5.067 4.986 4.944 4.916 4.580 5.103 5.030 4.983 4.916 4.670 5.328 5.368 5.239 5.122 4.920 5.425 5.342 5.300 5.285 5.485 5.374 5.551 5.359 5.480 5.408 29/11/2073
3.223 3.266 3.623 3.610 3.559 3.057 2.892 3.479 3.915 3.737 3.072 3.517 3.713 3.651 3.822 2.910 4.406 3.991 3.969 4.057 3.352 4.381 3.863 4.044 4.559 4.080 4.550 4.187 4.447 4.481 30/11/2073
3.167 3.200 3.654 3.203 3.417 3.057 2.934 3.549 4.172 3.638 3.055 3.409 3.701 3.578 3.762 3.064 4.133 3.982 3.907 4.433 3.474 4.129 3.441 4.036 4.787 3.902 4.357 3.991 4.535 4.599 01/12/2073
2.285 2.272 2.128 2.368 1.983 2.223 2.178 2.083 1.939 1.887 2.671 2.384 1.862 1.807 1.976 3.631 3.437 1.925 1.848 1.970 3.946 3.422 1.895 1.925 2.018 4.067 3.677 2.160 2.206 1.895 02/12/2073
6.070 6.129 6.907 7.467 7.588 6.024 5.925 6.834 8.190 7.886 5.916 6.173 7.057 7.004 7.952 6.545 7.508 7.371 7.309 7.969 7.001 7.503 6.704 7.393 7.885 7.654 8.036 7.351 7.925 7.723 03/12/2073
8.441 8.052 8.728 9.361 8.232 7.818 7.592 8.550 8.507 8.130 7.491 7.676 7.692 7.571 8.190 7.668 7.987 7.666 7.577 8.062 7.756 7.959 7.310 7.737 7.955 8.018 8.171 7.618 8.005 7.728 04/12/2073
7.653 7.632 7.581 7.379 8.687 7.726 7.765 7.645 8.963 8.783 7.226 7.358 9.209 8.581 8.563 5.734 5.097 8.972 8.219 8.509 6.026 5.001 8.775 9.296 9.579 6.631 5.456 9.609 9.676 8.440 05/12/2073
7.739 7.610 7.737 7.612 7.329 7.481 7.370 7.659 7.924 7.370 7.187 7.285 7.633 7.428 7.315 7.768 7.000 7.576 7.294 7.586 7.859 6.960 7.413 7.669 7.846 8.056 7.303 7.758 7.816 7.443 06/12/2073
6.407 6.335 6.541 7.321 6.492 6.185 6.057 6.435 5.775 6.206 6.200 6.127 5.483 5.590 6.178 6.321 6.359 5.452 5.588 5.577 6.363 6.380 5.328 5.389 5.281 6.537 6.528 5.459 5.543 5.469 07/12/2073
9.248 9.086 9.491 9.813 10.826 9.080 9.106 9.495 10.445 10.356 8.651 8.769 9.742 9.741 10.469 9.866 9.877 9.515 9.524 10.006 9.611 9.872 9.217 9.530 9.694 9.705 10.073 9.376 9.768 9.705 08/12/2073
11.190 11.097 11.340 11.401 11.620 11.002 10.931 11.292 11.815 11.416 10.674 10.731 11.398 11.301 11.519 11.097 10.921 11.291 11.181 11.520 10.923 10.900 10.952 11.355 11.592 11.095 11.005 11.246 11.560 11.380 09/12/2073
12.234 12.021 11.997 11.786 11.457 11.837 11.680 11.881 11.874 11.379 11.536 11.666 11.591 11.491 11.615 11.700 11.374 11.501 11.350 11.632 11.716 11.339 11.284 11.574 11.330 11.932 11.464 11.560 11.609 11.120 10/12/2073
14.267 14.215 14.175 13.929 12.737 14.067 13.936 14.071 13.231 12.329 13.930 13.806 12.750 12.639 12.444 12.483 11.873 12.740 12.612 12.852 12.353 11.847 12.303 12.822 12.350 12.481 12.112 12.761 12.714 12.111 11/12/2073
11.932 12.390 12.621 13.268 12.157 12.197 12.019 12.473 12.412 11.588 11.788 11.811 11.692 11.540 11.737 11.341 10.894 11.367 11.224 11.694 11.118 10.858 10.630 11.431 10.630 11.113 11.134 11.029 11.167 10.396 12/12/2073
9.984 10.020 10.225 10.886 10.233 9.834 9.667 10.109 10.379 9.713 9.617 9.579 9.639 9.494 9.858 9.774 9.010 9.456 9.296 9.507 9.382 8.977 8.526 9.509 8.699 9.380 9.675 9.398 9.618 8.557 13/12/2073
8.388 8.332 8.948 10.034 8.928 8.137 7.987 8.816 8.935 8.254 8.439 8.228 8.313 8.149 8.425 8.478 7.131 8.053 7.868 8.096 7.546 7.096 7.025 8.127 7.675 7.139 7.471 7.562 8.195 7.394 14/12/2073
8.929 8.892 9.218 9.665 9.321 8.945 8.956 9.252 9.420 9.186 8.707 8.819 8.980 8.578 9.371 8.563 8.336 8.801 8.192 8.462 8.337 8.292 8.633 8.832 8.599 8.130 8.464 8.888 9.027 7.906 15/12/2073
6.783 6.684 6.822 7.085 6.312 6.727 6.712 6.840 5.310 5.944 7.143 7.028 5.155 5.242 5.918 7.063 6.428 5.213 5.350 5.546 7.413 6.420 5.290 5.193 5.347 7.773 6.804 5.554 5.416 5.461 16/12/2073
8.662 8.328 9.688 10.040 9.706 8.172 8.003 9.526 9.018 9.114 9.334 9.243 8.780 8.687 9.124 9.294 8.206 8.532 8.441 8.496 9.151 8.222 8.392 8.611 8.180 9.245 8.345 8.752 8.703 8.024 17/12/2073
9.309 9.045 9.888 9.698 9.340 8.942 8.781 9.792 9.324 9.013 9.586 9.444 9.179 9.085 9.079 9.563 8.892 8.773 8.639 8.728 9.255 8.894 8.750 8.841 8.406 9.221 8.796 8.826 8.776 8.209 18/12/2073
5.860 5.952 6.722 6.780 6.315 5.910 5.832 6.671 6.769 6.388 6.186 6.265 6.386 6.372 6.438 6.345 6.535 6.347 6.312 6.646 6.361 6.521 6.135 6.372 6.450 6.456 6.561 6.104 6.400 6.359 19/12/2073
10.349 10.243 10.357 10.776 10.694 10.098 10.035 10.255 11.223 10.612 9.851 9.933 10.947 10.822 10.718 10.721 10.948 11.016 10.904 11.066 10.752 10.904 10.817 11.098 11.049 11.027 11.100 11.090 11.280 10.831 20/12/2073
12.301 12.134 12.063 12.425 11.947 12.039 12.018 11.994 12.316 11.812 11.683 11.806 12.085 12.011 11.843 11.789 11.941 12.225 12.149 12.220 11.897 11.900 12.065 12.275 12.184 12.104 12.058 12.230 12.412 12.046 21/12/2073
11.870 11.589 11.344 11.346 11.017 11.387 11.251 11.241 11.619 11.110 11.029 11.214 11.525 11.383 11.223 11.541 11.779 11.527 11.347 11.378 11.741 11.745 11.553 11.582 11.377 12.337 11.869 11.810 11.690 11.134 22/12/2073
13.818 13.506 13.288 13.084 12.490 13.296 13.175 13.157 13.195 12.460 13.017 13.051 13.018 12.844 12.693 13.297 13.044 13.104 12.911 12.952 13.240 13.039 12.957 13.190 12.932 13.533 13.111 13.256 13.323 12.641 23/12/2073
14.882 14.909 15.084 14.218 13.549 14.805 14.714 15.041 14.927 14.401 14.915 15.059 14.733 14.596 14.483 14.401 14.426 14.858 14.673 14.784 14.395 14.398 14.343 14.927 14.476 14.579 14.608 14.757 14.749 14.212 24/12/2073
13.226 13.022 13.691 12.668 12.224 12.845 12.735 13.622 14.862 13.813 13.571 13.991 14.720 14.532 13.896 13.685 14.672 14.780 14.511 14.755 14.242 14.643 14.437 14.872 14.854 14.390 14.971 15.011 14.519 14.482 25/12/2073
11.659 11.486 12.082 11.344 10.676 11.383 11.318 12.037 12.647 12.153 11.988 12.293 12.495 12.414 12.189 12.470 13.131 12.334 12.214 12.395 12.654 13.107 12.229 12.385 12.199 12.830 13.275 12.542 12.155 12.050 26/12/2073
11.270 11.144 11.909 9.165 11.448 10.845 10.590 11.701 12.746 12.666 11.295 11.885 12.552 12.468 12.675 10.790 10.160 12.192 12.096 12.513 10.667 10.095 11.776 12.230 11.911 10.631 10.311 11.950 11.921 11.813 27/12/2073
11.672 11.698 12.231 10.674 10.881 11.403 11.183 12.056 12.950 11.962 11.388 12.003 12.783 12.638 12.090 11.420 11.621 12.539 12.361 12.771 11.233 11.581 11.913 12.603 12.487 11.276 11.790 12.165 12.413 12.245 28/12/2073
12.161 12.053 12.624 11.961 11.815 11.838 11.648 12.479 12.973 12.153 11.343 11.704 12.423 12.322 12.312 11.933 12.061 12.285 12.129 12.658 11.792 12.013 11.423 12.345 12.425 12.065 12.249 11.830 12.393 12.238 29/12/2073
13.501 13.102 13.237 12.567 12.381 12.894 12.811 13.087 13.286 12.583 12.840 12.874 13.172 13.051 12.717 12.994 13.278 13.219 13.057 12.979 13.145 13.241 12.992 13.271 12.799 13.236 13.310 13.180 13.158 12.576 30/12/2073
10.030 9.662 9.733 9.219 8.933 9.485 9.357 9.627 9.729 9.310 10.037 9.676 9.672 9.581 9.445 10.293 10.167 9.642 9.516 9.444 10.750 10.142 9.912 9.692 9.440 10.941 10.235 10.057 9.909 9.241 31/12/2073
9.934 9.834 9.428 9.349 8.764 9.586 9.462 9.340 8.869 8.725 9.738 9.340 9.066 9.081 8.643 9.755 9.402 8.954 8.972 8.862 9.890 9.365 8.907 8.944 8.594 10.054 9.553 8.913 8.795 8.634 01/01/2074
11.127 10.891 10.728 10.368 10.401 10.677 10.515 10.608 11.354 10.430 10.753 10.538 11.295 11.244 10.495 10.879 10.675 11.316 11.245 11.267 10.979 10.636 11.372 11.309 11.144 11.372 10.741 11.315 11.310 11.069 02/01/2074
10.830 10.611 10.491 9.936 9.957 10.389 10.230 10.374 10.602 10.232 10.530 10.517 10.836 10.727 10.304 10.905 11.305 10.883 10.777 10.756 11.152 11.263 11.089 10.929 11.114 11.576 11.313 11.114 10.918 10.923 03/01/2074
11.309 11.071 10.913 10.590 10.575 10.855 10.704 10.790 10.987 10.584 10.839 10.817 11.113 10.953 10.717 11.160 11.382 10.986 10.781 10.822 11.158 11.332 11.059 11.071 11.065 11.268 11.227 11.124 11.103 10.777 04/01/2074
12.168 11.885 11.751 11.820 11.671 11.738 11.606 11.645 11.449 11.594 11.683 11.816 11.893 11.856 11.637 11.880 12.038 11.864 11.768 11.693 12.112 12.016 11.855 11.897 11.687 12.337 11.968 11.882 11.888 11.523 05/01/2074
11.417 11.152 10.958 10.826 10.602 10.983 10.818 10.843 10.943 10.592 11.168 11.191 11.693 11.556 10.686 11.690 12.161 11.832 11.662 11.208 11.966 12.121 11.915 11.903 11.779 12.248 12.120 12.116 11.733 11.474 06/01/2074
12.225 12.010 11.809 11.061 11.273 11.824 11.623 11.679 11.343 11.040 11.883 12.184 12.049 11.975 11.135 12.006 12.610 11.990 11.880 11.342 12.339 12.597 12.327 12.036 12.151 12.590 12.611 12.368 11.864 12.009 07/01/2074
12.625 12.541 12.250 11.613 11.932 12.360 12.211 12.130 12.412 11.994 12.432 12.621 13.287 13.170 12.108 12.505 12.843 13.266 13.159 12.469 12.749 12.794 13.316 13.342 13.093 12.875 12.880 13.482 13.033 12.928 08/01/2074
12.608 12.376 12.490 12.376 12.430 12.160 12.019 12.355 12.884 12.510 12.238 12.791 13.487 13.348 12.583 12.730 14.046 13.504 13.364 13.150 13.082 14.019 13.370 13.592 14.059 13.628 14.272 13.824 13.713 13.825 09/01/2074
6.787 6.648 6.414 4.799 4.251 6.391 6.199 6.220 4.971 4.503 6.645 6.742 5.597 5.508 4.553 5.902 6.073 5.499 5.394 5.218 6.652 6.024 5.932 5.560 6.024 7.323 6.379 6.348 5.749 5.798 10/01/2074
5.417 5.463 5.125 4.450 4.109 5.315 5.192 5.022 4.408 4.201 5.577 5.481 4.929 4.860 4.261 5.806 5.551 4.982 4.855 4.493 6.234 5.517 5.326 4.995 4.866 6.619 5.762 5.656 5.185 4.712 11/01/2074
8.296 8.373 8.170 7.308 6.575 8.221 8.106 8.082 7.141 6.681 8.279 8.284 7.545 7.448 6.784 8.503 8.405 7.507 7.365 7.019 8.548 8.371 7.682 7.557 7.212 8.759 8.277 7.690 7.559 7.017 12/01/2074
10.381 10.386 10.073 9.677 8.880 10.195 10.050 9.985 9.645 9.004 10.186 10.021 9.637 9.529 9.090 10.294 9.584 9.625 9.493 9.509 10.545 9.566 9.687 9.684 9.472 10.817 9.754 10.133 9.763 9.315 13/01/2074
8.041 7.888 7.861 7.419 7.153 7.715 7.547 7.731 7.637 7.327 7.743 7.744 7.596 7.485 7.436 7.865 8.191 7.636 7.497 7.598 8.275 8.179 7.610 7.700 7.847 8.661 8.436 8.074 7.942 7.668 14/01/2074
6.236 6.020 5.948 6.009 5.844 5.857 5.743 5.847 6.258 5.939 6.123 6.041 6.192 6.128 5.962 6.497 6.734 6.320 6.256 6.285 6.801 6.741 6.076 6.350 6.768 6.837 6.971 6.461 6.701 6.622 15/01/2074
8.206 8.004 7.854 8.192 7.779 7.881 7.809 7.783 8.324 7.740 8.102 7.925 8.315 8.276 7.807 8.384 8.666 8.508 8.457 8.365 8.472 8.669 8.458 8.535 8.514 8.708 8.760 8.594 8.568 8.386 16/01/2074
7.815 7.738 7.655 7.322 7.205 7.538 7.422 7.538 7.675 7.454 7.917 7.960 7.900 7.812 7.550 8.282 8.591 7.983 7.906 7.715 8.544 8.566 7.990 8.048 8.387 8.942 8.859 8.438 8.366 8.205 17/01/2074
8.513 8.457 8.384 8.218 7.869 8.246 8.085 8.252 8.349 7.993 8.184 8.349 8.289 8.184 8.094 8.514 8.800 8.408 8.299 8.313 8.635 8.777 8.223 8.471 8.537 8.868 8.943 8.538 8.646 8.353 18/01/2074
8.850 8.856 8.735 8.490 8.189 8.671 8.526 8.625 8.614 8.266 8.834 8.785 8.494 8.365 8.378 9.138 9.336 8.568 8.483 8.631 9.344 9.312 8.579 8.633 8.616 9.573 9.434 8.857 8.711 8.405 19/01/2074
9.114 8.932 8.958 8.507 8.158 8.761 8.624 8.852 8.683 8.266 8.940 8.941 8.948 8.840 8.366 9.209 9.579 8.857 8.761 8.743 9.519 9.556 9.049 8.907 9.215 9.795 9.616 9.137 9.071 9.012 20/01/2074
9.693 9.404 9.147 8.715 8.810 9.194 9.028 9.037 8.936 8.642 9.009 8.875 8.768 8.865 8.762 9.280 9.354 8.928 8.831 8.818 9.333 9.333 8.904 8.997 9.080 9.474 9.461 9.085 8.938 8.899 21/01/2074
9.265 9.100 9.097 8.873 8.697 8.958 8.858 9.015 8.787 8.536 9.191 8.972 8.816 8.791 8.592 9.454 8.830 8.790 8.688 8.970 9.449 8.807 8.605 8.817 9.043 9.651 8.888 8.763 8.868 8.870 22/01/2074
8.354 8.183 8.045 7.379 7.265 8.007 7.877 7.935 7.574 7.267 8.254 8.034 7.626 7.555 7.356 8.830 8.505 7.573 7.483 7.520 8.896 8.467 7.758 7.604 7.759 8.945 8.365 7.652 7.666 7.620 23/01/2074
5.977 5.898 5.678 5.305 4.809 5.830 5.746 5.614 4.949 4.781 5.768 5.800 5.286 5.235 4.816 5.394 5.266 5.277 5.231 4.964 5.417 5.246 5.337 5.302 5.261 5.378 5.147 5.330 5.335 5.149 24/01/2074
4.583 4.535 4.474 4.117 3.838 4.457 4.388 4.426 4.131 3.987 4.216 4.481 4.343 4.294 4.009 4.632 5.294 4.422 4.373 4.266 4.849 5.293 4.416 4.455 4.847 4.961 5.401 4.612 4.648 4.723 25/01/2074
6.893 6.719 6.596 6.633 6.345 6.426 6.161 6.401 5.992 6.325 6.309 6.410 6.038 5.903 6.383 6.397 6.787 6.125 5.966 5.955 6.644 6.749 6.030 6.191 6.502 7.334 6.950 6.370 6.372 6.279 26/01/2074
11.453 11.249 11.143 10.840 10.482 11.079 10.971 11.019 10.646 10.269 10.862 10.754 10.598 10.460 10.389 10.914 10.588 10.370 10.187 10.270 10.752 10.559 10.283 10.441 10.165 10.749 10.497 10.359 10.363 9.910 27/01/2074
13.914 13.777 13.530 13.667 12.562 13.587 13.426 13.403 14.113 12.422 13.391 13.381 14.004 13.923 12.573 12.564 12.584 14.208 14.086 14.035 12.468 12.526 13.866 14.269 14.106 12.763 12.672 14.270 14.328 13.915 28/01/2074
12.653 12.669 12.557 12.224 11.351 12.473 12.336 12.415 12.689 12.019 12.766 12.801 12.603 12.544 12.113 12.895 13.372 13.102 12.991 12.997 13.114 13.348 12.783 13.191 13.347 13.509 13.634 13.141 13.431 13.156 29/01/2074
10.159 10.049 9.790 9.228 9.092 9.821 9.646 9.678 9.806 9.413 10.001 10.043 9.984 9.893 9.469 10.133 10.334 10.045 9.932 9.800 10.461 10.296 10.052 10.098 10.094 10.325 10.074 9.890 10.086 9.915 30/01/2074
11.677 11.532 11.385 11.053 10.708 11.343 11.185 11.289 11.355 10.737 11.307 11.280 11.327 11.238 10.819 11.523 11.569 11.307 11.215 11.187 11.636 11.541 11.282 11.353 11.225 11.622 11.398 11.239 11.352 11.086 31/01/2074
9.445 9.301 9.162 9.075 8.366 9.114 8.987 9.054 8.903 8.497 9.162 9.133 8.985 8.905 8.564 9.743 9.668 8.995 8.909 8.701 9.876 9.645 9.036 9.055 8.934 9.959 9.669 9.163 9.131 8.842 01/02/2074
7.407 7.070 6.793 6.461 6.231 6.881 6.722 6.676 6.612 6.338 6.623 6.959 6.763 6.621 6.432 7.071 7.465 6.857 6.782 6.583 7.586 7.448 6.894 6.929 6.890 7.702 7.469 7.010 7.012 6.746 02/02/2074
9.106 9.004 8.969 8.406 8.429 8.892 8.787 8.895 8.717 8.572 8.828 8.924 8.520 8.429 8.684 8.895 9.144 8.684 8.613 8.755 9.158 9.132 8.506 8.701 8.713 9.430 9.234 8.686 8.797 8.625 03/02/2074
10.086 9.813 9.805 9.864 9.393 9.704 9.581 9.726 9.706 9.421 9.878 9.920 9.627 9.531 9.515 10.073 10.256 9.849 9.747 9.652 10.226 10.237 9.945 9.888 9.834 10.456 10.423 10.190 10.172 9.636 04/02/2074
10.146 9.940 9.839 9.464 9.473 9.777 9.652 9.746 9.948 9.583 9.952 9.866 9.807 9.693 9.716 10.401 10.963 10.106 9.945 9.887 10.606 10.923 10.051 10.173 10.026 10.834 11.138 10.362 10.346 9.803 05/02/2074
12.902 12.701 12.602 12.265 12.147 12.518 12.398 12.482 12.654 12.176 12.507 12.535 12.475 12.403 12.278 13.789 12.465 12.743 12.616 12.558 12.489 12.447 12.548 12.785 12.508 12.663 12.592 12.826 12.900 12.324 06/02/2074
13.683 13.351 13.186 12.834 13.041 13.209 13.111 13.101 13.312 12.948 12.929 12.938 12.890 12.819 13.019 13.080 13.340 13.257 13.191 13.357 13.231 13.329 13.084 13.287 13.322 13.382 13.392 13.214 13.313 13.228 07/02/2074
11.737 11.736 11.678 11.724 11.334 11.563 11.485 11.571 11.742 11.318 11.553 11.652 11.496 11.447 11.372 11.873 12.418 11.768 11.749 11.746 12.116 12.407 11.786 11.799 11.805 12.504 12.559 12.036 11.981 11.751 08/02/2074
13.146 12.969 12.983 13.346 11.973 12.742 12.589 12.840 13.275 11.955 12.613 12.687 13.010 12.932 12.102 12.641 12.782 13.572 13.581 13.313 12.947 12.767 13.271 13.535 13.461 13.078 13.032 13.555 13.548 13.475 09/02/2074
9.401 9.461 9.329 9.095 8.447 9.223 9.054 9.204 9.491 8.468 9.347 9.417 9.614 9.521 8.610 9.862 10.361 9.603 9.491 9.291 10.001 10.336 9.783 9.627 9.217 10.118 10.210 9.644 9.451 9.120 10/02/2074
4.470 4.950 4.860 4.495 4.442 4.738 4.568 4.751 4.984 4.598 5.105 5.273 5.396 5.289 4.728 5.561 5.986 5.269 5.118 5.237 5.928 5.960 5.496 5.342 5.581 6.244 6.112 5.717 5.606 5.387 11/02/2074
5.513 5.639 5.754 4.908 4.191 5.520 5.361 5.657 5.303 4.473 4.405 5.176 5.433 5.238 4.646 4.840 5.434 5.056 4.823 5.263 5.272 5.387 4.816 5.157 5.610 5.833 5.828 5.343 5.670 5.271 12/02/2074
5.138 5.540 5.164 4.180 4.695 5.325 5.178 5.026 5.762 5.140 5.387 5.598 5.731 5.614 5.284 5.660 6.175 5.955 5.762 5.820 6.072 6.160 5.792 6.002 6.212 6.331 6.278 6.064 6.309 5.997 13/02/2074
2.877 2.745 2.817 2.228 2.530 2.617 2.471 2.750 2.824 2.494 2.369 2.731 2.955 2.829 2.555 2.591 3.072 2.793 2.645 2.682 2.826 3.050 2.777 2.821 2.853 3.084 3.158 3.011 3.017 2.682 14/02/2074
3.308 2.998 3.219 3.636 3.077 2.868 2.711 3.121 3.275 3.031 3.013 3.240 3.073 3.074 3.022 3.063 2.975 3.290 3.305 3.244 3.072 2.962 3.165 3.299 3.316 3.497 2.980 3.142 3.346 3.281 15/02/2074
6.255 6.224 6.306 6.224 6.024 6.074 5.971 6.219 6.217 5.954 6.189 6.180 5.982 5.910 5.960 6.358 6.433 6.041 5.928 6.066 6.205 6.440 5.728 6.052 6.142 6.357 6.553 5.957 6.166 6.076 16/02/2074
8.059 7.983 8.047 8.328 7.743 7.798 7.704 7.937 8.059 7.723 7.510 7.686 7.806 7.679 7.821 7.440 7.728 7.838 7.719 7.798 7.577 7.703 7.666 7.884 7.966 7.968 8.021 8.072 8.094 7.794 17/02/2074
7.382 7.367 7.390 7.662 7.915 7.309 7.308 7.372 7.464 7.963 7.248 7.300 7.020 7.120 7.682 8.049 8.526 7.369 7.515 7.641 8.432 8.504 7.133 7.298 7.571 8.894 8.884 7.198 7.453 7.803 18/02/2074
4.064 3.451 3.304 3.457 5.137 3.219 3.100 3.173 5.325 5.330 3.098 3.062 5.156 5.007 5.389 3.744 4.070 5.413 5.260 5.302 4.244 4.069 5.303 5.458 5.674 4.625 4.220 5.745 5.744 5.464 19/02/2074
2.617 2.404 2.038 1.502 2.053 2.265 2.176 1.948 2.743 2.214 2.341 2.201 2.947 2.862 2.280 2.344 2.722 3.017 2.937 3.161 2.509 2.712 3.078 3.059 3.431 2.745 2.855 3.430 3.467 3.328 20/02/2074
2.427 2.249 1.569 0.766 0.944 2.194 2.142 1.511 1.117 0.869 2.773 1.968 1.545 1.511 0.931 2.605 1.721 1.502 1.468 1.083 2.235 1.742 1.924 1.508 1.062 2.264 1.830 2.087 1.596 1.035 21/02/2074
5.382 5.379 4.909 4.355 4.561 5.282 5.246 4.845 4.460 4.549 5.489 5.198 4.797 4.792 4.574 5.511 5.378 4.682 4.659 4.431 5.449 5.390 5.039 4.697 4.380 5.511 5.467 5.227 4.862 4.355 22/02/2074
8.689 8.505 8.380 8.313 8.393 8.441 8.383 8.343 8.750 8.624 8.965 8.487 8.700 8.680 8.624 8.934 8.947 8.937 8.917 9.014 9.430 8.945 9.214 8.939 9.137 9.363 9.104 9.395 9.327 9.151 23/02/2074
8.619 9.012 8.887 8.462 8.447 8.887 8.774 8.812 8.902 8.695 8.701 8.783 8.898 8.867 8.724 8.658 8.836 8.959 8.903 8.880 9.025 8.837 8.907 8.975 9.292 9.210 9.281 9.463 9.250 9.226 24/02/2074
9.973 9.975 9.911 9.455 8.837 9.760 9.586 9.779 9.416 8.971 9.743 9.784 9.412 9.299 9.030 9.922 9.588 9.468 9.328 9.245 10.159 9.559 9.403 9.530 9.384 10.446 9.804 9.752 9.612 9.233 25/02/2074
10.240 10.144 10.137 9.797 9.540 9.980 9.861 10.027 10.312 9.543 9.930 9.946 10.271 10.113 9.684 10.399 10.191 10.205 10.029 10.139 10.518 10.150 10.388 10.280 10.415 10.960 10.314 10.713 10.524 10.165 26/02/2074
11.829 11.674 11.622 11.381 11.180 11.469 11.338 11.486 11.594 11.068 11.371 11.351 11.717 11.596 11.174 11.809 11.503 11.511 11.377 11.430 11.853 11.462 11.390 11.587 11.500 12.061 11.599 11.674 11.619 11.264 27/02/2074
10.886 10.701 10.751 10.704 10.243 10.533 10.422 10.632 10.996 10.368 10.579 10.736 11.295 11.156 10.414 10.754 11.127 11.300 11.174 11.126 11.071 11.113 10.940 11.376 11.229 11.249 11.375 11.310 11.400 11.023 28/02/2074
8.808 8.629 8.525 8.634 7.904 8.471 8.307 8.401 8.467 7.938 8.767 8.576 8.535 8.431 8.073 9.095 9.142 8.586 8.477 8.404 9.122 9.114 8.500 8.643 8.560 9.322 9.291 8.730 8.662 8.409 01/03/2074
9.977 10.056 9.901 9.471 9.163 9.878 9.700 9.751 9.539 9.138 10.201 10.140 9.901 9.744 9.240 10.433 10.291 9.945 9.770 9.489 10.687 10.257 9.974 10.030 9.768 10.803 10.468 10.398 10.161 9.543 02/03/2074
9.739 9.449 9.537 9.516 8.855 9.284 9.142 9.457 9.360 8.901 9.451 9.379 9.280 9.123 9.063 9.830 9.810 9.322 9.169 9.165 9.996 9.759 9.309 9.405 9.376 10.147 9.881 9.557 9.404 9.140 03/03/2074
10.723 10.678 10.931 11.225 11.158 10.509 10.364 10.862 11.714 11.334 11.114 11.194 11.495 11.371 11.489 11.606 12.101 11.941 11.769 11.784 12.154 12.054 11.732 12.028 12.470 12.597 12.599 12.420 12.578 12.251 04/03/2074
8.391 8.224 8.177 8.472 8.506 8.007 7.858 8.036 8.545 8.337 7.970 8.014 8.242 8.144 8.441 8.059 8.006 8.171 8.020 8.372 8.045 7.977 7.986 8.230 8.511 8.044 8.216 8.380 8.393 8.279 05/03/2074
7.712 7.595 7.587 7.478 7.109 7.425 7.265 7.472 7.484 7.205 7.936 7.988 7.603 7.533 7.337 7.663 7.899 7.677 7.543 7.522 7.672 7.874 7.571 7.724 7.838 8.054 8.297 8.048 7.929 7.660 06/03/2074
7.786 7.607 7.774 7.831 7.272 7.414 7.265 7.635 7.363 7.106 7.603 7.697 7.396 7.297 7.219 7.830 8.082 7.490 7.354 7.425 8.020 8.039 7.273 7.545 7.694 8.540 8.485 7.730 7.823 7.450 07/03/2074
8.269 8.141 8.138 8.150 8.182 7.972 7.850 8.045 8.358 8.142 8.119 8.140 8.280 8.166 8.260 8.528 8.822 8.301 8.170 8.278 8.513 8.795 8.133 8.358 8.267 8.643 8.864 8.294 8.385 8.046 08/03/2074
7.960 7.783 7.705 7.434 7.442 7.561 7.408 7.565 7.738 7.489 7.774 7.675 7.898 7.748 7.649 8.172 8.222 7.957 7.763 7.680 8.374 8.178 7.766 8.011 7.965 8.521 8.368 8.039 8.069 7.707 09/03/2074
6.878 6.768 6.761 6.370 5.989 6.623 6.492 6.681 6.332 5.942 6.769 6.678 6.317 6.185 6.072 7.521 7.658 6.298 6.141 6.160 7.516 7.612 6.195 6.376 6.246 7.615 7.762 6.470 6.416 6.007 10/03/2074
8.763 9.097 8.660 8.177 8.618 9.024 8.966 8.583 8.371 8.482 9.309 9.218 8.841 8.727 8.527 9.776 9.396 8.921 8.767 8.578 9.983 9.386 9.055 8.988 8.913 10.133 9.596 9.429 9.392 8.717 11/03/2074
9.699 9.791 9.888 10.461 10.271 9.708 9.658 9.851 10.607 10.241 10.201 10.074 10.580 10.491 10.324 10.782 10.854 10.806 10.699 10.497 10.755 10.835 10.634 10.843 10.801 10.771 11.002 10.925 10.976 10.681 12/03/2074
10.823 10.717 10.567 10.513 10.444 10.570 10.451 10.457 10.543 10.269 11.030 10.579 10.734 10.611 10.386 11.273 11.110 10.524 10.421 10.356 11.157 11.084 10.606 10.575 10.692 10.997 11.121 10.798 10.687 10.465 13/03/2074
9.248 9.086 9.015 8.550 8.860 8.928 8.800 8.905 8.879 8.717 9.210 9.202 9.429 9.343 8.793 9.759 10.179 9.348 9.234 9.168 9.794 10.136 9.401 9.389 9.068 9.826 10.219 9.546 9.409 8.903 14/03/2074
9.812 9.607 9.463 8.812 8.773 9.428 9.271 9.338 8.905 8.740 9.886 9.637 9.252 9.169 8.834 9.879 10.339 9.220 9.094 8.874 10.007 10.318 9.512 9.249 9.005 10.004 10.279 9.509 9.287 8.853 15/03/2074
10.454 10.151 10.043 9.549 9.867 9.982 9.834 9.955 9.994 9.749 10.302 10.266 10.263 10.153 9.886 10.750 11.363 10.329 10.192 9.788 10.921 11.340 10.350 10.388 10.154 11.022 11.407 10.562 10.448 9.938 16/03/2074
9.218 8.860 8.772 8.139 8.874 8.703 8.604 8.690 8.987 8.812 8.578 8.772 9.381 9.264 8.962 9.528 9.962 9.262 9.097 8.877 9.934 9.899 9.345 9.314 9.245 10.247 9.953 9.439 9.296 9.018 17/03/2074
9.497 9.082 9.076 8.452 8.832 8.891 8.717 8.947 9.161 8.896 9.099 9.201 9.553 9.411 9.030 8.933 9.689 9.700 9.543 9.296 9.218 9.655 9.557 9.716 9.699 9.686 9.640 9.713 9.826 9.510 18/03/2074
9.636 9.425 9.514 9.690 9.968 9.231 9.093 9.403 9.994 9.940 9.745 9.722 10.289 10.213 10.069 10.288 10.725 10.330 10.217 9.869 10.440 10.700 10.330 10.350 10.061 10.647 10.761 10.485 10.398 9.902 19/03/2074
11.628 11.578 12.035 11.928 12.589 11.437 11.330 11.923 13.096 12.646 12.025 11.971 13.152 12.992 12.811 12.922 12.063 12.839 12.612 12.415 12.682 12.051 12.629 12.915 12.393 12.388 11.839 12.684 12.667 12.110 20/03/2074
12.703 12.547 12.498 11.648 12.066 12.351 12.207 12.364 12.400 12.203 13.289 12.957 13.101 13.012 12.339 13.850 13.826 13.187 13.000 12.256 13.581 13.823 13.357 13.220 12.720 13.474 13.659 13.402 13.133 12.550 21/03/2074
13.072 12.822 12.899 12.334 12.281 12.648 12.461 12.776 12.808 12.470 13.400 13.321 13.295 13.190 12.593 13.695 13.786 13.312 13.168 12.677 13.643 13.764 13.446 13.364 13.107 13.672 13.791 13.602 13.401 12.884 22/03/2074
12.844 12.779 12.671 12.183 12.330 12.595 12.451 12.576 12.672 12.394 12.794 12.706 12.867 12.736 12.520 13.098 13.138 12.775 12.595 12.380 12.923 13.110 12.835 12.825 12.609 13.025 13.150 13.034 12.872 12.391 23/03/2074
13.524 13.882 13.881 13.751 13.885 13.748 13.604 13.775 14.094 13.594 13.741 13.815 14.543 14.416 13.731 14.331 14.283 14.086 13.935 14.164 14.026 14.255 13.924 14.143 13.913 14.081 14.254 14.113 14.272 13.686 24/03/2074
13.439 13.345 13.170 12.261 13.322 13.146 13.010 13.059 13.754 13.398 13.375 13.215 13.919 13.847 13.487 13.585 13.903 13.712 13.556 13.672 13.088 13.858 13.722 13.758 13.477 12.410 13.528 13.396 13.571 13.326 25/03/2074
8.558 8.723 8.688 8.216 8.439 8.490 8.310 8.529 8.912 8.878 8.681 8.640 8.797 8.652 9.025 9.204 9.993 9.037 8.853 9.236 9.462 9.935 9.272 9.127 9.664 9.803 10.248 9.686 9.746 9.453 26/03/2074
4.966 4.962 4.778 4.232 4.195 4.697 4.522 4.633 4.769 4.298 4.689 4.730 4.969 4.780 4.419 4.781 5.385 4.830 4.640 4.641 4.980 5.353 5.010 4.916 5.061 5.340 5.529 5.391 5.307 4.775 27/03/2074
6.274 6.106 5.937 5.262 5.946 5.965 5.834 5.820 6.369 6.072 6.323 5.992 6.631 6.500 6.162 6.860 7.051 6.708 6.571 6.298 6.793 7.026 6.726 6.763 6.477 7.065 7.350 7.131 6.962 6.275 28/03/2074
8.557 8.559 8.551 7.881 8.779 8.543 8.502 8.517 8.583 8.888 8.338 8.576 8.535 8.489 8.947 8.616 9.127 8.606 8.501 8.650 8.671 9.144 8.529 8.651 8.921 9.145 9.384 8.867 8.898 8.725 29/03/2074
8.992 8.975 8.810 8.320 8.365 8.934 8.880 8.772 8.571 8.333 8.965 8.981 8.797 8.802 8.374 9.411 9.521 8.637 8.608 8.552 9.318 9.501 8.789 8.644 8.630 9.503 9.544 8.908 8.770 8.586 30/03/2074
9.728 9.664 9.545 9.319 9.321 9.530 9.432 9.457 9.789 9.401 10.337 9.890 9.718 9.650 9.504 10.813 11.446 10.232 10.137 9.913 11.359 11.421 10.650 10.255 10.250 11.866 11.940 11.215 10.566 10.123 31/03/2074
14.131 13.848 13.817 13.279 13.278 13.659 13.513 13.711 14.128 13.384 14.385 14.070 14.221 14.117 13.567 14.426 14.367 14.438 14.328 13.987 14.547 14.353 14.661 14.485 14.218 14.748 14.383 14.831 14.544 14.029 01/04/2074
10.441 10.158 10.145 9.946 9.711 10.033 9.914 10.071 10.047 9.706 10.158 9.997 9.775 9.622 9.841 10.490 10.597 9.897 9.711 9.860 10.507 10.541 9.920 9.967 9.954 10.653 10.559 10.069 10.014 9.699 02/04/2074
10.175 9.807 9.814 9.113 9.114 9.671 9.556 9.745 9.184 9.029 9.375 9.379 9.103 8.987 9.168 10.014 9.302 8.703 8.563 9.161 9.810 9.257 8.806 8.747 9.213 10.012 9.208 8.853 8.581 9.022 03/04/2074
9.026 8.831 8.765 8.307 8.687 8.749 8.678 8.723 8.396 8.592 8.686 8.445 8.348 8.259 8.650 9.270 9.199 8.168 8.030 8.349 9.057 9.174 8.367 8.205 8.456 9.358 9.286 8.577 8.228 8.296 04/04/2074
9.784 9.766 9.729 9.790 9.507 9.644 9.552 9.652 8.975 9.339 9.761 9.620 9.325 9.292 9.362 9.173 9.617 9.096 9.011 8.952 9.110 9.596 9.379 9.116 8.904 8.835 9.093 8.861 8.901 8.830 05/04/2074
9.200 9.326 9.228 8.746 9.273 9.193 9.099 9.149 9.213 9.231 9.403 9.323 9.495 9.517 9.190 9.974 10.312 9.218 9.193 9.266 10.104 10.311 9.595 9.212 9.114 9.638 9.786 9.070 9.069 9.134 06/04/2074
10.592 10.400 10.595 10.109 10.128 10.249 10.162 10.532 10.564 10.195 10.206 10.262 10.819 10.765 10.273 10.239 10.574 10.264 10.232 10.438 10.053 10.539 10.317 10.297 10.377 9.732 9.993 9.746 10.274 10.316 07/04/2074
10.624 10.709 10.708 10.034 10.184 10.482 10.342 10.577 10.666 10.274 10.843 10.920 10.859 10.733 10.345 11.495 11.513 10.810 10.641 10.605 11.674 11.475 10.868 10.876 10.774 11.708 11.429 10.978 10.943 10.509 08/04/2074
10.800 10.794 10.963 10.285 10.530 10.632 10.513 10.867 10.474 10.521 10.823 10.975 10.537 10.447 10.578 10.800 11.383 10.366 10.295 10.205 10.981 11.360 10.412 10.411 10.294 10.930 11.026 10.276 10.393 10.172 09/04/2074
10.382 10.577 10.619 9.766 9.746 10.379 10.191 10.503 10.688 10.283 10.619 10.561 10.759 10.666 10.377 10.938 11.646 10.762 10.631 10.596 11.199 11.623 10.855 10.826 10.894 11.245 11.546 10.950 11.017 10.761 10/04/2074
9.828 9.790 9.804 9.266 9.070 9.604 9.431 9.706 9.683 9.354 9.766 9.766 9.675 9.538 9.425 9.638 10.250 9.852 9.707 9.772 9.816 10.223 9.778 9.908 9.953 9.946 10.352 10.017 9.980 9.775 11/04/2074
8.197 7.999 7.878 7.457 7.582 7.817 7.683 7.761 7.621 7.584 7.960 7.940 7.874 7.741 7.678 8.371 8.897 8.241 8.073 7.776 8.851 8.886 8.338 8.282 8.126 9.338 9.172 8.780 8.538 7.929 12/04/2074
9.021 9.025 8.849 8.592 8.520 8.719 8.497 8.667 9.617 8.711 8.715 8.738 9.944 9.752 8.858 8.998 9.131 9.881 9.657 9.709 9.287 9.103 9.853 9.977 10.064 9.646 9.273 10.329 10.254 9.723 13/04/2074
8.731 8.716 8.619 9.178 8.837 8.417 8.189 8.417 9.647 9.123 8.688 8.685 9.721 9.546 9.210 9.599 10.237 9.615 9.430 9.503 9.673 10.221 9.766 9.701 9.790 9.927 10.338 10.131 9.933 9.530 14/04/2074
12.062 12.055 12.115 11.873 11.825 11.833 11.635 11.944 12.521 12.167 12.411 12.366 12.642 12.496 12.302 13.265 13.260 12.871 12.718 12.656 13.521 13.239 13.016 12.920 12.941 13.869 13.400 13.253 13.177 12.722 15/04/2074
13.896 13.823 13.866 13.730 13.348 13.573 13.389 13.721 13.909 13.647 13.907 13.974 14.149 13.994 13.799 14.398 14.892 14.271 14.091 13.942 14.784 14.872 14.188 14.339 14.460 15.113 15.090 14.564 14.559 14.197 16/04/2074
15.114 15.043 14.914 14.049 13.647 14.807 14.605 14.749 14.215 13.788 15.491 14.900 14.517 14.377 13.945 15.667 15.069 14.600 14.453 14.177 15.962 15.051 14.612 14.644 14.560 16.249 15.481 15.134 14.909 14.394 17/04/2074
14.147 14.071 14.229 13.863 12.728 13.960 13.810 14.141 12.936 12.817 14.132 14.048 13.005 12.849 12.942 13.919 13.431 12.875 12.704 12.705 14.112 13.377 12.711 12.953 12.930 14.381 13.819 13.202 13.158 12.733 18/04/2074
9.702 9.520 9.434 9.092 9.380 9.223 9.050 9.261 9.605 9.530 9.317 9.245 10.147 9.952 9.700 9.386 10.319 10.081 9.846 9.409 9.516 10.308 10.057 10.191 10.153 9.964 10.502 10.612 10.299 9.813 19/04/2074
9.113 9.005 8.904 8.625 8.478 8.789 8.674 8.770 8.907 8.543 8.815 8.856 8.841 8.708 8.609 9.025 9.644 9.058 8.891 8.518 9.325 9.606 9.128 9.134 8.896 9.710 9.778 9.479 9.265 8.618 20/04/2074
8.738 8.756 8.547 7.104 6.999 8.581 8.490 8.452 7.571 7.055 8.544 8.707 7.865 7.802 7.142 8.667 8.207 7.869 7.810 7.644 8.568 8.222 7.597 7.880 7.310 8.391 8.210 7.465 7.582 7.253 21/04/2074
9.189 9.009 8.989 7.777 8.421 8.808 8.637 8.886 8.667 8.485 8.836 8.919 8.976 8.786 8.635 9.137 9.159 8.537 8.353 8.550 8.972 9.161 8.382 8.618 8.648 8.837 9.142 8.521 8.566 8.393 22/04/2074
9.287 9.243 9.238 9.376 9.040 9.072 9.012 9.161 9.109 9.040 8.900 9.141 9.111 9.049 9.110 9.661 9.265 8.963 8.914 9.047 9.527 9.257 8.781 9.022 9.140 9.415 9.215 8.876 8.931 9.049 23/04/2074
11.621 11.566 11.815 11.808 12.026 11.375 11.251 11.711 12.109 11.901 11.475 11.552 11.822 11.706 11.991 11.997 12.022 11.910 11.753 12.182 12.061 11.994 11.622 11.971 12.548 12.210 12.167 11.933 12.418 12.362 24/04/2074
12.377 12.471 12.569 12.354 12.428 12.290 12.171 12.496 12.212 11.946 12.338 12.393 12.283 12.178 12.047 12.523 12.450 11.830 11.682 11.757 12.256 12.424 11.862 11.867 11.842 12.180 12.342 11.902 11.796 11.676 25/04/2074
13.131 13.151 13.201 13.210 13.207 13.006 12.898 13.100 13.551 13.100 13.225 13.220 13.562 13.441 13.219 13.506 14.045 13.608 13.425 13.665 13.733 14.030 13.544 13.652 13.870 13.805 14.052 13.725 13.765 13.609 26/04/2074
14.092 14.008 14.137 13.929 13.864 13.833 13.729 14.040 14.521 14.089 13.645 14.199 14.564 14.440 14.205 13.961 14.722 14.729 14.544 14.690 14.924 14.667 14.523 14.791 14.943 15.027 14.766 14.700 14.740 14.695 27/04/2074
17.261 17.039 17.119 16.928 16.315 16.840 16.668 16.972 17.424 16.512 16.586 16.751 17.298 17.130 16.758 16.487 17.226 17.028 16.840 17.282 16.597 17.164 16.801 17.102 17.245 16.612 17.205 16.901 16.948 16.944 28/04/2074
15.291 15.229 15.362 15.607 16.092 15.111 15.014 15.292 16.405 16.156 15.198 15.152 16.289 16.154 16.305 15.826 16.217 16.124 15.985 16.237 15.786 16.197 15.971 16.184 16.158 15.816 16.163 16.103 16.118 15.952 29/04/2074
18.685 18.563 18.610 19.731 19.232 18.446 18.336 18.554 19.816 19.356 18.303 18.400 19.677 19.608 19.553 18.593 19.066 19.425 19.328 19.703 18.711 19.025 19.183 19.483 19.529 18.876 19.108 19.395 19.423 19.379 30/04/2074
19.172 19.190 19.085 19.614 19.345 19.005 18.894 18.981 19.754 19.542 19.149 19.165 19.709 19.676 19.664 19.578 20.112 19.967 19.869 19.789 19.981 20.068 20.014 19.999 20.108 20.601 20.633 20.479 20.413 19.968 01/05/2074
19.166 19.301 19.234 18.353 17.973 19.151 19.013 19.131 19.062 18.278 19.374 19.356 19.149 18.988 18.377 19.040 19.108 19.318 19.163 18.938 19.329 19.086 19.422 19.388 19.338 19.588 19.225 19.667 19.585 19.099 02/05/2074
17.398 17.569 17.316 17.042 17.539 17.387 17.279 17.198 18.315 17.658 17.531 17.507 18.425 18.290 17.768 18.389 18.214 18.435 18.260 18.276 18.641 18.181 18.503 18.508 18.465 18.783 18.391 18.830 18.655 18.200 03/05/2074
16.443 16.380 16.227 16.014 16.318 16.210 16.110 16.124 17.426 16.618 16.340 16.329 17.349 17.204 16.755 16.665 17.680 17.643 17.476 17.467 17.015 17.649 17.659 17.690 17.899 17.457 18.101 18.106 18.042 17.693 04/05/2074
14.965 14.903 14.615 14.390 14.506 14.731 14.591 14.502 14.699 14.708 14.768 14.727 14.731 14.629 14.814 15.292 15.350 14.872 14.771 14.742 15.665 15.308 14.875 14.920 15.201 16.026 15.684 15.336 15.252 14.982 05/05/2074
14.515 14.400 14.104 13.750 13.734 14.204 14.095 14.008 14.473 13.857 14.233 14.151 14.558 14.473 13.994 14.558 15.363 14.587 14.460 14.398 14.703 15.318 14.696 14.658 14.771 14.867 15.432 14.900 14.766 14.564 06/05/2074
13.558 13.399 13.228 13.020 13.300 13.244 13.084 13.131 13.665 13.358 13.143 13.087 13.747 13.625 13.514 13.457 13.839 13.746 13.611 13.523 13.621 13.823 13.760 13.801 13.755 13.787 13.976 14.099 13.945 13.575 07/05/2074
12.438 12.312 12.290 12.379 13.199 12.195 12.133 12.225 13.380 13.442 11.996 12.081 13.312 13.270 13.543 12.753 12.922 13.231 13.149 13.196 12.750 12.898 13.243 13.275 13.262 12.753 12.884 13.361 13.313 13.155 08/05/2074
15.225 15.132 15.111 14.076 14.788 15.106 15.151 15.093 15.426 14.831 15.067 15.098 15.573 15.276 15.109 13.577 12.515 15.532 15.207 15.045 13.917 12.371 15.558 15.673 15.493 14.335 12.750 16.025 15.862 15.041 09/05/2074
17.460 17.427 17.587 17.540 18.315 17.278 17.219 17.523 18.198 18.008 17.880 17.591 18.119 17.953 18.146 17.984 18.339 18.535 18.434 18.339 18.278 18.330 18.283 18.594 18.853 18.368 18.699 18.997 19.238 18.682 10/05/2074
14.576 14.580 14.525 14.214 15.068 14.386 14.238 14.400 14.906 15.160 14.462 14.543 14.880 14.726 15.255 14.904 15.558 15.143 14.977 15.036 15.370 15.533 15.033 15.216 15.561 15.853 15.931 15.626 15.629 15.253 11/05/2074
13.822 13.751 13.616 13.267 13.553 13.633 13.542 13.549 13.703 13.579 13.480 13.453 13.686 13.550 13.697 14.086 14.334 13.575 13.413 13.577 14.152 14.310 13.588 13.655 13.831 14.411 14.440 13.868 13.792 13.587 12/05/2074
12.480 12.318 12.300 12.039 11.969 12.144 11.997 12.213 12.319 11.998 12.270 12.161 12.233 12.110 12.136 12.477 12.587 12.158 12.012 12.100 12.579 12.561 12.199 12.227 12.218 12.757 12.606 12.400 12.293 12.004 13/05/2074
13.579 13.010 12.731 11.983 12.166 12.831 12.701 12.609 12.531 12.202 12.640 12.631 12.548 12.427 12.341 12.741 13.287 12.503 12.327 12.314 12.731 13.254 12.423 12.567 12.375 12.913 13.210 12.505 12.421 12.119 14/05/2074
13.395 13.020 13.005 12.474 12.784 12.838 12.649 12.878 12.843 12.498 13.121 13.069 13.155 13.038 12.551 13.705 14.001 13.476 13.313 12.946 13.993 13.967 13.594 13.542 13.656 14.106 13.918 13.697 13.671 13.420 15/05/2074
13.667 13.717 13.522 13.186 13.519 13.527 13.362 13.416 13.977 13.580 13.550 13.511 13.920 13.782 13.697 13.758 14.066 13.760 13.622 13.721 13.886 14.010 13.775 13.855 14.040 14.209 14.167 14.006 13.948 13.790 16/05/2074
13.926 13.895 13.809 13.397 13.365 13.742 13.574 13.720 13.715 13.361 13.310 13.517 13.910 13.777 13.483 13.673 14.499 13.817 13.685 13.576 13.934 14.467 13.836 13.899 13.772 14.206 14.529 14.011 13.896 13.534 17/05/2074
13.834 13.660 13.477 13.099 12.938 13.488 13.362 13.364 13.535 13.011 13.070 13.237 13.657 13.513 13.106 12.855 13.173 13.445 13.272 13.369 12.941 13.159 13.235 13.512 13.434 13.165 13.120 13.428 13.441 13.187 18/05/2074
11.896 11.692 11.680 11.444 11.487 11.522 11.370 11.574 11.556 11.203 11.385 11.373 11.497 11.337 11.304 11.365 11.529 11.287 11.101 11.307 11.469 11.495 11.197 11.365 11.368 11.821 11.508 11.365 11.351 11.117 19/05/2074
14.100 14.000 13.793 13.010 12.884 13.856 13.754 13.705 13.318 12.963 13.991 13.768 13.231 13.129 13.076 14.194 14.082 13.319 13.200 13.067 14.406 14.051 13.437 13.357 13.272 14.663 14.153 13.704 13.359 13.125 20/05/2074
15.600 15.594 15.370 15.085 15.058 15.487 15.383 15.301 15.412 14.916 15.577 15.494 15.411 15.333 14.939 16.389 16.940 15.621 15.512 15.169 16.697 16.891 15.814 15.676 15.276 16.954 17.042 15.994 15.714 15.158 21/05/2074
17.630 16.947 15.893 14.814 15.649 16.973 16.977 15.889 15.082 15.426 16.977 16.363 15.348 15.372 15.426 17.641 17.398 15.762 15.787 15.300 17.696 17.361 16.091 15.751 15.396 17.760 17.566 16.088 15.787 15.384 22/05/2074
14.131 14.058 14.045 13.961 14.223 13.978 13.916 13.983 14.338 14.150 14.218 14.104 14.351 14.264 14.212 14.663 14.950 14.319 14.194 14.338 14.770 14.924 14.531 14.360 14.610 14.830 14.971 14.604 14.435 14.434 23/05/2074
14.168 14.026 13.744 13.944 14.162 13.935 13.803 13.690 14.427 14.049 14.070 13.798 14.433 14.310 14.130 14.381 14.772 14.515 14.390 14.271 14.335 14.726 14.486 14.550 14.811 14.467 14.872 14.743 14.674 14.593 24/05/2074
18.834 18.360 18.540 18.166 19.182 18.266 18.171 18.502 19.146 18.801 18.120 18.075 19.064 19.018 18.857 18.415 17.770 18.339 18.274 19.033 17.723 17.739 18.276 18.372 18.686 17.702 17.952 18.579 18.541 18.571 25/05/2074
22.295 22.488 22.496 22.585 22.200 22.261 22.089 22.351 23.255 22.253 22.330 22.402 23.110 22.995 22.368 23.244 23.016 23.110 22.939 23.015 23.313 22.998 23.074 23.174 22.953 23.262 22.887 23.069 23.164 22.751 26/05/2074
21.303 21.257 21.208 21.002 22.569 20.870 20.606 21.000 22.978 22.742 20.795 20.939 23.014 22.867 22.834 21.637 22.439 22.822 22.602 22.852 21.949 22.384 22.662 22.877 22.983 22.348 22.641 22.911 23.003 22.748 27/05/2074
19.411 19.362 19.591 19.327 19.865 19.179 19.130 19.477 20.155 19.985 18.959 18.993 20.144 19.955 20.080 19.234 20.292 19.803 19.533 19.518 19.350 20.260 19.747 19.868 19.331 19.483 20.035 19.778 19.512 19.020 28/05/2074
18.515 18.423 18.649 18.516 18.759 18.365 18.302 18.596 18.833 18.962 18.134 18.201 18.689 18.523 19.019 18.446 19.321 18.688 18.492 18.650 18.648 19.312 18.601 18.725 18.910 19.118 19.555 18.999 18.921 18.680 29/05/2074
18.296 18.283 18.354 18.115 18.658 18.107 17.992 18.208 19.142 18.777 17.369 17.715 19.034 18.894 18.836 17.404 18.343 18.851 18.661 18.907 17.475 18.317 18.645 18.915 18.972 17.597 18.437 18.828 19.078 18.723 30/05/2074
14.338 14.253 14.389 14.308 14.781 14.101 13.933 14.288 15.055 14.737 14.077 14.126 14.863 14.718 14.849 14.445 15.076 15.065 14.856 14.734 14.683 15.048 14.921 15.084 14.717 15.189 15.299 15.310 15.067 14.509 31/05/2074
15.091 14.994 15.113 15.221 14.830 14.833 14.709 15.019 15.457 14.873 14.982 14.973 15.322 15.202 15.058 15.192 15.891 15.361 15.200 15.089 15.145 15.880 15.398 15.407 15.239 15.168 15.726 15.405 15.513 15.066 01/06/2074
15.252 15.179 15.174 14.712 15.051 15.038 14.905 15.114 15.584 15.001 15.273 14.856 15.365 15.227 15.193 15.638 15.898 15.411 15.207 15.321 15.365 15.881 15.288 15.502 15.374 15.299 15.828 15.443 15.563 15.105 02/06/2074
14.237 14.248 14.185 13.740 14.294 14.090 13.914 14.092 14.759 14.526 14.462 14.181 14.518 14.454 14.637 15.083 14.923 14.652 14.611 14.725 14.997 14.903 14.779 14.706 14.923 15.053 14.944 14.775 14.853 14.853 03/06/2074
15.554 15.388 15.234 14.890 14.879 15.210 14.993 15.090 15.398 14.876 15.240 15.094 15.241 15.074 15.023 15.976 16.393 15.367 15.202 15.246 15.934 16.334 15.400 15.429 15.461 16.063 16.427 15.584 15.611 15.207 04/06/2074
18.800 18.439 18.301 17.458 17.771 18.289 18.158 18.194 18.027 17.709 18.174 18.140 17.885 17.633 17.793 18.469 18.754 17.897 17.663 17.700 18.250 18.722 17.883 17.976 18.095 18.247 18.723 18.149 18.162 17.736 05/06/2074
20.608 20.383 20.215 19.442 19.406 20.251 20.126 20.139 20.299 19.892 20.221 20.129 19.993 19.790 20.092 20.567 21.236 19.900 19.697 19.755 20.756 21.197 20.232 20.018 20.102 20.953 21.108 20.467 20.290 19.745 06/06/2074
21.599 21.555 21.451 20.957 21.120 21.434 21.342 21.370 21.393 21.353 21.542 21.485 21.189 21.081 21.438 21.915 21.464 21.263 21.125 21.233 22.087 21.457 21.413 21.312 21.499 22.370 21.571 21.745 21.587 21.333 07/06/2074
21.450 21.415 21.276 20.069 20.192 21.191 20.995 21.148 20.335 20.207 21.228 21.195 20.404 20.317 20.388 20.912 21.457 20.269 20.158 20.064 20.900 21.408 20.376 20.316 20.200 21.046 21.572 20.652 20.543 20.021 08/06/2074
15.010 14.866 14.691 14.222 14.298 14.604 14.407 14.534 14.767 14.507 14.453 14.498 14.843 14.678 14.703 15.449 15.928 14.798 14.609 14.622 15.658 15.894 14.764 14.881 14.940 15.877 16.064 15.170 15.146 14.667 09/06/2074
14.087 13.728 14.057 13.151 12.241 13.487 13.279 13.854 13.572 12.356 12.782 13.210 13.536 13.326 12.462 12.713 12.792 13.280 13.073 13.431 12.943 12.747 13.051 13.338 13.547 13.054 12.290 12.409 12.863 13.228 10/06/2074
13.147 12.814 12.765 12.469 11.828 12.532 12.261 12.574 12.819 11.801 12.315 12.381 12.819 12.526 12.045 12.256 12.479 12.680 12.333 12.632 12.249 12.396 12.554 12.790 12.918 12.612 12.550 12.774 12.887 12.455 11/06/2074
12.903 12.817 12.749 12.969 12.986 12.679 12.520 12.623 13.332 13.385 12.331 12.447 13.227 13.106 13.525 12.391 12.496 13.088 12.948 13.484 12.587 12.467 12.883 13.147 13.511 12.974 12.816 13.227 13.399 13.333 12/06/2074
15.382 15.025 14.717 14.744 14.310 14.897 14.781 14.631 14.449 14.281 14.631 14.454 14.512 14.378 14.399 14.751 14.686 14.427 14.265 14.235 14.389 14.646 14.312 14.477 14.324 14.275 14.707 14.523 14.464 14.102 13/06/2074
15.847 15.692 15.743 15.417 15.045 15.615 15.516 15.679 16.224 15.667 15.732 15.640 15.819 15.667 15.823 15.721 16.399 16.288 16.113 16.033 15.968 16.357 16.228 16.371 16.757 17.013 17.071 17.083 16.907 16.493 14/06/2074
17.918 17.737 17.892 17.711 17.949 17.580 17.466 17.806 18.457 18.163 17.859 17.530 17.812 17.758 18.227 17.949 18.142 18.018 17.953 18.601 18.131 18.110 17.881 18.060 18.551 18.604 18.418 18.195 18.224 18.460 15/06/2074
19.810 19.537 19.700 20.639 20.332 19.367 19.223 19.615 20.310 20.459 19.516 19.542 20.067 19.997 20.555 18.461 18.993 20.171 20.095 20.418 18.570 18.984 20.039 20.214 20.608 18.892 19.267 20.328 20.407 20.480 16/06/2074
21.201 21.028 21.015 20.816 20.881 20.806 20.613 20.835 20.715 20.876 20.901 20.851 20.322 20.232 20.945 20.526 20.194 20.372 20.269 20.823 20.454 20.160 20.313 20.431 21.118 20.491 20.389 20.561 20.723 20.974 17/06/2074
20.115 20.104 20.157 20.242 19.981 19.794 19.565 19.999 20.539 20.218 19.971 19.972 20.362 20.167 20.290 19.879 20.350 20.224 20.005 20.416 19.946 20.264 20.113 20.317 20.667 20.120 20.484 20.465 20.504 20.337 18/06/2074
22.263 22.022 22.157 21.430 22.157 21.862 21.770 22.079 22.208 22.105 22.012 22.024 22.094 22.096 22.132 21.915 22.761 22.115 22.090 22.081 22.009 22.757 22.146 22.122 22.240 22.472 22.861 22.349 22.207 22.186 19/06/2074
26.418 26.426 26.102 25.521 26.429 26.366 26.329 26.066 26.236 25.958 26.165 26.003 26.350 26.369 25.958 25.937 25.904 26.319 26.289 25.855 25.941 25.889 26.349 26.312 25.982 25.512 25.790 26.189 26.099 25.981 20/06/2074
22.158 22.111 22.149 22.623 22.160 22.072 22.076 22.141 22.578 22.077 21.753 21.885 22.358 22.241 22.194 21.586 22.627 22.394 22.231 22.384 21.697 22.611 22.131 22.438 22.734 21.781 22.604 22.314 22.541 22.483 21/06/2074
21.065 20.697 20.546 20.848 19.617 20.526 20.367 20.448 20.233 19.625 19.990 20.220 20.285 20.144 19.802 19.390 19.815 20.163 19.993 20.064 19.321 19.794 19.986 20.241 20.323 19.442 19.669 20.031 20.235 20.057 22/06/2074
20.344 20.121 19.820 19.655 19.490 19.910 19.736 19.687 19.617 19.462 19.716 19.683 19.772 19.646 19.703 19.633 20.085 19.732 19.568 19.490 19.758 20.014 19.709 19.799 19.728 19.904 20.018 19.701 19.700 19.509 23/06/2074
23.122 23.108 22.997 22.909 23.102 22.836 22.612 22.832 23.889 23.490 22.886 23.016 23.842 23.674 23.685 23.516 24.227 23.943 23.717 23.905 23.985 24.161 23.808 24.037 24.401 24.194 24.407 24.177 24.306 24.061 24/06/2074
26.496 26.718 26.814 26.840 26.388 26.508 26.383 26.713 27.238 26.896 26.859 27.070 26.792 26.690 26.948 26.641 27.298 26.991 26.883 27.522 27.068 27.283 26.930 27.030 27.805 27.163 27.330 27.130 27.333 27.564 25/06/2074
29.162 29.639 29.465 29.698 29.619 29.453 29.308 29.348 30.491 30.097 29.735 29.704 30.464 30.374 30.094 29.359 30.093 31.048 30.958 30.744 29.742 30.102 30.728 31.083 31.688 29.721 30.315 31.077 31.437 31.636 26/06/2074
27.751 27.932 27.850 27.519 27.419 27.754 27.621 27.724 28.335 27.724 27.864 27.877 28.436 28.169 27.847 27.933 28.833 28.728 28.378 28.325 28.189 28.847 28.543 28.812 28.857 28.307 29.072 28.981 28.924 28.436 27/06/2074
27.652 27.592 27.510 27.606 27.279 27.344 27.150 27.337 28.182 27.539 27.483 27.449 28.189 27.838 27.555 27.755 28.128 28.430 27.977 28.053 28.068 28.092 28.196 28.540 28.776 28.318 28.404 28.655 28.594 28.243 28/06/2074
26.608 26.865 26.466 25.975 26.441 26.776 26.701 26.395 26.675 26.524 26.589 26.655 26.924 26.715 26.613 26.524 26.711 27.033 26.764 26.593 27.011 26.679 26.978 27.072 26.994 27.229 26.917 27.120 27.009 26.692 29/06/2074
24.219 24.312 23.903 23.712 23.908 24.125 23.943 23.777 24.095 23.923 24.051 24.036 24.373 24.258 23.976 24.618 24.903 24.390 24.213 23.795 24.808 24.881 24.473 24.405 24.152 24.782 24.808 24.536 24.303 23.927 30/06/2074
23.990 24.297 23.977 23.238 23.783 24.183 24.049 23.904 23.830 24.080 24.297 24.331 23.954 23.873 24.191 24.021 24.526 24.197 24.083 23.865 24.370 24.528 24.233 24.212 24.355 24.569 24.548 24.317 24.310 24.201 01/07/2074
26.980 26.429 26.871 26.576 27.390 26.280 26.141 26.791 27.720 27.565 27.121 27.114 27.655 27.500 27.618 27.547 27.998 27.884 27.696 27.311 28.034 27.978 27.848 27.955 27.904 28.191 27.869 27.952 27.783 27.633 02/07/2074
26.978 26.988 26.899 26.106 26.366 26.862 26.742 26.824 27.435 26.840 26.790 26.923 27.628 27.440 26.928 27.103 28.130 27.686 27.455 27.568 27.419 28.106 27.618 27.720 27.987 27.690 28.289 27.895 27.691 27.646 03/07/2074
23.546 23.875 23.735 23.970 23.468 23.777 23.621 23.669 24.367 23.973 23.822 23.860 24.559 24.503 24.063 24.925 25.509 24.824 24.660 24.542 25.275 25.486 24.747 24.878 24.920 25.608 25.581 24.942 24.910 24.705 04/07/2074
25.858 26.086 25.949 25.330 26.100 25.897 25.753 25.817 27.023 26.533 26.260 26.044 26.971 26.914 26.553 25.992 25.853 27.244 27.108 27.164 26.189 25.846 27.163 27.289 27.560 26.458 26.129 27.547 27.656 27.424 05/07/2074
25.808 26.004 25.937 25.796 25.673 26.033 26.074 25.932 26.391 25.476 25.519 25.728 26.629 26.583 25.543 25.743 26.378 26.348 26.296 26.244 25.882 26.386 26.169 26.416 26.134 25.843 26.215 26.064 26.042 25.980 06/07/2074
22.889 23.163 22.967 22.863 23.665 23.131 23.095 22.984 24.104 23.817 23.046 23.164 24.180 24.122 23.851 23.156 24.515 24.252 24.168 24.110 23.434 24.509 24.240 24.283 24.266 23.571 24.540 24.312 24.299 24.156 07/07/2074
24.984 25.599 24.928 24.326 24.035 25.422 25.348 24.855 24.708 24.152 24.320 24.468 24.856 24.774 24.215 24.730 25.010 24.311 24.243 24.413 24.570 24.997 24.162 24.338 23.914 24.606 24.987 24.173 24.232 23.747 08/07/2074
24.928 25.398 25.115 24.288 23.764 25.372 25.332 25.026 24.416 24.005 25.108 25.329 24.709 24.651 24.091 24.647 24.967 24.604 24.540 24.451 24.684 24.928 24.546 24.630 24.465 24.603 24.957 24.636 24.586 24.332 09/07/2074
23.898 24.044 23.779 23.573 23.691 23.991 23.937 23.702 24.119 23.730 23.816 23.892 24.290 24.256 23.809 23.835 24.263 24.377 24.362 24.089 24.168 24.235 24.404 24.381 24.113 24.241 24.330 24.460 24.274 24.054 10/07/2074
22.897 23.090 22.714 22.035 22.291 22.974 22.927 22.678 22.415 22.259 22.823 22.814 22.787 22.767 22.308 23.896 23.227 22.705 22.695 22.386 24.131 23.225 22.828 22.690 22.365 24.136 23.159 22.760 22.492 22.384 11/07/2074
22.136 22.635 22.019 22.558 22.579 22.403 22.405 21.958 22.984 22.770 21.824 21.913 23.185 23.048 22.963 22.428 22.205 22.711 22.568 22.530 22.401 22.162 22.839 22.711 22.071 22.130 21.797 22.249 22.134 21.856 12/07/2074
21.714 21.621 21.365 20.879 20.891 21.454 21.335 21.267 21.475 21.167 21.234 21.389 21.783 21.705 21.251 21.559 22.225 22.134 22.056 21.890 22.322 22.201 22.241 22.146 22.205 22.644 22.630 22.483 22.340 22.096 13/07/2074
21.933 22.227 21.781 21.224 21.575 22.046 21.886 21.669 21.900 21.749 21.666 21.898 22.392 22.266 21.855 21.869 22.684 22.309 22.199 22.011 22.386 22.640 22.419 22.340 22.207 22.957 23.064 22.808 22.444 22.062 14/07/2074
20.183 20.157 19.706 18.830 18.810 19.970 19.820 19.573 19.394 18.831 19.334 19.465 19.809 19.719 18.949 19.509 19.735 19.489 19.393 19.277 19.492 19.676 19.395 19.511 19.305 19.781 19.814 19.534 19.370 19.101 15/07/2074
18.363 18.350 17.684 16.796 16.699 18.181 18.031 17.563 17.116 16.610 18.350 18.103 17.798 17.656 16.746 18.453 18.629 18.017 17.832 17.185 18.959 18.590 18.296 18.070 18.046 19.038 18.677 18.506 18.149 17.818 16/07/2074
19.809 19.806 19.128 18.906 18.827 19.746 19.724 19.054 19.048 18.713 19.133 19.285 19.427 19.308 18.840 19.323 19.460 19.099 18.975 18.788 19.332 19.428 19.141 19.142 18.860 19.504 19.473 19.224 19.164 18.682 17/07/2074
21.389 21.435 21.247 20.678 21.002 21.283 21.170 21.129 21.115 20.777 21.229 21.349 21.555 21.432 20.890 20.840 20.860 21.293 21.193 20.886 20.760 20.828 21.298 21.323 20.995 20.719 20.735 21.185 21.083 20.728 18/07/2074
19.355 19.368 19.143 18.100 18.145 19.178 19.015 19.035 18.731 18.323 19.171 19.152 19.062 18.955 18.423 19.700 19.764 19.040 18.905 19.080 19.766 19.718 19.164 19.081 19.125 20.170 19.911 19.455 19.270 18.900 19/07/2074
19.657 19.704 19.470 19.423 19.431 19.522 19.415 19.359 19.813 19.588 19.399 19.524 20.108 19.987 19.703 18.978 19.401 20.048 19.915 19.934 19.100 19.368 19.881 20.084 20.281 19.348 19.424 20.000 20.303 20.081 20/07/2074
17.912 17.924 17.599 17.187 17.612 17.700 17.517 17.462 18.218 18.010 18.037 18.018 18.328 18.170 18.146 18.483 18.916 18.793 18.626 18.613 19.025 18.885 18.866 18.870 19.194 19.457 19.228 19.352 19.230 18.903 21/07/2074
20.120 20.096 19.894 18.626 19.446 19.890 19.741 19.779 20.267 19.916 19.813 19.926 20.687 20.397 20.163 19.354 19.991 20.733 20.359 20.193 19.733 19.968 20.693 20.877 20.809 20.188 20.174 21.368 21.044 20.299 22/07/2074
19.763 19.807 19.674 19.276 19.614 19.527 19.371 19.506 20.246 19.921 19.445 19.543 20.633 20.351 20.138 19.832 20.127 20.505 20.187 19.953 20.037 20.091 20.252 20.649 20.423 20.502 20.414 20.950 20.572 19.969 23/07/2074
16.847 17.078 16.960 16.859 17.115 16.859 16.688 16.832 17.453 17.201 17.653 17.079 17.529 17.376 17.358 17.742 17.911 17.511 17.304 17.433 17.791 17.869 17.750 17.596 17.364 18.017 18.137 18.163 17.824 17.078 24/07/2074
18.334 17.930 17.806 17.782 18.110 17.727 17.542 17.666 18.259 18.137 18.216 17.938 18.218 18.101 18.180 18.185 18.534 18.468 18.346 18.083 18.842 18.485 18.762 18.516 18.265 19.353 19.131 19.597 18.993 18.048 25/07/2074
19.646 19.535 19.556 18.492 19.131 19.487 19.464 19.521 19.916 19.251 19.338 19.371 20.152 19.991 19.487 19.737 19.984 19.922 19.843 19.679 19.943 19.913 19.908 20.002 19.612 20.171 20.044 20.103 20.056 19.388 26/07/2074
18.448 18.310 18.010 17.528 17.708 18.198 18.092 17.932 17.946 17.723 18.401 18.173 17.893 17.792 17.837 18.366 18.339 17.932 17.854 17.788 18.314 18.324 18.015 17.988 17.816 18.623 18.436 18.262 18.025 17.639 27/07/2074
19.292 19.790 19.946 20.388 20.782 19.596 19.425 19.832 21.559 21.608 19.817 20.386 21.243 21.091 21.666 20.254 21.393 21.617 21.439 22.018 21.237 21.333 21.255 21.704 22.598 22.104 22.096 22.219 22.480 22.346 28/07/2074
20.097 19.849 19.837 19.162 19.967 19.678 19.496 19.718 20.188 20.121 19.766 19.807 20.259 20.135 20.165 19.867 20.443 20.401 20.266 20.125 20.329 20.410 20.353 20.476 20.174 20.478 20.405 20.437 20.270 19.990 29/07/2074
19.273 18.962 18.864 18.201 18.672 18.765 18.581 18.731 19.049 19.025 18.823 18.940 19.213 19.083 19.138 19.048 19.435 19.430 19.304 18.916 19.407 19.385 19.133 19.480 19.327 19.633 19.711 19.539 19.467 19.143 30/07/2074
20.240 19.987 19.936 19.380 20.244 19.754 19.585 19.789 20.797 20.455 20.145 19.933 20.727 20.566 20.578 20.238 20.510 20.815 20.665 20.715 20.264 20.448 20.870 20.882 20.847 20.633 20.633 21.129 20.954 20.625 31/07/2074
