# 6448 6449 6450 6451 6452 6528 6529 6530 6531 6532 6610 6611 6612 6613 6614 6693 6694 6695 6696 6697 6776 6777 6778 6779 6780 6859 6860 6861 6862 6863 Date
6.090 6.020 6.055 5.793 5.550 5.969 5.943 6.040 5.786 5.641 5.769 6.042 5.845 5.814 5.680 5.675 5.814 5.928 5.907 5.831 5.784 5.821 5.906 5.921 6.032 5.703 5.890 5.988 6.033 6.019 01/08/2044
6.118 6.223 6.201 6.051 5.686 6.198 6.166 6.186 6.029 5.764 6.202 6.221 6.060 6.041 5.811 6.089 5.811 5.954 5.934 6.008 5.935 5.821 5.941 5.952 5.970 5.849 5.703 5.801 5.849 5.954 02/08/2044
5.373 5.367 5.471 5.501 5.279 5.323 5.269 5.462 5.385 5.283 5.268 5.306 5.413 5.395 5.313 5.206 5.282 5.288 5.278 5.116 5.467 5.289 5.386 5.281 5.063 5.603 5.453 5.516 5.400 5.038 03/08/2044
6.548 6.545 6.403 6.226 5.866 6.526 6.505 6.393 6.203 5.882 6.563 6.506 6.322 6.331 5.924 6.348 6.265 6.365 6.358 6.271 6.340 6.257 6.492 6.363 6.346 6.314 6.135 6.391 6.286 6.348 04/08/2044
6.122 6.130 6.098 5.880 5.596 6.142 6.140 6.102 5.878 5.629 5.970 6.066 5.864 5.837 5.678 5.812 5.606 5.853 5.811 5.764 5.766 5.599 5.793 5.869 5.810 5.705 5.577 5.822 5.792 5.733 05/08/2044
6.135 6.136 6.055 5.991 5.686 6.120 6.111 6.047 5.901 5.632 6.033 6.005 5.928 5.915 5.674 5.929 5.795 5.939 5.919 5.935 5.809 5.790 5.911 5.938 5.926 5.712 5.704 5.830 5.820 5.923 06/08/2044
6.025 6.101 6.084 5.932 5.724 6.089 6.068 6.083 6.027 5.748 5.933 5.974 5.935 5.904 5.786 5.771 5.778 5.949 5.918 6.007 5.726 5.774 5.819 5.975 5.984 5.673 5.760 5.872 5.975 5.933 07/08/2044
4.989 5.057 5.076 4.981 4.798 5.041 5.007 5.071 5.051 4.780 4.833 4.997 4.998 4.964 4.815 4.675 4.643 4.981 4.951 4.977 4.535 4.634 4.760 4.987 4.980 4.477 4.634 4.799 4.902 4.935 08/08/2044
5.179 5.276 5.268 5.182 4.965 5.267 5.261 5.279 5.248 4.993 5.130 5.129 5.274 5.246 5.024 4.968 4.974 5.202 5.170 5.157 4.886 4.966 5.097 5.223 5.192 4.909 4.952 5.122 5.156 5.138 09/08/2044
4.600 4.492 4.534 4.553 4.450 4.509 4.498 4.537 4.585 4.432 4.567 4.517 4.456 4.455 4.458 4.556 4.486 4.488 4.472 4.610 4.584 4.483 4.572 4.492 4.711 4.586 4.471 4.584 4.598 4.679 10/08/2044
4.642 4.717 4.727 4.571 4.577 4.713 4.706 4.725 4.617 4.545 4.559 4.681 4.542 4.537 4.569 4.970 5.188 4.512 4.498 4.535 4.908 5.172 4.411 4.522 4.511 4.910 5.162 4.402 4.442 4.498 11/08/2044
3.329 3.342 3.283 3.193 3.147 3.322 3.296 3.264 3.221 3.055 3.268 3.244 3.288 3.254 3.088 3.188 3.138 3.233 3.187 3.145 3.020 3.128 3.157 3.255 3.204 2.991 3.112 3.173 3.219 3.113 12/08/2044
4.564 4.568 4.532 4.491 4.437 4.567 4.559 4.530 4.528 4.395 4.506 4.518 4.528 4.501 4.420 4.478 4.346 4.490 4.463 4.474 4.398 4.349 4.470 4.509 4.513 4.358 4.322 4.478 4.472 4.464 13/08/2044
4.944 5.074 5.119 5.024 4.860 5.071 5.066 5.107 5.186 4.938 5.054 5.207 5.165 5.141 4.961 4.963 5.080 5.310 5.290 5.292 5.038 5.083 5.198 5.325 5.450 5.089 5.157 5.299 5.378 5.412 14/08/2044
2.593 2.666 2.614 2.582 2.541 2.620 2.600 2.591 2.874 2.800 2.796 2.867 2.840 2.816 2.834 2.806 3.141 3.107 3.067 3.058 2.964 3.137 2.976 3.137 3.138 2.997 3.183 3.076 3.167 3.081 15/08/2044
2.664 2.623 2.554 2.372 2.408 2.590 2.560 2.534 2.323 2.233 2.445 2.399 2.330 2.301 2.260 2.437 2.175 2.205 2.167 2.194 2.143 2.165 2.096 2.219 2.267 2.265 2.292 2.267 2.255 2.217 16/08/2044
4.169 4.239 4.211 4.070 4.004 4.215 4.197 4.194 4.175 4.027 4.199 4.245 4.207 4.174 4.070 4.130 4.159 4.141 4.099 4.084 4.054 4.152 4.106 4.158 4.030 3.999 4.071 4.072 4.045 3.986 17/08/2044
4.239 4.385 4.322 4.184 4.102 4.377 4.367 4.324 4.350 4.156 4.430 4.419 4.392 4.359 4.194 4.374 4.252 4.347 4.302 4.306 4.294 4.255 4.330 4.376 4.347 4.306 4.275 4.399 4.366 4.287 18/08/2044
3.688 3.732 3.828 3.812 3.810 3.730 3.723 3.814 3.848 3.764 3.779 3.683 3.750 3.718 3.785 3.774 3.723 3.686 3.656 3.679 3.796 3.718 3.752 3.702 3.837 3.858 3.799 3.892 3.812 3.808 19/08/2044
4.808 4.803 4.839 4.980 4.798 4.803 4.801 4.852 4.824 4.652 4.713 4.778 4.733 4.713 4.678 4.646 4.588 4.767 4.735 4.743 4.585 4.583 4.714 4.774 4.785 4.545 4.549 4.708 4.764 4.755 20/08/2044
3.297 3.387 3.352 3.300 3.336 3.362 3.320 3.322 3.564 3.396 3.398 3.397 3.580 3.536 3.447 3.410 3.483 3.628 3.576 3.603 3.452 3.476 3.612 3.646 3.761 3.518 3.563 3.739 3.744 3.692 21/08/2044
3.603 3.938 3.900 3.909 3.823 3.900 3.867 3.873 4.160 3.989 4.078 4.109 4.168 4.136 4.038 3.732 3.976 4.315 4.258 4.248 3.895 3.964 4.304 4.329 4.391 4.035 4.063 4.453 4.397 4.313 22/08/2044
2.528 2.484 2.408 2.242 2.193 2.440 2.409 2.393 2.427 2.311 2.337 2.323 2.409 2.380 2.343 2.275 2.278 2.339 2.298 2.342 2.137 2.266 2.269 2.356 2.482 2.295 2.400 2.398 2.419 2.436 23/08/2044
3.196 3.330 3.180 2.994 2.943 3.311 3.300 3.173 3.107 2.966 3.413 3.304 3.207 3.173 2.993 3.337 3.180 3.194 3.162 3.088 3.284 3.172 3.215 3.209 3.071 3.205 3.185 3.254 3.143 3.029 24/08/2044
3.888 4.037 4.025 3.854 3.802 4.016 4.007 4.014 4.086 3.921 4.068 4.082 4.093 4.064 3.953 3.979 3.999 4.124 4.084 4.087 3.990 3.997 4.074 4.133 4.094 4.036 4.017 4.094 4.103 4.049 25/08/2044
3.688 3.811 3.796 3.905 3.879 3.784 3.762 3.778 4.145 3.965 3.857 3.895 4.121 4.109 3.993 3.899 3.994 4.180 4.158 4.188 3.946 3.995 4.105 4.192 4.221 3.988 4.035 4.186 4.207 4.181 26/08/2044
4.288 4.464 4.406 4.179 4.203 4.450 4.437 4.406 4.455 4.281 4.501 4.516 4.453 4.431 4.309 4.352 4.246 4.460 4.440 4.463 4.355 4.245 4.383 4.473 4.426 4.334 4.251 4.429 4.410 4.384 27/08/2044
4.455 4.538 4.499 4.436 4.218 4.541 4.544 4.512 4.464 4.286 4.599 4.595 4.497 4.477 4.316 4.522 4.531 4.596 4.574 4.574 4.522 4.535 4.541 4.615 4.655 4.547 4.577 4.613 4.663 4.629 28/08/2044
4.497 4.521 4.551 4.431 4.249 4.543 4.543 4.561 4.469 4.296 4.548 4.532 4.441 4.413 4.327 4.439 4.380 4.459 4.439 4.477 4.425 4.378 4.425 4.471 4.469 4.408 4.360 4.411 4.461 4.450 29/08/2044
4.623 4.647 4.683 4.645 4.332 4.642 4.612 4.681 4.477 4.259 4.567 4.571 4.445 4.428 4.300 4.450 4.407 4.393 4.378 4.413 4.421 4.403 4.388 4.404 4.345 4.259 4.278 4.282 4.318 4.314 30/08/2044
3.395 3.402 3.340 3.262 3.169 3.388 3.374 3.333 3.329 3.125 3.380 3.323 3.362 3.324 3.162 3.275 3.168 3.409 3.362 3.343 3.181 3.164 3.319 3.427 3.368 3.145 3.140 3.304 3.349 3.279 31/08/2044
3.069 3.091 3.054 2.959 2.901 3.077 3.072 3.046 3.050 2.948 3.202 3.138 3.063 3.052 2.982 3.066 3.028 3.137 3.128 3.098 3.075 3.028 3.138 3.141 3.126 3.085 3.065 3.182 3.155 3.119 01/09/2044
2.971 3.103 3.146 3.147 3.141 3.087 3.078 3.148 3.315 3.227 3.139 3.200 3.288 3.284 3.242 3.197 3.205 3.315 3.305 3.369 3.237 3.203 3.260 3.321 3.387 3.273 3.225 3.305 3.346 3.372 02/09/2044
3.656 3.432 3.239 3.379 3.438 3.427 3.430 3.251 3.262 3.298 3.585 3.301 3.088 3.080 3.316 3.587 3.333 3.468 3.453 3.594 3.489 3.334 3.333 3.482 3.642 3.408 3.414 3.474 3.550 3.626 03/09/2044
4.014 4.092 4.075 4.018 3.957 4.092 4.091 4.078 4.109 4.024 4.148 4.171 4.150 4.145 4.044 4.014 3.955 4.197 4.184 4.207 4.016 3.964 4.144 4.201 4.224 3.992 3.963 4.163 4.202 4.218 04/09/2044
3.185 3.197 3.188 3.025 3.067 3.172 3.159 3.173 3.144 3.053 3.110 3.150 3.140 3.126 3.068 3.125 3.137 3.143 3.118 3.142 3.097 3.129 3.120 3.150 3.214 3.127 3.143 3.135 3.138 3.216 05/09/2044
1.734 1.895 1.882 1.785 1.814 1.856 1.839 1.867 2.080 1.980 2.046 2.081 2.134 2.113 1.999 2.140 2.272 2.231 2.223 2.178 2.287 2.270 2.225 2.234 2.238 2.409 2.354 2.284 2.277 2.235 06/09/2044
2.981 3.000 2.903 2.819 2.809 2.983 2.979 2.899 2.986 2.817 3.057 3.006 3.011 2.973 2.836 3.081 3.045 3.049 3.007 2.948 3.052 3.041 3.073 3.066 2.938 2.982 3.015 3.081 3.054 2.846 07/09/2044
2.498 2.404 2.439 2.319 2.385 2.385 2.365 2.421 2.415 2.314 2.297 2.233 2.315 2.297 2.338 2.387 2.188 2.238 2.217 2.250 2.376 2.183 2.164 2.253 2.177 2.414 2.244 2.242 2.138 2.135 08/09/2044
2.758 2.822 2.787 2.723 2.752 2.823 2.811 2.793 2.923 2.831 2.845 2.837 2.918 2.897 2.852 2.825 2.782 2.943 2.920 2.927 2.840 2.779 2.901 2.956 2.939 2.850 2.797 2.925 2.935 2.917 09/09/2044
3.554 3.637 3.635 3.556 3.482 3.662 3.669 3.652 3.662 3.548 3.674 3.699 3.642 3.636 3.574 3.552 3.536 3.753 3.742 3.741 3.608 3.532 3.690 3.757 3.760 3.655 3.579 3.760 3.800 3.745 10/09/2044
2.434 2.419 2.512 2.399 2.526 2.387 2.361 2.494 2.490 2.533 2.353 2.397 2.464 2.428 2.579 2.394 2.436 2.448 2.400 2.436 2.382 2.425 2.365 2.463 2.433 2.455 2.530 2.487 2.506 2.363 11/09/2044
1.932 1.977 2.071 2.147 2.178 1.959 1.948 2.069 2.283 2.220 1.993 2.133 2.234 2.225 2.234 2.008 2.267 2.296 2.280 2.405 2.163 2.265 2.237 2.314 2.493 2.244 2.351 2.329 2.428 2.464 12/09/2044
2.402 2.396 2.376 2.275 2.354 2.377 2.358 2.369 2.429 2.329 2.305 2.361 2.456 2.444 2.358 2.338 2.351 2.409 2.400 2.384 2.323 2.345 2.394 2.419 2.367 2.215 2.277 2.312 2.370 2.334 13/09/2044
2.518 2.531 2.540 2.481 2.530 2.515 2.504 2.529 2.615 2.532 2.546 2.598 2.627 2.621 2.546 2.536 2.639 2.669 2.656 2.685 2.631 2.636 2.703 2.680 2.743 2.675 2.690 2.776 2.734 2.715 14/09/2044
2.422 2.460 2.467 2.452 2.463 2.445 2.424 2.459 2.597 2.484 2.462 2.478 2.586 2.573 2.511 2.476 2.568 2.613 2.588 2.617 2.545 2.567 2.600 2.620 2.669 2.586 2.626 2.662 2.663 2.648 15/09/2044
2.841 2.905 2.970 2.968 3.027 2.895 2.889 2.963 3.129 3.081 2.957 2.959 3.116 3.096 3.105 3.046 3.156 3.182 3.169 3.196 3.147 3.153 3.174 3.194 3.196 3.199 3.216 3.233 3.230 3.182 16/09/2044
3.786 3.897 3.961 3.934 3.751 3.909 3.901 3.967 3.938 3.831 3.927 3.989 3.931 3.932 3.849 3.788 3.749 3.940 3.944 4.009 3.954 3.752 3.938 3.947 3.969 3.910 3.756 3.947 3.960 3.954 17/09/2044
4.968 4.934 4.909 4.873 4.511 4.945 4.944 4.930 4.671 4.434 5.014 4.942 4.746 4.729 4.476 5.037 4.556 4.658 4.633 4.578 4.995 4.572 4.734 4.672 4.549 4.909 4.501 4.715 4.639 4.532 18/09/2044
4.909 4.908 4.991 5.031 4.706 4.951 4.957 5.014 4.880 4.669 4.873 4.930 4.870 4.847 4.707 4.793 4.476 4.753 4.746 4.841 4.749 4.482 4.714 4.771 4.742 4.642 4.399 4.657 4.717 4.728 19/09/2044
4.246 4.348 4.375 4.234 4.040 4.398 4.420 4.411 4.201 4.049 4.463 4.406 4.140 4.131 4.071 4.337 4.008 4.304 4.296 4.222 4.348 4.027 4.320 4.310 4.272 4.330 4.062 4.370 4.354 4.273 20/09/2044
3.017 3.012 3.054 3.074 3.045 3.034 3.036 3.064 2.928 2.997 2.808 2.940 2.883 2.899 3.021 2.903 2.751 2.912 2.918 2.895 2.935 2.759 2.888 2.917 2.908 3.025 2.797 2.921 2.905 2.905 21/09/2044
2.971 3.040 3.052 2.969 2.848 3.051 3.050 3.050 2.961 2.895 3.155 3.116 3.000 2.984 2.916 3.065 2.941 3.048 3.026 2.970 3.097 2.944 3.066 3.060 3.037 3.121 2.998 3.135 3.110 3.013 22/09/2044
2.917 2.987 3.002 2.925 2.823 2.992 3.000 3.007 2.982 2.914 3.062 3.049 2.971 2.952 2.934 3.003 2.900 3.023 2.995 3.020 3.032 2.907 3.011 3.034 3.051 3.018 2.923 3.053 3.056 3.038 23/09/2044
2.710 2.754 2.763 2.707 2.665 2.764 2.751 2.765 2.737 2.668 2.739 2.824 2.731 2.735 2.689 2.643 2.625 2.765 2.775 2.752 2.625 2.626 2.709 2.769 2.764 2.577 2.631 2.717 2.752 2.768 24/09/2044
2.867 2.833 2.855 2.899 2.898 2.840 2.838 2.863 2.895 2.822 2.700 2.714 2.839 2.826 2.842 2.704 2.661 2.761 2.757 2.829 2.641 2.663 2.702 2.773 2.768 2.557 2.620 2.654 2.707 2.761 25/09/2044
3.927 4.060 4.108 4.125 3.808 4.080 4.091 4.127 4.176 4.004 4.114 4.249 4.092 4.066 4.033 3.884 3.960 4.307 4.283 4.295 4.042 3.963 4.179 4.317 4.493 4.258 4.153 4.440 4.524 4.445 26/09/2044
4.391 4.506 4.567 4.623 4.247 4.530 4.547 4.579 4.592 4.388 4.477 4.590 4.433 4.414 4.426 4.179 3.971 4.529 4.488 4.623 4.080 3.970 4.266 4.537 4.667 3.997 3.951 4.325 4.548 4.617 27/09/2044
4.930 5.124 5.250 5.342 4.621 5.143 5.180 5.239 5.065 4.698 5.072 5.267 5.055 5.002 4.784 4.613 4.586 5.175 5.109 5.112 4.725 4.576 4.980 5.198 5.202 4.696 4.608 5.083 5.207 5.112 28/09/2044
2.231 2.325 2.286 2.236 2.272 2.317 2.306 2.286 2.432 2.309 2.286 2.310 2.424 2.405 2.335 2.174 2.273 2.464 2.446 2.408 2.188 2.268 2.379 2.479 2.328 2.084 2.183 2.342 2.497 2.268 29/09/2044
1.976 1.942 1.889 1.741 1.786 1.950 1.953 1.886 1.906 1.821 1.938 1.910 1.944 1.929 1.832 1.893 1.812 1.998 1.980 1.979 1.870 1.814 1.970 2.005 2.053 1.940 1.949 2.119 2.127 2.031 30/09/2044
2.145 2.198 2.171 1.997 1.975 2.223 2.224 2.193 2.126 2.043 2.253 2.269 2.215 2.199 2.053 2.187 2.148 2.224 2.202 2.177 2.218 2.147 2.227 2.235 2.146 2.257 2.187 2.280 2.255 2.139 01/10/2044
1.891 1.904 1.921 1.895 1.890 1.915 1.916 1.923 1.981 1.962 1.927 1.951 1.975 1.971 1.974 1.876 1.854 1.985 1.985 2.019 1.910 1.860 1.968 1.992 2.026 1.923 1.870 2.004 2.006 2.022 02/10/2044
1.530 1.570 1.642 1.665 1.711 1.561 1.554 1.633 1.778 1.773 1.536 1.628 1.724 1.718 1.782 1.588 1.668 1.776 1.772 1.834 1.650 1.666 1.715 1.785 1.848 1.715 1.718 1.800 1.829 1.848 03/10/2044
1.795 1.786 1.737 1.687 1.800 1.777 1.772 1.734 1.898 1.881 1.776 1.781 1.902 1.893 1.897 1.776 1.863 1.977 1.974 1.943 1.797 1.863 1.925 1.988 2.002 1.798 1.897 1.978 2.021 1.995 04/10/2044
2.108 2.069 2.084 1.928 2.036 2.066 2.066 2.080 2.140 2.075 2.015 2.038 2.109 2.102 2.087 2.006 1.990 2.093 2.079 2.113 1.982 1.992 2.037 2.100 2.048 1.950 1.983 2.047 2.060 2.037 05/10/2044
1.766 1.747 1.728 1.662 1.732 1.747 1.739 1.733 1.787 1.769 1.744 1.741 1.787 1.775 1.782 1.759 1.714 1.805 1.788 1.790 1.741 1.718 1.755 1.815 1.819 1.762 1.741 1.778 1.819 1.801 06/10/2044
1.724 1.692 1.592 1.597 1.612 1.690 1.688 1.589 1.550 1.543 1.777 1.654 1.617 1.607 1.557 1.798 1.675 1.641 1.628 1.613 1.779 1.675 1.693 1.652 1.633 1.776 1.693 1.715 1.684 1.619 07/10/2044
1.560 1.538 1.605 1.638 1.648 1.539 1.534 1.609 1.747 1.691 1.513 1.558 1.668 1.661 1.706 1.544 1.565 1.683 1.671 1.763 1.529 1.568 1.559 1.693 1.782 1.579 1.635 1.637 1.699 1.768 08/10/2044
2.667 2.729 2.675 2.467 2.379 2.695 2.654 2.656 2.646 2.491 2.706 2.719 2.683 2.673 2.533 2.682 2.557 2.671 2.649 2.635 2.631 2.555 2.661 2.677 2.576 2.617 2.583 2.678 2.641 2.565 09/10/2044
1.720 1.714 1.654 1.485 1.513 1.705 1.684 1.643 1.633 1.571 1.684 1.686 1.701 1.661 1.578 1.687 1.648 1.726 1.687 1.666 1.615 1.647 1.652 1.751 1.673 1.648 1.666 1.713 1.738 1.640 10/10/2044
1.544 1.424 1.382 1.313 1.337 1.436 1.431 1.368 1.296 1.256 1.396 1.338 1.340 1.335 1.274 1.313 1.229 1.267 1.252 1.133 1.234 1.232 1.307 1.270 1.081 1.187 1.166 1.218 1.134 1.073 11/10/2044
1.148 1.152 1.158 1.113 1.126 1.149 1.128 1.154 1.244 1.200 1.240 1.257 1.259 1.250 1.205 1.231 1.385 1.388 1.366 1.336 1.433 1.388 1.429 1.406 1.432 1.523 1.470 1.534 1.512 1.405 12/10/2044
1.051 1.043 1.065 1.065 1.095 1.036 1.029 1.060 1.127 1.108 1.024 1.051 1.091 1.081 1.121 1.035 1.041 1.090 1.078 1.095 1.044 1.046 1.045 1.097 1.109 1.064 1.073 1.088 1.104 1.100 13/10/2044
1.233 1.254 1.278 1.264 1.273 1.262 1.267 1.286 1.316 1.318 1.275 1.278 1.298 1.301 1.333 1.229 1.247 1.330 1.331 1.344 1.254 1.250 1.295 1.333 1.340 1.291 1.300 1.353 1.359 1.342 14/10/2044
1.137 1.161 1.168 1.177 1.199 1.169 1.169 1.176 1.232 1.220 1.172 1.185 1.202 1.194 1.229 1.165 1.173 1.244 1.234 1.272 1.196 1.178 1.222 1.254 1.297 1.268 1.215 1.283 1.289 1.295 15/10/2044
1.264 1.318 1.302 1.254 1.284 1.324 1.325 1.313 1.358 1.354 1.401 1.384 1.414 1.408 1.359 1.404 1.450 1.479 1.481 1.468 1.484 1.452 1.508 1.483 1.562 1.529 1.501 1.575 1.573 1.560 16/10/2044
1.473 1.429 1.431 1.427 1.435 1.432 1.423 1.433 1.460 1.439 1.434 1.416 1.444 1.436 1.445 1.418 1.410 1.455 1.443 1.486 1.438 1.414 1.462 1.465 1.491 1.461 1.434 1.496 1.493 1.479 17/10/2044
1.395 1.394 1.394 1.392 1.405 1.394 1.381 1.395 1.504 1.402 1.394 1.396 1.448 1.452 1.395 1.402 1.442 1.505 1.510 1.526 1.410 1.443 1.475 1.513 1.563 1.447 1.481 1.504 1.533 1.555 18/10/2044
1.234 1.231 1.209 1.180 1.228 1.226 1.214 1.207 1.253 1.232 1.261 1.241 1.237 1.235 1.242 1.283 1.303 1.293 1.296 1.292 1.302 1.306 1.274 1.295 1.378 1.352 1.337 1.319 1.346 1.382 19/10/2044
1.741 1.745 1.680 1.657 1.688 1.759 1.756 1.689 1.792 1.712 1.707 1.697 1.787 1.772 1.730 1.694 1.683 1.806 1.803 1.798 1.642 1.684 1.763 1.811 1.807 1.700 1.733 1.852 1.832 1.801 20/10/2044
0.863 0.884 0.887 0.899 0.928 0.880 0.872 0.885 0.990 0.965 0.904 0.911 0.969 0.960 0.974 0.905 0.980 1.005 1.000 1.022 0.941 0.982 0.988 1.011 1.030 0.983 1.027 1.034 1.049 1.025 21/10/2044
1.646 1.575 1.575 1.573 1.595 1.566 1.573 1.569 1.532 1.496 1.408 1.445 1.484 1.483 1.497 1.339 1.209 1.360 1.346 1.401 1.238 1.214 1.356 1.362 1.316 1.188 1.162 1.275 1.300 1.317 22/10/2044
1.103 1.117 1.144 1.104 1.130 1.123 1.122 1.150 1.074 1.052 1.085 1.114 1.121 1.120 1.059 1.075 1.033 1.036 1.029 0.969 1.062 1.035 1.095 1.041 0.913 1.041 0.965 1.018 0.950 0.910 23/10/2044
1.169 1.197 1.183 1.123 1.159 1.203 1.201 1.191 1.190 1.162 1.169 1.180 1.216 1.210 1.176 1.124 1.117 1.192 1.184 1.214 1.103 1.119 1.168 1.199 1.211 1.106 1.125 1.163 1.179 1.206 24/10/2044
1.667 1.702 1.744 1.724 1.676 1.680 1.663 1.747 1.912 1.708 1.633 1.701 1.902 1.867 1.762 1.793 1.892 1.879 1.835 1.884 1.875 1.880 1.816 1.902 1.939 2.044 1.977 1.914 1.905 1.877 25/10/2044
0.827 0.904 0.805 0.814 0.732 0.887 0.849 0.801 0.748 0.688 0.869 0.846 0.750 0.758 0.711 0.809 0.785 0.763 0.768 0.730 0.779 0.784 0.737 0.760 0.750 0.797 0.773 0.732 0.718 0.740 26/10/2044
1.135 1.155 1.108 1.150 1.109 1.176 1.183 1.121 1.122 1.105 1.180 1.162 1.148 1.146 1.108 1.159 1.072 1.129 1.126 1.132 1.127 1.076 1.120 1.131 1.126 1.110 1.068 1.106 1.117 1.124 27/10/2044
0.761 0.814 0.798 0.847 0.894 0.827 0.831 0.797 0.912 0.893 0.718 0.754 0.841 0.853 0.897 0.576 0.705 0.787 0.775 0.825 0.548 0.706 0.688 0.786 0.839 0.540 0.701 0.666 0.765 0.828 28/10/2044
0.872 0.856 0.808 0.912 0.886 0.846 0.818 0.805 0.870 0.840 0.842 0.820 0.917 0.910 0.838 0.753 0.723 0.891 0.873 0.855 0.655 0.718 0.838 0.901 0.871 0.648 0.722 0.816 0.847 0.861 29/10/2044
0.883 0.863 0.770 0.690 0.714 0.869 0.856 0.765 0.651 0.617 0.814 0.745 0.677 0.674 0.625 0.821 0.665 0.610 0.600 0.589 0.674 0.664 0.664 0.616 0.590 0.597 0.605 0.603 0.595 0.588 30/10/2044
0.838 0.851 0.835 0.761 0.745 0.847 0.842 0.832 0.764 0.750 0.828 0.830 0.821 0.814 0.760 0.802 0.761 0.800 0.790 0.786 0.781 0.764 0.800 0.806 0.800 0.755 0.742 0.782 0.771 0.804 31/10/2044
0.704 0.743 0.732 0.693 0.674 0.738 0.739 0.725 0.717 0.677 0.713 0.726 0.731 0.726 0.684 0.726 0.747 0.747 0.739 0.753 0.719 0.748 0.727 0.750 0.797 0.730 0.753 0.739 0.764 0.798 01/11/2044
0.447 0.446 0.455 0.449 0.479 0.446 0.441 0.454 0.472 0.471 0.432 0.442 0.465 0.462 0.474 0.452 0.503 0.475 0.474 0.474 0.458 0.505 0.448 0.477 0.484 0.470 0.533 0.454 0.466 0.486 02/11/2044
0.663 0.710 0.748 0.784 0.821 0.727 0.732 0.758 0.845 0.854 0.727 0.776 0.818 0.823 0.872 0.716 0.784 0.833 0.842 0.889 0.749 0.785 0.787 0.830 0.937 0.796 0.824 0.828 0.889 0.940 03/11/2044
0.409 0.400 0.385 0.380 0.394 0.400 0.396 0.385 0.391 0.391 0.418 0.399 0.404 0.403 0.396 0.445 0.439 0.406 0.404 0.387 0.447 0.441 0.419 0.409 0.390 0.446 0.441 0.419 0.411 0.388 04/11/2044
0.437 0.440 0.436 0.425 0.413 0.438 0.435 0.434 0.409 0.414 0.439 0.434 0.414 0.412 0.418 0.452 0.450 0.409 0.406 0.411 0.447 0.451 0.413 0.413 0.418 0.455 0.458 0.421 0.422 0.415 05/11/2044
0.443 0.495 0.471 0.495 0.527 0.505 0.509 0.469 0.525 0.487 0.445 0.444 0.498 0.496 0.483 0.467 0.487 0.463 0.460 0.465 0.476 0.489 0.465 0.467 0.483 0.495 0.506 0.483 0.484 0.480 06/11/2044
0.938 0.976 0.933 0.899 0.884 0.972 0.972 0.932 0.891 0.858 0.928 0.925 0.905 0.900 0.862 0.872 0.806 0.872 0.873 0.873 0.834 0.811 0.865 0.876 0.861 0.780 0.764 0.810 0.814 0.863 07/11/2044
0.755 0.772 0.614 0.404 0.446 0.773 0.781 0.621 0.489 0.465 0.768 0.787 0.786 0.785 0.467 0.733 0.725 0.796 0.791 0.566 0.710 0.724 0.774 0.803 0.827 0.708 0.704 0.759 0.804 0.817 08/11/2044
0.876 0.858 0.678 0.637 0.559 0.857 0.868 0.683 0.529 0.508 0.843 0.815 0.607 0.607 0.528 0.820 0.714 0.652 0.648 0.526 0.730 0.713 0.710 0.656 0.590 0.686 0.661 0.666 0.625 0.590 09/11/2044
0.407 0.534 0.434 0.357 0.372 0.522 0.506 0.413 0.465 0.378 0.531 0.502 0.493 0.484 0.405 0.588 0.554 0.520 0.489 0.479 0.563 0.553 0.540 0.538 0.564 0.492 0.512 0.510 0.527 0.521 10/11/2044
0.860 0.933 0.911 0.920 0.934 0.948 0.944 0.915 1.070 1.032 0.999 0.977 1.001 1.000 1.029 0.984 1.038 1.076 1.082 1.089 1.025 1.038 1.086 1.076 1.124 1.085 1.077 1.117 1.111 1.115 11/11/2044
0.469 0.475 0.500 0.524 0.575 0.486 0.488 0.506 0.591 0.624 0.518 0.517 0.562 0.565 0.630 0.490 0.530 0.598 0.600 0.627 0.515 0.532 0.595 0.598 0.661 0.532 0.552 0.599 0.633 0.669 12/11/2044
0.387 0.378 0.405 0.336 0.406 0.400 0.409 0.429 0.402 0.448 0.390 0.400 0.402 0.406 0.447 0.392 0.382 0.378 0.381 0.409 0.388 0.386 0.376 0.384 0.391 0.390 0.387 0.376 0.365 0.394 13/11/2044
0.629 0.650 0.626 0.612 0.608 0.672 0.682 0.638 0.607 0.610 0.663 0.636 0.634 0.637 0.608 0.638 0.545 0.594 0.599 0.599 0.562 0.548 0.601 0.598 0.618 0.538 0.542 0.586 0.577 0.626 14/11/2044
0.522 0.518 0.521 0.540 0.542 0.515 0.511 0.524 0.536 0.503 0.492 0.502 0.541 0.546 0.509 0.495 0.446 0.524 0.523 0.540 0.478 0.452 0.505 0.527 0.541 0.504 0.465 0.514 0.527 0.546 15/11/2044
0.363 0.383 0.378 0.377 0.454 0.381 0.390 0.381 0.398 0.425 0.374 0.379 0.393 0.394 0.425 0.378 0.385 0.397 0.397 0.427 0.374 0.387 0.379 0.402 0.433 0.375 0.379 0.370 0.379 0.439 16/11/2044
0.530 0.547 0.559 0.551 0.545 0.558 0.558 0.568 0.550 0.554 0.503 0.540 0.556 0.558 0.554 0.454 0.477 0.543 0.548 0.550 0.431 0.483 0.515 0.546 0.526 0.439 0.469 0.486 0.482 0.538 17/11/2044
0.751 0.797 0.848 0.848 0.834 0.815 0.822 0.860 0.822 0.820 0.770 0.840 0.817 0.808 0.830 0.781 0.784 0.810 0.810 0.798 0.768 0.789 0.764 0.815 0.813 0.794 0.794 0.766 0.797 0.814 18/11/2044
0.476 0.519 0.518 0.521 0.506 0.530 0.537 0.532 0.528 0.521 0.524 0.561 0.518 0.521 0.526 0.475 0.477 0.537 0.540 0.538 0.474 0.480 0.511 0.539 0.563 0.497 0.494 0.532 0.545 0.569 19/11/2044
0.449 0.479 0.496 0.455 0.488 0.486 0.490 0.501 0.547 0.536 0.493 0.514 0.515 0.518 0.539 0.440 0.453 0.543 0.545 0.585 0.451 0.458 0.511 0.543 0.608 0.417 0.431 0.503 0.563 0.611 20/11/2044
0.576 0.622 0.654 0.667 0.536 0.626 0.612 0.656 0.556 0.570 0.632 0.660 0.549 0.538 0.569 0.588 0.538 0.551 0.548 0.571 0.585 0.537 0.523 0.559 0.583 0.589 0.558 0.557 0.566 0.572 21/11/2044
0.286 0.319 0.328 0.331 0.273 0.316 0.294 0.327 0.272 0.274 0.320 0.322 0.281 0.271 0.277 0.315 0.260 0.275 0.271 0.264 0.282 0.260 0.258 0.282 0.270 0.270 0.252 0.275 0.274 0.263 22/11/2044
0.266 0.267 0.256 0.247 0.255 0.268 0.266 0.258 0.258 0.259 0.288 0.276 0.274 0.273 0.265 0.307 0.307 0.282 0.279 0.269 0.317 0.310 0.295 0.286 0.282 0.324 0.318 0.305 0.294 0.284 23/11/2044
0.268 0.271 0.268 0.270 0.279 0.273 0.271 0.270 0.281 0.284 0.277 0.277 0.286 0.285 0.286 0.293 0.304 0.290 0.289 0.289 0.297 0.306 0.293 0.292 0.300 0.303 0.311 0.299 0.297 0.302 24/11/2044
0.570 0.550 0.598 0.534 0.511 0.591 0.644 0.633 0.404 0.454 0.596 0.553 0.458 0.453 0.452 0.551 0.528 0.428 0.434 0.468 0.589 0.531 0.537 0.431 0.564 0.592 0.553 0.595 0.569 0.556 25/11/2044
0.272 0.281 0.274 0.391 0.371 0.300 0.314 0.288 0.264 0.311 0.354 0.349 0.272 0.272 0.292 0.324 0.359 0.362 0.366 0.332 0.378 0.362 0.364 0.357 0.413 0.237 0.313 0.316 0.337 0.421 26/11/2044
0.203 0.200 0.198 0.193 0.215 0.202 0.202 0.201 0.207 0.211 0.208 0.205 0.214 0.214 0.212 0.212 0.217 0.217 0.218 0.214 0.218 0.220 0.221 0.220 0.221 0.225 0.227 0.226 0.225 0.224 27/11/2044
0.386 0.387 0.393 0.255 0.310 0.403 0.419 0.403 0.252 0.268 0.481 0.409 0.347 0.350 0.260 0.404 0.358 0.321 0.326 0.365 0.435 0.361 0.419 0.331 0.508 0.400 0.423 0.471 0.469 0.512 28/11/2044
0.349 0.387 0.343 0.301 0.332 0.402 0.400 0.343 0.304 0.323 0.540 0.454 0.319 0.319 0.303 0.442 0.363 0.394 0.397 0.338 0.477 0.367 0.451 0.401 0.395 0.451 0.369 0.458 0.385 0.411 29/11/2044
0.141 0.232 0.235 0.136 0.156 0.242 0.246 0.229 0.145 0.155 0.332 0.314 0.165 0.163 0.155 0.259 0.325 0.234 0.220 0.216 0.311 0.324 0.304 0.235 0.433 0.355 0.450 0.407 0.369 0.429 30/11/2044
0.487 0.456 0.433 0.496 0.492 0.459 0.459 0.435 0.439 0.467 0.496 0.453 0.463 0.461 0.463 0.439 0.469 0.505 0.501 0.454 0.508 0.472 0.585 0.510 0.556 0.580 0.547 0.684 0.599 0.554 01/12/2044
0.739 0.728 0.794 0.683 0.587 0.770 0.785 0.819 0.616 0.617 0.902 0.856 0.819 0.833 0.600 0.669 0.763 0.863 0.871 0.756 0.772 0.769 0.980 0.860 0.915 0.849 0.865 1.105 1.016 0.889 02/12/2044
1.486 1.543 1.532 1.378 1.436 1.568 1.590 1.550 1.582 1.544 1.699 1.650 1.679 1.664 1.532 1.676 1.434 1.461 1.446 1.640 1.747 1.429 1.828 1.767 1.734 1.754 1.705 1.860 1.822 1.705 03/12/2044
0.705 0.683 0.696 0.704 0.673 0.682 0.680 0.696 0.758 0.735 0.758 0.757 0.775 0.762 0.736 0.681 0.667 0.761 0.745 0.770 0.722 0.669 0.808 0.811 0.808 0.744 0.729 0.842 0.841 0.795 04/12/2044
0.177 0.155 0.174 0.181 0.262 0.170 0.184 0.186 0.268 0.341 0.177 0.188 0.259 0.243 0.337 0.162 0.194 0.269 0.266 0.318 0.171 0.197 0.257 0.289 0.325 0.177 0.223 0.274 0.297 0.321 05/12/2044
0.898 0.892 0.829 0.909 0.943 0.876 0.875 0.834 0.909 1.007 1.004 0.974 0.997 0.977 1.008 1.059 1.012 1.086 1.068 0.990 1.077 1.007 1.137 1.098 1.118 1.060 0.997 1.127 1.123 1.096 06/12/2044
0.223 0.287 0.251 0.261 0.293 0.286 0.283 0.250 0.287 0.301 0.278 0.301 0.292 0.293 0.308 0.262 0.251 0.294 0.293 0.295 0.269 0.255 0.307 0.293 0.310 0.269 0.264 0.311 0.302 0.314 07/12/2044
1.841 1.862 1.918 1.761 1.719 1.854 1.835 1.913 1.736 1.700 1.831 1.841 1.775 1.749 1.712 1.707 1.622 1.639 1.624 1.645 1.650 1.618 1.652 1.651 1.632 1.665 1.650 1.683 1.669 1.600 08/12/2044
1.338 1.277 1.348 1.521 1.379 1.241 1.246 1.332 1.650 1.506 1.220 1.286 1.538 1.522 1.520 1.114 1.135 1.585 1.567 1.705 1.129 1.133 1.447 1.591 1.739 1.218 1.210 1.588 1.750 1.707 09/12/2044
0.707 0.752 0.683 0.731 0.801 0.748 0.760 0.686 0.693 0.762 0.827 0.779 0.778 0.776 0.745 0.722 0.633 0.745 0.725 0.649 0.670 0.638 0.839 0.745 0.677 0.632 0.596 0.837 0.832 0.664 10/12/2044
1.134 1.098 1.114 1.032 0.889 1.108 1.105 1.123 0.927 0.852 1.061 1.069 0.999 0.997 0.852 0.977 0.799 0.937 0.933 0.863 0.895 0.802 0.958 0.936 0.845 0.887 0.795 0.933 0.900 0.840 11/12/2044
0.599 0.565 0.588 0.592 0.589 0.558 0.569 0.577 0.561 0.590 0.542 0.554 0.536 0.539 0.565 0.491 0.507 0.516 0.517 0.526 0.470 0.501 0.530 0.512 0.483 0.472 0.485 0.486 0.508 0.497 12/12/2044
0.246 0.252 0.254 0.259 0.252 0.259 0.263 0.258 0.271 0.264 0.262 0.262 0.278 0.275 0.265 0.279 0.296 0.276 0.273 0.285 0.295 0.299 0.284 0.278 0.295 0.300 0.300 0.288 0.285 0.298 13/12/2044
0.478 0.446 0.402 0.365 0.349 0.456 0.462 0.407 0.353 0.335 0.481 0.435 0.396 0.398 0.337 0.439 0.379 0.391 0.389 0.379 0.425 0.384 0.448 0.389 0.399 0.417 0.381 0.446 0.421 0.406 14/12/2044
0.696 0.685 0.649 0.644 0.594 0.699 0.702 0.651 0.593 0.589 0.738 0.711 0.606 0.611 0.587 0.666 0.619 0.658 0.656 0.658 0.688 0.620 0.674 0.655 0.717 0.722 0.665 0.738 0.730 0.718 15/12/2044
0.994 1.016 1.013 1.026 0.906 1.014 1.020 1.011 0.870 0.815 0.958 0.967 0.892 0.885 0.825 0.905 0.782 0.813 0.799 0.763 0.862 0.782 0.846 0.820 0.709 0.852 0.748 0.826 0.789 0.708 16/12/2044
0.271 0.289 0.273 0.237 0.279 0.291 0.289 0.280 0.258 0.261 0.313 0.301 0.265 0.274 0.262 0.288 0.299 0.281 0.277 0.264 0.312 0.302 0.337 0.282 0.245 0.271 0.236 0.255 0.230 0.253 17/12/2044
0.280 0.241 0.240 0.225 0.234 0.253 0.258 0.248 0.205 0.240 0.241 0.233 0.209 0.209 0.239 0.197 0.215 0.225 0.230 0.210 0.218 0.217 0.241 0.226 0.239 0.211 0.229 0.250 0.240 0.247 18/12/2044
0.819 0.772 0.757 0.703 0.736 0.792 0.804 0.766 0.718 0.696 0.743 0.726 0.759 0.781 0.705 0.724 0.663 0.736 0.747 0.707 0.679 0.666 0.772 0.737 0.700 0.688 0.658 0.758 0.722 0.713 19/12/2044
0.823 0.775 0.839 0.959 0.908 0.778 0.784 0.842 0.834 0.831 0.622 0.682 0.811 0.816 0.843 0.558 0.594 0.692 0.699 0.714 0.521 0.595 0.681 0.699 0.618 0.521 0.591 0.671 0.672 0.628 20/12/2044
0.480 0.446 0.461 0.467 0.449 0.442 0.439 0.456 0.422 0.397 0.417 0.412 0.426 0.432 0.396 0.363 0.286 0.369 0.370 0.362 0.321 0.283 0.354 0.369 0.332 0.310 0.283 0.341 0.361 0.333 21/12/2044
0.529 0.514 0.502 0.500 0.469 0.514 0.520 0.507 0.456 0.457 0.465 0.470 0.437 0.440 0.453 0.392 0.335 0.409 0.413 0.424 0.359 0.339 0.405 0.409 0.395 0.342 0.321 0.375 0.387 0.399 22/12/2044
1.311 1.298 1.324 1.300 1.138 1.298 1.292 1.318 1.135 1.070 1.246 1.243 1.137 1.135 1.079 1.116 1.012 1.100 1.093 1.089 1.095 1.014 1.113 1.105 1.075 1.067 0.999 1.100 1.078 1.076 23/12/2044
1.371 1.283 1.242 0.851 1.020 1.300 1.316 1.256 0.940 0.770 1.289 1.257 1.034 1.034 0.996 1.136 0.965 1.010 1.012 0.923 1.067 0.966 1.037 1.004 0.894 0.988 0.901 0.966 0.950 0.911 24/12/2044
1.388 1.446 1.449 1.466 1.330 1.432 1.444 1.445 1.439 1.332 1.401 1.430 1.427 1.410 1.394 1.348 1.269 1.412 1.386 1.378 1.302 1.272 1.324 1.418 1.299 1.312 1.250 1.327 1.410 1.294 25/12/2044
0.540 0.596 0.589 0.619 0.543 0.583 0.584 0.576 0.584 0.528 0.582 0.589 0.617 0.600 0.508 0.538 0.528 0.582 0.560 0.532 0.539 0.530 0.588 0.591 0.522 0.501 0.487 0.562 0.560 0.500 26/12/2044
1.067 1.098 1.038 1.172 0.812 1.078 1.086 1.023 0.797 0.811 1.272 1.162 0.789 0.820 0.791 0.937 1.028 0.842 0.870 0.843 0.936 1.042 0.884 0.835 0.839 0.907 0.981 0.865 0.876 0.881 27/12/2044
0.777 0.684 0.678 0.670 0.544 0.684 0.687 0.669 0.540 0.523 0.710 0.689 0.598 0.593 0.515 0.618 0.591 0.581 0.582 0.538 0.636 0.593 0.658 0.580 0.542 0.590 0.586 0.649 0.596 0.540 28/12/2044
0.733 0.728 0.734 0.662 0.609 0.730 0.729 0.736 0.621 0.608 0.776 0.741 0.647 0.643 0.611 0.700 0.650 0.670 0.663 0.648 0.741 0.650 0.733 0.678 0.678 0.709 0.653 0.748 0.719 0.665 29/12/2044
0.754 0.714 0.767 0.637 0.689 0.723 0.731 0.777 0.702 0.696 0.729 0.766 0.685 0.678 0.701 0.638 0.602 0.720 0.724 0.845 0.725 0.604 0.773 0.715 0.910 0.694 0.614 0.798 0.850 0.909 30/12/2044
0.394 0.364 0.369 0.336 0.399 0.365 0.375 0.373 0.379 0.395 0.370 0.360 0.373 0.378 0.391 0.362 0.334 0.355 0.358 0.365 0.336 0.338 0.382 0.355 0.389 0.334 0.339 0.371 0.375 0.388 31/12/2044
0.189 0.187 0.185 0.167 0.207 0.192 0.198 0.193 0.194 0.220 0.235 0.225 0.202 0.205 0.219 0.214 0.200 0.220 0.224 0.205 0.219 0.204 0.243 0.221 0.229 0.206 0.201 0.249 0.243 0.245 01/01/2045
0.075 0.072 0.070 0.093 0.160 0.075 0.086 0.085 0.141 0.167 0.082 0.081 0.112 0.134 0.173 0.091 0.187 0.171 0.183 0.213 0.092 0.193 0.120 0.168 0.284 0.108 0.211 0.157 0.210 0.306 02/01/2045
0.880 0.835 0.800 0.802 0.828 0.841 0.841 0.801 0.850 0.807 0.789 0.794 0.873 0.868 0.813 0.706 0.664 0.868 0.861 0.814 0.673 0.664 0.827 0.874 0.839 0.657 0.692 0.845 0.861 0.819 03/01/2045
0.717 0.694 0.698 0.677 0.637 0.688 0.693 0.692 0.599 0.585 0.612 0.639 0.614 0.618 0.580 0.474 0.505 0.605 0.603 0.591 0.444 0.508 0.581 0.603 0.585 0.443 0.494 0.573 0.595 0.588 04/01/2045
0.595 0.635 0.606 0.620 0.617 0.638 0.641 0.599 0.680 0.651 0.639 0.645 0.668 0.680 0.651 0.535 0.549 0.683 0.665 0.692 0.538 0.549 0.672 0.687 0.725 0.567 0.536 0.687 0.706 0.710 05/01/2045
0.259 0.265 0.264 0.245 0.239 0.292 0.324 0.268 0.320 0.247 0.305 0.340 0.368 0.367 0.250 0.274 0.362 0.354 0.346 0.361 0.345 0.368 0.388 0.358 0.363 0.515 0.342 0.366 0.358 0.366 06/01/2045
0.526 0.576 0.575 0.497 0.467 0.594 0.604 0.585 0.591 0.530 0.622 0.640 0.662 0.656 0.542 0.585 0.689 0.692 0.683 0.702 0.652 0.696 0.706 0.695 0.764 0.686 0.715 0.729 0.755 0.767 07/01/2045
0.720 0.687 0.634 0.527 0.533 0.664 0.646 0.622 0.580 0.521 0.714 0.680 0.619 0.601 0.519 0.697 0.633 0.649 0.639 0.581 0.679 0.635 0.687 0.661 0.625 0.657 0.602 0.668 0.659 0.605 08/01/2045
0.971 1.002 0.992 0.883 0.802 0.999 1.002 0.989 0.864 0.799 1.035 0.998 0.895 0.893 0.806 0.883 0.805 0.880 0.880 0.854 0.812 0.810 0.857 0.878 0.788 0.766 0.735 0.787 0.820 0.796 09/01/2045
0.476 0.473 0.441 0.423 0.424 0.478 0.483 0.449 0.377 0.410 0.496 0.461 0.394 0.405 0.410 0.453 0.393 0.394 0.411 0.393 0.438 0.395 0.443 0.393 0.386 0.413 0.386 0.421 0.393 0.406 10/01/2045
0.137 0.141 0.138 0.131 0.140 0.144 0.144 0.140 0.137 0.143 0.145 0.143 0.141 0.143 0.142 0.152 0.152 0.141 0.144 0.142 0.151 0.154 0.145 0.142 0.142 0.149 0.151 0.140 0.139 0.146 11/01/2045
0.644 0.718 0.706 0.616 0.513 0.711 0.708 0.701 0.597 0.573 0.890 0.871 0.660 0.665 0.563 0.759 0.833 0.854 0.856 0.749 0.904 0.831 0.912 0.854 0.990 1.066 0.960 1.014 0.962 1.000 12/01/2045
0.812 1.005 0.734 0.671 0.663 0.999 1.018 0.739 0.947 0.909 1.068 1.098 0.958 0.949 0.922 1.044 1.197 1.315 1.294 1.253 1.156 1.198 1.282 1.310 1.331 1.343 1.309 1.378 1.354 1.309 13/01/2045
0.272 0.286 0.226 0.196 0.211 0.282 0.278 0.223 0.318 0.277 0.295 0.284 0.287 0.294 0.276 0.261 0.269 0.307 0.313 0.349 0.275 0.275 0.294 0.308 0.343 0.311 0.296 0.324 0.315 0.351 14/01/2045
0.347 0.362 0.375 0.341 0.317 0.374 0.379 0.377 0.386 0.334 0.397 0.378 0.367 0.371 0.344 0.382 0.335 0.348 0.356 0.375 0.370 0.339 0.335 0.349 0.361 0.360 0.329 0.325 0.341 0.369 15/01/2045
0.255 0.238 0.237 0.241 0.230 0.227 0.217 0.229 0.229 0.219 0.216 0.223 0.223 0.217 0.218 0.167 0.166 0.206 0.203 0.212 0.164 0.168 0.207 0.208 0.210 0.171 0.172 0.199 0.211 0.209 16/01/2045
0.202 0.207 0.206 0.197 0.212 0.209 0.210 0.208 0.214 0.225 0.215 0.213 0.207 0.219 0.224 0.212 0.209 0.214 0.223 0.226 0.213 0.212 0.220 0.208 0.211 0.210 0.210 0.202 0.202 0.230 17/01/2045
1.187 1.197 1.166 1.119 0.949 1.197 1.196 1.167 1.105 1.040 1.262 1.244 1.115 1.129 1.059 1.126 1.046 1.163 1.166 1.140 1.166 1.052 1.147 1.167 1.110 1.114 1.036 1.155 1.122 1.131 18/01/2045
1.507 1.491 1.445 1.389 1.075 1.470 1.458 1.436 1.315 1.149 1.489 1.482 1.321 1.311 1.157 1.269 1.392 1.337 1.316 1.347 1.339 1.392 1.353 1.340 1.421 1.354 1.411 1.384 1.394 1.402 19/01/2045
1.297 1.310 1.297 1.224 1.093 1.301 1.299 1.292 1.226 1.128 1.272 1.243 1.226 1.214 1.138 1.201 1.170 1.206 1.192 1.208 1.233 1.171 1.209 1.220 1.269 1.199 1.161 1.237 1.253 1.248 20/01/2045
0.587 0.616 0.655 0.665 0.582 0.595 0.583 0.646 0.645 0.638 0.433 0.441 0.616 0.618 0.643 0.665 0.625 0.670 0.665 0.725 0.440 0.623 0.389 0.671 0.762 0.396 0.678 0.718 0.694 0.762 21/01/2045
1.162 1.419 1.369 1.180 1.062 1.423 1.409 1.361 1.324 1.300 1.480 1.513 1.413 1.399 1.308 1.447 1.547 1.535 1.513 1.553 1.562 1.545 1.554 1.546 1.651 1.706 1.628 1.720 1.713 1.613 22/01/2045
0.559 0.527 0.568 0.571 0.547 0.525 0.535 0.569 0.614 0.603 0.499 0.546 0.628 0.620 0.620 0.459 0.532 0.686 0.672 0.762 0.476 0.531 0.560 0.692 0.829 0.516 0.550 0.598 0.711 0.828 23/01/2045
0.504 0.542 0.581 0.552 0.631 0.540 0.545 0.585 0.582 0.630 0.541 0.548 0.606 0.606 0.634 0.540 0.592 0.621 0.621 0.635 0.590 0.595 0.637 0.626 0.659 0.592 0.658 0.709 0.681 0.662 24/01/2045
0.547 0.511 0.529 0.517 0.588 0.518 0.520 0.536 0.549 0.576 0.524 0.515 0.544 0.543 0.579 0.519 0.514 0.508 0.510 0.560 0.525 0.521 0.530 0.510 0.548 0.502 0.527 0.541 0.523 0.544 25/01/2045
0.269 0.285 0.279 0.276 0.294 0.287 0.290 0.280 0.276 0.279 0.287 0.289 0.282 0.282 0.278 0.289 0.277 0.279 0.280 0.278 0.285 0.280 0.291 0.281 0.281 0.273 0.280 0.283 0.276 0.286 26/01/2045
0.285 0.270 0.278 0.255 0.292 0.274 0.271 0.283 0.286 0.277 0.311 0.285 0.283 0.285 0.279 0.304 0.314 0.312 0.311 0.294 0.320 0.319 0.343 0.312 0.348 0.316 0.327 0.353 0.346 0.343 27/01/2045
0.324 0.311 0.304 0.290 0.337 0.310 0.312 0.303 0.333 0.313 0.370 0.324 0.342 0.343 0.318 0.393 0.385 0.360 0.354 0.342 0.419 0.387 0.384 0.357 0.357 0.426 0.417 0.425 0.398 0.356 28/01/2045
0.261 0.263 0.260 0.254 0.260 0.262 0.261 0.260 0.264 0.265 0.265 0.263 0.266 0.265 0.267 0.270 0.278 0.264 0.263 0.263 0.273 0.280 0.267 0.265 0.263 0.272 0.280 0.266 0.265 0.264 29/01/2045
0.308 0.310 0.308 0.307 0.321 0.310 0.309 0.309 0.323 0.328 0.319 0.315 0.323 0.322 0.329 0.331 0.350 0.329 0.329 0.326 0.339 0.351 0.335 0.332 0.333 0.425 0.355 0.342 0.338 0.333 30/01/2045
0.445 0.598 0.522 0.499 0.492 0.598 0.600 0.518 0.617 0.542 0.744 0.677 0.580 0.569 0.557 0.703 0.491 0.483 0.489 0.520 0.616 0.496 0.478 0.484 0.422 0.576 0.491 0.469 0.421 0.423 31/01/2045
0.606 0.612 0.627 0.595 0.604 0.618 0.622 0.637 0.680 0.648 0.670 0.748 0.709 0.706 0.637 0.734 0.683 0.751 0.753 0.726 0.701 0.685 0.736 0.749 0.726 0.714 0.678 0.735 0.739 0.715 01/02/2045
0.772 0.786 0.766 0.791 0.728 0.786 0.788 0.763 0.789 0.731 0.815 0.805 0.802 0.798 0.737 0.758 0.774 0.800 0.792 0.811 0.793 0.776 0.815 0.807 0.806 0.791 0.793 0.838 0.839 0.787 02/02/2045
0.707 1.046 0.687 0.940 0.621 1.059 1.052 0.686 0.736 0.704 0.904 0.873 0.807 0.805 0.719 0.884 1.013 1.072 1.058 0.933 1.095 1.016 1.106 1.069 1.263 1.136 1.077 1.151 1.172 1.228 03/02/2045
0.950 1.035 0.979 1.008 0.913 1.026 1.024 0.986 0.951 0.954 1.031 1.014 0.963 0.960 0.969 0.925 0.927 1.064 1.061 1.030 1.053 0.931 1.082 1.063 1.105 1.102 0.975 1.138 1.139 1.102 04/02/2045
0.495 0.579 0.477 0.418 0.462 0.584 0.585 0.474 0.402 0.440 0.582 0.597 0.503 0.503 0.434 0.545 0.562 0.486 0.486 0.464 0.543 0.566 0.556 0.484 0.520 0.539 0.557 0.542 0.553 0.528 05/02/2045
0.634 0.643 0.657 0.694 0.685 0.645 0.630 0.659 0.632 0.607 0.830 0.716 0.630 0.635 0.621 0.780 0.647 0.647 0.646 0.627 0.819 0.649 0.749 0.640 0.693 0.781 0.685 0.788 0.741 0.710 06/02/2045
0.437 0.451 0.392 0.415 0.513 0.451 0.455 0.400 0.500 0.480 0.566 0.470 0.516 0.523 0.484 0.580 0.527 0.553 0.552 0.504 0.569 0.530 0.596 0.551 0.537 0.561 0.545 0.591 0.557 0.536 07/02/2045
0.437 0.427 0.440 0.391 0.448 0.429 0.429 0.440 0.443 0.445 0.403 0.422 0.439 0.440 0.448 0.439 0.476 0.433 0.433 0.441 0.443 0.477 0.426 0.435 0.436 0.447 0.477 0.424 0.432 0.438 08/02/2045
0.617 0.629 0.579 0.559 0.641 0.639 0.648 0.587 0.616 0.616 0.737 0.647 0.681 0.681 0.611 0.739 0.700 0.710 0.722 0.658 0.734 0.704 0.769 0.711 0.679 0.746 0.725 0.789 0.743 0.690 09/02/2045
1.136 1.066 1.129 1.093 1.109 1.084 1.090 1.144 1.140 1.100 1.058 1.083 1.163 1.159 1.093 1.003 0.986 1.142 1.136 1.114 1.010 0.990 1.139 1.146 1.072 1.054 1.017 1.170 1.138 1.076 10/02/2045
0.796 0.831 0.829 0.832 0.844 0.831 0.830 0.830 0.855 0.851 0.870 0.869 0.850 0.850 0.854 0.849 0.839 0.892 0.886 0.876 0.867 0.841 0.896 0.896 0.883 0.874 0.868 0.933 0.931 0.882 11/02/2045
0.718 0.711 0.695 0.740 0.713 0.715 0.719 0.698 0.713 0.718 0.729 0.716 0.716 0.716 0.719 0.716 0.679 0.714 0.712 0.718 0.718 0.681 0.731 0.714 0.727 0.712 0.687 0.727 0.733 0.730 12/02/2045
0.667 0.704 0.672 0.675 0.689 0.714 0.715 0.678 0.723 0.710 0.737 0.729 0.726 0.723 0.710 0.749 0.675 0.751 0.752 0.763 0.741 0.677 0.741 0.752 0.808 0.742 0.715 0.774 0.784 0.801 13/02/2045
0.442 0.446 0.449 0.450 0.458 0.444 0.440 0.448 0.464 0.459 0.439 0.447 0.463 0.460 0.463 0.459 0.478 0.459 0.457 0.464 0.468 0.480 0.461 0.463 0.472 0.484 0.488 0.473 0.475 0.469 14/02/2045
0.406 0.393 0.388 0.370 0.407 0.391 0.388 0.386 0.400 0.437 0.414 0.411 0.416 0.429 0.435 0.423 0.430 0.432 0.442 0.442 0.421 0.430 0.400 0.430 0.420 0.428 0.439 0.409 0.406 0.436 15/02/2045
0.622 0.688 0.693 0.682 0.666 0.699 0.693 0.699 0.746 0.714 0.705 0.662 0.732 0.737 0.715 0.660 0.548 0.675 0.673 0.704 0.557 0.551 0.659 0.671 0.619 0.494 0.502 0.589 0.609 0.630 16/02/2045
1.182 1.058 1.103 1.140 1.102 1.061 1.063 1.107 1.065 1.041 1.010 0.958 0.962 0.962 1.054 0.950 0.873 0.915 0.902 0.891 0.935 0.877 0.936 0.914 0.834 0.863 0.886 0.940 0.871 0.826 17/02/2045
0.684 0.666 0.686 0.692 0.704 0.654 0.652 0.693 0.701 0.667 0.626 0.657 0.679 0.680 0.675 0.640 0.624 0.664 0.666 0.683 0.636 0.623 0.636 0.664 0.647 0.594 0.609 0.600 0.636 0.654 18/02/2045
0.596 0.579 0.486 0.420 0.547 0.584 0.585 0.480 0.510 0.539 0.583 0.526 0.542 0.523 0.536 0.619 0.571 0.526 0.500 0.488 0.563 0.569 0.580 0.535 0.492 0.571 0.539 0.585 0.549 0.468 19/02/2045
1.395 1.371 1.370 1.294 1.256 1.395 1.389 1.383 1.273 1.242 1.400 1.377 1.278 1.277 1.238 1.368 1.322 1.240 1.239 1.233 1.362 1.324 1.260 1.240 1.211 1.336 1.320 1.243 1.225 1.216 20/02/2045
0.640 0.670 0.681 0.615 0.674 0.669 0.664 0.679 0.627 0.663 0.696 0.697 0.649 0.650 0.663 0.670 0.699 0.637 0.638 0.614 0.687 0.701 0.655 0.641 0.581 0.695 0.675 0.642 0.615 0.577 21/02/2045
0.567 0.558 0.583 0.548 0.641 0.565 0.570 0.589 0.600 0.636 0.561 0.566 0.582 0.587 0.624 0.619 0.677 0.602 0.619 0.625 0.621 0.680 0.588 0.594 0.602 0.636 0.691 0.591 0.599 0.611 22/02/2045
0.477 0.473 0.476 0.472 0.506 0.473 0.472 0.477 0.503 0.504 0.624 0.625 0.498 0.500 0.506 0.551 0.708 0.573 0.593 0.588 0.605 0.713 0.624 0.572 0.694 0.738 0.811 0.697 0.710 0.710 23/02/2045
0.646 0.614 0.611 0.636 0.579 0.604 0.605 0.607 0.679 0.561 0.611 0.607 0.676 0.670 0.567 0.616 0.622 0.670 0.669 0.700 0.611 0.624 0.647 0.669 0.778 0.625 0.649 0.679 0.741 0.779 24/02/2045
0.926 0.895 0.881 0.701 0.708 0.898 0.899 0.883 0.801 0.769 1.078 0.994 0.840 0.837 0.783 1.041 1.082 0.905 0.915 0.886 1.245 1.082 1.157 0.909 1.189 1.206 1.194 1.282 1.210 1.183 25/02/2045
1.119 1.143 1.102 1.020 1.034 1.152 1.150 1.115 1.096 1.054 1.138 1.135 1.113 1.107 1.058 1.134 1.117 1.128 1.124 1.132 1.139 1.119 1.177 1.138 1.256 1.135 1.126 1.196 1.226 1.248 26/02/2045
1.108 1.146 1.167 1.043 1.153 1.153 1.157 1.172 1.163 1.174 1.188 1.277 1.280 1.280 1.175 1.172 1.241 1.320 1.316 1.295 1.272 1.244 1.326 1.322 1.308 1.243 1.218 1.296 1.298 1.307 27/02/2045
0.928 0.904 0.923 0.947 1.032 0.902 0.904 0.924 1.035 1.045 0.952 0.900 1.010 1.010 1.056 0.928 0.907 1.019 1.016 1.061 0.949 0.910 1.027 1.024 1.061 0.941 0.919 1.034 1.026 1.060 28/02/2045
0.581 0.586 0.608 0.651 0.756 0.582 0.573 0.607 0.729 0.766 0.597 0.601 0.687 0.697 0.763 0.600 0.615 0.707 0.708 0.734 0.607 0.616 0.676 0.703 0.723 0.617 0.619 0.659 0.685 0.731 01/03/2045
0.953 0.912 0.896 0.753 0.940 0.894 0.896 0.888 0.939 0.846 0.796 0.805 0.970 0.966 0.860 0.818 1.034 0.889 0.883 0.890 0.827 1.032 0.980 0.896 0.896 0.823 1.005 0.958 0.904 0.880 02/03/2045
1.189 1.180 1.195 1.216 1.210 1.190 1.194 1.199 1.157 1.182 1.121 1.157 1.154 1.157 1.184 1.111 1.111 1.131 1.132 1.149 1.105 1.116 1.129 1.133 1.130 1.100 1.111 1.123 1.128 1.137 03/03/2045
1.777 1.765 1.676 1.655 1.587 1.759 1.747 1.680 1.646 1.606 1.737 1.685 1.671 1.662 1.616 1.704 1.668 1.659 1.637 1.630 1.656 1.661 1.666 1.672 1.604 1.570 1.584 1.619 1.632 1.583 04/03/2045
1.638 1.677 1.685 1.705 1.698 1.658 1.640 1.681 1.716 1.676 1.607 1.622 1.697 1.689 1.690 1.623 1.637 1.658 1.637 1.665 1.595 1.637 1.632 1.670 1.656 1.592 1.622 1.643 1.646 1.637 05/03/2045
1.407 1.413 1.405 1.432 1.484 1.413 1.388 1.382 1.545 1.521 1.373 1.404 1.484 1.476 1.530 1.343 1.403 1.548 1.540 1.597 1.398 1.404 1.442 1.553 1.640 1.384 1.440 1.506 1.593 1.645 06/03/2045
0.914 0.901 0.903 0.885 0.864 0.885 0.871 0.894 0.885 0.849 0.873 0.848 0.881 0.872 0.868 0.851 0.850 0.876 0.853 0.880 0.836 0.851 0.829 0.875 0.914 0.847 0.889 0.877 0.880 0.908 07/03/2045
0.956 0.940 0.953 0.982 1.028 0.948 0.960 0.955 0.953 0.989 0.953 0.920 0.934 0.934 0.984 0.919 0.935 0.937 0.943 0.946 0.881 0.933 0.947 0.935 0.970 0.892 0.914 0.919 0.958 0.976 08/03/2045
1.422 1.541 1.425 1.332 1.377 1.493 1.446 1.392 1.360 1.328 1.751 1.700 1.385 1.366 1.349 1.691 1.730 1.383 1.366 1.343 1.892 1.733 1.710 1.392 1.569 1.724 1.641 1.665 1.636 1.533 09/03/2045
1.664 1.690 1.489 1.451 1.371 1.677 1.659 1.470 1.450 1.352 1.693 1.656 1.507 1.505 1.366 1.624 1.413 1.452 1.431 1.325 1.527 1.405 1.483 1.457 1.434 1.550 1.492 1.541 1.443 1.411 10/03/2045
1.315 1.354 1.349 1.270 1.250 1.350 1.350 1.332 1.324 1.298 1.345 1.408 1.376 1.363 1.303 1.317 1.412 1.462 1.455 1.486 1.370 1.414 1.478 1.465 1.571 1.428 1.430 1.499 1.535 1.547 11/03/2045
1.637 1.626 1.575 1.456 1.358 1.614 1.593 1.553 1.530 1.451 1.745 1.698 1.621 1.598 1.469 1.722 1.782 1.629 1.599 1.711 1.807 1.774 1.784 1.635 1.799 1.898 1.771 1.839 1.828 1.775 12/03/2045
1.241 1.233 1.216 1.182 1.176 1.226 1.217 1.212 1.135 1.117 1.234 1.205 1.107 1.109 1.114 1.256 1.231 1.126 1.127 1.129 1.156 1.233 1.140 1.130 1.113 1.178 1.219 1.113 1.108 1.119 13/03/2045
2.245 2.282 2.316 2.392 2.358 2.277 2.282 2.318 2.427 2.384 2.256 2.284 2.381 2.375 2.401 2.254 2.291 2.379 2.365 2.433 2.267 2.298 2.324 2.387 2.428 2.312 2.311 2.371 2.423 2.412 14/03/2045
2.250 2.267 2.374 2.354 2.324 2.254 2.247 2.361 2.343 2.254 2.075 2.219 2.307 2.294 2.275 2.062 2.068 2.161 2.140 2.188 2.045 2.066 2.121 2.171 2.047 1.989 1.960 2.012 2.045 2.027 15/03/2045
0.713 0.699 0.831 0.875 0.876 0.767 0.763 0.818 0.957 0.881 0.853 0.766 0.843 0.810 0.895 0.737 0.768 0.874 0.836 0.852 0.716 0.761 0.743 0.885 0.923 0.781 0.747 0.869 0.852 0.913 16/03/2045
1.229 1.189 1.154 1.127 1.100 1.174 1.156 1.135 1.162 1.071 1.111 1.116 1.133 1.118 1.101 1.115 1.095 1.117 1.100 1.142 1.018 1.088 1.051 1.127 1.088 1.003 1.050 1.019 1.070 1.067 17/03/2045
1.377 1.374 1.372 1.381 1.313 1.376 1.364 1.366 1.324 1.287 1.359 1.384 1.314 1.316 1.290 1.347 1.368 1.348 1.342 1.368 1.383 1.369 1.348 1.351 1.394 1.423 1.386 1.375 1.416 1.392 18/03/2045
2.144 1.924 1.996 1.913 1.891 1.910 1.907 1.984 1.964 1.924 2.110 2.122 2.040 2.035 1.945 2.108 2.202 2.242 2.222 2.289 2.125 2.198 2.219 2.250 2.448 2.164 2.201 2.246 2.423 2.414 19/03/2045
1.580 1.333 1.833 1.851 1.857 1.326 1.317 1.823 1.876 1.848 1.682 1.761 1.866 1.846 1.861 1.698 1.845 1.876 1.871 1.946 1.798 1.846 1.816 1.887 1.971 1.840 1.888 1.875 1.956 1.959 20/03/2045
1.358 1.426 1.580 1.485 1.493 1.412 1.407 1.573 1.552 1.486 1.454 1.417 1.530 1.516 1.503 1.482 1.639 1.583 1.563 1.549 1.628 1.636 1.614 1.591 1.558 1.660 1.637 1.642 1.645 1.529 21/03/2045
1.559 1.547 1.588 1.508 1.447 1.551 1.551 1.590 1.537 1.486 1.554 1.570 1.564 1.560 1.486 1.547 1.570 1.573 1.559 1.543 1.527 1.571 1.525 1.571 1.555 1.517 1.575 1.534 1.567 1.539 22/03/2045
1.711 1.729 1.733 1.739 1.783 1.720 1.710 1.729 1.782 1.796 1.710 1.715 1.761 1.755 1.807 1.699 1.672 1.746 1.740 1.773 1.699 1.674 1.729 1.754 1.748 1.705 1.671 1.738 1.752 1.741 23/03/2045
2.776 2.805 2.906 3.001 2.948 2.798 2.795 2.902 2.980 2.927 2.772 2.777 2.927 2.916 2.946 2.752 2.700 2.835 2.821 2.937 2.748 2.699 2.776 2.846 2.884 2.756 2.689 2.767 2.807 2.864 24/03/2045
2.239 2.338 2.347 2.410 2.470 2.337 2.330 2.340 2.522 2.496 2.273 2.337 2.522 2.506 2.505 2.228 2.370 2.532 2.518 2.530 2.269 2.366 2.454 2.539 2.564 2.350 2.418 2.526 2.550 2.544 25/03/2045
1.407 1.454 1.398 1.416 1.571 1.437 1.421 1.391 1.520 1.551 1.548 1.437 1.480 1.459 1.567 1.587 1.442 1.463 1.431 1.467 1.466 1.441 1.491 1.471 1.476 1.526 1.448 1.519 1.480 1.461 26/03/2045
3.651 3.662 3.673 3.530 3.499 3.676 3.679 3.681 3.588 3.462 3.593 3.586 3.630 3.611 3.503 3.621 3.519 3.593 3.545 3.549 3.556 3.519 3.599 3.605 3.589 3.582 3.539 3.645 3.629 3.553 27/03/2045
2.624 2.558 2.538 2.417 2.513 2.524 2.499 2.519 2.475 2.389 2.510 2.515 2.522 2.502 2.409 2.540 2.462 2.466 2.435 2.378 2.488 2.457 2.478 2.477 2.318 2.439 2.393 2.442 2.413 2.291 28/03/2045
1.761 1.794 1.771 1.737 1.716 1.779 1.766 1.761 1.793 1.757 1.804 1.789 1.814 1.801 1.775 1.801 1.822 1.814 1.798 1.786 1.805 1.818 1.814 1.824 1.855 1.848 1.846 1.854 1.860 1.831 29/03/2045
2.632 2.625 2.651 2.702 2.717 2.610 2.607 2.647 2.773 2.718 2.573 2.592 2.726 2.718 2.727 2.614 2.662 2.728 2.710 2.725 2.604 2.662 2.712 2.735 2.731 2.632 2.684 2.749 2.756 2.708 30/03/2045
3.451 3.461 3.507 3.479 3.486 3.445 3.438 3.497 3.552 3.466 3.375 3.397 3.529 3.507 3.492 3.397 3.466 3.478 3.443 3.476 3.379 3.466 3.442 3.492 3.443 3.376 3.444 3.457 3.464 3.423 31/03/2045
3.712 3.696 3.772 3.794 3.825 3.685 3.684 3.779 3.754 3.669 3.521 3.567 3.741 3.719 3.690 3.564 3.600 3.595 3.564 3.604 3.512 3.601 3.563 3.606 3.531 3.496 3.530 3.539 3.549 3.520 01/04/2045
1.975 1.980 1.870 2.011 2.030 1.980 1.967 1.864 2.105 2.012 2.000 1.935 1.961 1.963 2.035 2.061 1.967 1.997 1.992 2.003 1.984 1.968 1.985 1.998 1.913 1.952 1.945 1.960 2.048 1.898 02/04/2045
1.813 1.859 1.912 1.885 1.862 1.860 1.835 1.906 1.964 1.902 1.834 1.894 1.940 1.926 1.914 1.837 1.909 1.934 1.918 1.958 1.871 1.906 1.888 1.945 1.981 1.887 1.910 1.906 1.956 1.962 03/04/2045
1.582 1.619 1.618 1.552 1.623 1.607 1.596 1.610 1.699 1.663 1.657 1.653 1.689 1.676 1.672 1.609 1.676 1.703 1.688 1.694 1.650 1.673 1.721 1.709 1.721 1.665 1.694 1.756 1.749 1.701 04/04/2045
1.902 1.792 1.831 1.738 1.714 1.794 1.782 1.825 1.759 1.715 1.898 1.843 1.791 1.777 1.724 1.933 1.830 1.760 1.731 1.726 1.969 1.828 1.804 1.755 1.726 1.975 1.880 1.840 1.740 1.698 05/04/2045
1.626 1.589 1.574 1.437 1.410 1.582 1.567 1.568 1.446 1.396 1.644 1.564 1.491 1.478 1.405 1.640 1.542 1.472 1.453 1.433 1.649 1.544 1.494 1.476 1.474 1.662 1.582 1.567 1.496 1.456 06/04/2045
1.711 1.700 1.670 1.584 1.577 1.695 1.694 1.665 1.592 1.570 1.725 1.688 1.601 1.599 1.566 1.707 1.677 1.601 1.596 1.590 1.716 1.680 1.606 1.602 1.581 1.696 1.673 1.604 1.580 1.584 07/04/2045
1.747 1.783 1.792 1.803 1.759 1.769 1.757 1.777 1.789 1.773 1.742 1.774 1.804 1.789 1.794 1.744 1.806 1.818 1.798 1.826 1.783 1.805 1.763 1.829 1.882 1.831 1.846 1.840 1.884 1.849 08/04/2045
2.414 2.499 2.499 2.579 2.550 2.492 2.483 2.496 2.656 2.623 2.511 2.526 2.653 2.636 2.646 2.528 2.646 2.679 2.661 2.692 2.575 2.647 2.650 2.686 2.695 2.616 2.681 2.702 2.695 2.676 09/04/2045
2.584 2.650 2.699 2.681 2.844 2.630 2.615 2.685 2.803 2.796 2.591 2.623 2.772 2.765 2.823 2.607 2.726 2.757 2.745 2.768 2.651 2.719 2.765 2.763 2.741 2.677 2.708 2.734 2.768 2.726 10/04/2045
2.478 2.472 2.463 2.368 2.540 2.459 2.443 2.450 2.552 2.531 2.531 2.501 2.571 2.567 2.543 2.545 2.663 2.649 2.648 2.617 2.616 2.661 2.678 2.655 2.773 2.693 2.726 2.785 2.784 2.760 11/04/2045
1.916 2.081 1.993 1.841 1.815 2.065 2.053 1.974 2.090 2.034 2.200 2.184 2.132 2.106 2.041 2.241 2.265 2.213 2.191 2.142 2.280 2.261 2.193 2.222 2.205 2.197 2.207 2.186 2.229 2.168 12/04/2045
2.178 2.236 2.224 2.405 2.400 2.203 2.179 2.203 2.565 2.461 2.170 2.173 2.578 2.534 2.526 2.048 2.127 2.589 2.519 2.549 2.088 2.117 2.541 2.618 2.658 2.084 2.192 2.675 2.675 2.561 13/04/2045
1.346 1.357 1.404 1.373 1.489 1.323 1.304 1.379 1.467 1.403 1.285 1.327 1.445 1.442 1.406 1.290 1.386 1.430 1.405 1.427 1.358 1.374 1.390 1.443 1.482 1.422 1.408 1.434 1.453 1.497 14/04/2045
2.264 2.281 2.268 2.210 2.372 2.260 2.237 2.246 2.417 2.395 2.251 2.264 2.408 2.399 2.409 2.300 2.385 2.423 2.409 2.453 2.343 2.387 2.406 2.427 2.493 2.385 2.433 2.462 2.484 2.482 15/04/2045
2.424 2.365 2.395 2.442 2.501 2.336 2.317 2.376 2.574 2.530 2.270 2.355 2.514 2.500 2.538 2.330 2.494 2.538 2.527 2.563 2.423 2.486 2.503 2.550 2.624 2.477 2.533 2.553 2.606 2.602 16/04/2045
2.310 2.404 2.355 2.249 2.172 2.375 2.347 2.337 2.353 2.264 2.315 2.366 2.370 2.346 2.305 2.304 2.358 2.323 2.290 2.241 2.260 2.349 2.337 2.332 2.278 2.248 2.324 2.352 2.331 2.235 17/04/2045
2.166 2.379 2.366 2.240 2.309 2.357 2.326 2.351 2.530 2.464 2.476 2.518 2.555 2.554 2.487 2.485 2.602 2.658 2.630 2.625 2.603 2.604 2.590 2.663 2.675 2.721 2.699 2.695 2.691 2.650 18/04/2045
2.029 2.307 2.328 2.178 2.283 2.283 2.269 2.312 2.717 2.603 2.297 2.407 2.737 2.708 2.627 2.284 2.596 2.815 2.795 2.838 2.460 2.593 2.770 2.830 3.013 2.720 2.825 2.997 3.007 2.974 19/04/2045
1.534 1.516 1.525 1.488 1.484 1.474 1.445 1.506 1.561 1.481 1.734 1.511 1.525 1.505 1.497 1.718 1.718 1.612 1.585 1.657 1.751 1.705 1.721 1.631 1.854 1.871 1.797 1.822 1.793 1.802 20/04/2045
2.712 2.689 2.695 2.753 2.799 2.666 2.657 2.678 2.861 2.809 2.714 2.700 2.874 2.863 2.824 2.816 2.873 2.890 2.874 2.866 2.851 2.864 2.905 2.901 2.923 2.887 2.905 2.954 2.936 2.894 21/04/2045
4.165 4.177 4.169 4.039 4.086 4.158 4.137 4.144 4.200 4.091 4.127 4.110 4.216 4.209 4.128 4.159 4.165 4.189 4.170 4.169 4.121 4.158 4.178 4.204 4.181 4.142 4.167 4.152 4.143 4.147 22/04/2045
4.792 4.832 5.017 4.895 4.753 4.819 4.822 5.013 4.843 4.698 4.730 4.807 4.798 4.776 4.720 4.584 4.419 4.680 4.645 4.657 4.590 4.416 4.624 4.681 4.606 4.632 4.414 4.620 4.596 4.586 23/04/2045
4.499 4.521 4.600 4.578 4.541 4.515 4.523 4.594 4.661 4.459 4.394 4.420 4.624 4.602 4.492 4.499 4.484 4.518 4.479 4.519 4.438 4.476 4.480 4.527 4.481 4.454 4.464 4.490 4.500 4.465 24/04/2045
4.211 4.246 4.307 4.329 4.289 4.222 4.206 4.304 4.409 4.268 4.174 4.208 4.391 4.385 4.296 4.252 4.303 4.359 4.335 4.347 4.253 4.295 4.310 4.364 4.354 4.326 4.375 4.374 4.348 4.332 25/04/2045
4.211 4.295 4.352 4.206 4.187 4.311 4.335 4.366 4.284 4.108 4.245 4.256 4.291 4.270 4.121 4.294 4.255 4.233 4.214 4.221 4.240 4.246 4.207 4.244 4.227 4.232 4.292 4.264 4.254 4.198 26/04/2045
4.750 4.793 4.844 4.865 4.497 4.782 4.775 4.843 4.921 4.524 4.753 4.766 4.849 4.837 4.541 4.556 4.623 4.832 4.817 4.794 4.552 4.629 4.774 4.843 4.824 4.510 4.662 4.826 4.853 4.803 27/04/2045
4.352 4.250 4.387 4.488 4.164 4.245 4.280 4.381 4.459 4.159 4.169 4.174 4.307 4.303 4.170 4.177 4.152 4.197 4.218 4.346 4.192 4.151 4.159 4.212 4.359 4.132 4.177 4.207 4.207 4.350 28/04/2045
4.446 4.354 4.545 4.665 4.379 4.341 4.315 4.541 4.685 4.349 4.510 4.442 4.586 4.575 4.375 4.383 4.352 4.616 4.604 4.633 4.433 4.352 4.394 4.623 4.677 4.382 4.447 4.494 4.659 4.659 29/04/2045
5.207 5.232 5.352 5.249 4.821 5.222 5.213 5.349 5.196 4.764 5.094 5.183 5.169 5.159 4.787 4.977 5.115 5.122 5.111 5.127 4.986 5.120 5.084 5.130 5.162 5.083 5.257 5.202 5.152 5.151 30/04/2045
3.149 2.997 2.832 2.652 2.592 2.997 3.003 2.825 2.459 2.399 2.868 2.765 2.630 2.616 2.399 2.863 2.555 2.438 2.432 2.559 2.699 2.545 2.655 2.448 2.699 2.493 2.308 2.458 2.604 2.678 01/05/2045
2.648 2.663 2.562 2.518 2.390 2.633 2.614 2.555 2.579 2.442 2.605 2.558 2.497 2.477 2.454 2.599 2.589 2.513 2.485 2.411 2.615 2.582 2.624 2.523 2.349 2.697 2.456 2.540 2.450 2.300 02/05/2045
2.654 2.685 2.645 2.561 2.549 2.659 2.633 2.628 2.680 2.527 2.676 2.678 2.717 2.688 2.561 2.692 2.723 2.714 2.667 2.646 2.804 2.715 2.754 2.727 2.661 2.818 2.738 2.827 2.725 2.607 03/05/2045
3.173 3.156 3.122 3.167 3.255 3.136 3.122 3.120 3.415 3.331 3.285 3.282 3.454 3.442 3.340 3.302 3.478 3.566 3.549 3.473 3.436 3.471 3.619 3.582 3.589 3.579 3.542 3.699 3.661 3.559 04/05/2045
2.215 2.330 2.290 2.297 2.197 2.300 2.268 2.281 2.367 2.265 2.304 2.344 2.333 2.295 2.290 2.246 2.307 2.416 2.385 2.395 2.276 2.302 2.375 2.430 2.422 2.328 2.345 2.459 2.442 2.383 05/05/2045
2.923 2.874 2.866 2.794 2.815 2.853 2.845 2.856 2.957 2.827 2.936 2.916 3.013 2.976 2.869 2.949 2.986 2.990 2.952 2.907 2.994 2.980 3.002 3.012 2.927 2.906 2.927 3.007 2.966 2.877 06/05/2045
2.853 2.855 2.856 2.800 2.837 2.830 2.820 2.843 2.953 2.880 2.840 2.888 2.985 2.968 2.892 2.891 3.013 3.006 2.992 2.993 2.997 3.003 3.018 3.026 3.105 3.060 3.090 3.111 3.129 3.060 07/05/2045
3.670 3.671 3.655 3.645 3.688 3.660 3.651 3.647 3.846 3.709 3.684 3.689 3.846 3.823 3.727 3.724 3.839 3.852 3.828 3.832 3.744 3.834 3.847 3.866 3.883 3.779 3.853 3.906 3.902 3.846 08/05/2045
5.023 5.080 5.139 5.064 4.903 5.080 5.115 5.131 5.207 4.936 5.108 5.122 5.228 5.218 4.953 5.177 5.280 5.229 5.234 5.203 5.211 5.276 5.226 5.247 5.166 5.219 5.319 5.281 5.195 5.167 09/05/2045
3.591 3.403 3.357 3.274 3.245 3.386 3.372 3.340 3.293 3.150 3.312 3.316 3.390 3.360 3.175 3.322 3.250 3.223 3.191 3.272 3.229 3.244 3.313 3.240 3.495 3.291 3.295 3.397 3.443 3.479 10/05/2045
3.676 3.716 3.711 3.632 3.647 3.721 3.708 3.714 3.903 3.746 3.767 3.781 3.942 3.930 3.759 3.814 3.871 3.936 3.910 3.917 3.838 3.867 3.936 3.950 3.971 3.859 3.900 3.983 3.980 3.932 11/05/2045
4.183 4.207 4.207 4.151 4.069 4.188 4.169 4.197 4.322 4.141 4.252 4.247 4.322 4.308 4.168 4.281 4.369 4.383 4.365 4.361 4.357 4.371 4.377 4.389 4.388 4.394 4.406 4.413 4.415 4.369 12/05/2045
4.373 4.400 4.411 4.270 4.082 4.391 4.377 4.403 4.445 4.208 4.459 4.469 4.438 4.397 4.251 4.380 4.305 4.459 4.411 4.427 4.440 4.298 4.414 4.475 4.499 4.466 4.357 4.518 4.535 4.442 13/05/2045
5.292 5.387 5.427 5.331 5.281 5.401 5.392 5.436 5.667 5.456 5.418 5.477 5.572 5.546 5.488 5.316 5.436 5.629 5.604 5.594 5.443 5.425 5.582 5.630 5.546 5.412 5.453 5.603 5.603 5.510 14/05/2045
6.290 6.319 6.299 6.185 5.990 6.249 6.221 6.261 6.434 6.203 6.388 6.411 6.379 6.347 6.253 6.317 6.313 6.440 6.385 6.351 6.423 6.306 6.432 6.457 6.405 6.449 6.364 6.566 6.494 6.332 15/05/2045
5.342 5.280 5.249 5.073 4.997 5.220 5.204 5.223 5.391 5.205 5.215 5.289 5.371 5.326 5.239 5.272 5.349 5.428 5.408 5.350 5.416 5.350 5.430 5.434 5.346 5.508 5.386 5.479 5.436 5.325 16/05/2045
4.585 4.620 4.614 4.451 4.405 4.591 4.592 4.595 4.764 4.536 4.686 4.708 4.787 4.783 4.569 4.649 4.790 4.826 4.805 4.781 4.768 4.780 4.865 4.836 4.804 4.842 4.808 4.916 4.865 4.781 17/05/2045
4.691 4.680 4.693 4.503 4.398 4.694 4.684 4.703 4.634 4.457 4.710 4.702 4.661 4.632 4.494 4.674 4.623 4.662 4.629 4.618 4.732 4.617 4.663 4.673 4.656 4.735 4.661 4.751 4.724 4.616 18/05/2045
3.337 3.293 3.342 3.171 3.313 3.245 3.243 3.333 3.436 3.328 3.316 3.318 3.442 3.432 3.369 3.343 3.499 3.409 3.394 3.381 3.438 3.499 3.443 3.430 3.491 3.545 3.557 3.555 3.459 3.454 19/05/2045
2.823 2.854 2.883 2.706 2.536 2.782 2.721 2.828 3.076 2.750 3.115 2.920 2.934 2.906 2.773 3.251 3.199 2.949 2.925 3.088 3.353 3.209 3.104 2.967 3.119 3.393 3.244 3.219 3.099 3.050 20/05/2045
3.320 3.287 3.392 3.525 3.529 3.287 3.284 3.390 3.642 3.504 3.395 3.414 3.568 3.548 3.524 3.319 3.544 3.592 3.565 3.598 3.409 3.534 3.533 3.606 3.643 3.481 3.569 3.598 3.610 3.598 21/05/2045
4.061 4.063 4.003 4.025 4.018 4.041 4.028 3.978 4.149 4.037 4.137 4.078 4.139 4.123 4.059 4.125 4.208 4.209 4.180 4.199 4.183 4.207 4.221 4.216 4.238 4.252 4.251 4.280 4.251 4.219 22/05/2045
3.900 3.899 3.736 3.570 3.572 3.855 3.850 3.723 3.768 3.637 4.056 3.939 3.927 3.899 3.665 4.079 4.002 3.988 3.956 3.786 4.132 3.997 4.124 4.000 3.880 4.213 4.056 4.188 4.036 3.834 23/05/2045
3.966 3.986 4.012 3.931 3.978 4.003 4.007 4.019 4.194 4.057 4.086 4.107 4.228 4.219 4.054 4.107 4.320 4.296 4.276 4.238 4.246 4.315 4.358 4.301 4.275 4.379 4.364 4.431 4.354 4.249 24/05/2045
3.906 3.835 3.742 3.674 3.708 3.822 3.820 3.733 3.971 3.813 3.880 3.888 4.020 3.993 3.833 3.866 4.047 4.112 4.077 4.055 3.973 4.044 4.148 4.109 4.119 4.036 4.061 4.160 4.167 4.080 25/05/2045
4.433 4.387 4.317 4.207 4.229 4.347 4.340 4.295 4.424 4.329 4.483 4.391 4.484 4.461 4.363 4.500 4.515 4.496 4.459 4.367 4.540 4.512 4.544 4.517 4.389 4.562 4.530 4.559 4.452 4.315 26/05/2045
4.581 4.508 4.462 4.361 4.358 4.502 4.495 4.458 4.741 4.543 4.584 4.598 4.734 4.708 4.569 4.656 4.688 4.784 4.743 4.736 4.781 4.685 4.803 4.784 4.740 4.895 4.701 4.869 4.810 4.693 27/05/2045
5.494 5.477 5.393 5.262 5.165 5.464 5.453 5.386 5.586 5.337 5.674 5.601 5.606 5.579 5.358 5.628 5.630 5.724 5.686 5.631 5.875 5.627 5.783 5.733 5.724 6.040 5.738 5.932 5.822 5.684 28/05/2045
6.705 6.782 6.832 6.423 5.964 6.746 6.731 6.818 6.583 6.132 6.666 6.766 6.608 6.602 6.165 6.718 6.623 6.654 6.655 6.589 6.763 6.631 6.639 6.670 6.503 6.805 6.563 6.634 6.606 6.494 29/05/2045
4.382 4.036 3.810 3.527 3.668 3.999 3.943 3.771 3.756 3.637 3.854 3.741 3.805 3.793 3.644 4.033 3.843 3.752 3.743 3.729 3.952 3.856 3.758 3.772 3.724 3.955 4.015 4.041 3.867 3.707 30/05/2045
3.282 3.351 3.337 3.569 3.688 3.370 3.380 3.346 3.650 3.615 3.481 3.345 3.441 3.434 3.642 3.414 3.357 3.510 3.480 3.675 3.353 3.361 3.413 3.504 4.291 3.354 3.560 3.575 3.826 4.296 31/05/2045
3.417 3.334 3.343 3.216 3.220 3.333 3.322 3.340 3.381 3.344 3.327 3.347 3.301 3.294 3.353 3.377 3.436 3.354 3.346 3.384 3.522 3.420 3.316 3.361 3.398 3.659 3.483 3.358 3.374 3.396 01/06/2045
3.385 3.301 3.289 3.168 3.097 3.275 3.248 3.280 3.205 3.084 3.226 3.214 3.193 3.151 3.106 3.221 3.180 3.126 3.063 3.121 3.151 3.172 3.097 3.149 3.134 3.129 3.170 3.088 3.094 3.050 02/06/2045
3.675 3.679 3.614 3.369 3.414 3.630 3.585 3.581 3.595 3.480 3.734 3.689 3.633 3.595 3.519 3.734 3.724 3.658 3.622 3.566 3.803 3.715 3.747 3.676 3.632 3.861 3.773 3.834 3.725 3.563 03/06/2045
4.296 4.318 4.269 4.085 4.213 4.259 4.210 4.229 4.651 4.490 4.343 4.390 4.597 4.544 4.537 4.394 4.622 4.700 4.651 4.683 4.538 4.612 4.639 4.726 4.772 4.707 4.772 4.817 4.856 4.725 04/06/2045
5.296 5.335 5.324 5.160 5.095 5.302 5.270 5.298 5.578 5.357 5.473 5.491 5.518 5.480 5.394 5.324 5.407 5.627 5.582 5.628 5.516 5.408 5.590 5.650 5.611 5.650 5.549 5.771 5.681 5.560 05/06/2045
5.355 5.284 5.251 4.868 4.938 5.207 5.136 5.202 5.548 5.183 5.327 5.367 5.504 5.429 5.254 5.276 5.580 5.547 5.441 5.464 5.496 5.554 5.523 5.586 5.410 5.618 5.649 5.713 5.646 5.270 06/06/2045
5.931 5.738 5.710 5.516 5.343 5.725 5.724 5.703 5.780 5.562 5.821 5.867 5.738 5.710 5.578 5.724 5.776 5.825 5.808 5.810 5.874 5.779 5.803 5.838 5.861 5.963 5.963 6.003 5.981 5.818 07/06/2045
4.832 4.773 4.600 4.053 4.131 4.756 4.740 4.583 4.117 3.997 4.937 4.772 4.493 4.459 4.030 4.839 4.698 4.301 4.265 3.814 4.918 4.698 4.795 4.314 3.885 4.917 4.757 4.893 4.222 3.822 08/06/2045
2.866 2.817 2.780 2.738 2.684 2.797 2.763 2.762 2.820 2.701 2.839 2.813 2.715 2.674 2.715 2.766 2.778 2.711 2.671 2.699 2.797 2.773 2.771 2.725 2.754 2.795 2.804 2.852 2.767 2.714 09/06/2045
3.080 3.052 2.833 2.624 2.566 3.035 2.996 2.814 2.711 2.507 3.109 2.931 2.820 2.796 2.546 3.058 2.916 2.751 2.711 2.616 3.001 2.905 2.884 2.782 2.693 3.002 2.879 2.872 2.720 2.614 10/06/2045
4.541 4.527 4.446 4.353 4.202 4.451 4.386 4.391 4.730 4.312 4.556 4.515 4.781 4.757 4.384 4.748 4.815 4.802 4.791 4.752 4.773 4.816 4.807 4.808 4.802 4.825 4.886 4.879 4.830 4.793 11/06/2045
3.098 3.080 3.021 2.834 2.736 3.041 3.037 2.999 2.930 2.755 3.066 3.063 3.025 3.010 2.769 3.102 3.077 3.086 3.048 2.899 3.162 3.074 3.098 3.094 2.917 3.178 3.127 3.190 3.132 2.899 12/06/2045
3.100 2.771 2.974 2.620 2.563 2.723 2.679 2.956 2.715 2.520 2.990 2.783 2.799 2.734 2.556 3.043 3.174 2.810 2.742 2.615 3.187 3.166 3.052 2.831 2.857 3.327 3.338 3.343 3.038 2.794 13/06/2045
2.396 2.417 2.353 2.192 2.124 2.356 2.299 2.318 2.268 2.167 2.550 2.338 2.346 2.286 2.203 2.612 2.710 2.463 2.423 2.257 2.823 2.687 2.579 2.483 2.469 2.912 2.827 2.762 2.657 2.359 14/06/2045
2.285 2.407 2.398 2.129 2.045 2.339 2.273 2.355 2.249 2.092 2.560 2.629 2.331 2.275 2.129 2.535 2.889 2.583 2.526 2.431 2.853 2.870 2.744 2.591 2.888 2.898 2.999 2.835 2.791 2.827 15/06/2045
2.451 2.480 2.416 2.229 2.108 2.431 2.391 2.395 2.277 2.071 2.187 2.164 2.282 2.240 2.110 2.334 2.362 2.202 2.161 2.169 2.360 2.346 2.231 2.213 2.276 2.444 2.453 2.357 2.263 2.228 16/06/2045
2.544 2.599 2.561 2.457 2.428 2.545 2.508 2.526 2.497 2.395 2.556 2.519 2.526 2.496 2.428 2.600 2.697 2.534 2.477 2.432 2.653 2.667 2.552 2.540 2.483 2.668 2.710 2.614 2.568 2.422 17/06/2045
2.563 2.611 2.531 2.335 2.316 2.532 2.494 2.498 2.427 2.355 2.597 2.531 2.522 2.498 2.392 2.592 2.545 2.487 2.451 2.431 2.594 2.511 2.525 2.489 2.446 2.614 2.546 2.572 2.472 2.391 18/06/2045
2.932 2.843 2.837 2.681 2.653 2.812 2.768 2.815 2.723 2.606 2.803 2.788 2.725 2.677 2.654 2.821 2.901 2.700 2.637 2.660 2.884 2.880 2.774 2.720 2.756 2.994 2.956 2.851 2.781 2.678 19/06/2045
3.684 3.687 3.684 3.546 3.560 3.655 3.628 3.668 3.852 3.763 3.639 3.650 3.859 3.825 3.788 3.719 3.719 3.830 3.791 3.887 3.741 3.700 3.679 3.848 3.946 3.822 3.842 3.882 3.909 3.890 20/06/2045
5.048 5.260 5.282 5.090 5.116 5.244 5.234 5.268 5.303 5.177 5.348 5.323 5.324 5.301 5.202 5.285 5.175 5.323 5.285 5.306 5.282 5.163 5.296 5.344 5.392 5.327 5.257 5.409 5.367 5.333 21/06/2045
3.407 3.409 3.386 3.121 3.560 3.219 3.037 3.261 3.865 3.675 3.303 3.346 3.863 3.757 3.771 3.246 3.706 3.909 3.755 3.763 3.531 3.670 3.819 3.958 3.985 3.761 3.883 4.042 4.062 3.811 22/06/2045
3.634 3.582 3.550 3.349 3.339 3.553 3.525 3.521 3.424 3.331 3.546 3.548 3.477 3.448 3.379 3.540 3.509 3.418 3.394 3.318 3.596 3.481 3.464 3.428 3.309 3.635 3.496 3.451 3.382 3.225 23/06/2045
4.344 4.370 4.338 4.216 4.181 4.359 4.339 4.329 4.302 4.185 4.352 4.335 4.336 4.310 4.213 4.358 4.357 4.303 4.279 4.272 4.413 4.348 4.326 4.317 4.283 4.423 4.359 4.355 4.323 4.249 24/06/2045
4.805 4.799 4.768 4.668 4.673 4.763 4.736 4.741 4.869 4.690 4.826 4.785 4.888 4.841 4.731 4.771 4.873 4.942 4.898 4.894 4.912 4.871 4.952 4.944 4.989 5.015 4.919 5.031 5.016 4.936 25/06/2045
5.193 5.233 5.210 5.137 4.995 5.213 5.198 5.200 5.352 5.088 5.219 5.224 5.322 5.277 5.115 5.130 5.137 5.355 5.309 5.375 5.190 5.133 5.261 5.367 5.494 5.332 5.166 5.356 5.426 5.425 26/06/2045
3.971 3.788 3.689 3.328 3.299 3.757 3.751 3.665 3.505 3.287 3.739 3.700 3.635 3.601 3.321 3.898 3.909 3.605 3.548 3.449 3.842 3.904 3.661 3.614 3.524 3.835 3.882 3.686 3.639 3.453 27/06/2045
4.107 4.069 3.945 3.763 3.739 4.008 3.970 3.906 3.856 3.716 4.056 3.982 3.941 3.902 3.750 4.041 3.960 3.866 3.826 3.772 4.020 3.953 3.938 3.882 3.764 4.007 3.890 3.953 3.869 3.704 28/06/2045
4.533 4.598 4.487 4.290 4.279 4.580 4.548 4.475 4.550 4.348 4.608 4.631 4.659 4.639 4.382 4.605 4.658 4.715 4.685 4.625 4.671 4.649 4.682 4.727 4.843 4.803 4.681 4.741 4.769 4.779 29/06/2045
4.101 4.017 3.974 3.747 3.733 3.993 3.980 3.960 3.853 3.737 4.102 4.070 4.010 3.954 3.773 4.049 4.223 4.086 4.033 3.923 4.306 4.204 4.200 4.104 4.083 4.455 4.310 4.367 4.221 4.004 30/06/2045
2.997 2.864 2.878 2.563 2.609 2.835 2.815 2.848 2.780 2.664 2.982 2.940 2.849 2.813 2.693 2.956 3.010 2.867 2.832 2.797 3.071 3.007 2.942 2.882 2.897 3.109 3.077 3.063 2.997 2.840 01/07/2045
3.779 3.693 3.702 3.473 3.467 3.667 3.656 3.679 3.556 3.456 3.754 3.747 3.688 3.663 3.483 3.804 3.867 3.672 3.647 3.571 3.929 3.860 3.806 3.686 3.651 3.994 3.910 3.882 3.756 3.602 02/07/2045
4.549 4.535 4.485 4.242 4.258 4.537 4.509 4.476 4.385 4.256 4.618 4.593 4.514 4.490 4.289 4.555 4.562 4.501 4.477 4.391 4.641 4.557 4.628 4.519 4.555 4.730 4.666 4.771 4.606 4.500 03/07/2045
4.523 4.439 4.350 4.080 4.086 4.397 4.388 4.350 4.206 4.107 4.591 4.493 4.302 4.285 4.150 4.650 4.551 4.311 4.288 4.254 4.741 4.551 4.504 4.330 4.347 4.810 4.618 4.586 4.439 4.321 04/07/2045
4.093 4.080 4.044 4.163 4.102 4.134 4.181 4.081 3.807 4.069 4.250 4.178 3.909 3.917 4.068 3.977 4.528 3.918 3.933 3.861 4.108 4.530 4.082 3.912 3.902 4.067 4.538 4.060 3.967 3.922 05/07/2045
4.701 4.640 4.618 4.426 4.358 4.628 4.610 4.598 4.396 4.293 4.608 4.553 4.530 4.514 4.323 4.584 4.557 4.385 4.342 4.301 4.574 4.557 4.513 4.402 4.273 4.455 4.487 4.432 4.368 4.205 06/07/2045
5.126 5.054 4.861 4.530 4.599 5.028 4.996 4.854 4.714 4.586 5.278 5.092 4.990 4.949 4.622 5.196 5.138 4.993 4.952 4.743 5.306 5.129 5.217 5.013 4.863 5.279 5.164 5.288 5.106 4.828 07/07/2045
4.613 4.440 4.490 3.972 3.954 4.385 4.354 4.460 4.113 3.985 4.323 4.357 4.250 4.188 4.030 4.297 4.355 3.998 3.939 3.931 4.223 4.341 4.170 4.026 3.962 4.139 4.209 4.087 4.040 3.863 08/07/2045
2.397 2.434 2.419 2.371 2.341 2.400 2.369 2.393 2.519 2.437 2.489 2.538 2.505 2.466 2.480 2.541 2.590 2.546 2.500 2.489 2.608 2.586 2.453 2.559 2.565 2.688 2.656 2.571 2.555 2.514 09/07/2045
2.978 2.840 2.881 2.663 2.701 2.798 2.779 2.855 2.726 2.582 2.706 2.693 2.691 2.637 2.633 2.710 2.703 2.494 2.430 2.495 2.665 2.691 2.593 2.520 2.488 2.697 2.738 2.698 2.568 2.385 10/07/2045
4.683 4.708 4.613 4.323 4.336 4.689 4.670 4.609 4.560 4.380 4.836 4.737 4.678 4.645 4.420 4.773 4.708 4.674 4.632 4.540 4.841 4.702 4.800 4.689 4.654 4.872 4.717 4.865 4.754 4.598 11/07/2045
5.213 5.278 5.353 5.033 4.927 5.242 5.215 5.335 5.307 5.048 5.454 5.418 5.406 5.369 5.088 5.346 5.442 5.462 5.422 5.389 5.432 5.440 5.506 5.479 5.514 5.542 5.514 5.665 5.596 5.453 12/07/2045
5.456 5.322 5.371 5.501 5.267 5.338 5.339 5.386 5.512 5.335 5.416 5.228 5.318 5.304 5.370 5.382 5.172 5.306 5.289 5.483 5.343 5.168 5.016 5.317 5.457 5.267 5.119 4.995 5.337 5.418 13/07/2045
5.440 5.459 5.411 5.022 4.967 5.466 5.465 5.396 5.056 4.836 5.460 5.478 5.311 5.261 4.877 5.285 5.088 5.004 4.968 4.553 5.256 5.085 5.310 5.032 4.073 5.087 4.852 5.053 4.522 4.010 14/07/2045
5.205 5.198 5.167 4.853 4.880 5.145 5.114 5.156 5.172 5.013 5.179 5.225 5.309 5.284 5.048 5.062 5.219 5.356 5.303 5.225 5.078 5.206 5.384 5.384 5.275 5.113 5.263 5.505 5.446 5.194 15/07/2045
5.240 5.330 5.241 4.883 4.803 5.334 5.345 5.257 5.180 4.942 5.423 5.391 5.310 5.290 4.977 5.352 5.271 5.361 5.340 5.305 5.343 5.270 5.305 5.369 5.320 5.303 5.246 5.316 5.312 5.301 16/07/2045
6.387 6.312 6.377 6.021 5.796 6.347 6.384 6.392 6.267 6.034 6.399 6.426 6.250 6.235 6.051 6.268 6.183 6.298 6.269 6.337 6.324 6.192 6.262 6.305 6.378 6.355 6.197 6.320 6.366 6.351 17/07/2045
5.348 5.194 5.163 5.128 4.963 5.175 5.166 5.149 4.751 4.634 4.939 4.957 4.743 4.725 4.685 4.763 4.485 4.432 4.397 4.408 4.624 4.474 4.612 4.454 4.337 4.635 4.470 4.643 4.463 4.277 18/07/2045
4.979 4.934 4.953 4.757 4.654 4.897 4.844 4.931 4.823 4.660 4.830 4.783 4.802 4.777 4.693 4.724 4.604 4.793 4.762 4.790 4.807 4.591 4.779 4.822 4.794 4.807 4.723 4.944 4.845 4.738 19/07/2045
5.165 5.121 5.162 5.115 4.953 5.106 5.104 5.151 5.195 4.963 5.080 5.055 5.031 5.005 4.979 5.024 4.985 5.006 4.972 5.122 4.939 4.972 5.009 5.019 5.060 4.929 4.924 4.988 5.001 5.012 20/07/2045
5.627 5.763 5.672 5.447 5.399 5.767 5.782 5.678 5.601 5.465 5.736 5.732 5.585 5.556 5.491 5.595 5.433 5.574 5.546 5.567 5.462 5.439 5.474 5.587 5.762 5.489 5.471 5.581 5.645 5.733 21/07/2045
4.992 4.998 4.877 4.839 4.666 4.997 4.972 4.854 4.661 4.448 4.885 4.986 4.805 4.781 4.487 4.777 4.913 4.795 4.746 4.610 4.965 4.893 5.019 4.817 4.793 5.061 4.919 5.091 4.926 4.739 22/07/2045
6.449 6.480 6.573 6.838 6.495 6.435 6.400 6.550 6.425 6.247 6.477 6.388 6.530 6.505 6.280 5.866 5.985 6.282 6.244 6.239 5.892 5.976 6.279 6.307 6.289 5.931 5.937 6.242 6.276 6.227 23/07/2045
5.741 5.678 5.829 5.966 5.986 5.666 5.663 5.835 5.790 5.658 5.452 5.513 5.542 5.544 5.692 5.378 5.428 5.436 5.439 5.534 5.322 5.431 5.430 5.442 5.454 5.288 5.450 5.493 5.458 5.462 24/07/2045
5.813 5.888 5.852 6.033 5.696 5.863 5.865 5.835 5.802 5.721 5.802 5.866 5.859 5.825 5.740 5.594 5.812 5.875 5.830 5.840 5.618 5.809 5.830 5.886 5.874 5.567 5.857 5.878 5.907 5.829 25/07/2045
6.282 6.406 6.441 6.489 6.245 6.368 6.337 6.429 6.567 6.189 6.298 6.376 6.364 6.354 6.265 6.025 6.165 6.390 6.366 6.422 6.077 6.173 6.354 6.401 6.429 6.059 6.204 6.429 6.424 6.411 26/07/2045
5.506 5.616 5.617 5.606 5.395 5.597 5.596 5.628 5.527 5.357 5.500 5.552 5.549 5.500 5.394 5.348 5.299 5.446 5.398 5.404 5.307 5.288 5.445 5.464 5.448 5.209 5.178 5.363 5.410 5.385 27/07/2045
5.466 5.473 5.503 5.340 5.221 5.487 5.502 5.515 5.310 5.139 5.336 5.392 5.345 5.333 5.175 5.310 5.229 5.260 5.244 5.241 5.185 5.224 5.233 5.269 5.211 5.027 5.085 5.108 5.164 5.169 28/07/2045
4.477 4.601 4.796 4.848 4.770 4.577 4.559 4.797 5.171 5.106 4.835 5.013 4.985 4.949 5.145 4.800 5.210 5.414 5.380 5.635 5.149 5.207 5.261 5.428 5.573 5.401 5.495 5.619 5.821 5.557 29/07/2045
5.135 5.212 5.217 5.239 5.008 5.191 5.172 5.197 5.296 5.060 5.091 5.282 5.246 5.219 5.097 4.937 5.141 5.372 5.347 5.432 5.037 5.135 5.241 5.382 5.600 5.144 5.173 5.328 5.413 5.537 30/07/2045
5.384 5.399 5.346 5.131 4.936 5.402 5.402 5.352 5.223 5.021 5.413 5.414 5.279 5.245 5.058 5.337 5.262 5.301 5.270 5.282 5.310 5.259 5.255 5.313 5.367 5.323 5.237 5.283 5.336 5.312 31/07/2045
