# 6448 6449 6450 6451 6452 6528 6529 6530 6531 6532 6610 6611 6612 6613 6614 6693 6694 6695 6696 6697 6776 6777 6778 6779 6780 6859 6860 6861 6862 6863 Date
4.051 4.013 3.965 3.909 3.965 3.998 3.965 3.950 4.030 3.986 3.797 3.956 3.989 3.976 4.024 3.780 3.863 4.028 4.014 4.124 3.876 3.863 3.876 4.034 4.252 3.963 3.922 3.970 4.156 4.228 01/08/2011
4.376 4.258 4.256 4.221 4.171 4.231 4.215 4.234 4.408 4.289 4.382 4.338 4.359 4.333 4.322 4.318 4.333 4.359 4.324 4.551 4.309 4.327 4.379 4.374 4.732 4.421 4.368 4.467 4.490 4.683 02/08/2011
3.854 3.961 3.997 4.001 4.066 3.932 3.915 3.981 4.238 4.192 3.977 4.089 4.166 4.147 4.220 3.930 4.059 4.181 4.147 4.302 3.933 4.059 4.058 4.198 4.393 3.973 4.023 4.051 4.201 4.367 03/08/2011
3.493 3.568 3.578 3.595 3.607 3.556 3.545 3.573 3.811 3.725 3.639 3.610 3.710 3.679 3.758 3.644 3.645 3.752 3.715 3.827 3.656 3.639 3.649 3.761 3.936 3.700 3.714 3.745 3.786 3.910 04/08/2011
4.133 4.294 4.225 4.065 4.018 4.268 4.249 4.212 4.278 4.153 4.448 4.395 4.316 4.288 4.180 4.385 4.385 4.355 4.320 4.381 4.414 4.378 4.397 4.367 4.517 4.464 4.425 4.474 4.448 4.495 05/08/2011
3.198 3.283 3.276 3.272 3.230 3.259 3.234 3.266 3.464 3.345 3.450 3.456 3.438 3.393 3.381 3.396 3.586 3.561 3.523 3.652 3.473 3.580 3.485 3.585 3.843 3.572 3.720 3.707 3.783 3.781 06/08/2011
3.720 3.834 3.856 3.798 3.821 3.833 3.813 3.866 4.028 3.915 3.921 3.925 3.986 3.954 3.940 3.945 3.976 4.033 4.011 4.063 3.958 3.978 3.965 4.040 4.181 4.011 4.047 4.052 4.093 4.135 07/08/2011
3.460 3.453 3.484 3.479 3.418 3.437 3.415 3.473 3.644 3.502 3.483 3.550 3.617 3.591 3.531 3.504 3.639 3.698 3.661 3.728 3.602 3.633 3.620 3.724 3.861 3.631 3.707 3.728 3.794 3.806 08/08/2011
3.007 3.055 2.956 2.910 2.855 3.033 3.021 2.952 2.967 2.817 3.181 3.098 2.942 2.915 2.844 3.187 3.096 2.970 2.936 2.925 3.235 3.087 3.046 2.983 3.008 3.352 3.177 3.158 3.075 2.957 09/08/2011
3.391 3.384 3.376 3.324 3.325 3.376 3.386 3.376 3.404 3.259 3.431 3.416 3.391 3.378 3.284 3.448 3.426 3.414 3.389 3.398 3.522 3.419 3.444 3.421 3.471 3.670 3.541 3.570 3.513 3.445 10/08/2011
3.741 3.843 3.886 3.788 3.834 3.836 3.814 3.883 3.991 3.867 3.871 3.899 3.956 3.934 3.889 3.937 3.973 4.014 3.967 4.021 3.953 3.968 3.955 4.017 4.108 3.994 4.019 4.039 4.050 4.075 11/08/2011
4.451 4.518 4.506 4.379 4.463 4.510 4.478 4.508 4.652 4.569 4.547 4.549 4.617 4.579 4.594 4.527 4.570 4.632 4.589 4.658 4.551 4.565 4.602 4.649 4.666 4.530 4.564 4.607 4.648 4.625 12/08/2011
5.089 4.978 5.106 4.963 4.762 4.975 4.944 5.112 4.950 4.696 4.883 4.911 4.924 4.868 4.748 4.860 4.704 4.795 4.738 4.834 4.769 4.703 4.792 4.820 4.772 4.762 4.670 4.793 4.793 4.693 13/08/2011
4.518 4.486 4.230 4.057 3.955 4.492 4.496 4.226 4.003 3.864 4.677 4.459 4.156 4.122 3.899 4.616 4.362 4.185 4.143 4.094 4.560 4.368 4.433 4.206 4.562 4.493 4.281 4.391 4.383 4.509 14/08/2011
2.862 2.932 2.787 2.203 2.369 2.866 2.817 2.744 2.893 2.712 2.801 2.882 2.886 2.873 2.748 2.915 3.085 3.064 3.034 3.034 3.003 3.078 3.100 3.072 2.894 3.026 3.070 3.103 3.084 2.864 15/08/2011
4.590 4.804 4.843 4.727 4.672 4.800 4.802 4.836 4.958 4.729 4.413 4.825 4.913 4.896 4.760 4.356 4.676 4.874 4.870 4.932 4.446 4.668 4.687 4.891 4.687 4.440 4.624 4.601 4.728 4.659 16/08/2011
4.195 4.357 4.348 4.259 4.236 4.358 4.357 4.352 4.453 4.291 4.207 4.422 4.456 4.412 4.303 4.175 4.414 4.489 4.436 4.499 4.234 4.424 4.365 4.497 4.474 4.262 4.371 4.318 4.438 4.443 17/08/2011
3.985 4.134 4.053 4.011 3.964 4.122 4.110 4.051 4.180 4.030 4.024 4.158 4.168 4.128 4.064 4.035 4.089 4.212 4.184 4.227 4.086 4.093 4.147 4.225 4.223 4.071 4.083 4.143 4.205 4.174 18/08/2011
3.549 3.393 3.520 3.609 3.507 3.371 3.358 3.506 3.475 3.357 3.109 3.227 3.293 3.278 3.389 3.112 2.972 3.050 3.010 3.231 2.976 2.959 2.913 3.058 3.138 2.646 2.807 2.760 2.929 3.102 19/08/2011
3.699 3.777 3.729 3.464 3.377 3.771 3.753 3.729 3.595 3.424 3.714 3.790 3.637 3.602 3.463 3.723 3.631 3.610 3.569 3.609 3.628 3.627 3.564 3.623 3.635 3.510 3.605 3.515 3.562 3.601 20/08/2011
2.912 2.898 2.880 2.723 2.651 2.873 2.841 2.868 2.896 2.758 2.884 2.956 2.847 2.822 2.794 2.922 3.007 2.930 2.900 2.882 3.041 2.997 2.922 2.952 3.039 3.067 3.108 3.047 3.043 3.008 21/08/2011
2.660 2.746 2.604 2.417 2.407 2.702 2.656 2.586 2.414 2.277 2.822 2.754 2.621 2.593 2.318 2.850 2.759 2.595 2.568 2.257 2.739 2.745 2.592 2.614 2.498 2.570 2.703 2.577 2.602 2.456 22/08/2011
2.219 2.143 2.001 1.823 1.846 2.104 2.074 1.983 1.847 1.736 1.928 2.010 1.870 1.837 1.776 1.938 1.841 1.785 1.715 1.690 1.711 1.839 1.735 1.796 1.800 1.880 1.903 1.836 1.825 1.728 23/08/2011
2.373 2.684 2.609 2.418 2.448 2.665 2.649 2.592 2.635 2.540 2.808 2.764 2.681 2.650 2.571 2.796 2.779 2.679 2.649 2.679 2.739 2.777 2.665 2.700 2.674 2.662 2.705 2.642 2.629 2.624 24/08/2011
2.219 2.306 2.266 2.019 2.144 2.277 2.245 2.243 2.268 2.179 2.269 2.322 2.313 2.287 2.211 2.088 2.324 2.380 2.330 2.313 2.314 2.309 2.415 2.396 2.545 2.515 2.555 2.668 2.605 2.499 25/08/2011
3.119 3.270 3.212 3.195 3.026 3.246 3.218 3.203 3.210 3.031 3.218 3.269 3.240 3.210 3.056 3.184 3.194 3.196 3.163 3.187 3.195 3.190 3.192 3.210 3.274 3.206 3.212 3.232 3.238 3.226 26/08/2011
2.523 2.573 2.500 2.367 2.352 2.543 2.533 2.491 2.465 2.365 2.574 2.564 2.499 2.474 2.393 2.574 2.617 2.498 2.469 2.454 2.593 2.616 2.516 2.517 2.473 2.601 2.629 2.573 2.540 2.441 27/08/2011
2.927 2.958 3.020 2.980 2.943 2.945 2.926 3.009 3.126 3.050 2.953 2.996 3.060 3.045 3.072 2.998 3.076 3.037 3.022 3.117 3.069 3.075 3.055 3.050 3.214 3.124 3.148 3.130 3.131 3.180 28/08/2011
4.158 4.148 4.150 4.212 4.128 4.154 4.141 4.159 4.356 4.199 4.231 4.252 4.267 4.248 4.233 4.160 4.397 4.541 4.519 4.604 4.309 4.393 4.509 4.552 4.783 4.385 4.537 4.692 4.757 4.754 29/08/2011
3.153 3.235 3.265 3.358 3.357 3.226 3.217 3.255 3.325 3.336 3.310 3.317 3.291 3.270 3.359 3.352 3.394 3.334 3.312 3.349 3.416 3.401 3.328 3.342 3.400 3.437 3.449 3.401 3.397 3.397 30/08/2011
2.632 2.701 2.653 2.593 2.596 2.709 2.708 2.649 2.757 2.710 2.856 2.807 2.747 2.750 2.714 2.862 2.815 2.790 2.786 2.868 2.889 2.800 2.799 2.782 3.017 2.921 2.898 2.889 2.915 2.977 31/08/2011
3.425 3.429 3.457 3.416 3.335 3.428 3.423 3.466 3.561 3.419 3.455 3.489 3.501 3.500 3.443 3.402 3.476 3.535 3.516 3.579 3.469 3.479 3.535 3.540 3.609 3.501 3.515 3.580 3.576 3.575 01/09/2011
4.180 4.185 4.240 4.173 3.967 4.205 4.211 4.259 4.201 4.095 4.161 4.227 4.168 4.155 4.119 4.079 3.951 4.114 4.110 4.249 4.124 3.951 4.059 4.122 4.144 4.078 3.978 4.157 4.164 4.132 02/09/2011
4.245 4.205 4.211 3.970 3.876 4.223 4.221 4.221 4.110 4.071 4.209 4.273 4.194 4.169 4.100 4.227 4.115 4.182 4.154 4.202 4.189 4.117 4.135 4.195 4.270 4.136 4.108 4.162 4.228 4.238 03/09/2011
4.068 4.136 4.037 3.868 3.804 4.136 4.131 4.043 4.036 3.974 4.149 4.149 4.057 4.032 4.003 4.166 4.054 4.060 4.027 4.094 4.119 4.056 4.030 4.076 4.153 4.064 4.029 4.039 4.110 4.116 04/09/2011
4.293 4.427 4.384 4.201 4.046 4.452 4.460 4.393 4.175 4.151 4.443 4.472 4.291 4.269 4.174 4.311 4.212 4.256 4.230 4.210 4.264 4.212 4.230 4.273 4.186 4.176 4.151 4.202 4.220 4.162 05/09/2011
4.323 4.476 4.505 4.349 4.153 4.512 4.529 4.545 4.410 4.309 4.478 4.557 4.427 4.433 4.330 4.351 4.243 4.416 4.410 4.442 4.360 4.244 4.355 4.431 4.480 4.348 4.313 4.438 4.467 4.456 06/09/2011
3.796 3.937 4.121 4.022 3.869 3.964 3.975 4.123 4.060 4.016 3.923 4.130 4.135 4.113 4.031 3.937 4.004 4.185 4.180 4.200 3.957 3.999 4.068 4.196 4.240 4.010 4.060 4.173 4.241 4.215 07/09/2011
4.038 4.139 4.066 4.008 4.031 4.103 4.042 4.047 4.326 4.230 4.181 4.183 4.442 4.429 4.262 4.237 4.292 4.443 4.421 4.396 4.281 4.296 4.446 4.446 4.469 4.204 4.295 4.495 4.514 4.441 08/09/2011
4.688 4.913 4.829 4.606 4.374 4.914 4.919 4.823 4.610 4.490 4.943 4.976 4.687 4.663 4.526 4.698 4.523 4.650 4.629 4.567 4.678 4.524 4.658 4.665 4.567 4.591 4.465 4.677 4.629 4.522 09/09/2011
5.088 5.279 5.151 4.991 4.657 5.292 5.304 5.154 4.995 4.826 5.344 5.328 5.063 5.038 4.864 5.070 4.909 5.037 4.998 5.015 4.997 4.901 5.055 5.054 4.963 4.838 4.843 4.998 5.016 4.918 10/09/2011
2.593 2.439 2.448 2.657 2.498 2.427 2.429 2.455 2.695 2.514 2.240 2.285 2.486 2.461 2.546 2.299 2.383 2.442 2.418 2.588 2.282 2.389 2.392 2.450 2.457 2.188 2.144 2.238 2.375 2.430 11/09/2011
1.573 1.574 1.520 1.392 1.458 1.579 1.595 1.527 1.666 1.655 1.748 1.624 1.685 1.659 1.677 1.786 1.701 1.640 1.619 1.594 1.678 1.696 1.652 1.660 1.492 1.584 1.607 1.546 1.542 1.449 12/09/2011
2.612 2.555 2.569 2.436 2.426 2.557 2.552 2.579 2.501 2.421 2.541 2.531 2.525 2.512 2.443 2.611 2.499 2.471 2.456 2.410 2.576 2.501 2.469 2.476 2.352 2.460 2.432 2.393 2.392 2.331 13/09/2011
2.429 2.418 2.485 2.346 2.725 2.416 2.429 2.480 2.765 2.744 2.317 2.382 2.748 2.707 2.775 2.329 2.293 2.695 2.649 2.674 2.332 2.280 2.632 2.712 2.647 2.290 2.247 2.582 2.641 2.581 14/09/2011
2.524 2.495 2.552 2.566 2.587 2.496 2.494 2.549 2.668 2.641 2.453 2.496 2.656 2.604 2.696 2.750 2.657 2.628 2.559 2.600 2.700 2.662 2.587 2.658 2.623 2.636 2.596 2.608 2.660 2.525 15/09/2011
2.632 2.639 2.744 2.754 2.714 2.633 2.625 2.747 2.796 2.744 2.554 2.631 2.741 2.725 2.762 2.537 2.633 2.690 2.676 2.738 2.540 2.633 2.642 2.697 2.669 2.527 2.577 2.615 2.655 2.662 16/09/2011
2.775 2.825 2.853 2.780 2.762 2.818 2.816 2.851 2.781 2.738 2.718 2.766 2.799 2.785 2.755 2.713 2.784 2.753 2.736 2.753 2.690 2.783 2.735 2.755 2.702 2.679 2.765 2.704 2.722 2.698 17/09/2011
3.182 3.073 3.166 3.212 3.128 3.073 3.081 3.173 3.035 2.932 2.876 3.002 3.011 3.003 2.954 2.897 2.872 2.930 2.926 2.934 2.907 2.870 2.876 2.939 2.847 2.890 2.830 2.845 2.885 2.846 18/09/2011
2.770 2.810 2.903 2.913 2.850 2.809 2.814 2.902 2.895 2.821 2.757 2.818 2.883 2.863 2.842 2.774 2.805 2.868 2.838 2.873 2.791 2.813 2.827 2.879 2.855 2.814 2.799 2.792 2.826 2.825 19/09/2011
4.182 4.169 4.256 4.171 3.896 4.153 4.141 4.247 4.033 3.832 4.053 4.083 3.996 3.976 3.867 3.915 3.739 3.876 3.845 3.865 3.890 3.740 3.840 3.893 3.825 3.794 3.682 3.819 3.843 3.781 20/09/2011
3.474 3.412 3.527 3.430 3.287 3.415 3.434 3.526 3.353 3.219 3.279 3.369 3.306 3.284 3.251 3.230 3.147 3.266 3.243 3.269 3.192 3.148 3.223 3.273 3.260 3.196 3.113 3.183 3.249 3.239 21/09/2011
2.983 3.012 2.999 2.851 2.769 3.022 3.026 3.000 2.949 2.805 3.026 3.028 3.024 2.996 2.829 3.044 2.919 3.006 2.975 2.949 3.049 2.922 2.994 3.022 2.889 3.021 2.878 2.994 2.997 2.863 22/09/2011
3.807 3.863 3.880 3.658 3.600 3.849 3.837 3.875 3.861 3.697 3.878 3.840 3.859 3.823 3.735 3.792 3.636 3.830 3.793 3.819 3.789 3.635 3.853 3.854 3.780 3.816 3.625 3.860 3.821 3.729 23/09/2011
3.604 3.625 3.602 3.499 3.400 3.607 3.606 3.597 3.659 3.486 3.572 3.585 3.629 3.603 3.527 3.554 3.350 3.540 3.521 3.627 3.518 3.353 3.497 3.561 3.438 3.391 3.269 3.454 3.454 3.403 24/09/2011
3.543 3.564 3.557 3.435 3.319 3.550 3.541 3.562 3.536 3.399 3.602 3.583 3.577 3.539 3.446 3.587 3.426 3.514 3.485 3.507 3.610 3.427 3.561 3.533 3.425 3.599 3.349 3.537 3.455 3.384 25/09/2011
2.207 2.243 2.208 2.138 2.016 2.223 2.191 2.198 2.253 2.097 2.303 2.281 2.280 2.262 2.137 2.314 2.315 2.339 2.321 2.311 2.382 2.321 2.355 2.356 2.373 2.441 2.367 2.441 2.444 2.341 26/09/2011
1.652 1.548 1.475 1.186 1.310 1.518 1.486 1.458 1.614 1.380 1.487 1.460 1.640 1.607 1.428 1.610 1.551 1.610 1.576 1.581 1.511 1.552 1.553 1.628 1.621 1.459 1.525 1.578 1.607 1.571 27/09/2011
1.641 1.605 1.612 1.560 1.629 1.612 1.596 1.615 1.666 1.640 1.606 1.592 1.650 1.642 1.656 1.552 1.563 1.665 1.655 1.634 1.524 1.565 1.638 1.670 1.629 1.518 1.551 1.627 1.625 1.614 28/09/2011
1.311 1.338 1.251 1.132 1.127 1.317 1.290 1.237 1.315 1.137 1.224 1.258 1.315 1.295 1.167 1.209 1.210 1.290 1.275 1.303 1.204 1.208 1.199 1.310 1.308 1.241 1.255 1.275 1.298 1.285 29/09/2011
1.159 1.077 1.059 0.969 1.040 1.071 1.057 1.057 1.046 0.998 1.010 0.974 1.110 1.089 1.003 1.082 1.155 1.162 1.154 1.165 1.107 1.157 1.129 1.177 1.181 1.127 1.161 1.168 1.191 1.160 30/09/2011
1.278 1.178 1.196 0.996 1.059 1.150 1.128 1.164 1.132 1.091 1.163 1.165 1.203 1.191 1.112 1.189 1.379 1.225 1.225 1.243 1.386 1.377 1.401 1.233 1.688 1.647 1.639 1.663 1.667 1.658 01/10/2011
1.262 1.255 1.278 1.264 1.286 1.252 1.237 1.277 1.329 1.290 1.264 1.264 1.320 1.312 1.299 1.301 1.330 1.309 1.298 1.291 1.332 1.328 1.306 1.317 1.306 1.306 1.331 1.305 1.310 1.291 02/10/2011
1.781 1.803 1.812 1.780 1.820 1.819 1.826 1.825 1.891 1.827 1.790 1.811 1.886 1.882 1.838 1.753 1.736 1.864 1.855 1.887 1.757 1.735 1.847 1.871 1.883 1.764 1.743 1.852 1.859 1.874 03/10/2011
2.060 1.994 2.031 1.968 2.013 1.997 1.999 2.033 1.989 1.967 1.942 1.924 1.963 1.951 1.976 1.908 1.755 1.846 1.840 1.900 1.790 1.759 1.849 1.846 1.784 1.685 1.670 1.749 1.751 1.767 04/10/2011
1.843 1.897 1.855 1.751 1.699 1.907 1.917 1.863 1.779 1.757 2.035 2.002 1.883 1.894 1.756 2.069 1.998 1.903 1.897 1.852 2.143 2.005 2.000 1.907 1.866 2.152 2.014 2.035 1.951 1.870 05/10/2011
1.039 0.991 0.994 0.972 0.986 0.973 0.959 0.980 0.994 0.969 0.908 0.918 0.964 0.954 0.981 0.943 0.936 0.894 0.882 0.911 0.921 0.933 0.890 0.899 0.861 0.927 0.922 0.882 0.865 0.850 06/10/2011
1.400 1.341 1.338 1.315 1.343 1.339 1.342 1.329 1.338 1.272 1.240 1.253 1.354 1.341 1.286 1.242 1.187 1.302 1.286 1.325 1.220 1.189 1.259 1.310 1.330 1.188 1.160 1.224 1.263 1.320 07/10/2011
1.254 1.241 1.242 1.259 1.230 1.236 1.224 1.240 1.264 1.235 1.263 1.255 1.262 1.256 1.245 1.288 1.302 1.262 1.256 1.287 1.297 1.303 1.282 1.267 1.305 1.308 1.303 1.291 1.302 1.298 08/10/2011
1.478 1.466 1.483 1.473 1.509 1.464 1.455 1.482 1.543 1.509 1.452 1.468 1.520 1.509 1.521 1.451 1.492 1.519 1.514 1.548 1.446 1.495 1.493 1.529 1.571 1.461 1.502 1.511 1.551 1.561 09/10/2011
1.407 1.403 1.403 1.396 1.431 1.411 1.401 1.406 1.421 1.425 1.382 1.379 1.422 1.419 1.426 1.380 1.377 1.421 1.417 1.422 1.370 1.380 1.401 1.427 1.441 1.380 1.383 1.406 1.432 1.440 10/10/2011
1.850 1.873 1.911 1.876 1.856 1.878 1.887 1.916 1.948 1.863 1.833 1.847 1.941 1.937 1.869 1.773 1.759 1.917 1.907 1.939 1.741 1.763 1.861 1.924 1.949 1.755 1.759 1.876 1.926 1.937 11/10/2011
1.348 1.343 1.344 1.334 1.340 1.335 1.331 1.339 1.410 1.365 1.347 1.367 1.396 1.388 1.372 1.334 1.366 1.433 1.419 1.447 1.349 1.369 1.398 1.445 1.503 1.393 1.409 1.468 1.493 1.499 12/10/2011
1.220 1.242 1.251 1.198 1.174 1.219 1.217 1.241 1.287 1.233 1.292 1.326 1.264 1.258 1.243 1.281 1.342 1.297 1.288 1.302 1.296 1.342 1.337 1.303 1.432 1.308 1.360 1.365 1.395 1.414 13/10/2011
1.474 1.527 1.561 1.525 1.497 1.510 1.505 1.556 1.592 1.516 1.527 1.556 1.577 1.562 1.537 1.510 1.513 1.589 1.575 1.601 1.490 1.513 1.554 1.595 1.641 1.497 1.524 1.566 1.610 1.632 14/10/2011
2.179 2.220 2.245 2.151 2.128 2.213 2.183 2.239 2.217 2.091 2.185 2.183 2.289 2.258 2.111 2.086 2.037 2.206 2.178 2.164 2.056 2.036 2.201 2.218 2.281 2.048 2.040 2.205 2.242 2.239 15/10/2011
2.518 2.530 2.555 2.452 2.459 2.537 2.549 2.562 2.460 2.347 2.475 2.489 2.564 2.566 2.345 2.405 2.458 2.471 2.495 2.403 2.322 2.469 2.543 2.477 2.490 2.204 2.395 2.457 2.507 2.486 16/10/2011
2.424 2.409 2.561 2.733 2.605 2.434 2.443 2.565 2.614 2.463 2.390 2.468 2.587 2.575 2.474 2.298 2.422 2.521 2.481 2.524 2.320 2.420 2.545 2.533 2.736 2.291 2.396 2.506 2.588 2.710 17/10/2011
1.776 1.768 1.835 1.766 1.785 1.752 1.747 1.846 1.871 1.760 1.754 1.892 2.031 2.025 1.788 1.780 1.931 2.051 2.019 1.875 1.858 1.928 2.050 2.058 2.016 1.802 1.925 1.995 2.106 1.967 18/10/2011
1.173 1.173 1.190 1.201 1.265 1.177 1.172 1.188 1.257 1.252 1.165 1.186 1.241 1.235 1.265 1.159 1.219 1.260 1.256 1.246 1.187 1.221 1.255 1.269 1.293 1.184 1.222 1.248 1.287 1.286 19/10/2011
0.700 0.702 0.710 0.700 0.692 0.691 0.684 0.703 0.736 0.703 0.684 0.701 0.738 0.733 0.712 0.721 0.753 0.723 0.717 0.718 0.740 0.755 0.711 0.729 0.705 0.760 0.762 0.723 0.721 0.697 20/10/2011
0.997 1.014 1.011 1.002 0.989 1.020 1.015 1.015 1.016 0.960 1.057 1.043 1.038 1.032 0.968 1.035 0.992 1.030 1.028 0.993 1.030 0.994 1.083 1.042 1.019 0.919 0.962 1.031 1.019 1.011 21/10/2011
1.226 1.181 1.183 1.135 1.145 1.174 1.168 1.188 1.171 1.091 1.112 1.143 1.181 1.172 1.099 1.116 1.158 1.200 1.184 1.155 1.155 1.156 1.206 1.210 1.186 1.216 1.215 1.276 1.241 1.168 22/10/2011
0.874 0.849 0.861 0.822 0.865 0.843 0.835 0.858 0.869 0.846 0.835 0.861 0.875 0.875 0.852 0.838 0.835 0.897 0.895 0.890 0.818 0.839 0.857 0.902 0.920 0.804 0.825 0.839 0.852 0.917 23/10/2011
0.569 0.584 0.542 0.464 0.517 0.578 0.579 0.546 0.518 0.473 0.579 0.590 0.542 0.537 0.485 0.566 0.515 0.547 0.540 0.520 0.578 0.520 0.524 0.556 0.542 0.629 0.538 0.574 0.497 0.529 24/10/2011
0.525 0.511 0.495 0.525 0.550 0.496 0.493 0.485 0.516 0.518 0.503 0.482 0.479 0.479 0.518 0.460 0.461 0.453 0.444 0.478 0.472 0.457 0.475 0.460 0.428 0.471 0.450 0.455 0.419 0.426 25/10/2011
0.575 0.586 0.606 0.639 0.613 0.592 0.592 0.613 0.644 0.633 0.621 0.634 0.632 0.632 0.645 0.584 0.614 0.637 0.634 0.664 0.610 0.616 0.631 0.639 0.700 0.642 0.637 0.659 0.674 0.702 26/10/2011
0.635 0.624 0.618 0.611 0.603 0.620 0.614 0.614 0.622 0.608 0.634 0.627 0.634 0.628 0.615 0.654 0.666 0.633 0.626 0.626 0.666 0.669 0.647 0.638 0.616 0.673 0.672 0.651 0.645 0.613 27/10/2011
0.778 0.773 0.782 0.717 0.765 0.775 0.784 0.789 0.767 0.760 0.800 0.785 0.773 0.773 0.761 0.756 0.752 0.794 0.780 0.759 0.751 0.754 0.791 0.792 0.781 0.745 0.768 0.795 0.780 0.780 28/10/2011
0.543 0.539 0.545 0.537 0.544 0.538 0.538 0.544 0.556 0.551 0.543 0.544 0.559 0.555 0.558 0.572 0.617 0.562 0.557 0.555 0.583 0.622 0.564 0.568 0.574 0.608 0.648 0.576 0.570 0.588 29/10/2011
0.591 0.604 0.601 0.563 0.599 0.606 0.602 0.602 0.649 0.622 0.613 0.613 0.647 0.636 0.626 0.605 0.666 0.645 0.638 0.642 0.615 0.667 0.636 0.656 0.687 0.620 0.659 0.643 0.669 0.662 30/10/2011
0.425 0.427 0.425 0.403 0.416 0.423 0.419 0.422 0.436 0.425 0.426 0.426 0.447 0.442 0.430 0.440 0.444 0.440 0.435 0.431 0.450 0.444 0.445 0.446 0.434 0.457 0.447 0.452 0.448 0.427 31/10/2011
0.621 0.610 0.598 0.629 0.666 0.606 0.606 0.598 0.660 0.654 0.587 0.591 0.628 0.627 0.650 0.592 0.610 0.640 0.641 0.638 0.543 0.613 0.610 0.642 0.630 0.533 0.564 0.557 0.590 0.624 01/11/2011
0.633 0.600 0.597 0.605 0.653 0.605 0.608 0.602 0.646 0.666 0.589 0.577 0.607 0.605 0.666 0.576 0.598 0.611 0.610 0.649 0.562 0.601 0.598 0.614 0.632 0.579 0.607 0.615 0.611 0.633 02/11/2011
0.966 0.973 0.941 0.902 0.919 0.983 0.986 0.945 0.958 0.935 1.015 0.991 0.969 0.970 0.942 0.955 0.910 0.997 0.998 0.983 0.965 0.916 0.988 0.999 0.990 0.950 0.919 0.988 0.994 0.999 03/11/2011
1.128 1.147 1.147 1.064 1.117 1.139 1.113 1.141 1.142 1.096 1.063 1.099 1.189 1.164 1.102 1.077 1.054 1.142 1.124 1.110 1.014 1.059 1.113 1.162 1.131 1.002 1.031 1.095 1.114 1.088 04/11/2011
1.032 1.031 1.038 1.091 1.153 1.018 0.995 1.032 1.130 1.068 0.910 0.935 1.109 1.095 1.073 0.888 0.899 1.043 1.039 1.045 0.859 0.902 0.995 1.050 1.044 0.878 0.908 1.018 1.015 1.021 05/11/2011
0.813 0.833 0.831 0.684 0.666 0.844 0.854 0.832 0.692 0.622 0.828 0.845 0.698 0.714 0.597 0.809 0.747 0.680 0.696 0.669 0.782 0.754 0.697 0.675 0.631 0.762 0.724 0.644 0.648 0.654 06/11/2011
0.771 0.779 0.733 0.637 0.686 0.779 0.774 0.733 0.752 0.702 0.789 0.768 0.779 0.771 0.708 0.735 0.723 0.782 0.774 0.764 0.714 0.724 0.764 0.790 0.777 0.677 0.697 0.744 0.743 0.763 07/11/2011
0.412 0.471 0.490 0.402 0.452 0.469 0.468 0.482 0.418 0.459 0.456 0.486 0.449 0.440 0.466 0.407 0.415 0.499 0.495 0.477 0.422 0.420 0.440 0.505 0.505 0.442 0.460 0.444 0.441 0.512 08/11/2011
0.880 0.900 0.893 0.865 0.905 0.896 0.907 0.895 0.982 0.951 0.913 0.912 0.983 0.985 0.959 0.844 0.855 0.969 0.964 1.002 0.784 0.860 0.906 0.968 0.939 0.814 0.810 0.886 0.886 0.941 09/11/2011
0.735 0.741 0.703 0.654 0.646 0.754 0.749 0.711 0.698 0.677 0.753 0.742 0.716 0.718 0.689 0.753 0.699 0.716 0.724 0.713 0.723 0.705 0.720 0.717 0.696 0.714 0.704 0.737 0.709 0.704 10/11/2011
0.396 0.408 0.396 0.375 0.398 0.415 0.422 0.401 0.398 0.405 0.426 0.412 0.407 0.413 0.408 0.438 0.393 0.399 0.402 0.396 0.429 0.399 0.412 0.399 0.390 0.426 0.397 0.410 0.401 0.401 11/11/2011
0.313 0.313 0.307 0.314 0.376 0.314 0.312 0.308 0.392 0.392 0.340 0.321 0.366 0.371 0.396 0.352 0.349 0.377 0.382 0.412 0.351 0.351 0.380 0.373 0.412 0.335 0.345 0.369 0.372 0.427 12/11/2011
0.249 0.227 0.259 0.288 0.319 0.232 0.220 0.253 0.300 0.313 0.249 0.241 0.263 0.254 0.319 0.211 0.219 0.257 0.249 0.289 0.229 0.221 0.248 0.259 0.304 0.223 0.225 0.274 0.286 0.307 13/11/2011
0.257 0.253 0.252 0.247 0.260 0.253 0.252 0.253 0.253 0.259 0.256 0.254 0.259 0.259 0.260 0.265 0.267 0.254 0.254 0.256 0.266 0.269 0.259 0.255 0.252 0.266 0.267 0.254 0.252 0.255 14/11/2011
0.297 0.289 0.289 0.282 0.292 0.289 0.287 0.290 0.285 0.289 0.286 0.287 0.294 0.294 0.290 0.297 0.302 0.289 0.289 0.286 0.299 0.305 0.292 0.291 0.283 0.306 0.305 0.291 0.289 0.286 15/11/2011
0.363 0.371 0.384 0.361 0.414 0.380 0.382 0.388 0.398 0.405 0.385 0.389 0.381 0.386 0.395 0.334 0.352 0.374 0.385 0.405 0.344 0.355 0.366 0.374 0.402 0.306 0.348 0.365 0.374 0.414 16/11/2011
0.230 0.234 0.232 0.229 0.235 0.235 0.233 0.234 0.236 0.240 0.240 0.240 0.238 0.238 0.242 0.249 0.254 0.240 0.241 0.241 0.256 0.257 0.245 0.243 0.238 0.261 0.259 0.247 0.242 0.241 17/11/2011
0.272 0.274 0.273 0.271 0.285 0.275 0.274 0.274 0.282 0.287 0.283 0.284 0.290 0.289 0.289 0.291 0.301 0.290 0.290 0.289 0.298 0.303 0.291 0.292 0.289 0.306 0.307 0.294 0.290 0.292 18/11/2011
0.544 0.561 0.538 0.527 0.534 0.579 0.573 0.541 0.540 0.523 0.566 0.559 0.524 0.526 0.524 0.505 0.482 0.508 0.514 0.539 0.449 0.483 0.484 0.509 0.527 0.425 0.461 0.445 0.481 0.523 19/11/2011
0.840 0.824 0.823 0.834 0.916 0.834 0.819 0.822 0.919 0.917 0.771 0.821 0.885 0.875 0.916 0.762 0.778 0.885 0.867 0.904 0.772 0.781 0.835 0.889 0.881 0.723 0.751 0.816 0.791 0.879 20/11/2011
0.572 0.601 0.567 0.602 0.628 0.602 0.601 0.569 0.718 0.674 0.619 0.614 0.663 0.654 0.688 0.539 0.508 0.690 0.682 0.716 0.530 0.512 0.662 0.697 0.704 0.523 0.503 0.671 0.678 0.698 21/11/2011
0.233 0.231 0.232 0.234 0.245 0.228 0.225 0.231 0.250 0.248 0.234 0.232 0.247 0.242 0.251 0.231 0.244 0.248 0.244 0.247 0.233 0.245 0.247 0.248 0.247 0.232 0.241 0.242 0.245 0.243 22/11/2011
0.235 0.233 0.235 0.236 0.255 0.235 0.234 0.236 0.242 0.251 0.233 0.234 0.246 0.247 0.251 0.233 0.241 0.246 0.246 0.252 0.237 0.244 0.242 0.247 0.257 0.241 0.248 0.243 0.246 0.261 23/11/2011
0.388 0.387 0.326 0.244 0.354 0.408 0.423 0.320 0.303 0.320 0.326 0.289 0.343 0.361 0.308 0.255 0.304 0.315 0.327 0.371 0.260 0.310 0.311 0.309 0.367 0.256 0.336 0.310 0.272 0.381 24/11/2011
1.165 1.125 1.132 1.102 1.107 1.132 1.126 1.137 1.059 1.038 0.963 0.993 1.047 1.029 1.050 0.910 0.982 1.067 1.047 1.066 0.851 0.975 0.955 1.075 1.113 0.748 0.980 0.977 1.051 1.082 25/11/2011
0.182 0.185 0.176 0.168 0.182 0.187 0.186 0.179 0.206 0.183 0.206 0.194 0.188 0.188 0.184 0.210 0.215 0.193 0.194 0.213 0.221 0.217 0.207 0.195 0.188 0.229 0.231 0.219 0.202 0.192 26/11/2011
0.989 1.042 1.031 0.860 0.866 1.055 1.050 1.030 0.889 0.865 1.143 1.091 0.955 0.954 0.861 1.189 1.167 0.948 0.941 0.920 1.200 1.160 0.977 0.944 0.938 1.290 1.226 1.027 0.949 0.959 27/11/2011
0.437 0.449 0.430 0.415 0.520 0.460 0.464 0.437 0.524 0.559 0.502 0.482 0.511 0.529 0.551 0.464 0.431 0.544 0.573 0.622 0.463 0.435 0.543 0.538 0.613 0.471 0.429 0.510 0.534 0.654 28/11/2011
0.651 0.728 0.729 0.738 0.740 0.726 0.711 0.729 0.763 0.816 0.807 0.771 0.754 0.736 0.843 0.748 0.753 0.770 0.746 0.735 0.715 0.757 0.740 0.783 0.804 0.780 0.773 0.806 0.798 0.766 29/11/2011
0.293 0.229 0.254 0.278 0.332 0.248 0.250 0.268 0.305 0.282 0.223 0.200 0.272 0.277 0.271 0.170 0.201 0.255 0.254 0.294 0.171 0.204 0.211 0.258 0.346 0.178 0.282 0.283 0.328 0.353 30/11/2011
0.790 0.790 0.734 0.758 0.659 0.805 0.794 0.744 0.707 0.669 0.827 0.784 0.712 0.712 0.691 0.792 0.765 0.730 0.734 0.682 0.796 0.770 0.757 0.735 0.736 0.814 0.793 0.804 0.774 0.731 01/12/2011
1.379 1.267 1.252 1.274 1.139 1.302 1.318 1.282 1.183 1.124 1.174 1.216 1.212 1.208 1.119 1.001 0.973 1.165 1.159 1.139 0.989 0.973 1.164 1.171 1.085 1.066 1.023 1.207 1.171 1.084 02/12/2011
1.614 1.558 1.588 1.585 1.377 1.554 1.537 1.579 1.445 1.334 1.480 1.534 1.493 1.473 1.345 1.355 1.311 1.406 1.393 1.349 1.368 1.310 1.438 1.422 1.354 1.383 1.334 1.479 1.456 1.331 03/12/2011
3.253 3.236 3.214 3.150 3.115 3.194 3.154 3.193 3.054 2.982 3.196 3.205 3.122 3.085 3.013 2.896 2.832 3.046 2.997 2.979 2.866 2.822 3.132 3.062 3.052 2.935 2.806 3.133 3.068 2.990 04/12/2011
0.694 0.687 0.678 0.910 0.894 0.683 0.688 0.677 0.767 0.864 0.676 0.681 0.755 0.765 0.846 0.567 0.588 0.797 0.815 0.782 0.596 0.588 0.757 0.797 0.821 0.608 0.624 0.775 0.827 0.856 05/12/2011
1.146 1.158 1.233 1.342 1.338 1.156 1.152 1.227 1.395 1.317 1.094 1.184 1.413 1.396 1.312 1.037 1.140 1.437 1.411 1.356 1.065 1.139 1.405 1.439 1.413 1.100 1.182 1.458 1.488 1.414 06/12/2011
0.424 0.368 0.344 0.328 0.310 0.376 0.385 0.348 0.270 0.297 0.430 0.366 0.305 0.307 0.307 0.396 0.339 0.326 0.322 0.290 0.430 0.340 0.419 0.329 0.316 0.363 0.334 0.415 0.371 0.307 07/12/2011
0.234 0.218 0.181 0.193 0.242 0.225 0.230 0.191 0.252 0.245 0.255 0.228 0.280 0.285 0.254 0.190 0.234 0.289 0.290 0.288 0.174 0.235 0.297 0.292 0.273 0.168 0.221 0.293 0.305 0.278 08/12/2011
0.326 0.297 0.336 0.255 0.256 0.298 0.297 0.337 0.258 0.263 0.355 0.328 0.279 0.287 0.263 0.319 0.328 0.314 0.316 0.256 0.319 0.331 0.344 0.313 0.265 0.296 0.317 0.328 0.288 0.278 09/12/2011
0.312 0.322 0.364 0.326 0.335 0.319 0.316 0.354 0.350 0.365 0.330 0.342 0.385 0.378 0.360 0.341 0.379 0.376 0.370 0.356 0.367 0.375 0.353 0.385 0.366 0.388 0.414 0.378 0.399 0.386 10/12/2011
0.345 0.325 0.322 0.321 0.301 0.324 0.329 0.317 0.287 0.302 0.288 0.348 0.301 0.304 0.299 0.294 0.319 0.303 0.308 0.295 0.301 0.320 0.308 0.303 0.315 0.314 0.327 0.309 0.312 0.322 11/12/2011
0.412 0.409 0.397 0.403 0.370 0.414 0.416 0.401 0.414 0.382 0.502 0.453 0.416 0.416 0.387 0.450 0.413 0.430 0.428 0.441 0.489 0.416 0.461 0.436 0.491 0.475 0.451 0.491 0.480 0.493 12/12/2011
0.225 0.220 0.215 0.253 0.250 0.222 0.222 0.217 0.218 0.253 0.236 0.225 0.198 0.200 0.243 0.247 0.233 0.204 0.204 0.211 0.247 0.235 0.216 0.205 0.203 0.246 0.234 0.216 0.210 0.207 13/12/2011
0.443 0.486 0.477 0.513 0.519 0.494 0.497 0.477 0.542 0.544 0.515 0.520 0.555 0.547 0.548 0.430 0.530 0.582 0.557 0.571 0.483 0.538 0.595 0.591 0.597 0.461 0.515 0.586 0.601 0.588 14/12/2011
0.533 0.526 0.607 0.576 0.630 0.559 0.583 0.626 0.702 0.635 0.593 0.579 0.650 0.670 0.639 0.605 0.533 0.611 0.622 0.615 0.603 0.541 0.623 0.598 0.542 0.519 0.478 0.501 0.535 0.575 15/12/2011
1.100 1.029 1.029 0.944 0.950 1.046 1.055 1.046 0.997 0.907 1.079 1.030 1.016 1.039 0.907 0.973 0.972 0.981 0.997 0.946 0.999 0.982 1.028 0.968 0.936 0.958 0.975 1.024 0.994 0.943 16/12/2011
1.166 1.154 1.175 1.152 1.033 1.169 1.188 1.187 1.051 0.987 1.143 1.142 1.054 1.066 0.995 1.044 0.933 0.964 0.982 0.930 0.984 0.938 1.020 0.958 0.838 0.920 0.875 0.955 0.908 0.838 17/12/2011
0.924 0.912 0.978 1.011 0.910 0.902 0.900 0.975 0.990 0.910 0.813 0.892 0.924 0.910 0.901 0.722 0.751 0.869 0.871 0.956 0.711 0.757 0.821 0.870 0.958 0.649 0.750 0.801 0.885 0.953 18/12/2011
0.765 0.775 0.740 0.727 0.674 0.775 0.782 0.745 0.718 0.673 0.869 0.873 0.736 0.729 0.675 0.744 0.742 0.802 0.798 0.787 0.789 0.742 0.811 0.803 0.843 0.818 0.782 0.870 0.838 0.845 19/12/2011
0.212 0.193 0.208 0.258 0.352 0.200 0.206 0.213 0.324 0.362 0.130 0.171 0.287 0.282 0.353 0.142 0.176 0.290 0.287 0.306 0.144 0.182 0.232 0.299 0.305 0.147 0.166 0.219 0.279 0.303 20/12/2011
0.370 0.420 0.424 0.351 0.330 0.437 0.446 0.425 0.404 0.349 0.468 0.446 0.395 0.405 0.344 0.381 0.473 0.395 0.383 0.405 0.407 0.475 0.458 0.390 0.446 0.423 0.480 0.482 0.446 0.436 21/12/2011
0.752 0.815 0.726 0.722 0.750 0.824 0.820 0.733 0.782 0.769 0.923 0.888 0.831 0.838 0.754 0.858 0.784 0.875 0.876 0.817 0.864 0.781 0.927 0.873 0.869 0.900 0.778 0.925 0.879 0.872 22/12/2011
1.335 1.448 1.419 1.405 1.258 1.446 1.445 1.429 1.398 1.328 1.580 1.576 1.465 1.455 1.333 1.363 1.382 1.536 1.513 1.521 1.456 1.376 1.577 1.536 1.598 1.481 1.382 1.577 1.603 1.555 23/12/2011
0.475 0.461 0.415 0.383 0.294 0.458 0.467 0.417 0.365 0.365 0.444 0.421 0.353 0.353 0.349 0.408 0.364 0.376 0.380 0.456 0.354 0.370 0.320 0.380 0.470 0.285 0.329 0.275 0.387 0.463 24/12/2011
0.464 0.426 0.438 0.397 0.374 0.414 0.403 0.429 0.405 0.386 0.422 0.426 0.408 0.416 0.385 0.399 0.414 0.420 0.418 0.439 0.408 0.416 0.410 0.422 0.417 0.397 0.384 0.376 0.385 0.422 25/12/2011
0.679 0.674 0.703 0.682 0.655 0.681 0.676 0.705 0.660 0.635 0.624 0.665 0.664 0.668 0.634 0.589 0.554 0.627 0.630 0.611 0.559 0.556 0.623 0.628 0.599 0.580 0.554 0.634 0.619 0.607 26/12/2011
0.825 0.827 0.894 0.919 0.835 0.828 0.829 0.896 0.845 0.824 0.722 0.776 0.834 0.830 0.832 0.680 0.634 0.779 0.765 0.795 0.627 0.638 0.713 0.782 0.755 0.654 0.637 0.731 0.736 0.754 27/12/2011
1.096 1.030 1.156 1.298 1.303 1.073 1.083 1.167 1.179 1.177 0.876 0.925 1.110 1.108 1.176 0.862 0.757 0.979 0.978 1.034 0.754 0.757 0.917 0.979 0.933 0.751 0.739 0.904 0.919 0.937 28/12/2011
0.663 0.633 0.725 0.814 0.780 0.650 0.658 0.733 0.714 0.691 0.544 0.572 0.647 0.652 0.691 0.451 0.401 0.547 0.553 0.607 0.401 0.404 0.528 0.550 0.521 0.404 0.403 0.519 0.507 0.529 29/12/2011
0.241 0.239 0.235 0.276 0.262 0.240 0.239 0.237 0.235 0.242 0.240 0.238 0.231 0.231 0.244 0.250 0.237 0.230 0.230 0.227 0.244 0.240 0.235 0.232 0.228 0.241 0.240 0.234 0.231 0.230 30/12/2011
0.200 0.203 0.222 0.237 0.229 0.214 0.220 0.230 0.212 0.202 0.207 0.203 0.192 0.201 0.203 0.200 0.197 0.180 0.179 0.175 0.205 0.200 0.195 0.184 0.175 0.213 0.201 0.193 0.187 0.177 31/12/2011
0.322 0.337 0.337 0.372 0.379 0.342 0.343 0.343 0.423 0.406 0.288 0.315 0.434 0.447 0.413 0.260 0.298 0.385 0.396 0.375 0.255 0.301 0.416 0.379 0.304 0.253 0.256 0.348 0.316 0.324 01/01/2012
0.570 0.593 0.581 0.619 0.533 0.615 0.638 0.590 0.557 0.533 0.595 0.573 0.546 0.556 0.537 0.405 0.392 0.485 0.490 0.544 0.405 0.395 0.503 0.484 0.487 0.388 0.388 0.495 0.480 0.496 02/01/2012
0.311 0.303 0.304 0.290 0.287 0.314 0.317 0.312 0.265 0.275 0.278 0.275 0.274 0.274 0.277 0.260 0.250 0.272 0.270 0.252 0.263 0.256 0.269 0.274 0.229 0.247 0.248 0.262 0.260 0.239 03/01/2012
0.457 0.449 0.447 0.400 0.403 0.458 0.464 0.457 0.337 0.346 0.462 0.420 0.378 0.383 0.348 0.451 0.429 0.366 0.377 0.331 0.445 0.431 0.409 0.365 0.325 0.423 0.432 0.401 0.382 0.335 04/01/2012
0.582 0.581 0.570 0.590 0.510 0.585 0.599 0.567 0.556 0.505 0.602 0.575 0.553 0.553 0.513 0.539 0.516 0.573 0.574 0.562 0.538 0.518 0.580 0.576 0.586 0.567 0.545 0.608 0.615 0.594 05/01/2012
0.271 0.253 0.181 0.175 0.283 0.249 0.250 0.178 0.179 0.245 0.269 0.187 0.201 0.203 0.236 0.232 0.180 0.164 0.169 0.175 0.214 0.183 0.251 0.163 0.221 0.242 0.195 0.283 0.246 0.225 06/01/2012
0.388 0.399 0.449 0.498 0.537 0.407 0.412 0.460 0.513 0.538 0.372 0.381 0.494 0.500 0.533 0.340 0.347 0.511 0.526 0.536 0.319 0.348 0.405 0.509 0.556 0.276 0.323 0.382 0.452 0.567 07/01/2012
0.213 0.237 0.244 0.222 0.228 0.249 0.257 0.255 0.237 0.249 0.242 0.252 0.231 0.235 0.253 0.228 0.202 0.237 0.239 0.250 0.229 0.208 0.228 0.237 0.250 0.211 0.201 0.227 0.229 0.257 08/01/2012
0.192 0.189 0.194 0.183 0.204 0.196 0.200 0.201 0.188 0.214 0.201 0.198 0.181 0.186 0.215 0.184 0.169 0.179 0.182 0.195 0.178 0.173 0.178 0.180 0.191 0.169 0.172 0.175 0.182 0.197 09/01/2012
0.439 0.428 0.416 0.350 0.397 0.423 0.414 0.410 0.415 0.422 0.434 0.430 0.425 0.423 0.431 0.399 0.396 0.433 0.429 0.431 0.425 0.401 0.458 0.436 0.452 0.432 0.404 0.469 0.443 0.454 10/01/2012
0.349 0.338 0.332 0.383 0.408 0.341 0.334 0.332 0.403 0.431 0.350 0.341 0.385 0.381 0.433 0.312 0.335 0.393 0.389 0.416 0.327 0.337 0.388 0.391 0.408 0.331 0.336 0.382 0.397 0.411 11/01/2012
0.242 0.238 0.245 0.258 0.261 0.240 0.236 0.248 0.263 0.273 0.235 0.247 0.240 0.239 0.275 0.210 0.217 0.247 0.249 0.265 0.214 0.220 0.239 0.249 0.252 0.207 0.217 0.233 0.242 0.258 12/01/2012
0.468 0.522 0.572 0.543 0.578 0.528 0.529 0.585 0.606 0.627 0.526 0.563 0.575 0.575 0.624 0.446 0.487 0.590 0.593 0.626 0.466 0.494 0.567 0.587 0.587 0.467 0.505 0.570 0.577 0.599 13/01/2012
0.726 0.760 0.795 0.927 0.921 0.772 0.780 0.800 0.930 0.960 0.749 0.773 0.927 0.915 0.958 0.714 0.706 0.897 0.886 0.920 0.727 0.708 0.876 0.905 0.929 0.761 0.745 0.923 0.931 0.919 14/01/2012
0.761 0.778 0.842 0.891 0.912 0.785 0.784 0.850 0.916 0.923 0.747 0.788 0.895 0.892 0.927 0.686 0.717 0.881 0.872 0.933 0.671 0.720 0.847 0.882 0.920 0.676 0.727 0.844 0.889 0.922 15/01/2012
0.648 0.668 0.722 0.759 0.747 0.678 0.685 0.730 0.812 0.791 0.679 0.715 0.759 0.764 0.793 0.577 0.587 0.777 0.773 0.828 0.586 0.591 0.736 0.776 0.816 0.602 0.606 0.761 0.777 0.825 16/01/2012
0.557 0.529 0.574 0.579 0.576 0.538 0.541 0.583 0.622 0.619 0.556 0.553 0.584 0.589 0.621 0.514 0.518 0.576 0.591 0.618 0.526 0.523 0.554 0.581 0.567 0.475 0.508 0.529 0.544 0.576 17/01/2012
0.831 0.765 0.759 0.869 0.838 0.764 0.770 0.758 0.790 0.817 0.781 0.778 0.784 0.782 0.817 0.742 0.687 0.760 0.763 0.812 0.745 0.691 0.766 0.755 0.765 0.703 0.642 0.715 0.743 0.769 18/01/2012
0.777 0.807 0.867 0.915 0.926 0.806 0.807 0.865 0.921 0.968 0.855 0.887 0.871 0.873 0.963 0.780 0.772 0.864 0.873 0.934 0.796 0.773 0.848 0.861 0.881 0.770 0.734 0.802 0.852 0.895 19/01/2012
0.387 0.445 0.465 0.522 0.531 0.441 0.437 0.466 0.547 0.589 0.472 0.490 0.533 0.535 0.588 0.444 0.489 0.557 0.555 0.590 0.493 0.491 0.549 0.555 0.593 0.516 0.507 0.575 0.591 0.600 20/01/2012
0.491 0.489 0.531 0.615 0.545 0.495 0.492 0.534 0.575 0.576 0.512 0.528 0.558 0.551 0.577 0.486 0.524 0.588 0.581 0.589 0.521 0.526 0.577 0.590 0.598 0.556 0.540 0.596 0.608 0.593 21/01/2012
0.743 0.807 0.847 0.847 1.000 0.809 0.812 0.845 0.986 1.046 0.839 0.854 0.976 0.977 1.055 0.808 0.888 0.971 0.972 0.994 0.827 0.889 0.966 0.966 0.975 0.875 0.918 1.000 0.984 0.983 22/01/2012
1.156 1.196 1.242 1.254 1.339 1.201 1.207 1.252 1.355 1.368 1.223 1.236 1.356 1.354 1.373 1.173 1.191 1.346 1.350 1.363 1.210 1.200 1.333 1.351 1.362 1.259 1.225 1.382 1.397 1.360 23/01/2012
1.179 1.195 1.218 1.303 1.251 1.206 1.209 1.221 1.232 1.254 1.171 1.201 1.220 1.236 1.243 1.127 1.126 1.233 1.245 1.259 1.143 1.128 1.180 1.222 1.269 1.220 1.168 1.212 1.262 1.274 24/01/2012
0.996 0.987 1.037 1.054 1.047 0.994 1.000 1.048 1.048 1.053 0.941 0.964 1.020 1.029 1.056 0.900 0.904 0.989 0.995 1.023 0.894 0.907 0.977 0.987 0.996 0.917 0.914 0.983 0.988 1.014 25/01/2012
0.811 0.811 0.852 0.885 0.869 0.812 0.813 0.852 0.860 0.860 0.771 0.796 0.850 0.853 0.874 0.699 0.673 0.819 0.813 0.839 0.695 0.673 0.798 0.821 0.831 0.708 0.674 0.801 0.812 0.828 26/01/2012
0.743 0.763 0.781 0.771 0.785 0.772 0.768 0.783 0.843 0.827 0.762 0.782 0.835 0.833 0.829 0.738 0.692 0.820 0.825 0.837 0.714 0.699 0.791 0.821 0.819 0.717 0.700 0.796 0.808 0.832 27/01/2012
0.544 0.572 0.585 0.523 0.566 0.602 0.621 0.608 0.555 0.589 0.622 0.620 0.574 0.585 0.591 0.575 0.528 0.580 0.593 0.584 0.569 0.534 0.596 0.574 0.582 0.549 0.539 0.592 0.593 0.602 28/01/2012
0.555 0.557 0.575 0.596 0.640 0.565 0.567 0.589 0.619 0.643 0.563 0.570 0.613 0.612 0.644 0.502 0.507 0.608 0.608 0.619 0.505 0.509 0.596 0.613 0.624 0.510 0.518 0.608 0.607 0.631 29/01/2012
0.518 0.518 0.527 0.521 0.575 0.527 0.535 0.536 0.558 0.577 0.513 0.519 0.552 0.556 0.580 0.480 0.469 0.548 0.548 0.570 0.475 0.473 0.531 0.552 0.550 0.477 0.481 0.549 0.551 0.553 30/01/2012
0.423 0.416 0.425 0.368 0.373 0.414 0.412 0.428 0.398 0.378 0.433 0.428 0.405 0.406 0.378 0.368 0.419 0.444 0.440 0.441 0.428 0.423 0.444 0.444 0.448 0.474 0.451 0.474 0.457 0.457 31/01/2012
0.678 0.660 0.669 0.656 0.571 0.647 0.641 0.665 0.629 0.535 0.604 0.627 0.644 0.636 0.524 0.644 0.658 0.602 0.597 0.600 0.622 0.662 0.582 0.609 0.607 0.606 0.650 0.604 0.605 0.599 01/02/2012
0.521 0.546 0.533 0.479 0.529 0.553 0.552 0.543 0.538 0.531 0.540 0.556 0.576 0.577 0.533 0.583 0.560 0.571 0.570 0.558 0.610 0.562 0.574 0.573 0.581 0.627 0.561 0.578 0.590 0.582 02/02/2012
0.316 0.317 0.320 0.315 0.325 0.315 0.314 0.319 0.324 0.327 0.316 0.317 0.325 0.325 0.327 0.332 0.342 0.323 0.323 0.326 0.339 0.343 0.323 0.326 0.332 0.364 0.390 0.359 0.347 0.361 03/02/2012
0.318 0.319 0.319 0.309 0.379 0.326 0.321 0.319 0.350 0.349 0.333 0.326 0.341 0.362 0.346 0.330 0.344 0.332 0.338 0.332 0.338 0.344 0.346 0.334 0.331 0.343 0.348 0.337 0.335 0.333 04/02/2012
0.351 0.384 0.361 0.389 0.499 0.387 0.386 0.360 0.422 0.463 0.542 0.436 0.411 0.432 0.456 0.469 0.424 0.456 0.463 0.433 0.580 0.426 0.530 0.450 0.445 0.664 0.523 0.627 0.479 0.460 05/02/2012
0.562 0.592 0.561 0.624 0.660 0.603 0.614 0.569 0.627 0.642 0.603 0.609 0.639 0.644 0.644 0.555 0.555 0.642 0.643 0.613 0.554 0.559 0.652 0.643 0.594 0.550 0.566 0.640 0.626 0.604 06/02/2012
0.454 0.455 0.457 0.474 0.509 0.454 0.452 0.460 0.476 0.499 0.462 0.465 0.476 0.476 0.497 0.477 0.487 0.479 0.479 0.481 0.481 0.489 0.481 0.482 0.483 0.487 0.493 0.485 0.480 0.483 07/02/2012
0.842 0.862 0.857 0.839 0.866 0.865 0.861 0.871 0.843 0.818 0.859 0.846 0.877 0.882 0.828 0.765 0.819 0.869 0.879 0.859 0.784 0.815 0.892 0.871 0.828 0.768 0.794 0.869 0.865 0.839 08/02/2012
1.050 1.072 1.124 1.198 1.203 1.078 1.088 1.131 1.263 1.219 1.062 1.072 1.183 1.197 1.220 1.004 0.929 1.183 1.200 1.248 1.002 0.930 1.146 1.179 1.213 1.006 0.948 1.153 1.194 1.234 09/02/2012
1.104 1.130 1.115 1.203 1.126 1.139 1.155 1.124 1.172 1.147 1.156 1.154 1.174 1.172 1.143 1.008 0.973 1.171 1.174 1.165 1.019 0.980 1.177 1.177 1.168 1.027 0.990 1.186 1.194 1.168 10/02/2012
0.703 0.742 0.763 0.788 0.903 0.760 0.770 0.775 0.911 0.922 0.746 0.789 0.900 0.902 0.916 0.716 0.791 0.904 0.902 0.886 0.674 0.793 0.872 0.906 0.875 0.626 0.742 0.843 0.863 0.874 11/02/2012
0.697 0.711 0.697 0.708 0.690 0.716 0.711 0.702 0.717 0.719 0.722 0.711 0.694 0.698 0.721 0.693 0.670 0.702 0.706 0.711 0.674 0.669 0.681 0.704 0.712 0.656 0.655 0.675 0.691 0.714 12/02/2012
0.730 0.726 0.732 0.651 0.720 0.733 0.730 0.743 0.766 0.726 0.716 0.743 0.764 0.761 0.727 0.664 0.671 0.733 0.733 0.748 0.652 0.673 0.710 0.735 0.711 0.647 0.676 0.713 0.694 0.716 13/02/2012
0.576 0.684 0.650 0.690 0.631 0.709 0.734 0.667 0.707 0.695 0.802 0.873 0.771 0.770 0.698 0.739 0.602 0.672 0.669 0.707 0.771 0.611 0.747 0.672 0.704 0.784 0.623 0.755 0.703 0.706 14/02/2012
0.767 0.839 0.780 0.795 0.788 0.838 0.828 0.777 0.819 0.836 0.913 0.888 0.822 0.815 0.823 0.873 0.863 0.838 0.830 0.844 0.923 0.862 0.871 0.841 0.931 0.910 0.902 0.894 0.890 0.931 15/02/2012
0.810 0.738 0.788 0.767 0.805 0.728 0.726 0.785 0.792 0.786 0.724 0.744 0.776 0.778 0.790 0.735 0.702 0.785 0.798 0.805 0.817 0.703 0.814 0.796 0.868 0.901 0.781 0.898 0.893 0.868 16/02/2012
0.727 0.720 0.704 0.701 0.741 0.721 0.717 0.707 0.784 0.788 0.763 0.744 0.795 0.790 0.791 0.770 0.755 0.805 0.804 0.808 0.805 0.753 0.833 0.805 0.810 0.819 0.781 0.864 0.830 0.818 17/02/2012
0.574 0.555 0.578 0.599 0.613 0.558 0.556 0.582 0.613 0.607 0.543 0.548 0.570 0.569 0.615 0.553 0.565 0.557 0.553 0.573 0.556 0.566 0.550 0.559 0.554 0.567 0.566 0.550 0.549 0.552 18/02/2012
0.709 0.652 0.666 0.661 0.657 0.661 0.664 0.659 0.708 0.704 0.565 0.609 0.633 0.634 0.706 0.533 0.571 0.622 0.630 0.698 0.602 0.573 0.613 0.621 0.686 0.707 0.620 0.649 0.617 0.690 19/02/2012
0.557 0.547 0.553 0.532 0.538 0.540 0.543 0.551 0.549 0.537 0.554 0.545 0.555 0.550 0.542 0.583 0.595 0.550 0.547 0.551 0.578 0.597 0.551 0.554 0.554 0.573 0.591 0.550 0.556 0.548 20/02/2012
1.060 1.047 0.977 0.909 0.683 1.077 1.093 1.002 0.685 0.605 0.924 0.876 0.712 0.730 0.604 0.853 0.678 0.629 0.639 0.610 0.760 0.682 0.669 0.616 0.518 0.579 0.525 0.534 0.485 0.543 21/02/2012
0.779 0.628 0.598 0.581 0.595 0.626 0.630 0.593 0.598 0.590 0.596 0.575 0.581 0.584 0.595 0.594 0.596 0.608 0.610 0.651 0.601 0.598 0.622 0.602 0.636 0.618 0.627 0.638 0.614 0.653 22/02/2012
0.523 0.524 0.521 0.508 0.529 0.523 0.520 0.522 0.532 0.538 0.540 0.528 0.539 0.536 0.541 0.569 0.604 0.549 0.547 0.542 0.586 0.604 0.555 0.551 0.554 0.603 0.627 0.577 0.573 0.552 23/02/2012
0.589 0.622 0.607 0.590 0.618 0.613 0.611 0.602 0.666 0.644 0.640 0.650 0.641 0.638 0.645 0.604 0.660 0.651 0.658 0.692 0.626 0.659 0.652 0.653 0.715 0.603 0.676 0.659 0.685 0.709 24/02/2012
0.681 0.661 0.664 0.655 0.672 0.656 0.651 0.662 0.689 0.682 0.659 0.647 0.685 0.680 0.677 0.694 0.740 0.668 0.673 0.686 0.711 0.745 0.693 0.670 0.702 0.728 0.755 0.705 0.691 0.706 25/02/2012
0.883 0.942 0.945 0.837 0.849 0.945 0.931 0.946 0.906 0.873 0.987 0.949 0.930 0.927 0.869 0.938 1.040 0.979 0.975 0.956 1.054 1.037 1.071 0.981 1.088 1.059 1.007 1.035 0.999 1.092 26/02/2012
0.816 0.872 0.808 0.800 0.816 0.864 0.857 0.807 0.887 0.881 0.999 0.967 0.904 0.898 0.884 0.969 1.009 0.989 0.984 0.948 1.041 1.008 1.024 0.996 1.002 1.047 1.030 1.066 1.028 0.996 27/02/2012
0.679 0.675 0.666 0.659 0.731 0.670 0.665 0.665 0.800 0.791 0.753 0.715 0.767 0.773 0.781 0.753 0.832 0.823 0.832 0.890 0.812 0.831 0.833 0.825 0.939 0.831 0.884 0.887 0.909 0.935 28/02/2012
0.959 0.910 0.981 1.009 0.958 0.920 0.924 0.982 0.987 0.969 0.977 0.966 0.988 0.986 0.969 0.940 0.967 0.968 0.970 0.996 1.018 0.969 0.989 0.969 1.003 1.024 0.967 0.990 0.971 1.003 29/02/2012
1.424 1.405 1.447 1.345 1.338 1.411 1.412 1.447 1.420 1.333 1.437 1.455 1.515 1.497 1.349 1.435 1.453 1.484 1.448 1.417 1.573 1.457 1.521 1.494 1.480 1.609 1.503 1.601 1.455 1.453 01/03/2012
1.001 0.968 0.893 0.890 0.934 0.964 0.949 0.895 0.953 0.947 0.975 0.985 1.008 0.998 0.949 1.005 1.084 1.040 1.013 0.964 1.029 1.082 1.072 1.045 1.023 1.047 1.102 1.099 1.082 1.002 02/03/2012
0.724 0.748 0.703 0.756 0.711 0.731 0.725 0.702 0.729 0.743 0.752 0.784 0.740 0.737 0.742 0.754 0.778 0.773 0.760 0.765 0.762 0.776 0.773 0.783 0.772 0.807 0.834 0.813 0.778 0.775 03/03/2012
1.033 1.013 1.039 1.000 1.049 0.989 0.980 1.023 0.972 1.023 1.036 1.016 1.019 1.002 1.016 1.043 1.100 0.998 0.995 1.002 1.107 1.101 1.096 1.007 1.072 1.186 1.165 1.196 1.087 1.063 04/03/2012
1.543 1.540 1.476 1.393 1.398 1.540 1.530 1.472 1.410 1.380 1.552 1.566 1.515 1.500 1.385 1.547 1.583 1.533 1.519 1.438 1.576 1.577 1.569 1.543 1.567 1.614 1.601 1.590 1.580 1.535 05/03/2012
1.104 1.149 1.123 1.123 1.138 1.132 1.114 1.111 1.148 1.160 1.153 1.154 1.157 1.158 1.169 1.186 1.153 1.141 1.146 1.148 1.198 1.152 1.158 1.146 1.177 1.230 1.191 1.185 1.194 1.178 06/03/2012
1.513 1.547 1.539 1.518 1.533 1.547 1.538 1.540 1.557 1.557 1.563 1.568 1.551 1.552 1.559 1.566 1.511 1.542 1.547 1.567 1.567 1.515 1.553 1.544 1.549 1.566 1.507 1.540 1.540 1.552 07/03/2012
1.173 1.205 1.194 1.123 1.094 1.197 1.185 1.189 1.214 1.140 1.244 1.223 1.229 1.222 1.160 1.221 1.220 1.227 1.213 1.238 1.242 1.219 1.238 1.235 1.243 1.282 1.256 1.273 1.267 1.233 08/03/2012
0.771 0.865 0.886 0.732 0.865 0.869 0.888 0.882 0.892 0.907 0.839 0.896 0.841 0.858 0.894 0.855 0.805 0.866 0.873 0.913 0.839 0.823 0.797 0.864 0.892 0.877 0.838 0.829 0.891 0.901 09/03/2012
1.042 1.192 1.128 1.116 1.165 1.191 1.198 1.129 1.193 1.200 1.201 1.181 1.188 1.182 1.220 1.271 1.390 1.266 1.249 1.195 1.336 1.391 1.227 1.275 1.309 1.463 1.524 1.365 1.344 1.279 10/03/2012
2.425 2.467 2.391 2.349 2.275 2.455 2.437 2.387 2.409 2.313 2.522 2.458 2.469 2.461 2.331 2.440 2.306 2.426 2.412 2.392 2.418 2.308 2.434 2.428 2.309 2.366 2.283 2.390 2.360 2.291 11/03/2012
3.181 3.217 3.004 2.994 2.845 3.204 3.183 2.991 3.022 2.893 3.175 3.231 3.088 3.072 2.927 3.036 3.324 3.309 3.285 3.076 3.176 3.322 3.355 3.323 3.260 3.210 3.306 3.401 3.315 3.206 12/03/2012
2.195 2.099 2.082 2.006 1.952 2.076 2.067 2.065 2.017 1.968 2.093 2.058 2.066 2.041 1.978 2.045 2.081 2.082 2.061 2.102 2.122 2.075 2.117 2.107 2.273 2.086 2.182 2.235 2.266 2.224 13/03/2012
1.841 1.742 1.811 1.735 1.698 1.717 1.678 1.796 1.744 1.682 1.670 1.669 1.717 1.693 1.703 1.604 1.576 1.651 1.607 1.603 1.580 1.571 1.616 1.669 1.670 1.588 1.595 1.674 1.653 1.615 14/03/2012
1.233 1.231 1.192 1.199 1.130 1.226 1.227 1.193 1.156 1.111 1.316 1.269 1.229 1.224 1.115 1.336 1.353 1.240 1.222 1.158 1.376 1.352 1.300 1.253 1.249 1.442 1.391 1.374 1.321 1.242 15/03/2012
2.554 2.506 2.452 2.345 2.366 2.492 2.479 2.446 2.378 2.320 2.432 2.412 2.414 2.416 2.330 2.462 2.440 2.400 2.402 2.356 2.438 2.440 2.441 2.405 2.417 2.465 2.463 2.466 2.434 2.419 16/03/2012
1.848 2.078 2.179 2.146 1.997 2.023 1.970 2.153 1.932 1.920 2.241 2.258 2.061 2.027 1.956 1.846 1.765 1.759 1.750 2.069 1.850 1.763 2.082 1.765 2.010 1.946 1.623 2.047 1.966 1.683 17/03/2012
1.309 1.399 1.386 1.377 1.396 1.376 1.344 1.373 1.433 1.380 1.444 1.456 1.461 1.445 1.401 1.313 1.324 1.382 1.360 1.446 1.380 1.321 1.471 1.390 1.485 1.606 1.392 1.521 1.490 1.356 18/03/2012
1.741 1.747 1.748 1.765 1.783 1.740 1.737 1.745 1.819 1.788 1.745 1.731 1.806 1.796 1.799 1.762 1.785 1.812 1.797 1.801 1.786 1.787 1.816 1.819 1.807 1.796 1.796 1.834 1.798 1.792 19/03/2012
2.862 2.924 2.974 2.957 2.911 2.946 2.952 2.985 2.989 2.878 2.899 2.955 2.998 3.003 2.892 2.876 2.871 2.968 2.968 2.962 2.866 2.876 2.941 2.972 2.952 2.881 2.876 2.948 2.960 2.945 20/03/2012
2.874 2.918 2.965 2.952 2.920 2.924 2.926 2.982 3.031 2.889 2.864 2.907 3.015 3.010 2.915 2.883 2.819 2.941 2.930 2.953 2.840 2.824 2.904 2.950 2.943 2.834 2.817 2.908 2.933 2.929 21/03/2012
3.235 3.177 3.217 3.169 3.229 3.166 3.178 3.213 3.170 3.150 3.127 3.128 3.181 3.182 3.173 2.949 2.840 3.075 3.067 3.055 2.930 2.843 3.079 3.081 3.027 2.989 2.858 3.077 3.035 3.024 22/03/2012
1.740 1.767 1.695 1.647 1.791 1.748 1.738 1.691 1.807 1.800 1.823 1.782 1.828 1.823 1.810 1.915 1.848 1.829 1.820 1.818 1.893 1.845 1.844 1.833 1.871 1.897 1.867 1.865 1.858 1.858 23/03/2012
2.115 2.125 2.125 2.164 2.161 2.121 2.109 2.122 2.203 2.175 2.122 2.139 2.201 2.191 2.190 2.157 2.171 2.198 2.192 2.210 2.171 2.174 2.181 2.204 2.228 2.210 2.176 2.194 2.224 2.216 24/03/2012
3.084 3.071 3.080 2.962 2.960 3.081 3.084 3.090 3.071 2.964 3.102 3.085 3.101 3.095 2.991 3.063 3.037 3.108 3.099 3.049 3.032 3.033 3.125 3.118 3.045 3.050 3.080 3.154 3.108 3.038 25/03/2012
3.915 3.993 4.051 3.930 3.854 3.974 3.945 4.032 4.004 3.813 3.889 3.917 3.984 3.976 3.842 3.804 3.736 3.887 3.884 3.956 3.748 3.721 3.866 3.907 3.950 3.796 3.764 3.920 3.901 3.932 26/03/2012
5.088 5.128 5.147 5.028 5.059 5.144 5.122 5.144 5.066 4.981 4.939 4.990 5.109 5.078 5.005 4.845 4.706 4.879 4.843 4.923 4.743 4.701 4.839 4.900 4.913 4.702 4.669 4.904 4.871 4.883 27/03/2012
4.131 4.075 4.098 4.046 3.847 4.050 4.035 4.065 3.889 3.778 3.955 3.948 3.854 3.839 3.803 3.883 3.674 3.779 3.756 3.785 3.762 3.666 3.724 3.797 3.724 3.735 3.620 3.726 3.734 3.704 28/03/2012
2.937 2.898 2.921 2.930 2.938 2.880 2.862 2.912 2.987 2.873 2.817 2.834 2.924 2.916 2.891 2.834 2.745 2.891 2.879 2.930 2.781 2.747 2.836 2.902 2.927 2.795 2.741 2.837 2.889 2.905 29/03/2012
1.818 1.942 1.905 1.872 1.800 1.927 1.928 1.892 1.832 1.794 1.925 1.934 1.889 1.881 1.799 1.916 1.960 1.851 1.849 1.780 1.910 1.957 1.893 1.859 1.753 2.001 2.001 1.923 1.866 1.753 30/03/2012
1.534 1.497 1.502 1.466 1.461 1.472 1.473 1.484 1.463 1.447 1.545 1.498 1.481 1.462 1.463 1.528 1.592 1.496 1.467 1.463 1.642 1.589 1.553 1.506 1.543 1.683 1.642 1.630 1.566 1.507 31/03/2012
1.788 1.786 1.838 1.914 1.885 1.772 1.760 1.836 1.934 1.922 1.682 1.774 1.813 1.813 1.931 1.651 1.691 1.799 1.793 1.926 1.599 1.689 1.726 1.799 1.906 1.594 1.678 1.709 1.787 1.905 01/04/2012
1.540 1.541 1.344 1.264 1.316 1.509 1.491 1.328 1.312 1.362 1.607 1.488 1.432 1.392 1.356 1.560 1.583 1.491 1.458 1.330 1.635 1.579 1.559 1.501 1.423 1.675 1.638 1.643 1.560 1.401 02/04/2012
1.654 1.659 1.636 1.704 1.750 1.635 1.617 1.633 1.747 1.822 1.683 1.655 1.754 1.707 1.843 1.739 1.734 1.772 1.728 1.788 1.794 1.734 1.749 1.791 1.826 1.868 1.774 1.844 1.822 1.774 03/04/2012
1.334 1.288 1.222 1.051 0.958 1.250 1.230 1.204 1.024 0.914 1.314 1.227 1.023 0.992 0.930 1.312 1.131 0.970 0.929 1.024 1.310 1.126 1.051 0.983 1.064 1.246 1.103 1.036 1.052 1.034 04/04/2012
2.327 2.414 2.403 2.186 2.405 2.425 2.430 2.405 2.417 2.375 2.456 2.499 2.467 2.494 2.374 2.554 2.487 2.468 2.491 2.395 2.511 2.486 2.451 2.455 2.372 2.439 2.446 2.367 2.416 2.409 05/04/2012
1.690 1.619 1.587 1.620 1.612 1.603 1.584 1.579 1.589 1.512 1.586 1.598 1.602 1.595 1.548 1.575 1.657 1.618 1.597 1.590 1.724 1.647 1.686 1.639 1.696 1.899 1.829 1.919 1.812 1.634 06/04/2012
1.275 1.242 1.215 1.223 1.148 1.209 1.187 1.214 1.225 1.126 1.207 1.233 1.227 1.208 1.139 1.167 1.291 1.254 1.219 1.241 1.203 1.297 1.234 1.277 1.325 1.284 1.316 1.264 1.297 1.277 07/04/2012
1.779 1.637 1.560 1.402 1.382 1.621 1.607 1.551 1.529 1.357 1.416 1.600 1.542 1.516 1.396 1.461 1.601 1.738 1.706 1.551 1.534 1.584 1.470 1.756 1.668 1.615 1.693 1.626 1.767 1.730 08/04/2012
2.077 2.155 2.077 1.829 1.834 2.129 2.109 2.066 1.848 1.753 2.006 1.959 2.024 2.010 1.774 2.006 1.968 1.826 1.812 1.820 1.948 1.960 1.949 1.828 1.773 1.820 1.867 1.827 1.771 1.748 09/04/2012
2.354 2.246 2.183 2.062 2.067 2.229 2.212 2.191 1.912 1.882 2.133 2.119 2.026 2.013 1.894 2.167 2.122 2.010 1.992 1.848 2.121 2.122 2.056 2.024 1.844 1.884 1.921 1.861 1.825 1.811 10/04/2012
2.307 2.147 2.124 2.032 2.024 2.149 2.137 2.128 1.880 1.834 2.083 2.052 2.056 2.048 1.837 2.104 1.985 1.876 1.847 1.827 1.942 1.979 1.911 1.886 1.865 1.803 1.816 1.784 1.812 1.846 11/04/2012
1.500 1.424 1.469 1.421 1.402 1.414 1.386 1.460 1.449 1.390 1.513 1.523 1.496 1.490 1.406 1.524 1.616 1.542 1.533 1.496 1.593 1.616 1.597 1.547 1.555 1.680 1.678 1.646 1.612 1.539 12/04/2012
2.127 2.016 2.069 1.989 1.947 1.994 1.972 2.054 2.023 1.944 2.025 2.043 2.061 2.046 1.962 2.036 2.044 1.992 1.967 1.956 2.030 2.036 2.005 2.001 1.962 1.996 2.004 1.985 1.980 1.935 13/04/2012
1.718 1.658 1.715 1.616 1.691 1.638 1.602 1.696 1.654 1.607 1.640 1.689 1.653 1.637 1.626 1.658 1.638 1.590 1.573 1.565 1.629 1.634 1.573 1.599 1.676 1.636 1.674 1.612 1.664 1.646 14/04/2012
2.389 2.381 2.357 2.230 2.226 2.348 2.329 2.330 2.343 2.295 2.464 2.438 2.374 2.345 2.319 2.455 2.437 2.427 2.398 2.387 2.549 2.426 2.436 2.435 2.447 2.590 2.464 2.513 2.501 2.397 15/04/2012
2.289 2.248 2.230 2.136 2.145 2.225 2.206 2.220 2.223 2.148 2.189 2.180 2.239 2.218 2.163 2.237 2.245 2.232 2.207 2.205 2.235 2.236 2.221 2.247 2.219 2.294 2.305 2.307 2.306 2.187 16/04/2012
2.584 2.565 2.575 2.633 2.680 2.538 2.533 2.561 2.776 2.714 2.533 2.555 2.748 2.727 2.733 2.568 2.690 2.773 2.764 2.786 2.637 2.681 2.742 2.794 2.837 2.712 2.748 2.844 2.847 2.807 17/04/2012
2.247 2.229 2.206 2.204 2.187 2.197 2.172 2.191 2.287 2.199 2.181 2.187 2.251 2.238 2.220 2.241 2.258 2.255 2.235 2.258 2.228 2.255 2.210 2.268 2.297 2.259 2.278 2.260 2.277 2.261 18/04/2012
2.579 2.593 2.602 2.620 2.621 2.581 2.577 2.600 2.693 2.635 2.581 2.590 2.662 2.651 2.656 2.566 2.603 2.682 2.672 2.695 2.576 2.604 2.671 2.690 2.719 2.614 2.626 2.688 2.712 2.695 19/04/2012
3.195 3.198 3.211 3.222 3.248 3.194 3.177 3.208 3.323 3.255 3.173 3.205 3.321 3.284 3.273 3.179 3.205 3.281 3.265 3.287 3.199 3.206 3.236 3.288 3.282 3.234 3.213 3.263 3.289 3.258 20/04/2012
3.412 3.458 3.471 3.399 3.383 3.453 3.433 3.469 3.532 3.405 3.445 3.470 3.537 3.528 3.427 3.507 3.482 3.511 3.493 3.502 3.515 3.481 3.509 3.525 3.511 3.500 3.479 3.533 3.525 3.489 21/04/2012
2.960 2.991 3.009 3.084 3.090 2.992 2.982 3.010 3.162 3.084 2.977 3.014 3.145 3.136 3.108 2.961 2.991 3.075 3.056 3.063 2.939 2.989 3.060 3.087 3.025 2.896 2.959 3.019 3.039 3.000 22/04/2012
3.510 3.499 3.474 3.361 3.371 3.465 3.447 3.456 3.514 3.399 3.423 3.448 3.529 3.519 3.421 3.453 3.413 3.521 3.503 3.522 3.461 3.414 3.495 3.528 3.549 3.489 3.434 3.529 3.548 3.531 23/04/2012
3.855 3.842 3.841 3.792 3.817 3.847 3.837 3.842 3.867 3.805 3.831 3.813 3.849 3.843 3.818 3.843 3.824 3.847 3.836 3.843 3.844 3.824 3.839 3.854 3.869 3.850 3.813 3.848 3.868 3.852 24/04/2012
3.300 3.336 3.306 3.310 3.421 3.334 3.336 3.305 3.545 3.436 3.358 3.340 3.491 3.479 3.444 3.446 3.403 3.484 3.461 3.522 3.409 3.406 3.490 3.491 3.532 3.430 3.411 3.501 3.504 3.509 25/04/2012
4.749 4.777 4.956 4.814 4.485 4.768 4.806 4.948 4.894 4.502 4.663 4.698 4.855 4.833 4.521 4.702 4.714 4.734 4.726 4.824 4.642 4.714 4.653 4.747 4.730 4.583 4.709 4.667 4.666 4.718 26/04/2012
4.961 4.927 4.998 5.067 4.771 4.929 4.946 4.981 4.977 4.713 4.894 4.899 4.935 4.922 4.740 4.910 4.848 4.910 4.885 4.897 4.898 4.831 4.876 4.920 4.921 4.955 4.878 4.940 4.919 4.891 27/04/2012
3.950 3.854 3.894 3.684 4.023 3.854 3.842 3.894 4.098 3.985 3.830 3.817 4.088 4.076 4.011 3.819 3.962 4.061 4.045 4.056 3.893 3.954 4.086 4.062 4.089 3.946 3.996 4.131 4.118 4.075 28/04/2012
3.468 3.438 3.342 3.248 3.264 3.403 3.385 3.326 3.427 3.322 3.485 3.413 3.457 3.443 3.339 3.545 3.550 3.609 3.588 3.528 3.601 3.556 3.609 3.614 3.680 3.636 3.635 3.711 3.725 3.654 29/04/2012
2.750 2.810 2.827 2.808 3.021 2.835 2.869 2.838 2.808 2.874 2.912 2.895 2.801 2.789 2.857 2.963 3.017 2.814 2.812 2.762 2.981 3.022 2.931 2.830 2.872 2.926 3.002 2.918 2.887 2.864 30/04/2012
2.013 1.799 1.810 1.847 1.878 1.770 1.739 1.794 1.942 1.818 1.733 1.737 1.854 1.838 1.846 1.802 1.694 1.660 1.629 1.743 1.693 1.672 1.640 1.689 1.609 1.540 1.587 1.581 1.619 1.509 01/05/2012
3.034 3.069 3.021 2.847 2.864 3.041 3.013 3.008 2.987 2.878 3.016 3.049 3.078 3.042 2.905 3.087 3.052 3.035 2.995 2.959 3.135 3.050 3.072 3.053 2.948 3.094 3.000 3.058 3.002 2.901 02/05/2012
2.323 2.257 2.175 2.157 2.162 2.234 2.210 2.169 2.199 2.100 2.227 2.218 2.256 2.223 2.133 2.283 2.255 2.214 2.169 2.139 2.286 2.240 2.279 2.233 2.229 2.281 2.212 2.287 2.219 2.169 03/05/2012
2.336 2.313 2.150 2.114 2.194 2.307 2.301 2.147 2.281 2.237 2.230 2.197 2.229 2.200 2.260 2.255 2.344 2.234 2.188 2.171 2.281 2.329 2.348 2.247 2.145 2.297 2.233 2.289 2.319 2.091 04/05/2012
3.539 3.525 3.482 3.401 3.429 3.503 3.491 3.472 3.604 3.502 3.543 3.541 3.650 3.629 3.525 3.612 3.630 3.711 3.678 3.648 3.639 3.625 3.724 3.718 3.712 3.673 3.648 3.756 3.763 3.681 05/05/2012
3.009 3.060 3.074 3.082 3.074 3.025 3.014 3.060 3.223 3.105 3.041 3.016 3.207 3.182 3.129 3.082 3.112 3.162 3.125 3.132 3.132 3.105 3.203 3.180 3.132 3.184 3.121 3.238 3.201 3.076 06/05/2012
2.809 2.754 2.627 2.493 2.603 2.721 2.692 2.615 2.629 2.594 2.686 2.619 2.645 2.631 2.607 2.713 2.644 2.578 2.547 2.522 2.671 2.636 2.630 2.597 2.588 2.548 2.589 2.589 2.540 2.539 07/05/2012
3.150 3.130 3.113 3.102 3.124 3.098 3.082 3.097 3.233 3.134 3.076 3.117 3.266 3.242 3.153 3.124 3.177 3.282 3.256 3.259 3.160 3.168 3.214 3.290 3.264 3.102 3.189 3.266 3.275 3.223 08/05/2012
3.685 3.672 3.644 3.623 3.650 3.641 3.619 3.626 3.724 3.632 3.606 3.601 3.737 3.717 3.646 3.684 3.686 3.692 3.664 3.659 3.681 3.683 3.701 3.703 3.661 3.687 3.690 3.710 3.694 3.630 09/05/2012
4.179 4.179 4.196 4.161 4.116 4.178 4.162 4.198 4.280 4.206 4.216 4.216 4.224 4.219 4.223 4.145 4.170 4.248 4.240 4.268 4.185 4.160 4.216 4.251 4.275 4.207 4.177 4.234 4.262 4.258 10/05/2012
5.008 5.014 5.026 4.913 4.602 5.000 4.979 5.018 4.985 4.679 5.014 5.035 4.966 4.950 4.703 4.941 5.025 4.995 4.976 4.927 4.987 5.023 4.978 5.003 4.963 4.927 5.063 5.012 5.018 4.934 11/05/2012
5.204 5.157 5.159 5.063 4.680 5.144 5.130 5.163 5.108 4.685 5.072 5.070 5.054 5.033 4.713 5.022 5.060 5.030 5.014 4.992 5.033 5.060 5.027 5.037 5.040 5.000 5.120 5.081 5.064 5.027 12/05/2012
4.131 4.116 4.101 4.046 3.956 4.093 4.078 4.077 4.170 3.934 4.048 4.075 4.177 4.158 3.959 4.082 4.129 4.174 4.133 4.107 4.087 4.129 4.180 4.188 4.145 4.109 4.145 4.199 4.197 4.091 13/05/2012
4.488 4.457 4.426 4.321 4.343 4.476 4.483 4.437 4.365 4.306 4.510 4.480 4.432 4.419 4.329 4.456 4.484 4.430 4.416 4.336 4.532 4.481 4.492 4.437 4.369 4.562 4.476 4.506 4.430 4.347 14/05/2012
4.077 4.060 4.042 3.897 3.941 4.046 4.033 4.032 4.186 3.992 4.055 4.074 4.210 4.198 4.014 4.050 4.136 4.222 4.198 4.171 4.045 4.136 4.238 4.225 4.212 4.093 4.137 4.256 4.252 4.184 15/05/2012
3.134 3.059 3.063 2.900 2.934 3.047 3.030 3.053 3.155 2.991 3.000 2.999 3.143 3.097 3.076 2.922 3.163 3.236 3.172 3.209 3.010 3.158 3.209 3.264 3.405 3.118 3.199 3.339 3.380 3.323 16/05/2012
2.156 2.065 2.111 2.243 2.245 2.025 1.998 2.093 2.494 2.399 2.124 2.209 2.378 2.349 2.423 2.183 2.538 2.573 2.547 2.669 2.308 2.534 2.475 2.578 2.882 2.588 2.723 2.709 2.828 2.844 17/05/2012
3.434 3.286 3.304 3.215 3.269 3.257 3.235 3.289 3.396 3.288 3.264 3.274 3.401 3.387 3.304 3.294 3.358 3.392 3.366 3.332 3.363 3.353 3.401 3.402 3.378 3.397 3.370 3.426 3.406 3.346 18/05/2012
4.149 4.135 4.147 4.089 4.125 4.116 4.090 4.129 4.324 4.198 4.109 4.144 4.318 4.289 4.228 4.158 4.213 4.336 4.296 4.318 4.187 4.206 4.315 4.342 4.367 4.209 4.261 4.358 4.359 4.336 19/05/2012
3.337 3.319 3.197 2.838 3.061 3.268 3.209 3.166 3.132 3.059 3.272 3.189 3.259 3.223 3.098 3.227 3.257 3.241 3.199 3.035 3.221 3.249 3.331 3.256 3.036 3.217 3.220 3.305 3.136 2.984 20/05/2012
3.633 3.565 3.523 3.416 3.490 3.541 3.511 3.509 3.518 3.445 3.528 3.489 3.518 3.494 3.463 3.517 3.490 3.507 3.495 3.506 3.525 3.491 3.526 3.518 3.587 3.522 3.514 3.573 3.542 3.564 21/05/2012
3.240 3.144 3.129 3.052 3.071 3.108 3.072 3.094 3.137 3.072 3.089 3.094 3.161 3.136 3.104 3.082 3.150 3.200 3.166 3.154 3.129 3.138 3.188 3.209 3.191 3.201 3.195 3.249 3.235 3.155 22/05/2012
3.344 3.314 3.356 3.275 3.354 3.289 3.266 3.337 3.435 3.386 3.204 3.241 3.408 3.386 3.399 3.210 3.282 3.357 3.330 3.428 3.154 3.281 3.274 3.365 3.466 3.207 3.330 3.356 3.408 3.435 23/05/2012
5.155 5.193 5.146 4.992 4.974 5.203 5.215 5.155 5.303 5.034 5.205 5.208 5.337 5.309 5.047 5.179 5.250 5.406 5.361 5.331 5.192 5.241 5.396 5.415 5.469 5.332 5.333 5.508 5.489 5.423 24/05/2012
6.355 6.255 6.313 6.093 5.596 6.243 6.217 6.293 6.468 5.947 6.183 6.354 6.295 6.288 5.979 6.133 6.324 6.660 6.637 6.677 6.384 6.324 6.397 6.676 6.776 6.716 6.661 6.809 6.870 6.740 25/05/2012
3.881 3.844 3.742 3.560 3.668 3.859 3.855 3.754 3.671 3.615 3.946 3.815 3.745 3.753 3.632 3.985 3.808 3.658 3.659 3.631 3.916 3.811 3.791 3.669 3.597 3.775 3.734 3.719 3.633 3.592 26/05/2012
4.375 4.448 4.436 4.214 4.200 4.446 4.431 4.434 4.388 4.293 4.538 4.528 4.433 4.424 4.300 4.488 4.518 4.481 4.485 4.455 4.555 4.514 4.511 4.486 4.431 4.615 4.530 4.527 4.487 4.430 27/05/2012
5.604 5.560 5.520 5.267 4.995 5.524 5.496 5.500 5.421 5.053 5.511 5.525 5.448 5.434 5.093 5.499 5.427 5.500 5.490 5.423 5.514 5.431 5.438 5.505 5.524 5.627 5.464 5.494 5.531 5.505 28/05/2012
4.910 4.850 4.840 4.734 4.188 4.806 4.766 4.802 4.626 4.153 4.714 4.807 4.602 4.587 4.159 4.724 4.286 4.676 4.662 4.669 4.691 4.295 4.556 4.688 4.747 4.766 4.277 4.640 4.747 4.723 29/05/2012
5.288 5.296 5.196 4.850 4.486 5.243 5.202 5.164 5.039 4.582 5.316 5.299 5.119 5.103 4.608 5.367 5.185 5.159 5.145 5.048 5.327 5.188 5.159 5.174 5.097 5.325 5.156 5.207 5.208 5.057 30/05/2012
4.618 4.606 4.551 4.237 4.105 4.608 4.562 4.542 4.377 4.202 4.675 4.594 4.457 4.437 4.186 4.673 4.582 4.469 4.442 4.426 4.669 4.588 4.624 4.483 4.507 4.672 4.612 4.704 4.576 4.466 31/05/2012
4.151 4.207 4.136 3.954 3.856 4.178 4.154 4.123 4.090 3.886 4.214 4.174 4.121 4.083 3.914 4.201 4.106 4.133 4.093 4.037 4.184 4.095 4.126 4.151 4.092 4.193 4.116 4.190 4.116 4.020 01/06/2012
4.076 4.039 3.968 3.681 3.793 4.009 3.979 3.950 3.916 3.751 4.008 4.003 4.013 3.978 3.783 4.096 4.130 3.990 3.952 3.915 4.093 4.128 4.008 4.015 4.014 4.114 4.131 4.049 4.029 3.960 02/06/2012
3.814 3.861 3.791 3.613 3.680 3.828 3.804 3.771 3.795 3.698 3.826 3.840 3.817 3.787 3.722 3.849 3.943 3.824 3.792 3.747 3.858 3.937 3.852 3.839 3.794 3.909 3.960 3.898 3.841 3.745 03/06/2012
3.148 3.198 3.115 2.826 2.801 3.157 3.134 3.098 2.886 2.735 3.162 3.139 3.067 3.035 2.772 3.176 3.132 2.964 2.922 2.696 3.123 3.131 3.047 2.982 2.674 2.979 3.006 2.951 2.834 2.641 04/06/2012
3.211 3.216 3.182 3.071 3.040 3.186 3.166 3.167 3.153 3.017 3.188 3.182 3.193 3.171 3.040 3.189 3.219 3.192 3.164 3.108 3.217 3.216 3.183 3.207 3.204 3.285 3.261 3.270 3.229 3.165 05/06/2012
4.176 4.214 4.156 4.041 4.142 4.190 4.180 4.148 4.233 4.175 4.182 4.201 4.258 4.229 4.196 4.252 4.336 4.252 4.216 4.247 4.303 4.331 4.250 4.262 4.241 4.313 4.344 4.284 4.285 4.192 06/06/2012
4.781 4.758 4.763 4.602 4.522 4.731 4.714 4.752 4.764 4.562 4.648 4.715 4.762 4.740 4.596 4.605 4.666 4.740 4.696 4.687 4.572 4.665 4.677 4.754 4.777 4.596 4.656 4.678 4.747 4.748 07/06/2012
4.099 4.124 4.029 3.881 3.889 4.112 4.126 4.015 4.023 3.938 4.113 4.121 4.089 4.067 3.958 3.932 4.086 4.123 4.077 3.995 3.872 4.083 4.077 4.131 4.014 3.896 4.070 4.079 4.080 3.973 08/06/2012
3.617 3.675 3.603 3.410 3.381 3.644 3.619 3.585 3.557 3.472 3.831 3.797 3.652 3.626 3.501 3.735 3.686 3.818 3.783 3.589 3.749 3.673 3.736 3.835 3.687 3.747 3.675 3.767 3.728 3.630 09/06/2012
3.749 3.805 3.783 3.669 3.707 3.787 3.774 3.762 3.818 3.752 3.837 3.824 3.862 3.829 3.770 3.880 3.880 3.902 3.862 3.837 3.893 3.880 3.841 3.916 3.934 3.911 3.900 3.909 3.930 3.879 10/06/2012
5.284 5.220 5.182 4.939 4.955 5.196 5.178 5.173 5.176 5.025 5.182 5.172 5.221 5.200 5.053 5.184 5.115 5.185 5.153 5.148 5.175 5.115 5.171 5.200 5.149 5.157 5.131 5.225 5.207 5.097 11/06/2012
4.507 4.642 4.555 4.324 4.310 4.631 4.627 4.541 4.692 4.557 4.771 4.747 4.752 4.723 4.595 4.724 4.812 4.810 4.769 4.674 4.752 4.797 4.813 4.823 4.686 4.793 4.843 4.894 4.874 4.626 12/06/2012
4.077 4.184 4.155 3.960 3.927 4.155 4.135 4.138 4.166 4.055 4.170 4.216 4.226 4.194 4.084 4.182 4.355 4.262 4.227 4.186 4.185 4.351 4.244 4.286 4.201 4.233 4.332 4.290 4.299 4.135 13/06/2012
3.902 3.938 3.849 3.532 3.629 3.889 3.877 3.825 3.789 3.666 3.936 3.935 3.940 3.890 3.700 3.946 3.999 3.914 3.886 3.778 3.916 3.987 3.925 3.928 3.789 3.882 3.949 3.917 3.919 3.711 14/06/2012
4.189 4.344 4.265 4.014 3.989 4.315 4.303 4.259 4.256 4.146 4.476 4.449 4.371 4.332 4.174 4.437 4.476 4.502 4.459 4.320 4.506 4.466 4.468 4.522 4.396 4.603 4.531 4.588 4.514 4.329 15/06/2012
5.265 5.408 5.368 5.012 5.014 5.373 5.360 5.350 5.415 5.272 5.418 5.434 5.432 5.405 5.298 5.318 5.232 5.463 5.424 5.392 5.242 5.236 5.355 5.478 5.291 5.144 5.161 5.329 5.348 5.237 16/06/2012
4.237 4.308 4.218 3.956 3.953 4.265 4.256 4.205 4.324 4.152 4.371 4.369 4.363 4.320 4.187 4.363 4.446 4.468 4.419 4.386 4.383 4.435 4.385 4.487 4.389 4.377 4.502 4.498 4.540 4.323 17/06/2012
4.101 4.137 3.944 3.689 3.644 4.099 4.049 3.926 3.684 3.574 4.096 4.082 3.878 3.853 3.600 4.030 3.920 3.975 3.933 3.659 3.963 3.900 3.926 3.993 3.724 3.959 3.904 3.958 3.845 3.675 18/06/2012
4.136 4.269 4.172 4.036 4.021 4.244 4.221 4.155 4.130 4.037 4.297 4.298 4.210 4.177 4.056 4.334 4.295 4.288 4.251 4.167 4.324 4.294 4.226 4.299 4.297 4.312 4.298 4.291 4.289 4.241 19/06/2012
4.523 4.577 4.599 4.403 4.418 4.540 4.522 4.576 4.645 4.523 4.549 4.624 4.689 4.662 4.549 4.552 4.684 4.739 4.704 4.655 4.594 4.676 4.679 4.754 4.689 4.637 4.725 4.779 4.798 4.648 20/06/2012
4.502 4.559 4.571 4.398 4.278 4.541 4.530 4.550 4.548 4.446 4.427 4.545 4.564 4.519 4.486 4.385 4.522 4.536 4.479 4.443 4.219 4.501 4.405 4.553 4.355 4.084 4.316 4.294 4.360 4.288 21/06/2012
3.756 3.758 3.767 3.606 3.613 3.743 3.728 3.744 3.725 3.651 3.585 3.639 3.738 3.686 3.685 3.523 3.526 3.666 3.597 3.626 3.475 3.519 3.557 3.677 3.637 3.432 3.464 3.503 3.590 3.570 22/06/2012
4.673 4.828 4.687 4.316 4.351 4.804 4.782 4.668 4.561 4.423 4.845 4.839 4.689 4.647 4.458 4.755 4.719 4.751 4.713 4.519 4.767 4.706 4.719 4.764 4.570 4.790 4.711 4.771 4.645 4.500 23/06/2012
4.819 4.837 4.784 4.508 4.492 4.817 4.801 4.764 4.745 4.590 4.817 4.820 4.778 4.764 4.631 4.855 4.803 4.798 4.771 4.758 4.819 4.797 4.780 4.800 4.774 4.849 4.782 4.814 4.792 4.744 24/06/2012
6.146 6.244 6.171 5.935 5.885 6.244 6.236 6.158 6.206 6.014 6.260 6.239 6.245 6.215 6.070 6.226 6.145 6.289 6.266 6.192 6.190 6.136 6.287 6.311 6.206 6.222 6.156 6.321 6.251 6.149 25/06/2012
7.096 7.000 7.017 6.780 6.771 7.005 7.023 7.028 6.955 6.749 6.771 6.787 6.829 6.821 6.780 6.731 6.479 6.712 6.686 6.849 6.581 6.471 6.570 6.748 6.740 6.525 6.429 6.545 6.645 6.687 26/06/2012
6.233 6.552 6.686 6.606 6.499 6.560 6.566 6.688 6.810 6.572 6.496 6.646 6.839 6.798 6.621 6.448 6.328 6.783 6.725 6.773 6.381 6.333 6.636 6.795 6.836 6.445 6.364 6.736 6.796 6.781 27/06/2012
6.717 6.770 7.050 7.018 6.992 6.796 6.811 7.066 7.021 6.813 6.598 6.786 6.873 6.851 6.824 6.587 6.535 6.772 6.759 6.892 6.652 6.540 6.749 6.785 6.906 6.530 6.567 6.835 6.883 6.852 28/06/2012
6.166 6.326 6.368 6.516 6.482 6.346 6.367 6.389 7.053 6.779 6.598 6.623 6.845 6.815 6.778 6.550 6.588 6.969 6.948 7.246 6.644 6.585 6.828 6.984 7.372 6.409 6.512 6.806 7.016 7.303 29/06/2012
9.187 9.615 9.771 9.676 9.114 9.561 9.535 9.735 9.418 9.146 8.974 9.588 9.360 9.329 9.206 8.624 9.103 9.406 9.363 9.457 8.856 9.085 9.148 9.423 9.486 9.155 9.112 9.163 9.264 9.430 30/06/2012
5.576 5.560 5.766 5.590 5.347 5.545 5.543 5.744 5.627 5.361 5.510 5.761 5.702 5.694 5.406 5.396 5.702 5.639 5.619 5.514 5.548 5.694 5.667 5.636 5.409 5.548 5.519 5.550 5.514 5.391 01/07/2012
5.664 5.784 5.811 5.761 5.758 5.776 5.765 5.802 6.018 5.894 5.645 5.755 5.775 5.773 5.926 5.607 5.648 5.848 5.846 6.095 5.583 5.647 5.625 5.851 6.134 5.478 5.635 5.638 5.879 6.121 02/07/2012
5.827 5.728 5.685 5.777 5.756 5.723 5.711 5.667 5.633 5.540 5.695 5.666 5.581 5.569 5.583 5.689 5.701 5.599 5.606 5.555 5.708 5.698 5.595 5.605 5.454 5.508 5.463 5.339 5.320 5.430 03/07/2012
7.662 7.696 7.831 7.684 7.579 7.730 7.719 7.859 7.932 7.541 7.650 7.681 7.839 7.803 7.566 7.554 7.297 7.658 7.646 7.859 7.425 7.307 7.580 7.670 7.779 7.211 7.205 7.548 7.693 7.764 04/07/2012
7.566 8.122 8.453 8.476 8.377 8.149 8.179 8.488 8.812 8.436 8.251 8.528 8.768 8.717 8.472 8.199 8.337 8.771 8.706 8.761 8.377 8.321 8.642 8.803 8.774 8.325 8.335 8.729 8.860 8.688 05/07/2012
6.883 6.711 7.077 7.260 7.178 6.736 6.742 7.088 7.286 7.017 6.102 6.465 6.783 6.760 7.040 6.039 5.944 6.562 6.556 7.173 5.949 5.939 6.199 6.582 7.145 5.735 5.842 6.122 6.554 7.091 06/07/2012
6.166 6.141 6.135 6.254 6.177 6.160 6.173 6.156 6.692 6.547 6.188 6.166 6.305 6.281 6.566 6.186 6.137 6.594 6.574 7.088 6.324 6.137 6.281 6.623 7.077 6.345 6.277 6.573 6.805 7.038 07/07/2012
8.285 8.135 8.220 8.285 8.066 8.155 8.193 8.225 7.889 7.997 7.765 8.061 7.892 7.918 8.029 7.249 7.089 7.686 7.706 7.845 7.091 7.084 7.488 7.689 7.859 7.123 6.974 7.441 7.574 7.894 08/07/2012
5.764 5.706 5.881 6.104 5.851 5.707 5.681 5.893 5.758 5.634 5.874 5.799 5.707 5.691 5.662 5.409 5.548 5.742 5.727 6.054 5.570 5.540 5.706 5.748 6.717 5.736 5.697 5.904 6.165 6.680 09/07/2012
5.943 6.089 6.202 6.436 6.314 6.141 6.184 6.216 6.146 5.966 6.033 6.136 6.041 6.040 5.963 5.844 5.885 6.091 6.055 5.952 5.876 5.886 5.971 6.104 5.980 5.854 5.752 5.954 6.003 5.940 10/07/2012
7.000 7.115 7.083 7.297 7.019 7.123 7.100 7.085 7.056 7.046 7.188 7.257 7.154 7.125 7.067 6.802 6.709 7.283 7.266 7.267 6.663 6.715 7.041 7.279 7.528 6.780 6.820 7.224 7.302 7.563 11/07/2012
6.888 6.554 6.366 6.221 6.232 6.580 6.548 6.369 6.437 6.216 6.875 6.477 6.476 6.442 6.230 6.896 6.524 6.548 6.530 6.552 6.949 6.527 6.719 6.570 6.638 6.857 6.500 6.751 6.672 6.615 12/07/2012
7.107 7.128 7.081 6.952 6.935 7.108 7.132 7.085 7.277 6.948 7.200 7.138 7.365 7.328 6.966 7.161 7.248 7.347 7.281 7.174 7.347 7.248 7.449 7.376 7.243 7.274 7.313 7.588 7.419 7.152 13/07/2012
8.753 8.807 8.719 8.946 8.433 8.748 8.704 8.683 8.493 8.259 8.771 8.660 8.554 8.503 8.292 8.688 8.344 8.338 8.284 8.281 8.603 8.333 8.434 8.359 8.137 8.674 8.214 8.381 8.173 8.078 14/07/2012
8.756 8.800 8.709 8.972 8.464 8.760 8.737 8.685 8.525 8.239 8.701 8.623 8.534 8.492 8.273 8.535 8.140 8.217 8.166 8.272 8.474 8.118 8.243 8.247 8.056 8.496 8.053 8.175 8.084 7.993 15/07/2012
8.085 8.122 8.116 7.957 7.834 8.157 8.188 8.136 8.008 7.816 8.015 8.007 7.997 7.912 7.819 8.107 7.946 7.937 7.892 7.861 8.130 7.938 7.883 7.968 7.983 8.174 8.008 7.969 7.970 7.940 16/07/2012
7.713 7.768 7.815 7.669 7.673 7.799 7.835 7.834 7.766 7.636 7.644 7.697 7.675 7.662 7.634 7.654 7.583 7.661 7.645 7.686 7.660 7.572 7.645 7.686 7.725 7.733 7.655 7.705 7.721 7.694 17/07/2012
7.216 7.255 7.236 6.674 7.062 7.258 7.258 7.232 7.412 7.036 7.215 7.212 7.428 7.403 7.099 6.975 6.912 7.340 7.295 7.289 7.024 6.900 7.384 7.357 7.310 7.117 6.942 7.377 7.299 7.252 18/07/2012
8.040 8.164 8.078 7.993 7.520 8.115 8.051 8.047 7.901 7.553 7.949 8.019 7.906 7.865 7.615 7.675 7.520 7.790 7.727 7.830 7.638 7.504 7.657 7.813 7.787 7.776 7.500 7.703 7.635 7.703 19/07/2012
6.150 6.013 6.091 5.974 5.735 6.044 6.049 6.097 5.927 5.721 5.882 5.926 5.846 5.868 5.740 5.785 5.791 5.869 5.889 5.933 5.832 5.803 5.780 5.863 5.935 5.935 5.875 5.836 5.852 5.962 20/07/2012
6.792 6.956 6.990 6.653 6.373 6.933 6.924 6.983 6.620 6.347 6.701 6.901 6.884 6.852 6.399 6.472 6.552 6.724 6.683 6.523 6.423 6.542 6.631 6.741 6.515 6.368 6.378 6.545 6.565 6.472 21/07/2012
5.016 5.163 5.227 5.138 4.976 5.173 5.171 5.231 5.173 4.943 5.109 5.239 5.108 5.096 4.983 4.906 5.067 5.153 5.143 5.154 4.903 5.061 5.063 5.165 5.207 4.949 5.094 5.100 5.164 5.190 22/07/2012
3.634 3.547 3.608 3.534 3.556 3.509 3.470 3.587 3.619 3.462 3.310 3.405 3.539 3.510 3.496 3.336 3.454 3.467 3.421 3.498 3.348 3.448 3.354 3.494 3.451 3.367 3.469 3.426 3.461 3.373 23/07/2012
3.925 3.928 3.891 3.769 3.751 3.909 3.887 3.881 3.716 3.558 3.897 3.853 3.791 3.753 3.595 3.864 3.884 3.713 3.670 3.579 3.832 3.880 3.815 3.731 3.595 3.784 3.837 3.842 3.721 3.554 24/07/2012
4.060 4.171 4.233 4.225 4.208 4.147 4.126 4.224 4.265 4.140 4.000 4.124 4.190 4.160 4.170 3.948 3.990 4.096 4.058 4.149 3.877 3.983 3.950 4.115 4.141 3.806 3.951 3.976 4.046 4.082 25/07/2012
4.352 4.449 4.499 4.520 4.489 4.426 4.425 4.518 4.634 4.502 4.323 4.461 4.590 4.559 4.528 4.260 4.390 4.577 4.530 4.624 4.237 4.382 4.403 4.591 4.699 4.272 4.405 4.447 4.588 4.646 26/07/2012
4.819 4.977 4.966 4.899 4.814 4.950 4.943 4.941 5.068 4.895 4.967 4.992 5.036 5.013 4.921 4.886 4.914 5.030 4.985 5.001 4.885 4.909 4.948 5.055 5.073 5.001 4.972 5.064 5.059 5.025 27/07/2012
5.082 5.205 5.198 5.200 4.984 5.194 5.184 5.198 5.250 5.050 5.117 5.201 5.233 5.186 5.077 5.055 5.069 5.199 5.157 5.222 5.047 5.067 5.110 5.217 5.290 5.071 5.078 5.171 5.226 5.232 28/07/2012
5.051 5.097 5.231 5.073 4.989 5.114 5.091 5.238 5.251 5.127 5.057 5.226 5.187 5.195 5.145 5.056 5.123 5.273 5.273 5.337 4.997 5.125 5.177 5.273 5.378 5.028 5.138 5.227 5.324 5.385 29/07/2012
5.747 5.619 5.598 5.762 5.730 5.633 5.631 5.603 5.714 5.640 5.607 5.448 5.458 5.479 5.654 5.568 5.430 5.590 5.607 5.738 5.459 5.436 5.365 5.585 5.740 5.362 5.468 5.358 5.566 5.770 30/07/2012
5.992 6.169 6.109 5.926 5.682 6.160 6.117 6.098 5.930 5.639 6.059 6.125 6.039 6.015 5.684 5.877 5.900 6.016 5.977 5.894 5.797 5.889 5.984 6.028 5.914 5.775 5.742 5.883 5.921 5.868 31/07/2012
