# 6448 6449 6450 6451 6452 6528 6529 6530 6531 6532 6610 6611 6612 6613 6614 6693 6694 6695 6696 6697 6776 6777 6778 6779 6780 6859 6860 6861 6862 6863 Date
20.063 19.993 19.778 19.623 19.291 19.837 19.697 19.683 19.286 18.774 19.652 19.562 19.706 19.586 18.899 19.604 19.534 19.324 19.169 19.092 19.339 19.496 19.271 19.387 19.376 19.340 19.543 19.484 19.494 19.174 01/08/2037
21.732 21.550 21.371 21.199 21.215 21.408 21.266 21.269 21.200 20.907 21.280 21.169 21.259 21.139 21.017 21.359 21.241 21.037 20.903 20.971 21.202 21.206 20.946 21.101 21.086 20.871 21.038 20.930 20.980 20.870 02/08/2037
23.265 22.941 22.668 22.192 21.261 22.767 22.623 22.542 21.037 20.832 22.585 22.334 21.384 21.272 20.930 21.721 20.862 20.961 20.814 20.690 21.095 20.845 20.988 21.023 20.856 20.752 20.709 20.948 20.928 20.664 03/08/2037
23.275 22.976 22.600 22.134 22.143 22.806 22.659 22.470 21.790 21.454 22.505 22.256 22.216 22.090 21.594 22.497 21.538 21.584 21.411 21.156 21.924 21.516 21.751 21.650 21.049 21.641 21.250 21.617 21.292 20.766 04/08/2037
22.438 22.249 21.916 21.881 21.623 22.026 21.823 21.781 21.439 21.056 21.972 21.704 21.778 21.626 21.227 21.649 21.251 21.073 20.880 20.732 21.308 21.233 21.363 21.154 20.812 20.953 20.875 21.171 20.999 20.544 05/08/2037
23.608 23.616 23.500 23.194 23.434 23.433 23.253 23.384 23.607 22.946 23.465 23.200 23.843 23.681 23.123 23.625 23.652 23.138 22.965 22.827 23.358 23.627 23.444 23.217 22.933 23.116 23.274 23.336 23.153 22.646 06/08/2037
25.688 25.815 25.837 25.882 25.315 25.773 25.746 25.820 25.222 24.753 25.707 25.495 25.285 25.154 24.857 25.581 24.722 24.424 24.242 24.228 25.042 24.696 24.676 24.483 24.188 24.618 24.463 24.607 24.391 23.926 07/08/2037
26.894 26.780 26.693 26.413 26.326 26.602 26.456 26.572 26.348 25.844 26.468 26.262 26.361 26.202 25.969 25.992 25.377 25.373 25.172 25.172 25.406 25.340 25.629 25.447 25.152 24.961 24.952 25.468 25.342 24.902 08/08/2037
25.537 25.461 25.374 25.132 25.012 25.324 25.189 25.297 24.768 24.481 25.335 25.098 25.048 24.920 24.583 25.361 24.793 24.216 24.070 23.778 25.131 24.758 24.636 24.275 23.972 24.825 24.620 24.628 24.275 23.736 09/08/2037
19.122 18.998 18.831 18.553 18.795 18.867 18.756 18.730 18.684 18.508 18.818 18.745 18.901 18.798 18.600 19.111 19.192 18.774 18.630 18.395 19.200 19.184 18.841 18.814 18.788 19.394 19.321 19.063 18.858 18.600 10/08/2037
19.113 19.020 18.929 18.228 17.539 18.814 18.661 18.796 17.813 17.262 18.678 18.682 18.018 17.884 17.401 18.773 18.251 17.752 17.571 17.483 18.859 18.208 17.843 17.818 17.832 19.166 18.388 18.149 17.918 17.593 11/08/2037
19.742 19.560 19.450 19.230 19.572 19.354 19.197 19.324 19.767 19.311 19.117 19.160 19.925 19.834 19.458 19.618 20.308 19.638 19.536 19.417 19.667 20.249 19.570 19.697 19.722 19.938 20.455 19.826 19.786 19.518 12/08/2037
19.215 19.277 19.050 18.549 18.892 19.122 18.998 18.951 19.085 18.842 19.266 19.123 19.372 19.256 18.934 19.599 20.025 19.221 19.124 18.962 19.798 19.992 19.551 19.264 19.289 20.013 20.188 19.841 19.465 19.132 13/08/2037
19.281 19.259 19.166 18.790 19.122 19.055 18.873 19.044 19.014 18.922 18.790 18.860 19.153 19.005 19.050 18.944 19.212 18.804 18.644 18.626 19.089 19.174 18.924 18.866 18.761 19.352 19.234 19.154 18.921 18.550 14/08/2037
20.257 20.244 20.167 19.771 20.248 20.087 19.952 20.072 20.208 20.017 19.869 19.863 20.269 20.144 20.154 19.832 20.141 19.717 19.559 19.562 19.883 20.100 19.886 19.792 19.733 20.067 20.105 20.004 19.812 19.487 15/08/2037
22.655 22.651 22.717 22.763 23.175 22.529 22.452 22.650 23.192 22.858 22.396 22.454 23.227 23.146 22.996 22.373 22.613 22.899 22.731 22.710 22.475 22.595 23.012 22.969 22.816 22.654 22.619 23.258 23.000 22.589 16/08/2037
19.962 19.699 19.616 19.286 20.579 19.530 19.406 19.517 20.409 20.275 19.312 19.357 20.546 20.446 20.379 19.578 20.006 20.055 19.947 19.963 19.342 19.981 20.072 20.092 19.841 19.383 19.788 19.908 19.859 19.681 17/08/2037
22.161 22.149 21.889 21.207 21.203 21.985 21.864 21.778 21.905 21.243 21.998 21.920 22.143 22.074 21.386 22.157 21.510 21.924 21.879 21.754 22.138 21.473 22.008 21.945 21.756 22.221 21.429 21.961 21.872 21.666 18/08/2037
23.965 23.949 23.935 23.612 23.762 23.780 23.667 23.829 24.233 23.625 23.708 23.777 24.367 24.274 23.745 23.767 23.839 24.036 23.909 23.843 23.804 23.812 24.190 24.081 23.818 24.044 23.833 24.258 24.061 23.608 19/08/2037
20.385 20.420 20.370 19.627 19.656 20.258 20.148 20.290 20.109 19.751 20.408 20.407 20.258 20.143 19.869 20.535 20.758 20.238 20.085 20.043 20.747 20.729 20.283 20.293 20.493 21.236 21.129 20.854 20.727 20.266 20/08/2037
19.446 19.495 19.381 19.051 18.648 19.380 19.259 19.307 18.873 18.752 19.447 19.420 19.087 18.959 18.902 19.800 19.930 18.996 18.872 18.800 19.880 19.902 19.075 19.046 19.108 20.093 20.043 19.408 19.297 18.922 21/08/2037
19.024 18.926 18.718 18.172 18.668 18.768 18.659 18.615 18.811 18.728 18.887 18.762 19.082 18.991 18.886 19.888 19.112 18.924 18.793 18.643 19.903 19.092 19.104 18.978 18.856 20.091 19.162 19.312 19.093 18.686 22/08/2037
18.852 18.931 18.828 18.544 18.834 18.750 18.587 18.714 19.118 18.985 18.706 18.731 19.243 19.127 19.106 19.261 19.191 19.031 18.893 18.900 19.366 19.164 19.097 19.082 18.883 19.479 19.178 19.189 19.131 18.705 23/08/2037
21.465 21.373 21.070 20.395 20.306 20.960 20.645 20.803 20.849 20.075 20.807 20.845 21.158 20.813 20.333 21.291 21.733 20.788 20.414 20.348 21.602 21.725 20.887 20.940 20.567 22.098 21.560 21.355 21.062 20.054 24/08/2037
19.268 19.227 19.007 18.197 17.898 19.087 18.964 18.915 18.783 17.820 18.985 18.939 19.119 19.028 17.976 19.454 19.624 19.299 19.208 18.977 19.752 19.609 19.461 19.336 19.220 20.125 19.843 19.742 19.563 19.099 25/08/2037
19.956 20.031 19.852 18.708 18.671 19.813 19.616 19.696 19.202 18.840 19.835 19.889 19.367 19.186 18.928 19.384 19.811 19.347 19.151 19.271 19.643 19.759 19.429 19.424 19.534 20.100 20.073 19.896 19.850 19.307 26/08/2037
21.205 21.555 21.460 21.484 20.202 21.415 21.320 21.385 20.834 20.358 21.379 21.546 21.046 20.863 20.493 20.798 20.608 20.913 20.707 20.640 21.184 20.555 21.006 21.004 20.849 21.601 20.765 21.393 21.270 20.530 27/08/2037
16.979 17.206 17.149 17.385 17.181 17.047 16.921 17.035 17.615 17.413 17.128 17.255 17.642 17.460 17.585 16.946 17.469 18.012 17.839 18.015 17.288 17.445 17.725 18.076 19.020 18.287 18.267 18.860 18.918 18.713 28/08/2037
17.788 17.978 17.913 17.519 17.105 17.720 17.496 17.747 17.528 17.304 17.815 17.936 17.646 17.501 17.446 17.887 18.377 17.923 17.766 17.698 18.421 18.345 17.838 17.999 17.688 18.954 18.654 18.235 18.001 17.428 29/08/2037
16.996 17.081 16.947 16.555 16.528 16.891 16.723 16.815 17.182 16.651 17.018 17.007 17.373 17.299 16.789 17.476 17.478 17.328 17.261 17.144 17.658 17.458 17.458 17.373 17.114 17.874 17.569 17.552 17.379 16.975 30/08/2037
17.850 17.812 17.678 17.274 17.222 17.617 17.434 17.574 17.566 17.157 17.769 17.685 17.692 17.554 17.334 17.943 17.872 17.455 17.276 17.293 18.015 17.833 17.665 17.543 17.152 18.130 17.903 17.833 17.555 16.899 31/08/2037
19.688 19.543 19.596 18.563 17.891 19.229 19.010 19.392 19.103 17.945 19.343 19.328 18.955 18.888 18.091 18.875 18.929 18.733 18.634 18.726 19.005 18.927 18.874 18.774 18.286 19.057 18.780 18.704 18.552 18.210 01/09/2037
21.293 21.104 21.134 21.052 20.508 20.957 20.781 21.022 21.631 20.877 21.257 21.274 21.398 21.231 20.984 21.573 20.905 21.065 20.860 20.913 21.679 20.876 21.244 21.146 20.674 21.200 20.846 21.329 21.107 20.352 02/09/2037
20.692 20.596 20.709 20.831 20.192 20.465 20.394 20.615 20.926 20.271 20.371 20.454 20.753 20.651 20.396 20.975 20.756 20.496 20.322 20.411 21.002 20.755 20.415 20.519 19.969 20.978 20.854 20.645 20.462 19.712 03/09/2037
18.423 18.024 17.715 16.767 16.764 17.948 17.854 17.613 17.271 16.828 17.889 17.476 17.342 17.203 16.947 18.417 17.660 17.182 17.025 17.087 18.017 17.653 17.206 17.232 17.055 17.749 17.517 17.300 17.283 16.811 04/09/2037
16.401 16.129 15.790 14.716 14.410 15.949 15.841 15.691 15.650 15.226 16.287 16.315 16.086 15.974 15.315 16.495 16.565 16.121 15.973 15.745 16.770 16.539 16.193 16.164 15.846 16.832 16.582 16.394 15.900 15.658 05/09/2037
16.270 16.283 16.083 16.633 15.704 16.185 16.106 16.042 15.957 16.009 16.386 16.399 16.291 16.230 16.062 16.856 16.912 16.224 16.124 15.922 17.131 16.889 16.366 16.238 15.838 17.353 16.934 16.473 16.200 15.705 06/09/2037
16.857 16.838 16.613 16.968 16.034 16.712 16.592 16.553 15.687 16.312 16.885 16.860 15.822 15.712 16.355 16.425 16.169 15.839 15.714 15.694 16.534 16.140 15.950 15.877 15.587 16.602 16.266 16.139 15.977 15.411 07/09/2037
18.459 18.337 18.158 18.498 17.159 18.142 17.965 18.025 17.912 17.550 18.298 18.183 18.087 17.925 17.666 16.596 16.386 18.027 17.848 17.805 16.867 16.313 18.027 18.089 17.656 17.124 16.558 18.269 18.195 17.402 08/09/2037
19.757 19.806 19.823 19.886 19.088 19.789 19.805 19.810 19.775 19.372 19.763 19.869 19.726 19.565 19.510 18.970 19.133 19.791 19.613 19.664 19.011 19.077 19.747 19.843 19.565 19.082 19.361 20.006 19.911 19.324 09/09/2037
21.156 20.983 21.255 20.733 21.194 20.829 20.642 21.170 21.841 21.863 20.378 20.833 21.831 21.680 21.997 20.649 21.228 21.629 21.462 21.627 20.644 21.162 21.389 21.723 21.677 20.853 21.430 21.754 21.937 21.373 10/09/2037
20.671 20.727 20.995 20.613 20.913 20.577 20.453 20.910 22.025 21.807 20.408 20.788 21.708 21.609 21.944 20.792 21.692 21.930 21.783 22.088 21.128 21.674 21.530 22.007 22.211 21.531 22.075 22.113 22.532 21.963 11/09/2037
21.011 20.791 20.863 20.268 20.024 20.482 20.183 20.648 21.307 21.159 20.400 20.775 20.856 20.745 21.332 20.775 21.021 21.232 21.103 21.596 21.291 20.991 20.866 21.277 21.832 21.861 21.639 21.625 21.956 21.617 12/09/2037
22.196 22.156 22.418 21.830 21.103 22.076 22.019 22.358 22.534 21.997 22.484 22.420 21.999 21.836 22.120 22.930 22.736 22.418 22.245 22.530 23.287 22.702 22.025 22.500 22.686 23.564 23.191 22.709 23.026 22.427 13/09/2037
27.058 26.828 26.639 24.857 24.880 26.565 26.365 26.470 25.131 25.025 26.721 26.546 24.988 24.858 25.100 27.105 25.762 24.923 24.779 24.910 27.336 25.731 24.865 24.996 24.779 27.575 25.778 25.013 25.004 24.559 14/09/2037
29.284 29.287 29.155 26.701 26.587 29.107 28.973 29.040 26.974 26.794 29.034 29.164 26.920 26.806 26.904 29.308 27.968 26.764 26.634 26.696 29.598 27.958 26.784 26.831 26.594 29.783 27.874 26.841 26.755 26.395 15/09/2037
23.778 24.064 23.767 22.810 22.826 23.907 23.822 23.701 23.185 23.028 23.950 24.022 23.355 23.258 23.103 25.073 24.077 23.320 23.193 23.107 25.177 24.071 23.285 23.381 23.142 25.179 23.986 23.314 23.307 22.967 16/09/2037
22.235 22.558 22.299 21.781 21.519 22.414 22.290 22.223 22.436 21.988 22.603 22.605 22.603 22.473 22.093 23.713 23.053 22.636 22.484 22.511 23.969 23.025 22.601 22.694 22.503 24.141 23.125 22.849 22.796 22.296 17/09/2037
25.122 25.278 25.219 24.521 24.263 25.223 25.170 25.191 24.400 24.611 25.348 25.432 24.420 24.328 24.672 25.823 25.829 24.405 24.307 24.275 25.875 25.804 24.305 24.457 24.266 25.754 25.661 24.262 24.370 24.133 18/09/2037
23.095 23.412 23.619 23.389 23.495 23.411 23.415 23.591 24.253 24.181 23.609 23.818 24.044 23.918 24.242 24.820 25.326 24.345 24.235 24.539 25.154 25.308 24.068 24.392 24.780 25.195 25.522 24.289 24.550 24.620 19/09/2037
21.418 21.451 21.408 20.734 19.839 21.242 21.121 21.270 20.889 20.557 21.291 21.488 20.587 20.438 20.601 21.410 21.588 20.933 20.836 21.142 21.697 21.589 20.656 20.973 21.116 21.752 21.669 20.847 21.137 20.972 20/09/2037
20.239 20.561 20.462 19.954 19.656 20.364 20.224 20.353 20.596 20.473 20.663 20.884 20.558 20.461 20.594 20.854 21.027 21.096 20.959 20.999 21.409 20.969 21.001 21.145 20.968 21.690 21.232 21.184 21.280 20.780 21/09/2037
18.722 18.230 17.871 17.741 17.854 18.053 17.943 17.774 18.242 18.186 18.243 18.084 18.392 18.301 18.263 18.639 18.411 18.445 18.358 18.235 18.793 18.397 18.535 18.493 18.158 18.808 18.385 18.541 18.489 18.022 22/09/2037
18.592 18.262 18.242 19.612 20.371 18.556 18.742 18.390 19.400 19.868 18.634 18.363 19.585 19.537 19.988 18.320 18.350 19.375 19.286 19.177 18.384 18.320 19.441 19.426 19.240 18.161 18.220 19.318 19.196 19.160 23/09/2037
18.379 18.286 18.412 17.853 17.792 18.566 18.780 18.609 18.206 17.745 18.633 18.449 18.101 18.066 17.803 19.514 18.601 18.000 17.909 17.911 19.541 18.613 18.007 18.025 17.914 19.304 18.388 17.886 17.822 17.733 24/09/2037
19.646 19.397 19.322 19.126 18.755 19.350 19.390 19.330 19.187 18.560 19.214 19.057 18.969 18.873 18.582 20.209 19.202 18.703 18.605 18.630 20.161 19.224 18.803 18.768 18.723 20.165 19.083 18.720 18.696 18.521 25/09/2037
20.057 19.623 19.641 19.638 19.890 19.475 19.417 19.567 19.607 19.537 19.178 19.026 19.328 19.229 19.574 19.242 18.803 19.090 18.983 19.268 19.065 18.802 19.020 19.140 19.317 18.974 18.794 19.035 19.093 19.136 26/09/2037
20.767 20.468 20.323 20.513 20.548 20.415 20.346 20.279 20.739 20.403 20.135 20.055 20.666 20.574 20.483 19.991 19.568 20.531 20.430 20.674 19.875 19.574 20.432 20.571 20.785 19.772 19.690 20.687 20.687 20.686 27/09/2037
22.078 21.796 21.354 21.184 21.296 21.707 21.661 21.329 21.469 21.049 21.549 21.249 21.590 21.517 21.090 22.265 21.705 21.470 21.372 21.465 22.095 21.702 21.524 21.518 21.838 21.986 21.775 21.720 21.718 21.720 28/09/2037
18.566 18.465 17.990 17.731 18.661 18.368 18.289 17.924 18.608 18.569 18.120 18.120 18.836 18.770 18.583 18.676 18.627 18.772 18.699 18.768 18.519 18.621 18.644 18.800 19.165 18.447 18.484 18.496 18.697 18.971 29/09/2037
13.649 13.484 13.027 12.323 12.736 13.408 13.336 12.948 12.924 12.816 13.421 13.255 13.183 13.132 12.856 13.537 13.400 13.184 13.118 13.183 13.387 13.399 13.230 13.217 13.582 13.307 13.396 13.286 13.289 13.391 30/09/2037
11.348 11.279 11.134 10.444 10.544 11.073 10.932 10.979 10.935 10.621 11.108 11.049 11.084 11.010 10.681 11.572 11.462 10.895 10.796 10.824 11.520 11.439 10.963 10.934 10.868 11.466 11.324 10.947 10.889 10.734 01/10/2037
13.254 13.034 12.493 11.703 11.631 12.887 12.762 12.439 11.624 11.467 12.907 12.648 12.215 12.163 11.568 13.538 12.902 11.979 11.917 11.634 13.406 12.871 12.348 11.995 11.693 13.201 12.598 12.117 11.947 11.581 02/10/2037
17.540 17.039 16.618 16.742 15.893 16.807 16.670 16.552 16.445 15.891 16.378 16.278 16.359 16.266 15.982 16.959 16.224 16.314 16.193 15.910 16.660 16.180 15.857 16.367 15.900 16.613 16.035 15.690 15.831 15.725 03/10/2037
20.377 19.162 18.489 18.193 17.393 18.971 18.786 18.367 17.499 16.904 18.391 17.891 17.562 17.436 16.992 19.047 17.861 17.012 16.897 16.769 18.318 17.839 17.023 17.046 16.809 18.286 17.909 17.160 16.897 16.631 04/10/2037
17.737 17.580 17.349 17.365 17.528 17.406 17.261 17.245 18.070 17.385 17.559 17.312 17.997 17.908 17.494 17.682 17.571 17.825 17.703 17.695 17.420 17.567 17.893 17.863 17.624 17.207 17.304 17.815 17.682 17.464 05/10/2037
18.706 18.808 18.565 18.327 18.267 18.511 18.443 18.419 18.446 18.244 18.649 18.555 18.319 18.202 18.403 19.298 18.665 18.341 18.249 18.290 19.186 18.697 18.218 18.436 18.498 19.131 18.520 18.357 18.373 18.329 06/10/2037
19.455 19.618 19.157 18.545 18.453 19.560 19.580 19.099 18.875 18.483 19.817 19.453 19.201 19.192 18.546 20.388 20.013 19.118 19.109 18.805 20.009 20.009 19.353 19.109 19.558 19.818 19.803 19.284 19.140 19.425 07/10/2037
20.146 20.191 19.847 19.775 19.633 20.106 20.067 19.795 19.801 19.516 19.897 19.842 19.811 19.788 19.536 20.288 20.439 19.821 19.773 19.788 20.092 20.455 19.789 19.824 20.198 20.050 20.297 19.760 20.010 20.114 08/10/2037
16.877 16.535 16.143 16.091 15.948 16.383 16.194 16.010 15.813 15.805 16.193 16.028 15.843 15.844 15.799 16.380 16.395 16.030 16.023 15.850 16.285 16.376 15.908 16.043 16.402 16.568 16.734 16.291 16.401 16.364 09/10/2037
14.897 14.773 14.245 13.414 13.671 14.655 14.546 14.155 13.688 13.696 14.799 14.589 14.202 14.233 13.799 14.907 14.878 14.651 14.619 13.951 14.826 14.860 14.691 14.640 14.810 15.032 14.918 14.805 14.816 14.754 10/10/2037
13.084 12.972 12.660 12.801 12.699 12.923 12.844 12.596 12.422 12.681 12.943 12.776 12.589 12.607 12.714 13.978 13.669 12.700 12.681 12.480 13.625 13.681 12.693 12.696 12.863 13.497 13.670 12.736 12.767 12.853 11/10/2037
16.446 16.399 16.055 15.954 15.293 16.208 16.086 15.920 15.675 15.349 16.299 16.069 15.978 15.880 15.489 16.552 15.461 15.767 15.649 15.470 16.197 15.432 15.775 15.828 15.852 15.941 15.249 15.795 15.792 15.645 12/10/2037
16.755 16.582 16.424 16.664 16.615 16.538 16.528 16.378 16.844 16.590 16.252 16.232 16.689 16.573 16.621 17.160 17.489 16.508 16.385 16.621 16.772 17.458 16.235 16.555 16.397 16.734 17.426 16.234 16.243 16.222 13/10/2037
14.558 14.783 14.678 14.998 15.272 14.633 14.534 14.598 15.510 15.198 14.800 14.794 15.195 15.089 15.280 15.297 15.395 15.336 15.191 15.453 15.402 15.361 15.086 15.392 15.744 15.476 15.672 15.422 15.584 15.527 14/10/2037
11.029 11.620 11.014 10.629 10.721 11.514 11.446 10.984 11.218 10.945 12.022 11.741 11.455 11.423 11.040 12.706 12.665 11.820 11.755 11.423 12.843 12.654 12.161 11.861 12.117 13.001 12.985 12.478 12.357 11.976 15/10/2037
11.198 11.405 11.045 10.548 11.286 11.314 11.213 10.977 11.422 11.360 11.614 11.320 11.567 11.449 11.436 12.279 12.648 11.682 11.538 11.379 12.311 12.627 11.731 11.750 11.922 12.305 12.705 11.958 11.959 11.707 16/10/2037
12.587 12.730 12.052 11.798 12.204 12.610 12.499 12.048 12.603 12.340 12.831 12.743 12.850 12.773 12.431 12.967 12.991 13.061 12.944 12.724 12.975 12.982 13.066 13.096 13.193 13.036 13.053 13.186 13.189 12.922 17/10/2037
13.295 13.234 12.575 12.087 12.328 13.132 13.029 12.534 12.508 12.404 13.234 13.102 12.747 12.684 12.458 13.519 13.405 12.894 12.812 12.514 13.384 13.402 12.992 12.877 12.797 13.395 13.348 13.016 12.852 12.721 18/10/2037
10.820 10.916 10.836 10.632 10.934 10.841 10.757 10.804 11.258 11.105 10.945 11.009 11.090 11.037 11.161 11.309 11.837 11.305 11.251 11.302 11.520 11.826 11.219 11.321 11.467 11.602 12.063 11.520 11.348 11.364 19/10/2037
10.918 10.638 10.835 10.424 10.596 10.461 10.305 10.711 10.835 10.672 10.481 10.484 10.447 10.372 10.730 10.476 10.779 10.416 10.330 10.638 10.767 10.786 10.298 10.451 10.494 11.198 10.929 10.574 10.445 10.358 20/10/2037
10.577 10.392 10.505 10.182 9.906 10.231 10.152 10.407 10.326 9.888 10.320 10.221 10.069 9.967 9.926 11.449 11.421 9.973 9.881 10.026 11.434 11.440 10.061 9.975 9.991 11.557 11.457 10.175 9.986 9.891 21/10/2037
13.967 13.793 13.830 13.900 13.823 13.657 13.616 13.760 13.897 13.636 13.671 13.608 13.744 13.676 13.711 14.385 14.459 13.664 13.594 13.695 14.378 14.452 13.671 13.685 13.878 14.697 14.661 13.976 13.799 13.768 22/10/2037
12.518 12.582 12.414 12.889 12.474 12.484 12.457 12.349 12.419 12.391 12.616 12.458 12.528 12.413 12.441 12.911 13.016 12.401 12.286 12.224 12.830 13.042 12.474 12.471 12.576 12.808 12.929 12.643 12.518 12.428 23/10/2037
10.207 10.354 10.195 10.041 10.248 10.274 10.193 10.157 10.074 10.101 10.184 10.200 10.222 10.151 10.142 10.674 10.677 10.146 10.077 9.952 10.743 10.673 10.093 10.199 10.175 10.672 10.639 10.210 10.181 10.069 24/10/2037
9.357 9.589 8.991 8.373 8.475 9.519 9.414 8.943 8.806 8.653 9.517 9.234 9.022 8.933 8.688 9.616 9.510 9.049 8.951 8.685 9.676 9.510 9.233 9.115 9.154 9.687 9.502 9.421 9.418 9.028 25/10/2037
14.130 14.092 13.799 13.205 13.236 13.953 13.777 13.680 13.256 13.259 13.918 13.769 13.411 13.200 13.379 14.540 14.522 13.252 12.999 12.936 14.569 14.484 13.162 13.363 13.370 14.635 14.518 13.464 13.485 13.020 26/10/2037
13.114 13.080 12.920 12.875 12.712 13.005 12.981 12.852 12.744 12.612 12.967 12.838 12.649 12.497 12.688 13.086 12.940 12.449 12.258 12.352 12.796 12.936 12.340 12.533 12.453 12.610 12.673 12.371 12.398 12.220 27/10/2037
11.105 10.975 10.932 10.482 10.609 10.793 10.654 10.793 11.022 10.504 10.788 10.697 11.131 10.963 10.617 11.165 11.427 11.104 10.889 10.959 11.155 11.373 11.032 11.209 11.464 11.242 11.698 11.581 11.624 11.178 28/10/2037
9.214 8.910 9.073 8.814 8.677 8.803 8.692 8.992 8.824 8.600 8.371 8.574 8.736 8.661 8.684 8.570 8.583 8.500 8.426 8.667 8.452 8.568 8.167 8.553 8.780 8.542 8.585 8.290 8.472 8.649 29/10/2037
10.428 10.365 10.257 10.093 9.942 10.210 10.086 10.164 10.141 9.927 9.994 9.983 10.111 10.018 10.049 10.068 9.886 10.024 9.913 10.023 10.034 9.868 9.650 10.082 10.281 10.139 10.000 9.867 10.067 10.108 30/10/2037
9.684 9.675 9.493 9.289 9.233 9.573 9.444 9.388 9.964 9.638 9.364 9.359 9.863 9.705 9.755 9.445 10.000 9.959 9.799 10.080 9.468 9.971 9.638 10.034 10.351 9.607 10.176 9.962 10.300 10.123 31/10/2037
9.595 9.446 9.201 8.540 8.476 9.169 8.940 9.009 8.795 8.561 9.023 9.025 8.929 8.791 8.653 9.427 9.768 8.876 8.740 8.852 9.393 9.709 8.624 8.917 9.153 9.603 9.780 8.682 8.885 8.982 01/11/2037
12.266 12.451 12.499 12.665 11.477 12.206 12.033 12.360 12.251 11.510 12.276 12.333 12.304 12.211 11.618 12.415 12.832 12.356 12.264 12.239 12.675 12.802 12.175 12.388 12.492 12.881 12.963 12.395 12.445 12.391 02/11/2037
10.566 10.432 10.335 10.061 9.886 10.243 10.088 10.195 10.025 9.853 10.216 10.214 10.200 10.137 9.920 10.480 11.130 10.179 10.102 10.109 10.547 11.117 10.073 10.202 10.353 10.705 11.119 10.141 10.265 10.272 03/11/2037
11.007 10.931 10.867 10.460 10.327 10.766 10.618 10.771 10.750 10.500 11.062 11.041 10.968 10.853 10.593 11.521 11.922 11.019 10.854 10.837 11.820 11.907 10.971 11.073 11.125 12.037 12.003 11.186 11.145 10.982 04/11/2037
11.681 11.713 11.461 11.133 11.071 11.553 11.445 11.360 11.041 10.902 11.548 11.466 11.164 11.160 10.952 11.896 11.164 10.950 10.936 10.826 11.830 11.156 10.941 10.954 10.574 11.782 10.848 10.672 10.544 10.484 05/11/2037
12.385 12.959 12.734 12.403 12.677 12.894 12.766 12.656 12.832 12.718 12.449 12.510 12.810 12.682 12.785 12.694 12.943 12.501 12.341 12.346 12.582 12.924 12.409 12.559 12.346 12.556 12.892 12.394 12.402 12.154 06/11/2037
14.378 14.272 14.256 14.341 14.619 14.239 14.200 14.224 14.557 14.356 13.911 13.892 14.380 14.262 14.454 13.932 14.366 14.221 14.089 14.176 13.813 14.328 14.080 14.271 14.328 13.815 14.400 14.234 14.317 14.144 07/11/2037
11.455 11.582 11.645 11.501 11.719 11.454 11.358 11.551 12.175 11.847 11.380 11.573 12.031 11.923 11.964 11.388 11.718 12.073 11.917 12.072 11.516 11.688 11.854 12.112 12.202 11.738 11.835 12.059 12.173 11.990 08/11/2037
3.532 3.854 3.950 3.830 3.701 3.715 3.560 3.837 4.123 4.044 3.834 4.059 4.005 3.992 4.083 3.813 4.780 4.259 4.303 4.591 4.201 4.770 4.076 4.241 4.752 4.397 4.968 4.245 4.447 4.703 09/11/2037
5.965 5.644 5.992 6.091 4.641 5.437 5.207 5.829 4.883 4.544 5.311 5.431 4.595 4.459 4.589 4.258 4.411 4.601 4.437 4.628 4.432 4.397 4.473 4.636 4.669 4.613 4.479 4.677 4.696 4.465 10/11/2037
10.427 10.237 10.253 11.624 11.912 10.059 9.940 10.137 10.563 11.582 10.030 10.089 10.582 10.528 11.527 10.363 9.411 10.577 10.502 10.381 10.495 9.350 10.480 10.590 10.621 10.861 9.601 10.670 10.590 10.513 11/11/2037
13.123 12.970 12.979 13.145 13.048 12.999 12.926 12.974 13.458 13.081 12.991 13.096 13.471 13.379 13.130 12.959 13.943 13.493 13.372 13.369 13.284 13.901 13.373 13.542 13.774 13.528 14.034 13.582 13.653 13.589 12/11/2037
11.006 10.818 10.810 10.827 11.118 10.751 10.599 10.753 11.405 11.270 10.883 10.872 11.383 11.335 11.298 10.968 11.320 11.304 11.253 11.246 11.092 11.310 11.159 11.337 11.659 11.159 11.386 11.346 11.371 11.615 13/11/2037
10.571 10.262 9.980 9.295 10.006 10.120 9.977 9.886 10.231 9.985 9.782 9.902 10.279 10.194 10.068 9.658 10.021 10.104 9.968 10.023 9.460 9.984 10.037 10.147 9.971 9.430 9.929 9.962 9.999 9.814 14/11/2037
8.765 8.504 8.297 8.638 7.824 8.166 7.878 8.091 8.069 7.723 7.691 8.015 8.249 8.053 7.922 7.425 7.667 7.968 7.763 7.676 7.398 7.626 7.847 8.056 7.793 7.553 7.565 7.962 7.938 7.405 15/11/2037
8.496 7.930 7.626 7.809 6.904 7.666 7.443 7.466 6.596 6.425 7.650 7.349 6.974 6.808 6.540 7.213 6.751 6.492 6.274 6.071 6.881 6.726 6.780 6.586 6.022 6.410 6.170 6.516 6.279 5.798 16/11/2037
9.270 9.482 8.882 8.266 7.422 9.296 9.164 8.751 7.612 7.195 9.248 9.288 8.557 8.463 7.298 9.370 8.817 8.440 8.326 7.929 9.379 8.808 8.722 8.497 8.262 9.292 8.399 8.458 8.358 8.131 17/11/2037
11.278 11.318 10.995 10.346 10.469 11.123 10.983 10.871 10.398 10.253 10.822 10.908 10.849 10.751 10.345 10.549 10.504 10.635 10.517 10.319 10.476 10.473 10.647 10.682 10.850 10.460 10.424 10.634 10.673 10.661 18/11/2037
10.598 10.654 10.426 10.226 9.996 10.492 10.369 10.297 10.210 9.981 10.525 10.448 10.340 10.242 10.070 10.520 10.563 10.343 10.195 10.174 10.541 10.534 10.249 10.373 10.570 10.667 10.646 10.437 10.451 10.399 19/11/2037
10.931 11.038 10.842 10.414 10.219 10.925 10.806 10.741 10.438 10.258 11.108 11.013 10.616 10.551 10.356 11.223 11.303 10.816 10.681 10.620 11.391 11.254 10.754 10.840 11.009 11.596 11.477 11.004 11.018 10.888 20/11/2037
9.514 9.580 9.438 9.219 9.730 9.453 9.349 9.336 9.815 9.823 9.550 9.601 9.841 9.796 9.926 9.611 10.119 10.034 9.967 9.943 9.807 10.102 9.880 10.076 10.228 10.003 10.257 10.147 10.161 10.129 21/11/2037
6.851 6.975 6.725 6.614 6.913 6.920 6.874 6.713 7.339 7.012 7.024 7.019 7.504 7.376 7.122 7.413 7.853 7.423 7.297 7.389 7.616 7.870 7.382 7.498 7.834 7.705 8.118 7.846 7.713 7.649 22/11/2037
4.479 4.570 4.528 4.223 4.718 4.519 4.502 4.498 4.505 4.714 4.594 4.576 4.455 4.418 4.717 4.775 4.755 4.539 4.515 4.820 4.998 4.769 4.319 4.620 5.178 5.305 4.930 4.575 4.908 5.103 23/11/2037
5.194 5.202 5.098 5.122 3.841 4.891 4.364 4.835 4.220 4.332 5.080 5.101 4.363 4.218 4.652 6.518 6.923 4.489 4.487 4.390 6.466 6.904 4.228 4.831 5.133 6.308 7.010 5.243 5.255 4.779 24/11/2037
7.636 7.699 7.409 7.444 7.493 7.553 7.348 7.296 7.563 7.752 7.647 7.684 7.811 7.490 8.085 8.661 8.693 7.824 7.457 7.420 8.613 8.666 7.592 8.027 8.093 8.585 8.762 8.272 8.203 7.553 25/11/2037
8.389 8.380 8.187 7.806 8.044 8.244 8.105 8.105 7.912 7.992 8.207 8.246 8.131 7.988 8.115 8.715 8.927 8.164 8.010 7.977 8.646 8.889 8.068 8.248 8.330 8.837 9.049 8.464 8.364 8.095 26/11/2037
9.262 9.235 9.069 8.925 9.386 9.064 8.925 8.977 8.912 9.288 9.155 9.164 9.031 8.953 9.359 9.330 9.327 8.993 8.925 8.854 9.430 9.292 8.896 9.052 9.215 9.646 9.481 9.167 9.155 9.093 27/11/2037
12.359 12.404 12.066 11.144 10.408 12.244 12.094 11.925 10.573 10.213 12.173 11.805 10.635 10.521 10.346 12.157 10.960 10.443 10.335 10.391 11.793 10.919 10.408 10.502 10.655 11.741 10.958 10.561 10.607 10.472 28/11/2037
8.788 8.899 8.673 8.498 8.312 8.829 8.725 8.589 8.442 8.388 8.639 8.905 8.564 8.468 8.481 8.708 9.234 8.645 8.555 8.298 8.656 9.212 8.498 8.683 8.696 8.602 9.210 8.569 8.705 8.576 29/11/2037
10.756 10.671 10.016 8.891 9.856 10.589 10.532 9.984 9.583 9.550 10.791 10.547 9.976 9.877 9.515 11.262 10.865 9.981 9.919 9.384 10.900 10.856 10.067 10.010 9.674 10.842 10.693 10.036 9.987 9.631 30/11/2037
15.099 14.901 14.411 14.551 14.007 14.631 14.449 14.273 14.506 13.748 14.504 14.235 14.648 14.510 13.909 14.956 14.482 14.250 14.156 14.043 14.541 14.455 14.285 14.284 13.974 14.350 14.353 14.253 14.238 13.868 01/12/2037
15.933 15.888 15.701 15.584 15.925 15.673 15.574 15.598 16.224 15.975 15.762 15.700 16.247 16.196 16.071 16.278 16.589 16.200 16.160 16.037 16.411 16.590 16.211 16.212 16.082 16.395 16.580 16.241 16.222 16.034 02/12/2037
15.677 15.405 15.320 15.208 15.204 15.201 15.077 15.221 15.509 14.961 15.043 14.959 15.466 15.386 15.025 15.533 15.277 15.194 15.127 15.020 15.327 15.264 15.121 15.222 14.909 15.239 15.266 15.092 15.138 14.864 03/12/2037
13.177 12.943 13.043 12.721 12.537 12.764 12.638 12.912 13.347 12.637 12.653 12.864 13.349 13.251 12.772 12.917 13.493 13.404 13.255 13.279 13.193 13.477 13.340 13.433 13.430 13.486 13.606 13.638 13.626 13.271 04/12/2037
13.169 12.927 12.915 12.219 11.972 12.700 12.528 12.751 12.617 12.037 12.632 12.752 12.830 12.673 12.172 12.895 13.168 12.764 12.568 12.415 13.109 13.127 12.727 12.848 12.691 13.297 13.252 12.997 12.992 12.398 05/12/2037
10.568 10.477 10.380 9.807 9.739 10.222 10.008 10.220 10.212 9.826 10.585 10.626 10.513 10.354 9.931 11.016 11.616 10.668 10.451 10.270 11.461 11.573 10.737 10.759 10.694 11.566 11.557 10.984 10.909 10.389 06/12/2037
7.906 7.745 7.672 7.046 6.723 7.583 7.473 7.585 7.145 6.781 7.661 7.602 7.275 7.180 6.867 7.968 8.283 7.382 7.277 7.227 8.525 8.266 7.700 7.424 7.645 8.697 8.381 7.937 7.801 7.466 07/12/2037
11.086 10.735 10.641 9.868 9.932 10.545 10.439 10.533 10.203 9.790 10.610 10.453 10.117 10.062 9.869 11.225 11.030 10.004 9.899 9.914 11.045 10.992 10.010 10.060 9.952 11.201 11.001 10.119 10.097 9.751 08/12/2037
14.254 13.950 13.986 13.844 13.702 13.745 13.557 13.860 14.256 13.771 14.053 13.964 14.146 14.154 13.837 14.383 14.837 14.358 14.353 14.407 14.729 14.834 14.282 14.360 14.416 14.908 15.022 14.466 14.542 14.398 09/12/2037
13.055 12.916 12.956 12.604 12.496 12.832 12.762 12.903 13.093 12.559 12.839 12.955 13.248 13.148 12.660 12.982 13.308 13.123 12.983 12.943 13.304 13.294 13.118 13.197 12.989 13.420 13.264 13.188 13.084 12.777 10/12/2037
10.923 10.771 10.675 10.005 9.911 10.616 10.492 10.587 10.377 9.978 10.689 10.724 10.690 10.616 10.058 11.024 11.278 10.646 10.526 10.369 11.242 11.247 10.819 10.696 10.514 11.101 11.053 10.738 10.529 10.381 11/12/2037
8.043 7.841 7.751 7.267 7.254 7.712 7.608 7.676 7.543 7.258 7.612 7.644 7.667 7.587 7.352 7.728 7.910 7.580 7.481 7.571 7.912 7.900 7.544 7.638 7.523 7.908 7.853 7.639 7.539 7.365 12/12/2037
8.322 8.102 8.052 7.433 7.285 7.993 7.883 7.952 7.841 7.356 7.802 7.885 7.800 7.698 7.436 7.993 8.229 7.819 7.715 7.823 8.069 8.220 7.649 7.862 7.945 8.350 8.450 8.003 7.952 7.809 13/12/2037
9.403 9.374 9.381 9.162 8.739 9.217 9.106 9.286 9.078 8.730 9.129 9.128 9.059 8.947 8.829 9.213 9.205 8.929 8.796 8.924 9.241 9.186 8.913 9.003 9.093 9.314 9.248 9.089 9.088 8.890 14/12/2037
6.771 6.854 6.383 5.725 5.726 6.647 6.526 6.280 6.220 5.879 7.082 6.883 6.591 6.507 5.951 7.334 7.415 6.820 6.669 6.322 7.483 7.385 7.047 6.859 6.609 7.683 7.474 7.209 6.951 6.444 15/12/2037
5.728 5.887 5.070 4.105 4.119 5.727 5.589 4.972 4.612 4.409 5.479 5.554 5.450 5.374 4.460 5.753 5.688 5.114 5.032 5.075 5.764 5.679 5.128 5.148 4.907 5.863 5.580 5.128 5.007 4.749 16/12/2037
3.412 3.914 3.852 3.399 3.675 3.737 3.669 3.748 4.691 4.435 3.990 4.261 4.721 4.630 4.479 4.409 4.685 4.630 4.527 5.088 4.605 4.682 4.326 4.688 4.755 4.542 4.531 4.279 4.481 4.588 17/12/2037
4.669 4.985 4.653 5.408 5.681 4.875 4.823 4.626 6.334 6.042 5.048 4.967 5.623 5.580 6.106 5.840 5.811 5.789 5.723 6.340 6.128 5.817 5.467 5.811 5.543 6.091 5.725 5.421 5.310 5.430 18/12/2037
6.280 6.549 6.093 5.629 5.777 6.414 6.284 6.001 5.785 5.423 5.894 5.840 5.999 5.905 5.546 6.659 6.203 5.830 5.753 5.595 6.448 6.192 5.818 5.875 5.306 6.033 5.801 5.511 5.398 5.195 19/12/2037
6.392 6.563 5.992 5.351 5.365 6.340 6.177 5.855 5.393 5.004 6.075 6.019 5.759 5.652 5.155 6.475 6.248 5.861 5.759 5.697 6.553 6.255 5.967 5.901 6.010 6.497 6.037 5.984 5.997 5.836 20/12/2037
8.918 8.852 8.653 8.345 8.143 8.763 8.665 8.577 8.411 8.077 8.755 8.707 8.577 8.482 8.182 9.076 8.884 8.439 8.355 8.382 9.117 8.873 8.508 8.482 8.532 8.977 8.746 8.515 8.514 8.423 21/12/2037
8.630 8.648 8.472 8.443 8.165 8.518 8.426 8.403 8.674 8.347 8.801 8.670 8.773 8.662 8.480 9.282 9.060 8.775 8.664 8.637 9.467 9.032 8.819 8.838 8.816 9.488 9.082 8.952 8.899 8.668 22/12/2037
9.681 9.619 9.621 9.473 9.201 9.486 9.347 9.537 9.824 9.460 9.487 9.602 9.746 9.648 9.561 9.747 9.747 9.701 9.579 9.746 10.011 9.723 9.612 9.769 9.852 10.221 9.847 9.869 9.908 9.651 23/12/2037
6.050 6.264 6.228 6.074 5.968 6.134 5.995 6.146 6.544 6.266 6.277 6.374 6.345 6.249 6.364 6.601 6.648 6.387 6.273 6.474 6.720 6.617 6.215 6.426 6.641 6.822 6.747 6.463 6.568 6.465 24/12/2037
0.352 0.497 0.458 0.243 0.308 0.346 0.148 0.355 0.592 0.441 0.579 0.823 0.829 0.769 0.555 0.965 1.339 1.090 0.951 0.933 1.120 1.311 0.985 1.091 1.124 0.943 1.143 0.989 1.097 1.005 25/12/2037
3.140 3.356 3.282 2.702 2.707 3.317 3.262 3.226 2.814 2.878 3.732 3.758 3.032 3.053 2.878 3.776 3.673 3.327 3.324 3.186 3.723 3.673 3.284 3.311 3.477 3.670 3.553 3.186 3.390 3.442 26/12/2037
8.672 8.491 8.684 8.225 8.270 8.310 8.212 8.590 8.298 8.139 8.103 8.326 8.324 8.276 8.181 8.460 8.544 8.236 8.143 8.192 8.440 8.525 8.086 8.260 8.200 8.507 8.519 8.162 8.277 8.095 27/12/2037
8.920 8.559 8.898 8.673 7.842 8.366 8.229 8.768 8.005 7.528 8.304 8.378 7.969 7.859 7.614 8.384 8.115 7.658 7.495 7.596 8.469 8.092 7.618 7.718 7.594 8.378 7.930 7.606 7.706 7.389 28/12/2037
6.863 6.702 6.862 6.522 6.707 6.544 6.422 6.787 6.585 6.398 6.563 6.543 6.616 6.520 6.487 6.879 6.300 6.364 6.286 6.374 6.772 6.290 6.293 6.398 6.335 6.660 6.185 6.288 6.382 6.246 29/12/2037
5.924 5.832 6.013 5.768 6.433 5.795 5.752 5.976 6.081 6.329 5.667 5.818 6.184 6.214 6.375 6.407 6.421 6.072 6.089 6.045 6.441 6.440 6.092 6.067 5.900 6.503 6.384 6.137 6.082 5.931 30/12/2037
10.548 10.607 10.624 10.398 10.318 10.518 10.439 10.586 10.829 10.404 10.571 10.645 10.872 10.826 10.438 10.215 9.992 10.886 10.828 10.831 10.466 10.003 10.787 10.926 10.840 10.704 10.098 11.050 10.945 10.728 31/12/2037
10.424 10.326 10.304 9.472 9.526 10.226 10.114 10.236 9.770 9.442 10.129 10.100 9.830 9.723 9.500 10.249 9.852 9.582 9.488 9.522 10.225 9.825 9.537 9.614 9.583 10.226 9.845 9.648 9.598 9.456 01/01/2038
7.391 7.273 7.350 7.625 7.085 7.042 6.875 7.194 7.495 7.132 7.389 7.215 6.428 6.240 7.222 7.145 6.966 6.798 6.600 7.216 7.802 6.948 6.810 6.887 7.536 8.152 7.498 7.594 7.676 7.233 02/01/2038
6.777 6.776 6.589 6.235 5.892 6.564 6.411 6.451 6.419 6.031 6.615 6.630 6.316 6.202 6.089 6.548 6.407 6.456 6.361 6.560 6.616 6.398 6.227 6.520 6.637 6.691 6.421 6.435 6.518 6.467 03/01/2038
10.931 10.853 10.803 10.949 11.011 10.741 10.627 10.728 11.087 11.073 10.819 10.772 10.939 10.900 11.152 11.098 11.172 10.915 10.885 11.048 11.157 11.154 10.902 10.935 11.034 11.236 11.348 11.072 11.081 11.013 04/01/2038
7.552 7.388 7.492 7.461 7.312 7.276 7.203 7.445 7.395 7.292 7.308 7.376 7.513 7.453 7.346 7.615 8.028 7.710 7.659 7.684 8.100 8.025 7.850 7.722 8.118 8.405 8.263 8.097 8.160 8.044 05/01/2038
7.138 6.731 6.750 6.171 6.847 6.572 6.439 6.672 6.835 6.476 6.359 6.276 6.972 6.859 6.515 7.067 7.072 6.757 6.641 6.656 6.985 7.056 6.787 6.788 6.722 6.995 6.995 6.808 6.788 6.611 06/01/2038
8.455 8.301 8.305 7.683 6.955 8.177 8.049 8.227 7.416 6.876 8.050 8.132 7.472 7.364 6.930 8.337 8.290 7.291 7.194 7.248 8.347 8.264 7.254 7.348 7.381 8.492 8.311 7.418 7.393 7.224 07/01/2038
7.406 7.611 7.088 6.409 6.514 7.444 7.261 6.997 7.099 6.630 7.654 7.578 7.312 7.207 6.723 8.043 7.747 7.398 7.299 7.091 8.230 7.750 7.405 7.443 7.228 8.276 7.819 7.590 7.488 7.044 08/01/2038
8.569 8.647 8.349 7.827 8.029 8.522 8.445 8.335 8.623 8.197 8.763 8.729 8.799 8.791 8.227 8.751 8.949 8.848 8.808 8.746 8.858 8.927 8.926 8.882 8.886 8.818 8.995 9.028 8.965 8.822 09/01/2038
8.417 8.147 8.252 7.596 7.161 7.970 7.854 8.176 7.623 7.016 7.640 7.830 7.592 7.652 7.120 7.167 6.977 7.385 7.368 7.525 6.935 6.965 7.156 7.371 7.396 6.870 6.879 6.849 7.035 7.426 10/01/2038
7.286 7.148 7.023 6.681 6.330 6.920 6.754 6.906 6.442 6.373 6.951 7.062 6.545 6.458 6.444 6.980 7.000 6.484 6.377 6.470 7.211 6.986 6.328 6.533 6.625 7.526 7.142 6.525 6.524 6.479 11/01/2038
7.671 7.598 7.312 7.251 6.862 7.423 7.289 7.213 7.014 6.929 7.749 7.614 7.249 7.146 7.059 7.966 7.954 7.334 7.192 7.045 8.232 7.932 7.443 7.399 7.422 8.325 8.113 7.726 7.637 7.209 12/01/2038
9.490 9.370 9.202 8.289 7.520 9.277 9.205 9.150 8.310 7.576 9.517 9.387 8.510 8.401 7.698 9.586 9.483 8.629 8.493 8.318 9.685 9.467 8.644 8.696 8.620 9.837 9.567 8.898 8.725 8.408 13/01/2038
9.292 9.295 9.076 8.458 8.481 9.146 9.053 8.940 9.237 8.636 9.425 9.293 9.313 9.252 8.654 9.656 9.604 9.387 9.311 9.184 9.835 9.572 9.412 9.402 9.354 10.051 9.709 9.537 9.419 9.267 14/01/2038
10.965 11.042 10.928 10.664 10.236 10.846 10.715 10.809 10.914 10.436 10.965 10.986 10.977 10.912 10.449 11.035 11.192 11.015 10.922 10.880 11.296 11.149 11.008 11.040 10.984 11.552 11.311 11.203 11.102 10.884 15/01/2038
8.446 8.655 8.356 8.165 7.819 8.484 8.334 8.260 8.698 8.186 8.685 8.772 8.824 8.719 8.259 8.810 9.273 9.053 8.876 8.828 9.171 9.228 9.020 9.130 9.150 9.398 9.351 9.223 9.290 8.930 16/01/2038
5.318 5.254 5.160 4.708 5.350 5.136 5.042 5.106 5.467 5.402 5.163 5.252 5.547 5.529 5.410 5.387 4.841 5.674 5.611 5.631 5.568 4.847 5.706 5.682 5.655 5.702 4.874 5.809 5.798 5.613 17/01/2038
5.421 5.052 4.866 3.898 4.741 5.014 4.963 4.854 4.480 4.386 4.839 4.573 4.685 4.677 4.457 4.431 3.529 4.476 4.450 4.469 3.778 3.547 4.328 4.466 4.456 3.585 3.550 4.358 4.484 4.441 18/01/2038
12.157 12.108 11.953 11.271 11.151 11.963 11.792 11.835 11.436 11.025 11.952 11.949 11.907 11.774 11.145 12.366 12.214 11.546 11.413 11.256 12.273 12.160 11.638 11.636 11.366 12.112 12.034 11.690 11.550 11.126 19/01/2038
10.921 10.815 10.897 10.578 9.761 10.623 10.453 10.759 10.530 9.884 10.537 10.713 10.497 10.356 9.993 10.588 10.627 10.344 10.196 10.405 10.757 10.586 10.245 10.417 10.455 10.838 10.650 10.432 10.471 10.210 20/01/2038
9.591 9.173 9.326 8.770 8.284 9.014 8.882 9.221 8.501 8.134 8.773 8.927 8.428 8.316 8.229 9.138 9.034 8.222 8.117 8.356 9.140 9.000 8.036 8.265 8.458 9.314 9.125 8.171 8.364 8.278 21/01/2038
11.564 11.336 11.235 11.322 10.522 11.085 10.878 11.083 11.097 10.544 10.958 11.036 11.259 11.095 10.696 10.892 10.596 11.086 10.891 10.952 10.846 10.566 11.028 11.153 11.223 10.910 10.587 11.216 11.335 10.937 22/01/2038
10.091 9.718 9.692 9.698 11.141 9.500 9.519 9.562 10.601 11.068 9.260 9.349 10.753 10.788 11.178 9.196 10.525 10.470 10.531 10.451 9.195 10.449 10.667 10.459 10.322 9.373 10.624 10.574 10.499 10.390 23/01/2038
8.057 7.825 7.872 7.154 7.091 7.456 7.217 7.651 7.228 7.036 7.388 7.514 7.226 7.090 7.083 7.613 7.925 7.006 6.864 6.971 7.677 7.871 6.902 7.054 7.014 7.897 8.003 7.140 7.142 6.810 24/01/2038
8.919 8.592 8.675 8.256 7.287 8.574 8.551 8.670 7.434 7.222 8.438 8.439 7.537 7.352 7.350 8.553 8.454 7.219 7.025 7.143 8.326 8.458 7.141 7.288 7.240 8.200 8.320 7.343 7.348 6.996 25/01/2038
9.773 9.671 9.483 9.372 9.088 9.447 9.307 9.335 9.429 9.219 9.601 9.560 9.457 9.319 9.314 9.344 9.275 9.472 9.318 9.320 9.496 9.262 9.536 9.540 9.459 9.590 9.258 9.747 9.677 9.230 26/01/2038
11.484 11.458 11.204 10.831 10.517 11.244 11.063 11.101 10.938 10.688 11.271 11.255 11.129 10.982 10.748 11.509 11.557 11.095 10.899 10.856 11.681 11.519 11.114 11.174 11.056 11.834 11.538 11.309 11.246 10.815 27/01/2038
11.190 11.143 11.035 10.644 10.293 10.940 10.785 10.925 10.745 10.316 10.964 11.069 11.036 10.882 10.441 11.256 11.252 10.980 10.794 10.678 11.431 11.212 10.997 11.049 10.830 11.585 11.227 11.143 11.054 10.561 28/01/2038
6.925 7.215 7.183 6.988 6.861 7.038 6.918 7.049 7.587 7.103 7.144 7.377 7.657 7.558 7.227 7.569 8.174 7.783 7.645 7.637 7.691 8.133 7.666 7.846 7.982 7.955 8.240 7.851 7.992 7.778 29/01/2038
8.015 8.042 7.962 7.686 7.729 7.836 7.669 7.829 8.216 8.078 8.081 8.089 8.207 8.129 8.186 8.154 8.366 8.431 8.317 8.314 8.408 8.341 8.421 8.480 8.536 8.676 8.449 8.596 8.594 8.369 30/01/2038
7.680 7.814 7.644 7.321 7.019 7.665 7.525 7.545 7.678 7.315 7.939 7.822 7.683 7.611 7.386 8.187 8.294 7.893 7.818 7.831 8.426 8.263 7.935 7.929 8.097 8.708 8.393 8.147 8.086 7.949 31/01/2038
5.260 5.222 4.869 3.983 4.274 5.033 4.873 4.782 5.092 4.808 5.264 5.307 5.209 5.101 4.883 5.805 5.914 5.569 5.426 5.296 5.775 5.871 5.456 5.629 5.781 5.819 5.520 5.169 5.602 5.580 01/02/2038
2.677 2.521 2.033 1.085 1.415 2.376 2.277 1.930 2.370 2.047 3.189 2.896 2.598 2.464 2.158 3.730 3.902 3.256 3.125 2.670 4.035 3.874 3.408 3.313 3.221 3.935 3.910 3.549 3.639 2.997 02/02/2038
8.506 8.575 8.236 7.617 7.223 8.429 8.300 8.132 7.945 7.486 8.680 8.569 8.169 8.051 7.588 9.289 9.007 8.352 8.226 7.990 9.437 8.975 8.366 8.394 8.323 9.612 9.049 8.598 8.576 8.146 03/02/2038
11.907 11.845 11.875 11.922 11.670 11.747 11.627 11.811 12.093 11.761 11.678 11.846 12.088 12.007 11.842 11.622 11.599 12.039 11.900 12.024 11.849 11.566 11.965 12.069 12.212 12.208 11.733 12.273 12.288 12.056 04/02/2038
9.792 9.739 9.784 9.978 10.426 9.589 9.473 9.696 10.578 10.330 9.566 9.626 10.567 10.473 10.381 9.837 10.127 10.317 10.216 10.391 9.765 10.098 10.195 10.340 10.480 10.016 10.177 10.367 10.432 10.348 05/02/2038
11.670 11.667 11.501 11.683 10.401 11.444 11.265 11.356 10.710 10.503 11.527 11.498 10.937 10.889 10.558 11.139 11.135 10.744 10.699 10.590 11.486 11.105 10.865 10.757 10.493 11.854 11.137 10.872 10.753 10.400 06/02/2038
12.356 12.153 12.321 12.114 11.868 12.041 11.936 12.276 12.339 11.900 11.980 12.026 12.391 12.280 11.926 11.898 12.160 12.316 12.191 12.218 12.066 12.124 12.207 12.363 12.256 12.323 12.298 12.416 12.431 12.099 07/02/2038
8.908 8.831 9.042 8.989 9.469 8.729 8.670 8.981 10.595 9.872 8.727 8.858 10.053 9.889 10.059 8.983 9.414 10.205 9.990 10.210 9.254 9.398 9.817 10.336 10.298 9.463 9.637 10.478 10.693 9.961 08/02/2038
7.764 7.536 7.624 7.106 7.104 7.448 7.368 7.572 7.648 7.260 7.471 7.501 7.647 7.493 7.356 7.917 7.676 7.417 7.256 7.384 7.588 7.655 7.358 7.493 7.251 7.441 7.280 7.202 7.385 7.070 09/02/2038
8.834 8.743 8.675 8.681 8.207 8.559 8.379 8.557 8.652 8.372 8.669 8.660 8.688 8.568 8.442 8.500 8.705 8.663 8.474 8.546 8.515 8.673 8.668 8.728 8.812 8.686 8.593 8.852 8.886 8.546 10/02/2038
11.857 11.949 11.842 11.866 11.850 11.799 11.691 11.740 12.329 11.906 11.702 11.884 12.160 12.089 11.966 11.948 12.453 12.239 12.145 12.088 11.732 12.429 12.024 12.264 12.263 12.058 12.473 12.159 12.311 12.134 11/02/2038
13.743 13.961 13.405 13.004 12.660 13.739 13.553 13.241 13.040 12.675 13.346 13.090 12.794 12.809 12.702 13.756 13.365 12.861 12.873 12.963 13.219 13.384 12.746 12.842 12.654 13.400 13.268 12.803 12.794 12.606 12/02/2038
14.217 14.041 13.877 13.707 13.130 13.845 13.733 13.762 13.696 13.001 13.658 13.656 13.667 13.599 13.073 13.506 13.667 13.597 13.499 13.608 13.304 13.644 13.538 13.617 13.449 13.364 13.606 13.534 13.616 13.344 13/02/2038
12.808 12.711 12.800 13.143 13.120 12.562 12.492 12.732 13.842 13.389 12.877 12.907 13.672 13.517 13.506 12.889 13.345 13.840 13.726 13.870 13.098 13.346 13.794 13.855 13.958 13.072 13.289 13.971 14.019 13.871 14/02/2038
12.886 13.030 13.128 13.305 12.116 12.962 12.933 13.082 12.932 12.527 13.234 13.286 12.839 12.778 12.603 13.055 13.151 12.978 12.903 13.056 13.013 13.160 12.947 12.974 13.201 13.026 13.082 13.088 13.204 13.092 15/02/2038
9.532 9.933 9.905 9.455 9.027 9.803 9.714 9.816 9.915 9.496 9.855 9.996 9.891 9.757 9.595 10.027 10.244 10.108 9.989 10.066 10.289 10.214 9.934 10.164 10.404 10.503 10.415 10.333 10.457 10.226 16/02/2038
4.621 4.747 4.620 4.286 3.945 4.570 4.397 4.481 4.655 4.397 4.665 4.813 4.658 4.547 4.516 4.789 5.468 5.246 5.104 4.802 5.427 5.444 5.062 5.301 5.787 6.057 6.032 5.898 5.975 5.581 17/02/2038
8.585 8.615 8.486 8.053 8.424 8.460 8.334 8.385 7.910 8.065 8.453 8.263 8.194 8.090 8.108 8.563 8.100 7.845 7.715 7.476 8.354 8.067 7.928 7.904 7.566 8.079 7.843 7.832 7.782 7.421 18/02/2038
8.410 8.338 8.251 7.857 7.946 8.203 8.072 8.171 8.067 7.921 8.262 8.149 8.007 7.956 7.968 8.376 8.584 8.125 8.058 7.927 8.593 8.565 8.404 8.165 8.188 8.711 8.523 8.447 8.382 8.103 19/02/2038
6.324 6.577 6.270 5.722 5.793 6.361 6.191 6.177 6.344 6.131 6.482 6.418 6.468 6.315 6.245 6.684 6.795 6.502 6.340 6.349 6.895 6.761 6.443 6.581 6.519 7.179 6.877 6.708 6.591 6.284 20/02/2038
3.031 3.047 2.833 2.177 2.506 2.856 2.682 2.721 3.122 2.664 3.078 2.950 3.287 3.180 2.781 3.773 3.858 3.361 3.215 3.211 3.810 3.827 3.287 3.418 3.369 4.019 3.988 3.512 3.516 3.197 21/02/2038
6.938 6.858 6.776 5.729 6.481 6.677 6.534 6.660 6.948 6.453 6.853 6.760 7.168 7.044 6.573 7.613 7.926 7.024 6.882 6.584 7.686 7.894 7.149 7.072 6.327 7.764 7.962 7.296 7.140 6.171 22/02/2038
9.211 9.227 9.143 8.774 8.415 9.042 8.893 9.018 8.895 8.492 9.154 9.157 9.093 8.982 8.624 9.419 8.941 8.338 8.134 8.208 8.807 8.906 8.164 8.404 8.017 9.175 9.075 8.603 8.482 7.747 23/02/2038
13.167 13.125 13.259 13.123 11.948 12.897 12.694 13.079 12.146 12.090 12.831 12.868 11.884 11.879 12.302 12.154 11.275 10.883 10.884 11.203 11.203 11.324 10.716 10.905 10.824 11.533 11.195 10.796 10.804 10.789 24/02/2038
16.942 16.864 17.019 16.714 15.818 16.725 16.578 16.897 16.403 15.836 16.900 16.743 16.095 16.116 15.917 16.728 16.367 15.712 15.730 15.918 16.460 16.393 15.673 15.708 15.712 16.487 16.285 15.596 15.632 15.729 25/02/2038
11.941 11.823 11.878 12.535 12.166 11.842 11.865 11.902 11.892 11.886 12.134 11.850 11.856 11.874 11.869 12.929 12.735 11.543 11.532 11.549 12.928 12.739 11.763 11.530 11.569 12.779 12.521 11.547 11.568 11.558 26/02/2038
8.841 8.782 8.724 8.287 8.594 8.638 8.527 8.626 8.828 8.644 8.787 8.783 8.958 8.925 8.692 9.557 9.850 8.841 8.802 8.787 9.658 9.826 8.906 8.877 8.807 9.466 9.784 8.903 8.996 8.726 27/02/2038
8.478 8.480 8.392 7.501 7.404 8.323 8.172 8.257 8.072 7.452 8.271 8.292 8.394 8.220 7.573 9.125 9.128 8.324 8.123 7.981 9.162 9.109 8.372 8.415 8.144 9.412 9.219 8.707 8.515 7.901 28/02/2038
12.618 12.293 12.385 12.006 12.409 12.088 11.915 12.243 12.263 12.175 11.663 11.863 12.374 12.281 12.260 12.237 13.047 11.935 11.883 11.980 12.406 13.021 12.241 11.981 12.104 12.526 13.063 12.329 12.039 11.976 01/03/2038
13.818 14.070 14.073 13.917 13.698 14.001 13.891 14.012 13.757 13.413 14.064 14.144 14.092 13.929 13.470 15.072 16.156 13.979 13.807 13.651 15.495 16.101 14.202 14.057 14.035 15.954 16.477 14.406 14.177 13.808 02/03/2038
10.695 10.680 10.557 10.758 11.215 10.688 10.637 10.531 11.430 11.256 10.955 10.983 11.540 11.450 11.320 10.968 11.921 11.886 11.792 11.541 11.065 11.906 12.057 11.893 12.140 11.015 11.895 12.072 12.107 12.075 03/03/2038
8.751 8.782 8.573 7.841 8.330 8.736 8.648 8.522 8.396 8.364 8.925 8.832 8.581 8.558 8.426 9.032 9.183 8.745 8.695 8.762 9.208 9.174 8.809 8.767 9.065 9.331 9.284 8.954 9.041 9.000 04/03/2038
11.539 11.583 11.514 9.757 11.713 11.434 11.319 11.416 11.639 11.576 11.281 11.356 11.704 11.610 11.708 11.461 11.719 11.630 11.469 11.397 11.458 11.672 11.515 11.677 11.605 11.683 11.727 11.689 11.716 11.392 05/03/2038
15.530 15.329 15.188 14.682 15.624 15.139 14.971 15.053 15.464 15.455 14.836 14.855 15.565 15.426 15.588 14.821 15.066 15.380 15.209 15.137 14.979 15.022 15.419 15.443 15.280 15.318 15.235 15.698 15.522 15.028 06/03/2038
10.741 10.459 11.121 11.053 11.064 10.277 10.103 11.020 11.292 11.036 9.746 10.133 10.648 10.503 11.111 10.065 10.240 10.177 10.022 10.566 10.240 10.189 9.747 10.223 10.436 10.486 10.340 9.943 10.089 10.225 07/03/2038
8.814 8.897 9.253 8.838 9.667 8.727 8.637 9.181 9.511 9.840 8.517 8.748 9.082 8.951 9.905 8.482 8.261 9.058 8.914 9.288 8.546 8.248 8.619 9.094 9.433 8.741 8.320 8.800 9.120 9.288 08/03/2038
12.059 11.913 12.094 12.403 12.579 11.722 11.559 11.953 12.484 12.497 11.435 11.590 12.177 12.085 12.601 11.399 11.348 11.941 11.829 12.024 11.558 11.326 11.888 11.986 11.939 11.819 11.492 12.102 12.074 11.765 09/03/2038
14.277 14.191 14.468 14.221 14.501 14.172 14.185 14.486 15.081 14.237 13.813 13.859 14.806 14.695 14.237 13.972 14.762 14.347 14.273 14.380 13.843 14.747 14.356 14.407 14.283 13.866 14.865 14.625 14.371 14.158 10/03/2038
17.834 17.802 17.834 17.678 16.519 17.707 17.596 17.757 17.028 16.133 17.379 17.434 16.853 16.938 16.094 17.299 17.442 16.615 16.735 16.711 17.184 17.421 16.644 16.577 16.373 17.283 17.432 16.450 16.355 16.525 11/03/2038
16.738 16.687 16.672 17.162 16.108 16.526 16.384 16.547 16.522 15.877 16.372 16.365 16.517 16.403 15.865 16.566 15.934 16.256 16.142 16.256 16.614 15.898 16.292 16.303 16.273 16.817 16.026 16.479 16.304 16.080 12/03/2038
13.851 14.113 13.821 14.320 13.777 13.977 13.852 13.733 14.096 13.770 13.726 13.945 13.994 13.932 13.802 14.039 14.224 14.141 14.041 13.931 14.164 14.216 13.964 14.151 14.140 14.120 14.215 13.920 14.018 14.089 13/03/2038
12.828 13.030 13.068 13.649 12.703 12.824 12.793 12.956 14.727 12.951 13.100 13.238 14.538 14.445 13.053 12.900 14.243 14.994 14.910 15.090 13.402 14.244 14.799 15.065 15.608 13.639 14.485 15.214 15.385 15.451 14/03/2038
7.044 7.189 7.215 7.242 6.867 7.025 6.863 7.074 7.581 7.518 7.166 7.349 7.269 7.140 7.606 7.529 8.542 7.829 7.705 7.912 7.891 8.510 7.319 7.860 8.282 8.385 8.845 7.845 8.065 8.134 15/03/2038
4.566 4.504 4.451 4.397 4.680 4.342 4.229 4.336 4.950 4.931 4.469 4.484 4.754 4.627 5.045 5.359 5.782 5.052 4.942 5.132 5.475 5.784 4.829 5.110 5.478 5.587 5.913 5.204 5.354 5.291 16/03/2038
5.134 5.134 5.202 4.657 4.278 5.015 4.888 5.120 5.176 4.527 5.018 5.117 4.983 4.903 4.688 5.287 5.450 5.128 4.994 5.227 5.397 5.432 4.877 5.153 5.305 5.514 5.511 5.084 5.181 5.185 17/03/2038
5.307 5.381 5.460 5.079 4.931 5.243 5.096 5.368 5.635 5.172 5.228 5.316 5.183 5.186 5.287 5.252 5.282 5.136 5.114 5.511 5.493 5.277 4.885 5.147 5.201 5.568 5.326 4.926 5.068 5.136 18/03/2038
8.185 8.015 8.167 7.893 7.974 7.824 7.699 8.052 8.367 7.948 7.629 7.756 8.049 7.933 8.095 8.398 7.762 7.886 7.756 8.087 8.345 7.748 7.579 7.942 7.798 8.222 7.732 7.738 7.886 7.581 19/03/2038
12.822 13.075 13.146 12.343 12.565 13.057 13.020 13.145 12.486 12.688 12.930 12.997 12.473 12.351 13.155 13.108 13.586 12.314 12.165 12.267 13.000 13.551 12.162 12.432 12.233 12.823 13.595 12.797 12.702 11.957 20/03/2038
12.294 12.533 12.429 12.376 12.825 12.463 12.424 12.397 12.793 12.853 12.406 12.491 12.632 12.554 13.044 13.056 13.415 12.665 12.561 12.754 13.087 13.385 12.546 12.725 12.957 13.182 13.453 12.901 12.963 12.736 21/03/2038
8.754 9.521 9.414 9.474 9.283 9.372 9.249 9.308 10.173 9.997 9.830 9.780 10.027 9.909 10.149 10.149 10.626 10.444 10.250 10.620 10.336 10.576 9.891 10.514 10.916 10.652 10.861 10.331 10.607 10.685 22/03/2038
10.078 10.459 9.790 9.503 8.988 10.307 10.198 9.726 9.226 9.108 10.075 10.288 10.117 10.056 9.209 10.386 10.698 10.597 10.465 9.374 9.987 10.658 9.815 10.648 10.015 10.058 10.054 9.228 9.873 9.862 23/03/2038
6.884 7.119 6.763 6.296 6.367 6.972 6.844 6.665 6.971 6.864 6.994 7.214 7.260 7.196 6.956 7.488 7.959 7.810 7.684 7.478 7.592 7.948 7.275 7.826 7.597 7.816 7.897 7.278 7.673 7.471 24/03/2038
6.143 6.395 6.393 5.817 5.725 6.175 5.999 6.233 6.023 5.897 5.388 5.649 5.726 5.646 5.979 5.690 5.965 5.220 5.144 5.229 5.574 5.950 5.035 5.268 5.047 5.725 5.860 5.012 5.097 4.922 25/03/2038
4.648 4.746 4.651 4.368 3.646 4.568 4.431 4.555 4.198 3.847 4.328 4.405 4.004 3.851 3.962 4.500 4.353 3.771 3.608 3.734 4.549 4.322 3.655 3.836 3.682 4.613 4.339 3.810 3.828 3.436 26/03/2038
6.204 5.948 5.947 5.842 5.907 5.772 5.615 5.841 5.643 5.562 5.193 5.377 5.566 5.427 5.673 5.420 5.630 5.202 5.038 5.029 5.122 5.602 5.043 5.257 4.793 4.931 5.262 4.862 4.980 4.567 27/03/2038
8.679 8.684 8.430 8.088 8.109 8.506 8.355 8.342 8.223 8.038 8.480 8.399 8.268 8.127 8.138 8.651 8.600 8.218 8.075 7.965 7.736 8.566 8.032 8.274 7.839 7.251 7.704 7.236 7.606 7.645 28/03/2038
8.621 8.019 7.795 7.166 8.200 7.726 7.485 7.596 8.158 8.179 7.518 7.513 8.256 8.001 8.486 8.431 9.023 8.269 7.959 8.005 8.334 8.950 8.078 8.411 8.374 8.478 8.941 8.349 8.507 7.947 29/03/2038
10.048 9.591 9.336 8.683 8.888 9.444 9.340 9.251 8.784 8.595 9.149 9.121 9.076 8.953 8.697 9.721 9.805 8.760 8.634 8.452 9.370 9.793 8.798 8.824 8.427 9.321 9.618 8.761 8.678 8.266 30/03/2038
14.212 14.065 14.161 14.236 13.655 13.979 13.939 14.117 13.747 13.574 13.783 13.922 13.739 13.611 13.655 14.215 14.342 13.649 13.486 13.558 14.129 14.332 13.409 13.724 13.833 14.134 14.387 13.658 13.804 13.657 31/03/2038
9.851 9.661 9.605 9.600 9.335 9.462 9.328 9.477 9.649 9.382 9.489 9.511 9.826 9.535 9.567 10.054 10.660 9.687 9.341 9.510 10.370 10.574 9.728 9.850 10.138 10.701 10.578 10.001 10.090 9.612 01/04/2038
9.061 8.979 8.948 8.827 9.008 8.843 8.776 8.838 8.961 9.007 8.916 8.775 8.939 8.839 9.095 9.105 9.129 8.756 8.645 8.561 9.340 9.115 8.785 8.801 8.720 9.494 8.738 8.550 8.593 8.564 02/04/2038
11.936 11.769 11.831 11.492 11.840 11.742 11.685 11.789 11.705 11.837 11.735 11.676 11.669 11.612 11.972 11.940 12.286 11.600 11.530 11.577 11.877 12.297 11.683 11.609 11.643 11.839 12.136 11.659 11.647 11.566 03/04/2038
16.476 16.285 16.466 15.235 16.006 16.158 16.053 16.382 15.326 15.987 16.030 16.104 15.269 15.196 15.993 15.689 15.748 15.113 15.003 15.154 15.625 15.730 14.995 15.158 15.234 15.927 15.830 15.220 15.216 15.074 04/04/2038
18.232 18.116 18.335 17.980 17.825 17.963 17.868 18.246 18.626 18.185 17.909 17.972 18.351 18.263 18.387 17.921 19.069 18.234 18.133 18.533 17.997 19.018 18.038 18.298 18.765 18.139 19.218 18.334 18.541 18.539 05/04/2038
19.851 19.780 19.717 18.197 17.813 19.537 19.287 19.550 19.006 18.008 19.332 19.487 19.031 18.879 18.202 19.834 20.115 18.984 18.787 18.857 20.028 20.066 18.912 19.059 18.997 20.266 20.188 19.200 19.025 18.736 06/04/2038
19.757 19.871 19.516 18.709 19.458 19.783 19.717 19.474 19.482 19.847 19.833 19.794 19.680 19.617 20.000 19.712 19.568 19.788 19.683 19.608 19.900 19.509 19.768 19.781 19.847 20.180 19.759 19.755 19.772 19.776 07/04/2038
15.363 15.244 15.432 15.417 15.796 15.090 14.962 15.326 16.121 15.880 15.164 15.334 15.871 15.766 16.040 15.577 15.776 15.932 15.787 15.940 15.739 15.735 15.830 15.982 16.013 15.957 15.848 15.965 16.039 15.825 08/04/2038
11.414 11.360 11.176 10.958 10.708 11.185 11.039 11.049 11.141 10.772 11.388 11.290 11.252 11.124 10.913 11.692 11.662 11.333 11.149 11.158 11.838 11.612 11.356 11.395 11.377 11.949 11.653 11.508 11.485 11.129 09/04/2038
11.014 11.208 10.982 10.758 10.940 11.055 10.924 10.874 11.324 11.073 11.474 11.366 11.645 11.517 11.186 11.807 12.151 12.050 11.890 11.474 11.973 12.105 12.041 12.111 11.846 12.143 12.233 12.282 12.203 11.612 10/04/2038
10.762 10.684 10.569 10.341 10.862 10.612 10.514 10.537 10.770 10.952 10.937 10.763 10.881 10.804 11.018 10.967 11.208 11.113 10.982 10.868 11.108 11.188 11.072 11.157 11.412 11.285 11.412 11.479 11.532 11.199 11/04/2038
10.730 10.860 10.849 11.400 11.895 10.743 10.621 10.769 11.489 11.584 10.384 10.480 11.309 11.307 11.681 10.256 10.398 10.964 10.955 11.007 10.539 10.376 10.818 10.967 10.796 10.680 10.505 10.954 10.597 10.794 12/04/2038
8.757 9.023 8.811 9.964 10.472 8.860 8.698 8.732 10.216 10.239 9.499 9.183 9.702 9.555 10.287 9.644 10.135 9.946 9.832 9.855 10.315 10.105 10.115 10.000 9.882 10.850 10.853 10.724 10.114 9.725 13/04/2038
7.456 7.946 7.109 7.535 8.309 7.795 7.690 7.019 8.561 8.377 7.957 8.090 8.534 8.341 8.479 8.425 9.102 9.006 8.833 8.574 8.674 9.071 8.868 9.067 9.177 8.850 9.294 9.183 9.305 8.985 14/04/2038
10.017 9.959 9.540 9.450 9.611 9.754 9.568 9.437 10.058 9.757 9.577 9.738 10.183 10.062 9.823 9.758 10.680 10.381 10.241 10.143 9.896 10.639 10.162 10.425 10.543 10.028 10.655 10.203 10.512 10.315 15/04/2038
7.167 7.178 7.000 6.658 6.918 7.011 6.862 6.925 7.299 7.348 7.363 7.363 7.304 7.192 7.429 7.687 8.254 7.751 7.650 7.759 7.896 8.205 7.529 7.762 8.159 8.184 8.417 7.757 8.015 8.037 16/04/2038
7.777 7.841 7.935 7.578 7.781 7.623 7.489 7.839 8.305 8.215 7.986 8.026 8.107 8.013 8.327 8.499 9.433 8.490 8.387 8.666 8.845 9.401 8.276 8.535 9.289 9.195 9.737 8.774 9.122 9.161 17/04/2038
9.720 9.827 9.990 9.794 10.231 9.634 9.465 9.900 10.474 10.334 9.749 9.863 10.334 10.216 10.427 10.142 11.437 10.414 10.283 10.451 10.433 11.418 10.280 10.489 10.669 10.599 11.565 10.536 10.654 10.482 18/04/2038
7.810 7.797 8.038 10.197 8.001 7.585 7.412 7.943 9.990 8.297 7.921 7.991 9.664 9.556 8.238 10.154 10.947 9.766 9.659 9.982 10.542 10.850 9.579 9.835 9.848 10.893 11.122 9.681 9.933 9.673 19/04/2038
5.961 6.069 5.977 7.152 5.455 5.827 5.662 5.867 6.517 5.824 6.234 6.257 6.452 6.229 5.967 6.428 7.107 6.666 6.400 6.555 6.738 7.068 6.544 6.809 6.880 7.010 7.203 7.011 7.077 6.462 20/04/2038
4.953 4.783 4.810 4.623 4.090 4.578 4.482 4.717 4.557 4.144 4.530 4.534 4.526 4.368 4.280 4.874 5.217 4.502 4.327 4.454 5.102 5.182 4.252 4.605 4.605 5.327 5.347 4.640 4.666 4.323 21/04/2038
5.464 5.543 5.481 4.691 4.636 5.427 5.329 5.438 5.077 4.747 5.555 5.486 5.071 5.101 4.848 5.082 5.204 5.090 5.060 5.101 5.204 5.162 5.138 5.065 5.165 5.388 5.249 5.068 5.074 5.126 22/04/2038
6.440 6.486 6.322 5.743 5.561 6.352 6.241 6.232 5.555 5.439 6.735 6.414 5.580 5.550 5.537 6.744 6.403 5.688 5.616 5.554 6.653 6.385 5.767 5.724 5.611 6.368 6.320 5.765 5.747 5.529 23/04/2038
8.846 8.737 8.533 7.280 7.303 8.544 8.407 8.401 7.649 7.321 8.516 8.584 8.038 7.930 7.386 8.858 9.146 7.815 7.660 7.669 9.208 9.118 8.063 7.903 7.664 9.627 9.288 8.406 8.134 7.395 24/04/2038
11.232 10.987 10.867 9.181 10.333 10.679 10.411 10.667 10.780 10.163 10.374 10.505 11.057 10.909 10.148 10.668 10.924 10.669 10.437 10.413 10.510 10.924 10.783 10.758 10.285 10.409 10.798 10.855 10.633 9.974 25/04/2038
9.374 9.275 9.142 8.402 9.651 9.060 8.905 9.013 9.827 9.741 9.084 9.051 9.761 9.671 9.796 9.683 9.974 9.714 9.635 9.711 9.729 9.941 9.649 9.749 9.768 9.781 9.988 9.758 9.868 9.646 26/04/2038
8.050 8.079 8.156 7.559 8.661 7.908 7.742 8.035 9.221 9.051 8.039 8.081 8.913 8.822 9.160 8.882 9.230 8.994 8.867 9.125 9.352 9.177 8.935 9.060 9.135 9.481 9.348 9.162 9.211 8.952 27/04/2038
9.293 9.185 9.175 7.796 8.011 8.927 8.754 9.029 8.461 8.402 8.721 8.918 8.372 8.236 8.555 8.882 8.710 8.337 8.155 8.314 9.038 8.669 8.208 8.385 8.358 9.131 8.710 8.425 8.442 8.123 28/04/2038
12.136 11.874 11.791 11.324 11.569 11.758 11.640 11.745 11.561 11.600 11.403 11.247 11.495 11.401 11.662 11.817 12.543 11.778 11.682 11.377 12.375 12.515 11.833 11.815 11.793 12.928 12.803 12.246 11.823 11.663 29/04/2038
12.491 12.436 12.349 11.926 12.237 12.266 12.128 12.229 12.917 12.250 12.404 12.250 12.893 12.702 12.408 13.092 13.361 12.927 12.738 12.507 13.395 13.334 13.039 13.014 12.736 13.697 13.453 13.299 13.104 12.502 30/04/2038
15.150 14.993 14.704 13.140 14.704 14.759 14.572 14.553 15.207 14.864 14.901 14.714 15.596 15.477 14.980 14.953 15.742 15.594 15.443 15.061 14.947 15.735 15.914 15.641 15.290 14.939 15.814 16.021 15.741 15.126 01/05/2038
18.939 18.985 18.900 18.037 19.281 18.953 18.995 18.930 19.327 19.302 19.011 18.832 19.452 19.326 19.370 18.996 18.794 19.372 19.336 19.223 18.851 18.764 19.486 19.442 19.229 18.854 18.887 19.765 19.576 19.152 02/05/2038
16.866 16.616 16.669 15.942 17.016 16.461 16.341 16.573 16.714 16.946 16.393 16.465 16.767 16.709 16.978 15.790 15.813 16.766 16.685 16.587 15.959 15.772 16.784 16.810 16.551 16.017 15.871 16.925 16.818 16.481 03/05/2038
16.263 16.074 16.178 14.684 15.506 15.961 15.888 16.115 16.286 15.811 15.991 16.043 16.131 16.034 15.780 16.127 16.696 16.181 16.048 16.145 16.327 16.670 16.117 16.230 16.028 16.506 16.727 16.187 16.219 15.868 04/05/2038
19.490 19.524 19.527 19.048 18.712 19.476 19.520 19.536 19.961 18.864 19.677 19.609 20.014 19.833 18.965 20.033 20.804 20.038 19.867 19.853 20.157 20.790 20.024 20.140 20.049 20.329 20.767 20.346 20.233 19.777 05/05/2038
15.565 14.898 14.768 14.450 14.246 14.708 14.606 14.644 14.560 14.199 14.639 14.445 14.726 14.642 14.291 15.191 15.122 14.599 14.496 14.291 14.927 15.096 14.459 14.677 14.307 14.959 15.011 14.588 14.557 14.059 06/05/2038
14.489 14.182 13.994 12.837 12.802 14.021 13.893 13.902 12.456 12.641 13.790 13.704 12.767 12.690 12.672 13.272 13.036 12.447 12.396 12.295 13.059 13.011 12.636 12.483 12.228 13.258 12.910 12.633 12.532 12.114 07/05/2038
14.697 14.280 14.072 13.116 13.812 14.121 13.988 13.965 13.667 13.567 13.944 13.832 13.812 13.757 13.624 14.263 14.210 13.680 13.634 13.502 14.258 14.168 13.832 13.721 13.521 14.316 14.065 13.760 13.684 13.400 08/05/2038
14.117 13.912 13.823 13.503 14.081 13.729 13.569 13.702 13.562 14.010 13.832 13.767 13.625 13.514 14.132 13.969 14.901 13.901 13.809 13.643 14.740 14.862 14.167 13.946 14.424 14.933 15.416 14.723 14.736 14.300 09/05/2038
13.020 12.751 12.594 12.351 12.306 12.544 12.407 12.467 12.360 12.307 13.186 12.927 12.497 12.390 12.411 13.127 14.253 13.555 13.431 13.012 14.188 14.220 13.857 13.612 14.111 14.978 15.224 14.904 14.767 13.923 10/05/2038
15.294 15.110 15.002 15.084 15.019 14.960 14.816 14.903 14.845 14.858 15.064 14.968 14.872 14.790 14.892 14.978 15.709 15.094 15.002 14.600 15.251 15.689 15.219 15.133 14.885 15.329 15.821 15.339 15.237 14.795 11/05/2038
19.637 19.417 19.539 18.801 19.785 19.372 19.329 19.523 19.280 19.524 19.427 19.293 19.000 18.965 19.489 19.405 19.720 19.032 19.005 18.952 19.514 19.716 19.187 19.063 19.000 19.630 19.691 19.168 19.134 18.946 12/05/2038
16.230 15.947 15.967 15.217 15.365 15.854 15.786 15.914 15.987 15.438 15.876 15.819 15.924 15.917 15.508 15.986 15.834 15.891 15.864 15.905 15.853 15.824 15.914 15.913 15.890 15.720 15.710 15.806 15.919 15.838 13/05/2038
14.811 14.832 14.864 14.449 14.651 14.629 14.493 14.743 14.054 14.826 14.622 14.718 13.945 13.876 14.939 15.017 14.252 13.850 13.740 13.899 15.201 14.234 13.858 13.878 13.762 15.257 14.160 13.796 13.859 13.645 14/05/2038
19.229 19.103 19.435 18.711 19.134 19.177 19.252 19.469 19.408 19.213 19.138 19.257 19.264 19.254 19.321 18.901 19.256 19.169 19.164 19.218 19.112 19.260 19.230 19.158 18.991 19.185 19.286 19.326 19.094 18.994 15/05/2038
19.553 19.430 19.390 18.240 18.594 19.392 19.501 19.402 18.597 18.772 19.399 19.371 18.553 18.483 18.823 18.779 19.005 18.558 18.490 18.713 18.949 19.016 18.695 18.598 18.914 19.217 19.184 18.983 18.875 18.854 16/05/2038
17.522 17.677 17.917 18.456 18.055 17.644 17.629 17.863 18.956 18.454 17.923 17.974 18.794 18.621 18.590 17.823 18.499 18.881 18.697 18.883 18.212 18.465 18.804 18.962 19.196 18.509 18.663 19.224 19.256 18.965 17/05/2038
21.051 21.032 21.226 20.904 20.832 20.829 20.779 21.106 21.362 20.967 20.869 20.994 21.258 21.118 21.129 20.890 21.287 21.026 20.904 20.938 20.874 21.266 20.968 21.120 21.176 20.945 21.358 21.310 21.267 20.955 18/05/2038
23.759 23.689 23.820 23.015 23.388 23.453 23.337 23.688 23.294 23.226 23.356 23.491 23.290 23.132 23.354 23.782 24.384 22.937 22.807 22.719 23.740 24.374 22.961 23.053 22.975 23.763 24.358 23.293 23.134 22.716 19/05/2038
23.214 23.067 22.788 22.395 22.905 22.942 22.810 22.669 22.322 22.810 23.075 22.848 22.597 22.497 22.867 22.832 24.170 22.478 22.354 22.158 22.706 24.171 22.672 22.574 22.414 22.645 24.122 22.981 22.657 22.188 20/05/2038
19.280 19.251 19.143 18.400 18.897 19.121 19.030 19.023 19.069 18.951 19.137 19.143 19.202 19.133 19.031 19.696 20.097 19.318 19.244 19.218 19.793 20.105 19.347 19.376 19.398 19.860 20.205 19.655 19.619 19.263 21/05/2038
16.487 16.448 16.453 16.565 17.079 16.287 16.194 16.341 17.519 17.346 16.457 16.466 17.594 17.447 17.439 16.417 16.829 17.619 17.460 17.495 16.732 16.794 17.593 17.701 17.695 16.962 16.972 17.922 17.843 17.433 22/05/2038
13.684 13.625 13.711 13.806 13.637 13.412 13.256 13.585 13.942 14.143 13.577 13.664 13.949 13.753 14.240 14.409 14.802 14.006 13.769 13.843 14.902 14.776 14.053 14.099 14.120 15.213 14.905 14.514 14.405 13.767 23/05/2038
14.784 14.593 14.652 14.396 14.734 14.479 14.341 14.567 15.143 15.076 14.768 14.670 15.088 14.969 15.134 15.498 15.886 15.232 15.067 15.150 15.811 15.878 15.381 15.273 15.055 15.985 15.937 15.632 15.471 14.866 24/05/2038
17.284 17.024 16.785 15.564 15.725 16.916 16.883 16.716 16.060 15.714 17.205 16.825 16.550 16.480 15.774 17.568 17.524 16.192 16.074 15.718 17.479 17.506 16.655 16.244 15.570 17.128 17.102 16.383 15.958 15.377 25/05/2038
20.197 20.021 20.065 19.429 18.820 19.785 19.583 19.929 18.848 19.003 19.916 19.899 18.824 18.774 19.037 19.662 20.038 18.689 18.614 18.693 19.851 20.005 18.787 18.712 18.373 19.949 19.919 18.799 18.643 18.243 26/05/2038
19.048 18.845 19.161 19.017 18.313 18.672 18.522 19.055 18.630 18.517 18.704 18.782 18.502 18.437 18.617 18.439 19.146 18.434 18.331 18.407 18.539 19.122 18.377 18.445 18.090 18.671 19.188 18.508 18.407 17.970 27/05/2038
17.687 17.333 17.246 16.843 16.692 17.148 17.061 17.113 16.042 16.456 17.158 17.037 16.198 16.132 16.483 17.378 17.073 15.785 15.689 15.437 17.229 17.061 15.972 15.801 14.990 17.191 16.942 15.899 15.641 14.872 28/05/2038
16.714 16.441 16.403 15.469 15.673 16.263 16.126 16.290 15.933 15.842 16.350 16.265 15.880 15.846 15.840 17.198 17.036 15.622 15.571 15.549 17.217 17.021 15.833 15.643 15.086 17.250 16.997 15.789 15.444 15.043 29/05/2038
15.534 15.575 15.613 14.858 15.723 15.550 15.580 15.611 15.587 15.914 15.898 15.811 15.550 15.488 15.913 16.261 16.767 15.561 15.474 15.430 16.471 16.723 15.664 15.587 15.148 16.582 16.755 15.682 15.536 15.044 30/05/2038
17.510 17.533 17.471 17.135 16.887 17.508 17.477 17.456 17.804 17.239 17.751 17.643 17.664 17.613 17.307 18.386 18.350 17.826 17.707 17.697 18.490 18.326 17.952 17.873 17.676 18.432 18.352 18.249 18.059 17.516 31/05/2038
18.650 18.623 18.501 18.286 18.535 18.449 18.315 18.391 18.793 18.619 18.600 18.498 18.774 18.707 18.693 18.899 18.938 18.769 18.705 18.710 19.019 18.918 18.789 18.809 18.741 19.216 18.994 18.939 18.848 18.636 01/06/2038
18.099 18.070 17.940 17.778 18.370 17.938 17.825 17.856 18.543 18.477 18.072 18.006 18.541 18.429 18.566 18.510 18.652 18.540 18.400 18.427 18.662 18.635 18.532 18.587 18.556 18.931 18.711 18.736 18.644 18.379 02/06/2038
19.967 20.041 19.941 19.957 20.890 19.918 19.782 19.838 20.617 20.948 20.074 20.048 20.641 20.540 20.958 20.844 21.181 20.782 20.633 20.608 21.011 21.150 20.652 20.816 20.936 21.255 21.396 21.015 20.959 20.780 03/06/2038
19.985 19.976 19.738 20.029 20.371 19.709 19.534 19.566 20.272 20.590 19.979 19.951 20.335 20.206 20.709 20.844 20.697 20.509 20.361 20.318 21.244 20.669 20.429 20.568 20.759 21.690 20.916 20.763 20.727 20.516 04/06/2038
20.572 20.419 20.155 19.974 20.602 20.101 19.805 19.950 20.813 20.834 20.267 20.236 20.917 20.729 20.962 21.080 21.264 20.978 20.742 20.739 21.416 21.193 20.953 21.097 21.222 21.844 21.552 21.518 21.413 20.850 05/06/2038
21.675 21.599 21.518 21.557 21.975 21.446 21.296 21.406 22.393 22.046 21.659 21.686 22.386 22.206 22.201 21.670 22.075 22.400 22.163 22.106 22.012 22.043 22.296 22.489 22.437 22.478 22.279 22.783 22.654 22.118 06/06/2038
23.149 22.995 22.682 21.350 21.719 22.784 22.576 22.567 22.343 21.737 22.861 22.813 22.422 22.418 21.764 23.227 23.539 22.539 22.448 22.381 23.336 23.518 22.524 22.594 22.580 23.540 23.746 22.853 22.847 22.438 07/06/2038
18.370 18.385 18.159 17.387 17.660 18.229 18.091 18.065 18.054 17.819 18.071 18.290 18.182 18.068 17.925 17.814 18.470 18.299 18.176 18.088 17.833 18.451 18.288 18.360 18.439 17.942 18.298 18.276 18.599 18.269 08/06/2038
15.483 15.562 15.354 14.452 14.782 15.418 15.248 15.247 14.984 15.077 15.455 15.505 15.210 15.032 15.180 15.506 15.265 15.269 15.073 14.951 15.735 15.224 15.352 15.335 15.322 16.038 15.531 15.796 15.690 15.085 09/06/2038
15.942 15.720 15.614 14.960 15.564 15.501 15.376 15.492 15.450 15.388 15.700 15.496 15.921 15.709 15.556 16.348 16.566 15.850 15.624 15.118 16.553 16.521 15.851 15.949 15.369 16.926 16.787 16.329 16.226 15.076 10/06/2038
15.211 15.009 14.883 14.959 15.418 14.716 14.479 14.706 15.933 15.473 15.108 14.940 16.213 16.039 15.662 15.865 16.643 16.314 16.138 15.834 16.306 16.569 16.358 16.383 16.117 16.907 17.235 16.995 16.818 15.826 11/06/2038
14.392 14.181 14.052 13.572 13.077 13.939 13.717 13.901 13.778 13.390 14.442 14.239 14.026 13.824 13.619 14.435 14.390 14.124 13.904 13.835 14.649 14.329 14.298 14.218 14.308 15.142 14.750 14.846 14.579 13.982 12/06/2038
14.931 14.673 14.541 13.776 13.914 14.480 14.312 14.390 14.487 14.299 15.135 14.697 14.645 14.492 14.475 15.101 15.322 14.758 14.591 14.411 15.317 15.297 15.024 14.836 14.538 15.685 15.542 15.448 15.214 14.293 13/06/2038
16.712 16.480 16.218 15.453 15.571 16.324 16.218 16.120 16.227 16.057 16.577 16.466 16.407 16.269 16.193 17.460 17.206 16.592 16.424 16.264 17.505 17.175 16.632 16.661 16.365 17.739 17.481 17.039 16.933 16.133 14/06/2038
15.447 15.219 15.047 13.733 13.674 14.941 14.675 14.849 14.507 14.178 15.184 15.141 14.663 14.494 14.349 14.899 15.431 14.923 14.715 14.607 15.133 15.374 14.907 15.002 14.791 15.488 15.775 15.432 15.389 14.522 15/06/2038
16.311 16.027 15.825 15.254 14.103 15.755 15.531 15.640 15.000 14.368 15.857 15.862 15.264 15.041 14.593 16.011 15.724 15.369 15.098 14.921 16.296 15.721 15.414 15.474 15.088 16.664 16.024 15.977 15.891 14.762 16/06/2038
18.024 17.893 17.711 17.123 17.159 17.682 17.524 17.560 17.738 17.548 17.896 17.881 17.913 17.786 17.684 18.149 18.433 18.150 17.964 17.835 18.365 18.412 18.161 18.223 18.029 18.571 18.535 18.449 18.393 17.791 17/06/2038
17.360 17.078 16.846 15.984 16.355 16.838 16.640 16.675 16.690 16.424 16.829 16.782 16.949 16.779 16.589 16.976 17.552 16.874 16.682 16.493 16.982 17.514 16.917 16.953 16.548 17.021 17.520 17.075 16.972 16.279 18/06/2038
16.697 16.614 16.376 15.392 15.472 16.451 16.322 16.266 15.816 15.726 16.671 16.548 16.015 15.878 15.867 16.835 17.604 16.245 16.042 15.866 17.146 17.577 16.414 16.335 16.252 17.519 17.916 16.948 16.749 15.968 19/06/2038
19.124 19.170 18.903 17.008 17.376 19.198 19.194 18.918 17.398 17.653 19.402 19.280 17.619 17.632 17.651 19.562 18.645 17.882 17.916 17.682 19.450 18.682 18.008 17.956 17.853 19.372 18.675 18.489 18.381 17.818 20/06/2038
23.726 23.563 23.268 23.077 22.811 23.237 22.974 23.062 23.631 23.156 23.400 23.384 23.746 23.586 23.255 23.559 23.766 23.838 23.682 23.559 23.563 23.757 23.888 23.918 23.722 23.586 23.751 24.137 24.077 23.492 21/06/2038
23.817 23.632 23.528 22.888 23.230 23.483 23.338 23.422 24.061 23.646 23.330 23.416 24.075 24.051 23.651 23.771 24.286 24.305 24.215 24.134 23.756 24.251 24.143 24.335 24.129 23.773 24.369 24.232 24.362 24.059 22/06/2038
20.834 20.853 20.677 20.266 20.191 20.806 20.781 20.656 20.301 20.278 20.495 20.672 20.436 20.439 20.266 20.495 20.932 20.510 20.502 20.404 20.367 20.925 20.371 20.496 20.388 20.271 20.863 20.305 20.436 20.420 23/06/2038
21.642 21.436 21.333 20.799 20.862 21.296 21.138 21.200 21.111 20.836 20.910 21.030 21.090 20.861 20.876 19.829 20.224 20.757 20.522 20.471 19.835 20.200 20.597 20.848 20.633 20.033 20.186 20.875 20.922 20.286 24/06/2038
24.478 24.369 24.387 24.294 23.572 24.281 24.191 24.314 24.634 23.826 24.166 24.202 24.611 24.507 24.024 23.340 24.394 24.485 24.371 24.352 23.411 24.366 24.422 24.519 24.288 23.598 24.381 24.477 24.552 24.147 25/06/2038
23.066 23.063 23.038 22.655 21.880 22.945 22.827 22.944 22.865 22.442 22.862 23.028 22.851 22.716 22.584 22.177 22.695 22.934 22.786 22.816 22.225 22.673 22.785 22.996 23.011 22.547 22.859 23.081 23.151 22.785 26/06/2038
22.973 22.912 22.828 21.955 22.001 22.758 22.599 22.725 22.839 22.568 22.715 22.899 23.005 22.935 22.659 22.651 23.497 23.172 23.081 22.937 22.762 23.477 23.073 23.206 23.057 23.027 23.571 23.293 23.351 22.896 27/06/2038
21.967 22.052 22.021 21.475 21.376 22.026 21.974 22.002 21.878 21.903 22.003 22.131 21.972 22.001 21.924 21.496 21.945 22.178 22.196 22.135 21.533 21.962 22.071 22.155 22.095 21.565 21.962 22.160 22.252 22.130 28/06/2038
21.333 21.286 21.255 20.332 20.853 21.086 20.949 21.125 21.703 21.258 21.032 21.181 21.738 21.559 21.421 21.267 21.530 21.863 21.702 21.720 21.407 21.478 21.653 21.923 21.983 21.643 21.751 22.082 22.156 21.745 29/06/2038
20.320 20.247 20.150 19.041 20.368 19.938 19.706 19.968 20.769 20.695 19.864 20.018 20.882 20.579 20.828 20.472 21.289 20.811 20.540 20.619 20.638 21.203 20.539 20.940 21.163 20.909 21.467 21.021 21.135 20.727 30/06/2038
19.506 19.443 19.364 18.791 19.240 19.208 19.058 19.227 19.823 19.596 19.171 19.258 19.891 19.689 19.724 19.092 19.922 19.758 19.614 19.695 19.198 19.871 19.576 19.853 20.042 19.292 20.059 19.936 20.096 19.746 01/07/2038
20.770 20.813 20.674 20.443 20.439 20.647 20.525 20.573 20.850 20.684 20.567 20.616 20.979 20.876 20.791 20.691 21.142 20.870 20.715 20.651 20.691 21.111 20.775 20.931 20.952 20.867 21.199 20.990 21.026 20.687 02/07/2038
22.978 22.965 22.811 22.510 21.776 22.785 22.655 22.690 22.248 22.014 22.819 22.786 22.294 22.160 22.081 23.036 22.649 22.227 22.051 22.026 22.931 22.638 22.240 22.280 21.937 22.992 22.532 22.326 22.229 21.729 03/07/2038
23.173 23.108 23.018 22.595 22.430 22.954 22.768 22.926 23.005 22.590 22.985 22.926 23.137 22.986 22.668 22.920 23.479 23.062 22.865 22.844 22.843 23.442 23.098 23.137 22.877 22.984 23.450 23.255 23.215 22.615 04/07/2038
23.576 23.500 23.335 22.519 23.037 23.338 23.180 23.268 23.559 23.474 23.362 23.403 23.561 23.488 23.553 23.157 23.462 23.524 23.435 23.445 23.103 23.439 23.509 23.558 23.321 23.192 23.378 23.701 23.599 23.149 05/07/2038
24.009 23.970 24.030 23.538 24.171 23.815 23.591 23.942 24.440 24.215 23.572 23.758 24.459 24.315 24.323 23.546 24.034 24.407 24.210 24.275 23.552 23.994 24.232 24.472 24.446 23.616 24.026 24.418 24.544 24.197 06/07/2038
23.323 23.374 23.396 22.922 23.617 23.215 22.973 23.282 23.881 23.645 22.860 23.078 23.957 23.771 23.785 22.961 23.527 23.907 23.668 23.720 23.016 23.487 23.733 23.979 24.024 23.168 23.591 23.984 24.102 23.738 07/07/2038
24.021 23.958 23.970 23.703 24.516 23.830 23.707 23.888 24.376 24.461 23.734 23.784 24.428 24.330 24.558 23.541 23.760 24.389 24.302 24.320 23.422 23.746 24.245 24.447 24.401 23.441 23.727 24.454 24.565 24.229 08/07/2038
25.209 25.149 25.120 25.006 25.619 24.971 24.799 25.006 25.360 25.467 24.899 24.914 25.357 25.309 25.581 24.181 24.675 25.402 25.263 25.305 23.904 24.643 25.206 25.469 25.245 23.865 24.680 25.375 25.448 25.006 09/07/2038
23.590 23.506 23.422 23.302 23.608 23.213 22.945 23.244 23.988 23.745 23.062 23.220 23.845 23.641 23.924 22.806 23.148 23.764 23.468 23.565 22.904 23.125 23.516 23.861 23.285 22.806 22.903 23.537 23.618 22.891 10/07/2038
22.628 22.435 22.465 22.272 21.335 22.156 21.919 22.294 21.440 21.350 21.625 21.929 21.353 21.318 21.520 21.392 21.086 21.206 21.151 21.363 21.340 21.095 20.832 21.212 21.181 21.175 20.948 20.726 21.032 21.124 11/07/2038
19.600 19.442 19.166 18.651 19.480 19.193 19.028 19.022 19.394 19.459 18.892 18.946 19.543 19.373 19.576 18.832 18.845 19.264 19.032 19.024 18.625 18.821 19.093 19.352 19.146 18.584 18.650 19.186 19.287 18.877 12/07/2038
18.467 18.268 18.116 17.422 18.103 18.063 17.921 18.001 18.293 18.303 17.950 17.984 18.458 18.269 18.450 18.749 18.859 18.406 18.205 18.169 18.701 18.821 18.300 18.475 18.252 18.801 18.853 18.421 18.488 18.023 13/07/2038
21.155 20.984 20.825 20.028 20.471 20.782 20.609 20.691 21.042 20.560 20.786 20.788 21.025 20.885 20.711 21.075 21.203 20.915 20.736 20.745 21.093 21.168 20.869 20.967 20.612 21.108 21.155 21.066 20.993 20.396 14/07/2038
22.453 22.450 22.380 21.534 21.513 22.328 22.097 22.285 22.598 21.743 22.231 22.363 22.587 22.350 21.986 22.493 23.293 22.565 22.278 22.306 22.495 23.274 22.450 22.671 22.470 22.529 23.254 22.834 22.865 22.035 15/07/2038
21.199 21.044 20.922 20.367 20.436 20.867 20.719 20.815 20.658 20.409 20.450 20.726 20.720 20.584 20.507 20.718 20.942 20.484 20.343 20.314 20.594 20.929 20.324 20.550 20.210 20.552 20.790 20.307 20.442 20.025 16/07/2038
19.688 19.697 19.503 18.750 18.797 19.514 19.395 19.391 19.401 18.938 19.512 19.540 19.582 19.472 18.981 19.844 19.939 19.550 19.418 19.361 20.082 19.883 19.528 19.605 19.435 20.383 20.092 19.701 19.693 19.273 17/07/2038
20.977 21.001 20.636 20.351 19.761 20.814 20.724 20.532 20.426 19.926 20.794 20.895 20.596 20.578 20.049 20.560 20.788 20.626 20.577 20.429 20.560 20.754 20.670 20.673 20.478 20.574 20.675 20.544 20.675 20.419 18/07/2038
22.680 22.877 22.670 22.108 22.113 22.669 22.475 22.536 22.533 22.045 22.552 22.682 22.677 22.623 22.176 22.104 22.117 22.616 22.515 22.358 21.968 22.088 22.560 22.637 22.309 21.873 22.049 22.567 22.550 22.152 19/07/2038
22.719 22.702 22.551 21.931 21.840 22.539 22.413 22.417 22.512 22.193 22.481 22.525 22.622 22.542 22.327 22.522 22.503 22.559 22.454 22.414 22.527 22.441 22.489 22.631 22.313 22.519 22.523 22.611 22.617 22.155 20/07/2038
26.775 26.771 26.490 26.095 26.375 26.553 26.402 26.370 26.650 26.277 26.502 26.275 26.668 26.569 26.345 26.397 26.590 26.598 26.447 26.357 26.478 26.572 26.610 26.645 26.327 26.555 26.694 26.789 26.659 26.129 21/07/2038
29.715 29.923 29.682 29.648 29.755 29.757 29.689 29.590 29.854 29.729 29.975 29.934 30.140 30.051 29.760 29.101 29.951 30.160 30.120 29.751 29.319 29.927 30.279 30.197 29.542 29.411 29.509 29.901 29.895 29.451 22/07/2038
32.199 31.820 31.244 31.729 31.479 31.636 31.496 31.142 32.252 32.021 31.651 31.823 31.953 31.914 32.006 30.601 31.683 32.768 32.734 32.430 31.169 31.669 32.371 32.786 30.743 30.584 30.598 31.163 30.788 30.588 23/07/2038
31.614 31.358 31.135 30.998 30.809 31.154 30.983 31.013 31.273 31.142 31.288 31.253 31.230 31.150 31.166 30.593 30.941 31.364 31.251 31.105 30.457 30.938 31.178 31.410 31.019 30.265 30.564 30.829 30.843 30.871 24/07/2038
25.787 25.579 25.665 25.862 26.140 25.446 25.369 25.621 26.161 26.256 25.206 25.523 25.968 25.883 26.302 25.102 25.687 26.266 26.159 26.422 25.381 25.701 25.838 26.324 26.592 25.455 25.690 25.954 26.434 26.413 25/07/2038
24.763 24.823 24.832 24.406 24.503 24.672 24.570 24.755 24.670 24.659 24.597 24.742 24.526 24.454 24.671 24.239 24.827 24.650 24.535 24.799 24.332 24.801 24.373 24.686 24.914 24.442 24.769 24.385 24.675 24.760 26/07/2038
26.419 26.592 26.657 26.345 26.613 26.478 26.419 26.585 26.990 26.891 26.294 26.562 26.657 26.608 26.908 26.306 26.716 26.881 26.805 26.830 26.594 26.693 26.602 26.912 26.583 26.720 26.755 26.694 26.670 26.490 27/07/2038
28.038 28.168 28.250 28.231 28.619 28.125 28.156 28.200 28.886 28.562 27.491 27.929 28.556 28.465 28.607 27.198 27.711 28.490 28.360 28.666 27.343 27.698 27.947 28.556 28.736 27.097 27.547 27.954 28.428 28.550 28/07/2038
25.567 25.422 25.338 24.937 24.399 25.389 25.350 25.271 24.779 24.669 24.999 25.108 24.732 24.667 24.739 25.278 24.459 24.807 24.682 24.788 25.358 24.414 24.590 24.840 25.017 25.483 24.559 24.711 24.993 24.798 29/07/2038
24.743 24.983 24.807 24.211 24.690 24.894 24.827 24.757 24.238 24.688 24.911 24.901 24.351 24.288 24.723 25.099 24.905 24.529 24.431 24.364 25.284 24.876 24.425 24.581 24.721 25.613 25.101 24.785 24.819 24.530 30/07/2038
24.695 24.783 24.609 23.961 24.297 24.680 24.596 24.540 24.358 24.422 24.816 24.756 24.330 24.346 24.442 24.836 24.842 24.418 24.423 24.361 25.069 24.821 24.452 24.439 24.395 25.353 24.933 24.579 24.548 24.379 31/07/2038
