# 6448 6449 6450 6451 6452 6528 6529 6530 6531 6532 6610 6611 6612 6613 6614 6693 6694 6695 6696 6697 6776 6777 6778 6779 6780 6859 6860 6861 6862 6863 Date
24.845 24.904 24.917 23.489 24.011 24.858 24.777 24.893 25.144 24.191 24.737 24.883 25.005 24.975 24.281 24.536 24.683 25.012 24.978 24.985 24.431 24.643 24.846 25.020 24.988 24.384 24.638 24.856 25.014 24.937 01/08/2028
24.912 25.017 24.916 24.482 24.967 24.906 24.812 24.829 25.662 25.102 25.010 25.072 25.626 25.600 25.140 24.678 25.233 25.641 25.561 25.737 24.792 25.212 25.648 25.672 25.937 24.914 25.324 25.779 25.835 25.839 02/08/2028
26.151 26.350 26.358 25.189 26.039 26.383 26.410 26.362 26.527 26.129 26.368 26.418 26.477 26.439 26.156 26.225 26.349 26.427 26.361 26.414 26.150 26.345 26.432 26.437 26.178 25.962 26.272 26.445 26.314 26.073 03/08/2028
26.313 26.208 26.301 25.681 26.547 26.122 26.052 26.247 26.749 26.594 26.028 25.960 26.364 26.351 26.612 26.075 26.363 26.406 26.373 26.542 26.290 26.355 26.236 26.410 26.021 26.414 26.480 26.343 26.271 26.003 04/08/2028
26.372 26.525 26.525 25.787 25.721 26.374 26.223 26.430 26.309 25.569 26.096 26.302 26.050 26.122 25.578 25.927 25.830 26.239 26.303 26.545 26.299 25.810 25.986 26.183 26.899 26.880 25.860 25.892 26.254 27.031 05/08/2028
22.268 22.247 22.148 22.090 22.398 22.082 21.935 22.051 22.689 22.511 21.917 22.092 22.567 22.464 22.596 22.380 22.155 22.556 22.413 22.545 22.400 22.119 22.289 22.600 22.895 22.446 22.248 22.570 22.665 22.665 06/08/2028
22.932 23.065 23.018 23.052 23.863 22.861 22.702 22.881 24.330 24.178 22.842 23.093 24.098 24.064 24.271 23.882 23.916 24.264 24.212 24.376 24.195 23.888 24.011 24.284 24.555 24.527 24.117 24.285 24.408 24.497 07/08/2028
22.525 22.701 22.724 22.368 23.545 22.520 22.380 22.605 23.948 23.892 22.509 22.736 23.753 23.661 23.984 23.247 23.973 23.931 23.795 23.913 23.500 23.930 23.599 23.978 24.145 23.732 24.120 23.942 24.014 23.998 08/08/2028
23.455 23.494 23.567 23.412 24.448 23.418 23.345 23.525 24.571 24.760 23.015 23.316 24.403 24.340 24.785 23.437 24.250 24.417 24.332 24.435 23.782 24.225 24.035 24.435 24.657 24.250 24.588 24.607 24.878 24.529 09/08/2028
24.289 24.337 24.346 24.585 24.319 24.146 23.935 24.214 24.387 24.234 23.706 24.067 24.155 24.099 24.320 23.869 24.224 24.036 23.945 24.113 23.965 24.212 23.728 24.105 24.745 24.277 24.462 24.031 24.663 24.595 10/08/2028
24.769 24.966 25.056 25.155 24.638 24.772 24.577 24.932 25.314 24.648 24.647 25.130 25.242 25.117 24.791 24.808 25.135 25.240 25.106 25.599 25.084 25.167 25.183 25.343 26.234 25.422 25.202 25.433 26.103 26.003 11/08/2028
26.451 26.670 26.808 26.415 26.865 26.569 26.419 26.751 27.310 26.568 26.273 26.568 26.984 26.925 26.622 26.192 26.913 26.976 26.866 27.513 26.295 26.903 26.802 27.011 27.702 26.336 26.867 26.846 27.283 27.554 12/08/2028
22.949 23.077 23.396 23.471 23.429 22.949 22.816 23.295 23.947 23.258 22.759 23.125 23.608 23.478 23.341 22.827 23.242 23.587 23.427 23.915 22.985 23.208 23.227 23.639 24.047 23.044 23.230 23.353 23.727 23.846 13/08/2028
19.412 19.325 19.221 19.247 19.616 19.193 19.085 19.127 19.932 19.613 19.194 19.185 19.767 19.630 19.722 19.356 19.798 19.722 19.564 19.845 19.460 19.751 19.641 19.783 20.033 19.716 19.873 19.954 19.914 19.774 14/08/2028
20.329 20.206 20.164 19.798 20.774 19.992 19.798 20.004 20.613 20.696 20.041 20.120 20.532 20.358 20.810 20.209 20.690 20.462 20.254 20.399 20.446 20.634 20.437 20.567 20.442 20.576 20.626 20.543 20.496 20.180 15/08/2028
22.125 22.111 22.200 21.436 22.643 21.971 21.840 22.093 22.986 22.709 22.151 22.203 22.806 22.668 22.782 22.548 23.115 22.915 22.782 22.932 23.067 23.080 22.953 22.970 22.952 23.341 23.196 23.180 23.062 22.806 16/08/2028
24.836 24.989 25.424 24.689 25.147 24.934 24.872 25.389 25.890 25.663 25.467 25.518 25.434 25.384 25.709 25.524 26.224 25.479 25.394 25.475 25.896 26.200 25.523 25.494 25.449 25.927 26.195 25.617 25.432 25.376 17/08/2028
27.625 27.780 28.216 27.914 27.803 27.741 27.708 28.190 27.790 27.614 28.015 28.254 27.533 27.484 27.611 28.415 29.028 28.036 28.018 28.107 28.982 29.010 27.829 28.070 28.389 29.518 29.325 28.122 27.935 28.340 18/08/2028
24.639 24.661 24.869 23.839 24.412 24.682 24.661 24.877 24.557 24.348 24.836 24.937 24.500 24.404 24.392 25.254 25.247 24.755 24.619 24.677 25.399 25.233 24.802 24.789 24.946 25.665 25.300 24.995 25.016 24.777 19/08/2028
23.097 22.966 23.140 23.407 23.600 22.788 22.627 23.030 23.524 23.397 22.901 23.156 23.477 23.410 23.454 23.103 23.718 23.827 23.740 23.712 23.235 23.702 23.434 23.849 24.044 23.630 23.951 23.766 23.826 23.944 20/08/2028
21.725 21.730 21.637 21.613 21.893 21.584 21.494 21.588 21.854 21.806 21.752 21.662 21.995 21.867 21.875 21.964 22.615 22.125 22.030 21.839 22.043 22.596 21.956 22.162 22.013 22.070 22.617 22.067 22.057 21.888 21/08/2028
22.962 22.951 22.919 22.387 22.530 22.832 22.759 22.845 22.589 22.758 22.952 22.959 22.624 22.627 22.835 23.002 23.617 22.838 22.838 22.782 23.069 23.571 22.735 22.847 22.638 23.177 23.747 22.829 22.795 22.650 22/08/2028
21.919 21.919 21.940 22.428 21.678 21.773 21.643 21.848 21.940 21.912 21.927 21.957 21.964 21.896 22.013 22.782 23.005 22.207 22.087 22.103 22.961 22.988 22.081 22.256 22.158 23.160 23.086 22.304 22.366 22.052 23/08/2028
22.177 22.164 22.257 22.908 22.517 22.016 21.863 22.143 23.259 22.847 22.195 22.300 23.204 23.069 23.049 22.311 23.062 23.390 23.174 23.253 22.654 23.027 23.264 23.505 23.462 22.916 23.218 23.652 23.705 23.158 24/08/2028
24.650 24.797 24.927 25.291 25.493 24.559 24.366 24.767 25.087 25.725 24.813 24.918 24.880 24.764 25.786 25.510 25.334 25.083 24.900 25.028 25.889 25.289 24.879 25.166 25.228 26.275 25.497 25.275 25.295 24.986 25/08/2028
27.751 27.868 28.242 27.942 27.836 27.748 27.700 28.166 28.646 27.773 27.908 28.114 28.568 28.506 27.874 27.474 28.140 28.570 28.483 28.516 27.817 28.107 28.485 28.601 28.380 27.554 28.017 28.371 28.384 28.281 26/08/2028
30.912 30.821 31.092 29.810 29.802 30.617 30.520 30.953 31.839 29.688 30.751 30.956 31.860 31.809 29.652 29.449 30.312 31.969 31.952 31.720 29.724 30.280 31.813 31.980 31.546 29.656 30.033 31.457 31.571 31.470 27/08/2028
27.258 27.236 27.262 26.393 26.440 27.149 27.097 27.199 27.511 26.423 27.092 27.337 27.513 27.481 26.509 27.286 27.921 27.619 27.612 27.366 27.333 27.937 27.438 27.638 26.999 27.386 27.848 27.343 27.456 27.064 28/08/2028
26.025 26.020 26.028 26.214 26.535 25.880 25.878 25.935 27.408 26.659 26.116 26.119 27.300 27.162 26.784 26.715 27.353 27.537 27.403 27.477 27.244 27.307 27.576 27.619 27.633 27.724 27.574 28.065 27.972 27.399 29/08/2028
22.086 22.546 22.259 22.279 23.665 22.334 22.164 22.129 23.868 23.806 22.635 22.724 23.969 23.837 23.926 23.363 24.431 24.276 24.164 24.130 23.749 24.371 24.190 24.317 24.419 24.174 24.652 24.532 24.437 24.252 30/08/2028
20.986 21.312 21.187 20.692 21.583 21.126 20.993 21.085 22.266 21.718 21.435 21.489 22.264 22.215 21.804 21.916 22.597 22.447 22.394 22.375 22.135 22.569 22.314 22.467 22.584 22.403 22.777 22.565 22.550 22.488 31/08/2028
20.793 20.711 20.686 20.477 20.026 20.590 20.501 20.606 20.186 19.947 20.546 20.513 20.231 20.211 19.998 21.134 20.705 20.012 19.932 19.903 21.028 20.696 20.168 20.055 19.974 20.963 20.686 20.182 20.188 19.853 01/09/2028
19.240 19.341 19.177 18.081 18.643 19.193 19.056 19.101 19.737 18.927 19.249 19.263 19.773 19.603 19.004 19.919 19.839 19.867 19.701 19.635 19.954 19.819 19.739 19.950 19.572 20.027 19.817 19.926 19.885 19.261 02/09/2028
16.566 16.617 16.639 15.499 15.580 16.573 16.555 16.598 16.363 16.007 16.713 16.711 16.410 16.300 16.102 17.329 17.251 16.470 16.323 16.317 17.430 17.247 16.420 16.524 16.195 17.409 17.319 16.714 16.657 15.992 03/09/2028
17.475 17.192 17.091 16.107 16.032 17.008 16.852 16.972 16.888 16.507 17.050 17.071 17.079 16.903 16.649 17.649 17.682 16.944 16.745 16.645 17.510 17.624 17.035 17.035 16.303 17.460 17.475 17.048 17.038 15.980 04/09/2028
18.231 18.069 18.047 16.209 16.957 18.009 17.943 17.993 17.546 17.455 17.984 18.000 17.753 17.612 17.567 17.579 18.263 17.785 17.630 17.478 17.763 18.211 17.847 17.865 17.315 17.933 18.324 18.046 18.026 17.079 05/09/2028
19.665 19.738 19.590 19.052 19.583 19.623 19.510 19.514 19.967 19.672 19.432 19.641 19.943 19.863 19.742 19.610 19.895 19.956 19.859 20.031 19.644 19.854 19.730 20.022 20.018 19.702 20.082 20.019 20.184 19.883 06/09/2028
20.387 20.285 20.086 19.714 19.774 20.114 19.943 19.999 20.263 20.037 19.931 20.039 20.237 20.190 20.069 20.578 20.955 20.403 20.377 20.371 20.572 20.934 20.183 20.419 20.401 20.525 21.022 20.280 20.485 20.359 07/09/2028
20.699 20.689 20.974 20.696 20.518 20.554 20.431 20.910 21.495 20.994 20.461 20.738 21.224 21.165 21.077 20.571 21.620 21.383 21.289 21.492 20.923 21.589 21.132 21.423 21.394 21.133 21.868 21.469 21.689 21.299 08/09/2028
19.889 20.006 20.005 19.696 18.541 19.809 19.654 19.902 20.072 19.372 19.691 19.971 19.947 19.797 19.518 19.814 20.606 20.296 20.129 20.230 19.979 20.558 19.902 20.381 20.246 20.124 20.921 20.373 20.602 20.032 09/09/2028
20.451 20.419 20.277 19.734 18.285 20.230 20.047 20.157 18.757 18.523 20.252 20.276 18.804 18.717 18.611 19.305 19.002 18.861 18.750 18.679 19.353 18.967 18.837 18.920 18.584 19.442 18.935 18.888 18.903 18.400 10/09/2028
16.681 16.609 16.308 16.464 16.127 16.491 16.382 16.251 16.529 16.327 16.748 16.766 16.787 16.727 16.394 16.602 16.986 16.923 16.850 16.609 16.769 16.965 17.020 16.949 16.708 16.778 16.915 17.055 17.108 16.548 11/09/2028
14.363 14.268 14.197 14.086 14.588 14.040 13.861 14.080 14.862 14.832 14.076 14.252 14.789 14.666 14.867 13.817 14.188 14.953 14.788 14.878 14.088 14.167 14.705 14.975 15.055 14.208 14.196 14.840 15.034 14.896 12/09/2028
11.569 11.682 11.752 12.461 12.050 11.462 11.311 11.627 12.923 12.796 11.530 11.672 12.477 12.369 12.934 11.692 12.170 12.757 12.575 13.076 12.185 12.129 12.291 12.807 13.299 12.435 12.361 12.652 12.981 13.092 13/09/2028
16.037 15.892 15.320 14.901 15.223 15.783 15.700 15.248 15.616 15.319 16.078 15.687 15.907 15.831 15.442 16.412 16.201 15.905 15.776 15.595 16.296 16.175 16.127 15.960 15.875 16.256 16.125 16.192 15.965 15.725 14/09/2028
19.466 19.407 18.761 18.305 18.247 19.210 19.092 18.641 18.825 18.191 19.558 19.205 18.999 18.897 18.319 19.918 19.333 19.076 18.890 18.604 19.863 19.295 19.420 19.147 18.840 19.797 19.361 19.621 18.969 18.579 15/09/2028
20.329 20.349 20.158 19.784 19.721 20.262 20.220 20.099 20.280 19.746 20.338 20.244 20.300 20.244 19.812 20.746 20.746 20.255 20.184 20.030 20.559 20.716 20.302 20.285 19.830 20.387 20.640 20.244 19.904 19.653 16/09/2028
20.757 20.794 20.600 20.900 19.745 20.777 20.791 20.613 20.184 19.815 20.761 20.722 20.247 20.247 19.862 20.900 20.857 20.233 20.224 19.972 20.835 20.868 20.153 20.241 19.712 20.649 20.703 20.047 19.843 19.676 17/09/2028
22.888 22.744 22.689 22.705 21.526 22.710 22.718 22.667 23.059 21.494 22.305 22.510 23.097 23.030 21.521 21.990 22.273 22.838 22.772 22.675 21.703 22.279 22.649 22.880 21.946 21.619 21.795 22.333 22.271 21.831 18/09/2028
22.082 21.907 21.882 21.880 21.134 21.802 21.756 21.813 22.372 21.329 21.456 21.648 22.058 21.957 21.382 21.963 21.857 22.079 21.963 22.130 21.769 21.881 21.616 22.132 21.703 21.541 21.485 21.538 21.908 21.525 19/09/2028
19.533 19.388 19.412 19.357 18.767 19.211 19.141 19.291 19.507 18.960 19.155 19.212 19.263 19.201 19.020 19.434 19.071 19.260 19.189 19.342 19.448 19.074 19.067 19.311 18.895 19.538 18.875 19.156 19.177 18.810 20/09/2028
19.391 19.170 19.245 19.006 18.752 19.038 18.960 19.127 19.091 18.905 18.858 18.968 18.969 18.873 19.014 18.947 18.959 18.806 18.722 18.814 18.918 18.955 18.656 18.840 18.609 18.951 18.883 18.685 18.739 18.506 21/09/2028
21.778 21.277 20.635 20.484 19.855 21.323 21.340 20.625 20.139 20.006 20.968 20.930 20.399 20.349 20.059 21.333 20.913 20.253 20.197 20.465 20.924 20.927 20.252 20.265 19.959 21.002 20.823 20.215 20.149 19.889 22/09/2028
21.978 21.958 21.649 21.906 20.978 21.936 21.969 21.607 21.432 20.993 21.435 21.681 21.527 21.464 21.116 22.182 22.681 21.434 21.404 21.407 22.203 22.706 21.342 21.482 21.065 21.835 22.472 21.247 21.259 20.968 23/09/2028
20.912 20.978 20.765 20.477 19.901 20.776 20.661 20.619 21.071 20.265 20.750 20.810 20.951 20.902 20.363 21.321 21.324 21.015 20.946 20.980 21.573 21.316 20.982 21.059 20.667 21.591 21.403 21.124 20.995 20.523 24/09/2028
16.918 16.972 16.797 16.360 15.623 16.717 16.467 16.609 16.995 16.375 16.913 16.944 17.086 16.927 16.513 16.723 16.888 17.199 17.047 17.163 17.076 16.864 17.109 17.260 17.151 17.340 17.084 17.488 17.416 16.898 25/09/2028
14.856 14.835 14.644 13.251 13.494 14.479 14.207 14.415 15.559 14.310 14.929 14.938 15.677 15.501 14.466 15.276 14.480 15.887 15.647 15.573 15.646 14.457 15.872 15.971 15.748 15.946 14.670 16.263 16.149 15.413 26/09/2028
14.447 14.518 14.265 13.286 13.903 14.427 14.350 14.209 14.111 14.587 14.855 14.714 14.023 13.983 14.659 14.924 15.966 14.376 14.304 13.674 15.142 15.976 14.695 14.401 13.833 15.350 16.062 14.926 14.735 13.721 27/09/2028
17.113 16.855 16.814 15.846 16.150 16.851 16.844 16.816 16.406 16.289 16.943 16.848 16.232 16.159 16.373 17.111 17.574 16.211 16.093 15.997 17.062 17.586 16.297 16.259 15.844 17.030 17.508 16.421 16.312 15.726 28/09/2028
16.174 16.065 16.123 15.834 15.881 15.934 15.892 16.081 16.100 16.041 15.944 15.999 16.010 15.920 16.124 16.665 17.843 15.944 15.810 15.908 16.782 17.826 15.941 15.985 15.616 16.841 17.823 16.069 15.963 15.459 29/09/2028
19.148 19.251 19.281 18.517 18.992 19.182 19.172 19.261 19.628 19.008 19.149 19.177 19.557 19.469 19.090 20.156 20.291 19.333 19.200 19.324 19.964 20.257 19.182 19.383 18.917 19.849 20.183 19.041 19.092 18.746 30/09/2028
18.626 18.807 18.994 16.846 18.312 18.894 19.023 19.111 19.716 18.545 19.124 19.124 19.820 19.508 18.740 20.519 20.979 19.701 19.331 19.853 20.533 20.994 19.476 19.867 20.503 20.138 21.360 20.526 20.631 19.942 01/10/2028
16.207 16.301 16.063 15.799 15.750 16.029 15.862 15.892 16.004 15.776 15.973 16.003 16.047 15.952 15.855 16.010 15.841 15.865 15.746 15.871 15.911 15.820 15.668 15.887 16.020 16.039 15.710 15.643 15.760 15.843 02/10/2028
17.704 17.598 17.581 17.478 17.510 17.427 17.337 17.509 18.010 17.496 17.002 17.318 17.871 17.728 17.625 17.144 17.451 17.687 17.523 17.745 16.867 17.428 17.374 17.743 17.979 16.508 17.183 17.333 17.723 17.729 03/10/2028
18.075 18.384 18.174 17.650 17.913 18.135 17.974 18.042 18.583 18.097 18.093 18.279 18.690 18.554 18.271 18.292 18.746 18.648 18.502 18.552 18.366 18.721 18.430 18.698 18.729 18.592 18.619 18.549 18.557 18.551 04/10/2028
18.021 17.984 17.951 17.516 17.495 17.806 17.698 17.856 18.058 17.509 17.825 17.808 18.036 17.968 17.637 18.253 18.486 18.049 17.887 17.885 18.192 18.469 17.932 18.097 17.948 18.159 18.228 17.806 17.856 17.744 05/10/2028
17.324 17.462 17.502 17.300 17.071 17.271 17.151 17.412 17.562 17.141 17.609 17.598 17.540 17.394 17.248 17.700 17.723 17.546 17.379 17.354 17.681 17.686 17.451 17.619 17.508 17.689 17.677 17.439 17.454 17.304 06/10/2028
14.975 15.097 15.090 14.755 15.623 14.929 14.802 14.989 16.239 15.795 15.113 15.153 16.180 16.038 15.876 15.671 16.641 16.251 16.083 16.141 15.942 16.592 16.151 16.340 16.504 16.102 16.724 16.475 16.480 16.245 07/10/2028
14.724 14.815 14.852 14.559 14.648 14.696 14.593 14.798 15.219 14.835 14.791 14.902 14.987 14.862 14.920 15.146 15.557 15.129 15.032 15.141 15.532 15.525 15.039 15.183 15.380 15.792 15.724 15.419 15.391 15.175 08/10/2028
17.767 17.988 17.899 17.384 17.799 17.839 17.730 17.825 18.573 17.871 17.983 18.022 18.541 18.411 17.957 18.618 19.192 18.626 18.506 18.635 19.077 19.171 18.612 18.706 18.888 19.452 19.675 19.105 19.009 18.677 09/10/2028
16.421 16.499 16.571 16.804 16.918 16.345 16.231 16.478 17.059 16.858 16.372 16.380 16.985 16.862 16.959 16.975 16.733 16.849 16.685 16.849 17.108 16.682 16.646 16.884 17.086 17.139 16.846 16.903 16.992 16.903 10/10/2028
15.781 15.731 15.660 15.822 15.549 15.566 15.457 15.555 15.998 15.686 15.583 15.522 15.875 15.773 15.776 15.848 16.124 15.864 15.689 15.859 15.853 16.096 15.722 15.896 16.048 16.021 16.267 16.004 16.014 15.863 11/10/2028
14.703 14.901 14.987 15.191 14.811 14.735 14.602 14.877 15.222 14.925 14.598 14.842 15.015 14.910 15.037 14.440 14.929 14.953 14.810 14.938 14.466 14.910 14.546 14.998 14.960 14.562 15.044 14.776 15.030 14.761 12/10/2028
15.739 16.329 16.362 16.461 16.693 16.228 16.114 16.287 16.442 16.965 16.391 16.478 16.436 16.338 17.068 16.104 16.698 16.617 16.523 16.459 16.506 16.697 16.464 16.647 16.815 16.558 16.877 16.718 16.875 16.641 13/10/2028
15.757 16.013 16.024 15.822 16.288 15.832 15.707 15.932 16.646 16.479 16.053 16.117 16.684 16.541 16.566 16.857 17.606 16.725 16.562 16.529 17.359 17.557 16.663 16.789 16.910 17.707 17.727 16.884 16.911 16.692 14/10/2028
17.363 17.535 17.612 17.944 17.807 17.516 17.541 17.604 18.316 17.902 17.677 17.622 18.241 18.109 18.029 17.478 17.176 18.079 17.919 18.114 17.709 17.145 18.152 18.166 18.260 17.795 17.204 18.346 18.322 18.006 15/10/2028
18.537 18.542 18.586 18.112 18.346 18.460 18.390 18.532 18.963 18.341 18.393 18.415 18.877 18.806 18.432 18.732 18.864 18.655 18.550 18.653 18.847 18.846 18.665 18.711 18.740 18.786 18.867 18.861 18.809 18.588 16/10/2028
16.987 17.022 16.928 16.715 17.027 16.969 16.878 16.881 17.419 17.152 17.022 17.063 17.569 17.404 17.278 17.146 17.486 17.571 17.403 17.280 17.138 17.460 17.506 17.666 17.712 17.012 17.496 17.685 17.685 17.438 17/10/2028
15.243 15.350 15.273 14.654 14.758 15.223 15.114 15.176 15.008 14.801 14.879 15.279 15.328 15.270 14.836 14.938 15.420 15.137 15.023 14.651 14.956 15.398 15.444 15.179 14.712 14.899 15.377 15.382 15.046 14.554 18/10/2028
14.362 14.395 14.087 13.205 13.545 14.325 14.269 14.013 13.729 13.583 14.271 14.176 14.094 14.111 13.561 14.953 14.573 14.002 13.986 13.693 14.938 14.560 14.274 14.012 13.603 14.920 14.511 14.180 13.890 13.566 19/10/2028
14.289 14.050 13.965 13.377 13.498 13.973 13.910 13.916 13.491 13.200 13.673 13.674 13.780 13.723 13.260 13.903 13.986 13.495 13.358 13.232 13.713 13.966 13.582 13.537 13.076 13.501 13.850 13.489 13.340 12.942 20/10/2028
13.869 13.825 13.790 13.470 13.368 13.623 13.480 13.698 13.936 13.721 13.615 13.799 13.866 13.725 13.831 13.729 14.332 13.956 13.780 13.768 13.945 14.279 13.906 14.029 13.957 14.174 14.602 14.266 14.179 13.700 21/10/2028
14.228 14.169 13.981 13.167 13.118 13.959 13.769 13.866 13.857 13.543 13.933 14.005 14.014 13.850 13.648 14.191 14.792 14.139 13.953 13.848 14.457 14.738 14.020 14.194 14.118 14.717 15.014 14.342 14.309 13.882 22/10/2028
11.627 11.746 11.738 10.629 10.698 11.576 11.416 11.637 11.823 11.103 11.742 11.801 11.925 11.800 11.194 12.387 12.898 12.010 11.892 11.804 12.723 12.878 12.085 12.073 11.822 12.783 12.984 12.288 12.134 11.650 23/10/2028
9.717 9.911 10.040 9.426 9.731 9.783 9.647 9.951 10.219 9.979 9.940 9.912 10.249 10.125 10.055 10.202 10.439 10.142 9.986 9.938 10.537 10.436 10.262 10.213 10.162 10.979 10.847 10.709 10.421 9.980 24/10/2028
11.488 11.615 11.448 10.842 11.382 11.534 11.440 11.381 11.592 11.346 11.451 11.408 11.893 11.866 11.360 11.614 11.781 11.671 11.626 11.438 11.638 11.767 11.909 11.703 11.691 11.839 12.010 12.198 11.852 11.618 25/10/2028
7.924 8.098 7.932 7.999 8.164 8.030 7.986 7.877 8.406 8.387 8.386 8.165 8.529 8.494 8.373 8.418 9.011 8.749 8.719 8.611 8.645 9.011 8.881 8.775 8.938 9.029 9.439 9.234 9.047 8.947 26/10/2028
10.003 9.893 9.743 9.247 8.854 9.754 9.657 9.638 9.329 8.884 9.987 9.764 9.478 9.401 8.948 10.309 9.961 9.590 9.468 9.337 10.435 9.947 9.732 9.616 9.707 10.962 10.256 10.068 9.885 9.557 27/10/2028
13.806 13.748 13.541 13.386 13.062 13.605 13.496 13.451 13.507 13.049 13.766 13.532 13.697 13.593 13.121 13.847 13.534 13.557 13.380 13.213 13.744 13.513 13.547 13.617 13.290 13.793 13.451 13.576 13.427 13.100 28/10/2028
15.948 15.854 15.697 15.239 15.335 15.722 15.620 15.643 15.649 15.008 15.557 15.457 15.779 15.726 15.078 15.629 15.410 15.308 15.284 15.166 15.329 15.392 15.395 15.325 14.738 14.828 14.789 14.940 14.789 14.721 29/10/2028
14.480 14.719 14.803 14.623 14.768 14.582 14.468 14.708 15.437 15.036 14.950 14.994 15.248 15.181 15.099 14.967 15.355 15.636 15.553 15.794 15.340 15.340 15.426 15.661 16.188 15.548 15.471 15.728 15.940 16.121 30/10/2028
9.962 9.862 9.790 8.625 8.112 9.640 9.480 9.642 9.466 8.737 9.749 9.816 9.200 9.092 8.864 10.554 10.739 9.989 9.829 10.016 10.992 10.712 9.372 10.054 10.178 11.211 10.888 9.727 10.334 9.987 31/10/2028
8.099 8.075 7.926 7.532 7.208 8.028 7.978 7.900 7.613 7.636 8.349 8.231 7.757 7.559 7.810 6.979 7.760 8.060 7.819 7.694 7.406 7.719 8.067 8.157 7.903 7.095 7.494 8.218 8.204 7.564 01/11/2028
12.165 12.228 12.180 10.518 11.339 12.296 12.315 12.218 11.166 11.302 12.284 12.206 11.379 11.364 11.378 11.998 12.188 11.294 11.265 11.147 11.949 12.197 11.473 11.298 11.268 11.777 12.097 11.470 11.300 11.246 02/11/2028
8.097 7.951 7.778 6.579 7.121 7.896 7.856 7.772 6.809 6.991 7.384 7.391 6.996 6.932 7.029 7.436 7.416 6.865 6.813 6.638 7.428 7.411 6.661 6.868 6.904 7.406 7.588 6.949 6.702 6.836 03/11/2028
8.807 8.656 8.402 7.358 7.545 8.557 8.500 8.322 7.636 7.446 8.440 8.378 7.769 7.730 7.502 8.871 8.403 7.628 7.540 7.456 8.596 8.390 7.649 7.672 7.439 8.496 8.171 7.531 7.550 7.258 04/11/2028
9.513 9.536 9.378 8.712 8.534 9.423 9.309 9.315 8.808 8.515 9.456 9.342 8.828 8.791 8.554 9.604 9.497 8.808 8.722 8.655 9.470 9.486 8.880 8.838 8.745 9.357 9.195 8.714 8.635 8.621 05/11/2028
11.280 11.247 11.310 11.255 10.344 11.106 11.060 11.242 10.609 10.332 11.043 11.089 10.625 10.515 10.427 10.922 11.553 10.561 10.429 10.484 11.000 11.523 10.507 10.615 10.760 11.179 11.593 10.683 10.708 10.585 06/11/2028
11.347 11.600 11.641 11.587 10.787 11.452 11.366 11.571 11.461 10.974 11.577 11.779 11.401 11.337 11.061 11.597 11.716 11.455 11.350 11.510 11.891 11.707 11.354 11.495 11.629 12.134 11.802 11.473 11.666 11.506 07/11/2028
9.579 10.181 10.092 9.827 9.752 10.115 10.090 10.067 10.244 9.985 10.262 10.397 10.270 10.157 10.097 10.587 10.761 10.397 10.238 10.375 10.725 10.757 10.230 10.455 10.584 10.720 10.692 10.303 10.430 10.361 08/11/2028
10.477 10.374 10.548 9.892 10.857 10.278 10.195 10.487 10.565 10.838 10.037 10.144 10.490 10.472 10.914 10.710 10.407 10.253 10.255 10.628 10.831 10.410 10.170 10.254 10.380 11.117 10.421 10.166 10.153 10.400 09/11/2028
11.328 11.195 11.237 12.126 12.563 10.975 10.916 11.081 12.091 12.448 10.822 10.968 11.991 12.062 12.383 11.494 11.346 11.937 12.046 12.143 11.281 11.317 11.898 11.907 12.026 11.209 11.616 11.971 11.946 12.165 10/11/2028
8.926 8.861 8.857 8.478 8.597 8.810 8.836 8.835 8.746 8.623 8.721 8.723 8.645 8.621 8.674 9.609 9.235 8.601 8.563 8.698 9.534 9.245 8.655 8.628 8.801 9.338 9.292 8.800 8.740 8.746 11/11/2028
7.555 7.569 7.734 7.487 7.943 7.479 7.410 7.693 8.019 7.900 7.435 7.540 7.846 7.801 7.919 7.616 7.805 7.681 7.649 7.907 7.786 7.804 7.657 7.672 7.837 7.761 7.812 7.685 7.716 7.767 12/11/2028
8.281 8.244 8.454 7.550 7.676 7.960 7.724 8.320 7.770 7.527 7.878 8.149 7.677 7.570 7.583 7.221 7.461 7.372 7.328 7.538 7.365 7.451 7.275 7.374 7.499 7.497 7.328 7.313 7.320 7.400 13/11/2028
10.977 10.864 10.884 9.743 9.640 10.658 10.442 10.759 10.226 9.494 10.385 10.605 10.181 10.181 9.590 10.833 11.128 10.037 10.052 10.061 10.891 11.091 9.959 10.042 10.015 11.088 11.219 10.061 9.972 9.963 14/11/2028
9.836 9.883 9.821 9.420 9.867 9.785 9.704 9.765 9.673 9.583 8.989 9.443 9.844 9.862 9.572 9.477 9.942 9.547 9.516 9.388 9.133 9.914 9.154 9.554 9.468 8.986 9.728 8.939 9.273 9.457 15/11/2028
8.037 8.375 8.446 7.952 8.583 8.338 8.259 8.427 8.678 8.634 8.197 8.362 8.619 8.555 8.638 8.382 8.804 8.699 8.643 8.737 8.668 8.795 8.564 8.716 8.893 8.659 8.800 8.687 8.804 8.811 16/11/2028
8.167 8.117 8.418 8.204 8.040 8.085 7.995 8.361 8.103 7.666 7.382 7.676 7.464 7.418 7.723 7.919 7.926 6.981 6.961 7.472 7.951 7.907 6.805 7.102 7.075 7.797 7.667 6.682 6.841 6.921 17/11/2028
7.615 7.638 7.919 6.505 6.656 7.498 7.293 7.772 7.076 6.739 7.292 7.478 6.625 6.512 6.864 6.887 7.273 6.519 6.404 6.751 7.101 7.250 6.525 6.631 6.681 7.176 7.220 6.543 6.609 6.459 18/11/2028
6.479 6.231 6.220 5.605 6.217 6.075 5.914 6.106 6.216 6.107 5.943 5.892 6.149 6.049 6.176 6.389 7.133 6.137 6.018 6.116 6.509 7.100 6.139 6.210 6.422 6.635 7.241 6.369 6.502 6.231 19/11/2028
6.123 5.963 6.063 5.922 5.642 5.788 5.623 5.930 5.553 5.661 5.589 5.689 5.727 5.563 5.722 6.821 6.916 5.669 5.600 5.377 6.802 6.900 5.459 5.679 5.865 6.624 6.631 5.344 5.527 5.685 20/11/2028
9.684 9.057 8.897 8.640 8.957 8.934 8.819 8.790 8.424 8.494 8.728 8.588 8.494 8.404 8.474 8.055 8.184 8.494 8.421 8.088 7.741 8.161 8.391 8.524 7.874 7.142 7.742 8.057 7.910 7.700 21/11/2028
9.223 8.828 8.885 10.048 8.863 8.696 8.602 8.780 9.368 8.772 8.623 8.583 9.139 9.068 8.798 7.666 7.898 8.980 8.930 9.025 7.555 7.897 8.789 9.028 8.777 7.185 7.609 8.384 8.680 8.691 22/11/2028
7.975 7.820 8.135 8.373 7.808 7.689 7.603 8.015 7.920 7.500 7.018 7.531 7.796 7.742 7.525 6.668 7.441 7.651 7.628 7.521 6.664 7.413 7.192 7.678 7.739 6.533 7.249 7.015 7.450 7.705 23/11/2028
9.802 9.707 9.999 10.343 9.588 9.612 9.517 9.905 9.516 9.357 9.030 9.486 9.421 9.396 9.373 9.882 9.190 9.171 9.147 9.082 10.049 9.153 9.123 9.195 9.086 10.314 9.240 9.194 9.132 9.060 24/11/2028
11.653 11.727 11.702 11.677 11.472 11.678 11.668 11.692 11.005 11.157 11.576 11.637 11.007 11.013 11.149 11.944 11.574 10.953 10.974 10.862 11.975 11.571 10.977 10.947 10.929 12.113 11.621 11.061 10.990 10.923 25/11/2028
11.332 11.422 11.367 11.042 10.729 11.384 11.356 11.368 10.779 10.612 11.339 11.411 11.373 11.333 10.674 11.477 11.740 11.499 11.447 11.158 11.502 11.733 11.620 11.518 11.577 11.722 11.782 11.690 11.629 11.544 26/11/2028
7.553 7.383 7.306 6.762 6.969 7.302 7.207 7.269 7.152 7.011 7.785 7.605 7.585 7.549 7.102 8.244 8.517 7.812 7.718 7.487 8.401 8.510 7.998 7.850 8.032 8.476 8.588 8.173 8.150 7.912 27/11/2028
4.582 4.121 4.153 4.328 4.689 4.068 4.013 4.104 4.254 4.370 4.143 4.061 4.352 4.363 4.422 4.348 4.696 4.346 4.323 4.150 4.453 4.704 4.567 4.342 4.561 4.717 4.839 4.733 4.719 4.503 28/11/2028
1.777 1.640 1.717 1.846 1.664 1.518 1.389 1.651 2.084 1.803 1.647 1.808 1.960 1.979 1.887 1.825 2.210 1.943 1.953 2.193 1.867 2.191 1.973 1.942 2.320 1.966 2.197 1.883 2.136 2.330 29/11/2028
0.718 0.552 0.328 -0.031 0.418 0.518 0.487 0.336 0.253 0.491 0.599 0.447 0.314 0.429 0.540 0.404 0.279 0.100 0.281 0.436 0.436 0.250 0.344 0.132 0.249 0.680 0.348 0.226 0.147 0.388 30/11/2028
4.392 4.315 4.230 3.760 3.950 4.185 4.050 4.171 4.115 3.986 4.106 4.211 4.269 4.195 4.083 4.316 4.450 4.118 4.063 4.109 4.349 4.427 4.073 4.188 4.357 4.613 4.504 4.201 4.281 4.238 01/12/2028
5.656 5.199 5.296 4.632 4.041 5.223 5.252 5.331 3.816 3.871 4.739 4.884 3.977 3.854 3.983 4.235 4.008 3.706 3.530 3.540 3.757 4.025 3.514 3.798 3.699 3.581 3.810 3.580 3.730 3.447 02/12/2028
5.729 5.304 5.389 3.739 3.753 5.042 4.852 5.270 4.369 3.485 4.390 4.710 4.476 4.225 3.613 3.663 3.742 4.001 3.683 3.721 3.370 3.719 3.833 4.154 3.921 3.212 3.436 3.980 4.034 3.488 03/12/2028
6.958 6.657 6.567 6.042 4.304 6.427 6.253 6.407 4.826 3.942 6.105 6.103 5.017 4.845 4.028 5.627 4.739 4.558 4.423 4.348 5.526 4.710 4.613 4.648 4.332 5.582 4.642 4.782 4.637 4.051 04/12/2028
8.939 8.760 8.801 8.365 8.265 8.536 8.346 8.665 8.878 8.450 8.301 8.411 8.871 8.668 8.601 8.598 9.028 8.613 8.407 8.657 8.959 8.979 8.589 8.715 8.906 9.189 9.222 9.089 8.951 8.559 05/12/2028
8.676 8.530 8.439 8.020 7.989 8.384 8.271 8.359 8.122 8.104 8.368 8.434 8.178 8.064 8.163 8.900 8.783 8.085 7.951 7.993 9.209 8.765 8.161 8.145 8.093 9.503 8.884 8.469 8.276 7.913 06/12/2028
9.590 9.390 9.169 9.106 8.745 9.252 9.110 9.054 8.826 8.722 9.327 9.261 8.951 8.858 8.799 8.953 9.047 8.927 8.816 8.547 8.986 9.022 8.996 8.972 8.526 9.438 8.960 8.996 8.860 8.382 07/12/2028
11.715 11.610 11.589 11.168 10.798 11.445 11.308 11.488 11.288 10.779 11.319 11.401 11.500 11.354 10.915 11.472 11.763 11.303 11.172 11.128 11.623 11.720 11.293 11.358 11.328 11.822 11.832 11.472 11.476 11.107 08/12/2028
9.651 9.764 9.853 9.493 9.502 9.585 9.444 9.747 9.718 9.580 9.377 9.622 9.767 9.658 9.729 9.599 9.978 9.723 9.604 9.540 9.664 9.953 9.589 9.783 9.782 9.990 10.112 9.900 9.905 9.573 09/12/2028
10.579 10.821 10.714 10.525 10.307 10.603 10.407 10.596 10.816 10.301 10.203 10.488 10.785 10.644 10.449 10.551 10.943 10.739 10.606 10.536 10.896 10.895 10.626 10.807 10.836 11.155 11.061 10.954 10.873 10.550 10/12/2028
3.173 3.163 3.212 3.771 4.041 3.030 2.949 3.124 4.379 4.408 3.022 3.062 3.941 3.889 4.535 4.044 4.203 4.149 4.050 4.541 4.233 4.174 3.776 4.174 4.650 4.139 4.392 4.046 4.351 4.509 11/12/2028
-0.132 -0.101 -0.450 -1.090 -0.449 -0.301 -0.391 -0.577 0.008 -0.239 0.135 -0.260 -0.235 -0.307 -0.160 0.929 0.701 -0.197 -0.311 0.016 1.149 0.655 0.068 -0.170 -0.007 1.124 1.040 0.581 0.367 -0.173 12/12/2028
-0.196 -0.149 -0.444 -1.024 -0.502 -0.315 -0.399 -0.538 -0.123 -0.296 0.002 -0.254 -0.046 -0.055 -0.228 0.317 0.397 0.085 0.015 0.037 0.527 0.360 0.283 0.081 0.108 0.709 0.457 0.456 0.262 0.034 13/12/2028
-2.621 -2.737 -2.979 -3.331 -3.419 -2.968 -3.127 -3.079 -3.036 -3.180 -2.773 -2.806 -3.035 -3.042 -3.128 -2.777 -2.943 -2.937 -2.999 -2.906 -2.311 -2.952 -2.840 -2.934 -3.027 -1.926 -2.800 -2.593 -2.846 -3.089 14/12/2028
-3.280 -3.155 -3.068 -3.012 -3.172 -3.213 -3.426 -3.159 -3.130 -3.119 -3.472 -3.257 -3.292 -3.182 -3.104 -3.720 -3.358 -3.368 -3.303 -3.218 -3.580 -3.393 -3.370 -3.427 -3.595 -3.446 -3.328 -3.457 -3.530 -3.529 15/12/2028
-1.126 -1.366 -1.546 -1.860 -1.970 -1.434 -1.511 -1.577 -2.035 -1.976 -1.544 -1.692 -1.993 -2.063 -1.905 -1.629 -1.570 -2.251 -2.315 -2.296 -1.922 -1.580 -2.245 -2.232 -2.332 -1.960 -1.604 -2.069 -2.193 -2.483 16/12/2028
6.086 5.847 5.839 4.807 4.782 5.942 6.045 5.903 4.202 4.860 6.037 5.803 4.225 4.233 4.996 6.989 4.971 4.052 4.094 3.998 6.629 4.956 4.123 4.016 3.879 6.253 4.845 3.999 3.952 3.954 17/12/2028
9.190 9.127 9.091 7.314 8.492 9.028 8.830 9.009 8.628 8.711 9.080 9.017 8.650 8.486 8.928 9.263 9.074 8.600 8.388 8.398 9.335 9.056 8.528 8.673 8.774 9.371 9.041 8.865 8.883 8.457 18/12/2028
7.330 6.732 6.645 6.749 6.584 6.409 6.170 6.450 6.806 6.604 6.121 6.046 6.583 6.338 6.838 6.481 6.024 6.309 6.020 6.131 6.619 6.036 6.178 6.431 6.228 7.527 6.564 6.916 6.623 5.805 19/12/2028
4.556 4.366 4.388 3.838 3.745 4.145 3.938 4.261 4.062 3.795 4.195 4.156 4.051 3.964 3.905 4.212 4.902 3.993 3.833 3.900 4.082 4.851 4.008 4.080 3.994 4.370 4.977 4.203 4.142 3.747 20/12/2028
1.220 1.325 1.276 -0.088 0.334 1.059 0.801 1.134 0.522 0.520 1.186 1.249 0.507 0.365 0.530 1.690 1.393 0.658 0.507 0.488 1.912 1.386 0.621 0.714 0.658 2.041 1.517 0.850 0.798 0.482 21/12/2028
0.198 0.207 0.226 0.046 -0.140 0.070 -0.068 0.150 0.142 -0.284 0.026 0.117 0.187 0.088 -0.147 0.074 0.303 0.136 0.040 -0.051 0.250 0.283 0.201 0.202 -0.054 0.406 0.270 0.254 0.165 -0.200 22/12/2028
0.799 0.689 0.590 -0.220 -0.146 0.553 0.403 0.470 -0.035 -0.241 0.516 0.539 0.154 0.086 -0.161 0.381 0.283 0.068 -0.038 -0.436 0.415 0.287 0.102 0.137 -0.476 0.488 0.301 0.246 -0.090 -0.607 23/12/2028
2.381 2.314 1.894 2.171 1.496 2.186 2.034 1.812 1.992 1.477 2.641 2.364 2.099 1.972 1.558 2.923 2.741 2.304 2.182 1.714 2.999 2.727 2.422 2.365 1.801 3.288 2.869 2.712 2.366 1.659 24/12/2028
-0.273 -0.393 -0.628 -0.500 -1.040 -0.559 -0.733 -0.758 -0.471 -0.927 -0.295 -0.393 -0.394 -0.521 -0.790 0.079 0.087 -0.278 -0.423 -0.828 0.203 0.094 -0.143 -0.268 -0.799 0.347 0.084 -0.011 -0.328 -0.993 25/12/2028
-0.045 -0.244 -0.559 -1.144 -0.316 -0.532 -0.784 -0.783 -0.590 -0.559 -0.703 -0.781 -0.544 -0.676 -0.398 -1.751 -1.072 -1.018 -1.238 -1.512 -1.505 -1.030 -0.529 -0.920 -1.054 -1.151 -0.989 -0.166 -0.408 -1.413 26/12/2028
0.219 -0.149 -0.315 -0.761 -0.727 -0.348 -0.494 -0.429 -1.346 -1.286 -1.090 -1.163 -1.400 -1.464 -1.154 -1.382 -1.821 -2.082 -2.249 -2.330 -0.724 -1.841 -1.530 -2.000 -1.856 -0.195 -1.303 -0.553 -1.019 -2.110 27/12/2028
-0.397 -0.864 -0.770 -0.671 -0.544 -1.005 -1.050 -0.853 -1.024 -1.178 -1.681 -1.646 -1.475 -1.584 -1.021 -0.042 -0.138 -2.126 -2.269 -2.150 0.403 -0.163 -1.775 -2.092 -1.976 0.747 0.293 -0.962 -1.301 -2.138 28/12/2028
-1.367 -1.887 -1.720 -0.566 -1.793 -1.984 -2.109 -1.825 -1.857 -2.244 -3.167 -3.023 -2.151 -2.259 -2.076 -2.685 -2.006 -2.643 -2.799 -2.769 -1.346 -2.031 -2.210 -2.616 -2.582 -0.848 -1.008 -1.335 -1.927 -2.770 29/12/2028
-2.483 -2.907 -2.602 -1.431 -1.969 -3.022 -3.071 -2.669 -2.333 -2.451 -4.300 -3.944 -3.065 -3.149 -2.342 -4.472 -3.816 -3.811 -3.894 -3.687 -3.309 -3.885 -3.570 -3.794 -3.855 -3.089 -2.867 -2.769 -3.119 -3.935 30/12/2028
-0.662 -0.962 -0.779 -0.451 -0.690 -1.258 -1.500 -0.962 -0.687 -1.308 -2.041 -1.762 -1.143 -1.294 -1.198 -2.226 -1.832 -1.737 -1.947 -1.850 -1.506 -1.899 -1.561 -1.663 -1.751 -1.183 -1.401 -0.942 -1.194 -2.007 31/12/2028
2.733 2.505 2.845 2.875 3.217 2.517 2.480 2.819 2.430 2.308 1.557 1.711 2.312 2.052 1.974 2.065 2.603 1.571 1.797 1.586 2.866 2.579 1.573 1.966 1.716 3.238 3.132 3.294 2.694 1.459 01/01/2029
4.862 4.420 4.798 5.159 5.694 4.224 4.018 4.646 5.498 5.129 3.317 3.645 4.751 4.777 5.334 2.800 3.180 4.262 4.197 4.476 3.443 3.157 4.454 4.195 4.484 3.930 3.842 4.594 4.532 4.488 02/01/2029
7.192 6.790 6.895 6.436 6.865 6.734 6.671 6.878 6.532 6.174 6.025 5.915 6.180 6.072 6.314 6.006 6.870 5.556 5.331 5.153 6.905 6.833 6.348 5.645 5.849 7.553 7.845 7.303 6.485 5.613 03/01/2029
8.802 8.329 8.209 7.878 8.343 8.222 8.107 8.128 7.634 7.439 7.929 7.579 7.653 7.609 7.482 8.788 8.748 7.018 6.979 6.187 9.199 8.745 8.046 7.040 6.174 9.595 9.435 8.703 7.571 6.097 04/01/2029
5.696 5.554 5.758 5.598 6.613 5.435 5.380 5.694 5.983 6.036 5.491 5.103 5.566 5.522 6.129 6.930 7.630 5.100 5.087 4.815 7.482 7.589 5.747 5.087 4.634 7.881 8.362 6.367 5.520 4.604 05/01/2029
5.653 4.825 5.250 6.411 6.125 4.703 4.641 5.166 5.420 5.484 4.272 3.941 4.439 4.415 5.542 4.875 4.558 3.594 3.576 3.994 4.621 4.548 4.140 3.596 3.094 4.432 4.630 4.313 3.617 3.016 06/01/2029
8.136 7.935 6.878 7.043 7.186 7.807 7.755 6.787 7.333 7.290 7.495 7.069 7.027 6.991 7.290 8.002 7.484 6.859 6.831 6.020 7.210 7.463 7.032 6.861 6.028 6.780 7.416 6.958 6.610 5.930 07/01/2029
7.020 6.785 6.387 6.149 6.174 6.642 6.556 6.297 6.141 5.923 6.353 6.283 6.128 6.090 5.957 7.081 7.335 5.792 5.740 5.260 6.649 7.299 6.082 5.796 5.126 6.563 7.240 5.987 5.640 5.041 08/01/2029
6.926 6.759 6.695 7.010 6.818 6.462 6.188 6.493 6.305 6.650 6.182 6.263 6.233 6.101 6.711 6.365 6.841 5.979 5.806 5.630 6.472 6.792 5.962 6.036 5.736 7.320 7.178 6.460 6.192 5.482 09/01/2029
9.742 9.545 9.400 8.852 8.526 9.420 9.328 9.328 8.673 8.283 9.312 9.082 8.811 8.687 8.386 9.306 9.174 8.710 8.578 8.224 9.297 9.137 8.809 8.754 8.558 9.391 9.404 9.277 8.990 8.350 10/01/2029
9.814 9.599 9.573 9.521 8.460 9.424 9.283 9.486 9.610 8.136 9.306 9.193 9.712 9.617 8.279 8.689 8.467 9.428 9.332 9.143 8.639 8.423 9.690 9.453 9.156 8.818 8.615 9.955 9.548 9.010 11/01/2029
6.728 6.272 6.319 5.751 5.173 6.088 5.974 6.279 5.344 4.899 6.003 6.040 5.546 5.445 4.989 6.572 6.363 5.114 5.016 4.666 6.295 6.355 5.266 5.152 4.671 6.385 6.295 5.328 5.253 4.414 12/01/2029
7.630 7.541 7.458 6.718 6.653 7.390 7.253 7.381 7.099 6.779 7.261 7.403 7.287 7.185 6.852 7.662 7.774 7.105 6.976 6.913 7.647 7.754 6.866 7.162 6.997 7.922 7.789 6.912 6.906 6.792 13/01/2029
7.313 7.143 7.107 6.758 6.309 6.973 6.823 6.996 6.813 6.130 6.951 6.978 6.702 6.529 6.298 7.285 7.514 6.884 6.668 6.590 7.467 7.474 6.818 6.961 6.881 7.278 7.323 6.691 6.807 6.632 14/01/2029
8.258 8.135 8.072 7.572 7.162 7.991 7.883 7.977 7.211 6.864 7.667 7.919 7.302 7.195 6.965 7.557 7.791 7.161 7.059 6.852 7.613 7.782 7.123 7.200 6.371 6.812 7.350 6.604 6.776 6.192 15/01/2029
8.357 8.355 8.326 7.893 7.705 8.200 8.051 8.249 7.951 7.508 7.781 8.093 7.994 7.881 7.596 8.009 8.233 7.727 7.609 7.668 7.959 8.207 7.570 7.796 7.262 7.807 8.077 7.440 7.605 7.076 16/01/2029
8.722 8.541 8.477 7.974 7.975 8.395 8.281 8.407 8.207 7.892 8.026 8.121 8.141 8.055 7.988 8.321 8.010 7.514 7.372 7.532 8.024 7.978 7.463 7.547 7.031 7.740 7.742 7.367 7.291 6.858 17/01/2029
11.934 11.723 11.624 11.459 11.261 11.539 11.420 11.529 11.687 11.203 11.544 11.513 11.658 11.496 11.288 11.673 11.864 11.451 11.264 11.410 11.830 11.847 11.436 11.526 11.396 11.813 11.804 11.616 11.607 11.149 18/01/2029
8.823 8.604 8.539 8.108 8.234 8.387 8.237 8.418 8.512 8.117 8.366 8.322 8.671 8.484 8.266 8.640 8.916 8.479 8.272 8.233 8.746 8.875 8.499 8.569 8.288 8.848 8.930 8.760 8.736 8.007 19/01/2029
6.176 5.867 5.674 5.169 5.093 5.697 5.600 5.578 5.171 4.855 5.558 5.227 5.353 5.193 4.978 5.895 5.582 4.970 4.796 4.488 5.633 5.559 5.028 5.031 4.537 5.493 5.495 5.144 5.006 4.356 20/01/2029
7.996 7.967 7.681 7.300 6.720 7.821 7.683 7.605 7.260 6.726 7.675 7.568 7.390 7.273 6.865 7.942 7.678 7.365 7.219 7.215 7.906 7.642 7.319 7.415 7.185 7.824 7.617 7.366 7.264 7.016 21/01/2029
6.965 7.108 6.873 6.516 6.238 6.982 6.862 6.784 6.725 6.323 7.277 7.193 6.849 6.774 6.431 7.487 7.477 7.005 6.917 6.947 7.555 7.450 7.046 7.039 6.964 7.673 7.390 7.119 6.963 6.838 22/01/2029
10.272 10.323 10.117 9.826 9.390 10.133 9.986 9.981 9.985 9.442 10.452 10.288 10.105 9.978 9.524 10.745 10.597 10.196 10.064 9.924 10.756 10.579 10.252 10.231 10.176 10.911 10.602 10.410 10.231 9.964 23/01/2029
10.630 10.411 10.265 9.413 10.165 10.238 10.099 10.165 10.512 10.039 10.454 10.165 10.581 10.434 10.145 10.344 10.504 10.156 9.979 9.919 10.270 10.471 10.525 10.214 9.792 10.358 10.355 10.425 9.952 9.591 24/01/2029
5.788 5.510 5.302 3.259 5.338 5.515 5.263 5.288 4.065 5.212 5.558 5.170 4.151 4.112 5.188 5.232 5.354 4.109 4.020 4.012 5.547 5.348 5.388 4.134 5.269 4.786 5.072 5.247 5.186 5.095 25/01/2029
6.065 5.833 5.816 5.531 5.957 5.782 5.743 5.792 5.944 6.022 5.603 5.713 6.015 5.880 6.125 5.964 6.234 6.006 5.875 5.972 6.064 6.224 6.327 6.074 6.622 6.317 6.324 6.469 6.490 6.564 26/01/2029
6.531 6.251 5.850 5.826 5.793 6.097 5.971 5.769 5.676 5.425 5.497 5.948 6.009 5.944 5.459 5.828 5.871 5.815 5.735 5.337 5.643 5.877 5.456 5.855 5.310 5.670 5.675 5.428 5.413 5.138 27/01/2029
4.252 4.419 4.176 2.607 4.195 4.275 4.214 4.123 4.511 4.105 4.531 4.545 4.797 4.717 4.210 4.936 5.286 4.693 4.596 4.213 5.024 5.255 4.819 4.723 4.128 5.112 5.127 4.824 4.551 3.981 28/01/2029
3.648 3.626 2.985 1.652 2.253 3.422 3.273 2.885 3.654 2.476 3.971 3.793 4.124 3.965 2.617 4.858 5.293 4.242 4.008 3.661 5.144 5.223 4.474 4.316 3.970 5.691 5.341 4.719 4.305 3.708 29/01/2029
6.841 6.991 6.811 6.076 5.130 6.807 6.662 6.712 6.249 5.583 6.894 6.894 6.481 6.424 6.006 7.694 8.445 6.521 6.424 6.439 7.941 8.459 6.193 6.587 6.732 8.061 8.248 6.402 6.378 6.556 30/01/2029
7.435 7.573 7.481 6.916 6.500 7.398 7.304 7.361 7.342 6.864 7.375 7.545 7.435 7.340 7.121 7.470 7.358 7.370 7.247 7.371 7.592 7.368 7.022 7.454 7.442 7.794 7.547 7.483 7.407 7.239 31/01/2029
8.761 8.553 8.393 7.685 7.235 8.345 8.186 8.264 7.801 7.166 8.257 8.191 8.027 7.918 7.307 8.535 8.145 7.638 7.489 7.537 8.362 8.127 7.706 7.704 7.710 8.307 7.889 7.648 7.580 7.495 01/02/2029
7.939 8.000 7.734 7.463 7.047 7.848 7.699 7.623 7.898 7.411 7.928 7.954 7.846 7.745 7.536 8.251 8.322 7.809 7.668 7.732 8.374 8.299 7.850 7.867 8.040 8.673 8.391 8.122 8.087 7.866 02/02/2029
10.825 10.740 10.658 10.567 10.457 10.569 10.418 10.546 11.071 10.628 10.532 10.638 11.047 10.938 10.729 10.921 11.226 10.867 10.717 10.833 10.931 11.189 10.773 10.925 10.858 11.044 11.137 10.866 10.922 10.659 03/02/2029
9.175 9.279 9.270 8.881 8.488 9.130 9.019 9.184 9.375 8.886 9.113 9.350 9.449 9.333 8.981 9.365 9.826 9.505 9.376 9.436 9.590 9.809 9.435 9.554 9.493 9.804 9.812 9.608 9.601 9.270 04/02/2029
3.656 3.831 3.342 3.981 3.880 3.653 3.513 3.256 3.711 3.347 4.153 4.053 3.959 3.875 3.395 4.415 4.331 4.034 3.927 3.960 4.340 4.317 3.946 4.079 3.833 4.681 4.132 3.841 3.807 3.673 05/02/2029
5.680 5.681 5.458 4.283 5.110 5.517 5.410 5.356 5.338 5.075 5.872 5.708 5.701 5.564 5.221 6.191 6.413 5.764 5.610 5.544 6.365 6.376 5.830 5.835 5.767 6.658 6.484 6.038 5.978 5.564 06/02/2029
6.759 6.424 6.517 4.984 5.707 6.159 5.956 6.395 5.617 5.289 5.831 5.981 5.609 5.516 5.415 6.320 6.187 5.420 5.326 5.408 6.288 6.154 5.395 5.454 5.380 6.274 6.100 5.479 5.569 5.239 07/02/2029
7.609 8.045 8.060 7.683 9.327 8.042 8.034 8.073 9.751 9.371 8.116 8.121 9.680 9.439 9.382 8.838 9.383 9.514 9.296 9.347 8.840 9.366 9.394 9.576 9.431 8.924 9.367 9.466 9.552 9.233 08/02/2029
9.235 9.817 9.966 10.338 10.412 9.768 9.752 9.923 10.523 10.701 10.130 10.220 10.408 10.363 10.704 9.343 8.923 10.380 10.354 10.442 9.446 8.923 10.317 10.415 10.263 9.474 8.885 10.302 10.334 10.225 09/02/2029
9.431 9.990 10.125 9.794 10.019 9.881 9.790 10.032 10.564 10.437 10.061 10.252 10.419 10.400 10.438 9.853 10.825 10.506 10.482 10.653 10.108 10.817 10.425 10.512 10.478 10.299 10.921 10.527 10.547 10.452 10/02/2029
11.881 12.401 12.333 11.756 10.475 12.104 11.851 12.101 12.157 11.047 12.205 12.508 12.245 12.175 11.020 11.625 11.411 12.221 12.157 12.151 11.998 11.379 12.169 12.256 12.195 12.256 11.549 12.296 12.309 12.094 11/02/2029
10.063 10.342 10.151 9.826 9.459 10.310 10.236 10.193 10.429 10.061 10.771 10.677 10.300 10.199 10.125 10.317 11.149 10.519 10.454 10.520 10.416 11.118 10.672 10.541 10.769 10.550 11.242 10.922 10.748 10.670 12/02/2029
9.407 9.853 9.468 9.112 9.254 9.808 9.721 9.431 9.890 9.553 10.147 9.879 9.924 9.896 9.586 9.882 10.201 10.156 10.115 10.050 10.050 10.186 10.342 10.179 10.235 10.236 10.254 10.539 10.380 10.172 13/02/2029
3.580 3.826 3.587 2.846 3.190 3.711 3.600 3.512 3.863 3.578 4.181 4.028 3.888 3.819 3.602 4.153 4.433 4.090 4.034 4.091 4.419 4.416 4.227 4.120 4.335 4.578 4.600 4.505 4.514 4.199 14/02/2029
-3.045 -2.954 -3.002 -3.510 -3.295 -3.175 -3.334 -3.126 -2.781 -3.035 -2.563 -2.667 -2.752 -2.840 -2.962 -2.510 -1.967 -2.394 -2.515 -2.457 -2.006 -1.982 -2.410 -2.335 -1.958 -1.719 -1.744 -1.983 -1.897 -2.174 15/02/2029
-4.274 -4.284 -4.202 -4.104 -4.113 -4.501 -4.686 -4.349 -3.672 -3.821 -4.325 -4.219 -3.883 -4.043 -3.751 -4.153 -2.868 -3.812 -4.005 -3.818 -3.930 -2.866 -3.907 -3.772 -3.592 -3.662 -2.846 -3.744 -3.716 -3.817 16/02/2029
2.240 2.346 2.250 2.661 1.649 2.219 2.102 2.153 1.799 1.638 2.337 2.275 1.809 1.799 1.609 2.258 2.320 1.869 1.848 1.814 2.450 2.303 1.959 1.870 2.057 2.873 2.483 2.087 2.104 2.026 17/02/2029
6.257 6.326 6.202 5.731 5.335 6.197 6.079 6.126 5.914 5.637 6.510 6.493 5.992 5.957 5.648 6.605 7.082 6.463 6.393 6.357 7.166 7.080 6.486 6.501 6.877 7.554 7.476 6.923 6.928 6.767 18/02/2029
6.853 6.847 6.452 5.919 5.646 6.655 6.483 6.348 6.725 5.872 7.005 6.815 6.789 6.762 5.940 7.384 7.293 6.993 6.949 7.015 7.641 7.289 7.147 7.014 7.423 8.062 7.613 7.490 7.424 7.374 19/02/2029
9.376 9.374 9.264 8.811 8.853 9.231 9.097 9.196 8.664 8.900 9.269 9.289 8.660 8.659 8.956 9.126 9.271 8.669 8.665 8.698 9.203 9.283 8.764 8.680 8.867 9.442 9.385 8.918 8.877 8.873 20/02/2029
10.335 10.499 10.271 9.860 8.885 10.360 10.236 10.197 10.004 9.030 10.315 10.375 10.227 10.096 9.164 9.839 9.671 10.244 10.060 9.924 9.833 9.637 10.060 10.310 10.158 9.822 9.516 10.177 10.281 9.921 21/02/2029
8.983 8.942 8.781 8.710 8.817 8.836 8.716 8.711 9.052 8.738 8.870 8.896 9.092 9.019 8.775 8.729 8.540 9.142 9.070 9.066 8.799 8.536 8.985 9.165 9.170 8.868 8.572 9.201 9.227 9.082 22/02/2029
12.468 12.591 12.514 11.769 11.209 12.445 12.366 12.422 11.959 11.374 12.668 12.658 11.977 11.855 11.427 12.186 12.014 12.002 11.837 11.856 12.272 12.032 11.851 12.082 12.016 12.316 12.010 12.136 12.123 11.779 23/02/2029
11.114 11.203 11.064 10.329 9.917 11.009 10.802 10.936 10.779 10.127 11.167 11.158 10.886 10.788 10.187 10.872 10.895 10.916 10.827 10.778 11.266 10.851 10.937 10.984 10.885 11.572 10.973 11.189 11.136 10.764 24/02/2029
11.044 11.160 10.951 10.757 11.052 10.898 10.720 10.844 12.073 11.278 11.125 11.086 12.229 12.140 11.306 12.048 12.330 12.362 12.248 12.180 12.171 12.368 12.413 12.417 12.487 12.253 12.401 12.691 12.629 12.308 25/02/2029
9.397 9.170 8.965 9.271 9.219 8.870 8.644 8.789 9.113 9.113 8.851 8.833 9.247 9.076 9.187 8.828 9.110 9.311 9.109 9.154 8.959 9.076 9.325 9.373 9.315 9.139 9.179 9.637 9.620 9.033 26/02/2029
8.042 7.696 7.828 7.750 7.169 7.702 7.751 7.858 7.616 7.063 7.582 7.578 7.597 7.571 7.092 7.571 8.023 7.636 7.624 7.769 7.839 8.005 7.637 7.631 7.740 7.938 8.096 7.720 7.862 7.728 27/02/2029
7.654 7.392 7.505 7.386 6.916 7.293 7.244 7.462 7.138 6.872 7.537 7.267 7.109 7.064 6.916 7.596 7.587 7.081 7.023 7.188 7.698 7.569 7.174 7.110 7.276 7.794 7.750 7.353 7.322 7.178 28/02/2029
11.360 11.182 11.230 11.006 10.872 11.088 10.971 11.143 10.540 10.698 11.146 11.045 10.367 10.384 10.698 11.427 11.454 10.223 10.248 10.384 11.474 11.430 10.290 10.201 10.179 11.603 11.520 10.233 10.168 10.245 01/03/2029
11.483 11.299 11.470 11.438 11.275 11.145 11.045 11.414 11.056 10.829 11.264 11.257 11.039 11.009 10.882 11.409 11.511 10.977 10.979 11.057 11.550 11.501 10.979 10.986 11.029 11.599 11.609 11.061 11.036 11.022 02/03/2029
12.800 12.821 12.839 12.755 12.804 12.707 12.606 12.765 13.402 12.708 12.790 12.757 13.476 13.494 12.798 13.596 13.918 13.520 13.522 13.605 13.700 13.908 13.540 13.506 13.592 13.856 14.031 13.584 13.604 13.600 03/03/2029
9.789 9.993 9.942 9.576 9.320 9.807 9.693 9.832 9.791 9.409 9.693 9.874 9.902 9.813 9.527 9.777 9.956 9.795 9.649 9.715 9.961 9.905 9.675 9.844 9.778 10.122 9.907 9.760 9.729 9.599 04/03/2029
12.289 12.316 12.296 12.280 12.484 12.211 12.145 12.215 12.615 12.451 11.917 12.094 12.564 12.511 12.535 12.176 12.394 12.547 12.426 12.523 12.029 12.371 12.151 12.586 12.596 12.140 12.364 12.107 12.305 12.459 05/03/2029
12.681 12.834 12.727 13.168 13.099 12.711 12.579 12.643 13.526 13.118 12.672 12.750 13.473 13.389 13.239 13.135 13.821 13.510 13.384 13.478 13.138 13.793 13.354 13.545 13.652 13.347 13.893 13.478 13.568 13.523 06/03/2029
11.004 11.750 11.948 12.582 12.887 11.590 11.471 11.855 13.897 13.909 12.176 12.443 13.792 13.709 14.046 12.868 13.949 14.443 14.302 14.376 13.704 13.917 14.225 14.479 15.053 14.473 14.403 14.960 15.071 14.905 07/03/2029
9.320 9.181 9.212 8.528 7.962 8.994 8.840 9.095 8.937 7.599 9.107 9.002 9.116 8.988 7.700 9.329 9.630 9.111 8.983 8.965 9.495 9.595 9.285 9.171 9.292 9.763 9.848 9.619 9.466 9.116 08/03/2029
8.366 8.250 8.012 7.431 7.243 8.078 7.932 7.887 7.307 7.022 8.162 7.654 7.484 7.378 7.140 8.334 8.336 7.689 7.520 7.659 8.851 8.316 7.709 7.709 8.189 9.342 9.236 8.836 8.425 7.953 09/03/2029
9.597 9.302 9.222 8.987 9.098 9.221 9.181 9.173 9.028 8.996 9.549 9.393 9.173 9.132 9.071 10.021 9.975 9.107 9.022 9.081 10.101 9.927 9.321 9.125 9.209 10.283 10.030 9.385 9.281 9.117 10/03/2029
10.383 10.365 10.233 10.093 10.261 10.284 10.217 10.152 10.279 10.179 10.542 10.394 10.356 10.319 10.226 10.953 10.953 10.365 10.329 10.308 11.105 10.928 10.441 10.382 10.474 11.291 11.072 10.591 10.502 10.378 11/03/2029
9.610 9.518 9.294 9.171 8.989 9.337 9.189 9.200 9.008 8.879 9.442 9.334 9.206 9.081 8.879 10.220 10.067 9.138 8.970 9.025 10.181 10.030 9.181 9.183 9.393 10.407 10.251 9.501 9.408 9.162 12/03/2029
8.375 8.432 8.073 7.952 7.515 8.241 8.078 7.937 8.163 7.691 8.388 8.309 8.373 8.209 7.839 9.025 9.084 8.391 8.186 8.235 9.227 9.053 8.389 8.440 8.642 9.530 9.260 8.757 8.673 8.377 13/03/2029
11.420 11.331 11.112 10.876 10.979 11.139 10.991 11.014 11.052 10.793 11.134 11.067 11.234 11.150 10.855 11.553 11.568 11.116 11.011 11.036 11.591 11.519 11.151 11.152 11.283 11.864 11.622 11.319 11.290 11.181 14/03/2029
12.707 12.650 12.480 12.163 12.418 12.448 12.316 12.370 12.632 12.380 12.519 12.473 12.897 12.783 12.458 12.896 13.026 12.900 12.745 12.700 13.042 12.985 12.789 12.923 13.062 13.304 13.154 13.066 13.038 12.905 15/03/2029
10.556 10.190 10.228 9.966 10.191 10.040 9.905 10.128 10.294 10.084 9.921 9.981 10.300 10.209 10.179 10.331 10.676 10.134 10.015 10.115 10.302 10.664 9.925 10.171 10.336 10.450 10.630 10.046 10.193 10.200 16/03/2029
8.689 8.646 8.409 7.722 8.461 8.472 8.312 8.313 9.118 8.774 8.576 8.689 9.116 9.068 8.889 8.805 9.522 9.169 9.077 9.161 8.809 9.528 9.038 9.203 9.361 9.043 9.554 9.220 9.357 9.205 17/03/2029
6.732 6.897 6.924 6.003 7.090 6.781 6.669 6.848 8.457 7.862 7.086 7.228 8.185 8.051 7.982 7.135 7.775 8.657 8.513 8.779 7.677 7.743 8.374 8.695 9.211 8.373 8.184 9.049 9.068 8.981 18/03/2029
5.221 5.221 5.260 4.510 4.872 5.066 4.954 5.159 5.587 5.362 5.022 5.158 5.413 5.314 5.459 5.037 5.611 5.512 5.401 5.572 5.261 5.551 5.309 5.542 5.697 5.434 5.732 5.566 5.629 5.539 19/03/2029
3.857 3.769 3.551 2.677 2.398 3.445 3.145 3.352 2.663 2.588 3.505 3.534 2.781 2.655 2.697 3.593 3.646 2.733 2.581 2.717 3.797 3.631 2.678 2.799 2.875 3.945 3.770 2.984 2.966 2.653 20/03/2029
2.774 2.787 2.808 2.182 2.405 2.558 2.382 2.647 2.467 2.495 2.646 2.768 2.645 2.513 2.555 2.849 3.534 2.615 2.457 2.476 3.192 3.499 2.594 2.644 2.620 3.384 3.641 2.779 2.732 2.431 21/03/2029
4.385 4.362 3.670 3.179 4.083 4.224 4.098 3.573 3.757 4.012 4.135 3.904 3.837 3.796 4.030 4.456 4.400 3.751 3.656 3.540 4.334 4.400 3.963 3.723 3.369 3.896 4.098 3.544 3.522 3.291 22/03/2029
7.020 6.771 6.401 5.819 6.102 6.636 6.510 6.337 6.150 5.929 6.652 6.365 6.240 6.191 6.019 7.178 6.866 5.918 5.848 5.740 6.958 6.845 6.171 5.933 5.595 6.578 6.472 5.814 5.792 5.480 23/03/2029
8.291 8.223 8.194 8.045 7.604 8.157 8.070 8.151 7.784 7.469 7.999 7.983 7.479 7.318 7.592 8.163 7.732 7.412 7.224 7.454 7.976 7.716 7.103 7.490 7.686 8.259 7.426 7.102 7.302 7.431 24/03/2029
10.695 11.796 10.492 11.650 11.523 11.597 11.480 11.606 11.679 11.320 11.502 11.460 11.558 11.472 11.427 10.590 10.657 11.427 11.295 11.350 10.604 10.640 11.531 11.461 11.397 10.555 10.472 11.556 11.479 11.173 25/03/2029
12.484 12.402 11.969 11.688 11.790 12.214 12.150 12.029 11.865 11.611 12.055 12.170 12.223 12.130 11.679 12.163 12.182 12.057 11.957 11.954 12.008 12.141 12.205 12.102 11.982 11.979 12.108 12.193 12.045 11.815 26/03/2029
12.315 12.141 11.768 11.523 10.635 11.977 11.860 11.693 11.915 10.731 11.827 11.912 12.253 12.152 10.832 11.867 12.085 12.198 12.087 11.961 12.042 12.035 12.242 12.254 11.982 12.112 12.018 12.237 12.182 11.789 27/03/2029
12.961 12.848 12.576 12.446 11.246 12.563 12.370 12.439 12.734 11.484 12.382 12.737 12.767 12.563 11.593 13.512 13.432 12.743 12.522 12.631 13.467 13.413 12.523 12.863 12.727 13.407 13.202 12.581 12.809 12.385 28/03/2029
14.187 13.895 14.214 13.772 13.836 13.652 13.512 14.065 14.419 13.868 13.482 13.735 14.028 13.891 14.060 14.764 14.459 14.029 13.822 14.061 14.930 14.431 13.869 14.072 13.944 15.051 14.474 14.038 14.012 13.721 29/03/2029
13.658 13.305 13.423 12.905 13.151 12.935 12.832 13.185 13.896 13.014 12.395 12.772 13.960 13.631 13.297 13.393 13.239 13.527 13.125 13.218 13.151 13.225 13.500 13.679 13.508 13.296 13.228 14.067 13.818 12.911 30/03/2029
9.944 9.976 9.911 9.094 9.158 9.804 9.731 9.783 9.275 9.282 9.917 9.811 9.347 9.212 9.418 10.715 10.951 9.573 9.445 9.072 10.847 10.924 9.680 9.635 9.616 11.029 11.136 10.080 9.938 9.469 31/03/2029
7.927 7.891 7.859 6.716 6.192 7.715 7.558 7.733 6.561 6.427 7.883 7.903 6.474 6.323 6.565 7.858 8.411 6.746 6.552 6.411 8.035 8.345 6.792 6.800 6.587 8.252 8.479 7.003 6.929 6.362 01/04/2029
6.452 6.775 6.599 5.295 5.116 6.698 6.629 6.556 6.266 5.634 7.135 6.939 6.455 6.245 5.790 7.294 7.488 6.824 6.599 6.387 7.594 7.441 6.902 6.923 6.878 7.963 7.797 7.557 7.273 6.526 02/04/2029
7.967 8.052 8.020 7.233 8.856 7.862 7.696 7.887 7.471 8.863 7.977 7.988 7.519 9.068 7.173 8.234 8.373 7.751 7.532 7.448 8.241 8.336 7.555 7.839 7.690 8.288 8.370 7.781 7.832 7.424 03/04/2029
9.863 9.783 9.857 9.337 9.707 9.740 9.661 9.833 9.502 9.400 9.673 9.726 9.840 9.843 9.347 10.223 10.066 9.348 9.274 9.221 9.922 10.034 9.287 9.355 8.972 9.428 9.659 8.868 8.924 8.867 04/04/2029
12.852 12.841 12.768 12.466 12.610 12.715 12.618 12.697 12.874 12.815 12.938 13.017 13.057 12.994 12.853 13.060 13.149 13.043 12.974 13.018 12.990 13.127 12.793 13.052 12.924 13.019 13.079 12.895 12.868 12.801 05/04/2029
10.305 10.249 10.077 9.916 9.995 10.056 9.911 9.932 10.327 10.038 10.171 10.234 10.533 10.408 10.139 10.567 10.762 10.589 10.432 10.374 10.723 10.726 10.486 10.632 10.563 10.913 10.731 10.620 10.590 10.307 06/04/2029
13.907 13.835 13.429 12.604 13.387 13.700 13.599 13.371 12.252 13.322 13.944 13.808 12.691 12.488 13.408 14.078 12.523 12.750 12.520 12.199 14.235 12.474 12.970 12.838 12.597 14.429 12.554 13.310 13.020 12.257 07/04/2029
15.467 15.435 15.388 15.617 14.728 15.477 15.533 15.417 14.891 14.672 15.382 15.418 15.150 14.990 14.751 16.373 16.716 15.161 14.939 14.865 16.527 16.713 15.281 15.242 15.194 16.700 16.749 15.600 15.365 14.878 08/04/2029
14.470 14.265 14.182 13.637 13.558 14.107 13.989 14.104 14.171 13.896 14.181 14.301 14.328 14.169 14.001 14.528 14.740 14.122 13.939 13.916 14.733 14.709 14.032 14.186 13.931 14.778 14.635 14.035 14.012 13.699 09/04/2029
12.482 12.054 11.851 11.331 11.711 11.866 11.738 11.766 12.015 11.778 11.898 11.926 12.103 12.020 11.889 12.414 12.729 12.113 11.994 11.947 12.533 12.704 12.142 12.154 12.095 12.827 12.776 12.297 12.305 11.946 10/04/2029
11.147 10.515 10.787 11.462 11.480 10.358 10.200 10.717 10.709 10.759 10.141 10.206 10.035 9.899 10.854 10.094 10.236 9.365 9.204 9.312 10.258 10.228 9.642 9.421 9.443 10.126 10.094 9.510 9.338 9.257 11/04/2029
9.169 9.134 9.131 9.164 8.564 8.970 8.828 9.012 8.674 8.613 8.883 8.936 8.534 8.386 8.699 9.299 9.770 8.253 8.086 8.169 9.341 9.747 8.279 8.328 8.400 9.531 9.799 8.401 8.352 8.167 12/04/2029
10.049 10.479 10.087 10.055 9.929 10.344 10.215 10.014 9.951 9.964 10.626 10.496 10.118 10.040 10.101 10.834 10.802 10.217 10.137 10.169 10.690 10.785 10.019 10.253 10.253 10.833 11.092 10.391 10.457 10.138 13/04/2029
7.012 7.403 7.293 6.886 6.945 7.246 7.126 7.243 7.480 7.314 7.509 7.620 7.516 7.429 7.418 7.999 8.384 7.662 7.551 7.726 8.255 8.362 7.548 7.706 7.971 8.444 8.541 7.841 7.930 7.790 14/04/2029
6.017 6.194 6.168 5.721 5.943 6.002 5.893 6.053 6.588 6.231 6.050 6.191 6.492 6.387 6.344 6.733 7.247 6.727 6.605 6.718 6.905 7.220 6.486 6.774 6.926 7.247 7.359 6.754 6.916 6.709 15/04/2029
7.868 7.963 8.159 7.934 7.828 7.776 7.631 8.054 8.329 8.028 7.594 7.867 8.228 8.040 8.132 9.439 8.649 8.032 7.865 8.217 9.445 8.613 7.813 8.110 8.089 9.556 8.437 7.888 8.042 7.831 16/04/2029
8.994 8.809 8.873 8.547 9.564 8.582 8.392 8.701 9.633 9.616 8.316 8.441 9.542 9.481 9.692 9.099 9.295 9.281 9.228 9.496 9.168 9.272 9.164 9.320 9.398 9.489 9.294 9.205 9.225 9.327 17/04/2029
10.337 10.391 10.215 9.792 9.876 10.105 9.890 10.022 10.490 10.043 10.007 10.189 10.609 10.414 10.209 10.015 10.742 10.519 10.344 10.467 9.812 10.684 10.256 10.622 10.649 9.967 10.779 10.471 10.632 10.347 18/04/2029
8.297 7.895 7.714 8.548 8.958 7.783 7.669 7.619 8.921 8.814 7.444 7.383 8.549 8.401 8.912 8.240 8.532 8.342 8.174 8.308 8.251 8.492 8.059 8.417 7.657 8.356 8.452 8.140 8.062 7.450 19/04/2029
11.044 10.623 10.642 10.861 10.677 10.473 10.344 10.563 10.968 10.597 10.208 10.276 10.631 10.516 10.699 11.042 11.532 10.450 10.372 10.444 11.244 11.505 10.474 10.515 10.219 11.484 11.542 10.618 10.395 10.078 20/04/2029
13.765 12.926 12.954 12.915 13.481 12.743 12.604 12.847 13.460 13.034 12.513 12.353 13.462 13.325 13.153 13.610 13.331 13.342 13.196 13.226 13.715 13.295 13.309 13.419 13.367 14.017 13.600 13.737 13.561 13.151 21/04/2029
13.769 13.928 13.536 13.401 14.121 13.754 13.596 13.430 13.812 13.556 13.114 12.850 13.855 13.622 13.655 13.529 12.983 13.662 13.414 13.417 13.038 12.981 13.531 13.787 13.791 13.274 13.283 14.053 13.969 13.392 22/04/2029
18.281 18.563 18.068 17.448 18.311 18.461 18.399 18.017 18.384 17.936 18.446 18.244 18.677 18.590 17.954 19.520 19.097 18.710 18.593 18.378 19.529 19.069 18.769 18.765 18.836 19.716 19.319 19.023 18.927 18.634 23/04/2029
17.840 17.961 17.316 16.481 16.883 17.818 17.727 17.235 17.624 16.973 17.881 17.547 17.821 17.637 17.060 18.710 18.912 18.025 17.812 17.615 18.979 18.863 18.468 18.116 18.268 19.156 19.018 18.763 18.634 17.936 24/04/2029
14.810 14.647 14.481 14.104 14.510 14.474 14.354 14.343 14.458 14.524 14.598 14.519 14.465 14.330 14.582 15.161 15.561 14.514 14.375 14.293 15.331 15.516 14.664 14.565 14.625 15.471 15.572 14.759 14.855 14.422 25/04/2029
14.041 13.727 13.936 13.426 13.482 13.543 13.379 13.785 13.265 13.569 13.515 13.513 13.124 12.962 13.634 13.556 13.420 13.019 12.916 13.044 13.579 13.380 12.687 13.051 13.187 13.580 13.436 12.693 12.884 13.034 26/04/2029
16.064 15.879 16.034 14.078 15.764 15.796 15.726 15.966 16.120 15.966 15.740 15.725 15.992 15.951 16.058 15.108 15.972 15.869 15.851 16.000 15.338 15.958 15.732 15.896 15.849 15.530 16.040 15.836 15.799 15.779 27/04/2029
16.980 16.871 17.102 17.428 17.414 16.746 16.688 17.016 17.550 17.222 16.571 16.672 17.394 17.309 17.290 15.955 16.322 17.083 17.033 17.240 15.956 16.312 16.989 17.088 17.179 16.262 16.458 17.125 17.082 17.117 28/04/2029
15.971 16.017 16.030 16.056 16.136 15.848 15.732 15.922 16.232 15.933 15.820 15.899 16.422 16.333 16.017 15.957 16.242 16.273 16.148 16.175 16.131 16.211 16.254 16.269 16.459 16.414 16.373 16.486 16.445 16.317 29/04/2029
14.047 14.066 14.003 13.726 14.032 13.888 13.758 13.896 14.079 13.959 13.815 13.890 14.283 14.181 14.053 14.142 14.553 14.250 14.117 14.136 14.366 14.514 14.286 14.289 14.269 14.462 14.539 14.393 14.326 14.086 30/04/2029
14.082 13.708 13.391 12.136 12.142 13.313 13.004 13.171 12.995 12.363 13.390 13.341 13.435 13.135 12.550 12.685 13.033 13.388 13.015 12.872 12.946 12.972 13.430 13.532 13.410 13.187 13.116 13.982 13.765 12.880 01/05/2029
13.086 13.015 12.977 12.538 12.911 12.780 12.570 12.891 13.144 13.320 13.057 13.310 13.377 13.299 13.348 13.510 14.224 13.445 13.332 13.108 13.787 14.188 13.490 13.499 13.215 14.036 14.266 13.573 13.491 13.062 02/05/2029
12.340 12.373 12.285 11.825 12.263 12.343 12.293 12.271 12.348 12.250 12.563 12.588 12.718 12.616 12.293 13.097 13.689 12.757 12.636 12.590 13.431 13.708 12.954 12.832 12.592 13.652 13.900 13.405 13.342 12.329 03/05/2029
11.695 11.536 11.466 11.557 12.089 11.416 11.374 11.403 12.097 12.148 11.383 11.351 12.020 11.863 12.201 11.933 11.794 11.835 11.660 11.923 12.153 11.737 11.821 11.924 11.938 12.346 11.810 12.084 12.164 11.651 04/05/2029
10.212 10.249 10.164 10.349 11.009 10.142 10.099 10.108 11.062 11.175 10.246 10.245 11.037 10.902 11.225 10.291 10.672 10.924 10.754 10.934 10.477 10.630 10.946 10.993 10.856 10.418 10.596 11.022 11.017 10.567 05/05/2029
7.219 7.106 6.866 6.735 6.875 6.881 6.700 6.738 6.970 7.030 7.068 6.948 7.058 6.860 7.151 7.774 7.999 7.100 6.854 6.922 8.031 7.965 7.051 7.197 7.242 8.250 8.083 7.377 7.299 6.902 06/05/2029
10.063 9.808 9.688 8.804 9.588 9.566 9.419 9.554 9.906 9.713 9.798 9.713 9.927 9.792 9.885 10.399 9.777 9.915 9.748 9.885 10.617 9.754 9.962 9.983 10.081 10.748 9.774 10.159 10.076 9.858 07/05/2029
12.770 12.646 12.415 11.847 11.885 12.492 12.379 12.350 12.069 11.967 12.594 12.541 12.253 12.178 12.054 12.797 12.700 12.242 12.116 11.959 12.794 12.685 12.437 12.293 11.944 12.883 12.628 12.487 12.269 11.834 08/05/2029
13.459 13.483 13.473 13.126 13.140 13.364 13.233 13.394 13.765 13.422 13.349 13.384 13.706 13.569 13.539 14.056 14.057 13.705 13.581 13.779 14.128 14.027 13.560 13.760 13.783 14.161 14.245 13.930 13.894 13.602 09/05/2029
16.036 15.861 15.498 15.164 15.267 15.625 15.482 15.354 15.701 15.260 15.801 15.442 15.822 15.701 15.368 16.176 15.659 15.690 15.557 15.483 16.073 15.636 15.798 15.738 15.460 15.961 15.651 15.910 15.604 15.290 10/05/2029
17.719 17.338 17.382 17.185 17.375 17.251 17.228 17.340 17.895 17.589 17.409 17.147 17.863 17.833 17.629 17.662 17.498 17.714 17.636 17.661 17.664 17.484 17.686 17.747 17.528 17.601 17.338 17.710 17.661 17.475 11/05/2029
18.377 18.240 18.431 17.769 17.965 18.159 18.138 18.373 18.556 18.140 18.246 18.125 18.343 18.340 18.189 17.957 18.180 18.299 18.267 18.409 17.977 18.171 18.128 18.336 18.143 17.919 18.127 18.099 18.003 18.107 12/05/2029
20.258 20.175 20.468 20.584 20.032 20.094 20.020 20.397 20.692 20.029 20.246 20.274 20.607 20.552 20.104 20.436 20.703 20.595 20.542 20.555 20.765 20.686 20.681 20.641 20.422 20.850 20.827 20.910 20.673 20.327 13/05/2029
18.127 17.782 17.673 16.729 16.943 17.541 17.333 17.500 17.159 16.638 17.584 17.408 17.584 17.398 16.643 18.053 17.384 17.315 17.099 16.686 17.758 17.338 17.319 17.394 16.786 17.662 17.315 17.308 17.130 16.497 14/05/2029
14.877 14.701 14.531 13.728 13.833 14.542 14.396 14.412 14.372 13.909 14.592 14.531 14.650 14.604 13.979 14.902 14.762 14.505 14.383 14.080 14.841 14.738 14.587 14.534 14.086 14.517 14.532 14.474 14.244 13.965 15/05/2029
15.140 14.989 14.270 13.230 13.084 14.771 14.601 14.143 14.022 13.101 14.803 14.681 14.409 14.331 13.212 15.071 14.854 14.305 14.167 13.729 14.469 14.802 14.794 14.352 13.837 14.847 14.666 14.687 14.253 13.651 16/05/2029
15.400 15.156 14.821 14.026 14.416 14.919 14.779 14.668 14.383 14.208 15.107 15.022 14.892 14.755 14.272 15.178 15.129 14.766 14.603 14.411 14.873 15.085 14.961 14.837 14.676 14.983 15.074 15.064 14.829 14.438 17/05/2029
14.258 14.086 13.705 13.555 13.876 13.899 13.737 13.610 13.662 13.509 13.916 13.936 13.981 13.810 13.593 14.033 14.492 14.168 14.022 13.652 14.323 14.448 14.588 14.221 14.431 14.568 14.613 14.812 14.630 14.179 18/05/2029
11.594 11.694 11.584 10.876 12.213 11.533 11.358 11.492 11.801 12.328 11.477 11.657 11.927 11.810 12.391 12.291 13.174 12.232 12.111 12.037 12.700 13.136 12.091 12.274 12.606 13.270 13.442 12.624 12.582 12.399 19/05/2029
14.206 14.070 13.927 14.637 14.858 13.869 13.808 13.821 14.837 14.699 13.794 13.816 15.026 14.920 14.758 14.313 14.764 14.943 14.794 14.713 14.475 14.735 14.871 14.971 15.024 14.709 14.848 15.127 15.065 14.796 20/05/2029
20.358 20.390 20.292 20.262 20.492 20.226 20.156 20.204 20.303 20.471 20.277 20.263 20.505 20.391 20.554 20.209 20.414 20.429 20.291 20.203 20.191 20.400 20.094 20.480 20.549 20.352 20.436 20.159 20.207 20.342 21/05/2029
24.271 24.169 24.130 23.648 23.645 23.894 23.728 23.970 23.979 23.605 23.922 23.901 24.159 23.988 23.634 24.510 24.655 23.985 23.807 23.654 24.531 24.635 23.807 24.063 23.893 24.478 24.711 24.030 24.001 23.646 22/05/2029
22.933 22.386 22.628 22.970 23.106 22.219 22.110 22.512 23.200 22.900 21.861 21.919 22.965 22.775 22.946 22.359 22.680 22.712 22.480 22.728 22.403 22.644 22.494 22.769 22.995 22.396 22.671 22.691 22.835 22.723 23/05/2029
22.338 22.238 22.337 21.938 22.400 22.134 22.111 22.277 22.788 22.450 22.294 22.292 22.621 22.492 22.529 22.409 23.046 22.598 22.458 22.566 22.526 22.983 22.541 22.636 22.765 22.595 23.218 22.760 22.793 22.596 24/05/2029
17.458 17.412 17.344 16.418 17.562 17.245 17.154 17.227 17.977 17.767 17.357 17.356 17.958 17.864 17.741 19.438 20.466 17.987 17.904 18.076 19.774 20.483 18.034 18.041 18.080 19.652 20.523 18.376 18.251 17.950 25/05/2029
20.119 20.020 19.884 19.326 19.377 19.783 19.597 19.742 19.605 19.545 19.857 19.820 19.711 19.652 19.614 19.310 19.850 19.651 19.577 19.584 19.449 19.802 19.712 19.678 19.646 19.495 19.951 19.943 19.854 19.515 26/05/2029
21.403 21.339 21.271 21.472 20.706 21.299 21.286 21.238 20.652 20.641 21.290 21.255 20.737 20.689 20.677 21.106 20.668 20.707 20.633 20.591 21.220 20.660 20.789 20.737 20.654 21.233 20.644 20.878 20.777 20.517 27/05/2029
23.352 23.147 23.114 23.500 22.850 23.160 23.221 23.134 21.752 22.314 22.952 22.881 22.036 21.986 22.320 23.040 22.447 21.768 21.709 21.577 23.038 22.455 21.842 21.813 21.692 23.207 22.383 21.963 21.834 21.583 28/05/2029
25.677 25.317 25.294 24.261 24.727 25.252 25.248 25.267 24.056 24.191 24.929 24.883 24.264 24.222 24.213 24.553 24.716 23.766 23.762 23.545 24.321 24.719 23.899 23.825 23.585 24.279 24.547 23.937 23.735 23.509 29/05/2029
23.985 23.620 23.509 23.494 22.462 23.354 23.209 23.363 22.529 22.059 23.098 23.055 22.720 22.535 22.238 23.355 23.523 22.170 21.996 21.894 23.198 23.502 22.300 22.295 22.075 23.278 23.392 22.576 22.373 21.762 30/05/2029
21.015 20.736 20.691 20.264 20.527 20.636 20.576 20.649 20.718 20.422 20.637 20.713 20.972 20.783 20.473 20.787 21.267 20.721 20.488 20.310 21.052 21.210 20.863 20.797 20.749 21.327 21.184 20.851 20.725 20.462 31/05/2029
16.552 16.454 16.195 15.925 16.723 16.317 16.189 16.112 16.706 16.633 16.587 16.326 17.011 16.901 16.777 17.004 17.744 16.921 16.734 16.522 17.112 17.674 17.337 16.958 16.677 17.144 17.736 17.280 16.950 16.444 01/06/2029
15.622 15.537 15.326 15.074 15.271 15.311 15.140 15.200 15.499 15.375 15.620 15.402 15.680 15.594 15.540 15.759 16.122 15.715 15.572 15.523 15.863 16.078 15.756 15.752 15.823 16.026 16.257 16.007 15.892 15.605 02/06/2029
16.677 16.602 16.516 15.916 16.199 16.465 16.321 16.386 15.942 16.317 16.592 16.530 15.944 15.816 16.405 17.420 17.412 15.926 15.783 15.837 17.399 17.361 15.849 16.016 16.138 17.610 17.533 16.143 16.098 15.910 03/06/2029
15.514 15.466 15.315 13.644 14.980 15.089 14.714 15.070 15.161 15.095 15.325 15.316 15.153 14.992 15.230 15.393 15.823 15.201 15.005 15.033 15.665 15.791 15.129 15.273 15.415 16.109 15.894 15.426 15.354 15.159 04/06/2029
16.483 16.428 16.094 15.227 15.391 16.233 16.053 15.961 15.515 15.288 16.390 16.387 16.100 15.951 15.421 16.114 16.437 16.124 15.976 15.615 16.142 16.383 16.172 16.197 16.220 16.304 16.652 16.550 16.377 15.978 05/06/2029
17.835 17.607 17.364 16.974 17.185 17.386 17.235 17.215 17.333 17.099 17.259 17.280 17.529 17.371 17.222 17.323 17.519 17.447 17.281 17.253 17.334 17.477 17.327 17.533 17.669 17.469 17.624 17.559 17.595 17.401 06/06/2029
16.393 16.063 15.885 15.030 15.560 15.834 15.707 15.747 15.957 15.505 15.919 15.789 16.165 16.053 15.644 16.164 15.992 16.048 15.890 15.799 16.135 15.951 16.085 16.112 16.109 16.188 16.028 16.231 16.148 15.869 07/06/2029
11.810 11.719 11.662 10.680 10.938 11.517 11.317 11.509 11.508 11.086 11.630 11.407 11.622 11.506 11.222 12.003 12.286 11.477 11.346 11.275 12.468 12.242 11.441 11.548 11.758 13.212 12.863 12.063 11.830 11.563 08/06/2029
12.649 12.509 12.498 11.306 10.742 12.276 12.080 12.335 11.762 11.467 12.363 12.285 11.897 11.771 11.582 12.792 12.718 11.813 11.660 11.686 12.927 12.659 11.833 11.870 11.852 13.139 12.620 11.913 12.019 11.635 09/06/2029
10.299 10.241 10.186 9.865 9.303 10.118 9.935 10.123 9.958 9.587 10.357 10.294 10.080 9.916 9.761 10.683 10.885 10.076 9.869 9.865 10.889 10.810 10.101 10.128 9.959 11.304 10.887 10.217 10.221 9.702 10/06/2029
12.698 12.470 12.350 12.091 11.491 12.334 12.223 12.268 11.657 11.667 12.711 12.338 11.834 11.729 11.806 13.000 12.747 11.921 11.749 11.758 12.947 12.677 12.026 11.955 12.192 12.940 12.808 12.236 12.288 11.983 11/06/2029
13.717 13.751 13.432 12.751 13.196 13.597 13.499 13.316 14.103 13.873 13.598 13.634 13.840 13.703 14.006 13.926 14.421 14.004 13.893 14.021 13.941 14.407 14.103 14.062 14.307 13.977 14.394 14.206 14.088 14.108 12/06/2029
15.179 14.918 14.170 13.354 12.734 14.682 14.533 14.025 13.191 13.029 14.437 14.302 13.562 13.425 13.149 14.542 14.759 13.519 13.342 13.243 14.269 14.722 13.485 13.604 13.985 14.751 14.971 14.082 13.996 13.637 13/06/2029
15.456 15.313 14.952 14.067 14.060 15.054 14.887 14.785 14.367 14.254 15.064 14.999 14.410 14.323 14.347 15.389 14.852 14.369 14.255 14.331 15.364 14.827 14.386 14.425 14.764 15.614 15.077 14.665 14.583 14.508 14/06/2029
16.307 16.215 15.853 15.346 15.414 15.995 15.822 15.733 15.627 15.512 16.140 15.959 15.652 15.542 15.624 16.220 16.070 15.616 15.451 15.456 16.208 16.042 15.792 15.659 15.608 16.155 16.110 15.953 15.697 15.382 15/06/2029
17.225 17.031 16.823 16.526 16.545 16.827 16.656 16.707 16.853 16.601 16.863 16.777 16.828 16.705 16.760 17.002 17.096 16.698 16.536 16.612 16.994 17.072 16.755 16.754 16.751 17.059 17.074 16.858 16.691 16.473 16/06/2029
19.114 19.143 18.946 18.510 18.466 19.008 18.901 18.890 18.936 18.602 19.010 18.946 18.993 18.858 18.765 19.327 19.505 18.887 18.738 18.759 19.375 19.454 18.846 18.955 18.950 19.365 19.497 19.064 18.964 18.723 17/06/2029
20.189 20.120 20.013 19.720 19.819 20.010 19.892 19.960 19.940 19.761 20.074 19.945 20.049 19.960 19.855 20.059 19.922 19.871 19.756 19.656 19.913 19.893 19.805 19.925 19.718 19.887 19.891 19.829 19.738 19.569 18/06/2029
19.052 18.916 18.916 18.551 18.201 18.732 18.594 18.802 18.981 18.047 18.573 18.610 18.991 18.864 18.165 18.666 18.624 18.813 18.682 18.597 18.693 18.602 18.756 18.871 18.708 18.849 18.648 18.881 18.796 18.500 19/06/2029
16.328 16.620 16.310 16.358 16.289 16.429 16.244 16.187 16.265 15.898 16.207 16.229 16.420 16.282 16.049 16.143 16.624 16.593 16.423 16.350 16.386 16.587 16.435 16.664 16.801 16.582 16.753 16.736 16.767 16.597 20/06/2029
16.571 16.640 16.662 16.391 16.377 16.442 16.251 16.521 16.559 16.261 16.365 16.442 16.528 16.399 16.419 16.322 16.810 16.580 16.440 16.539 16.519 16.787 16.352 16.652 16.981 16.679 16.927 16.633 16.825 16.788 21/06/2029
16.844 16.802 16.803 16.114 16.320 16.511 16.268 16.635 17.371 16.806 16.609 16.717 17.031 16.894 16.922 17.292 17.608 17.115 16.949 17.325 17.558 17.575 17.044 17.190 17.603 17.767 17.734 17.354 17.361 17.443 22/06/2029
17.704 17.479 17.517 17.227 17.438 17.262 17.096 17.345 17.989 17.668 17.156 17.294 17.900 17.775 17.802 17.465 18.024 17.918 17.743 17.876 17.691 17.997 17.793 17.981 18.162 17.919 18.176 18.167 18.165 17.926 23/06/2029
17.145 16.970 16.800 16.257 16.195 16.753 16.552 16.676 16.690 16.348 16.843 16.788 16.928 16.778 16.497 16.814 17.194 16.841 16.618 16.529 16.937 17.159 17.005 16.916 16.830 17.087 17.228 17.197 17.020 16.527 24/06/2029
16.226 16.428 15.787 15.413 15.420 16.232 16.066 15.676 16.097 15.534 16.474 16.273 16.393 16.204 15.684 16.481 16.292 16.187 15.955 15.866 16.035 16.235 16.273 16.288 16.100 16.035 16.289 16.526 16.388 15.773 25/06/2029
20.775 20.951 20.766 20.676 21.094 20.917 20.836 20.750 21.429 21.141 21.089 21.020 21.522 21.393 21.256 20.874 21.412 21.421 21.265 21.234 20.700 21.361 21.411 21.517 21.409 20.728 21.445 21.659 21.613 21.166 26/06/2029
20.457 20.474 20.274 20.115 20.409 20.362 20.257 20.209 20.722 20.633 20.395 20.342 20.889 20.790 20.741 20.350 20.950 20.965 20.828 20.727 20.370 20.924 20.853 20.990 21.049 20.510 21.047 21.085 21.129 20.877 27/06/2029
21.673 21.658 21.560 21.494 21.837 21.504 21.327 21.455 22.341 21.965 21.780 21.634 22.342 22.246 22.098 21.407 22.189 22.463 22.305 22.364 21.784 22.143 22.409 22.528 22.650 22.265 22.509 22.837 22.750 22.473 28/06/2029
21.025 21.077 20.816 20.467 20.468 20.880 20.711 20.701 20.829 20.472 21.018 20.816 20.850 20.667 20.510 21.023 21.285 20.932 20.781 20.838 20.719 21.237 20.841 20.999 21.191 21.039 21.450 21.145 21.210 20.998 29/06/2029
21.899 22.032 21.929 21.793 22.270 21.884 21.716 21.844 22.453 22.197 21.986 21.977 22.474 22.360 22.255 22.092 22.560 22.325 22.194 22.574 22.203 22.532 22.413 22.393 23.173 22.186 22.416 22.452 22.772 22.991 30/06/2029
21.206 21.491 21.316 21.982 22.302 21.383 21.254 21.247 22.403 22.227 21.127 21.339 22.407 22.282 22.313 21.498 22.080 22.326 22.163 22.410 21.335 22.048 22.031 22.421 22.743 21.491 22.037 22.144 22.459 22.551 01/07/2029
21.023 21.074 21.086 20.943 21.428 20.850 20.675 20.972 21.388 21.247 20.649 20.770 21.497 21.360 21.349 20.864 21.043 21.439 21.253 21.273 20.883 21.016 21.165 21.501 21.563 21.133 21.172 21.460 21.521 21.346 02/07/2029
21.778 21.722 21.249 21.068 21.980 21.521 21.361 21.132 21.695 21.938 21.596 21.328 21.852 21.708 22.028 22.127 22.483 21.870 21.732 21.613 22.079 22.447 21.902 21.927 21.992 22.225 22.595 22.187 22.051 21.776 03/07/2029
26.195 26.508 26.310 25.320 26.624 26.291 26.127 26.175 25.718 26.258 26.008 26.166 25.657 25.609 26.220 25.106 24.969 25.692 25.636 25.648 25.242 24.935 25.318 25.716 26.125 25.727 25.113 25.554 25.717 26.057 04/07/2029
24.321 24.570 24.534 24.356 24.761 24.424 24.363 24.434 24.607 24.465 24.243 24.594 24.609 24.563 24.493 24.139 24.750 24.691 24.630 24.664 24.501 24.723 24.324 24.710 24.967 24.778 24.916 24.533 24.759 24.906 05/07/2029
25.537 25.519 25.860 25.843 26.455 25.383 25.256 25.829 25.957 26.401 25.261 25.473 25.654 25.616 26.463 24.675 25.595 25.675 25.575 25.895 25.167 25.562 25.306 25.701 26.225 25.888 25.972 25.737 25.942 26.070 06/07/2029
22.571 22.365 22.612 22.013 22.952 22.219 22.071 22.515 23.130 22.736 22.092 22.044 22.968 22.832 22.814 22.403 22.280 22.949 22.798 22.997 22.780 22.252 22.800 23.001 23.453 23.184 22.536 23.239 23.272 23.251 07/07/2029
19.729 19.733 19.762 19.438 20.256 19.534 19.380 19.634 20.103 20.104 19.530 19.551 20.247 20.085 20.231 20.439 21.085 20.124 19.936 19.946 20.784 21.054 20.180 20.200 20.376 21.006 21.126 20.395 20.241 20.173 08/07/2029
21.709 22.028 22.134 22.143 22.263 21.891 21.758 22.026 22.429 22.302 21.999 22.063 22.556 22.470 22.353 22.069 23.071 22.529 22.447 22.463 22.584 23.013 22.662 22.559 22.934 23.018 23.365 23.010 22.865 22.802 09/07/2029
23.738 23.772 23.848 23.348 23.680 23.576 23.397 23.712 23.996 23.559 23.708 23.569 23.937 23.976 23.710 23.406 23.594 23.778 23.755 23.785 23.792 23.573 24.112 23.795 23.932 24.079 23.751 24.281 23.972 23.859 10/07/2029
25.667 25.707 25.615 23.687 24.003 25.456 25.246 25.475 24.027 23.761 25.569 25.533 24.298 24.121 23.859 25.588 24.784 24.240 24.062 23.821 26.068 24.790 24.705 24.329 24.751 26.382 24.905 25.072 24.894 24.490 11/07/2029
25.885 25.172 25.634 23.490 23.541 25.013 24.921 25.585 24.172 23.209 24.782 24.970 24.380 24.239 23.342 25.073 24.043 24.401 24.235 24.126 25.250 24.024 24.398 24.462 24.784 25.172 24.021 24.472 24.499 24.517 12/07/2029
21.695 21.610 21.544 20.460 21.024 21.478 21.365 21.452 21.119 20.794 21.476 21.315 21.313 21.175 20.907 21.773 21.555 21.353 21.177 21.193 21.550 21.532 21.246 21.393 21.820 21.737 21.796 21.630 21.709 21.654 13/07/2029
21.580 21.375 21.355 20.564 20.999 21.218 21.125 21.246 20.745 20.559 21.141 21.076 21.021 20.902 20.625 21.108 21.610 20.838 20.721 20.644 21.228 21.586 20.990 20.883 21.042 21.185 21.637 21.133 20.953 20.881 14/07/2029
20.015 19.906 19.931 19.583 20.218 19.753 19.635 19.839 20.122 20.342 19.697 19.756 20.326 20.111 20.498 19.852 20.506 20.192 19.939 20.002 20.100 20.459 20.290 20.283 20.488 20.308 20.657 20.715 20.495 20.217 15/07/2029
21.467 21.487 21.380 20.530 20.693 21.118 20.951 21.147 20.847 20.762 21.616 21.290 21.048 20.904 20.871 21.223 21.290 20.908 20.764 20.662 21.461 21.246 21.337 21.000 20.938 21.785 21.391 21.787 21.276 20.650 16/07/2029
22.725 22.638 22.528 21.350 21.653 22.365 22.129 22.345 22.130 21.665 22.943 22.656 22.406 22.332 21.806 22.663 22.859 22.202 22.162 21.912 23.138 22.830 23.038 22.247 22.046 23.578 23.068 23.314 22.603 21.948 17/07/2029
21.703 21.590 21.437 20.602 20.889 21.400 21.246 21.320 21.248 20.941 22.151 21.660 21.706 21.597 21.081 22.348 22.461 21.461 21.283 21.015 22.733 22.435 22.169 21.535 21.336 23.060 22.661 22.497 22.033 21.126 18/07/2029
23.124 23.155 23.052 22.368 22.669 23.063 22.949 23.009 23.094 22.773 23.647 23.374 23.446 23.350 22.845 23.989 24.310 23.321 23.202 23.028 24.244 24.287 23.956 23.386 23.295 24.602 24.400 24.073 23.732 23.125 19/07/2029
23.745 23.828 23.652 22.804 23.231 23.663 23.492 23.545 23.808 23.456 24.030 23.888 24.129 24.035 23.521 24.253 24.703 23.949 23.829 23.695 24.442 24.680 24.454 23.998 23.810 24.630 24.668 24.556 24.240 23.637 20/07/2029
23.674 23.700 23.247 21.618 22.852 23.462 23.264 23.141 22.859 22.950 23.976 23.657 23.362 23.345 22.964 24.360 24.688 23.224 23.169 22.808 24.425 24.661 23.761 23.258 22.995 24.450 24.756 23.844 23.549 22.872 21/07/2029
24.923 24.851 24.623 23.391 22.876 24.562 24.380 24.441 23.572 23.158 25.083 24.912 23.993 23.948 23.271 24.980 25.530 23.953 23.903 23.522 25.549 25.539 24.590 23.966 23.922 25.674 25.657 24.750 24.602 23.882 22/07/2029
24.221 24.392 24.194 23.512 23.613 24.276 24.189 24.102 23.948 23.738 24.634 24.445 24.231 24.201 23.818 24.287 24.458 24.199 24.106 23.958 24.595 24.448 24.630 24.247 23.896 24.529 24.383 24.619 24.567 23.752 23/07/2029
21.776 21.991 21.778 20.849 21.434 21.901 21.767 21.708 21.807 21.464 22.209 22.103 22.223 22.159 21.535 22.781 22.926 22.160 22.039 21.672 22.962 22.906 22.362 22.232 21.636 22.959 22.833 22.404 22.212 21.452 24/07/2029
19.633 19.419 19.039 18.363 18.798 19.298 19.222 18.951 18.941 18.561 19.447 19.249 19.502 19.449 18.631 19.876 20.361 19.327 19.213 18.859 19.859 20.344 19.681 19.381 18.853 19.549 20.006 19.442 19.315 18.718 25/07/2029
20.696 20.617 20.442 19.669 20.339 20.405 20.208 20.294 20.501 20.028 20.385 20.390 20.906 20.805 20.136 20.799 21.146 20.713 20.518 20.203 20.705 21.143 20.797 20.788 20.193 20.408 20.839 20.580 20.507 20.009 26/07/2029
20.261 20.109 19.980 19.201 19.896 19.921 19.776 19.876 20.061 19.813 19.979 19.944 20.491 20.359 19.933 20.129 20.584 20.384 20.206 19.887 20.129 20.554 20.514 20.446 20.068 20.197 20.490 20.547 20.426 19.819 27/07/2029
21.606 21.512 21.259 20.187 20.820 21.279 21.074 21.090 21.024 20.703 21.238 21.088 21.480 21.331 20.827 21.373 21.563 21.166 20.947 20.746 21.142 21.525 21.354 21.263 20.879 20.929 21.269 21.408 21.324 20.576 28/07/2029
21.116 20.728 20.807 19.623 19.933 20.562 20.423 20.719 20.240 19.998 20.933 20.739 20.753 20.591 20.111 21.370 21.052 20.676 20.511 20.184 21.308 21.008 20.936 20.732 20.458 21.431 21.089 21.204 20.974 20.225 29/07/2029
21.071 21.159 21.107 19.755 20.841 21.096 21.045 21.050 21.008 21.198 21.620 21.524 21.414 21.240 21.276 21.913 22.284 21.502 21.299 21.108 22.140 22.266 21.836 21.578 21.350 22.272 22.340 22.178 21.926 21.089 30/07/2029
21.367 21.300 21.014 20.169 20.181 21.166 21.074 20.931 20.786 20.414 21.376 21.241 21.134 21.068 20.510 21.516 21.702 21.106 21.048 20.824 21.527 21.693 21.523 21.133 20.861 21.579 21.756 21.657 21.352 20.795 31/07/2029
