# 6448 6449 6450 6451 6452 6528 6529 6530 6531 6532 6610 6611 6612 6613 6614 6693 6694 6695 6696 6697 6776 6777 6778 6779 6780 6859 6860 6861 6862 6863 Date
21.294 21.394 21.461 21.193 21.994 21.312 21.249 21.427 21.672 22.167 21.425 21.547 21.771 21.810 22.213 21.155 21.877 21.881 21.877 21.775 21.270 21.882 21.950 21.883 21.687 21.269 21.923 21.959 21.987 21.739 01/08/2029
19.505 19.458 19.426 18.879 19.138 19.281 19.132 19.308 19.562 19.368 19.265 19.515 19.601 19.477 19.457 19.270 19.599 19.411 19.276 19.425 19.488 19.576 19.313 19.492 19.357 20.156 20.048 19.980 19.616 19.188 02/08/2029
20.714 20.434 20.441 20.067 20.210 20.317 20.203 20.330 20.652 20.390 20.408 20.460 20.679 20.587 20.512 20.396 20.846 20.640 20.511 20.432 20.732 20.803 20.661 20.687 20.776 21.059 21.107 21.062 20.960 20.581 03/08/2029
20.603 20.522 20.431 20.122 21.536 20.352 20.248 20.341 21.011 21.608 20.317 20.357 20.992 20.914 21.728 20.618 21.353 20.989 20.860 20.931 20.578 21.338 20.713 21.021 21.202 20.656 21.470 20.914 21.124 21.041 04/08/2029
21.429 21.406 21.237 20.359 21.281 21.274 21.182 21.152 21.547 21.464 21.487 21.424 21.768 21.696 21.569 21.632 21.401 21.760 21.647 21.563 21.730 21.384 21.720 21.782 21.883 22.066 21.649 22.058 21.995 21.753 05/08/2029
22.005 21.939 21.917 21.062 21.475 21.798 21.685 21.849 21.752 21.749 21.937 21.974 21.877 21.762 21.859 21.932 21.946 21.760 21.614 21.645 22.117 21.913 21.753 21.821 21.816 22.510 22.226 22.151 21.913 21.639 06/08/2029
23.235 23.230 23.380 22.466 23.914 23.145 23.109 23.326 23.560 24.003 23.330 23.387 23.634 23.443 24.089 22.690 23.014 23.457 23.201 23.255 22.910 22.998 23.511 23.553 23.507 23.235 23.188 23.996 23.783 23.156 07/08/2029
26.526 26.509 26.728 25.334 25.522 26.383 26.282 26.680 26.222 25.636 27.340 26.871 26.178 26.042 25.701 26.499 26.856 26.325 26.166 25.948 26.945 26.849 26.417 26.346 26.555 27.058 27.147 26.887 26.756 26.379 08/08/2029
26.220 26.175 26.161 24.378 24.494 26.047 25.925 26.086 24.892 24.537 26.005 25.984 25.181 25.098 24.545 25.734 25.282 24.895 24.817 24.618 25.849 25.266 25.051 24.920 24.737 25.894 25.132 25.080 24.924 24.591 09/08/2029
26.203 26.107 26.157 25.112 25.268 26.141 26.166 26.177 25.325 25.249 26.146 25.997 25.333 25.264 25.282 26.213 25.830 25.041 24.968 24.941 26.366 25.803 25.350 25.074 24.738 26.485 25.797 25.406 25.181 24.658 10/08/2029
24.454 24.203 24.349 23.654 24.608 24.202 24.185 24.385 23.596 24.575 24.457 24.131 23.394 23.438 24.458 24.242 23.984 23.146 23.195 23.338 24.445 23.962 23.516 23.107 22.972 24.434 23.991 23.455 23.190 23.080 11/08/2029
24.471 24.450 24.383 23.499 23.952 24.350 24.304 24.373 24.160 24.177 24.627 24.473 24.362 24.298 24.188 25.163 25.643 24.304 24.300 24.324 25.291 25.631 24.455 24.310 24.215 25.373 25.862 24.746 24.442 24.185 12/08/2029
25.613 25.579 25.452 24.439 24.108 25.342 25.137 25.288 24.437 24.252 25.668 25.588 24.810 24.681 24.364 25.894 26.329 24.835 24.676 24.544 26.084 26.278 25.021 24.887 24.706 26.329 26.438 25.333 25.087 24.482 13/08/2029
24.871 25.491 25.525 25.232 25.698 25.316 25.162 25.428 25.893 25.985 25.786 26.015 26.100 26.024 26.027 26.337 27.073 26.197 26.141 26.112 26.914 27.047 26.302 26.235 26.320 26.949 26.973 26.236 26.332 26.178 14/08/2029
22.785 22.741 22.518 21.490 21.346 22.526 22.345 22.376 22.168 21.601 22.730 22.605 22.475 22.342 21.729 22.754 23.061 22.384 22.237 22.126 22.996 23.023 22.618 22.437 22.157 23.173 23.031 22.763 22.475 21.931 15/08/2029
21.094 21.105 20.923 20.130 19.963 20.987 20.869 20.832 20.475 20.343 21.270 21.061 20.662 20.580 20.516 20.982 21.220 20.679 20.591 20.474 21.238 21.207 20.778 20.754 20.396 21.483 21.229 21.076 20.882 20.203 16/08/2029
22.106 22.113 22.047 21.684 21.864 21.998 21.871 21.956 22.187 22.073 22.084 22.004 22.291 22.214 22.237 21.843 21.978 22.110 22.031 21.988 21.803 21.982 22.233 22.157 21.752 21.831 21.927 22.307 22.140 21.626 17/08/2029
21.577 21.573 21.603 23.218 23.296 21.516 21.479 21.578 23.228 23.755 21.754 21.619 22.967 22.980 23.963 20.950 21.802 23.090 23.074 23.243 20.912 21.788 23.095 23.080 22.994 20.676 21.745 23.034 23.058 22.986 18/08/2029
19.904 19.495 19.382 18.566 18.604 19.341 19.222 19.294 19.022 18.886 19.678 19.493 19.261 19.127 19.005 19.698 19.824 19.293 19.129 18.964 19.976 19.794 19.424 19.351 19.363 20.075 20.082 19.846 19.693 19.153 19/08/2029
19.694 19.631 19.393 18.291 18.545 19.468 19.324 19.303 19.210 18.839 19.629 19.555 19.415 19.306 18.912 19.529 19.780 19.496 19.382 19.224 19.497 19.758 19.519 19.546 19.224 19.414 19.730 19.566 19.582 19.115 20/08/2029
20.067 20.053 20.140 19.528 19.867 19.895 19.766 20.023 20.522 20.160 20.064 20.133 20.486 20.416 20.310 20.916 21.906 20.465 20.379 20.583 21.286 21.867 20.356 20.507 20.534 21.419 22.001 20.611 20.691 20.395 21/08/2029
19.493 19.446 19.359 18.584 18.988 19.326 19.220 19.237 19.399 19.144 19.446 19.379 19.582 19.430 19.236 20.315 20.727 19.551 19.402 19.773 20.474 20.700 19.565 19.620 20.404 20.733 21.138 20.137 20.337 20.181 22/08/2029
19.151 19.199 19.015 18.547 18.461 18.971 18.833 18.880 18.839 18.558 19.148 19.320 18.993 18.937 18.672 19.312 19.844 19.143 19.032 19.006 19.598 19.834 19.166 19.198 19.599 19.737 20.009 19.497 19.599 19.397 23/08/2029
19.815 19.861 19.711 19.931 20.273 19.708 19.550 19.615 20.208 20.139 19.746 19.825 20.406 20.383 20.300 19.898 20.282 20.612 20.529 20.221 19.846 20.260 20.346 20.646 20.594 19.849 20.118 20.309 20.598 20.545 24/08/2029
23.166 23.169 23.074 22.810 23.302 22.987 22.852 22.980 23.516 23.271 23.172 23.103 23.635 23.478 23.447 23.281 23.323 23.673 23.477 23.359 23.404 23.299 23.660 23.756 23.642 23.536 23.346 23.905 23.861 23.402 25/08/2029
24.752 24.713 24.729 24.428 24.328 24.609 24.538 24.680 24.647 24.240 24.636 24.586 24.741 24.698 24.327 24.927 23.420 24.692 24.603 24.497 25.055 23.387 24.784 24.718 24.747 25.244 23.557 25.004 24.971 24.586 26/08/2029
23.519 23.319 23.179 23.031 23.971 23.232 23.165 23.152 23.206 23.618 23.272 23.376 23.641 23.520 23.697 23.258 22.960 23.455 23.317 23.237 23.269 22.960 23.656 23.479 23.246 23.202 22.934 23.702 23.610 23.085 27/08/2029
21.425 21.218 21.065 20.656 20.908 20.915 20.661 20.873 21.741 20.949 20.913 20.981 22.074 21.844 21.192 21.135 21.226 21.930 21.610 21.630 21.261 21.170 21.992 22.063 22.036 21.430 21.389 22.499 22.362 21.570 28/08/2029
22.223 22.053 21.784 20.494 21.054 21.815 21.573 21.608 21.478 20.917 21.966 21.906 21.781 21.695 21.001 22.134 22.476 21.823 21.732 21.527 22.268 22.447 22.055 21.843 21.589 22.419 22.628 22.254 22.027 21.411 29/08/2029
22.418 21.859 21.455 21.100 21.643 21.800 21.704 21.404 20.957 21.625 21.994 21.761 21.149 21.163 21.650 21.864 22.604 21.230 21.275 21.167 21.712 22.617 21.380 21.227 21.468 21.747 22.801 21.498 21.477 21.513 30/08/2029
19.483 19.252 19.054 18.015 18.692 19.065 18.893 18.920 19.068 18.658 18.984 18.927 19.172 19.041 18.737 19.160 19.444 19.139 18.988 19.117 19.138 19.425 19.040 19.215 19.476 19.372 19.621 19.428 19.512 19.230 31/08/2029
17.803 17.747 17.767 17.964 18.494 17.595 17.478 17.646 18.996 18.688 17.758 17.751 19.050 19.055 18.748 18.047 18.150 19.116 19.111 19.158 18.043 18.143 19.104 19.120 19.277 18.166 18.341 19.217 19.309 19.274 01/09/2029
17.913 17.870 18.022 17.642 17.911 17.794 17.715 17.966 18.421 18.093 17.740 17.841 18.275 18.207 18.160 17.856 18.424 18.281 18.175 18.458 17.921 18.406 18.259 18.311 18.424 18.142 18.727 18.640 18.675 18.268 02/09/2029
19.490 19.030 18.968 19.635 17.634 18.943 18.871 18.920 18.257 17.711 18.741 18.767 18.378 18.324 17.775 18.480 18.269 18.324 18.236 18.311 18.450 18.242 18.413 18.340 18.194 18.589 18.424 18.592 18.575 18.128 03/09/2029
16.458 16.136 15.915 15.017 15.218 15.952 15.840 15.788 15.892 15.726 15.955 16.123 16.160 16.076 15.818 16.258 16.930 16.534 16.402 16.356 16.645 16.926 16.458 16.562 16.677 16.895 17.227 16.843 16.907 16.526 04/09/2029
16.742 16.541 16.406 15.382 15.830 16.431 16.325 16.309 16.589 16.356 16.761 16.682 16.730 16.628 16.454 17.670 18.024 16.931 16.803 16.715 17.876 18.011 17.097 16.983 16.783 17.557 17.881 17.106 17.109 16.614 05/09/2029
17.442 17.183 17.370 16.349 16.781 17.068 16.974 17.271 17.080 16.917 17.101 17.157 16.823 16.720 17.036 17.866 18.277 16.780 16.639 16.726 17.987 18.269 16.756 16.850 16.629 18.058 18.311 16.943 16.934 16.456 06/09/2029
19.509 19.283 19.630 19.694 18.896 19.232 19.211 19.574 19.358 18.908 19.340 19.387 19.137 18.998 18.989 19.856 20.164 19.009 18.857 18.970 19.824 20.188 19.008 19.067 18.838 19.710 19.993 19.016 19.008 18.649 07/09/2029
19.492 19.166 19.426 19.314 19.737 19.027 18.915 19.364 20.711 19.764 18.963 18.768 20.229 20.124 19.844 20.421 20.371 20.121 19.959 20.436 20.412 20.344 19.950 20.181 20.516 20.533 20.572 20.273 20.479 20.348 08/09/2029
18.335 17.971 18.039 17.936 18.301 17.787 17.677 17.921 18.733 18.358 17.652 17.569 18.420 18.253 18.500 18.144 17.934 18.070 17.874 18.240 17.839 17.864 17.692 18.146 18.180 17.571 17.711 17.781 18.074 17.899 09/09/2029
18.475 18.139 18.253 18.398 18.289 18.068 17.998 18.237 19.280 18.402 18.036 17.865 19.099 18.910 18.550 17.959 17.329 18.861 18.595 18.735 17.928 17.289 18.714 18.950 18.531 17.922 17.214 18.934 18.818 18.140 10/09/2029
17.302 17.045 17.044 16.650 16.196 16.880 16.735 16.943 17.013 16.668 16.881 16.898 16.999 16.902 16.836 16.765 17.067 16.981 16.849 16.899 16.947 17.031 16.934 17.037 16.813 17.059 17.166 17.176 17.129 16.669 11/09/2029
17.957 17.758 17.577 17.717 17.564 17.632 17.467 17.497 18.020 17.795 17.499 17.678 18.189 18.076 17.918 17.760 18.243 18.382 18.267 18.219 17.964 18.228 18.095 18.447 18.704 18.490 18.495 18.584 18.740 18.541 12/09/2029
20.676 20.407 20.176 20.939 20.406 20.125 19.917 20.020 20.995 20.723 20.222 20.271 21.001 20.860 20.838 20.365 20.882 21.345 21.199 21.304 20.529 20.877 21.044 21.412 21.665 21.021 21.213 21.656 21.664 21.500 13/09/2029
19.447 19.349 19.382 19.968 19.271 19.061 18.883 19.201 19.723 19.318 19.052 19.214 19.622 19.452 19.418 19.395 20.120 19.829 19.650 19.682 19.681 20.071 19.525 19.907 20.352 20.481 20.785 20.306 20.389 20.114 14/09/2029
16.836 16.752 16.785 16.663 16.675 16.681 16.630 16.751 16.979 16.670 16.634 16.705 16.882 16.782 16.752 16.739 17.130 16.873 16.769 16.962 16.800 17.107 16.721 16.914 17.205 16.927 17.205 16.896 17.003 17.045 15/09/2029
15.599 15.442 15.691 15.348 15.428 15.285 15.146 15.588 16.113 15.634 15.265 15.401 15.785 15.680 15.777 15.403 15.779 15.817 15.697 15.985 15.758 15.754 15.662 15.869 16.095 16.107 15.983 15.998 16.032 15.898 16/09/2029
15.858 16.310 16.752 16.169 17.212 16.291 16.300 16.737 17.734 17.514 16.542 16.710 17.409 17.270 17.559 17.469 18.138 17.601 17.432 17.667 17.894 18.120 17.501 17.637 17.875 18.376 18.525 18.051 18.055 17.685 17/09/2029
20.858 21.081 21.299 20.993 21.221 21.031 21.004 21.255 21.524 21.142 21.258 21.269 21.436 21.397 21.176 21.754 22.285 21.532 21.471 21.504 21.995 22.310 21.601 21.533 21.726 22.341 22.746 22.023 21.944 21.641 18/09/2029
19.842 19.833 19.992 19.807 19.576 19.704 19.609 19.900 20.004 19.669 19.736 19.828 19.730 19.594 19.742 19.778 20.490 19.909 19.742 20.007 20.178 20.488 19.788 19.965 20.346 20.765 20.846 20.239 20.305 20.167 19/09/2029
17.923 17.807 17.907 17.919 17.991 17.706 17.650 17.838 18.075 17.978 17.746 17.883 17.838 17.806 18.032 18.574 19.280 18.027 17.938 18.121 18.842 19.281 17.969 18.070 18.093 18.846 19.419 18.243 18.245 18.065 20/09/2029
16.681 16.631 16.586 16.250 16.269 16.569 16.515 16.551 16.602 16.407 16.805 16.745 16.618 16.555 16.459 17.251 17.674 16.773 16.701 16.811 17.545 17.664 16.856 16.786 17.137 17.748 18.063 17.238 17.144 17.062 21/09/2029
16.644 16.613 16.878 17.000 16.499 16.568 16.523 16.826 17.400 16.959 16.971 17.191 17.099 17.001 17.003 16.752 17.500 17.503 17.348 17.529 17.432 17.484 17.245 17.521 17.713 17.776 17.965 17.733 17.768 17.619 22/09/2029
20.083 20.066 20.146 19.865 19.789 20.035 20.027 20.119 20.033 19.917 20.240 20.348 19.998 19.982 19.965 19.415 20.201 20.185 20.144 20.233 19.837 20.211 20.060 20.202 20.451 20.065 20.489 20.499 20.501 20.369 23/09/2029
20.866 20.718 20.693 20.067 20.111 20.632 20.561 20.631 20.363 20.062 20.812 20.793 20.577 20.516 20.092 20.454 21.041 20.634 20.583 20.508 20.602 21.052 20.681 20.668 20.757 20.693 21.133 20.941 20.878 20.653 24/09/2029
20.176 20.096 20.054 19.692 19.304 20.070 20.045 20.026 19.520 19.260 20.296 20.265 19.686 19.585 19.244 19.809 19.926 19.761 19.677 19.615 19.973 19.935 19.783 19.800 19.917 20.020 20.096 20.054 20.020 19.792 25/09/2029
20.362 20.259 20.035 20.057 19.537 20.145 20.054 19.951 19.737 19.448 20.348 20.173 19.763 19.683 19.515 20.460 20.581 19.865 19.762 19.743 20.558 20.586 20.067 19.900 20.037 20.586 20.679 20.231 20.195 19.875 26/09/2029
20.475 20.273 20.584 20.228 20.485 20.261 20.264 20.571 20.903 20.608 20.513 20.520 20.886 20.753 20.664 20.670 21.333 21.016 20.853 20.947 20.766 21.358 20.795 21.076 21.229 20.958 21.557 21.314 21.291 21.023 27/09/2029
19.797 19.815 19.802 19.771 19.849 19.684 19.617 19.725 20.754 20.459 20.057 20.146 20.902 20.772 20.539 20.505 21.273 21.028 20.899 20.630 20.417 21.258 20.882 21.077 20.763 20.548 21.231 20.975 21.094 20.630 28/09/2029
19.692 19.423 19.542 19.501 18.735 19.302 19.202 19.454 19.653 19.376 19.725 19.802 19.913 19.785 19.482 19.749 20.177 20.017 19.898 19.890 19.917 20.177 20.194 20.103 19.990 19.883 20.142 20.303 20.140 19.789 29/09/2029
20.181 20.233 20.358 19.346 19.078 20.251 20.262 20.368 19.709 19.414 20.584 20.500 19.760 19.702 19.487 20.349 20.236 19.758 19.705 19.793 20.426 20.235 19.952 19.786 19.797 20.329 20.238 20.026 19.784 19.717 30/09/2029
20.344 20.169 20.405 19.580 19.363 20.070 20.030 20.302 19.549 19.520 20.123 20.239 19.633 19.538 19.611 19.758 19.746 19.554 19.435 19.465 19.808 19.758 19.603 19.599 19.284 19.629 19.641 19.658 19.557 19.162 01/10/2029
19.523 19.466 19.950 20.224 19.781 19.333 19.285 19.833 20.961 20.188 19.579 19.739 20.884 20.695 20.331 20.116 21.383 20.996 20.758 20.859 20.345 21.394 20.829 21.096 20.827 20.312 21.387 21.179 21.220 20.513 02/10/2029
21.327 21.189 21.405 21.268 20.477 21.106 21.067 21.358 21.736 21.118 21.062 21.298 21.750 21.652 21.216 22.492 21.997 21.650 21.537 21.617 22.513 22.016 21.539 21.694 21.407 22.409 21.959 21.680 21.677 21.226 03/10/2029
21.121 20.863 21.473 20.542 19.978 20.740 20.654 21.401 21.196 20.361 20.813 21.111 21.025 20.941 20.423 20.996 21.235 21.006 20.897 21.070 21.168 21.243 20.785 21.060 20.747 21.289 21.296 20.958 21.072 20.605 04/10/2029
20.409 20.377 21.007 21.089 20.427 20.256 20.148 20.918 21.339 20.823 20.367 20.723 21.118 21.043 20.886 20.626 21.268 21.197 21.116 21.214 20.743 21.281 20.969 21.228 20.886 20.783 21.216 21.041 21.164 20.786 05/10/2029
17.374 17.261 17.452 17.145 16.904 17.240 17.183 17.423 17.799 17.524 17.833 17.550 17.454 17.407 17.581 17.853 17.959 17.723 17.647 17.770 17.997 17.963 17.789 17.765 17.508 18.069 18.174 18.089 18.165 17.413 06/10/2029
17.599 17.496 18.145 17.942 18.040 17.487 17.490 18.159 18.532 18.354 17.706 17.863 18.145 18.103 18.429 18.291 18.571 18.147 18.169 18.413 18.365 18.577 17.900 18.200 17.963 18.308 18.648 18.216 18.248 17.894 07/10/2029
20.537 20.392 20.651 20.321 20.172 20.206 20.110 20.556 20.930 20.196 20.206 20.365 20.691 20.552 20.301 20.662 21.246 20.764 20.642 20.727 20.789 21.218 20.490 20.846 20.887 20.926 21.399 20.865 20.956 20.675 08/10/2029
16.161 16.080 16.226 16.140 16.091 15.918 15.824 16.127 16.403 16.169 16.004 16.091 16.386 16.282 16.249 15.955 16.273 16.412 16.302 16.373 16.156 16.249 16.339 16.480 16.705 16.388 16.484 16.680 16.686 16.515 09/10/2029
15.231 15.228 15.429 15.738 15.382 15.199 15.186 15.387 16.006 15.800 15.357 15.337 15.682 15.647 15.874 16.422 16.038 16.015 15.926 16.074 16.690 16.007 15.751 16.043 16.328 16.855 16.227 16.117 16.274 16.203 10/10/2029
16.662 16.740 16.795 16.888 17.406 16.675 16.624 16.752 17.470 17.468 16.745 16.683 17.508 17.430 17.573 17.184 17.534 17.460 17.308 17.325 17.184 17.522 17.357 17.505 17.556 17.392 17.594 17.534 17.559 17.347 11/10/2029
16.435 16.415 16.656 17.020 17.111 16.305 16.240 16.596 16.909 16.791 16.024 16.284 16.854 16.809 16.822 16.958 17.059 16.638 16.524 16.647 16.821 17.045 16.420 16.683 16.696 16.905 17.084 16.558 16.593 16.538 12/10/2029
17.259 17.179 17.336 17.109 17.287 17.256 17.300 17.380 17.271 17.213 16.995 17.000 17.206 17.165 17.263 17.882 18.192 17.077 17.034 17.120 17.563 18.226 16.952 17.112 17.073 17.467 18.026 16.930 17.022 17.022 13/10/2029
18.418 18.202 18.332 17.433 18.132 18.264 18.316 18.371 17.695 17.902 18.127 18.043 17.720 17.681 17.921 18.318 18.482 17.359 17.291 17.328 17.902 18.531 17.329 17.380 17.217 17.747 18.231 17.228 17.246 17.166 14/10/2029
17.637 17.437 17.457 18.150 17.902 17.329 17.218 17.392 17.909 17.646 17.233 17.206 18.022 17.977 17.701 16.989 17.435 17.764 17.699 17.637 16.763 17.438 17.908 17.794 17.894 16.856 17.404 17.997 17.878 17.804 15/10/2029
19.702 19.638 19.391 18.435 19.107 19.470 19.287 19.248 19.207 18.790 19.554 19.448 19.525 19.447 18.801 19.806 19.389 19.370 19.213 18.986 19.397 19.410 19.469 19.402 19.114 19.149 19.327 19.538 19.386 19.058 16/10/2029
14.238 14.181 14.068 13.619 13.603 14.001 13.879 13.950 14.052 13.753 14.149 14.110 14.350 14.217 13.811 14.009 14.056 14.463 14.319 14.124 14.059 14.027 14.473 14.522 14.597 14.219 14.298 14.863 14.905 14.444 17/10/2029
12.301 12.545 12.271 11.644 12.750 12.465 12.399 12.213 12.668 12.660 12.261 12.307 12.945 12.850 12.738 12.299 12.482 12.760 12.698 12.661 12.107 12.472 12.761 12.792 12.803 12.101 12.507 12.947 13.026 12.713 18/10/2029
14.849 14.769 15.058 14.409 15.870 14.606 14.506 14.952 14.882 15.394 13.813 14.223 14.737 14.709 15.437 13.237 13.588 14.366 14.299 14.533 12.724 13.610 13.962 14.380 14.163 12.521 13.462 13.899 14.255 14.086 19/10/2029
12.807 12.920 12.904 12.328 12.677 12.750 12.597 12.803 12.916 12.752 12.326 12.828 12.851 12.754 12.791 12.038 11.978 12.486 12.374 12.712 11.630 11.984 11.891 12.543 12.444 11.552 11.992 11.974 12.391 12.296 20/10/2029
13.412 13.485 13.201 13.078 13.206 13.368 13.206 13.107 13.483 13.152 13.676 13.532 13.878 13.775 13.177 13.774 13.716 13.750 13.667 13.503 13.748 13.696 13.941 13.783 13.749 13.807 13.762 13.998 13.940 13.662 21/10/2029
12.163 12.097 11.985 11.422 11.812 11.980 11.914 11.900 12.281 12.018 11.890 12.158 12.803 12.747 12.070 12.044 12.381 13.146 13.065 12.670 12.031 12.384 12.594 13.185 12.973 12.057 12.448 12.694 13.207 12.818 22/10/2029
11.315 11.240 11.011 9.798 9.966 11.104 11.061 10.948 10.533 10.149 10.955 11.125 11.145 11.136 10.167 11.083 11.274 11.220 11.190 10.868 10.998 11.276 11.014 11.253 10.809 11.118 11.274 11.082 11.164 10.781 23/10/2029
12.748 12.604 12.521 11.632 11.801 12.488 12.392 12.457 12.161 11.827 12.619 12.541 12.382 12.327 11.893 12.693 12.810 12.508 12.435 12.182 12.820 12.781 12.600 12.536 12.353 12.830 12.779 12.586 12.574 12.268 24/10/2029
14.731 15.119 14.951 14.787 14.820 14.983 14.896 14.903 15.179 14.878 14.933 15.079 15.252 15.166 14.965 15.017 15.082 15.155 15.083 14.942 14.926 15.051 14.999 15.188 14.822 14.750 14.718 14.772 14.791 14.678 25/10/2029
15.914 15.764 15.751 15.437 15.408 15.656 15.564 15.681 15.705 15.264 15.532 15.576 15.734 15.621 15.362 16.507 16.217 15.582 15.433 15.497 16.332 16.175 15.400 15.624 15.526 16.332 16.289 15.574 15.579 15.326 26/10/2029
17.868 17.740 17.775 18.367 16.562 17.600 17.535 17.682 16.128 16.420 17.550 17.556 16.238 15.913 16.632 16.894 16.426 16.055 15.631 15.726 16.706 16.423 15.955 16.186 16.286 16.693 16.531 16.532 16.457 15.741 27/10/2029
13.643 13.481 13.236 13.786 12.695 13.313 13.170 13.132 12.610 12.643 13.251 13.288 12.992 12.746 12.849 12.803 13.030 12.954 12.602 12.508 12.807 13.025 12.794 13.073 12.788 12.778 12.780 12.934 13.002 12.353 28/10/2029
11.470 11.629 10.971 10.555 10.359 11.502 11.414 10.864 10.136 10.313 12.082 12.062 11.212 11.116 10.397 12.049 12.315 12.059 11.872 11.048 12.034 12.308 11.922 12.107 11.591 12.029 12.090 11.800 11.730 11.373 29/10/2029
9.882 9.982 9.719 9.290 9.300 9.873 9.773 9.634 9.492 9.368 10.119 10.162 9.818 9.748 9.447 10.228 10.536 10.239 10.111 9.881 10.281 10.512 10.052 10.258 10.182 10.224 10.404 9.989 10.074 10.049 30/10/2029
6.457 6.568 6.615 6.456 6.482 6.473 6.397 6.543 6.887 6.694 6.625 6.739 6.926 6.836 6.783 6.779 7.261 7.084 6.962 7.017 6.948 7.259 6.969 7.127 7.205 7.042 7.287 7.077 7.188 7.048 31/10/2029
5.883 5.568 5.698 5.646 6.167 5.236 5.036 5.481 6.115 6.226 5.301 5.451 6.106 5.803 6.411 5.026 4.967 6.102 5.747 5.860 5.401 4.893 5.888 6.228 6.221 5.747 5.135 6.366 6.368 5.745 01/11/2029
9.309 9.091 8.999 8.099 7.414 8.943 8.855 8.907 7.180 7.110 8.941 8.908 7.384 7.279 7.147 9.212 7.930 7.513 7.354 7.211 9.266 7.912 7.448 7.574 7.324 9.618 8.133 7.789 7.684 7.150 02/11/2029
9.417 9.342 8.860 8.510 8.588 9.240 9.159 8.853 8.080 8.382 9.080 9.045 8.696 8.665 8.408 9.154 9.624 9.125 9.038 8.473 9.064 9.639 9.124 9.159 8.531 9.463 9.575 9.176 8.907 8.451 03/11/2029
11.355 11.121 11.123 10.822 11.609 11.165 11.198 11.130 11.153 11.356 10.839 10.919 11.152 11.139 11.352 10.627 11.665 11.039 11.017 10.973 10.371 11.674 10.948 11.024 10.774 10.574 11.643 11.041 10.859 10.755 04/11/2029
14.531 14.409 14.018 13.537 13.990 14.338 14.269 13.920 14.104 13.746 14.331 14.116 14.566 14.476 13.868 14.449 14.748 14.420 14.294 13.976 14.194 14.726 14.551 14.420 14.034 14.099 14.660 14.502 14.309 13.901 05/11/2029
15.037 15.035 14.760 14.367 14.113 14.909 14.793 14.670 14.796 14.233 14.988 14.977 15.133 15.038 14.363 14.734 14.832 15.063 14.951 14.863 14.669 14.806 15.071 15.085 15.011 14.723 14.833 15.042 15.043 14.877 06/11/2029
13.970 14.067 13.737 13.459 13.748 13.863 13.744 13.623 13.857 13.717 13.899 13.866 14.074 14.001 13.788 14.240 14.499 14.084 13.970 13.887 14.161 14.485 14.058 14.120 14.021 14.291 14.418 14.080 14.037 13.865 07/11/2029
14.894 14.843 14.550 14.149 14.383 14.720 14.619 14.457 14.498 14.268 14.718 14.713 14.778 14.700 14.349 14.668 14.890 14.892 14.786 14.621 14.748 14.887 14.834 14.934 15.023 14.833 14.877 14.939 14.991 14.811 08/11/2029
10.830 10.909 10.754 10.021 10.577 10.762 10.640 10.657 10.781 10.639 10.921 10.857 11.019 10.923 10.742 11.537 11.527 11.055 10.927 10.839 11.668 11.519 11.102 11.116 11.101 11.793 11.585 11.246 11.210 10.973 09/11/2029
6.810 6.787 6.736 6.902 6.759 6.620 6.452 6.632 7.091 6.953 6.856 6.889 7.366 7.222 7.003 7.646 7.726 7.366 7.198 7.236 8.027 7.687 7.465 7.447 7.382 8.278 7.934 7.755 7.603 7.131 10/11/2029
7.540 7.292 7.482 7.489 7.280 7.182 7.053 7.378 6.514 7.068 6.721 6.762 6.446 6.415 7.123 6.704 7.683 6.060 6.091 6.168 6.791 7.730 6.097 6.037 6.002 7.218 7.662 6.025 5.878 6.051 11/11/2029
11.737 11.413 11.504 11.335 11.269 11.184 10.935 11.320 11.188 11.069 10.859 10.838 11.030 10.985 11.114 11.241 11.319 10.681 10.639 10.797 11.276 11.289 10.630 10.693 10.698 11.520 11.388 10.720 10.575 10.669 12/11/2029
13.418 13.199 13.372 13.391 13.310 13.060 12.959 13.279 13.709 13.030 12.759 12.816 13.719 13.515 13.197 13.402 12.961 13.387 13.173 13.233 13.335 12.952 13.218 13.470 13.347 13.451 12.894 13.451 13.398 13.057 13/11/2029
15.122 15.072 15.120 14.774 13.790 15.110 15.128 15.135 14.093 13.597 14.917 14.922 14.090 13.963 13.734 14.477 13.998 13.847 13.709 13.728 14.029 13.996 13.855 13.912 13.750 14.029 14.006 14.127 13.875 13.561 14/11/2029
15.446 15.292 15.114 14.939 15.073 15.094 14.946 14.991 15.510 14.815 15.053 15.024 15.813 15.710 14.898 14.764 14.751 15.456 15.316 15.083 14.556 14.706 15.556 15.516 14.935 14.607 14.580 15.592 15.260 14.737 15/11/2029
11.567 11.482 11.395 11.406 11.240 11.362 11.292 11.313 11.394 11.056 11.229 11.152 11.386 11.313 11.133 11.688 11.461 10.962 10.848 10.966 11.396 11.454 10.992 11.027 10.820 11.404 11.352 11.032 10.934 10.643 16/11/2029
11.507 11.195 10.979 10.684 10.455 11.037 10.857 10.868 10.701 10.338 10.742 10.663 10.651 10.526 10.460 10.989 10.707 10.376 10.210 10.489 10.805 10.670 10.283 10.449 10.781 10.832 10.730 10.454 10.622 10.569 17/11/2029
14.662 14.520 14.285 13.935 14.374 14.382 14.284 14.195 14.648 14.256 14.269 14.250 14.783 14.665 14.332 14.549 14.552 14.570 14.432 14.408 14.448 14.517 14.503 14.632 14.545 14.568 14.577 14.647 14.640 14.356 18/11/2029
14.122 13.916 13.627 13.222 13.297 13.773 13.634 13.503 13.598 13.181 13.643 13.409 13.712 13.596 13.255 14.045 13.898 13.592 13.449 13.420 13.894 13.858 13.530 13.669 13.447 13.825 13.824 13.570 13.541 13.211 19/11/2029
13.080 12.973 12.825 12.132 11.718 12.798 12.672 12.697 11.887 11.544 12.857 12.792 12.198 12.080 11.648 13.014 12.723 11.897 11.767 11.673 12.794 12.685 11.974 11.958 11.702 12.894 12.608 11.971 11.896 11.502 20/11/2029
9.415 9.618 9.701 9.056 9.198 9.394 9.198 9.554 9.423 9.411 9.580 9.712 9.451 9.366 9.545 9.170 9.293 9.455 9.362 9.393 9.671 9.238 9.553 9.495 9.370 9.946 9.246 9.512 9.422 9.239 21/11/2029
7.974 7.902 7.814 7.441 7.467 7.859 7.779 7.783 7.488 7.460 8.199 8.229 7.732 7.590 7.658 8.423 8.120 7.702 7.513 7.441 8.395 8.088 7.750 7.754 7.792 8.214 8.132 7.965 7.836 7.567 22/11/2029
5.882 5.880 5.593 5.298 5.206 5.837 5.744 5.526 5.506 5.425 6.149 5.987 5.801 5.667 5.541 6.825 6.382 5.934 5.866 5.598 7.071 6.380 6.118 5.964 5.950 7.196 6.490 6.433 6.143 5.808 23/11/2029
6.542 6.745 6.093 4.807 3.800 6.765 6.687 6.055 4.165 3.749 7.289 6.825 5.000 4.985 3.740 7.332 7.787 5.329 5.347 4.335 7.326 7.740 6.056 5.323 4.843 7.540 7.952 6.301 5.525 4.791 24/11/2029
11.932 11.792 11.657 11.752 11.457 11.606 11.448 11.526 11.249 11.296 11.628 11.589 11.486 11.453 11.301 12.187 12.984 11.491 11.448 11.238 12.307 12.929 11.554 11.502 11.439 12.502 13.088 11.691 11.485 11.374 25/11/2029
10.929 10.994 10.969 11.157 10.804 10.811 10.658 10.837 10.980 10.852 10.819 10.915 10.930 10.894 10.856 11.469 11.397 10.834 10.807 11.109 11.614 11.369 10.672 10.834 11.438 11.779 11.524 10.810 11.025 11.369 26/11/2029
3.508 3.554 3.419 3.194 2.800 3.309 3.045 3.275 2.920 2.951 3.423 3.433 3.017 2.893 3.004 3.796 3.365 2.943 2.838 2.855 3.862 3.337 2.907 3.004 3.071 3.866 3.212 3.064 3.076 2.871 27/11/2029
2.639 2.636 2.380 2.159 1.400 2.373 2.090 2.227 1.999 1.664 2.680 2.538 2.297 2.121 1.772 3.159 3.122 2.340 2.181 1.921 3.287 3.091 2.493 2.427 2.369 3.293 3.158 2.774 2.648 2.111 28/11/2029
6.637 6.524 5.909 5.609 5.564 6.387 6.261 5.821 5.536 5.336 6.609 6.337 5.959 5.924 5.378 6.287 5.371 5.726 5.774 5.119 5.742 5.374 5.822 5.768 5.133 5.406 5.193 5.804 5.576 5.084 29/11/2029
8.712 8.589 8.410 8.460 8.081 8.528 8.509 8.397 8.194 7.816 8.589 8.418 8.366 8.314 7.868 8.508 8.342 8.444 8.403 8.124 8.526 8.332 8.508 8.469 8.559 8.590 8.378 8.609 8.570 8.481 30/11/2029
8.302 8.183 7.956 7.626 7.376 8.073 8.005 7.925 7.614 7.331 8.518 8.144 7.762 7.662 7.389 8.578 8.312 7.898 7.779 7.597 8.657 8.303 8.000 7.931 7.820 8.797 8.437 8.273 8.111 7.693 01/12/2029
9.058 8.920 8.861 8.925 8.680 8.797 8.703 8.778 8.472 8.501 8.878 8.772 8.629 8.530 8.507 8.461 9.367 8.578 8.464 8.445 8.711 9.360 8.776 8.644 8.707 9.054 9.440 9.014 8.837 8.508 02/12/2029
14.139 13.874 13.822 14.157 14.055 13.868 13.876 13.816 14.569 13.928 13.827 13.785 14.721 14.616 13.859 13.235 13.112 14.673 14.545 14.493 13.276 13.096 14.834 14.730 14.490 13.369 12.925 14.866 14.648 14.290 03/12/2029
12.224 11.771 12.075 12.433 11.208 11.667 11.581 11.999 12.094 11.054 11.334 11.640 12.013 11.919 11.179 11.840 12.458 11.871 11.770 11.922 11.726 12.438 11.629 11.932 11.862 11.767 12.436 11.659 11.869 11.753 04/12/2029
15.983 15.905 16.040 15.647 15.607 15.812 15.721 15.979 16.344 15.598 15.746 15.890 16.324 16.169 15.657 15.607 15.606 16.262 16.073 16.059 15.626 15.612 16.062 16.342 16.218 15.856 15.658 16.338 16.426 15.957 05/12/2029
15.132 14.901 15.220 15.226 14.291 14.778 14.651 15.166 14.905 14.345 14.627 14.807 14.838 14.729 14.399 14.328 14.850 14.716 14.574 14.673 14.284 14.835 14.242 14.772 14.314 14.479 14.945 14.393 14.423 14.152 06/12/2029
19.484 19.486 19.377 19.487 19.247 19.457 19.433 19.361 19.409 19.098 19.540 19.391 19.426 19.380 19.009 18.897 19.220 19.451 19.396 19.394 18.895 19.224 19.566 19.474 19.475 18.864 19.080 19.506 19.546 19.384 07/12/2029
12.834 12.907 12.874 12.615 12.991 12.769 12.662 12.781 13.687 13.060 12.878 12.803 13.348 13.265 13.119 13.439 13.470 13.203 13.114 13.624 13.366 13.440 13.136 13.233 13.981 13.165 13.240 12.982 13.537 13.827 08/12/2029
8.840 8.640 8.584 7.279 7.982 8.599 8.535 8.556 8.482 8.105 8.499 8.605 8.619 8.577 8.101 8.746 8.955 8.535 8.505 8.500 8.752 8.954 8.624 8.546 8.391 8.549 8.802 8.507 8.516 8.351 09/12/2029
9.495 9.332 9.105 8.607 7.988 9.185 9.070 8.997 8.311 8.103 9.208 9.124 8.650 8.538 8.195 9.086 8.846 8.577 8.460 8.254 8.946 8.827 8.703 8.628 8.417 8.915 8.735 8.694 8.598 8.283 10/12/2029
9.573 9.337 9.378 9.425 8.651 9.181 9.073 9.284 9.041 8.468 8.994 9.038 9.110 9.037 8.459 9.191 9.596 8.827 8.757 8.799 9.159 9.578 8.846 8.854 8.840 9.262 9.576 8.922 8.811 8.747 11/12/2029
9.156 8.942 8.994 8.947 8.854 8.838 8.741 8.925 9.416 8.863 8.912 8.830 9.373 9.297 8.946 9.671 9.536 9.300 9.218 9.307 9.675 9.517 9.231 9.336 9.455 9.677 9.655 9.393 9.418 9.306 12/12/2029
8.088 7.912 7.804 5.800 6.171 7.786 7.654 7.741 7.053 6.446 7.924 7.937 7.361 7.291 6.626 7.701 9.343 7.467 7.382 7.177 7.678 9.314 7.737 7.514 7.102 8.175 9.336 7.812 7.550 6.935 13/12/2029
3.859 3.575 3.718 2.954 3.580 3.405 3.257 3.656 4.080 3.669 3.256 3.545 4.199 4.076 3.760 3.923 4.604 4.041 3.915 3.891 3.970 4.616 4.070 4.092 3.682 4.474 4.639 4.280 4.174 3.509 14/12/2029
7.541 7.207 7.630 7.899 7.790 6.963 6.765 7.526 8.646 7.822 6.870 7.003 8.575 8.325 8.046 7.053 7.169 8.284 8.003 8.256 7.119 7.145 8.045 8.396 8.543 7.354 7.316 8.555 8.609 8.127 15/12/2029
10.794 10.637 10.803 11.195 10.657 10.485 10.416 10.744 11.352 10.697 10.391 10.544 11.338 11.235 10.775 10.149 10.016 11.265 11.160 11.248 10.325 10.010 11.277 11.319 11.403 10.501 10.073 11.444 11.443 11.227 16/12/2029
12.055 12.096 12.089 12.332 11.012 12.012 12.006 12.041 11.720 11.063 12.006 12.036 11.871 11.729 11.200 11.671 11.692 11.813 11.648 11.756 11.764 11.693 11.824 11.889 12.007 11.912 11.724 11.939 11.947 11.758 17/12/2029
11.925 11.966 12.033 11.947 10.988 11.824 11.715 11.961 12.120 11.108 11.784 11.875 12.190 12.085 11.270 11.301 11.645 12.209 12.089 12.115 11.471 11.616 12.024 12.268 12.353 11.608 11.734 12.221 12.292 12.168 18/12/2029
10.488 9.160 9.090 9.859 9.709 8.961 8.797 8.986 8.977 8.666 8.670 8.809 8.810 8.713 8.750 8.933 8.979 8.712 8.574 8.931 8.873 8.962 8.518 8.758 9.156 8.949 9.109 8.759 8.979 8.999 19/12/2029
8.585 8.325 8.162 7.819 8.098 8.146 8.010 8.051 8.313 8.039 8.206 8.324 8.423 8.284 8.125 8.693 8.902 8.437 8.267 8.458 8.772 8.860 8.532 8.515 8.875 8.912 8.937 8.759 8.911 8.622 20/12/2029
6.625 6.391 6.148 5.698 5.408 6.252 6.137 6.056 5.871 5.526 6.325 6.120 6.093 6.009 5.579 6.851 6.966 5.967 5.863 5.884 6.985 6.966 6.098 6.009 6.002 7.174 7.233 6.439 6.245 5.857 21/12/2029
7.092 6.739 6.555 5.893 5.707 6.639 6.518 6.467 6.071 5.519 6.579 6.352 6.290 6.184 5.627 6.915 6.590 6.119 5.997 5.934 6.905 6.570 6.191 6.157 6.050 6.963 6.674 6.390 6.266 5.888 22/12/2029
8.229 8.072 7.838 7.591 7.191 7.892 7.762 7.714 7.370 7.125 7.944 7.795 7.373 7.304 7.208 7.804 7.563 7.281 7.193 7.266 8.048 7.535 7.405 7.319 7.389 7.964 7.630 7.473 7.389 7.216 23/12/2029
9.579 9.339 9.242 8.847 8.072 9.127 8.961 9.080 8.403 7.827 9.100 9.002 8.429 8.359 7.834 9.351 9.033 8.268 8.191 8.215 9.281 9.007 8.306 8.281 8.289 9.176 8.913 8.259 8.290 8.185 24/12/2029
11.424 11.258 11.112 10.565 10.041 11.053 10.914 10.952 10.324 9.879 11.073 11.028 10.356 10.299 9.891 11.331 11.153 10.293 10.242 10.270 11.383 11.136 10.379 10.340 10.303 11.305 11.016 10.415 10.367 10.221 25/12/2029
9.011 9.068 8.837 7.961 7.586 8.909 8.772 8.724 7.960 7.720 9.002 8.985 8.189 8.108 7.770 9.179 8.952 8.121 8.034 8.063 9.333 8.940 8.462 8.160 8.580 9.543 9.020 8.632 8.572 8.468 26/12/2029
7.305 7.034 6.855 5.786 5.810 6.852 6.720 6.749 6.193 5.924 7.112 6.914 6.222 6.094 5.999 7.548 7.437 6.798 6.669 6.881 7.717 7.399 7.174 6.850 7.667 8.138 7.844 7.664 7.717 7.500 27/12/2029
6.482 6.220 6.176 6.028 5.431 6.100 6.035 6.105 5.928 5.217 6.037 5.840 5.915 5.835 5.304 6.670 6.319 5.693 5.633 5.584 6.522 6.307 5.671 5.717 5.544 6.313 6.268 5.689 5.618 5.460 28/12/2029
7.268 7.070 7.230 6.767 6.374 6.990 6.938 7.185 7.398 7.059 7.038 7.083 6.958 6.835 7.145 7.540 8.282 7.409 7.297 7.383 7.642 8.262 7.464 7.471 7.801 8.328 8.589 7.927 7.906 7.631 29/12/2029
8.510 8.465 8.385 8.183 8.234 8.353 8.301 8.316 8.989 8.234 8.455 8.436 8.983 8.929 8.311 9.099 8.710 8.847 8.793 8.861 9.131 8.697 8.806 8.875 8.838 9.100 8.690 8.814 8.853 8.715 30/12/2029
8.764 8.850 8.612 8.216 8.237 8.657 8.557 8.501 8.991 8.343 8.611 8.653 9.032 8.949 8.450 9.329 9.216 8.906 8.830 8.939 9.431 9.186 8.962 8.939 9.068 9.538 9.370 9.177 9.122 8.926 31/12/2029
7.522 7.386 7.437 6.743 6.534 7.233 7.135 7.337 7.225 6.902 7.516 7.380 7.135 7.053 6.979 7.667 7.777 7.425 7.287 7.268 8.351 7.752 7.411 7.491 7.900 8.617 8.404 8.143 8.132 7.720 01/01/2030
6.166 5.667 5.874 5.822 5.784 5.517 5.387 5.798 5.470 5.372 6.263 5.527 5.041 5.005 5.392 6.327 6.528 5.592 5.458 5.007 6.933 6.506 6.130 5.617 5.669 7.626 7.045 6.841 6.102 5.534 02/01/2030
7.075 6.771 6.636 6.456 6.720 6.651 6.572 6.555 6.438 6.453 6.822 6.504 6.347 6.315 6.470 7.179 7.102 6.441 6.358 6.161 7.224 7.079 6.679 6.479 6.389 7.472 7.263 6.980 6.656 6.281 03/01/2030
9.042 8.908 8.784 8.420 8.466 8.784 8.748 8.716 8.718 8.482 8.765 8.736 8.707 8.629 8.552 8.694 8.788 8.685 8.586 8.495 8.708 8.786 8.696 8.741 8.529 8.767 8.662 8.693 8.644 8.375 04/01/2030
8.741 8.986 8.460 7.284 7.142 8.982 9.006 8.489 7.919 7.267 8.648 8.980 8.423 8.303 7.275 8.656 9.146 8.002 7.898 8.054 8.585 9.122 8.336 8.039 8.125 8.230 8.916 8.254 8.082 7.915 05/01/2030
7.364 7.974 7.099 5.926 5.889 7.855 7.776 7.060 6.100 6.073 6.980 7.887 6.594 6.564 6.046 6.996 6.705 5.885 5.928 6.374 6.949 6.699 6.307 5.882 6.270 6.625 6.501 6.229 5.931 6.249 06/01/2030
9.406 9.489 9.071 8.255 7.875 9.290 9.122 8.957 8.779 8.094 9.222 9.398 9.004 8.964 8.125 9.415 9.371 8.810 8.786 8.836 9.458 9.374 8.895 8.833 8.646 9.467 9.347 8.954 8.784 8.622 07/01/2030
8.431 8.471 8.206 7.344 6.957 8.299 8.147 8.097 8.015 7.398 8.604 8.595 8.436 8.285 7.521 9.020 9.157 8.549 8.420 8.116 9.181 9.137 8.578 8.617 8.248 9.357 9.065 8.643 8.655 8.118 08/01/2030
11.421 11.334 11.162 10.953 9.338 11.136 10.978 11.025 10.068 9.742 11.149 11.182 10.191 10.026 9.823 11.490 10.381 10.261 10.068 10.068 11.651 10.338 10.145 10.340 10.266 11.852 10.381 10.305 10.395 10.006 09/01/2030
8.735 8.719 8.514 7.953 7.652 8.484 8.308 8.374 8.411 7.850 8.561 8.602 8.637 8.514 7.975 9.007 9.039 8.643 8.482 8.497 9.205 8.997 8.620 8.717 8.786 9.419 9.173 8.838 8.841 8.547 10/01/2030
6.765 6.771 6.466 6.046 6.251 6.606 6.461 6.369 6.558 6.398 6.687 6.563 6.820 6.729 6.511 7.081 7.023 6.794 6.694 6.625 7.359 6.991 6.865 6.840 6.932 7.356 7.062 7.008 6.939 6.763 11/01/2030
8.782 8.767 8.643 8.463 8.172 8.658 8.581 8.570 8.605 8.237 8.697 8.659 8.901 8.780 8.314 9.164 9.152 8.654 8.522 8.517 9.153 9.129 8.615 8.689 8.477 9.053 8.921 8.530 8.522 8.330 12/01/2030
9.822 9.797 9.664 9.253 9.082 9.640 9.545 9.568 9.404 9.197 9.726 9.694 9.640 9.517 9.277 9.946 9.962 9.567 9.412 9.313 10.045 9.944 9.674 9.615 9.469 9.979 9.804 9.717 9.647 9.291 13/01/2030
9.909 9.801 9.812 9.569 9.400 9.628 9.499 9.673 10.032 9.696 9.748 9.768 9.863 9.737 9.742 9.574 9.918 9.835 9.748 9.979 9.723 9.878 9.769 9.892 9.867 9.817 9.830 9.843 9.917 9.716 14/01/2030
8.020 8.220 8.422 8.487 8.870 8.225 8.174 8.413 9.093 9.136 8.356 8.515 8.800 8.876 9.168 8.730 8.573 8.789 8.876 9.102 8.700 8.587 8.660 8.740 8.593 8.610 8.462 8.547 8.651 8.704 15/01/2030
1.319 1.842 1.734 1.220 1.591 1.684 1.583 1.659 3.704 2.211 2.127 2.213 3.741 3.705 2.304 3.320 3.494 3.993 3.925 3.995 3.904 3.488 3.888 4.004 4.154 4.354 3.796 4.140 4.266 4.076 16/01/2030
-0.914 -0.334 -0.439 -0.752 -1.035 -0.440 -0.559 -0.506 -0.904 -0.778 -0.300 -0.174 -0.776 -0.871 -0.721 -0.383 -0.654 -0.710 -0.841 -0.780 -0.022 -0.647 -0.719 -0.675 -0.580 0.207 -0.556 -0.426 -0.384 -0.728 17/01/2030
-2.405 -2.147 -2.071 -2.449 -2.381 -2.332 -2.372 -2.125 -1.447 -2.268 -2.530 -2.186 -1.635 -1.753 -2.173 -1.725 -1.175 -1.668 -1.803 -1.449 -1.532 -1.188 -1.833 -1.625 -1.463 -1.537 -1.181 -1.693 -1.572 -1.651 18/01/2030
-2.459 -2.616 -2.531 -2.342 -2.559 -2.819 -2.930 -2.630 -2.102 -2.421 -2.732 -2.580 -2.094 -2.221 -2.289 -2.385 -2.484 -1.930 -2.102 -1.934 -1.812 -2.599 -2.062 -1.875 -1.667 -1.484 -2.007 -1.692 -1.683 -1.892 19/01/2030
-3.954 -4.139 -3.915 -3.941 -3.698 -4.311 -4.429 -3.996 -3.412 -3.666 -4.256 -4.183 -3.458 -3.605 -3.546 -4.004 -3.480 -3.375 -3.544 -3.425 -3.715 -3.515 -3.557 -3.302 -3.191 -3.613 -3.294 -3.158 -3.153 -3.440 20/01/2030
-4.550 -4.572 -4.461 -4.426 -3.915 -4.768 -5.027 -4.588 -4.134 -3.706 -4.700 -4.656 -4.248 -4.385 -3.672 -3.569 -3.535 -4.125 -4.252 -4.091 -3.145 -3.547 -4.281 -4.018 -3.816 -2.918 -3.518 -4.062 -4.017 -4.069 21/01/2030
-1.898 -1.955 -2.031 -1.976 -1.947 -2.056 -2.185 -2.086 -1.910 -2.061 -2.187 -2.163 -1.925 -1.967 -1.975 -1.791 -1.735 -1.904 -1.967 -1.926 -1.681 -1.791 -1.997 -1.827 -1.621 -1.656 -1.559 -1.877 -1.843 -1.750 22/01/2030
-5.902 -5.953 -6.216 -5.621 -5.183 -6.155 -6.302 -6.348 -4.961 -5.242 -6.126 -6.173 -5.076 -5.204 -5.086 -5.664 -4.892 -4.777 -4.890 -4.712 -5.423 -4.938 -4.960 -4.706 -4.418 -5.425 -4.729 -4.703 -5.048 -4.584 23/01/2030
-6.097 -6.393 -7.020 -8.475 -8.567 -6.785 -7.115 -7.266 -7.746 -8.464 -6.310 -6.489 -7.586 -7.858 -8.332 -4.994 -4.599 -7.384 -7.641 -7.761 -4.861 -4.674 -7.425 -7.298 -7.153 -4.832 -4.341 -6.974 -7.183 -7.457 24/01/2030
-0.074 -0.403 -1.581 -1.293 -1.340 -0.602 -0.752 -1.664 -0.837 -1.582 0.086 -0.570 -0.937 -1.016 -1.381 0.460 0.271 -0.220 -0.325 -0.892 0.440 0.237 -0.049 -0.181 -0.509 0.032 0.125 -0.152 -0.481 -0.603 25/01/2030
1.299 0.885 0.652 0.089 0.742 0.749 0.536 0.550 0.582 0.143 0.663 0.859 0.310 0.276 0.265 1.120 1.301 0.551 0.527 0.289 1.312 1.245 0.584 0.593 0.555 1.359 1.315 0.701 0.607 0.494 26/01/2030
8.256 8.237 7.947 7.471 7.107 8.172 8.111 7.928 8.047 7.134 8.267 8.314 8.024 8.017 7.233 8.745 8.661 8.134 8.134 7.936 8.694 8.614 8.225 8.156 8.062 8.748 8.677 8.178 8.096 7.994 27/01/2030
9.511 9.662 9.108 8.497 7.940 9.486 9.378 9.016 8.644 8.140 9.660 9.609 8.927 8.835 8.273 9.962 9.468 9.161 9.063 8.749 10.053 9.438 9.335 9.164 9.264 10.074 9.537 9.466 9.286 9.120 28/01/2030
9.870 9.834 9.763 10.184 9.665 9.722 9.618 9.689 10.071 9.722 9.906 9.810 10.055 10.007 9.768 10.600 10.454 10.080 10.043 9.954 10.581 10.438 10.258 10.120 10.109 10.606 10.413 10.330 10.212 10.034 29/01/2030
9.626 9.272 9.337 9.370 9.420 9.130 9.011 9.253 9.578 9.263 9.149 9.267 9.386 9.310 9.326 9.627 9.811 9.394 9.300 9.304 9.823 9.785 9.472 9.456 9.367 9.768 9.687 9.539 9.511 9.201 30/01/2030
9.013 8.967 8.827 8.489 8.656 8.832 8.722 8.760 8.779 8.687 8.875 8.886 8.819 8.702 8.734 9.140 9.229 8.885 8.766 8.561 9.224 9.198 8.804 8.966 8.878 9.376 9.281 9.085 9.076 8.701 31/01/2030
11.845 11.803 11.772 11.337 11.300 11.640 11.483 11.660 11.981 11.484 11.794 11.782 12.034 11.923 11.580 12.122 12.468 12.071 11.967 11.931 12.441 12.431 12.052 12.123 12.103 12.680 12.638 12.376 12.303 11.946 01/02/2030
10.081 9.965 9.923 9.381 9.322 9.770 9.617 9.797 9.645 9.297 9.905 9.794 9.699 9.580 9.392 10.145 10.296 9.658 9.545 9.404 10.397 10.269 9.879 9.707 9.906 10.552 10.415 10.128 10.060 9.734 02/02/2030
6.778 6.162 6.020 5.563 5.508 6.033 5.951 5.956 6.292 5.824 6.364 6.346 6.405 6.271 5.912 6.548 7.705 6.382 6.234 6.246 7.963 7.700 6.840 6.453 7.518 8.311 8.207 7.897 7.769 6.953 03/02/2030
7.625 7.447 7.312 6.766 6.503 7.318 7.203 7.192 7.178 6.702 7.432 7.396 7.270 7.160 6.792 7.610 7.873 7.225 7.115 7.227 7.999 7.852 7.360 7.282 7.527 8.201 7.993 7.656 7.527 7.326 04/02/2030
8.950 8.962 8.798 8.356 8.089 8.815 8.716 8.698 8.623 8.258 8.732 8.694 8.692 8.601 8.348 9.131 9.318 8.573 8.451 8.570 9.418 9.293 8.663 8.628 8.872 9.559 9.439 8.938 8.884 8.666 05/02/2030
7.292 7.047 6.941 6.592 6.472 6.899 6.785 6.852 6.695 6.455 7.251 7.121 6.779 6.721 6.534 7.447 7.516 6.497 6.406 6.337 7.769 7.488 7.115 6.524 7.069 7.749 7.555 7.264 7.167 6.958 06/02/2030
5.964 6.092 6.210 5.663 5.397 6.000 5.905 6.141 5.702 5.500 5.608 5.848 5.529 5.530 5.573 5.978 6.038 5.180 5.095 5.543 5.833 6.033 4.989 5.193 5.078 5.641 5.542 4.473 4.771 4.956 07/02/2030
3.433 3.063 3.237 2.685 2.572 2.915 2.797 3.176 2.986 2.540 2.809 3.025 2.982 2.965 2.557 3.059 3.047 2.758 2.669 2.864 3.566 3.031 2.858 2.784 2.412 3.392 2.615 2.603 2.205 2.262 08/02/2030
4.441 4.288 4.204 3.371 4.209 4.142 4.021 4.116 4.791 4.409 3.817 4.033 4.884 4.786 4.533 3.734 3.994 4.579 4.477 4.700 3.873 3.952 4.297 4.621 4.424 3.971 3.908 4.243 4.208 4.242 09/02/2030
7.621 7.442 7.395 6.666 7.037 7.272 7.117 7.271 7.233 7.055 7.241 7.238 7.134 7.054 7.177 7.425 7.299 6.875 6.775 7.065 7.588 7.279 6.841 6.911 6.818 7.792 7.345 6.974 6.840 6.737 10/02/2030
9.181 8.876 8.806 7.691 7.751 8.704 8.588 8.701 8.237 7.811 8.721 8.773 8.457 8.407 7.850 9.081 9.289 8.462 8.361 8.267 9.333 9.247 8.512 8.491 8.261 9.453 9.288 8.521 8.396 8.127 11/02/2030
9.526 9.244 9.311 9.396 9.084 9.100 8.941 9.202 9.414 9.006 8.870 8.933 9.500 9.387 9.086 9.431 9.314 9.359 9.242 9.322 9.401 9.277 9.260 9.391 9.369 9.432 9.248 9.314 9.276 9.190 12/02/2030
8.305 8.113 8.298 8.614 8.940 8.014 7.943 8.216 8.407 8.795 7.732 7.884 8.362 8.303 8.665 7.765 8.176 8.167 8.088 8.310 7.762 8.133 8.092 8.203 8.261 7.696 8.178 8.129 8.135 8.177 13/02/2030
5.114 5.160 5.345 5.090 6.125 5.036 4.892 5.253 5.795 6.248 5.030 5.336 5.725 5.648 6.139 5.277 6.361 5.852 5.729 5.873 5.527 6.335 5.722 5.896 6.008 5.796 6.453 5.890 5.947 5.930 14/02/2030
6.927 6.930 7.072 6.593 6.666 6.757 6.633 6.982 7.095 6.616 6.603 6.782 7.030 6.969 6.672 6.778 7.394 6.859 6.725 6.828 6.832 7.404 6.844 6.910 6.888 7.031 7.347 6.990 6.897 6.734 15/02/2030
9.285 9.286 9.893 10.269 10.725 9.187 9.236 9.880 11.526 10.706 8.909 9.105 10.503 10.608 10.606 8.871 9.468 10.296 10.405 11.015 8.703 9.493 10.034 10.274 10.210 8.764 9.375 9.900 10.075 10.337 16/02/2030
8.370 8.308 8.860 8.241 8.352 8.146 8.034 8.763 9.837 8.673 8.085 8.325 9.123 9.364 8.641 6.933 8.409 9.230 9.466 9.957 7.226 8.388 8.745 9.164 9.421 7.423 8.635 8.589 9.051 9.733 17/02/2030
7.781 7.778 7.365 6.993 7.369 7.529 7.320 7.242 7.614 7.664 7.878 7.828 7.686 7.576 7.808 7.959 9.586 8.403 8.229 7.613 8.556 9.544 8.343 8.475 8.293 7.494 9.383 8.387 8.796 8.082 18/02/2030
5.660 5.553 5.405 4.764 4.573 5.566 5.537 5.400 5.302 5.149 5.499 5.603 5.010 4.976 5.154 5.843 6.097 5.554 5.518 5.346 5.996 6.113 5.210 5.561 5.506 5.694 5.908 5.134 5.638 5.468 19/02/2030
6.459 6.249 6.308 6.046 5.891 6.256 6.240 6.295 6.122 6.105 6.124 6.189 5.954 5.945 6.095 7.151 7.064 6.058 6.040 6.166 7.073 7.084 5.875 6.054 6.171 6.929 6.939 5.847 6.095 6.190 20/02/2030
9.864 9.562 9.675 9.335 9.007 9.562 9.546 9.671 9.215 8.817 9.380 9.333 9.093 9.109 8.760 9.741 9.947 9.090 9.051 9.129 9.686 9.989 9.103 9.087 9.155 9.820 9.935 9.176 9.118 9.130 21/02/2030
9.685 9.622 9.553 9.353 9.181 9.443 9.294 9.418 9.287 9.242 9.402 9.495 9.244 9.146 9.356 9.351 9.664 9.262 9.131 9.079 9.493 9.641 9.158 9.326 9.246 9.692 9.732 9.404 9.447 9.021 22/02/2030
5.807 5.425 5.412 5.013 4.971 5.284 5.190 5.329 5.175 4.845 6.104 6.137 5.157 5.046 4.967 6.265 5.213 5.168 5.031 5.049 6.299 5.186 4.929 5.229 5.186 5.193 5.056 5.046 5.142 4.979 23/02/2030
4.561 4.320 4.347 4.252 4.674 4.182 4.069 4.275 5.310 4.762 4.341 4.481 5.256 5.159 4.838 4.763 5.395 5.325 5.199 5.348 4.961 5.384 5.220 5.363 5.473 4.916 5.395 5.364 5.458 5.304 24/02/2030
5.116 5.052 5.009 4.336 5.092 4.935 4.964 4.962 5.523 5.119 4.893 4.963 5.578 5.494 5.144 5.433 5.431 5.545 5.417 5.483 5.650 5.435 5.519 5.588 5.588 5.791 5.371 5.620 5.671 5.417 25/02/2030
4.425 4.592 4.495 3.466 3.639 4.492 4.409 4.419 4.855 3.893 4.461 4.513 4.986 4.857 3.981 4.243 4.005 4.945 4.742 4.790 4.302 3.988 4.854 5.006 4.807 4.401 3.847 5.007 4.954 4.599 26/02/2030
4.247 4.151 4.023 2.966 3.749 3.918 3.764 3.875 3.990 4.043 3.873 3.866 4.084 3.978 4.089 4.110 4.107 4.080 3.907 3.975 4.177 4.071 3.966 4.137 4.144 4.558 4.151 4.184 4.161 3.979 27/02/2030
1.637 1.468 1.369 -0.051 1.062 1.200 1.024 1.223 1.805 1.250 1.037 1.108 1.953 1.868 1.477 2.709 2.622 1.561 1.439 1.613 2.748 2.587 1.575 1.605 1.670 2.904 2.651 1.739 1.784 1.503 28/02/2030
9.937 9.683 9.933 8.676 9.182 9.676 9.678 9.937 8.657 8.229 9.413 9.446 8.599 8.443 8.425 9.775 8.706 8.234 8.095 8.120 9.389 8.736 8.090 8.284 8.161 9.140 8.527 8.270 8.183 7.987 01/03/2030
9.056 8.764 8.905 8.915 8.605 8.620 8.511 8.793 9.416 9.006 8.205 8.338 8.863 8.720 9.220 9.308 9.273 8.973 8.764 9.308 9.603 9.232 8.595 9.046 9.503 10.011 9.324 8.904 9.402 9.203 02/03/2030
6.544 6.458 5.995 6.038 5.692 6.315 6.213 5.957 6.464 5.875 6.162 6.185 6.417 6.214 6.030 6.433 6.558 6.775 6.562 6.565 6.504 6.535 6.284 6.831 7.245 6.732 6.788 6.774 7.185 6.926 03/03/2030
5.132 5.128 4.625 4.267 4.401 4.993 4.876 4.550 4.565 4.416 4.931 5.073 5.050 4.932 4.517 5.413 5.704 5.230 5.088 4.585 5.329 5.684 4.979 5.292 5.170 5.349 5.751 5.172 5.349 4.954 04/03/2030
8.289 8.606 8.321 7.989 7.663 8.532 8.437 8.219 7.939 7.642 8.490 8.511 8.229 8.089 7.755 8.826 8.852 8.209 8.047 7.669 8.891 8.803 8.130 8.284 8.199 8.985 9.046 8.504 8.448 7.986 05/03/2030
8.987 8.885 8.715 8.222 8.140 8.722 8.582 8.565 8.159 8.038 8.447 8.615 8.232 8.208 8.114 8.963 8.663 8.035 7.910 7.894 8.910 8.663 8.045 8.060 7.978 8.991 8.631 8.038 8.098 7.850 06/03/2030
8.186 8.076 7.999 7.693 7.835 7.958 7.834 7.927 7.905 7.699 7.921 7.851 7.932 7.811 7.829 8.083 8.044 7.881 7.700 7.760 7.988 8.008 7.697 7.913 7.994 7.757 7.975 7.752 7.989 7.781 07/03/2030
12.431 12.384 12.463 11.694 12.002 12.311 12.316 12.432 12.465 11.899 12.202 12.249 12.412 12.332 11.976 13.107 12.942 12.317 12.228 12.363 13.059 12.929 12.246 12.335 12.366 13.160 12.938 12.337 12.371 12.263 08/03/2030
15.987 15.926 15.683 15.362 15.481 15.806 15.699 15.587 15.701 15.244 15.518 15.471 15.771 15.674 15.320 15.998 15.837 15.446 15.333 15.378 15.552 15.816 15.346 15.475 15.332 15.547 15.691 15.295 15.237 15.209 09/03/2030
17.670 17.583 17.498 16.542 16.891 17.551 17.478 17.486 17.069 16.718 17.377 17.395 17.147 17.109 16.827 17.639 17.547 16.922 16.827 16.734 17.408 17.563 16.978 16.953 16.787 17.233 17.384 16.857 16.797 16.713 10/03/2030
19.344 19.163 18.938 18.267 18.877 19.068 19.045 18.890 19.030 18.744 19.129 18.910 19.264 19.151 18.829 19.499 19.513 19.096 18.944 18.852 19.409 19.515 19.162 19.112 19.040 19.382 19.426 19.187 19.104 18.817 11/03/2030
13.015 12.953 12.879 12.480 12.932 12.776 12.672 12.774 13.151 13.009 12.819 12.780 13.127 13.033 13.125 11.217 13.392 13.033 12.899 13.277 11.051 13.376 12.873 13.059 13.718 11.144 13.523 13.045 13.371 13.576 12/03/2030
9.795 9.859 9.745 9.295 9.166 9.746 9.632 9.658 9.578 9.370 9.832 9.928 9.761 9.661 9.477 9.703 10.294 9.845 9.721 9.746 9.993 10.264 9.830 9.883 10.103 10.179 10.414 10.046 10.079 9.911 13/03/2030
8.730 8.813 8.531 7.834 8.143 8.645 8.492 8.408 8.559 8.298 8.925 8.876 8.830 8.710 8.403 9.201 9.840 8.970 8.808 8.668 9.213 9.803 9.055 9.026 9.088 9.080 9.584 8.878 9.079 8.864 14/03/2030
9.030 8.535 8.758 8.917 8.782 8.254 8.059 8.573 8.971 8.650 7.921 8.333 8.831 8.637 8.791 8.553 9.133 8.518 8.279 8.417 8.559 9.087 8.293 8.613 8.688 8.451 8.880 8.272 8.504 8.326 15/03/2030
8.244 7.898 8.119 8.274 8.730 7.850 7.772 8.111 8.827 8.743 7.808 7.658 8.111 8.047 8.846 8.130 8.415 7.887 7.809 8.173 7.964 8.415 7.719 7.909 8.292 7.849 8.431 7.810 8.034 8.209 16/03/2030
12.559 12.433 12.549 13.184 13.814 12.442 12.375 12.570 13.290 13.626 12.320 12.246 13.152 13.105 13.700 12.032 12.229 12.951 12.897 12.943 11.801 12.230 12.889 12.963 12.880 11.750 12.258 12.941 12.903 12.817 17/03/2030
17.158 16.866 16.836 16.245 16.610 16.615 16.474 16.684 17.016 16.428 16.742 16.624 17.180 17.007 16.574 16.923 17.309 16.763 16.558 16.465 16.891 17.279 16.874 16.829 16.517 17.109 17.241 17.166 16.860 16.280 18/03/2030
17.456 17.332 17.232 16.860 17.995 17.155 17.007 17.145 17.741 17.754 17.017 16.935 17.963 17.916 17.873 17.853 17.904 17.622 17.558 17.368 17.669 17.893 17.729 17.647 17.319 17.716 17.985 17.831 17.704 17.264 19/03/2030
18.091 18.201 18.153 17.909 18.542 18.073 17.918 18.065 18.845 18.460 18.078 18.071 18.928 18.849 18.542 18.608 18.968 18.855 18.715 18.788 18.729 18.934 18.875 18.916 19.000 18.910 19.096 19.101 19.086 18.835 20/03/2030
17.407 17.497 17.440 16.858 17.404 17.327 17.202 17.328 18.006 17.396 17.287 17.302 18.074 18.046 17.522 17.554 18.031 17.813 17.778 17.751 17.353 17.978 17.892 17.843 17.871 17.470 18.036 17.826 17.798 17.891 21/03/2030
17.419 17.279 17.064 16.895 16.929 17.103 16.995 16.917 17.140 17.086 17.348 17.286 17.149 17.018 17.112 17.936 17.810 17.307 17.204 17.288 18.270 17.784 17.415 17.371 17.815 18.694 18.089 17.925 17.922 17.677 22/03/2030
19.778 19.612 19.620 19.062 19.991 19.542 19.478 19.575 20.494 19.839 19.327 19.353 20.567 20.530 19.896 20.854 20.929 20.374 20.388 20.340 20.904 20.863 20.486 20.408 20.139 21.164 20.736 20.280 20.272 20.153 23/03/2030
13.925 14.739 14.711 14.301 14.942 14.618 14.522 14.629 15.196 14.841 14.283 14.527 15.178 15.058 14.920 12.979 12.991 14.734 14.581 14.741 12.607 12.961 14.757 14.817 14.340 12.408 12.451 14.435 14.412 14.201 24/03/2030
13.519 13.753 13.783 13.561 13.915 13.624 13.499 13.707 13.944 13.729 13.536 13.658 13.923 13.806 13.843 13.572 13.970 13.829 13.705 13.746 13.536 13.936 13.726 13.881 13.417 13.685 13.907 13.756 13.671 13.229 25/03/2030
10.135 9.913 10.380 11.195 12.778 9.670 9.445 10.239 12.197 12.874 8.950 9.621 10.911 10.759 12.970 9.852 10.709 11.009 10.801 12.052 9.906 10.679 9.920 11.093 11.757 10.290 10.749 10.142 11.088 11.515 26/03/2030
9.682 8.467 9.636 8.732 9.214 8.198 8.001 9.475 9.450 9.249 7.906 8.963 9.683 9.580 9.388 8.584 9.328 8.899 8.787 9.011 8.773 9.277 8.526 8.966 8.493 8.400 8.682 8.002 8.403 8.294 27/03/2030
7.937 8.064 7.761 7.480 7.611 7.907 7.833 7.637 8.562 8.357 7.816 7.942 8.047 7.994 8.451 8.969 9.372 8.642 8.534 8.872 9.149 9.343 8.049 8.678 8.958 9.271 9.563 8.339 8.825 8.858 28/03/2030
12.305 12.349 12.152 11.747 12.351 12.175 12.067 12.026 12.779 12.628 11.806 12.301 12.583 12.511 12.728 12.388 13.426 12.501 12.406 12.507 12.544 13.388 12.630 12.544 12.306 12.720 13.265 12.503 12.314 12.228 29/03/2030
13.204 13.060 13.058 12.227 13.086 12.984 12.926 13.021 12.835 13.197 14.169 12.887 12.685 12.555 13.241 14.562 14.131 12.428 12.276 12.474 14.323 14.088 12.422 12.498 12.240 14.278 14.008 12.384 12.271 12.090 30/03/2030
10.525 10.143 10.157 9.964 10.019 9.973 9.837 10.043 10.079 9.947 10.242 9.854 9.656 9.535 10.076 10.652 10.669 9.390 9.229 9.336 10.543 10.635 9.328 9.457 9.219 10.681 10.636 9.380 9.296 9.012 31/03/2030
10.530 10.337 10.095 9.277 9.686 10.142 9.987 9.931 9.758 9.699 10.450 10.105 10.025 9.937 9.805 10.759 10.854 9.910 9.806 9.594 10.947 10.808 10.082 9.967 9.703 11.267 10.994 10.305 10.035 9.544 01/04/2030
14.598 14.508 14.300 12.979 14.836 14.300 14.170 14.172 14.975 14.810 14.528 14.224 15.080 14.977 14.856 14.864 14.287 15.010 14.875 14.784 14.954 14.280 15.054 15.051 14.835 15.115 14.319 15.236 15.008 14.683 02/04/2030
16.174 15.996 16.220 15.338 16.577 15.902 15.814 16.144 16.728 16.500 15.704 15.797 16.405 16.333 16.621 15.774 16.343 16.282 16.210 16.512 15.908 16.347 16.115 16.331 16.459 16.123 16.515 16.345 16.430 16.355 03/04/2030
19.035 19.180 19.258 18.415 18.262 19.296 19.323 19.305 18.119 18.209 19.404 19.268 18.049 18.003 18.315 19.636 19.373 18.042 18.020 18.116 19.589 19.380 18.090 18.063 18.096 19.550 19.501 18.335 18.149 18.080 04/04/2030
14.258 14.195 14.065 13.483 13.600 14.151 14.096 14.030 13.992 13.688 14.085 14.084 14.145 14.085 13.778 14.167 14.418 14.090 13.985 13.968 14.176 14.403 14.139 14.118 14.029 14.320 14.497 14.286 14.203 13.929 05/04/2030
13.453 12.994 13.139 13.352 12.267 12.894 12.820 13.072 12.613 12.101 12.861 12.921 12.668 12.552 12.171 12.579 13.043 12.655 12.543 12.557 12.819 13.024 12.649 12.699 12.642 12.956 13.210 12.913 12.836 12.521 06/04/2030
11.556 11.345 11.397 11.492 10.462 11.274 11.219 11.344 10.747 10.234 11.203 11.248 10.851 10.725 10.315 10.910 10.683 10.667 10.538 10.543 10.697 10.664 10.694 10.704 10.573 10.838 10.725 10.807 10.817 10.423 07/04/2030
14.850 14.479 14.431 14.560 15.137 14.340 14.255 14.334 14.409 14.827 13.954 14.041 14.416 14.381 14.871 13.612 14.229 14.234 14.124 14.193 13.495 14.201 14.201 14.261 14.145 13.605 14.208 14.256 14.235 14.004 08/04/2030
11.290 11.215 11.074 10.653 10.898 11.033 10.869 10.971 11.016 10.975 11.066 11.067 11.063 10.967 11.059 11.529 11.445 10.961 10.812 11.059 11.443 11.424 10.753 11.024 11.019 11.497 11.452 10.905 10.911 10.895 09/04/2030
9.371 9.493 9.307 8.634 8.958 9.317 9.146 9.185 9.945 9.338 9.690 9.495 9.841 9.707 9.491 10.207 9.792 9.748 9.603 9.803 10.241 9.757 9.710 9.808 9.763 10.356 9.943 10.005 9.933 9.531 10/04/2030
7.635 8.016 7.849 7.520 7.934 7.822 7.636 7.675 8.721 8.602 8.700 8.502 8.749 8.637 8.773 9.796 10.397 9.170 9.008 8.920 10.081 10.337 9.356 9.224 9.319 10.391 10.643 9.778 9.656 9.097 11/04/2030
10.075 10.230 9.830 8.989 8.621 10.010 9.800 9.681 9.100 9.053 10.172 10.175 9.480 9.326 9.236 10.108 10.378 9.744 9.552 9.170 10.342 10.352 9.808 9.826 9.345 10.503 10.379 10.005 9.845 9.077 12/04/2030
10.147 10.218 10.283 9.929 10.066 10.122 10.017 10.236 10.459 10.348 10.116 10.259 10.424 10.331 10.463 10.129 10.290 10.501 10.381 10.412 10.241 10.271 10.374 10.548 10.215 10.216 10.182 10.272 10.355 10.045 13/04/2030
13.578 13.606 13.195 12.964 13.331 13.399 13.216 13.062 13.640 13.444 13.325 13.306 13.995 13.886 13.592 13.911 14.118 13.955 13.790 13.483 13.902 14.089 14.013 13.991 13.459 13.740 13.865 13.895 13.932 13.261 14/04/2030
18.712 18.736 18.473 18.489 18.826 18.508 18.401 18.331 18.842 18.628 18.561 18.456 19.206 19.123 18.758 18.933 19.144 19.146 18.992 18.629 18.959 19.112 19.142 19.185 18.967 19.017 19.138 19.148 19.059 18.755 15/04/2030
14.120 14.161 14.045 13.525 14.560 13.969 13.828 13.925 14.280 14.545 14.049 14.149 14.466 14.370 14.610 14.364 14.703 14.521 14.360 14.271 14.540 14.670 14.531 14.561 14.536 14.669 14.767 14.683 14.670 14.340 16/04/2030
15.259 15.471 15.589 15.312 14.691 15.402 15.352 15.555 16.168 15.050 15.494 15.720 16.199 16.002 15.161 16.071 16.554 16.257 16.036 16.134 16.477 16.422 16.122 16.343 16.505 16.801 17.004 16.574 16.615 16.210 17/04/2030
14.987 14.765 14.724 14.495 14.481 14.579 14.500 14.597 14.878 14.431 14.526 14.547 14.927 14.808 14.485 14.628 14.897 14.903 14.739 14.657 14.552 14.880 14.725 14.902 15.141 14.784 15.260 15.142 15.087 14.963 18/04/2030
11.421 11.455 11.142 10.832 10.449 11.271 11.131 11.012 10.870 10.457 11.557 11.267 11.070 10.921 10.584 11.834 11.774 10.964 10.781 10.672 11.820 11.742 11.232 11.020 10.932 11.912 11.925 11.576 11.223 10.687 19/04/2030
8.550 8.463 8.344 8.496 8.711 8.126 7.848 8.142 8.996 9.251 8.421 8.383 8.961 8.726 9.423 8.233 8.870 8.814 8.536 8.849 8.629 8.777 8.824 8.931 9.238 9.146 9.032 9.171 9.173 8.833 20/04/2030
9.847 9.765 9.697 9.115 9.412 9.521 9.336 9.570 9.854 9.622 9.522 9.587 9.789 9.654 9.741 9.695 9.508 9.663 9.477 9.677 9.859 9.487 9.505 9.720 9.787 10.029 9.475 9.650 9.734 9.539 21/04/2030
11.695 11.507 11.477 11.245 10.413 11.374 11.275 11.432 11.485 10.743 11.421 11.353 11.402 11.428 10.824 11.048 11.196 11.280 11.285 11.334 11.069 11.219 11.203 11.276 10.955 11.093 11.026 10.974 11.132 11.021 22/04/2030
12.542 12.361 12.486 11.219 11.453 12.022 11.789 12.274 12.470 12.114 11.910 12.217 12.240 12.229 12.153 12.017 12.798 12.491 12.452 12.634 12.305 12.783 12.131 12.501 12.571 12.641 13.051 12.442 12.560 12.552 23/04/2030
13.644 13.439 13.551 13.365 13.305 13.340 13.274 13.481 13.897 13.555 13.465 13.419 13.625 13.574 13.571 12.581 13.520 13.584 13.552 13.827 12.778 13.502 13.595 13.618 13.583 12.724 13.442 13.590 13.598 13.516 24/04/2030
16.762 16.554 16.676 15.065 14.859 16.469 16.451 16.644 14.872 14.976 16.446 16.432 14.797 14.757 15.052 15.885 15.810 14.672 14.635 14.681 16.080 15.784 14.842 14.700 14.347 16.174 15.802 14.862 14.591 14.317 25/04/2030
12.844 12.993 12.922 11.971 12.196 12.931 12.936 12.909 12.605 12.533 13.042 13.106 12.606 12.527 12.634 13.066 13.337 12.702 12.622 12.586 13.250 13.347 12.726 12.733 12.649 13.476 13.446 12.992 12.839 12.530 26/04/2030
13.332 13.363 13.739 13.325 12.909 13.337 13.297 13.693 13.930 13.343 13.239 13.424 13.844 13.734 13.417 13.329 13.844 13.912 13.804 13.860 13.599 13.852 13.824 13.959 14.170 13.922 14.232 14.341 14.334 14.019 27/04/2030
10.995 11.034 11.010 10.077 10.291 10.895 10.743 10.907 10.422 10.541 10.875 10.929 10.476 10.342 10.641 11.622 11.869 10.528 10.406 10.349 11.613 11.851 10.405 10.600 10.439 11.757 11.957 10.631 10.562 10.289 28/04/2030
10.301 10.469 10.384 9.394 9.579 10.342 10.172 10.289 10.064 9.980 10.378 10.439 10.190 10.066 10.084 10.567 10.763 10.342 10.217 10.170 10.693 10.754 10.277 10.382 10.311 10.834 10.877 10.518 10.462 10.169 29/04/2030
10.457 10.425 9.940 8.876 8.686 10.353 10.295 9.880 9.962 9.054 10.636 10.479 10.252 10.122 9.110 10.907 11.252 10.481 10.381 9.990 11.001 11.268 10.798 10.527 10.144 11.052 11.337 11.022 10.708 9.943 30/04/2030
11.702 11.351 11.284 10.689 10.744 11.182 11.032 11.180 11.361 10.755 10.760 10.947 11.205 11.101 10.872 10.994 11.553 11.056 10.891 10.864 11.180 11.524 10.908 11.120 10.517 11.517 11.534 10.932 10.756 10.307 01/05/2030
12.533 12.421 12.345 12.016 10.967 12.258 12.074 12.234 12.139 11.449 12.333 12.469 11.943 11.821 11.565 12.766 12.620 12.255 12.098 12.065 13.027 12.595 12.141 12.311 12.125 13.239 12.676 12.341 12.314 11.921 02/05/2030
13.215 13.223 13.259 13.586 13.366 13.345 13.420 13.314 12.687 13.525 13.545 13.437 12.604 12.569 13.486 13.906 14.156 12.753 12.638 12.630 14.086 14.171 12.825 12.768 12.602 14.228 14.173 12.915 12.758 12.487 03/05/2030
11.685 11.549 11.397 10.950 10.534 11.432 11.315 11.307 10.749 10.525 11.066 11.083 10.742 10.648 10.614 10.891 10.926 10.608 10.468 10.514 10.831 10.911 10.576 10.662 10.643 11.011 11.020 10.746 10.744 10.480 04/05/2030
10.945 10.897 10.691 10.241 10.041 10.766 10.644 10.609 10.790 10.194 10.783 10.760 10.835 10.716 10.323 11.100 10.977 10.759 10.612 10.626 11.110 10.963 10.734 10.809 10.735 11.342 11.026 10.918 10.890 10.537 05/05/2030
15.666 15.613 15.467 14.967 14.667 15.418 15.237 15.340 15.605 15.101 15.519 15.502 15.901 15.749 15.274 16.088 16.529 16.113 15.889 15.835 16.394 16.490 16.098 16.191 16.303 16.618 16.627 16.429 16.418 16.024 06/05/2030
13.343 13.097 13.076 12.718 12.665 12.923 12.836 12.970 12.520 12.273 12.417 12.651 12.681 12.542 12.373 12.651 12.756 12.432 12.293 12.417 12.657 12.730 12.430 12.488 12.710 12.675 12.738 12.555 12.734 12.515 07/05/2030
11.894 11.550 11.472 11.369 11.492 11.371 11.266 11.364 11.451 11.375 11.421 11.369 11.640 11.547 11.445 11.946 12.110 11.465 11.318 11.159 11.902 12.096 11.605 11.528 11.235 11.899 12.023 11.722 11.630 11.054 08/05/2030
14.828 14.802 14.801 14.964 14.708 14.359 14.038 14.523 15.653 14.875 14.698 14.729 15.660 15.387 14.978 15.483 15.755 15.678 15.344 15.410 15.953 15.713 15.702 15.791 15.794 16.361 15.981 16.262 16.138 15.336 09/05/2030
17.381 17.106 17.151 16.314 17.359 16.914 16.711 16.999 17.331 17.231 16.792 16.848 17.379 17.138 17.316 17.289 17.929 17.307 17.062 17.097 17.639 17.898 17.353 17.429 17.489 18.015 18.135 17.970 17.758 17.128 10/05/2030
17.372 17.145 17.430 17.051 16.920 17.081 17.008 17.365 16.975 16.792 16.810 16.984 17.029 16.962 16.878 17.203 17.920 16.850 16.779 16.771 17.169 17.917 16.679 16.893 16.721 17.275 17.810 16.696 16.881 16.585 11/05/2030
14.117 14.134 14.184 14.036 14.006 13.992 13.869 14.093 14.043 13.970 13.978 14.031 14.143 14.069 14.067 14.207 14.676 14.075 13.981 14.034 14.247 14.642 13.896 14.108 14.054 14.406 14.634 13.957 13.975 13.933 12/05/2030
10.159 10.567 10.590 9.844 10.995 10.350 10.122 10.419 12.950 12.205 10.999 10.984 13.289 12.973 12.488 11.101 12.773 13.602 13.218 13.181 11.976 12.696 13.606 13.758 14.013 12.714 13.203 14.534 14.336 13.426 13/05/2030
16.853 16.861 17.075 16.111 16.467 16.769 16.670 17.029 16.458 16.989 17.112 17.085 16.466 16.299 17.042 15.823 15.779 16.620 16.393 16.478 16.386 15.731 16.673 16.709 16.961 16.649 16.216 17.298 17.164 16.633 14/05/2030
19.784 19.953 19.894 19.084 19.231 19.792 19.670 19.818 19.685 19.388 19.848 19.908 19.874 19.729 19.538 19.388 19.723 19.805 19.603 19.566 19.496 19.673 19.910 19.887 19.911 19.734 19.975 20.312 20.106 19.617 15/05/2030
18.086 18.184 17.946 17.238 17.661 18.170 18.089 17.907 18.065 17.725 18.080 18.038 18.448 18.280 17.880 18.839 18.638 18.285 18.068 18.048 18.807 18.632 18.156 18.379 18.269 18.910 18.728 18.521 18.442 17.966 16/05/2030
15.670 15.615 15.349 15.447 15.645 15.532 15.427 15.279 15.981 15.714 15.271 15.383 15.837 15.699 15.838 15.453 15.774 15.793 15.690 15.825 15.519 15.753 15.755 15.804 15.754 15.649 15.770 15.842 15.889 15.610 17/05/2030
15.167 15.130 15.008 14.877 14.864 14.963 14.860 14.903 15.714 15.245 14.887 15.012 15.438 15.310 15.386 14.970 15.528 15.583 15.472 15.716 15.137 15.521 15.379 15.619 15.799 15.542 15.894 15.815 15.892 15.642 18/05/2030
14.501 14.405 14.197 13.723 13.688 14.287 14.151 14.084 14.213 13.799 14.313 14.232 14.405 14.249 13.938 14.414 14.737 14.359 14.185 14.085 14.454 14.704 14.492 14.403 14.221 14.600 14.626 14.552 14.471 13.953 19/05/2030
13.811 13.691 13.473 13.649 13.302 13.536 13.449 13.393 13.556 13.321 13.619 13.475 13.825 13.703 13.472 13.988 14.338 13.832 13.677 13.368 14.170 14.301 13.991 13.871 13.643 14.167 14.131 14.012 13.969 13.484 20/05/2030
18.830 18.626 18.702 18.448 18.779 18.402 18.182 18.479 18.205 18.778 18.405 18.372 18.235 18.076 18.859 18.453 18.859 18.072 17.874 17.780 18.073 18.805 17.736 18.141 18.256 17.483 17.965 16.963 17.654 17.985 21/05/2030
23.456 23.348 23.410 22.266 23.173 23.203 23.067 23.298 23.756 23.157 23.282 23.168 23.749 23.672 23.102 22.928 23.424 23.681 23.586 23.469 22.930 23.418 23.650 23.699 23.609 22.670 23.278 23.472 23.675 23.502 22/05/2030
17.676 17.644 17.624 17.332 17.737 17.496 17.386 17.525 18.427 17.950 17.692 17.609 18.561 18.473 17.983 18.010 18.406 18.526 18.376 18.321 18.174 18.384 18.587 18.537 18.374 18.252 18.359 18.570 18.532 18.214 23/05/2030
16.428 16.402 16.402 16.986 16.528 16.186 16.008 16.255 17.804 16.966 16.412 16.428 17.826 17.640 17.123 17.252 17.579 17.869 17.624 17.729 17.570 17.525 17.791 17.958 17.937 17.610 17.624 18.081 18.125 17.604 24/05/2030
16.615 16.470 16.271 15.407 15.129 16.205 15.995 16.129 16.538 15.457 16.247 16.253 16.680 16.457 15.698 16.315 16.774 16.630 16.315 16.401 16.674 16.657 16.614 16.732 16.736 17.114 16.952 16.952 16.901 16.323 25/05/2030
16.831 16.640 16.513 15.960 15.803 16.393 16.259 16.400 16.870 16.233 16.521 16.516 16.917 16.776 16.347 16.687 16.745 16.911 16.738 16.802 16.960 16.669 17.003 16.980 16.668 17.168 16.869 17.203 17.058 16.412 26/05/2030
16.765 16.678 16.622 17.138 16.785 16.402 16.221 16.472 17.121 17.004 16.518 16.541 17.024 16.899 17.169 16.923 17.619 16.958 16.818 16.884 17.264 17.582 17.010 17.042 16.666 17.536 17.666 17.236 17.000 16.440 27/05/2030
18.635 18.095 18.158 17.857 19.235 17.751 17.512 17.979 18.206 19.225 17.926 17.794 18.001 17.804 19.306 18.764 18.267 17.842 17.601 17.739 18.908 18.214 17.949 17.930 17.637 18.878 18.178 18.090 17.939 17.257 28/05/2030
16.466 16.327 16.258 16.193 16.892 16.139 16.029 16.146 17.080 17.297 16.413 16.315 16.895 16.785 17.303 17.457 17.389 17.231 17.023 17.137 17.578 17.366 17.162 17.289 17.230 17.565 17.300 17.206 17.328 16.966 29/05/2030
17.078 16.816 16.722 16.044 15.524 16.526 16.291 16.519 16.180 15.504 16.693 16.661 16.519 16.248 15.674 16.982 17.056 16.515 16.167 15.905 17.173 17.027 16.658 16.664 16.239 17.278 17.011 16.865 16.639 15.807 30/05/2030
16.903 16.885 16.632 16.017 15.432 16.707 16.602 16.486 16.101 15.453 16.721 16.616 16.245 16.040 15.687 16.454 17.247 16.091 15.805 15.706 16.586 17.269 16.301 16.192 15.954 16.938 17.163 16.496 16.257 15.621 31/05/2030
14.469 14.413 14.156 13.533 13.290 14.189 14.021 14.020 13.629 13.231 14.040 13.969 13.826 13.609 13.400 14.079 13.931 13.519 13.263 13.406 13.783 13.925 13.543 13.613 13.508 13.655 13.753 13.486 13.513 13.227 01/06/2030
15.628 15.536 15.189 14.278 14.310 15.331 15.166 15.054 14.729 14.464 15.534 15.412 15.076 14.925 14.636 15.612 15.638 15.038 14.830 14.687 15.588 15.608 15.191 15.084 14.901 15.695 15.645 15.413 15.155 14.692 02/06/2030
18.335 18.422 18.610 18.430 18.488 18.275 18.144 18.522 18.863 18.535 18.308 18.451 18.821 18.675 18.705 18.198 18.738 18.767 18.575 18.703 18.331 18.711 18.784 18.818 18.920 18.571 19.000 19.187 19.017 18.687 03/06/2030
20.550 20.800 20.988 21.267 21.612 20.725 20.666 20.964 22.156 21.938 20.556 20.761 21.527 21.469 22.060 20.948 21.695 21.574 21.501 21.648 21.135 21.651 21.289 21.598 21.826 21.393 21.849 21.512 21.585 21.712 04/06/2030
19.166 19.456 19.417 19.948 20.087 19.324 19.232 19.364 20.506 20.297 19.215 19.436 20.079 20.026 20.347 19.349 19.686 20.310 20.283 20.535 19.467 19.654 19.838 20.319 20.774 19.692 19.914 20.058 20.408 20.712 05/06/2030
15.842 15.790 15.447 14.930 14.889 15.654 15.518 15.346 14.956 14.824 15.684 15.635 15.239 15.111 14.978 15.795 15.694 15.295 15.147 14.953 15.891 15.652 15.276 15.362 15.510 16.159 15.855 15.576 15.574 15.288 06/06/2030
13.992 13.977 13.901 14.026 13.408 13.808 13.637 13.769 13.583 13.349 13.846 13.838 13.628 13.517 13.454 13.162 13.150 13.614 13.478 13.573 13.350 13.088 13.459 13.654 14.050 13.682 13.445 13.814 13.855 13.851 07/06/2030
14.926 15.000 14.929 15.234 15.185 14.780 14.614 14.771 15.652 15.233 14.833 14.903 15.621 15.497 15.347 15.338 15.573 15.688 15.506 15.669 15.549 15.523 15.469 15.763 16.200 15.838 15.783 15.837 15.991 16.004 08/06/2030
17.474 17.600 17.569 17.389 17.371 17.379 17.260 17.414 17.077 17.507 17.419 17.509 17.022 16.922 17.576 16.995 17.294 17.086 16.918 17.101 17.035 17.264 16.728 17.119 17.416 17.235 17.372 16.966 17.151 17.229 09/06/2030
18.294 18.429 18.365 17.914 17.967 18.254 18.154 18.249 18.070 18.090 18.255 18.362 17.962 17.845 18.247 18.012 18.393 18.047 17.881 18.002 18.026 18.359 17.753 18.119 18.331 18.166 18.518 18.008 18.158 18.081 10/06/2030
17.634 17.665 17.550 17.439 17.673 17.447 17.259 17.417 17.915 17.723 17.499 17.501 17.844 17.729 17.827 17.108 18.279 17.913 17.770 17.882 17.126 18.271 17.730 17.974 18.195 17.237 18.342 17.962 18.029 18.020 11/06/2030
16.699 16.645 16.518 16.492 16.532 16.461 16.297 16.405 16.466 16.608 16.569 16.505 16.419 16.308 16.711 16.764 16.868 16.420 16.280 16.257 16.823 16.847 16.363 16.483 16.420 16.832 16.929 16.543 16.527 16.213 12/06/2030
17.703 17.797 17.584 17.391 17.071 17.605 17.476 17.442 17.496 17.313 17.730 17.721 17.596 17.438 17.467 17.870 18.188 17.606 17.422 17.351 17.956 18.133 17.596 17.696 17.608 18.170 18.255 17.849 17.732 17.324 13/06/2030
17.581 17.550 17.529 16.885 16.862 17.295 17.070 17.334 16.813 16.786 17.142 17.222 16.822 16.696 16.918 16.837 16.681 16.704 16.532 16.605 17.023 16.616 16.613 16.767 16.799 17.339 16.844 16.838 16.733 16.570 14/06/2030
17.041 16.996 16.682 16.243 16.460 16.788 16.592 16.530 16.862 16.648 17.046 16.562 16.869 16.703 16.782 17.323 17.475 16.915 16.720 16.749 17.332 17.433 17.169 16.997 17.540 17.031 17.415 17.363 17.502 17.258 15/06/2030
15.947 15.780 15.650 15.516 15.376 15.624 15.487 15.545 15.634 15.224 15.473 15.437 15.698 15.582 15.349 15.598 16.103 15.576 15.424 15.454 15.588 16.078 15.571 15.634 15.960 15.503 16.090 15.704 15.813 15.769 16/06/2030
15.992 15.851 15.715 15.727 15.783 15.627 15.445 15.570 15.700 15.517 15.357 15.424 15.706 15.521 15.665 15.480 15.675 15.403 15.136 15.291 15.379 15.639 15.302 15.483 15.518 15.388 15.609 15.476 15.474 15.197 17/06/2030
14.895 14.609 14.484 14.416 14.326 14.460 14.347 14.385 14.787 14.220 14.385 14.387 14.847 14.702 14.355 14.683 14.979 14.713 14.549 14.669 14.664 14.949 14.780 14.777 15.201 14.605 14.843 14.910 14.975 14.959 18/06/2030
15.199 15.039 14.921 14.332 14.867 14.832 14.669 14.796 14.919 14.718 14.516 14.615 15.064 14.966 14.845 14.758 14.844 15.005 14.909 14.783 14.934 14.805 14.927 15.045 15.175 15.204 14.939 15.110 15.106 15.028 19/06/2030
14.295 14.326 14.133 13.825 14.091 14.135 14.013 14.029 14.424 14.171 14.008 14.169 14.609 14.474 14.317 14.334 14.790 14.638 14.470 14.398 14.321 14.744 14.446 14.708 14.822 14.401 14.740 14.580 14.684 14.578 20/06/2030
16.670 16.609 16.521 16.249 15.599 16.385 16.166 16.376 16.115 15.783 16.351 16.407 16.112 15.940 15.935 15.888 16.231 16.097 15.884 15.982 15.981 16.178 15.932 16.179 16.244 16.125 16.343 16.211 16.245 15.974 21/06/2030
18.502 18.453 18.439 18.511 18.170 18.285 18.096 18.320 18.407 18.103 18.185 18.239 18.409 18.234 18.254 18.253 18.482 18.299 18.125 18.215 18.357 18.441 18.198 18.369 18.445 18.522 18.574 18.447 18.454 18.182 22/06/2030
19.295 19.163 19.145 19.105 18.678 18.999 18.844 19.032 18.907 18.593 19.015 18.991 18.899 18.812 18.715 19.259 18.876 18.719 18.614 18.642 19.370 18.854 18.728 18.767 18.545 19.262 18.578 18.580 18.500 18.390 23/06/2030
18.866 18.761 18.693 18.287 18.390 18.649 18.523 18.622 18.124 18.245 18.456 18.622 18.291 18.250 18.336 18.515 18.822 18.278 18.225 17.967 18.522 18.792 18.163 18.310 18.241 18.500 18.645 18.030 18.136 18.101 24/06/2030
18.877 18.712 18.824 18.744 18.793 18.537 18.358 18.704 18.995 18.721 18.240 18.577 19.052 18.869 18.875 18.832 19.319 19.003 18.755 18.728 19.092 19.251 18.769 19.105 19.590 19.479 19.480 19.105 19.455 19.244 25/06/2030
18.370 18.482 18.543 18.825 19.234 18.302 18.152 18.437 19.807 19.188 18.199 18.407 19.785 19.626 19.312 19.195 19.983 19.847 19.664 19.737 19.398 19.930 19.634 19.913 20.077 19.661 20.157 19.938 20.014 19.800 26/06/2030
17.710 18.043 17.978 18.001 18.213 17.802 17.634 17.828 18.572 18.254 17.782 17.886 18.537 18.362 18.401 18.010 18.437 18.604 18.392 18.589 18.073 18.404 18.302 18.691 19.117 18.380 18.643 18.729 18.903 18.851 27/06/2030
16.495 16.407 16.143 15.395 15.148 16.168 16.010 16.010 15.455 14.966 16.134 16.106 15.631 15.466 15.128 16.144 16.068 15.661 15.450 15.370 16.356 16.014 15.515 15.756 15.904 16.761 16.234 15.955 15.953 15.580 28/06/2030
15.856 15.824 15.709 15.347 15.615 15.679 15.597 15.629 15.674 15.671 15.648 15.644 15.547 15.406 15.713 15.257 15.559 15.599 15.492 15.589 15.392 15.511 15.476 15.666 15.671 15.545 15.663 15.787 15.705 15.517 29/06/2030
17.986 17.942 17.855 17.269 17.246 17.740 17.590 17.710 17.622 17.482 17.861 17.895 17.589 17.495 17.585 17.530 17.685 17.716 17.590 17.629 17.715 17.661 17.638 17.759 17.867 17.877 17.984 17.908 17.814 17.718 30/06/2030
19.559 19.556 19.420 19.387 19.201 19.388 19.266 19.321 19.737 19.396 19.520 19.556 19.772 19.670 19.519 19.544 19.716 19.802 19.630 19.653 19.768 19.685 19.713 19.878 19.944 19.977 19.823 19.957 19.936 19.721 01/07/2030
20.389 20.432 20.390 20.029 20.439 20.331 20.241 20.336 20.721 20.570 20.390 20.408 20.727 20.606 20.676 20.505 20.697 20.774 20.635 20.628 20.686 20.669 20.751 20.818 20.984 20.960 20.881 21.086 20.935 20.810 02/07/2030
20.860 20.770 20.754 20.563 20.763 20.643 20.537 20.676 21.062 20.839 20.760 20.723 20.999 20.898 20.973 20.921 21.489 21.038 20.915 20.898 21.199 21.449 21.110 21.088 21.263 21.549 21.710 21.398 21.339 21.077 03/07/2030
22.997 22.889 22.875 23.207 23.526 22.756 22.611 22.741 24.015 23.575 22.690 22.736 23.835 23.684 23.727 22.564 23.412 23.834 23.628 23.767 22.621 23.386 23.614 23.928 24.079 22.787 23.541 23.942 24.021 23.809 04/07/2030
21.369 21.214 21.181 20.720 20.713 21.070 20.947 21.070 21.023 20.716 20.989 21.012 20.930 20.751 20.795 20.854 21.261 20.844 20.650 20.889 20.992 21.198 20.700 20.929 21.111 21.196 21.284 20.973 20.980 20.786 05/07/2030
22.181 22.028 21.895 21.665 21.955 21.911 21.773 21.811 22.038 21.765 21.728 21.814 22.159 22.012 21.845 21.904 21.977 21.990 21.858 21.863 21.856 21.939 21.920 22.022 22.083 22.036 22.064 22.042 21.955 21.868 06/07/2030
21.577 21.737 21.673 21.327 21.469 21.676 21.636 21.638 21.933 21.403 21.747 21.758 21.960 21.872 21.484 21.944 22.267 21.957 21.804 21.796 22.117 22.246 21.996 21.974 22.238 22.350 22.406 22.271 22.090 22.109 07/07/2030
22.070 22.094 22.099 22.289 22.578 21.922 21.852 21.972 22.966 22.455 22.188 22.129 23.106 22.999 22.551 22.875 23.204 23.209 23.088 23.212 23.120 23.163 23.253 23.260 23.943 23.396 23.434 23.594 23.577 23.755 08/07/2030
23.350 22.867 22.916 22.549 22.669 22.783 22.748 22.834 22.671 22.492 22.933 22.877 22.762 22.703 22.496 23.967 22.991 22.650 22.599 22.673 24.067 22.967 22.714 22.717 23.052 24.350 23.092 23.044 22.919 22.928 09/07/2030
24.780 24.852 24.658 24.710 24.659 24.659 24.547 24.553 24.637 24.704 24.636 24.810 24.745 24.561 24.756 24.673 24.677 24.810 24.684 24.669 24.761 24.616 24.595 24.898 25.023 25.073 24.752 24.869 24.912 24.780 10/07/2030
27.501 26.999 26.948 27.069 28.019 26.744 26.571 26.777 27.500 27.879 27.029 27.016 27.566 27.389 27.903 27.035 27.889 27.689 27.511 27.454 27.521 27.896 27.610 27.755 27.831 27.935 28.155 28.267 27.916 27.598 11/07/2030
26.631 26.063 25.891 25.716 25.380 25.890 25.808 25.762 25.610 25.500 26.408 26.006 25.526 25.427 25.534 25.746 26.549 25.716 25.659 25.763 26.244 26.506 26.062 25.768 25.900 26.640 27.145 26.402 26.230 25.770 12/07/2030
25.954 25.712 25.627 25.607 25.769 25.610 25.561 25.575 25.975 25.955 25.751 25.645 25.793 25.737 25.905 25.569 25.972 25.829 25.762 25.976 26.211 25.944 26.065 25.880 25.970 26.637 26.559 26.516 26.262 25.864 13/07/2030
24.818 24.453 24.366 24.059 24.057 24.376 24.302 24.291 24.808 24.301 24.415 24.353 24.672 24.420 24.450 25.310 25.873 24.685 24.448 25.080 25.853 25.865 24.899 24.807 25.269 26.247 26.201 25.400 25.383 24.941 14/07/2030
24.602 24.228 24.047 23.563 23.970 24.070 23.887 23.925 24.581 24.182 24.306 24.152 24.583 24.408 24.362 24.178 24.571 24.638 24.470 24.730 24.520 24.538 24.964 24.722 24.872 24.979 24.873 25.467 25.299 24.650 15/07/2030
23.129 22.838 22.635 21.926 22.000 22.571 22.385 22.435 22.935 22.063 22.816 22.619 23.303 23.092 22.212 22.739 23.296 23.387 23.147 22.798 23.062 23.244 23.549 23.450 23.257 23.278 23.520 23.954 24.034 22.969 16/07/2030
21.515 21.256 20.988 20.625 20.705 21.070 20.975 20.908 20.680 20.598 21.382 21.043 21.039 20.859 20.740 22.719 22.516 21.033 20.849 20.570 22.888 22.502 21.233 21.094 20.939 22.911 22.667 21.616 21.514 20.811 17/07/2030
22.386 21.893 21.633 21.528 20.655 21.654 21.483 21.464 21.261 20.703 22.120 21.726 21.552 21.383 20.882 22.705 22.954 21.584 21.356 21.152 22.920 22.933 22.061 21.653 21.782 22.948 23.111 22.462 22.200 21.541 18/07/2030
22.476 22.063 21.952 21.215 21.234 21.880 21.780 21.855 21.824 21.406 22.309 22.101 22.085 21.873 21.547 22.112 22.557 22.090 21.861 21.865 22.369 22.506 22.455 22.175 22.258 22.528 22.711 22.856 22.747 21.965 19/07/2030
26.473 25.788 25.607 24.510 24.458 25.621 25.579 25.607 25.079 24.713 26.393 25.826 25.191 25.190 24.825 25.240 25.450 25.374 25.335 25.109 25.540 25.453 26.091 25.385 25.159 25.543 25.537 26.244 26.011 25.101 20/07/2030
28.743 27.792 27.832 25.780 25.933 27.720 27.686 27.786 26.300 26.178 28.605 28.040 26.988 26.885 26.257 28.073 28.647 26.684 26.682 26.171 28.524 28.650 27.751 26.693 26.403 28.281 28.282 27.470 26.980 26.364 21/07/2030
27.558 27.419 27.458 25.815 25.870 27.250 27.216 27.393 26.891 26.103 27.212 27.390 27.018 26.818 26.210 27.640 28.364 27.003 26.837 26.492 27.784 28.375 27.343 27.091 26.559 27.807 27.791 27.114 27.187 26.287 22/07/2030
23.750 23.492 23.469 22.831 23.601 23.246 23.107 23.332 23.690 23.693 23.291 23.601 23.873 23.741 23.806 24.068 24.587 23.826 23.658 23.490 24.185 24.543 24.281 23.876 23.645 24.130 24.201 24.030 24.070 23.496 23/07/2030
21.436 21.091 21.096 21.060 20.805 20.983 20.902 21.040 20.980 20.748 20.909 20.995 21.054 20.961 20.817 21.537 21.882 20.952 20.838 20.819 21.606 21.847 20.957 21.009 20.950 21.671 21.834 21.014 21.031 20.829 24/07/2030
20.869 20.610 20.524 19.801 20.065 20.400 20.219 20.396 20.688 20.298 20.461 20.386 21.006 20.852 20.430 20.651 21.112 20.846 20.650 20.539 21.001 21.065 20.851 20.924 20.700 21.253 21.309 21.291 21.084 20.412 25/07/2030
19.791 19.537 19.468 18.647 18.590 19.337 19.160 19.338 18.910 18.503 19.316 19.323 19.147 19.022 18.640 19.428 20.067 18.993 18.843 18.667 19.649 20.007 19.174 19.056 18.861 19.920 20.316 19.503 19.255 18.606 26/07/2030
19.596 19.320 19.259 18.664 19.063 19.172 19.033 19.151 19.245 18.988 19.166 19.141 19.398 19.271 19.127 19.795 19.719 19.231 19.082 19.001 19.920 19.701 19.264 19.293 18.963 20.017 19.683 19.397 19.230 18.779 27/07/2030
19.742 19.279 19.168 19.254 19.324 19.121 19.001 19.108 19.566 19.305 19.145 19.015 19.795 19.695 19.444 19.167 19.609 19.598 19.506 19.393 19.320 19.566 19.884 19.647 19.345 19.272 19.548 19.894 19.570 19.192 28/07/2030
22.045 21.630 21.567 20.650 20.963 21.464 21.313 21.477 21.490 21.291 21.581 21.358 21.630 21.502 21.431 21.839 22.168 21.468 21.339 21.317 21.978 22.136 21.655 21.531 21.272 21.826 22.018 21.682 21.669 21.085 29/07/2030
24.299 23.472 23.532 22.656 23.210 23.401 23.384 23.495 23.315 23.475 23.834 23.417 23.988 23.960 23.489 23.917 23.675 23.832 23.819 23.112 23.700 23.683 23.944 23.861 23.145 23.621 23.708 23.990 23.938 23.107 30/07/2030
26.720 26.440 26.234 25.439 26.658 26.261 26.158 26.140 25.893 26.900 26.411 26.247 26.254 26.171 26.859 26.101 26.486 26.084 26.014 25.626 26.043 26.494 26.413 26.133 25.560 25.845 26.223 26.347 26.064 25.444 31/07/2030
