# 6448 6449 6450 6451 6452 6528 6529 6530 6531 6532 6610 6611 6612 6613 6614 6693 6694 6695 6696 6697 6776 6777 6778 6779 6780 6859 6860 6861 6862 6863 Date
3.778 3.710 3.627 3.399 3.375 3.669 3.644 3.602 3.622 3.485 3.863 3.646 3.655 3.595 3.529 3.876 3.669 3.731 3.689 3.616 3.798 3.672 3.693 3.748 3.687 3.751 3.746 3.783 3.810 3.636 01/08/2022
3.808 3.830 3.827 3.559 3.649 3.805 3.794 3.816 3.772 3.668 3.901 3.873 3.792 3.764 3.697 3.890 3.918 3.858 3.827 3.820 3.959 3.922 3.879 3.867 3.854 4.000 3.992 3.957 3.897 3.834 02/08/2022
5.233 5.247 5.250 5.078 5.034 5.233 5.206 5.240 5.308 5.069 5.292 5.256 5.305 5.287 5.103 5.212 5.135 5.252 5.218 5.218 5.209 5.134 5.258 5.272 5.176 5.218 5.122 5.280 5.235 5.125 03/08/2022
6.749 6.759 6.697 6.502 6.336 6.771 6.786 6.705 6.694 6.392 6.703 6.680 6.714 6.694 6.419 6.521 6.513 6.804 6.783 6.762 6.526 6.511 6.757 6.811 6.920 6.639 6.794 7.024 7.003 6.867 04/08/2022
5.545 5.403 5.446 5.266 5.078 5.407 5.427 5.445 5.230 5.074 5.320 5.201 5.208 5.192 5.101 5.245 5.104 5.069 5.048 5.050 5.131 5.113 5.052 5.092 5.036 5.038 4.959 4.951 4.979 5.004 05/08/2022
3.795 3.567 3.571 3.459 3.406 3.549 3.552 3.572 3.407 3.303 3.661 3.482 3.481 3.447 3.324 3.582 3.468 3.414 3.382 3.420 3.415 3.477 3.370 3.430 3.493 3.417 3.566 3.496 3.481 3.442 06/08/2022
6.250 5.794 5.865 5.980 5.775 5.740 5.727 5.835 5.706 5.646 5.983 5.990 5.868 5.850 5.650 5.786 5.699 6.068 6.019 5.817 5.689 5.696 6.033 6.089 5.974 5.340 5.667 6.047 6.024 5.926 07/08/2022
4.707 4.673 4.734 4.581 4.434 4.645 4.633 4.737 4.477 4.258 4.567 4.602 4.570 4.540 4.307 4.435 4.344 4.511 4.469 4.469 4.436 4.335 4.478 4.534 4.552 4.420 4.381 4.621 4.592 4.494 08/08/2022
4.165 4.039 4.041 4.017 4.279 4.040 4.037 4.052 4.297 4.197 4.066 3.986 4.311 4.290 4.212 4.337 4.242 4.273 4.230 4.293 4.239 4.242 4.206 4.288 4.316 4.087 4.151 4.115 4.273 4.281 09/08/2022
5.158 5.079 5.040 4.763 4.588 5.090 5.095 5.061 4.698 4.521 5.182 5.065 4.846 4.825 4.556 4.915 4.769 4.866 4.838 4.763 4.893 4.774 4.952 4.895 4.882 4.934 4.818 5.002 4.985 4.830 10/08/2022
5.861 5.730 5.736 5.526 5.296 5.699 5.684 5.739 5.537 5.260 5.931 5.774 5.590 5.556 5.314 5.780 5.639 5.742 5.725 5.667 5.841 5.628 5.746 5.763 5.756 5.977 5.802 5.918 5.889 5.707 11/08/2022
6.767 6.497 6.589 6.583 6.266 6.459 6.461 6.608 6.372 6.079 6.662 6.449 6.345 6.303 6.122 6.489 6.160 6.252 6.207 6.234 6.396 6.153 6.303 6.274 6.031 5.938 5.949 6.121 6.089 5.970 12/08/2022
4.890 4.591 4.583 4.662 4.550 4.589 4.584 4.586 4.649 4.500 4.611 4.601 4.596 4.597 4.510 4.475 4.404 4.585 4.594 4.641 4.420 4.401 4.583 4.584 4.564 4.457 4.494 4.682 4.704 4.559 13/08/2022
4.602 4.524 4.604 4.325 4.406 4.498 4.467 4.604 4.602 4.366 4.405 4.499 4.640 4.601 4.414 4.283 4.389 4.455 4.424 4.492 4.211 4.378 4.492 4.484 4.737 4.267 4.381 4.543 4.727 4.632 14/08/2022
4.048 4.010 4.084 4.019 4.039 4.009 4.006 4.081 4.081 3.997 4.074 4.069 4.087 4.073 4.023 4.030 4.155 4.128 4.115 4.105 4.058 4.148 4.097 4.134 4.104 4.078 4.208 4.152 4.148 4.095 15/08/2022
3.503 3.425 3.492 3.308 3.251 3.415 3.426 3.489 3.310 3.210 3.386 3.287 3.179 3.140 3.228 3.403 3.198 3.494 3.484 3.802 3.430 3.194 3.129 3.509 3.486 3.331 3.421 3.396 3.475 3.467 16/08/2022
3.623 3.234 3.441 3.183 3.190 3.175 3.144 3.415 3.134 3.020 3.513 3.585 3.570 3.547 3.049 3.425 3.468 3.496 3.470 3.387 3.556 3.466 3.494 3.510 3.675 3.345 3.539 3.586 3.528 3.635 17/08/2022
3.665 3.820 3.823 3.624 3.568 3.787 3.757 3.818 3.641 3.588 3.807 3.735 3.728 3.679 3.628 3.772 3.758 3.718 3.658 3.655 3.761 3.753 3.702 3.750 3.754 3.749 3.770 3.802 3.802 3.676 18/08/2022
3.476 3.324 3.566 3.386 3.440 3.309 3.309 3.558 3.569 3.457 3.427 3.489 3.581 3.544 3.487 3.283 3.438 3.596 3.558 3.598 3.354 3.433 3.536 3.621 3.661 3.348 3.456 3.570 3.596 3.608 19/08/2022
3.051 2.916 2.997 2.774 2.710 2.884 2.875 3.008 2.865 2.728 2.960 2.990 3.011 2.993 2.764 3.001 2.845 2.964 2.934 2.944 3.008 2.839 2.829 2.971 2.984 3.079 3.014 3.007 3.115 2.949 20/08/2022
3.217 3.143 3.093 2.866 2.844 3.121 3.128 3.086 2.903 2.801 3.233 3.224 3.017 2.996 2.833 3.167 3.014 2.981 2.957 3.117 3.147 3.004 3.063 2.990 3.068 3.295 3.241 3.335 3.227 3.013 21/08/2022
3.412 3.444 3.450 3.203 3.359 3.447 3.453 3.452 3.515 3.416 3.516 3.515 3.540 3.501 3.443 3.601 3.643 3.611 3.568 3.576 3.702 3.633 3.602 3.630 3.655 3.780 3.683 3.693 3.679 3.589 22/08/2022
5.199 5.239 5.277 5.169 5.017 5.227 5.227 5.276 5.250 5.060 5.348 5.293 5.273 5.243 5.079 5.257 5.168 5.197 5.177 5.202 5.177 5.162 5.255 5.203 5.114 5.130 5.145 5.235 5.185 5.094 23/08/2022
4.927 4.788 4.779 4.733 4.546 4.804 4.810 4.795 4.810 4.634 4.985 4.895 4.780 4.762 4.659 4.918 4.827 4.885 4.888 4.892 4.940 4.831 4.882 4.900 4.943 4.990 4.929 5.054 5.022 4.921 24/08/2022
5.184 5.111 5.145 4.970 4.782 5.120 5.127 5.164 4.995 4.783 5.115 5.124 5.028 5.007 4.806 5.017 4.866 4.967 4.948 4.968 4.979 4.862 4.991 4.980 5.039 4.923 4.841 5.021 5.067 5.017 25/08/2022
4.411 4.174 4.082 3.856 3.756 4.170 4.165 4.084 4.107 3.963 4.263 4.410 4.215 4.185 3.989 4.176 4.432 4.487 4.461 4.355 4.353 4.435 4.597 4.511 4.458 4.453 4.497 4.690 4.590 4.405 26/08/2022
3.564 3.529 3.558 3.549 3.461 3.533 3.525 3.557 3.401 3.305 3.651 3.623 3.484 3.482 3.335 3.599 3.512 3.458 3.448 3.262 3.545 3.509 3.597 3.461 3.301 3.575 3.521 3.599 3.402 3.267 27/08/2022
4.038 3.960 3.980 3.958 3.885 3.949 3.971 3.978 4.116 3.939 3.746 3.762 3.960 3.943 3.980 3.653 3.759 4.005 3.955 4.031 3.817 3.758 3.864 4.029 3.946 3.616 3.723 3.837 3.939 3.905 28/08/2022
3.779 3.671 3.798 3.660 3.606 3.656 3.652 3.787 3.845 3.698 3.739 3.723 3.770 3.743 3.714 3.675 3.670 3.868 3.832 3.855 3.790 3.671 3.748 3.881 3.883 3.714 3.713 3.848 3.907 3.850 29/08/2022
3.494 3.402 3.363 3.288 3.308 3.384 3.366 3.349 3.401 3.335 3.457 3.376 3.424 3.412 3.359 3.523 3.394 3.409 3.394 3.393 3.394 3.395 3.442 3.427 3.442 3.395 3.398 3.456 3.426 3.416 30/08/2022
5.399 5.317 5.442 5.271 4.986 5.313 5.313 5.433 5.208 4.946 5.046 5.263 5.219 5.211 4.971 4.920 4.988 5.257 5.239 5.253 4.959 4.997 5.118 5.265 5.424 5.073 5.186 5.327 5.401 5.367 31/08/2022
4.058 3.969 3.991 3.734 3.675 4.004 4.022 4.010 3.725 3.552 3.874 3.882 3.736 3.747 3.558 3.579 3.441 3.651 3.661 3.672 3.530 3.447 3.688 3.647 3.648 3.499 3.453 3.682 3.634 3.665 01/09/2022
3.477 3.291 3.226 2.921 3.026 3.277 3.271 3.229 3.137 3.060 3.495 3.312 3.107 3.072 3.085 3.479 3.283 3.181 3.141 3.106 3.316 3.283 3.343 3.198 2.970 3.184 3.112 3.172 3.258 2.941 02/09/2022
2.256 2.254 2.256 2.270 2.373 2.251 2.250 2.264 2.281 2.245 2.467 2.312 2.369 2.358 2.264 2.431 1.905 2.214 2.187 2.344 1.938 1.892 2.033 2.212 2.152 1.890 1.954 2.054 1.963 2.117 03/09/2022
2.597 2.501 2.559 2.471 2.503 2.477 2.452 2.544 2.666 2.543 2.639 2.549 2.566 2.542 2.572 2.704 2.699 2.542 2.512 2.632 2.770 2.696 2.673 2.556 2.666 2.847 2.791 2.805 2.688 2.632 04/09/2022
2.519 2.486 2.557 2.497 2.548 2.475 2.458 2.554 2.580 2.522 2.624 2.343 2.522 2.500 2.545 2.673 2.481 2.477 2.458 2.529 2.606 2.478 2.479 2.487 2.541 2.578 2.544 2.548 2.474 2.515 05/09/2022
2.642 2.614 2.692 2.720 2.759 2.597 2.585 2.683 2.745 2.689 2.574 2.594 2.732 2.717 2.714 2.635 2.604 2.636 2.603 2.659 2.603 2.605 2.587 2.653 2.683 2.635 2.646 2.669 2.656 2.638 06/09/2022
2.940 2.969 2.922 2.780 2.830 2.970 2.971 2.917 2.883 2.858 3.001 3.010 2.954 2.936 2.880 3.019 3.029 2.952 2.927 2.914 3.015 3.031 3.011 2.964 2.969 3.021 2.997 2.962 2.963 2.944 07/09/2022
2.781 2.844 2.855 2.794 2.796 2.841 2.842 2.860 2.884 2.769 2.898 2.866 2.904 2.896 2.795 2.866 2.827 2.891 2.886 2.838 2.858 2.835 2.905 2.902 2.818 2.755 2.764 2.856 2.919 2.787 08/09/2022
3.170 3.129 3.214 3.064 3.015 3.128 3.127 3.230 3.158 3.066 3.164 3.166 3.163 3.144 3.094 3.112 3.049 3.095 3.068 3.102 3.164 3.054 3.144 3.103 3.053 3.051 2.941 3.057 3.065 3.022 09/09/2022
3.358 3.401 3.432 3.356 3.250 3.390 3.389 3.424 3.463 3.355 3.460 3.435 3.389 3.367 3.367 3.332 3.180 3.323 3.288 3.365 3.386 3.181 3.342 3.341 3.328 3.350 3.186 3.385 3.390 3.306 10/09/2022
2.626 2.531 2.517 2.366 2.379 2.523 2.513 2.506 2.475 2.424 2.706 2.627 2.502 2.485 2.445 2.718 2.587 2.494 2.475 2.438 2.736 2.589 2.613 2.504 2.572 2.631 2.568 2.629 2.572 2.539 11/09/2022
2.874 2.864 2.798 2.784 2.799 2.863 2.853 2.798 2.857 2.767 2.706 2.794 2.780 2.766 2.790 2.734 2.627 2.739 2.735 2.755 2.694 2.627 2.680 2.757 2.722 2.631 2.617 2.686 2.759 2.687 12/09/2022
2.354 2.314 2.253 2.170 2.213 2.308 2.298 2.250 2.302 2.223 2.271 2.219 2.308 2.296 2.241 2.278 2.171 2.283 2.267 2.302 2.239 2.168 2.160 2.291 2.178 2.169 2.237 2.249 2.200 2.148 13/09/2022
2.602 2.600 2.559 2.572 2.562 2.586 2.574 2.546 2.658 2.578 2.524 2.579 2.583 2.557 2.601 2.579 2.520 2.606 2.586 2.514 2.533 2.519 2.592 2.617 2.623 2.539 2.535 2.587 2.632 2.575 14/09/2022
2.707 2.598 2.552 2.455 2.465 2.587 2.576 2.549 2.546 2.464 2.643 2.632 2.566 2.546 2.486 2.695 2.610 2.648 2.619 2.660 2.778 2.609 2.648 2.660 2.660 2.681 2.721 2.744 2.787 2.636 15/09/2022
2.853 2.842 2.833 2.856 2.882 2.847 2.843 2.845 2.986 2.908 2.852 2.798 2.949 2.932 2.932 2.841 2.860 2.998 2.972 2.984 2.855 2.863 2.981 3.009 3.045 2.858 2.890 3.035 3.020 3.021 16/09/2022
2.044 2.181 2.297 2.344 2.309 2.163 2.141 2.282 2.333 2.210 2.172 2.242 2.304 2.293 2.229 2.195 2.260 2.232 2.197 2.225 2.172 2.256 2.254 2.250 2.228 2.160 2.260 2.286 2.271 2.186 17/09/2022
1.608 1.403 1.386 0.955 1.063 1.381 1.367 1.362 1.096 1.081 1.340 1.390 1.459 1.441 1.122 1.232 1.056 1.071 1.068 1.115 1.202 1.044 1.214 1.077 1.051 1.184 1.044 1.142 1.258 1.048 18/09/2022
3.815 3.612 3.559 3.131 3.238 3.587 3.572 3.530 3.413 3.267 3.696 3.702 3.718 3.663 3.301 3.718 3.674 3.691 3.657 3.544 3.634 3.667 3.660 3.721 3.699 3.665 3.738 3.778 3.756 3.625 19/09/2022
2.401 2.305 2.239 2.233 2.284 2.289 2.280 2.237 2.342 2.202 2.271 2.295 2.486 2.450 2.222 2.255 2.324 2.520 2.473 2.527 2.349 2.321 2.444 2.528 2.544 2.326 2.426 2.529 2.574 2.493 20/09/2022
2.166 2.143 2.050 1.838 1.921 2.118 2.097 2.028 1.996 1.903 2.128 2.027 2.189 2.185 1.917 2.199 2.142 2.139 2.119 1.918 2.121 2.141 2.187 2.157 1.932 2.042 2.086 2.129 2.053 1.904 21/09/2022
2.609 2.520 2.585 2.418 2.548 2.510 2.499 2.584 2.659 2.553 2.614 2.534 2.663 2.652 2.586 2.632 2.484 2.680 2.656 2.686 2.621 2.477 2.663 2.684 2.736 2.556 2.585 2.714 2.663 2.710 22/09/2022
3.150 3.040 3.027 2.987 3.042 3.052 3.033 3.034 3.277 3.122 3.213 3.137 3.246 3.232 3.157 3.204 3.167 3.244 3.206 3.261 3.196 3.172 3.261 3.257 3.220 3.098 3.150 3.265 3.222 3.203 23/09/2022
2.544 2.439 2.462 2.457 2.458 2.440 2.431 2.462 2.554 2.462 2.417 2.418 2.527 2.513 2.483 2.423 2.409 2.511 2.488 2.548 2.410 2.405 2.486 2.523 2.578 2.422 2.444 2.520 2.559 2.556 24/09/2022
2.328 2.301 2.385 2.364 2.357 2.303 2.298 2.388 2.438 2.397 2.411 2.410 2.443 2.427 2.413 2.397 2.404 2.450 2.439 2.456 2.433 2.407 2.462 2.470 2.471 2.422 2.412 2.477 2.455 2.451 25/09/2022
2.266 2.201 2.311 2.148 2.164 2.191 2.181 2.287 2.449 2.303 2.250 2.338 2.417 2.412 2.331 2.235 2.405 2.443 2.411 2.418 2.311 2.398 2.450 2.453 2.410 2.349 2.482 2.532 2.506 2.380 26/09/2022
2.969 2.921 2.976 2.899 2.871 2.943 2.951 2.999 3.044 2.950 3.038 3.018 3.009 2.994 2.980 2.954 2.908 3.011 3.007 3.023 2.958 2.912 3.023 3.022 3.007 2.907 2.884 3.022 3.007 2.983 27/09/2022
2.775 2.651 2.636 2.523 2.561 2.647 2.639 2.639 2.377 2.328 2.456 2.377 2.383 2.367 2.345 2.474 2.281 2.281 2.269 2.268 2.351 2.283 2.314 2.291 2.281 2.259 2.190 2.292 2.273 2.264 28/09/2022
2.629 2.592 2.579 2.502 2.452 2.585 2.576 2.578 2.539 2.495 2.560 2.519 2.498 2.478 2.515 2.634 2.519 2.475 2.462 2.480 2.590 2.524 2.490 2.485 2.462 2.473 2.481 2.462 2.455 2.440 29/09/2022
2.903 2.832 2.727 2.497 2.503 2.799 2.757 2.720 2.812 2.654 3.136 2.965 2.774 2.751 2.683 3.120 3.096 2.941 2.906 2.881 3.204 3.092 3.022 2.952 2.849 3.228 3.091 3.050 2.966 2.814 30/09/2022
3.164 3.207 3.146 2.874 2.795 3.181 3.137 3.127 3.136 2.964 3.370 3.300 3.269 3.232 3.029 3.366 3.338 3.320 3.279 3.194 3.491 3.330 3.436 3.347 3.283 3.632 3.462 3.603 3.455 3.217 01/10/2022
2.230 2.281 2.232 2.114 2.140 2.269 2.268 2.231 2.367 2.263 2.424 2.399 2.359 2.340 2.295 2.453 2.407 2.414 2.393 2.351 2.521 2.405 2.471 2.434 2.376 2.511 2.380 2.475 2.450 2.346 02/10/2022
1.677 1.499 1.466 1.353 1.132 1.495 1.482 1.468 1.445 1.224 1.540 1.597 1.493 1.477 1.257 1.574 1.611 1.540 1.527 1.493 1.732 1.612 1.565 1.559 1.540 1.711 1.668 1.668 1.531 1.519 03/10/2022
1.297 1.247 1.287 1.224 1.227 1.239 1.232 1.288 1.257 1.237 1.246 1.262 1.249 1.241 1.251 1.257 1.288 1.213 1.199 1.222 1.256 1.288 1.252 1.222 1.227 1.282 1.300 1.251 1.259 1.225 04/10/2022
1.615 1.624 1.531 1.398 1.414 1.624 1.615 1.525 1.421 1.389 1.675 1.662 1.620 1.610 1.397 1.661 1.631 1.516 1.498 1.491 1.650 1.629 1.656 1.523 1.515 1.654 1.614 1.630 1.522 1.507 05/10/2022
1.759 1.762 1.748 1.627 1.592 1.764 1.759 1.739 1.624 1.564 1.772 1.762 1.681 1.673 1.576 1.743 1.647 1.629 1.617 1.592 1.707 1.645 1.672 1.630 1.597 1.657 1.573 1.598 1.594 1.574 06/10/2022
1.741 1.687 1.678 1.602 1.634 1.686 1.681 1.681 1.671 1.640 1.644 1.649 1.664 1.657 1.657 1.642 1.629 1.638 1.629 1.670 1.621 1.631 1.631 1.645 1.665 1.642 1.669 1.665 1.658 1.663 07/10/2022
2.169 2.193 2.248 2.178 2.106 2.195 2.194 2.250 2.223 2.094 2.326 2.293 2.233 2.217 2.116 2.245 2.161 2.204 2.186 2.181 2.279 2.164 2.238 2.213 2.117 2.276 2.158 2.253 2.178 2.094 08/10/2022
1.657 1.677 1.751 1.810 1.790 1.668 1.662 1.741 1.869 1.797 1.641 1.693 1.780 1.768 1.813 1.610 1.671 1.802 1.792 1.855 1.645 1.671 1.716 1.807 1.823 1.662 1.729 1.780 1.845 1.812 09/10/2022
1.657 1.554 1.650 1.597 1.637 1.549 1.537 1.644 1.710 1.614 1.682 1.613 1.745 1.731 1.626 1.690 1.634 1.775 1.761 1.749 1.642 1.635 1.748 1.783 1.845 1.724 1.719 1.811 1.846 1.826 10/10/2022
1.319 1.340 1.423 1.308 1.536 1.309 1.278 1.398 1.479 1.561 1.362 1.361 1.513 1.491 1.591 1.419 1.491 1.468 1.448 1.428 1.403 1.487 1.460 1.494 1.695 1.466 1.541 1.549 1.655 1.643 11/10/2022
1.359 1.310 1.263 1.246 1.268 1.305 1.296 1.266 1.340 1.287 1.336 1.351 1.326 1.314 1.292 1.348 1.335 1.291 1.278 1.320 1.412 1.333 1.333 1.306 1.300 1.342 1.276 1.286 1.333 1.276 12/10/2022
0.863 0.844 0.819 0.853 0.881 0.832 0.821 0.813 0.904 0.891 0.845 0.808 0.901 0.889 0.903 0.880 0.944 0.883 0.870 0.881 0.889 0.943 0.873 0.893 0.891 0.920 0.945 0.881 0.909 0.869 13/10/2022
1.136 1.154 1.118 1.052 1.177 1.166 1.166 1.127 1.209 1.164 1.212 1.194 1.301 1.285 1.175 1.240 1.155 1.215 1.200 1.186 1.245 1.151 1.258 1.226 1.231 1.261 1.179 1.284 1.259 1.207 14/10/2022
1.403 1.379 1.361 1.262 1.225 1.407 1.418 1.380 1.221 1.185 1.403 1.378 1.281 1.287 1.179 1.356 1.328 1.265 1.277 1.236 1.313 1.335 1.293 1.264 1.227 1.299 1.339 1.287 1.277 1.240 15/10/2022
2.167 2.102 2.079 2.052 2.004 2.118 2.111 2.084 2.033 1.966 2.112 2.088 2.036 2.015 1.986 2.031 1.931 2.004 1.984 1.990 1.987 1.933 2.057 2.014 2.037 1.967 1.991 2.137 2.093 2.013 16/10/2022
2.390 2.254 2.329 2.217 2.178 2.248 2.250 2.325 2.187 2.087 2.171 2.203 2.154 2.165 2.092 2.100 1.996 2.092 2.100 2.134 2.011 2.000 2.072 2.096 2.163 1.982 2.018 2.092 2.124 2.166 17/10/2022
1.796 1.706 1.736 1.723 1.682 1.712 1.706 1.740 1.671 1.604 1.671 1.649 1.685 1.680 1.611 1.649 1.567 1.602 1.592 1.619 1.597 1.570 1.610 1.612 1.603 1.571 1.583 1.635 1.629 1.590 18/10/2022
1.743 1.691 1.704 1.622 1.589 1.696 1.685 1.713 1.614 1.539 1.722 1.683 1.674 1.668 1.553 1.683 1.569 1.585 1.575 1.551 1.644 1.570 1.614 1.596 1.626 1.622 1.578 1.638 1.663 1.610 19/10/2022
2.472 2.558 2.569 2.478 2.358 2.565 2.569 2.576 2.396 2.274 2.519 2.546 2.438 2.421 2.298 2.318 2.271 2.357 2.334 2.284 2.336 2.280 2.421 2.368 2.258 2.414 2.330 2.533 2.377 2.236 20/10/2022
3.641 3.564 3.579 3.598 3.464 3.575 3.578 3.592 3.512 3.395 3.415 3.499 3.549 3.509 3.404 3.383 3.180 3.436 3.405 3.358 3.344 3.182 3.429 3.466 3.512 3.460 3.321 3.580 3.568 3.455 21/10/2022
2.742 2.686 2.682 2.678 2.527 2.676 2.668 2.682 2.637 2.480 2.595 2.541 2.563 2.552 2.504 2.431 2.251 2.480 2.461 2.424 2.363 2.255 2.498 2.486 2.461 2.320 2.271 2.529 2.472 2.433 22/10/2022
3.276 3.101 3.116 3.064 2.982 3.160 3.170 3.150 3.055 2.899 2.894 2.921 2.976 2.973 2.930 2.887 2.680 2.931 2.896 2.926 2.708 2.682 2.864 2.944 2.990 2.714 2.721 2.893 2.964 2.986 23/10/2022
0.667 0.591 0.636 0.588 0.585 0.557 0.515 0.627 0.626 0.567 0.559 0.531 0.597 0.580 0.579 0.597 0.608 0.569 0.568 0.615 0.601 0.608 0.598 0.591 0.793 0.579 0.619 0.613 0.587 0.757 24/10/2022
0.933 0.960 1.000 1.018 1.059 0.960 0.954 1.008 1.128 1.108 1.006 1.015 1.079 1.077 1.108 0.994 1.022 1.114 1.096 1.138 1.022 1.027 1.078 1.118 1.146 1.052 1.042 1.107 1.126 1.138 25/10/2022
1.160 1.131 1.170 1.236 1.206 1.138 1.139 1.177 1.228 1.186 1.193 1.165 1.184 1.181 1.196 1.164 1.132 1.200 1.192 1.200 1.166 1.137 1.186 1.208 1.161 1.149 1.136 1.186 1.183 1.158 26/10/2022
1.284 1.252 1.264 1.255 1.204 1.249 1.241 1.269 1.236 1.186 1.222 1.226 1.218 1.212 1.193 1.165 1.163 1.195 1.180 1.223 1.149 1.165 1.187 1.198 1.210 1.170 1.179 1.194 1.197 1.201 27/10/2022
1.246 1.202 1.312 1.185 1.162 1.205 1.189 1.312 1.397 1.240 1.147 1.180 1.272 1.259 1.251 1.138 1.109 1.294 1.283 1.408 1.186 1.114 1.145 1.306 1.458 1.199 1.194 1.227 1.374 1.441 28/10/2022
1.377 1.232 1.316 1.256 1.237 1.247 1.248 1.322 1.295 1.186 1.227 1.178 1.251 1.244 1.190 1.183 1.114 1.258 1.237 1.243 1.199 1.118 1.204 1.269 1.291 1.180 1.132 1.232 1.217 1.278 29/10/2022
2.488 2.549 2.696 2.684 2.594 2.536 2.506 2.706 2.735 2.691 2.386 2.613 2.704 2.677 2.735 2.279 2.603 2.729 2.686 2.742 2.460 2.595 2.698 2.754 2.868 2.660 2.672 2.819 2.865 2.799 30/10/2022
1.195 1.233 1.236 1.171 1.149 1.230 1.228 1.230 1.227 1.166 1.107 1.206 1.218 1.219 1.176 0.997 1.143 1.245 1.236 1.238 1.006 1.144 1.261 1.242 1.281 1.078 1.196 1.306 1.295 1.275 31/10/2022
0.867 0.862 0.899 0.906 0.887 0.870 0.874 0.901 0.913 0.884 0.903 0.923 0.929 0.928 0.892 0.853 0.859 0.903 0.898 0.966 0.860 0.863 0.922 0.908 0.950 0.861 0.870 0.944 0.975 0.948 01/11/2022
1.027 1.024 1.037 0.942 0.970 1.033 1.030 1.042 0.978 0.930 1.106 1.095 1.100 1.093 0.938 1.101 1.103 1.057 1.048 1.012 1.127 1.103 1.128 1.063 0.988 1.110 1.083 1.108 1.111 0.983 02/11/2022
0.803 0.777 0.791 0.764 0.681 0.765 0.748 0.782 0.692 0.656 0.772 0.726 0.752 0.722 0.662 0.719 0.663 0.704 0.679 0.683 0.694 0.668 0.713 0.718 0.700 0.730 0.665 0.760 0.746 0.661 03/11/2022
0.628 0.598 0.658 0.649 0.666 0.609 0.617 0.669 0.588 0.630 0.552 0.562 0.545 0.554 0.627 0.487 0.488 0.514 0.533 0.579 0.477 0.491 0.500 0.514 0.520 0.458 0.489 0.487 0.481 0.544 04/11/2022
0.852 0.936 0.988 0.975 1.039 0.943 0.951 0.989 0.919 0.949 0.937 1.009 1.006 1.011 0.948 0.901 0.965 0.963 0.964 0.917 0.909 0.968 0.979 0.969 0.834 0.858 0.848 0.840 0.799 0.840 05/11/2022
0.876 0.882 0.908 0.792 0.839 0.880 0.865 0.918 1.025 0.972 0.955 0.989 1.010 0.998 0.990 0.916 1.046 1.067 1.050 1.091 1.020 1.044 1.068 1.065 1.127 1.045 1.065 1.127 1.088 1.118 06/11/2022
1.915 1.906 1.876 1.848 1.745 1.897 1.883 1.866 1.815 1.762 1.864 1.828 1.808 1.782 1.793 1.845 1.892 1.739 1.721 1.791 1.782 1.891 1.768 1.748 1.653 1.751 1.798 1.699 1.630 1.623 07/11/2022
1.590 1.608 1.613 1.724 1.675 1.610 1.606 1.614 1.713 1.615 1.621 1.616 1.640 1.622 1.629 1.577 1.447 1.534 1.519 1.605 1.558 1.451 1.582 1.540 1.372 1.372 1.302 1.423 1.390 1.362 08/11/2022
0.712 0.713 0.736 0.831 0.802 0.727 0.731 0.743 0.817 0.833 0.718 0.717 0.787 0.787 0.834 0.745 0.710 0.773 0.770 0.796 0.714 0.714 0.736 0.773 0.762 0.709 0.712 0.711 0.771 0.766 09/11/2022
0.986 0.918 0.992 0.947 0.919 0.925 0.927 0.998 0.893 0.877 0.937 0.944 0.863 0.870 0.881 0.883 0.837 0.818 0.822 0.867 0.907 0.842 0.842 0.815 0.872 0.880 0.846 0.843 0.836 0.879 10/11/2022
0.376 0.370 0.366 0.374 0.382 0.391 0.403 0.366 0.380 0.383 0.413 0.365 0.379 0.379 0.386 0.382 0.395 0.380 0.381 0.383 0.390 0.397 0.381 0.383 0.381 0.398 0.406 0.386 0.386 0.385 11/11/2022
0.391 0.483 0.380 0.302 0.332 0.468 0.454 0.371 0.320 0.311 0.377 0.371 0.339 0.330 0.312 0.343 0.357 0.306 0.307 0.310 0.316 0.356 0.314 0.308 0.312 0.342 0.375 0.374 0.375 0.313 12/11/2022
0.349 0.402 0.333 0.319 0.334 0.416 0.411 0.347 0.333 0.337 0.426 0.388 0.332 0.332 0.340 0.359 0.353 0.337 0.337 0.338 0.347 0.355 0.338 0.340 0.339 0.353 0.362 0.345 0.343 0.340 13/11/2022
0.463 0.471 0.494 0.438 0.309 0.496 0.498 0.507 0.310 0.310 0.489 0.478 0.348 0.350 0.313 0.377 0.329 0.392 0.407 0.374 0.322 0.337 0.349 0.387 0.341 0.328 0.335 0.316 0.385 0.366 14/11/2022
0.424 0.472 0.358 0.401 0.388 0.468 0.468 0.355 0.382 0.394 0.536 0.356 0.378 0.375 0.396 0.383 0.402 0.380 0.378 0.387 0.391 0.403 0.382 0.381 0.385 0.396 0.411 0.387 0.386 0.383 15/11/2022
0.529 0.502 0.512 0.486 0.483 0.501 0.503 0.511 0.506 0.494 0.502 0.486 0.493 0.492 0.500 0.493 0.487 0.493 0.488 0.505 0.493 0.489 0.496 0.497 0.485 0.488 0.491 0.506 0.499 0.497 16/11/2022
0.511 0.489 0.525 0.499 0.534 0.491 0.503 0.535 0.576 0.564 0.543 0.538 0.548 0.553 0.561 0.511 0.550 0.569 0.576 0.591 0.522 0.553 0.565 0.574 0.599 0.512 0.552 0.548 0.574 0.603 17/11/2022
0.704 0.708 0.811 0.916 0.965 0.731 0.741 0.826 0.947 0.937 0.809 0.802 0.840 0.844 0.939 0.749 0.794 0.875 0.878 0.921 0.781 0.802 0.889 0.880 0.902 0.797 0.808 0.900 0.893 0.910 18/11/2022
0.534 0.498 0.521 0.567 0.603 0.515 0.529 0.530 0.539 0.558 0.515 0.493 0.479 0.489 0.552 0.531 0.486 0.506 0.520 0.549 0.525 0.493 0.497 0.502 0.534 0.503 0.507 0.501 0.526 0.555 19/11/2022
0.763 0.704 0.828 0.766 1.038 0.748 0.765 0.837 0.868 0.905 0.635 0.657 0.751 0.764 0.897 0.468 0.464 0.711 0.719 0.786 0.417 0.471 0.637 0.713 0.541 0.331 0.361 0.482 0.506 0.565 20/11/2022
0.247 0.233 0.261 0.359 0.371 0.249 0.246 0.265 0.374 0.351 0.252 0.297 0.355 0.355 0.347 0.250 0.302 0.330 0.336 0.382 0.256 0.307 0.324 0.334 0.333 0.259 0.296 0.314 0.330 0.355 21/11/2022
0.245 0.250 0.246 0.264 0.256 0.250 0.259 0.251 0.256 0.261 0.248 0.262 0.248 0.248 0.265 0.256 0.262 0.253 0.253 0.255 0.260 0.264 0.253 0.255 0.269 0.265 0.270 0.256 0.255 0.281 22/11/2022
0.226 0.228 0.231 0.246 0.248 0.230 0.230 0.233 0.246 0.247 0.230 0.233 0.242 0.242 0.249 0.240 0.251 0.244 0.244 0.244 0.247 0.254 0.242 0.246 0.248 0.253 0.261 0.249 0.250 0.252 23/11/2022
0.197 0.192 0.195 0.205 0.221 0.193 0.193 0.197 0.204 0.210 0.196 0.194 0.201 0.201 0.212 0.210 0.217 0.203 0.202 0.203 0.216 0.219 0.207 0.205 0.206 0.222 0.224 0.211 0.209 0.208 24/11/2022
0.329 0.315 0.278 0.291 0.297 0.296 0.291 0.279 0.283 0.291 0.303 0.300 0.279 0.279 0.292 0.288 0.294 0.282 0.282 0.281 0.286 0.296 0.282 0.283 0.281 0.285 0.294 0.280 0.282 0.283 25/11/2022
0.350 0.342 0.347 0.368 0.374 0.342 0.339 0.347 0.386 0.376 0.340 0.336 0.357 0.356 0.382 0.340 0.344 0.341 0.341 0.356 0.327 0.347 0.341 0.345 0.335 0.332 0.345 0.336 0.342 0.340 26/11/2022
0.550 0.569 0.647 0.690 0.745 0.574 0.578 0.646 0.708 0.673 0.515 0.547 0.638 0.635 0.675 0.475 0.490 0.596 0.595 0.639 0.463 0.495 0.565 0.601 0.584 0.436 0.517 0.594 0.600 0.582 27/11/2022
0.289 0.271 0.277 0.294 0.326 0.275 0.287 0.290 0.291 0.286 0.289 0.293 0.283 0.287 0.283 0.270 0.290 0.294 0.298 0.292 0.267 0.290 0.298 0.296 0.274 0.308 0.298 0.281 0.297 0.286 28/11/2022
0.288 0.294 0.255 0.309 0.283 0.303 0.303 0.269 0.258 0.259 0.312 0.301 0.241 0.241 0.255 0.259 0.252 0.255 0.266 0.272 0.278 0.259 0.276 0.258 0.291 0.313 0.269 0.285 0.249 0.296 29/11/2022
0.628 0.676 0.544 0.504 0.457 0.682 0.676 0.558 0.491 0.466 0.790 0.751 0.506 0.503 0.470 0.625 0.594 0.717 0.711 0.661 0.699 0.595 0.723 0.721 0.799 0.720 0.666 0.810 0.735 0.787 30/11/2022
0.602 0.679 0.601 0.538 0.540 0.681 0.677 0.605 0.582 0.560 0.838 0.750 0.598 0.597 0.561 0.770 0.744 0.748 0.744 0.685 0.760 0.742 0.817 0.750 0.753 0.752 0.713 0.788 0.796 0.746 01/12/2022
0.891 0.926 0.890 0.833 0.759 0.935 0.942 0.897 0.783 0.755 0.937 0.917 0.852 0.845 0.758 0.853 0.794 0.888 0.886 0.854 0.837 0.794 0.881 0.892 0.825 0.909 0.803 0.907 0.872 0.823 02/12/2022
0.824 0.805 0.748 0.695 0.664 0.813 0.816 0.751 0.672 0.658 0.823 0.812 0.749 0.750 0.657 0.755 0.597 0.708 0.707 0.673 0.673 0.601 0.674 0.711 0.691 0.662 0.629 0.709 0.729 0.683 03/12/2022
0.653 0.656 0.582 0.492 0.463 0.658 0.662 0.586 0.486 0.479 0.657 0.631 0.542 0.542 0.478 0.607 0.571 0.563 0.560 0.502 0.572 0.574 0.592 0.566 0.526 0.556 0.545 0.570 0.557 0.522 04/12/2022
1.611 1.577 1.549 1.507 1.346 1.566 1.553 1.542 1.349 1.279 1.471 1.489 1.399 1.383 1.289 1.340 1.258 1.433 1.412 1.354 1.316 1.261 1.410 1.442 1.438 1.349 1.304 1.492 1.507 1.427 05/12/2022
1.188 1.121 1.092 1.084 1.017 1.111 1.112 1.091 0.992 0.919 1.080 1.034 1.037 1.034 0.920 0.933 0.840 1.002 1.001 0.950 0.865 0.843 1.022 1.006 1.010 0.850 0.867 1.051 1.058 1.015 06/12/2022
0.243 0.270 0.267 0.270 0.334 0.274 0.278 0.270 0.286 0.293 0.250 0.257 0.283 0.285 0.295 0.267 0.293 0.281 0.284 0.289 0.249 0.294 0.299 0.283 0.346 0.257 0.305 0.308 0.364 0.354 07/12/2022
0.449 0.443 0.343 0.299 0.301 0.451 0.452 0.346 0.266 0.274 0.405 0.397 0.296 0.301 0.276 0.358 0.326 0.284 0.290 0.214 0.362 0.327 0.356 0.283 0.260 0.342 0.335 0.367 0.290 0.271 08/12/2022
0.549 0.515 0.514 0.517 0.519 0.521 0.523 0.514 0.461 0.469 0.486 0.484 0.452 0.451 0.471 0.461 0.413 0.430 0.433 0.421 0.432 0.416 0.470 0.432 0.419 0.406 0.395 0.447 0.426 0.429 09/12/2022
0.714 0.787 0.827 0.898 0.824 0.802 0.800 0.841 0.874 0.841 0.721 0.806 0.831 0.834 0.850 0.606 0.562 0.837 0.841 0.894 0.595 0.564 0.757 0.839 0.836 0.539 0.570 0.754 0.803 0.853 10/12/2022
0.759 0.786 0.846 0.910 0.775 0.816 0.835 0.869 0.802 0.775 0.753 0.839 0.770 0.770 0.778 0.594 0.555 0.762 0.771 0.796 0.616 0.560 0.717 0.768 0.685 0.651 0.547 0.700 0.675 0.702 11/12/2022
0.935 0.970 1.020 1.097 0.969 0.957 0.958 1.024 1.020 0.942 0.920 0.988 1.020 1.018 0.941 0.777 0.740 0.991 1.003 1.010 0.776 0.745 0.954 0.991 0.945 0.808 0.748 0.968 0.984 0.960 12/12/2022
0.319 0.304 0.316 0.400 0.452 0.302 0.304 0.317 0.392 0.418 0.283 0.308 0.341 0.340 0.422 0.296 0.365 0.323 0.325 0.332 0.309 0.366 0.330 0.325 0.295 0.311 0.359 0.320 0.308 0.298 13/12/2022
0.192 0.165 0.173 0.151 0.184 0.174 0.180 0.183 0.186 0.206 0.141 0.158 0.161 0.166 0.208 0.140 0.157 0.180 0.186 0.209 0.130 0.161 0.172 0.182 0.201 0.130 0.167 0.167 0.169 0.215 14/12/2022
0.178 0.163 0.163 0.128 0.155 0.169 0.174 0.170 0.128 0.148 0.163 0.168 0.143 0.144 0.147 0.175 0.170 0.148 0.152 0.142 0.201 0.173 0.174 0.149 0.145 0.181 0.183 0.173 0.148 0.153 15/12/2022
0.192 0.204 0.187 0.172 0.210 0.211 0.211 0.192 0.174 0.205 0.224 0.199 0.184 0.191 0.202 0.248 0.215 0.180 0.183 0.195 0.239 0.219 0.202 0.181 0.189 0.240 0.221 0.196 0.182 0.194 16/12/2022
0.156 0.180 0.171 0.195 0.243 0.184 0.183 0.174 0.212 0.241 0.207 0.174 0.186 0.187 0.241 0.181 0.168 0.209 0.214 0.230 0.189 0.173 0.212 0.210 0.225 0.173 0.166 0.210 0.222 0.233 17/12/2022
0.341 0.310 0.315 0.421 0.421 0.312 0.323 0.320 0.288 0.399 0.296 0.294 0.232 0.233 0.405 0.164 0.183 0.222 0.226 0.261 0.169 0.185 0.229 0.224 0.243 0.149 0.170 0.235 0.235 0.238 18/12/2022
0.884 0.935 1.007 1.050 1.069 0.942 0.937 1.009 1.004 1.018 0.900 0.909 0.938 0.924 1.044 0.717 0.590 0.905 0.877 0.939 0.753 0.596 0.876 0.911 0.927 0.815 0.612 0.938 0.939 0.901 19/12/2022
0.786 0.875 0.954 0.988 0.948 0.894 0.918 0.979 0.966 0.934 0.838 0.865 0.891 0.898 0.948 0.756 0.671 0.902 0.905 0.933 0.732 0.676 0.862 0.899 0.901 0.722 0.665 0.845 0.874 0.909 20/12/2022
0.453 0.432 0.439 0.529 0.555 0.446 0.447 0.444 0.449 0.473 0.415 0.404 0.435 0.435 0.472 0.373 0.326 0.421 0.415 0.428 0.354 0.327 0.457 0.424 0.393 0.349 0.293 0.423 0.409 0.397 21/12/2022
0.583 0.637 0.667 0.766 0.679 0.639 0.636 0.668 0.690 0.662 0.660 0.669 0.651 0.650 0.674 0.666 0.568 0.583 0.579 0.574 0.663 0.572 0.638 0.587 0.474 0.606 0.503 0.581 0.509 0.467 22/12/2022
0.257 0.294 0.323 0.410 0.415 0.297 0.305 0.328 0.372 0.408 0.293 0.309 0.346 0.351 0.408 0.281 0.272 0.349 0.352 0.380 0.268 0.275 0.334 0.356 0.369 0.265 0.289 0.346 0.358 0.377 23/12/2022
0.219 0.212 0.242 0.312 0.331 0.217 0.216 0.247 0.294 0.334 0.231 0.249 0.266 0.270 0.331 0.187 0.213 0.273 0.276 0.295 0.183 0.220 0.267 0.276 0.301 0.190 0.237 0.293 0.299 0.305 24/12/2022
0.466 0.422 0.433 0.529 0.555 0.419 0.413 0.431 0.471 0.434 0.401 0.381 0.429 0.425 0.443 0.401 0.264 0.369 0.359 0.372 0.368 0.265 0.404 0.372 0.327 0.308 0.223 0.355 0.337 0.323 25/12/2022
0.489 0.441 0.449 0.537 0.440 0.445 0.441 0.448 0.356 0.348 0.414 0.399 0.331 0.330 0.353 0.353 0.253 0.316 0.316 0.320 0.325 0.255 0.324 0.320 0.296 0.283 0.234 0.312 0.305 0.296 26/12/2022
0.216 0.192 0.174 0.191 0.205 0.190 0.186 0.175 0.198 0.228 0.187 0.177 0.179 0.178 0.222 0.146 0.149 0.178 0.180 0.190 0.132 0.155 0.180 0.180 0.173 0.113 0.145 0.169 0.172 0.177 27/12/2022
0.124 0.166 0.163 0.191 0.270 0.163 0.151 0.161 0.284 0.335 0.198 0.195 0.245 0.242 0.338 0.112 0.160 0.308 0.320 0.341 0.145 0.167 0.271 0.309 0.350 0.157 0.193 0.310 0.330 0.360 28/12/2022
0.315 0.323 0.325 0.350 0.392 0.323 0.331 0.324 0.389 0.425 0.329 0.332 0.377 0.386 0.426 0.285 0.290 0.377 0.379 0.406 0.271 0.288 0.389 0.376 0.391 0.277 0.297 0.388 0.378 0.393 29/12/2022
0.636 0.688 0.756 0.867 0.815 0.704 0.715 0.757 0.834 0.869 0.750 0.777 0.759 0.762 0.877 0.665 0.674 0.792 0.799 0.824 0.712 0.679 0.787 0.791 0.789 0.727 0.698 0.806 0.810 0.799 30/12/2022
0.419 0.439 0.474 0.565 0.575 0.449 0.457 0.483 0.548 0.568 0.466 0.453 0.465 0.473 0.579 0.384 0.383 0.473 0.489 0.507 0.420 0.388 0.509 0.476 0.496 0.392 0.395 0.508 0.519 0.518 31/12/2022
0.231 0.268 0.286 0.361 0.342 0.288 0.299 0.302 0.356 0.419 0.346 0.347 0.281 0.287 0.429 0.268 0.265 0.383 0.401 0.386 0.292 0.274 0.363 0.380 0.409 0.304 0.312 0.406 0.423 0.430 01/01/2023
0.504 0.510 0.539 0.614 0.570 0.528 0.535 0.552 0.565 0.567 0.497 0.516 0.519 0.534 0.569 0.398 0.372 0.519 0.525 0.526 0.388 0.376 0.536 0.518 0.510 0.414 0.405 0.549 0.527 0.530 02/01/2023
0.386 0.446 0.433 0.447 0.447 0.458 0.465 0.444 0.472 0.474 0.458 0.465 0.483 0.488 0.480 0.436 0.434 0.511 0.514 0.477 0.430 0.439 0.519 0.507 0.498 0.441 0.452 0.537 0.534 0.506 03/01/2023
0.524 0.542 0.585 0.836 0.718 0.553 0.553 0.598 0.687 0.685 0.453 0.506 0.600 0.605 0.688 0.444 0.437 0.568 0.576 0.621 0.417 0.438 0.539 0.573 0.557 0.434 0.453 0.548 0.562 0.557 04/01/2023
0.453 0.407 0.458 0.608 0.597 0.401 0.394 0.457 0.543 0.553 0.387 0.375 0.453 0.458 0.552 0.293 0.356 0.422 0.432 0.452 0.279 0.357 0.446 0.423 0.436 0.292 0.369 0.437 0.440 0.450 05/01/2023
0.525 0.482 0.517 0.659 0.666 0.495 0.511 0.522 0.712 0.685 0.410 0.398 0.521 0.535 0.684 0.378 0.397 0.515 0.525 0.707 0.365 0.399 0.508 0.516 0.644 0.336 0.429 0.559 0.592 0.656 06/01/2023
0.324 0.328 0.384 0.433 0.521 0.339 0.346 0.387 0.517 0.542 0.357 0.344 0.455 0.461 0.536 0.302 0.391 0.459 0.472 0.518 0.304 0.398 0.459 0.456 0.517 0.314 0.405 0.473 0.473 0.537 07/01/2023
0.315 0.293 0.363 0.447 0.438 0.294 0.302 0.369 0.431 0.436 0.299 0.302 0.365 0.369 0.436 0.283 0.281 0.348 0.348 0.388 0.297 0.285 0.344 0.348 0.360 0.300 0.298 0.360 0.379 0.365 08/01/2023
0.328 0.330 0.327 0.262 0.349 0.341 0.343 0.334 0.385 0.384 0.362 0.360 0.387 0.396 0.382 0.325 0.325 0.393 0.401 0.415 0.311 0.328 0.428 0.391 0.374 0.271 0.270 0.348 0.359 0.381 09/01/2023
0.247 0.246 0.234 0.229 0.289 0.253 0.255 0.240 0.311 0.316 0.261 0.257 0.288 0.293 0.317 0.249 0.281 0.302 0.314 0.315 0.243 0.284 0.309 0.300 0.291 0.228 0.280 0.287 0.288 0.307 10/01/2023
0.518 0.516 0.508 0.405 0.516 0.518 0.523 0.510 0.489 0.507 0.492 0.487 0.531 0.528 0.513 0.487 0.474 0.515 0.514 0.480 0.450 0.473 0.534 0.511 0.516 0.451 0.450 0.515 0.506 0.525 11/01/2023
0.421 0.468 0.476 0.498 0.517 0.452 0.440 0.462 0.571 0.538 0.442 0.440 0.559 0.554 0.545 0.442 0.475 0.612 0.611 0.563 0.510 0.477 0.596 0.618 0.624 0.593 0.558 0.675 0.637 0.625 12/01/2023
0.862 0.920 0.819 0.736 0.741 0.914 0.898 0.822 0.747 0.738 0.858 0.894 0.820 0.819 0.739 0.811 0.792 0.839 0.837 0.743 0.756 0.796 0.955 0.837 0.801 0.826 0.844 0.987 0.909 0.800 13/01/2023
0.211 0.200 0.192 0.179 0.216 0.206 0.208 0.194 0.190 0.221 0.224 0.210 0.200 0.202 0.220 0.219 0.247 0.189 0.193 0.191 0.236 0.249 0.249 0.191 0.210 0.224 0.218 0.218 0.192 0.215 14/01/2023
0.908 0.831 0.672 0.538 0.643 0.854 0.878 0.683 0.596 0.640 0.815 0.736 0.697 0.706 0.617 0.767 0.617 0.601 0.611 0.597 0.739 0.613 0.751 0.597 0.578 0.685 0.608 0.748 0.582 0.584 15/01/2023
1.549 1.590 1.688 1.483 1.455 1.571 1.562 1.670 1.719 1.596 1.634 1.791 1.775 1.759 1.616 1.529 1.676 1.963 1.948 1.877 1.719 1.674 1.881 1.973 2.091 1.814 1.838 2.025 2.087 2.068 16/01/2023
0.962 0.976 1.037 1.066 1.015 0.983 0.986 1.038 1.237 1.163 1.052 1.171 1.150 1.149 1.177 1.049 1.199 1.284 1.259 1.257 1.152 1.195 1.268 1.278 1.310 1.230 1.218 1.289 1.278 1.306 17/01/2023
0.180 0.223 0.194 0.165 0.225 0.224 0.212 0.196 0.224 0.232 0.253 0.232 0.274 0.268 0.245 0.261 0.302 0.318 0.316 0.290 0.258 0.299 0.335 0.320 0.370 0.326 0.332 0.354 0.354 0.368 18/01/2023
0.188 0.191 0.189 0.183 0.224 0.195 0.198 0.190 0.182 0.209 0.188 0.187 0.218 0.222 0.205 0.204 0.214 0.212 0.232 0.199 0.203 0.214 0.197 0.210 0.210 0.200 0.213 0.194 0.227 0.227 19/01/2023
0.304 0.313 0.246 0.176 0.211 0.315 0.312 0.251 0.257 0.260 0.447 0.423 0.358 0.354 0.258 0.418 0.400 0.383 0.378 0.264 0.410 0.399 0.432 0.378 0.364 0.374 0.374 0.395 0.364 0.368 20/01/2023
0.319 0.294 0.307 0.296 0.341 0.306 0.314 0.313 0.355 0.360 0.318 0.332 0.338 0.334 0.361 0.306 0.363 0.338 0.331 0.342 0.350 0.362 0.354 0.336 0.376 0.334 0.354 0.347 0.349 0.375 21/01/2023
0.242 0.277 0.231 0.281 0.302 0.282 0.283 0.233 0.352 0.350 0.266 0.276 0.267 0.268 0.347 0.252 0.313 0.327 0.328 0.338 0.289 0.314 0.318 0.327 0.363 0.252 0.270 0.272 0.322 0.368 22/01/2023
0.512 0.519 0.445 0.434 0.397 0.506 0.495 0.448 0.441 0.383 0.514 0.540 0.489 0.473 0.405 0.500 0.542 0.473 0.459 0.494 0.513 0.543 0.564 0.480 0.627 0.528 0.536 0.567 0.529 0.613 23/01/2023
0.338 0.368 0.263 0.294 0.299 0.372 0.366 0.262 0.288 0.282 0.315 0.323 0.331 0.328 0.284 0.261 0.306 0.325 0.322 0.302 0.284 0.306 0.375 0.328 0.383 0.267 0.296 0.365 0.356 0.387 24/01/2023
0.279 0.291 0.270 0.279 0.328 0.288 0.287 0.269 0.306 0.335 0.296 0.291 0.291 0.293 0.332 0.269 0.268 0.313 0.313 0.306 0.264 0.271 0.302 0.320 0.316 0.272 0.298 0.327 0.314 0.318 25/01/2023
0.390 0.402 0.436 0.472 0.504 0.411 0.413 0.443 0.459 0.449 0.416 0.421 0.442 0.450 0.444 0.409 0.397 0.425 0.434 0.420 0.388 0.398 0.430 0.421 0.396 0.400 0.402 0.406 0.404 0.411 26/01/2023
0.616 0.685 0.748 0.845 0.732 0.691 0.671 0.749 0.797 0.710 0.667 0.678 0.755 0.737 0.717 0.642 0.536 0.691 0.681 0.714 0.619 0.539 0.632 0.704 0.721 0.605 0.559 0.676 0.674 0.699 27/01/2023
0.921 0.943 1.017 1.154 0.959 0.930 0.918 1.017 1.016 0.903 0.818 0.882 0.952 0.948 0.901 0.782 0.720 0.868 0.873 0.945 0.703 0.725 0.798 0.871 0.878 0.688 0.698 0.756 0.789 0.879 28/01/2023
0.402 0.414 0.445 0.477 0.515 0.468 0.505 0.477 0.456 0.465 0.454 0.456 0.453 0.492 0.446 0.481 0.416 0.369 0.414 0.402 0.461 0.425 0.415 0.347 0.365 0.393 0.392 0.311 0.303 0.450 29/01/2023
0.768 0.812 0.795 0.703 0.712 0.827 0.835 0.802 0.709 0.707 0.821 0.803 0.755 0.762 0.711 0.792 0.694 0.757 0.764 0.678 0.801 0.696 0.794 0.753 0.714 0.762 0.705 0.786 0.742 0.738 30/01/2023
1.726 1.685 1.646 1.659 1.415 1.688 1.698 1.656 1.525 1.372 1.671 1.675 1.503 1.500 1.394 1.546 1.494 1.528 1.504 1.467 1.551 1.492 1.560 1.521 1.503 1.576 1.522 1.595 1.543 1.504 31/01/2023
0.729 0.734 0.649 0.589 0.539 0.746 0.756 0.645 0.506 0.495 0.777 0.718 0.574 0.569 0.499 0.688 0.574 0.581 0.581 0.556 0.670 0.576 0.631 0.583 0.543 0.635 0.551 0.604 0.567 0.547 01/02/2023
0.577 0.623 0.520 0.503 0.510 0.618 0.607 0.516 0.533 0.518 0.628 0.632 0.574 0.579 0.518 0.621 0.523 0.523 0.538 0.579 0.600 0.526 0.577 0.517 0.546 0.592 0.541 0.600 0.569 0.547 02/02/2023
0.907 0.892 0.919 0.972 0.913 0.897 0.895 0.919 0.815 0.815 0.682 0.732 0.785 0.780 0.821 0.653 0.587 0.699 0.690 0.776 0.597 0.590 0.635 0.698 0.735 0.720 0.658 0.716 0.698 0.727 03/02/2023
1.170 1.058 1.027 0.995 1.079 1.058 1.059 1.021 1.001 1.040 0.954 1.011 1.029 1.027 1.050 0.894 0.733 0.967 0.955 0.971 0.899 0.734 0.914 0.963 0.911 0.910 0.759 0.904 0.915 0.914 04/02/2023
0.603 0.605 0.602 0.587 0.676 0.609 0.609 0.607 0.685 0.727 0.620 0.651 0.690 0.690 0.733 0.544 0.610 0.716 0.715 0.768 0.599 0.612 0.726 0.717 0.763 0.624 0.574 0.678 0.712 0.757 05/02/2023
0.614 0.627 0.598 0.580 0.601 0.636 0.637 0.603 0.584 0.602 0.622 0.617 0.604 0.606 0.606 0.603 0.574 0.606 0.605 0.580 0.602 0.577 0.628 0.610 0.579 0.606 0.576 0.633 0.593 0.573 06/02/2023
0.642 0.630 0.636 0.662 0.674 0.638 0.640 0.642 0.654 0.679 0.643 0.642 0.665 0.674 0.674 0.625 0.602 0.642 0.644 0.651 0.618 0.603 0.660 0.640 0.623 0.633 0.604 0.664 0.641 0.629 07/02/2023
0.638 0.572 0.617 0.658 0.636 0.582 0.581 0.619 0.595 0.559 0.558 0.575 0.581 0.582 0.566 0.546 0.516 0.538 0.537 0.550 0.542 0.521 0.550 0.544 0.503 0.498 0.488 0.529 0.539 0.506 08/02/2023
0.439 0.439 0.450 0.426 0.446 0.436 0.430 0.449 0.473 0.440 0.412 0.428 0.460 0.460 0.442 0.398 0.415 0.443 0.441 0.451 0.394 0.420 0.425 0.444 0.434 0.397 0.408 0.418 0.426 0.427 09/02/2023
0.336 0.330 0.328 0.428 0.503 0.327 0.323 0.327 0.466 0.459 0.343 0.332 0.461 0.460 0.460 0.376 0.387 0.468 0.451 0.484 0.384 0.389 0.429 0.472 0.510 0.397 0.416 0.455 0.488 0.501 10/02/2023
0.673 0.578 0.674 0.670 0.569 0.604 0.603 0.684 0.510 0.536 0.589 0.573 0.515 0.537 0.539 0.382 0.457 0.495 0.512 0.506 0.390 0.462 0.523 0.485 0.448 0.507 0.537 0.562 0.493 0.463 11/02/2023
0.681 0.637 0.625 0.541 0.526 0.632 0.628 0.619 0.540 0.480 0.718 0.651 0.637 0.636 0.464 0.833 0.801 0.623 0.635 0.560 0.862 0.808 0.740 0.632 0.656 0.886 0.891 0.845 0.678 0.663 12/02/2023
1.335 1.237 1.237 1.270 1.212 1.223 1.201 1.229 1.247 1.185 1.225 1.187 1.274 1.255 1.200 1.167 1.200 1.235 1.225 1.220 1.156 1.199 1.260 1.242 1.220 1.163 1.244 1.332 1.200 1.205 13/02/2023
0.901 0.806 0.768 0.742 0.748 0.805 0.807 0.767 0.697 0.676 0.733 0.656 0.684 0.676 0.679 0.696 0.676 0.713 0.696 0.584 0.737 0.676 0.684 0.723 0.666 0.670 0.675 0.702 0.693 0.645 14/02/2023
1.296 1.300 1.314 1.306 1.019 1.262 1.228 1.292 1.141 1.022 1.190 1.261 1.111 1.106 1.035 1.161 1.314 1.163 1.152 1.111 1.271 1.319 1.164 1.169 1.155 1.302 1.343 1.186 1.184 1.150 15/02/2023
1.166 1.131 1.257 1.312 1.242 1.133 1.136 1.250 1.375 1.306 1.121 1.209 1.336 1.350 1.313 1.093 1.174 1.394 1.404 1.456 1.094 1.181 1.300 1.392 1.508 1.161 1.219 1.337 1.421 1.521 16/02/2023
0.925 0.956 0.858 0.850 0.828 0.959 0.969 0.863 0.861 0.820 1.020 0.965 0.898 0.896 0.828 0.996 0.949 0.947 0.950 0.915 0.935 0.952 0.951 0.955 0.980 0.938 0.932 0.937 0.971 0.985 17/02/2023
0.593 0.602 0.590 0.516 0.516 0.601 0.602 0.586 0.535 0.500 0.476 0.598 0.536 0.534 0.510 0.485 0.613 0.552 0.553 0.532 0.617 0.613 0.568 0.556 0.580 0.533 0.536 0.520 0.572 0.577 18/02/2023
0.799 0.894 0.842 0.831 0.836 0.879 0.875 0.825 0.776 0.761 0.730 0.806 0.768 0.762 0.760 0.579 0.595 0.756 0.758 0.817 0.619 0.589 0.722 0.764 0.755 0.592 0.563 0.696 0.827 0.764 19/02/2023
0.722 0.727 0.693 0.622 0.654 0.733 0.739 0.688 0.673 0.641 0.733 0.725 0.773 0.776 0.642 0.792 0.757 0.703 0.704 0.733 0.725 0.752 0.722 0.704 0.640 0.630 0.602 0.564 0.614 0.641 20/02/2023
0.640 0.698 0.763 0.715 0.730 0.702 0.691 0.766 0.702 0.701 0.584 0.641 0.646 0.639 0.716 0.556 0.571 0.697 0.684 0.662 0.595 0.570 0.593 0.698 0.600 0.496 0.533 0.595 0.683 0.616 21/02/2023
0.700 0.655 0.717 0.756 0.756 0.650 0.651 0.716 0.767 0.757 0.651 0.660 0.720 0.717 0.757 0.648 0.648 0.703 0.703 0.734 0.616 0.649 0.686 0.704 0.733 0.623 0.668 0.715 0.722 0.728 22/02/2023
0.740 0.755 0.744 0.664 0.785 0.746 0.748 0.739 0.759 0.750 0.708 0.704 0.729 0.728 0.739 0.770 0.780 0.741 0.749 0.771 0.732 0.776 0.727 0.739 0.752 0.729 0.810 0.741 0.785 0.762 23/02/2023
1.521 1.575 1.522 1.465 1.465 1.575 1.571 1.521 1.466 1.446 1.734 1.598 1.568 1.561 1.452 1.705 1.574 1.479 1.466 1.472 1.678 1.571 1.559 1.484 1.620 1.672 1.674 1.678 1.658 1.601 24/02/2023
1.304 1.269 1.214 1.146 1.204 1.266 1.261 1.212 1.209 1.223 1.337 1.267 1.278 1.261 1.237 1.278 1.188 1.238 1.218 1.196 1.259 1.186 1.294 1.249 1.213 1.242 1.202 1.331 1.254 1.187 25/02/2023
0.813 0.843 0.861 0.848 0.859 0.848 0.851 0.860 0.909 0.878 0.850 0.865 0.885 0.885 0.875 0.843 0.861 0.890 0.889 0.922 0.870 0.861 0.888 0.894 0.962 0.874 0.863 0.888 0.918 0.965 26/02/2023
0.755 0.767 0.769 0.696 0.841 0.787 0.798 0.784 0.718 0.817 0.755 0.739 0.713 0.732 0.819 0.734 0.795 0.729 0.746 0.764 0.705 0.797 0.718 0.725 0.776 0.727 0.865 0.741 0.751 0.805 27/02/2023
0.886 0.867 0.808 0.874 0.905 0.856 0.852 0.808 0.925 0.919 0.864 0.857 0.934 0.923 0.926 0.917 0.948 0.914 0.904 0.893 0.911 0.949 0.906 0.921 0.907 0.903 0.971 0.931 0.922 0.898 28/02/2023
1.013 1.030 1.060 1.061 1.059 1.027 1.021 1.056 1.062 1.066 1.015 1.031 1.064 1.060 1.080 1.005 1.022 1.062 1.056 1.081 1.023 1.022 1.032 1.067 1.068 1.040 1.051 1.069 1.063 1.060 01/03/2023
0.937 0.969 0.960 1.021 1.058 0.964 0.953 0.954 1.067 1.073 0.969 0.977 1.048 1.043 1.083 0.934 0.957 1.046 1.039 1.068 0.946 0.957 0.992 1.052 1.051 0.917 0.964 1.000 1.065 1.043 02/03/2023
1.237 1.229 1.186 1.136 1.110 1.230 1.218 1.186 1.144 1.126 1.209 1.257 1.122 1.120 1.137 1.170 1.145 1.206 1.203 1.214 1.155 1.145 1.162 1.212 1.139 1.231 1.133 1.173 1.184 1.129 03/03/2023
1.296 1.281 1.312 1.343 1.366 1.281 1.282 1.313 1.376 1.382 1.362 1.336 1.373 1.364 1.391 1.356 1.347 1.406 1.396 1.419 1.354 1.349 1.381 1.410 1.427 1.403 1.355 1.400 1.432 1.430 04/03/2023
1.188 1.143 1.072 0.998 0.986 1.117 1.101 1.060 1.000 0.957 1.188 1.162 0.991 0.990 0.962 1.171 1.115 1.089 1.061 1.036 1.111 1.108 1.076 1.100 1.084 1.183 1.189 1.170 1.129 1.062 05/03/2023
1.280 1.213 1.246 1.268 1.335 1.211 1.213 1.241 1.329 1.343 1.083 1.222 1.340 1.345 1.349 1.090 1.216 1.265 1.259 1.415 1.132 1.217 1.209 1.268 1.360 1.030 1.199 1.210 1.275 1.353 06/03/2023
0.822 0.819 0.794 0.786 0.802 0.811 0.808 0.786 0.795 0.784 0.807 0.823 0.721 0.728 0.794 0.771 0.761 0.730 0.741 0.745 0.734 0.766 0.800 0.738 0.715 0.668 0.715 0.745 0.719 0.709 07/03/2023
0.981 1.090 0.953 0.943 0.955 1.075 1.079 0.947 1.023 1.002 1.093 1.031 1.030 1.033 1.003 0.991 1.029 1.130 1.127 1.032 0.999 1.030 1.057 1.134 1.008 1.019 0.984 1.040 1.132 1.010 08/03/2023
0.869 0.852 0.761 0.821 0.811 0.857 0.840 0.765 0.819 0.799 0.895 0.794 0.701 0.692 0.798 0.831 0.817 0.929 0.922 0.942 0.835 0.820 0.786 0.937 0.979 0.837 0.911 0.871 1.022 0.986 09/03/2023
0.770 0.730 0.724 0.748 0.716 0.711 0.708 0.716 0.739 0.691 0.831 0.766 0.733 0.725 0.709 0.834 0.825 0.768 0.750 0.697 0.894 0.824 0.782 0.780 0.707 0.894 0.826 0.798 0.790 0.691 10/03/2023
0.657 0.638 0.644 0.598 0.577 0.621 0.617 0.633 0.619 0.581 0.621 0.623 0.624 0.618 0.597 0.652 0.660 0.649 0.631 0.622 0.672 0.658 0.627 0.663 0.637 0.699 0.680 0.659 0.657 0.618 11/03/2023
0.928 0.889 0.836 0.912 0.948 0.887 0.881 0.831 0.859 0.879 0.815 0.829 0.862 0.854 0.878 0.821 0.889 0.839 0.837 0.857 0.863 0.891 0.872 0.844 0.836 0.926 0.948 0.915 0.849 0.831 12/03/2023
0.866 0.843 0.859 0.781 0.871 0.836 0.826 0.851 0.969 0.899 0.841 0.883 1.004 0.989 0.922 0.871 0.941 1.031 1.003 0.950 0.914 0.931 1.020 1.042 1.012 0.902 0.924 1.006 1.045 0.983 13/03/2023
1.198 1.142 1.133 1.138 1.155 1.131 1.123 1.130 1.213 1.196 1.117 1.101 1.132 1.122 1.203 1.151 1.133 1.143 1.132 1.204 1.198 1.133 1.113 1.151 1.166 1.179 1.135 1.109 1.164 1.157 14/03/2023
1.401 1.390 1.377 1.289 1.369 1.382 1.372 1.365 1.273 1.316 1.221 1.206 1.250 1.249 1.320 1.238 1.287 1.213 1.220 1.144 1.187 1.281 1.166 1.223 1.120 1.169 1.279 1.149 1.106 1.137 15/03/2023
0.647 0.588 0.704 0.634 0.700 0.577 0.571 0.705 0.779 0.746 0.694 0.648 0.747 0.735 0.763 0.766 0.852 0.752 0.732 0.743 0.812 0.850 0.792 0.760 0.787 0.784 0.889 0.827 0.792 0.762 16/03/2023
1.263 1.207 1.189 1.043 1.154 1.213 1.215 1.194 1.037 1.099 1.223 1.183 1.069 1.068 1.086 1.218 1.208 1.105 1.105 1.032 1.177 1.212 1.143 1.115 1.078 1.180 1.224 1.160 1.124 1.076 17/03/2023
1.807 1.636 1.660 1.599 1.610 1.621 1.612 1.650 1.481 1.546 1.611 1.609 1.578 1.562 1.577 1.597 1.611 1.556 1.539 1.474 1.538 1.606 1.509 1.565 1.451 1.517 1.597 1.491 1.458 1.437 18/03/2023
1.384 1.342 1.337 1.128 1.116 1.313 1.297 1.322 1.217 1.095 1.389 1.350 1.370 1.361 1.107 1.435 1.424 1.288 1.270 1.440 1.388 1.419 1.378 1.301 1.433 1.326 1.327 1.284 1.355 1.417 19/03/2023
1.729 1.728 1.716 1.632 1.572 1.728 1.707 1.714 1.640 1.514 1.748 1.719 1.718 1.704 1.535 1.717 1.674 1.693 1.673 1.633 1.726 1.663 1.706 1.700 1.613 1.729 1.658 1.703 1.670 1.581 20/03/2023
1.638 1.628 1.648 1.651 1.617 1.622 1.613 1.641 1.672 1.581 1.558 1.651 1.650 1.632 1.595 1.519 1.672 1.664 1.647 1.684 1.603 1.664 1.660 1.682 1.695 1.657 1.689 1.713 1.721 1.669 21/03/2023
1.660 1.675 1.678 1.780 1.676 1.653 1.640 1.668 1.689 1.648 1.639 1.677 1.694 1.686 1.655 1.682 1.739 1.687 1.686 1.697 1.720 1.734 1.696 1.688 1.727 1.772 1.789 1.729 1.732 1.733 22/03/2023
1.444 1.423 1.450 1.313 1.302 1.410 1.398 1.441 1.286 1.259 1.467 1.434 1.306 1.294 1.264 1.464 1.452 1.354 1.346 1.281 1.463 1.450 1.320 1.361 1.309 1.467 1.475 1.352 1.345 1.288 23/03/2023
1.057 0.973 1.053 1.013 1.024 0.949 0.939 1.045 0.861 0.843 0.962 1.063 0.981 0.963 0.848 0.938 1.030 1.063 1.065 0.853 0.931 1.031 1.031 1.066 0.807 0.874 0.967 0.956 0.904 0.796 24/03/2023
0.734 0.724 0.719 0.717 0.738 0.706 0.690 0.712 0.702 0.675 0.685 0.815 0.773 0.759 0.680 0.649 0.842 0.820 0.824 0.773 0.656 0.834 0.805 0.826 0.646 0.659 0.749 0.697 0.762 0.650 25/03/2023
1.439 1.422 1.461 1.502 1.524 1.436 1.448 1.473 1.569 1.567 1.447 1.433 1.564 1.566 1.583 1.521 1.496 1.545 1.544 1.555 1.459 1.492 1.477 1.545 1.530 1.455 1.514 1.489 1.515 1.527 26/03/2023
1.016 1.008 1.066 0.999 1.046 0.993 0.986 1.057 1.065 1.046 0.984 1.009 1.077 1.068 1.058 1.010 1.099 1.028 1.008 1.057 1.073 1.099 1.056 1.033 1.056 1.112 1.121 1.090 1.070 1.038 27/03/2023
1.659 1.763 1.615 1.339 1.370 1.749 1.728 1.608 1.535 1.416 1.682 1.646 1.726 1.703 1.456 1.603 1.634 1.630 1.604 1.669 1.528 1.628 1.682 1.642 1.559 1.587 1.582 1.653 1.654 1.540 28/03/2023
1.742 1.747 1.786 1.688 1.663 1.725 1.721 1.771 1.752 1.693 1.736 1.771 1.803 1.779 1.707 1.762 1.839 1.836 1.802 1.795 1.805 1.829 1.801 1.846 1.874 1.914 1.901 1.871 1.908 1.828 29/03/2023
1.951 1.927 1.938 1.893 1.902 1.910 1.906 1.934 1.914 1.871 1.883 1.864 1.891 1.880 1.884 1.919 1.881 1.837 1.826 1.852 1.891 1.880 1.857 1.845 1.860 1.899 1.901 1.899 1.905 1.848 30/03/2023
1.823 1.809 1.793 1.787 1.874 1.643 1.548 1.683 2.342 1.999 1.690 1.735 2.328 2.323 2.089 2.106 2.173 2.334 2.308 2.363 2.179 2.161 2.293 2.350 2.442 2.280 2.301 2.391 2.405 2.420 31/03/2023
1.632 1.600 1.589 1.569 1.623 1.606 1.607 1.595 1.721 1.648 1.589 1.588 1.751 1.716 1.678 1.537 1.549 1.779 1.728 1.756 1.579 1.547 1.742 1.799 1.879 1.619 1.608 1.852 1.860 1.790 01/04/2023
1.821 1.793 1.749 1.702 1.712 1.778 1.772 1.737 1.814 1.762 1.814 1.813 1.803 1.780 1.779 1.837 1.851 1.868 1.840 1.855 1.896 1.845 1.823 1.882 1.915 1.955 1.952 1.978 1.913 1.869 02/04/2023
2.299 2.277 2.287 2.284 2.217 2.264 2.253 2.279 2.342 2.251 2.310 2.314 2.324 2.306 2.256 2.343 2.322 2.396 2.368 2.419 2.416 2.324 2.372 2.406 2.475 2.451 2.372 2.462 2.479 2.446 03/04/2023
2.247 2.240 2.266 2.287 2.345 2.230 2.230 2.262 2.363 2.361 2.223 2.243 2.346 2.335 2.371 2.236 2.279 2.372 2.363 2.338 2.261 2.283 2.305 2.381 2.411 2.349 2.349 2.396 2.400 2.397 04/04/2023
2.040 2.080 2.024 1.926 1.969 2.008 1.940 1.978 2.227 2.065 2.027 1.991 2.275 2.238 2.087 2.133 2.142 2.270 2.225 2.180 2.157 2.124 2.251 2.283 2.204 2.231 2.128 2.260 2.324 2.158 05/04/2023
2.335 2.282 2.240 2.220 2.247 2.267 2.251 2.237 2.319 2.297 2.292 2.277 2.318 2.300 2.310 2.338 2.310 2.285 2.260 2.248 2.317 2.307 2.280 2.294 2.256 2.312 2.297 2.280 2.260 2.241 06/04/2023
2.402 2.403 2.410 2.321 2.322 2.394 2.373 2.401 2.333 2.257 2.362 2.246 2.276 2.260 2.279 2.348 2.429 2.471 2.443 2.295 2.468 2.429 2.437 2.493 2.424 2.449 2.436 2.480 2.514 2.393 07/04/2023
1.622 1.774 1.681 1.671 1.494 1.769 1.749 1.671 1.609 1.513 1.809 1.642 1.616 1.594 1.515 1.798 1.730 1.503 1.475 1.618 1.892 1.725 1.654 1.514 1.598 1.792 1.698 1.657 1.580 1.558 08/04/2023
2.048 2.048 2.005 1.965 1.926 2.024 2.004 1.992 2.006 1.935 2.061 2.050 2.028 2.009 1.951 2.063 2.051 2.033 2.008 2.012 2.083 2.051 2.048 2.042 2.073 2.096 2.084 2.104 2.108 2.047 09/04/2023
2.599 2.552 2.578 2.606 2.605 2.530 2.518 2.567 2.643 2.606 2.546 2.546 2.643 2.625 2.621 2.566 2.629 2.620 2.602 2.612 2.598 2.629 2.653 2.627 2.627 2.622 2.626 2.654 2.646 2.610 10/04/2023
2.273 2.381 2.512 2.442 2.463 2.359 2.344 2.503 2.559 2.523 2.380 2.367 2.444 2.428 2.541 2.411 2.493 2.552 2.528 2.563 2.466 2.491 2.502 2.564 2.534 2.462 2.501 2.511 2.562 2.513 11/04/2023
3.700 3.656 3.661 3.498 3.504 3.647 3.625 3.662 3.590 3.510 3.640 3.615 3.607 3.579 3.537 3.639 3.650 3.582 3.549 3.524 3.619 3.648 3.578 3.597 3.556 3.647 3.664 3.623 3.613 3.514 12/04/2023
4.523 4.399 4.588 4.454 4.353 4.395 4.386 4.582 4.551 4.306 4.299 4.353 4.587 4.564 4.341 4.148 4.295 4.490 4.458 4.452 4.117 4.298 4.426 4.497 4.529 4.162 4.359 4.522 4.468 4.501 13/04/2023
2.823 2.766 3.106 3.459 3.425 2.756 2.750 3.110 3.477 3.398 2.555 2.655 3.145 3.129 3.411 2.559 2.778 3.133 3.110 3.455 2.548 2.777 2.872 3.145 3.509 2.586 2.771 2.906 3.191 3.487 14/04/2023
1.110 1.122 1.181 1.461 1.410 1.116 1.091 1.170 1.427 1.403 0.849 1.074 1.223 1.183 1.435 1.145 1.333 1.341 1.268 1.556 1.025 1.320 1.346 1.356 1.658 1.062 1.185 1.272 1.314 1.620 15/04/2023
1.079 0.963 1.110 1.033 0.905 0.912 0.863 1.081 0.915 0.920 0.920 0.899 0.890 0.831 0.982 0.961 0.662 0.858 0.857 0.980 1.205 0.633 0.820 0.861 0.896 1.068 0.953 0.958 0.951 0.844 16/04/2023
1.441 1.368 1.428 1.428 1.379 1.359 1.327 1.427 1.584 1.446 1.262 1.326 1.480 1.458 1.471 1.228 1.436 1.377 1.365 1.454 1.238 1.428 1.421 1.388 1.347 1.370 1.407 1.397 1.194 1.324 17/04/2023
2.222 1.647 1.849 1.561 1.708 1.600 1.578 1.838 1.591 1.508 1.949 1.632 1.491 1.469 1.519 1.915 1.690 1.507 1.489 1.583 1.858 1.682 1.776 1.524 1.560 1.629 1.571 1.687 1.441 1.520 18/04/2023
2.644 2.639 2.687 2.712 2.718 2.622 2.594 2.681 2.853 2.742 2.666 2.639 2.820 2.792 2.776 2.666 2.800 2.777 2.746 2.977 2.700 2.794 2.842 2.785 2.900 2.826 2.731 2.771 2.868 2.848 19/04/2023
2.607 2.531 2.597 2.516 2.662 2.520 2.503 2.586 2.614 2.565 2.555 2.565 2.652 2.630 2.587 2.584 2.585 2.656 2.636 2.636 2.600 2.582 2.625 2.673 2.653 2.597 2.638 2.709 2.695 2.623 20/04/2023
2.654 2.671 2.769 2.685 2.713 2.650 2.634 2.754 2.826 2.752 2.677 2.729 2.888 2.876 2.763 2.736 2.792 2.855 2.845 2.781 2.728 2.788 2.790 2.864 2.741 2.742 2.823 2.842 2.748 2.721 21/04/2023
2.905 2.900 2.997 2.899 2.930 2.894 2.877 2.986 3.132 3.011 2.835 2.843 3.066 3.054 3.025 2.849 2.935 2.985 2.960 3.063 2.921 2.928 3.007 2.996 3.036 2.982 3.013 3.092 3.110 3.013 22/04/2023
3.379 3.369 3.407 3.296 3.184 3.346 3.318 3.396 3.356 3.130 3.401 3.398 3.393 3.370 3.166 3.406 3.475 3.413 3.369 3.377 3.407 3.472 3.409 3.439 3.520 3.458 3.573 3.562 3.557 3.451 23/04/2023
1.693 1.923 1.735 1.991 2.066 1.912 1.884 1.721 2.025 1.984 1.554 1.684 2.040 1.998 1.999 1.602 1.669 1.989 1.963 1.950 1.563 1.660 1.651 1.997 2.050 1.640 1.885 1.898 1.965 1.992 24/04/2023
2.656 2.612 2.578 2.438 2.533 2.589 2.570 2.565 2.533 2.481 2.492 2.562 2.559 2.546 2.502 2.529 2.617 2.676 2.643 2.580 2.540 2.614 2.615 2.687 2.566 2.607 2.599 2.618 2.617 2.545 25/04/2023
1.705 1.686 1.694 1.678 1.638 1.650 1.647 1.673 1.905 1.777 1.673 1.790 1.690 1.674 1.813 1.668 1.773 1.936 1.899 1.936 1.718 1.771 1.716 1.945 1.883 1.824 1.832 1.772 1.998 1.848 26/04/2023
2.982 2.920 2.836 2.924 2.812 2.878 2.862 2.810 2.806 2.751 2.890 2.930 2.936 2.910 2.768 2.885 2.916 2.942 2.918 2.858 2.815 2.911 2.969 2.955 2.846 2.854 2.752 2.756 2.930 2.800 27/04/2023
2.063 1.944 1.642 1.695 1.824 1.921 1.909 1.634 1.784 1.736 2.135 1.680 1.712 1.693 1.732 2.101 1.803 1.753 1.733 1.818 1.864 1.798 1.956 1.756 1.673 1.891 1.740 1.874 1.656 1.665 28/04/2023
3.669 3.609 3.618 3.534 3.525 3.604 3.589 3.601 3.563 3.446 3.652 3.653 3.738 3.711 3.471 3.624 3.626 3.720 3.688 3.667 3.643 3.617 3.756 3.728 3.669 3.647 3.612 3.778 3.708 3.642 29/04/2023
2.273 2.040 2.229 2.146 2.193 1.996 1.961 2.203 2.051 1.975 2.091 2.095 2.317 2.310 2.002 2.007 1.887 1.970 1.923 2.099 1.878 1.886 1.914 1.987 1.825 1.835 1.869 1.906 2.073 1.743 30/04/2023
2.795 2.696 2.823 2.640 2.703 2.676 2.652 2.803 2.528 2.631 2.598 2.554 2.530 2.503 2.663 2.638 2.683 2.422 2.399 2.465 2.675 2.677 2.503 2.439 2.404 2.719 2.615 2.462 2.447 2.388 01/05/2023
2.935 2.781 2.802 2.713 2.779 2.763 2.743 2.792 2.760 2.703 2.659 2.693 2.730 2.715 2.727 2.664 2.693 2.713 2.689 2.661 2.639 2.683 2.692 2.728 2.627 2.669 2.666 2.692 2.693 2.583 02/05/2023
3.365 3.255 3.340 3.202 3.180 3.227 3.202 3.332 3.427 3.254 3.346 3.393 3.457 3.429 3.287 3.342 3.427 3.452 3.429 3.442 3.382 3.424 3.446 3.468 3.518 3.413 3.417 3.497 3.564 3.484 03/05/2023
2.732 2.738 2.831 2.701 2.637 2.711 2.684 2.817 2.853 2.758 2.784 2.829 2.840 2.809 2.775 2.756 2.804 2.810 2.764 2.753 2.826 2.795 2.809 2.822 2.732 2.811 2.732 2.751 2.682 2.684 04/05/2023
2.458 2.334 2.387 2.327 2.355 2.311 2.294 2.371 2.429 2.345 2.415 2.296 2.384 2.381 2.360 2.456 2.374 2.466 2.436 2.374 2.416 2.367 2.261 2.481 2.514 2.509 2.406 2.324 2.447 2.481 05/05/2023
2.539 2.476 2.486 2.373 2.428 2.457 2.437 2.482 2.563 2.511 2.456 2.457 2.497 2.473 2.530 2.461 2.613 2.505 2.491 2.546 2.484 2.600 2.566 2.523 2.453 2.633 2.694 2.688 2.598 2.407 06/05/2023
2.951 2.920 2.841 2.800 2.873 2.892 2.871 2.833 2.938 2.879 2.935 2.871 2.954 2.930 2.891 2.978 2.898 2.845 2.811 2.774 2.904 2.892 2.859 2.871 2.810 2.968 2.780 2.815 2.829 2.764 07/05/2023
3.395 3.423 3.427 3.406 3.428 3.407 3.388 3.417 3.502 3.420 3.358 3.369 3.518 3.499 3.440 3.395 3.433 3.515 3.494 3.486 3.421 3.429 3.505 3.526 3.502 3.498 3.482 3.581 3.585 3.460 08/05/2023
3.210 3.144 3.119 3.094 3.124 3.117 3.097 3.103 3.205 3.123 3.106 3.088 3.230 3.203 3.150 3.069 3.120 3.270 3.239 3.277 3.104 3.111 3.254 3.287 3.296 3.123 3.188 3.305 3.295 3.262 09/05/2023
3.896 3.871 3.846 3.810 3.771 3.862 3.867 3.845 3.848 3.747 3.931 3.883 3.905 3.886 3.775 3.912 3.916 3.868 3.845 3.781 3.902 3.911 3.951 3.879 3.796 3.967 3.881 3.970 3.869 3.765 10/05/2023
3.744 3.706 3.738 3.873 3.952 3.694 3.672 3.738 3.959 3.884 3.688 3.668 3.812 3.790 3.915 3.684 3.709 3.784 3.752 3.960 3.585 3.716 3.785 3.789 3.938 3.525 3.670 3.789 3.737 3.914 11/05/2023
4.482 4.440 4.535 4.422 4.458 4.426 4.408 4.525 4.464 4.359 4.163 4.352 4.348 4.329 4.393 4.099 4.139 4.417 4.361 4.441 3.978 4.139 4.162 4.413 4.416 3.956 4.130 4.182 4.367 4.379 12/05/2023
2.133 2.042 2.068 2.039 2.089 2.010 1.992 2.052 2.070 2.041 2.173 1.981 2.137 2.125 2.047 2.214 2.288 2.179 2.159 2.125 2.257 2.284 2.220 2.186 2.003 2.180 2.277 2.207 2.087 1.975 13/05/2023
3.642 3.679 3.678 3.688 3.633 3.671 3.669 3.661 3.747 3.590 3.627 3.663 3.700 3.669 3.616 3.643 3.711 3.736 3.715 3.768 3.643 3.708 3.693 3.750 3.797 3.721 3.782 3.796 3.759 3.762 14/05/2023
1.905 1.893 1.801 1.725 1.737 1.848 1.829 1.781 1.703 1.581 2.310 1.723 1.856 1.827 1.614 2.358 1.912 1.691 1.645 1.776 2.451 1.905 1.896 1.714 1.644 2.412 2.238 2.196 1.826 1.581 15/05/2023
3.426 3.223 3.275 3.120 3.070 3.210 3.198 3.264 3.008 2.979 3.295 3.156 3.086 3.069 2.998 3.306 3.053 2.665 2.635 2.877 3.214 3.044 3.078 2.685 2.646 3.022 2.929 2.909 2.828 2.597 16/05/2023
2.615 2.490 2.568 2.407 2.517 2.470 2.460 2.563 2.440 2.454 2.709 2.602 2.592 2.585 2.458 2.785 2.680 2.608 2.604 2.592 2.738 2.678 2.606 2.610 2.783 2.737 2.658 2.586 2.635 2.789 17/05/2023
3.458 3.502 3.368 3.248 3.268 3.477 3.457 3.357 3.640 3.535 3.383 3.321 3.602 3.585 3.567 3.413 3.427 3.540 3.529 3.547 3.359 3.424 3.449 3.547 3.593 3.413 3.477 3.503 3.511 3.567 18/05/2023
1.256 1.223 1.287 1.460 1.589 1.221 1.236 1.273 1.435 1.390 1.243 1.216 1.406 1.390 1.421 1.352 1.468 1.406 1.389 1.470 1.362 1.459 1.364 1.415 1.428 1.290 1.416 1.357 1.367 1.403 19/05/2023
2.919 2.815 2.759 2.526 2.520 2.769 2.724 2.729 2.577 2.464 2.960 2.605 2.599 2.573 2.494 2.899 2.834 2.989 2.940 2.393 2.939 2.834 2.878 3.016 2.962 2.760 2.821 2.880 3.041 2.880 20/05/2023
3.544 3.394 3.441 3.375 3.334 3.349 3.347 3.414 3.486 3.337 3.552 3.579 3.571 3.543 3.361 3.557 3.542 3.621 3.572 3.562 3.498 3.543 3.589 3.632 3.534 3.541 3.390 3.428 3.602 3.475 21/05/2023
3.536 3.432 3.444 3.606 3.501 3.418 3.417 3.434 3.814 3.651 3.247 3.395 3.607 3.598 3.669 3.306 3.518 3.455 3.438 3.456 3.534 3.515 3.559 3.465 3.589 3.718 3.653 3.716 3.614 3.553 22/05/2023
4.964 4.990 5.124 5.078 4.896 4.981 5.027 5.104 5.257 4.884 4.956 5.014 5.241 5.218 4.901 5.002 5.169 5.193 5.175 5.230 4.985 5.163 5.078 5.206 5.237 5.023 5.291 5.217 5.208 5.215 23/05/2023
3.847 4.017 4.381 4.353 4.228 4.043 4.043 4.371 4.187 4.135 3.973 4.137 4.189 4.174 4.150 3.884 4.103 4.076 4.059 4.175 4.100 4.095 4.009 4.089 4.293 4.077 4.194 4.115 4.254 4.265 24/05/2023
2.014 1.946 2.179 2.130 2.235 1.889 1.843 2.143 2.263 2.149 1.976 1.924 2.257 2.215 2.183 1.926 2.111 2.200 2.126 2.341 1.939 2.091 2.123 2.220 2.408 1.923 2.053 2.175 2.261 2.368 25/05/2023
2.356 2.204 1.586 1.223 1.143 2.156 2.113 1.536 1.407 1.102 2.433 2.030 1.800 1.749 0.957 2.491 2.070 1.436 1.317 1.245 2.265 2.071 2.154 1.481 1.204 2.256 2.063 2.157 1.461 1.043 26/05/2023
3.327 3.105 3.197 3.333 3.334 3.073 3.048 3.175 3.383 3.258 3.068 3.046 3.263 3.241 3.261 3.069 3.059 3.090 3.057 3.200 3.021 3.057 3.133 3.108 3.164 2.930 3.056 3.153 3.116 3.123 27/05/2023
4.064 3.826 3.746 3.554 3.546 3.802 3.796 3.732 3.785 3.659 3.607 3.893 3.911 3.898 3.672 3.638 3.992 3.986 3.964 3.689 3.824 3.993 3.995 3.990 3.764 3.691 4.001 3.984 3.812 3.727 28/05/2023
4.422 4.403 4.385 4.272 4.330 4.388 4.381 4.373 4.418 4.320 4.428 4.403 4.454 4.422 4.346 4.436 4.497 4.460 4.426 4.441 4.446 4.492 4.468 4.478 4.500 4.446 4.497 4.495 4.498 4.451 29/05/2023
4.897 4.916 4.937 4.868 4.791 4.910 4.905 4.941 5.016 4.858 4.953 4.975 4.896 4.869 4.880 4.905 4.973 4.971 4.921 5.002 5.018 4.966 4.951 4.983 5.027 5.040 4.965 4.967 4.985 4.979 30/05/2023
5.192 5.062 5.119 5.013 4.953 5.061 5.054 5.121 5.036 4.867 5.075 5.048 5.023 5.028 4.881 5.127 5.109 5.023 5.046 5.046 5.107 5.109 5.029 5.034 5.015 5.018 5.088 5.022 5.050 5.028 31/05/2023
4.909 4.822 4.897 4.794 4.747 4.795 4.766 4.877 4.876 4.700 4.743 4.761 4.868 4.828 4.741 4.667 4.718 4.819 4.785 4.828 4.711 4.711 4.808 4.840 4.896 4.773 4.716 4.841 4.819 4.823 01/06/2023
4.320 4.268 4.283 4.238 4.259 4.229 4.225 4.270 4.340 4.175 4.352 4.266 4.432 4.400 4.210 4.346 4.444 4.444 4.411 4.432 4.399 4.437 4.495 4.468 4.527 4.553 4.517 4.647 4.568 4.482 02/06/2023
4.379 4.252 4.304 4.114 4.103 4.218 4.185 4.286 4.433 4.198 4.170 4.273 4.381 4.338 4.244 4.192 4.354 4.403 4.359 4.393 4.255 4.349 4.382 4.406 4.444 4.365 4.399 4.454 4.464 4.398 03/06/2023
4.785 4.662 4.669 4.515 4.500 4.614 4.592 4.651 4.790 4.560 4.648 4.646 4.804 4.751 4.617 4.571 4.655 4.814 4.739 4.762 4.597 4.646 4.808 4.843 4.837 4.604 4.674 4.895 4.859 4.774 04/06/2023
5.521 5.552 5.635 5.679 5.607 5.520 5.502 5.638 5.811 5.655 5.633 5.711 5.811 5.784 5.687 5.594 5.589 5.772 5.742 5.799 5.575 5.575 5.667 5.777 5.628 5.487 5.472 5.572 5.594 5.593 05/06/2023
5.620 5.433 5.485 5.443 5.362 5.410 5.406 5.468 5.385 5.228 5.297 5.288 5.319 5.299 5.248 5.274 5.056 5.090 5.059 5.140 5.145 5.051 5.139 5.110 4.968 5.048 4.903 5.019 4.993 4.922 06/06/2023
4.170 4.252 4.354 4.334 4.379 4.220 4.201 4.332 4.399 4.336 4.189 4.223 4.408 4.386 4.353 4.233 4.390 4.382 4.359 4.300 4.285 4.377 4.374 4.391 4.271 4.228 4.373 4.370 4.320 4.229 07/06/2023
4.233 4.043 4.091 4.092 4.175 4.008 4.002 4.061 4.068 3.967 4.110 4.075 4.097 4.073 3.994 4.108 4.053 4.022 3.987 3.774 4.155 4.045 4.083 4.028 3.734 4.188 4.106 4.137 3.918 3.634 08/06/2023
4.129 4.015 4.177 4.474 4.552 3.964 3.914 4.138 4.609 4.542 3.926 3.951 4.541 4.520 4.559 4.085 4.303 4.483 4.470 4.550 4.090 4.296 4.335 4.491 4.505 4.169 4.272 4.337 4.445 4.511 09/06/2023
4.702 4.647 4.727 4.721 4.723 4.611 4.618 4.708 4.810 4.724 4.589 4.633 4.743 4.721 4.746 4.531 4.608 4.714 4.698 4.769 4.536 4.608 4.669 4.725 4.770 4.558 4.624 4.717 4.746 4.748 10/06/2023
4.625 4.586 4.541 4.398 4.430 4.573 4.558 4.540 4.588 4.418 4.592 4.558 4.626 4.591 4.453 4.532 4.554 4.620 4.579 4.589 4.547 4.550 4.618 4.621 4.667 4.550 4.579 4.680 4.670 4.621 11/06/2023
4.855 4.793 4.782 4.599 4.615 4.780 4.764 4.770 4.694 4.511 4.666 4.707 4.778 4.752 4.555 4.581 4.633 4.728 4.691 4.699 4.585 4.629 4.695 4.743 4.700 4.577 4.633 4.749 4.714 4.652 12/06/2023
4.170 3.903 4.007 3.713 3.775 3.877 3.861 3.988 3.910 3.681 3.814 3.865 3.864 3.844 3.730 3.874 3.863 3.760 3.730 3.846 3.835 3.860 3.685 3.779 3.652 3.801 3.817 3.652 3.625 3.620 13/06/2023
3.862 3.901 3.900 3.706 3.695 3.885 3.855 3.886 3.882 3.731 3.791 3.841 3.892 3.863 3.768 3.780 3.647 3.734 3.714 3.751 3.728 3.639 3.668 3.747 3.619 3.744 3.672 3.722 3.690 3.574 14/06/2023
2.850 2.772 2.869 2.756 2.845 2.754 2.716 2.854 2.736 2.658 2.583 2.636 2.746 2.728 2.674 2.580 2.725 2.662 2.638 2.749 2.887 2.713 2.677 2.670 2.746 2.808 2.773 2.735 2.773 2.720 15/06/2023
3.209 3.119 3.048 2.940 2.919 3.093 3.051 3.036 3.134 3.007 3.005 3.068 3.120 3.079 3.040 2.993 3.026 3.086 3.047 3.054 3.083 3.020 3.010 3.102 3.133 3.179 3.242 3.251 3.219 3.071 16/06/2023
3.163 3.099 3.025 3.030 3.241 3.047 3.005 3.000 3.294 3.272 2.994 2.963 3.323 3.281 3.301 2.951 2.975 3.244 3.187 3.192 2.966 2.967 3.230 3.272 3.210 2.973 2.917 3.211 3.236 3.114 17/06/2023
3.529 3.526 3.567 3.436 3.523 3.493 3.481 3.555 3.454 3.409 3.415 3.467 3.465 3.434 3.414 3.434 3.564 3.408 3.369 3.381 3.590 3.557 3.476 3.425 3.390 3.533 3.564 3.524 3.560 3.340 18/06/2023
2.457 2.455 2.443 2.294 2.483 2.428 2.416 2.428 2.516 2.519 2.373 2.398 2.571 2.545 2.551 2.509 2.595 2.435 2.405 2.432 2.399 2.591 2.389 2.456 2.330 2.415 2.586 2.425 2.303 2.275 19/06/2023
3.598 3.512 3.462 3.341 3.385 3.497 3.457 3.442 3.423 3.326 3.408 3.329 3.407 3.360 3.345 3.412 3.459 3.377 3.333 3.324 3.411 3.452 3.388 3.385 3.283 3.366 3.521 3.478 3.382 3.245 20/06/2023
3.502 3.519 3.310 3.230 3.126 3.479 3.444 3.301 3.465 3.238 3.484 3.506 3.341 3.312 3.265 3.440 3.399 3.421 3.376 3.483 3.312 3.389 3.435 3.428 3.500 3.294 3.361 3.384 3.430 3.441 21/06/2023
3.167 3.396 3.116 2.792 2.757 3.357 3.338 3.090 2.952 2.785 3.079 2.958 3.059 3.042 2.814 3.077 3.227 2.912 2.872 2.801 3.040 3.216 3.190 2.928 2.596 2.955 3.018 2.939 2.697 2.559 22/06/2023
4.411 4.406 4.284 3.909 3.942 4.383 4.364 4.269 4.101 4.006 4.342 4.286 4.198 4.174 4.031 4.366 4.356 4.202 4.171 4.159 4.355 4.351 4.202 4.221 4.197 4.376 4.420 4.302 4.276 4.158 23/06/2023
3.300 3.466 3.494 3.476 3.492 3.429 3.414 3.467 3.537 3.435 3.397 3.470 3.486 3.447 3.466 3.445 3.691 3.573 3.528 3.598 3.460 3.683 3.582 3.596 3.662 3.631 3.729 3.654 3.713 3.608 24/06/2023
3.423 3.449 3.335 3.177 3.181 3.417 3.388 3.320 3.264 3.160 3.226 3.195 3.254 3.219 3.192 3.289 3.354 3.302 3.271 3.350 3.272 3.351 3.262 3.321 3.267 3.332 3.259 3.227 3.146 3.211 25/06/2023
3.366 3.384 3.350 3.059 3.084 3.345 3.320 3.332 3.238 3.119 3.223 3.304 3.177 3.124 3.154 3.185 3.226 3.251 3.214 3.283 3.166 3.215 3.211 3.271 3.254 3.213 3.157 3.186 3.223 3.196 26/06/2023
3.252 2.989 3.104 2.942 2.996 2.947 2.923 3.096 3.083 2.993 2.964 2.814 2.957 2.932 3.011 2.982 2.943 2.926 2.897 2.944 3.106 2.939 2.875 2.939 3.210 3.150 3.097 3.099 3.108 3.172 27/06/2023
3.424 3.449 3.426 3.128 3.181 3.418 3.377 3.411 3.202 3.168 3.314 3.360 3.365 3.328 3.197 3.255 3.272 3.389 3.355 3.290 3.402 3.266 3.272 3.405 3.312 3.382 3.432 3.453 3.473 3.236 28/06/2023
3.519 3.575 3.530 3.307 3.376 3.551 3.525 3.509 3.330 3.256 3.485 3.437 3.424 3.402 3.278 3.566 3.452 3.401 3.358 3.385 3.593 3.446 3.373 3.412 3.345 3.637 3.547 3.480 3.414 3.294 29/06/2023
4.401 4.456 4.337 4.217 4.274 4.415 4.401 4.316 4.517 4.419 4.350 4.413 4.512 4.479 4.444 4.362 4.562 4.630 4.601 4.615 4.493 4.556 4.541 4.647 4.656 4.554 4.607 4.609 4.632 4.612 30/06/2023
3.820 3.826 3.769 3.655 3.688 3.796 3.770 3.754 3.803 3.700 3.732 3.740 3.748 3.719 3.728 3.725 3.690 3.631 3.594 3.640 3.742 3.681 3.614 3.651 3.672 3.727 3.715 3.691 3.678 3.606 01/07/2023
3.569 3.547 3.478 3.308 3.282 3.518 3.502 3.461 3.536 3.413 3.416 3.412 3.448 3.425 3.438 3.478 3.529 3.423 3.392 3.402 3.539 3.520 3.437 3.437 3.261 3.414 3.375 3.240 3.268 3.221 02/07/2023
4.597 4.738 4.612 4.510 4.472 4.715 4.700 4.607 4.690 4.564 4.671 4.689 4.689 4.668 4.588 4.686 4.733 4.682 4.656 4.644 4.719 4.725 4.695 4.690 4.695 4.722 4.725 4.714 4.699 4.651 03/07/2023
3.440 3.627 3.568 3.313 3.400 3.594 3.556 3.540 3.571 3.560 3.889 3.897 3.611 3.580 3.591 3.539 3.667 3.658 3.632 3.506 3.602 3.661 3.679 3.677 3.504 3.496 3.610 3.653 3.620 3.466 04/07/2023
3.316 3.452 3.352 3.269 3.331 3.422 3.423 3.341 3.333 3.254 3.390 3.328 3.387 3.363 3.281 3.410 3.417 3.328 3.297 3.417 3.368 3.405 3.350 3.340 3.388 3.416 3.405 3.389 3.401 3.353 05/07/2023
4.572 4.642 4.521 4.370 4.368 4.631 4.603 4.507 4.644 4.488 4.584 4.561 4.603 4.584 4.521 4.578 4.532 4.572 4.546 4.583 4.599 4.527 4.561 4.586 4.610 4.552 4.535 4.601 4.602 4.571 06/07/2023
5.127 5.200 5.033 4.907 4.645 5.140 5.093 5.004 4.998 4.727 5.058 5.058 4.982 4.941 4.771 4.935 4.906 4.990 4.939 4.951 4.987 4.896 4.956 5.017 5.026 5.011 4.938 5.047 5.065 4.951 07/07/2023
5.758 5.687 5.615 5.390 5.260 5.692 5.687 5.613 5.300 5.149 5.428 5.484 5.323 5.294 5.166 5.240 5.114 5.228 5.207 5.186 5.215 5.113 5.255 5.235 5.206 5.148 5.093 5.240 5.234 5.156 08/07/2023
4.959 5.008 4.915 4.662 4.190 4.963 4.909 4.878 4.494 4.266 4.799 4.882 4.505 4.401 4.342 4.683 4.704 4.436 4.327 4.346 4.808 4.677 4.443 4.487 4.450 4.775 4.655 4.545 4.514 4.276 09/07/2023
3.794 3.858 3.750 3.655 3.645 3.833 3.817 3.728 3.683 3.562 3.628 3.747 3.795 3.767 3.599 3.581 3.626 3.741 3.715 3.733 3.666 3.622 3.630 3.753 3.645 3.581 3.640 3.701 3.670 3.595 10/07/2023
4.258 4.370 4.205 4.069 3.984 4.354 4.323 4.193 4.223 4.086 4.260 4.273 4.231 4.189 4.123 4.210 4.159 4.179 4.141 4.055 4.207 4.157 4.188 4.199 4.044 4.218 4.185 4.253 4.165 3.984 11/07/2023
4.439 4.545 4.414 4.314 4.303 4.504 4.485 4.396 4.537 4.403 4.506 4.527 4.451 4.425 4.433 4.464 4.517 4.464 4.420 4.506 4.542 4.508 4.546 4.474 4.539 4.527 4.483 4.549 4.552 4.490 12/07/2023
4.723 4.798 4.728 4.549 4.583 4.776 4.749 4.715 4.644 4.566 4.784 4.599 4.629 4.609 4.584 4.801 4.621 4.637 4.609 4.540 4.751 4.617 4.564 4.652 4.656 4.728 4.672 4.664 4.688 4.622 13/07/2023
5.017 5.174 5.009 5.010 4.963 5.172 5.148 4.999 5.197 5.098 5.148 5.161 5.121 5.114 5.104 5.217 5.093 5.154 5.142 5.183 5.179 5.087 5.137 5.158 5.171 5.160 5.075 5.127 5.169 5.158 14/07/2023
4.958 5.045 4.892 4.635 4.573 5.017 4.980 4.879 4.786 4.652 4.871 4.944 4.847 4.805 4.681 4.806 4.867 4.826 4.787 4.749 4.814 4.869 4.811 4.843 4.817 4.777 4.825 4.815 4.857 4.757 15/07/2023
3.588 3.609 3.594 3.543 3.456 3.584 3.555 3.579 3.735 3.584 3.481 3.587 3.733 3.695 3.612 3.538 3.884 3.856 3.802 3.825 3.795 3.877 3.771 3.878 3.975 3.841 3.988 3.984 4.045 3.901 16/07/2023
3.894 3.997 3.932 3.850 3.835 3.970 3.952 3.916 3.938 3.828 3.995 3.974 3.921 3.879 3.858 3.942 3.987 3.935 3.887 3.857 3.984 3.977 3.961 3.953 3.807 3.786 3.859 3.843 3.889 3.735 17/07/2023
4.982 5.042 4.841 4.741 4.668 5.029 5.015 4.833 4.876 4.744 5.088 5.011 4.807 4.779 4.765 5.057 4.934 4.817 4.785 4.802 5.031 4.925 4.890 4.831 4.767 4.939 4.852 4.816 4.832 4.720 18/07/2023
4.867 5.016 4.892 4.821 4.726 5.001 4.982 4.881 5.092 4.886 5.151 5.119 5.055 5.041 4.919 5.103 5.084 5.110 5.085 5.070 5.193 5.082 5.170 5.123 5.154 5.141 5.083 5.192 5.159 5.118 19/07/2023
5.531 5.615 5.507 5.310 5.149 5.626 5.609 5.502 5.558 5.308 5.679 5.607 5.411 5.405 5.334 5.489 5.399 5.441 5.435 5.510 5.530 5.395 5.485 5.446 5.543 5.524 5.435 5.572 5.552 5.536 20/07/2023
7.482 7.311 7.066 7.070 6.893 7.319 7.285 7.067 7.054 6.915 7.383 7.125 6.895 6.864 6.933 6.834 6.594 6.796 6.748 6.774 6.684 6.595 6.920 6.818 6.980 6.607 6.510 6.891 6.947 6.924 21/07/2023
7.861 7.372 7.614 7.781 7.440 7.369 7.351 7.603 6.942 6.827 7.443 7.214 6.979 6.976 6.824 6.878 6.524 6.813 6.807 6.820 6.628 6.523 6.839 6.815 6.780 6.454 6.370 6.682 6.623 6.766 22/07/2023
8.795 8.555 8.847 9.159 8.596 8.498 8.477 8.839 8.628 8.340 8.771 8.574 8.537 8.501 8.354 8.125 7.749 8.308 8.265 8.375 7.713 7.746 8.190 8.314 8.204 7.470 7.473 7.919 7.984 8.193 23/07/2023
9.015 8.449 8.925 9.202 8.787 8.447 8.436 8.932 8.673 8.415 8.407 8.379 8.390 8.356 8.440 7.687 7.657 8.458 8.425 8.669 7.518 7.645 8.124 8.474 8.426 7.400 7.532 8.013 8.229 8.387 24/07/2023
8.613 7.695 7.866 7.989 7.649 7.704 7.691 7.892 7.053 6.959 7.565 7.277 7.078 7.056 6.973 7.035 6.444 6.705 6.683 6.674 6.622 6.434 6.753 6.720 6.261 6.345 6.193 6.509 6.330 6.228 25/07/2023
7.390 7.099 7.226 7.047 6.764 7.091 7.092 7.239 6.583 6.520 7.275 7.060 6.843 6.821 6.542 6.651 6.355 6.790 6.767 6.583 6.471 6.355 6.813 6.799 6.479 6.314 6.224 6.610 6.449 6.452 26/07/2023
5.722 5.737 5.761 5.817 5.617 5.690 5.652 5.716 5.619 5.492 5.622 5.710 5.567 5.568 5.512 5.481 5.650 5.601 5.600 5.449 5.777 5.642 5.701 5.593 5.482 5.536 5.403 5.515 5.595 5.475 27/07/2023
5.429 4.990 5.007 4.870 4.725 4.972 4.946 4.995 5.151 5.008 5.321 5.225 5.160 5.145 5.035 5.269 5.313 5.267 5.236 5.222 5.377 5.304 5.376 5.276 5.234 5.355 5.288 5.412 5.297 5.201 28/07/2023
4.703 4.727 4.652 4.674 4.587 4.752 4.754 4.665 4.866 4.674 4.722 4.769 4.695 4.681 4.689 4.660 4.749 4.671 4.659 4.643 4.684 4.741 4.831 4.674 4.582 4.571 4.550 4.635 4.632 4.572 29/07/2023
5.102 5.238 5.008 4.713 4.622 5.231 5.219 5.007 4.971 4.801 5.229 5.238 5.076 5.057 4.834 5.155 5.099 5.148 5.108 5.051 5.050 5.096 5.100 5.156 5.204 5.014 5.071 5.111 5.154 5.147 30/07/2023
5.710 5.498 5.360 5.095 4.975 5.501 5.482 5.355 5.279 5.080 5.281 5.164 5.073 5.037 5.115 5.085 5.036 5.136 5.096 5.256 5.138 5.034 5.184 5.157 5.277 5.154 5.104 5.316 5.373 5.230 31/07/2023
