# 6448 6449 6450 6451 6452 6528 6529 6530 6531 6532 6610 6611 6612 6613 6614 6693 6694 6695 6696 6697 6776 6777 6778 6779 6780 6859 6860 6861 6862 6863 Date
6.520 6.550 6.545 6.398 6.305 6.571 6.593 6.557 6.657 6.393 6.684 6.684 6.652 6.627 6.437 6.595 6.546 6.714 6.686 6.684 6.691 6.546 6.743 6.728 6.770 6.819 6.631 6.820 6.781 6.753 01/08/2046
6.113 6.358 6.412 6.313 6.195 6.363 6.359 6.397 6.793 6.462 6.534 6.589 6.512 6.480 6.525 6.450 6.547 6.788 6.758 6.821 6.634 6.544 6.754 6.812 6.816 6.791 6.661 6.904 6.949 6.782 02/08/2046
5.533 5.298 5.330 5.055 4.825 5.298 5.301 5.342 5.051 4.851 5.473 5.314 5.090 5.043 4.868 5.229 5.032 5.111 5.068 4.998 5.189 5.024 5.128 5.138 5.056 5.275 5.108 5.346 5.167 4.987 03/08/2046
7.367 7.185 7.247 7.133 7.057 7.190 7.178 7.257 7.233 7.084 7.354 7.308 7.241 7.193 7.085 7.377 7.221 7.253 7.196 7.165 7.480 7.218 7.266 7.280 7.290 7.485 7.288 7.397 7.363 7.192 04/08/2046
7.046 6.556 6.562 6.479 6.177 6.543 6.537 6.548 6.133 5.825 6.175 6.115 5.973 5.963 5.871 6.068 5.723 5.796 5.793 5.862 5.843 5.724 5.857 5.798 5.679 5.712 5.577 5.721 5.676 5.669 05/08/2046
6.533 6.300 6.320 6.104 5.796 6.274 6.234 6.307 5.808 5.577 6.404 6.326 6.007 5.990 5.616 6.224 5.725 5.777 5.714 5.628 6.019 5.720 5.878 5.798 5.558 5.866 5.622 5.830 5.680 5.517 06/08/2046
5.765 5.704 5.869 5.831 5.763 5.722 5.736 5.886 5.983 5.769 5.955 5.874 5.948 5.926 5.797 5.867 5.756 5.978 5.936 5.989 5.972 5.761 6.002 5.985 5.993 5.979 5.795 6.026 6.002 5.962 07/08/2046
6.053 6.041 6.080 5.952 5.799 6.050 6.095 6.088 6.018 5.767 6.197 6.204 6.062 6.039 5.803 6.081 5.817 6.019 6.008 5.880 5.956 5.818 6.040 6.025 5.824 5.804 5.637 5.907 5.854 5.799 08/08/2046
6.577 6.538 6.565 6.453 6.253 6.542 6.571 6.577 6.548 6.235 6.713 6.650 6.540 6.526 6.252 6.533 6.320 6.488 6.492 6.430 6.467 6.316 6.623 6.490 6.492 6.433 6.330 6.617 6.548 6.496 09/08/2046
6.778 6.818 6.915 6.761 6.548 6.834 6.848 6.919 6.917 6.790 6.993 6.999 6.699 6.671 6.808 6.642 6.719 6.834 6.799 6.738 6.756 6.716 6.820 6.853 6.953 7.038 6.853 7.048 7.006 6.893 10/08/2046
4.864 4.491 4.506 5.174 4.885 4.470 4.469 4.502 4.789 4.667 4.387 4.437 4.525 4.503 4.706 4.067 4.148 4.550 4.512 4.731 4.139 4.136 4.447 4.562 4.618 4.195 4.257 4.653 4.541 4.553 11/08/2046
4.674 4.638 4.579 4.505 4.496 4.634 4.616 4.574 4.616 4.474 4.711 4.653 4.682 4.682 4.481 4.582 4.565 4.713 4.723 4.614 4.605 4.558 4.758 4.711 4.800 4.678 4.700 4.817 4.768 4.808 12/08/2046
5.314 5.436 5.473 5.407 5.502 5.474 5.462 5.478 5.725 5.514 5.516 5.493 5.606 5.591 5.520 5.478 5.394 5.597 5.581 5.769 5.436 5.399 5.563 5.609 5.669 5.462 5.350 5.528 5.553 5.648 13/08/2046
4.091 4.189 4.199 4.175 4.073 4.163 4.147 4.174 4.281 4.027 4.347 4.298 4.295 4.272 4.096 4.244 4.366 4.353 4.349 4.343 4.262 4.365 4.522 4.370 4.349 4.208 4.326 4.509 4.345 4.339 14/08/2046
7.708 7.523 7.634 7.700 7.581 7.555 7.551 7.654 7.729 7.357 7.405 7.473 7.646 7.627 7.365 7.392 7.287 7.749 7.698 7.703 7.350 7.299 7.503 7.789 7.836 7.313 7.253 7.529 7.656 7.797 15/08/2046
8.225 7.367 8.257 8.557 8.041 7.396 7.395 8.292 7.893 7.708 7.470 7.455 7.904 7.867 7.732 7.054 7.098 8.128 8.097 8.065 6.891 7.098 7.643 8.141 8.147 6.952 7.217 7.811 8.075 8.093 16/08/2046
4.050 4.119 4.586 4.961 4.903 4.148 4.156 4.581 5.053 4.991 3.876 4.210 4.607 4.613 5.022 3.672 3.828 4.583 4.571 5.121 3.492 3.832 4.042 4.584 5.100 3.612 3.738 3.972 4.449 5.059 17/08/2046
3.982 3.910 4.196 4.259 4.135 3.941 3.938 4.201 4.416 4.186 3.936 4.028 4.182 4.151 4.231 3.815 3.872 4.148 4.102 4.327 3.889 3.862 4.026 4.159 4.320 3.874 3.873 4.061 4.005 4.271 18/08/2046
4.440 4.445 4.487 4.333 4.282 4.422 4.393 4.480 4.476 4.313 4.397 4.428 4.300 4.259 4.365 4.289 4.404 4.539 4.508 4.633 4.419 4.398 4.550 4.557 4.657 4.454 4.417 4.626 4.669 4.592 19/08/2046
4.003 3.983 4.014 3.554 3.761 3.964 3.954 4.010 3.991 3.881 4.035 3.982 3.949 3.902 3.924 4.015 3.904 4.014 3.966 3.992 4.065 3.892 4.035 4.033 3.970 4.113 3.909 4.072 4.040 3.900 20/08/2046
2.186 2.412 2.800 2.786 2.864 2.385 2.358 2.791 3.155 3.044 2.713 2.856 3.059 3.029 3.084 2.651 3.035 3.412 3.369 3.364 2.945 3.028 3.123 3.432 3.501 3.284 3.239 3.409 3.613 3.442 21/08/2046
4.118 4.068 4.054 3.950 3.907 4.054 4.046 4.047 4.011 3.876 4.089 4.131 4.045 4.033 3.892 4.030 4.057 4.065 4.042 4.049 4.161 4.046 4.122 4.066 4.007 4.153 4.068 4.161 4.009 3.975 22/08/2046
4.003 3.996 4.079 3.902 3.862 3.982 3.992 4.085 3.938 3.841 4.013 4.020 3.932 3.920 3.880 3.995 3.953 3.925 3.882 3.942 4.017 3.952 3.953 3.932 3.925 4.029 3.954 3.958 3.959 3.885 23/08/2046
4.674 4.636 4.802 4.729 4.700 4.644 4.652 4.806 4.863 4.723 4.762 4.770 4.778 4.771 4.736 4.672 4.694 4.837 4.809 4.819 4.805 4.698 4.835 4.858 4.819 4.867 4.762 4.925 4.897 4.788 24/08/2046
5.261 5.149 5.192 5.123 5.051 5.145 5.146 5.200 5.153 4.955 5.236 5.182 5.108 5.090 4.982 5.098 4.999 5.146 5.131 5.131 5.115 4.996 5.224 5.165 5.008 5.141 5.013 5.216 5.139 5.014 25/08/2046
4.470 4.295 4.421 4.390 4.164 4.304 4.294 4.433 4.204 4.064 4.106 4.165 4.199 4.193 4.106 4.049 4.011 4.073 4.053 4.126 3.975 4.016 4.060 4.084 4.172 3.947 3.956 4.002 4.069 4.125 26/08/2046
3.025 2.917 3.035 2.864 2.870 2.888 2.884 3.016 2.712 2.640 2.989 3.048 3.165 3.152 2.675 2.976 3.012 3.169 3.155 2.953 3.024 3.007 2.979 3.178 2.913 2.983 3.074 3.074 3.214 2.896 27/08/2046
3.807 3.607 3.709 3.671 3.555 3.585 3.541 3.699 3.564 3.399 3.663 3.598 3.534 3.494 3.427 3.522 3.502 3.512 3.465 3.485 3.441 3.498 3.542 3.528 3.441 3.547 3.410 3.507 3.570 3.372 28/08/2046
3.431 3.291 3.387 3.333 3.321 3.272 3.249 3.381 3.473 3.339 3.370 3.429 3.496 3.462 3.371 3.339 3.249 3.500 3.458 3.457 3.338 3.246 3.371 3.519 3.376 3.277 3.262 3.414 3.432 3.332 29/08/2046
3.730 3.586 3.733 3.716 3.525 3.577 3.565 3.745 3.648 3.485 3.674 3.704 3.647 3.597 3.536 3.594 3.529 3.632 3.577 3.600 3.510 3.526 3.589 3.662 3.556 3.497 3.493 3.608 3.613 3.503 30/08/2046
4.039 3.947 4.002 3.919 3.831 3.924 3.919 3.998 3.899 3.772 4.069 4.013 3.945 3.933 3.794 3.977 3.932 3.917 3.904 3.852 3.970 3.934 3.979 3.932 3.841 3.972 3.856 3.906 3.869 3.815 31/08/2046
3.925 3.895 3.863 3.768 3.732 3.906 3.909 3.868 3.846 3.749 4.052 3.934 3.845 3.827 3.772 3.979 3.867 3.901 3.884 3.866 3.968 3.865 3.941 3.919 3.837 3.890 3.807 3.888 3.900 3.812 01/09/2046
4.358 4.198 4.499 4.715 4.481 4.210 4.218 4.507 4.540 4.416 4.106 4.271 4.281 4.269 4.438 3.967 4.055 4.315 4.295 4.396 3.948 4.055 4.194 4.325 4.483 4.093 4.052 4.216 4.506 4.459 02/09/2046
3.516 3.502 3.503 3.504 3.500 3.506 3.501 3.514 3.528 3.455 3.405 3.479 3.411 3.405 3.486 3.331 3.364 3.327 3.317 3.480 3.284 3.365 3.393 3.340 3.244 3.148 3.289 3.339 3.351 3.226 03/09/2046
3.321 3.063 3.216 3.142 3.226 3.066 3.067 3.218 3.418 3.260 3.045 3.079 3.323 3.293 3.300 2.973 2.821 3.131 3.114 3.298 2.895 2.825 3.120 3.137 3.093 2.827 2.732 3.029 3.066 3.077 04/09/2046
3.548 3.496 3.555 3.662 3.538 3.492 3.483 3.547 3.552 3.622 3.539 3.565 3.431 3.401 3.648 4.272 4.460 3.541 3.513 3.619 4.289 4.459 3.523 3.555 3.673 4.265 4.480 3.598 3.657 3.633 05/09/2046
3.455 3.366 3.377 3.329 3.299 3.359 3.351 3.378 3.262 3.239 3.421 3.340 3.299 3.272 3.288 2.933 2.931 3.385 3.358 3.308 2.887 2.921 3.338 3.401 3.311 2.867 2.942 3.373 3.367 3.272 06/09/2046
3.291 3.186 3.201 3.193 3.117 3.170 3.158 3.204 3.238 3.171 3.197 3.243 3.242 3.223 3.193 3.135 3.196 3.279 3.242 3.297 3.180 3.202 3.241 3.292 3.321 3.110 3.139 3.224 3.317 3.278 07/09/2046
2.748 2.849 2.808 2.184 2.192 2.803 2.782 2.803 2.422 2.333 2.907 3.023 2.875 2.834 2.380 2.790 2.921 2.672 2.611 2.671 2.834 2.922 3.052 2.679 2.594 2.634 2.460 2.667 2.614 2.524 08/09/2046
2.891 2.738 2.784 2.487 2.701 2.710 2.674 2.782 2.743 2.772 2.861 2.943 2.855 2.838 2.801 2.901 2.906 2.970 2.942 2.812 2.923 2.904 2.918 2.981 2.918 2.814 2.835 2.915 2.973 2.889 09/09/2046
3.061 3.018 2.931 2.755 2.748 3.011 2.997 2.925 2.858 2.753 3.068 2.940 2.956 2.948 2.770 3.023 2.899 2.912 2.872 2.825 2.889 2.897 2.998 2.924 2.961 2.985 2.914 3.032 2.962 2.954 10/09/2046
2.513 2.426 2.384 2.423 2.447 2.418 2.412 2.385 2.519 2.447 2.498 2.375 2.444 2.432 2.467 2.540 2.570 2.473 2.453 2.474 2.578 2.577 2.573 2.486 2.518 2.504 2.494 2.494 2.555 2.484 11/09/2046
3.792 3.716 3.712 3.686 3.584 3.743 3.769 3.730 3.657 3.521 3.774 3.771 3.640 3.640 3.548 3.641 3.579 3.717 3.723 3.671 3.683 3.583 3.773 3.718 3.659 3.685 3.587 3.740 3.653 3.675 12/09/2046
2.261 2.205 2.313 2.259 2.242 2.206 2.203 2.314 2.313 2.231 2.113 2.253 2.367 2.353 2.264 2.130 2.206 2.240 2.215 2.170 2.117 2.210 2.201 2.249 2.152 2.048 2.080 2.103 2.101 2.121 13/09/2046
2.723 2.649 2.761 2.774 2.784 2.635 2.620 2.754 2.792 2.705 2.572 2.552 2.726 2.721 2.724 2.614 2.544 2.622 2.607 2.725 2.607 2.543 2.556 2.632 2.729 2.588 2.595 2.643 2.677 2.701 14/09/2046
3.201 3.225 3.269 3.240 3.163 3.242 3.238 3.280 3.244 3.173 3.452 3.390 3.241 3.240 3.187 3.427 3.242 3.284 3.268 3.258 3.395 3.241 3.350 3.290 3.234 3.382 3.256 3.338 3.290 3.218 15/09/2046
3.144 2.982 3.096 3.068 2.891 2.993 3.002 3.113 2.903 2.712 2.904 2.948 2.986 2.939 2.764 2.815 2.798 2.864 2.812 2.890 2.704 2.798 2.802 2.890 2.937 2.711 2.809 2.863 2.884 2.851 16/09/2046
3.248 3.335 3.290 3.154 3.020 3.361 3.351 3.309 3.129 2.994 3.396 3.446 3.215 3.202 3.014 3.355 3.139 3.245 3.228 3.144 3.303 3.136 3.198 3.244 3.111 3.295 3.109 3.179 3.240 3.097 17/09/2046
2.676 2.398 2.321 2.190 2.120 2.375 2.338 2.303 2.372 2.124 2.611 2.378 2.526 2.498 2.160 2.549 2.281 2.449 2.416 2.415 2.394 2.278 2.348 2.468 2.609 2.527 2.505 2.572 2.631 2.565 18/09/2046
1.250 1.163 1.410 1.312 1.350 1.167 1.129 1.413 1.675 1.550 1.276 1.428 1.364 1.328 1.577 1.347 1.455 1.614 1.578 1.662 1.543 1.448 1.443 1.631 1.447 1.603 1.581 1.599 1.563 1.382 19/09/2046
2.856 2.854 2.840 2.622 2.617 2.829 2.812 2.823 2.823 2.694 3.028 2.976 3.014 2.976 2.720 3.024 3.053 3.084 3.039 2.926 3.061 3.052 3.124 3.098 3.041 3.175 3.111 3.226 3.204 2.965 20/09/2046
2.075 2.085 2.071 2.043 2.083 2.085 2.082 2.073 2.115 2.062 2.036 2.007 2.147 2.129 2.075 2.059 2.054 2.057 2.047 2.059 2.057 2.056 2.116 2.071 1.915 1.939 1.895 1.935 1.933 1.885 21/09/2046
1.983 2.030 2.006 2.031 2.067 2.028 2.019 2.011 2.045 2.017 2.072 2.076 2.158 2.147 2.029 2.047 2.082 2.172 2.170 2.075 2.060 2.083 2.165 2.184 2.083 2.152 2.168 2.260 2.206 2.072 22/09/2046
1.707 1.678 1.627 1.628 1.679 1.684 1.678 1.622 1.817 1.826 1.844 1.865 1.899 1.895 1.826 1.852 2.126 2.028 2.027 1.819 2.111 2.124 2.153 2.037 2.039 2.146 2.137 2.159 2.087 2.033 23/09/2046
1.938 1.888 1.847 1.694 1.691 1.874 1.862 1.844 1.762 1.697 1.995 1.991 1.850 1.850 1.706 1.931 1.981 1.819 1.805 1.769 1.904 1.974 1.975 1.828 1.762 1.899 1.896 1.889 1.853 1.741 24/09/2046
1.554 1.588 1.540 1.559 1.624 1.583 1.583 1.539 1.612 1.626 1.616 1.628 1.663 1.659 1.642 1.657 1.732 1.661 1.661 1.557 1.676 1.731 1.701 1.662 1.652 1.695 1.719 1.684 1.668 1.653 25/09/2046
2.842 2.902 2.887 2.683 2.635 2.903 2.901 2.888 2.831 2.663 2.977 2.966 2.931 2.917 2.686 2.886 2.918 2.996 2.991 2.983 2.860 2.919 2.979 3.009 3.075 2.973 3.004 3.110 3.147 3.056 26/09/2046
1.965 1.975 1.909 2.027 2.032 1.971 1.959 1.900 2.132 2.015 1.994 1.952 2.148 2.126 2.030 2.003 2.045 2.198 2.170 2.101 2.011 2.040 2.120 2.211 2.193 2.069 2.173 2.247 2.220 2.164 27/09/2046
2.177 2.127 2.102 2.023 1.980 2.124 2.113 2.103 2.096 1.996 2.094 2.047 2.096 2.072 2.024 2.062 2.058 2.140 2.125 2.100 2.047 2.057 2.092 2.156 2.153 2.083 2.100 2.138 2.236 2.131 28/09/2046
3.073 2.884 2.871 2.666 2.635 2.891 2.898 2.879 2.564 2.470 2.904 2.806 2.685 2.662 2.475 2.812 2.456 2.509 2.494 2.411 2.656 2.463 2.611 2.518 2.366 2.542 2.382 2.517 2.436 2.336 29/09/2046
2.859 2.688 2.579 2.499 2.435 2.702 2.699 2.593 2.346 2.254 2.617 2.529 2.455 2.447 2.270 2.568 2.348 2.329 2.319 2.257 2.432 2.351 2.420 2.345 2.246 2.353 2.263 2.353 2.281 2.229 30/09/2046
2.765 2.723 2.690 2.633 2.639 2.719 2.709 2.694 2.771 2.638 2.725 2.751 2.690 2.689 2.656 2.634 2.466 2.627 2.616 2.652 2.533 2.464 2.589 2.641 2.305 2.487 2.334 2.466 2.441 2.282 01/10/2046
3.453 3.428 3.342 3.404 3.312 3.436 3.443 3.339 3.640 3.454 3.524 3.517 3.556 3.533 3.475 3.536 3.415 3.584 3.557 3.603 3.513 3.417 3.580 3.585 3.468 3.442 3.341 3.558 3.512 3.432 02/10/2046
3.814 3.823 3.765 3.958 3.762 3.800 3.800 3.768 3.919 3.740 3.862 3.815 3.803 3.791 3.767 3.804 3.528 3.680 3.642 3.756 3.661 3.524 3.765 3.702 3.637 3.512 3.390 3.677 3.620 3.603 03/10/2046
3.270 3.377 3.362 3.550 3.468 3.372 3.380 3.357 3.640 3.483 3.428 3.404 3.439 3.429 3.504 3.369 3.239 3.442 3.417 3.463 3.341 3.236 3.483 3.452 3.407 3.268 3.165 3.467 3.405 3.399 04/10/2046
2.693 2.568 2.618 2.741 2.653 2.590 2.590 2.623 2.576 2.496 2.504 2.455 2.488 2.474 2.517 2.498 2.242 2.338 2.312 2.343 2.323 2.244 2.351 2.350 2.242 2.267 2.211 2.299 2.270 2.225 05/10/2046
2.917 2.986 2.929 2.906 2.796 3.011 3.034 2.939 2.900 2.786 2.949 2.933 2.927 2.913 2.813 2.896 2.792 2.934 2.913 2.871 2.852 2.798 2.950 2.940 2.899 2.934 2.866 3.061 3.001 2.879 06/10/2046
3.824 3.741 3.765 3.689 3.435 3.748 3.754 3.762 3.498 3.313 3.495 3.615 3.430 3.414 3.345 3.265 3.139 3.328 3.325 3.334 3.163 3.137 3.367 3.340 3.309 3.202 3.159 3.410 3.274 3.300 07/10/2046
1.790 1.777 1.749 1.600 1.604 1.775 1.766 1.750 1.696 1.627 1.827 1.762 1.729 1.717 1.646 1.818 1.707 1.742 1.736 1.652 1.783 1.705 1.728 1.751 1.677 1.800 1.723 1.762 1.693 1.655 08/10/2046
1.731 1.627 1.632 1.534 1.674 1.628 1.622 1.637 1.617 1.643 1.567 1.566 1.631 1.631 1.644 1.561 1.563 1.608 1.610 1.575 1.503 1.565 1.596 1.612 1.585 1.543 1.558 1.584 1.584 1.587 09/10/2046
2.077 2.107 2.052 1.842 1.813 2.100 2.097 2.048 1.970 1.862 2.190 2.152 2.103 2.088 1.879 2.103 1.981 2.110 2.093 2.021 2.032 1.978 2.080 2.118 2.029 1.968 1.913 2.035 2.045 2.016 10/10/2046
1.941 1.926 1.866 1.845 1.792 1.933 1.938 1.879 1.860 1.800 1.910 1.929 1.888 1.879 1.813 1.826 1.751 1.887 1.879 1.827 1.768 1.755 1.863 1.900 1.856 1.739 1.746 1.865 1.922 1.846 11/10/2046
1.718 1.621 1.598 1.495 1.512 1.632 1.641 1.596 1.548 1.507 1.532 1.542 1.556 1.556 1.523 1.508 1.486 1.578 1.573 1.574 1.484 1.489 1.535 1.582 1.647 1.501 1.518 1.573 1.623 1.639 12/10/2046
1.115 1.102 1.005 0.944 0.994 1.093 1.084 1.007 0.951 0.914 1.093 1.091 0.974 0.956 0.933 1.115 1.020 0.904 0.888 0.951 1.149 1.020 1.005 0.916 0.961 1.145 1.038 1.028 0.987 0.941 13/10/2046
1.268 1.291 1.252 1.167 1.160 1.290 1.282 1.246 1.198 1.148 1.359 1.332 1.215 1.207 1.157 1.377 1.264 1.182 1.175 1.137 1.356 1.265 1.215 1.186 1.143 1.268 1.244 1.211 1.164 1.139 14/10/2046
1.190 1.195 1.139 1.113 1.109 1.200 1.193 1.138 1.124 1.104 1.182 1.147 1.129 1.118 1.119 1.241 1.117 1.131 1.120 1.116 1.170 1.120 1.118 1.140 1.114 1.141 1.126 1.134 1.139 1.103 15/10/2046
1.671 1.670 1.701 1.595 1.647 1.680 1.692 1.709 1.636 1.606 1.654 1.683 1.664 1.687 1.609 1.747 1.708 1.732 1.723 1.737 1.678 1.713 1.662 1.720 1.823 1.750 1.777 1.721 1.787 1.835 16/10/2046
1.091 0.873 0.855 0.746 0.777 0.866 0.854 0.847 0.776 0.764 0.752 0.767 0.783 0.775 0.773 0.782 0.808 0.776 0.768 0.744 0.799 0.807 0.782 0.783 0.734 0.800 0.795 0.780 0.766 0.725 17/10/2046
1.207 1.181 1.205 1.093 1.106 1.177 1.173 1.205 1.087 1.065 1.222 1.179 1.122 1.115 1.070 1.221 1.079 1.079 1.072 1.060 1.110 1.083 1.103 1.085 1.092 1.147 1.092 1.117 1.128 1.089 18/10/2046
1.576 1.545 1.519 1.437 1.407 1.558 1.566 1.526 1.520 1.469 1.709 1.605 1.481 1.470 1.481 1.596 1.440 1.564 1.552 1.704 1.565 1.444 1.551 1.573 1.751 1.643 1.545 1.662 1.718 1.730 19/10/2046
1.931 1.761 1.820 1.856 1.741 1.778 1.788 1.835 1.731 1.695 1.788 1.739 1.682 1.678 1.712 1.690 1.548 1.662 1.669 1.728 1.657 1.558 1.673 1.672 1.674 1.670 1.547 1.709 1.688 1.668 20/10/2046
0.947 0.966 0.990 1.057 1.081 0.971 0.966 0.994 1.115 1.114 0.985 0.999 1.025 1.021 1.121 0.978 1.008 1.061 1.061 1.027 0.979 1.011 1.027 1.072 0.997 0.998 0.996 0.996 1.006 0.996 21/10/2046
1.088 1.068 1.021 0.967 1.010 1.070 1.069 1.018 1.069 1.038 1.085 1.085 1.093 1.089 1.044 1.058 1.057 1.084 1.084 1.067 1.055 1.060 1.085 1.092 1.085 1.065 1.064 1.091 1.091 1.085 22/10/2046
1.888 1.759 1.876 1.999 1.865 1.773 1.796 1.890 1.890 1.856 1.725 1.760 1.772 1.752 1.863 1.612 1.529 1.734 1.724 1.786 1.564 1.533 1.684 1.743 1.740 1.527 1.504 1.642 1.716 1.719 23/10/2046
1.243 1.160 1.244 1.334 1.367 1.156 1.143 1.242 1.354 1.324 1.041 1.106 1.256 1.252 1.339 0.993 1.115 1.200 1.191 1.228 0.973 1.118 1.175 1.205 1.200 1.022 1.110 1.169 1.220 1.191 24/10/2046
1.812 1.792 1.806 1.604 1.575 1.802 1.796 1.804 1.774 1.612 1.748 1.802 1.758 1.744 1.643 1.651 1.689 1.764 1.741 1.767 1.671 1.691 1.760 1.763 1.877 1.706 1.743 1.809 1.845 1.862 25/10/2046
3.329 3.265 3.312 3.109 2.998 3.210 3.163 3.277 3.181 3.042 3.137 3.204 3.277 3.228 3.091 2.824 3.050 3.242 3.173 3.169 2.948 3.040 3.248 3.266 3.353 3.108 3.101 3.341 3.485 3.273 26/10/2046
1.093 1.159 1.375 1.614 1.525 1.174 1.170 1.370 1.495 1.394 1.006 1.151 1.393 1.390 1.417 0.975 1.112 1.371 1.361 1.544 0.950 1.116 1.153 1.375 1.517 0.981 1.178 1.249 1.426 1.498 27/10/2046
0.756 0.771 0.786 0.813 0.790 0.769 0.762 0.784 0.865 0.812 0.772 0.778 0.844 0.836 0.822 0.760 0.793 0.839 0.830 0.864 0.780 0.797 0.814 0.846 0.878 0.771 0.804 0.833 0.850 0.865 28/10/2046
1.062 1.096 1.018 1.070 1.015 1.102 1.113 1.018 1.140 1.109 1.023 1.135 0.987 0.984 1.122 0.963 1.040 1.043 1.035 1.213 1.039 1.043 1.086 1.049 1.187 1.007 1.044 1.096 1.044 1.175 29/10/2046
1.071 1.038 1.032 1.116 1.121 1.047 1.051 1.037 1.137 1.143 1.010 1.089 1.065 1.061 1.148 0.983 1.010 1.116 1.115 1.113 1.005 1.016 1.084 1.120 1.086 1.024 1.052 1.135 1.092 1.083 30/10/2046
1.148 1.108 1.135 1.159 1.083 1.123 1.120 1.141 1.095 1.080 1.130 1.150 1.039 1.029 1.083 1.039 1.017 1.060 1.059 1.055 1.072 1.024 1.054 1.069 1.061 1.085 1.054 1.090 1.063 1.057 31/10/2046
1.226 1.078 1.074 1.144 1.063 1.077 1.072 1.077 1.036 1.024 1.075 0.941 0.846 0.838 1.038 1.121 0.998 0.877 0.871 0.983 1.035 1.003 0.874 0.885 0.939 1.001 1.040 0.930 0.975 0.929 01/11/2046
1.153 1.127 0.966 0.994 0.952 1.124 1.126 0.968 0.871 0.865 0.895 0.944 0.873 0.875 0.877 0.876 0.893 0.850 0.851 0.872 0.826 0.898 0.837 0.854 0.879 0.846 0.901 0.816 0.894 0.871 02/11/2046
0.674 0.710 0.715 0.675 0.688 0.725 0.735 0.724 0.710 0.726 0.715 0.739 0.710 0.710 0.729 0.680 0.735 0.752 0.749 0.749 0.720 0.741 0.750 0.750 0.785 0.747 0.753 0.754 0.778 0.795 03/11/2046
0.366 0.366 0.369 0.367 0.366 0.366 0.365 0.370 0.369 0.366 0.372 0.369 0.373 0.371 0.369 0.379 0.398 0.380 0.378 0.377 0.388 0.400 0.386 0.383 0.381 0.408 0.413 0.398 0.394 0.382 04/11/2046
0.514 0.521 0.542 0.551 0.535 0.534 0.539 0.554 0.496 0.490 0.524 0.519 0.478 0.489 0.494 0.505 0.515 0.493 0.504 0.492 0.464 0.524 0.510 0.492 0.444 0.445 0.452 0.453 0.460 0.451 05/11/2046
0.458 0.452 0.442 0.425 0.434 0.448 0.443 0.441 0.460 0.455 0.454 0.452 0.457 0.452 0.459 0.481 0.493 0.458 0.454 0.462 0.488 0.495 0.473 0.463 0.466 0.499 0.497 0.474 0.468 0.465 06/11/2046
0.489 0.494 0.491 0.483 0.485 0.492 0.488 0.491 0.490 0.482 0.503 0.501 0.497 0.493 0.487 0.523 0.532 0.501 0.495 0.486 0.537 0.535 0.507 0.505 0.496 0.563 0.549 0.523 0.506 0.493 07/11/2046
0.747 0.799 0.843 0.894 0.934 0.820 0.829 0.849 0.916 0.978 0.849 0.869 0.876 0.873 0.987 0.805 0.766 0.891 0.899 0.950 0.771 0.770 0.850 0.892 0.919 0.794 0.864 0.945 0.927 0.937 08/11/2046
0.524 0.533 0.519 0.549 0.514 0.547 0.555 0.531 0.490 0.520 0.532 0.538 0.507 0.506 0.521 0.506 0.465 0.495 0.493 0.483 0.488 0.470 0.501 0.496 0.482 0.500 0.483 0.518 0.487 0.487 09/11/2046
0.990 0.982 0.934 0.882 0.899 0.978 0.965 0.928 0.872 0.846 0.964 0.936 0.896 0.886 0.851 0.946 0.875 0.867 0.858 0.823 0.899 0.882 0.900 0.873 0.857 0.958 0.946 0.993 0.956 0.850 10/11/2046
1.226 1.212 1.258 1.419 1.394 1.230 1.218 1.277 1.242 1.219 1.039 1.061 1.201 1.186 1.229 1.113 1.044 1.072 1.067 1.117 1.087 1.047 0.988 1.087 1.184 1.119 1.167 1.139 1.152 1.175 11/11/2046
0.891 0.827 0.847 0.841 0.711 0.836 0.834 0.844 0.603 0.590 0.767 0.773 0.604 0.612 0.578 0.757 0.712 0.587 0.600 0.560 0.732 0.716 0.616 0.585 0.570 0.774 0.762 0.633 0.621 0.600 12/11/2046
1.775 1.661 1.687 1.588 1.680 1.656 1.655 1.688 1.558 1.505 1.442 1.486 1.500 1.484 1.519 1.140 1.164 1.412 1.395 1.368 1.044 1.169 1.375 1.422 1.376 1.072 1.255 1.478 1.476 1.356 13/11/2046
2.057 1.942 1.801 1.704 1.746 1.918 1.919 1.805 1.579 1.506 1.818 1.806 1.657 1.640 1.531 1.637 1.450 1.554 1.545 1.442 1.537 1.454 1.641 1.557 1.497 1.460 1.433 1.652 1.667 1.511 14/11/2046
1.340 1.312 1.231 1.243 1.096 1.308 1.306 1.217 1.072 0.961 1.236 1.210 1.143 1.139 0.971 1.136 1.014 1.015 1.014 0.946 1.084 1.018 1.139 1.016 0.925 1.035 0.963 1.059 1.005 0.932 15/11/2046
1.601 1.606 1.526 1.516 1.439 1.617 1.612 1.520 1.452 1.338 1.501 1.619 1.555 1.537 1.358 1.364 1.414 1.550 1.525 1.397 1.373 1.414 1.572 1.555 1.488 1.459 1.461 1.615 1.650 1.462 16/11/2046
1.095 1.301 1.483 1.493 1.545 1.291 1.275 1.457 1.804 1.678 1.298 1.471 1.703 1.664 1.722 1.297 1.589 1.796 1.751 1.859 1.294 1.586 1.642 1.816 2.180 1.521 1.705 1.805 1.990 2.084 17/11/2046
0.477 0.431 0.417 0.344 0.386 0.435 0.432 0.418 0.385 0.355 0.410 0.405 0.403 0.402 0.358 0.383 0.388 0.401 0.395 0.374 0.370 0.390 0.403 0.404 0.436 0.379 0.403 0.425 0.417 0.434 18/11/2046
1.045 0.988 0.919 0.819 0.829 0.999 1.017 0.932 0.700 0.725 0.991 0.920 0.826 0.820 0.731 0.909 0.816 0.811 0.809 0.688 0.883 0.817 0.877 0.819 0.776 0.906 0.884 0.957 0.877 0.785 19/11/2046
2.019 1.891 1.809 1.706 1.546 1.837 1.809 1.776 1.534 1.441 1.795 1.716 1.787 1.760 1.464 1.659 1.603 1.748 1.714 1.446 1.604 1.597 1.718 1.759 1.586 1.604 1.550 1.681 1.721 1.531 20/11/2046
0.394 0.406 0.440 0.408 0.457 0.421 0.439 0.462 0.389 0.391 0.497 0.434 0.430 0.436 0.384 0.401 0.394 0.475 0.476 0.462 0.442 0.398 0.497 0.477 0.461 0.542 0.477 0.574 0.514 0.454 21/11/2046
0.538 0.639 0.614 0.530 0.538 0.650 0.662 0.623 0.509 0.498 0.601 0.620 0.529 0.537 0.508 0.568 0.626 0.677 0.692 0.701 0.606 0.632 0.656 0.684 0.639 0.678 0.685 0.699 0.700 0.634 22/11/2046
0.704 0.704 0.667 0.617 0.610 0.706 0.712 0.668 0.661 0.654 0.679 0.701 0.694 0.693 0.656 0.567 0.656 0.728 0.733 0.754 0.609 0.658 0.764 0.731 0.858 0.713 0.705 0.799 0.865 0.865 23/11/2046
0.939 0.920 0.885 0.809 0.790 0.921 0.918 0.881 0.834 0.805 0.970 0.951 0.881 0.876 0.812 0.891 0.853 0.860 0.863 0.856 0.949 0.851 0.928 0.869 0.878 0.931 0.813 0.896 0.915 0.878 24/11/2046
0.783 0.742 0.692 0.611 0.623 0.731 0.708 0.690 0.600 0.555 0.712 0.737 0.663 0.660 0.563 0.693 0.644 0.675 0.667 0.651 0.680 0.644 0.655 0.688 0.749 0.774 0.714 0.735 0.756 0.732 25/11/2046
0.267 0.301 0.311 0.280 0.332 0.308 0.311 0.318 0.272 0.288 0.265 0.301 0.292 0.300 0.287 0.274 0.280 0.263 0.273 0.267 0.268 0.284 0.289 0.264 0.267 0.271 0.289 0.282 0.264 0.270 26/11/2046
0.252 0.260 0.257 0.253 0.252 0.262 0.261 0.258 0.254 0.256 0.256 0.257 0.259 0.260 0.260 0.261 0.265 0.264 0.265 0.271 0.271 0.268 0.262 0.267 0.270 0.278 0.275 0.269 0.273 0.273 27/11/2046
0.311 0.308 0.286 0.224 0.262 0.316 0.302 0.287 0.207 0.226 0.287 0.340 0.205 0.206 0.225 0.231 0.212 0.206 0.209 0.212 0.233 0.215 0.203 0.206 0.209 0.211 0.217 0.204 0.207 0.213 28/11/2046
0.314 0.350 0.368 0.261 0.331 0.365 0.374 0.364 0.327 0.370 0.421 0.384 0.302 0.308 0.362 0.335 0.341 0.348 0.378 0.412 0.335 0.350 0.378 0.343 0.423 0.408 0.394 0.411 0.422 0.448 29/11/2046
0.222 0.221 0.219 0.242 0.258 0.223 0.223 0.221 0.247 0.259 0.223 0.221 0.232 0.235 0.260 0.226 0.234 0.232 0.233 0.244 0.221 0.236 0.227 0.232 0.241 0.227 0.242 0.231 0.234 0.245 30/11/2046
0.261 0.238 0.275 0.291 0.291 0.241 0.241 0.277 0.266 0.266 0.237 0.241 0.255 0.256 0.267 0.245 0.252 0.249 0.251 0.251 0.244 0.254 0.242 0.250 0.249 0.240 0.252 0.240 0.241 0.253 01/12/2046
0.295 0.258 0.398 0.458 0.457 0.265 0.268 0.400 0.465 0.472 0.343 0.283 0.361 0.365 0.469 0.326 0.304 0.382 0.386 0.467 0.322 0.307 0.320 0.381 0.446 0.323 0.309 0.322 0.377 0.454 02/12/2046
0.814 0.809 0.803 0.753 0.690 0.811 0.814 0.803 0.646 0.618 0.845 0.828 0.713 0.713 0.627 0.786 0.670 0.708 0.709 0.640 0.721 0.674 0.708 0.709 0.688 0.766 0.774 0.789 0.776 0.689 03/12/2046
0.204 0.203 0.199 0.193 0.210 0.205 0.203 0.201 0.208 0.210 0.204 0.204 0.217 0.216 0.213 0.219 0.231 0.219 0.219 0.213 0.222 0.234 0.221 0.221 0.219 0.228 0.239 0.227 0.225 0.220 04/12/2046
0.443 0.434 0.449 0.472 0.430 0.419 0.418 0.442 0.420 0.383 0.475 0.438 0.401 0.413 0.376 0.387 0.342 0.385 0.396 0.353 0.354 0.347 0.423 0.387 0.302 0.346 0.309 0.405 0.350 0.313 05/12/2046
0.281 0.317 0.372 0.367 0.443 0.324 0.334 0.378 0.352 0.389 0.324 0.351 0.295 0.309 0.385 0.282 0.321 0.332 0.347 0.371 0.298 0.327 0.345 0.332 0.330 0.319 0.352 0.360 0.313 0.353 06/12/2046
0.304 0.315 0.380 0.374 0.452 0.338 0.359 0.394 0.451 0.427 0.377 0.376 0.435 0.436 0.435 0.407 0.412 0.487 0.492 0.480 0.420 0.420 0.495 0.481 0.482 0.420 0.429 0.497 0.477 0.493 07/12/2046
0.612 0.635 0.673 0.567 0.523 0.629 0.624 0.671 0.574 0.531 0.599 0.617 0.554 0.553 0.536 0.497 0.508 0.562 0.562 0.569 0.531 0.510 0.574 0.569 0.577 0.536 0.519 0.604 0.602 0.565 08/12/2046
0.329 0.356 0.351 0.350 0.311 0.359 0.361 0.352 0.368 0.343 0.321 0.330 0.331 0.336 0.345 0.301 0.302 0.329 0.329 0.339 0.283 0.305 0.322 0.333 0.314 0.299 0.306 0.322 0.333 0.318 09/12/2046
0.550 0.626 0.736 0.861 0.788 0.633 0.641 0.742 0.832 0.792 0.607 0.664 0.728 0.728 0.796 0.550 0.541 0.684 0.684 0.762 0.510 0.545 0.642 0.685 0.662 0.521 0.536 0.642 0.655 0.666 10/12/2046
1.157 1.041 1.276 1.582 1.400 1.032 1.027 1.260 1.226 1.140 0.808 0.902 1.021 1.011 1.162 0.762 0.722 0.924 0.922 1.000 0.702 0.726 0.849 0.927 0.917 0.727 0.811 0.965 0.952 0.901 11/12/2046
1.716 1.517 1.723 2.057 1.781 1.504 1.508 1.736 1.487 1.422 1.255 1.306 1.335 1.323 1.431 1.092 0.987 1.205 1.197 1.220 0.976 0.989 1.141 1.208 1.158 1.018 1.099 1.310 1.289 1.148 12/12/2046
1.340 1.264 1.249 1.340 1.194 1.252 1.260 1.243 1.120 1.088 1.227 1.188 1.079 1.073 1.074 1.098 1.115 1.069 1.071 1.060 1.079 1.116 1.081 1.078 1.056 1.097 1.205 1.201 1.152 1.059 13/12/2046
0.404 0.430 0.432 0.404 0.385 0.424 0.434 0.429 0.363 0.358 0.418 0.366 0.318 0.321 0.363 0.418 0.412 0.311 0.315 0.296 0.375 0.412 0.349 0.310 0.289 0.371 0.416 0.346 0.342 0.304 14/12/2046
0.482 0.463 0.484 0.412 0.409 0.454 0.445 0.484 0.437 0.420 0.453 0.438 0.446 0.445 0.417 0.426 0.415 0.413 0.410 0.402 0.402 0.419 0.432 0.421 0.416 0.429 0.424 0.436 0.441 0.412 15/12/2046
0.547 0.518 0.521 0.529 0.607 0.536 0.548 0.533 0.531 0.557 0.506 0.500 0.528 0.535 0.555 0.484 0.388 0.537 0.534 0.535 0.438 0.391 0.535 0.535 0.509 0.439 0.403 0.546 0.545 0.518 16/12/2046
0.656 0.636 0.686 0.667 0.626 0.641 0.632 0.682 0.677 0.598 0.585 0.615 0.632 0.634 0.597 0.586 0.430 0.607 0.608 0.633 0.567 0.434 0.594 0.607 0.615 0.568 0.446 0.605 0.611 0.620 17/12/2046
0.737 0.634 0.697 0.663 0.851 0.602 0.594 0.680 0.816 0.780 0.506 0.549 0.738 0.717 0.779 0.501 0.544 0.674 0.650 0.713 0.501 0.548 0.644 0.682 0.713 0.494 0.544 0.673 0.695 0.684 18/12/2046
0.583 0.540 0.557 0.592 0.588 0.540 0.544 0.551 0.605 0.525 0.490 0.496 0.597 0.580 0.534 0.541 0.521 0.601 0.585 0.544 0.524 0.519 0.574 0.607 0.609 0.567 0.527 0.617 0.636 0.593 19/12/2046
0.473 0.428 0.398 0.409 0.426 0.412 0.417 0.399 0.483 0.387 0.412 0.304 0.477 0.454 0.396 0.485 0.430 0.481 0.444 0.408 0.429 0.429 0.426 0.496 0.417 0.360 0.327 0.354 0.423 0.382 20/12/2046
0.148 0.144 0.140 0.228 0.305 0.143 0.143 0.139 0.219 0.366 0.314 0.259 0.217 0.202 0.390 0.284 0.313 0.410 0.380 0.344 0.314 0.316 0.430 0.424 0.422 0.295 0.338 0.491 0.348 0.378 21/12/2046
0.818 0.794 0.768 0.812 0.791 0.786 0.794 0.769 0.806 0.820 0.860 0.837 0.772 0.770 0.817 0.848 0.734 0.834 0.829 0.836 0.760 0.737 0.792 0.840 0.813 0.697 0.711 0.770 0.775 0.800 22/12/2046
0.337 0.371 0.387 0.346 0.303 0.379 0.376 0.393 0.347 0.294 0.396 0.417 0.349 0.351 0.296 0.400 0.371 0.363 0.362 0.407 0.330 0.372 0.352 0.366 0.427 0.397 0.358 0.346 0.385 0.424 23/12/2046
0.127 0.123 0.139 0.141 0.140 0.123 0.122 0.140 0.133 0.138 0.125 0.128 0.132 0.133 0.138 0.127 0.126 0.129 0.129 0.136 0.130 0.128 0.123 0.131 0.136 0.132 0.136 0.129 0.133 0.138 24/12/2046
0.646 0.661 0.590 0.546 0.408 0.664 0.665 0.592 0.627 0.430 0.481 0.695 0.648 0.456 0.446 0.470 0.484 0.627 0.421 0.604 0.355 0.486 0.498 0.637 0.654 0.404 0.604 0.669 0.710 0.619 25/12/2046
0.344 0.389 0.315 0.304 0.322 0.386 0.389 0.317 0.423 0.406 0.489 0.511 0.485 0.469 0.419 0.449 0.500 0.521 0.505 0.423 0.422 0.505 0.548 0.529 0.500 0.478 0.546 0.608 0.594 0.475 26/12/2046
0.397 0.460 0.421 0.434 0.474 0.448 0.450 0.420 0.506 0.512 0.414 0.452 0.531 0.525 0.514 0.440 0.596 0.567 0.554 0.533 0.504 0.597 0.587 0.570 0.554 0.570 0.597 0.587 0.565 0.556 27/12/2046
0.281 0.300 0.278 0.271 0.298 0.295 0.299 0.286 0.345 0.327 0.293 0.299 0.342 0.344 0.331 0.296 0.317 0.361 0.356 0.360 0.345 0.319 0.357 0.364 0.360 0.383 0.365 0.402 0.381 0.362 28/12/2046
0.127 0.139 0.128 0.159 0.194 0.141 0.143 0.137 0.164 0.209 0.148 0.144 0.135 0.143 0.211 0.152 0.157 0.138 0.150 0.198 0.158 0.158 0.138 0.136 0.174 0.159 0.158 0.144 0.126 0.191 29/12/2046
0.159 0.168 0.199 0.236 0.300 0.167 0.167 0.198 0.287 0.281 0.193 0.178 0.237 0.241 0.271 0.210 0.268 0.313 0.316 0.321 0.225 0.271 0.254 0.314 0.317 0.235 0.297 0.272 0.302 0.317 30/12/2046
0.470 0.465 0.509 0.514 0.437 0.472 0.467 0.512 0.464 0.438 0.459 0.475 0.415 0.412 0.439 0.438 0.389 0.437 0.438 0.386 0.390 0.392 0.412 0.437 0.439 0.438 0.442 0.475 0.416 0.434 31/12/2046
0.594 0.542 0.513 0.482 0.489 0.542 0.529 0.516 0.518 0.481 0.482 0.512 0.487 0.480 0.475 0.468 0.448 0.474 0.469 0.434 0.427 0.450 0.481 0.479 0.431 0.409 0.462 0.496 0.492 0.428 01/01/2047
0.158 0.140 0.143 0.154 0.274 0.157 0.164 0.144 0.184 0.200 0.152 0.139 0.183 0.174 0.199 0.144 0.214 0.229 0.228 0.183 0.179 0.218 0.273 0.230 0.248 0.234 0.298 0.353 0.332 0.251 02/01/2047
0.894 0.866 0.893 0.910 0.996 0.883 0.889 0.899 0.910 0.961 0.891 0.891 0.939 0.929 0.948 0.882 0.869 0.911 0.914 0.908 0.874 0.877 0.924 0.919 0.873 0.837 0.853 0.919 0.899 0.882 03/01/2047
0.444 0.418 0.418 0.481 0.457 0.426 0.433 0.424 0.438 0.429 0.369 0.355 0.431 0.432 0.426 0.333 0.269 0.453 0.450 0.419 0.331 0.272 0.422 0.455 0.432 0.370 0.313 0.458 0.452 0.433 04/01/2047
0.253 0.261 0.220 0.199 0.250 0.265 0.269 0.222 0.221 0.233 0.266 0.244 0.231 0.236 0.231 0.262 0.222 0.243 0.243 0.208 0.250 0.226 0.266 0.241 0.227 0.251 0.241 0.264 0.252 0.233 05/01/2047
0.172 0.167 0.173 0.195 0.147 0.167 0.166 0.173 0.156 0.149 0.166 0.172 0.156 0.154 0.151 0.180 0.178 0.155 0.154 0.166 0.188 0.179 0.158 0.157 0.161 0.185 0.179 0.164 0.166 0.160 06/01/2047
0.394 0.403 0.351 0.318 0.263 0.402 0.398 0.357 0.428 0.258 0.427 0.392 0.453 0.431 0.261 0.438 0.265 0.461 0.431 0.272 0.298 0.265 0.497 0.475 0.274 0.265 0.245 0.260 0.261 0.276 07/01/2047
0.587 0.536 0.550 0.465 0.466 0.538 0.554 0.546 0.500 0.444 0.510 0.544 0.542 0.546 0.444 0.513 0.457 0.514 0.513 0.462 0.504 0.461 0.515 0.515 0.484 0.469 0.460 0.472 0.480 0.481 08/01/2047
0.759 0.752 0.761 0.647 0.636 0.759 0.759 0.768 0.661 0.652 0.789 0.801 0.684 0.671 0.665 0.660 0.759 0.684 0.669 0.674 0.667 0.759 0.685 0.691 0.706 0.619 0.780 0.719 0.711 0.683 09/01/2047
0.110 0.114 0.113 0.116 0.128 0.117 0.117 0.115 0.116 0.124 0.114 0.117 0.120 0.121 0.125 0.119 0.120 0.120 0.122 0.126 0.119 0.122 0.121 0.122 0.143 0.118 0.126 0.123 0.149 0.141 10/01/2047
0.273 0.300 0.232 0.247 0.247 0.299 0.300 0.233 0.239 0.241 0.321 0.259 0.278 0.281 0.240 0.243 0.269 0.268 0.270 0.230 0.247 0.269 0.267 0.268 0.239 0.249 0.295 0.279 0.247 0.241 11/01/2047
0.288 0.300 0.207 0.295 0.295 0.294 0.292 0.209 0.301 0.292 0.228 0.264 0.274 0.284 0.293 0.246 0.272 0.273 0.283 0.249 0.249 0.273 0.285 0.272 0.232 0.253 0.266 0.241 0.228 0.249 12/01/2047
0.213 0.223 0.232 0.234 0.242 0.222 0.222 0.231 0.236 0.244 0.221 0.230 0.235 0.237 0.244 0.231 0.244 0.238 0.240 0.241 0.231 0.245 0.234 0.238 0.244 0.235 0.247 0.234 0.243 0.248 13/01/2047
0.231 0.271 0.316 0.327 0.366 0.270 0.278 0.308 0.345 0.366 0.294 0.310 0.325 0.325 0.377 0.219 0.227 0.297 0.302 0.333 0.214 0.222 0.317 0.298 0.305 0.212 0.216 0.246 0.277 0.302 14/01/2047
0.209 0.212 0.218 0.215 0.233 0.214 0.215 0.219 0.231 0.234 0.218 0.219 0.229 0.233 0.234 0.221 0.235 0.235 0.240 0.241 0.226 0.237 0.233 0.234 0.236 0.232 0.242 0.234 0.235 0.243 15/01/2047
0.558 0.580 0.518 0.386 0.413 0.605 0.627 0.528 0.582 0.489 0.583 0.557 0.512 0.508 0.503 0.585 0.580 0.585 0.568 0.491 0.607 0.582 0.569 0.591 0.446 0.498 0.469 0.444 0.461 0.434 16/01/2047
0.403 0.392 0.396 0.403 0.393 0.397 0.397 0.400 0.410 0.401 0.405 0.413 0.395 0.401 0.407 0.375 0.410 0.428 0.431 0.425 0.402 0.413 0.430 0.430 0.449 0.407 0.395 0.413 0.448 0.453 17/01/2047
0.331 0.352 0.460 0.514 0.521 0.345 0.351 0.459 0.487 0.482 0.318 0.356 0.450 0.456 0.486 0.352 0.366 0.431 0.432 0.471 0.322 0.368 0.367 0.435 0.463 0.339 0.379 0.367 0.426 0.466 18/01/2047
0.771 0.648 0.677 0.735 0.742 0.660 0.654 0.682 0.765 0.712 0.768 0.721 0.748 0.754 0.724 0.781 0.683 0.724 0.723 0.788 0.787 0.684 0.761 0.732 0.798 0.801 0.695 0.747 0.744 0.806 19/01/2047
0.668 0.614 0.657 0.674 0.702 0.628 0.627 0.667 0.698 0.696 0.699 0.690 0.712 0.718 0.697 0.640 0.595 0.702 0.709 0.737 0.656 0.598 0.702 0.701 0.770 0.672 0.595 0.685 0.693 0.790 20/01/2047
0.904 0.864 0.899 0.875 0.890 0.877 0.887 0.913 0.890 0.936 0.873 0.889 0.877 0.878 0.939 0.798 0.845 0.949 0.955 0.969 0.856 0.851 0.912 0.950 1.010 0.849 0.872 0.928 0.947 1.018 21/01/2047
0.935 0.945 0.976 1.015 1.189 0.976 0.995 0.998 1.131 1.196 1.003 1.036 1.126 1.142 1.198 0.927 1.086 1.178 1.191 1.179 0.943 1.092 1.196 1.168 1.186 0.947 1.091 1.145 1.160 1.210 22/01/2047
0.875 0.963 0.970 1.032 1.106 0.957 0.953 0.966 1.181 1.213 1.045 1.081 1.179 1.169 1.208 1.014 1.136 1.271 1.261 1.271 1.125 1.141 1.262 1.280 1.344 1.234 1.249 1.366 1.369 1.344 23/01/2047
0.619 0.609 0.604 0.631 0.741 0.613 0.601 0.604 0.785 0.812 0.650 0.669 0.788 0.801 0.802 0.560 0.540 0.814 0.809 0.849 0.584 0.550 0.810 0.817 0.817 0.609 0.559 0.822 0.813 0.818 24/01/2047
0.580 0.596 0.619 0.637 0.574 0.610 0.624 0.631 0.597 0.589 0.623 0.623 0.572 0.577 0.591 0.575 0.576 0.598 0.598 0.612 0.579 0.582 0.587 0.596 0.599 0.589 0.594 0.605 0.595 0.609 25/01/2047
0.730 0.672 0.734 0.831 0.908 0.696 0.705 0.753 0.757 0.824 0.680 0.673 0.694 0.694 0.822 0.604 0.549 0.641 0.645 0.702 0.591 0.551 0.631 0.646 0.521 0.515 0.493 0.540 0.525 0.533 26/01/2047
0.554 0.514 0.532 0.514 0.575 0.522 0.521 0.541 0.506 0.516 0.490 0.494 0.507 0.512 0.519 0.491 0.449 0.464 0.468 0.448 0.478 0.452 0.487 0.467 0.414 0.462 0.430 0.460 0.438 0.420 27/01/2047
0.491 0.389 0.396 0.400 0.402 0.395 0.392 0.399 0.387 0.376 0.349 0.338 0.358 0.362 0.377 0.306 0.305 0.334 0.334 0.359 0.300 0.306 0.302 0.335 0.353 0.296 0.306 0.299 0.326 0.364 28/01/2047
0.357 0.365 0.396 0.448 0.519 0.372 0.375 0.400 0.472 0.525 0.351 0.388 0.450 0.449 0.527 0.342 0.364 0.445 0.446 0.469 0.358 0.366 0.404 0.446 0.490 0.368 0.376 0.399 0.449 0.492 29/01/2047
0.299 0.292 0.332 0.353 0.374 0.284 0.278 0.331 0.397 0.384 0.279 0.294 0.383 0.375 0.393 0.278 0.321 0.372 0.365 0.380 0.280 0.316 0.335 0.379 0.394 0.320 0.328 0.332 0.391 0.381 30/01/2047
0.266 0.263 0.305 0.323 0.336 0.257 0.257 0.306 0.340 0.339 0.283 0.281 0.340 0.338 0.342 0.261 0.344 0.324 0.321 0.322 0.278 0.342 0.303 0.326 0.323 0.296 0.345 0.296 0.325 0.328 31/01/2047
0.605 0.615 0.614 0.570 0.595 0.612 0.611 0.611 0.561 0.545 0.592 0.638 0.643 0.631 0.553 0.586 0.615 0.642 0.636 0.593 0.595 0.613 0.653 0.650 0.593 0.622 0.617 0.648 0.624 0.595 01/02/2047
0.971 0.981 1.000 0.978 1.017 0.981 0.980 0.996 1.031 1.056 1.006 1.009 1.046 1.046 1.053 1.006 1.043 1.082 1.088 1.062 1.044 1.043 1.057 1.085 1.091 1.118 1.080 1.093 1.101 1.080 02/02/2047
0.494 0.524 0.504 0.448 0.468 0.520 0.523 0.507 0.513 0.494 0.585 0.573 0.529 0.524 0.497 0.576 0.553 0.583 0.583 0.531 0.598 0.557 0.597 0.587 0.547 0.606 0.586 0.611 0.597 0.552 03/02/2047
0.431 0.440 0.416 0.409 0.423 0.443 0.443 0.418 0.452 0.439 0.425 0.427 0.467 0.462 0.436 0.416 0.392 0.457 0.456 0.473 0.422 0.395 0.432 0.462 0.451 0.394 0.410 0.436 0.461 0.452 04/02/2047
0.557 0.611 0.627 0.554 0.646 0.619 0.616 0.630 0.737 0.705 0.603 0.651 0.684 0.686 0.696 0.628 0.667 0.764 0.774 0.803 0.680 0.672 0.739 0.767 0.804 0.704 0.728 0.785 0.799 0.812 05/02/2047
0.886 0.872 0.861 0.844 0.896 0.883 0.879 0.873 0.895 0.892 0.924 0.924 0.871 0.873 0.891 0.900 0.850 0.905 0.910 0.942 0.855 0.855 0.906 0.906 0.812 0.796 0.759 0.813 0.807 0.812 06/02/2047
1.194 1.217 1.185 1.233 1.363 1.231 1.230 1.190 1.337 1.388 1.207 1.203 1.323 1.325 1.382 1.187 1.160 1.280 1.283 1.269 1.202 1.160 1.315 1.275 1.064 0.996 0.998 1.169 1.065 1.069 07/02/2047
1.119 1.149 1.177 1.158 1.184 1.164 1.162 1.184 1.303 1.253 1.216 1.239 1.289 1.284 1.276 1.159 1.200 1.312 1.306 1.320 1.213 1.202 1.328 1.323 1.345 1.224 1.199 1.345 1.356 1.337 08/02/2047
0.622 0.621 0.627 0.594 0.638 0.626 0.620 0.631 0.649 0.620 0.631 0.622 0.634 0.638 0.630 0.605 0.636 0.687 0.682 0.671 0.637 0.644 0.670 0.692 0.692 0.610 0.639 0.689 0.689 0.677 09/02/2047
0.650 0.686 0.684 0.717 0.745 0.692 0.682 0.695 0.674 0.669 0.686 0.666 0.689 0.679 0.686 0.680 0.697 0.661 0.650 0.747 0.681 0.707 0.697 0.670 0.776 0.662 0.731 0.738 0.775 0.754 10/02/2047
0.712 0.750 0.779 0.774 0.787 0.762 0.760 0.787 0.780 0.759 0.755 0.761 0.770 0.770 0.766 0.734 0.775 0.770 0.767 0.823 0.738 0.784 0.784 0.776 0.872 0.811 0.813 0.826 0.860 0.850 11/02/2047
0.850 0.918 0.919 0.924 0.913 0.924 0.934 0.924 0.897 0.894 0.949 0.953 0.953 0.949 0.909 0.929 1.027 1.004 1.006 1.001 1.019 1.033 1.094 1.003 1.101 1.071 1.027 1.074 1.035 1.096 12/02/2047
1.392 1.459 1.460 1.510 1.407 1.450 1.442 1.448 1.502 1.475 1.450 1.491 1.485 1.480 1.490 1.416 1.520 1.536 1.527 1.536 1.522 1.517 1.549 1.541 1.583 1.615 1.574 1.614 1.612 1.568 13/02/2047
1.025 1.169 1.272 1.318 1.240 1.170 1.169 1.274 1.287 1.293 1.128 1.225 1.201 1.198 1.301 1.063 1.027 1.134 1.122 1.181 1.023 1.031 1.103 1.137 0.849 0.800 0.784 0.851 0.826 0.849 14/02/2047
0.607 0.650 0.609 0.546 0.665 0.596 0.556 0.583 0.677 0.654 0.597 0.627 0.649 0.663 0.663 0.616 0.662 0.684 0.689 0.669 0.598 0.665 0.700 0.673 0.696 0.629 0.664 0.700 0.710 0.710 15/02/2047
0.398 0.400 0.399 0.402 0.421 0.399 0.397 0.399 0.408 0.412 0.385 0.393 0.417 0.417 0.413 0.418 0.440 0.408 0.407 0.398 0.420 0.441 0.409 0.410 0.392 0.431 0.443 0.409 0.404 0.393 16/02/2047
0.664 0.677 0.671 0.692 0.673 0.682 0.691 0.673 0.363 0.365 0.728 0.768 0.379 0.356 0.390 0.372 0.444 0.373 0.334 0.365 0.600 0.442 0.594 0.380 0.413 0.405 0.488 0.426 0.436 0.396 17/02/2047
0.529 0.553 0.505 0.527 0.556 0.556 0.563 0.504 0.515 0.523 0.639 0.574 0.529 0.529 0.524 0.610 0.588 0.499 0.499 0.497 0.660 0.588 0.653 0.502 0.543 0.576 0.555 0.571 0.595 0.544 18/02/2047
0.804 0.796 0.755 0.711 0.715 0.797 0.795 0.756 0.723 0.711 0.810 0.773 0.823 0.815 0.718 0.819 0.726 0.712 0.708 0.697 0.740 0.726 0.717 0.716 0.738 0.765 0.752 0.755 0.738 0.731 19/02/2047
1.186 1.209 1.211 1.281 1.212 1.213 1.213 1.217 1.253 1.230 1.258 1.269 1.249 1.245 1.239 1.202 1.174 1.264 1.264 1.294 1.190 1.177 1.282 1.265 1.271 1.219 1.153 1.230 1.249 1.272 20/02/2047
1.997 2.064 2.068 2.154 1.993 2.061 2.042 2.079 2.163 2.035 2.201 2.234 2.083 2.083 2.039 2.069 2.105 2.200 2.182 2.208 2.126 2.106 2.185 2.206 2.222 2.127 2.115 2.216 2.249 2.209 21/02/2047
2.487 2.602 2.569 2.590 2.372 2.562 2.527 2.541 2.493 2.429 2.695 2.690 2.586 2.546 2.469 2.794 2.845 2.661 2.636 2.573 2.931 2.837 2.712 2.686 2.670 3.062 2.924 2.837 2.760 2.622 22/02/2047
2.864 2.900 2.938 2.918 2.721 2.882 2.848 2.924 2.834 2.708 2.833 2.885 2.807 2.807 2.728 2.786 2.710 2.809 2.808 2.790 2.884 2.707 2.820 2.824 2.810 3.012 2.764 2.885 2.870 2.789 23/02/2047
1.933 1.924 1.967 2.013 1.864 1.920 1.948 1.963 1.903 1.836 1.857 1.893 1.868 1.860 1.845 1.738 1.668 1.826 1.821 1.861 1.741 1.671 1.804 1.835 1.857 1.824 1.709 1.859 1.872 1.848 24/02/2047
2.438 2.397 2.450 2.411 2.341 2.392 2.384 2.442 2.398 2.334 2.354 2.358 2.343 2.323 2.353 2.254 2.234 2.342 2.316 2.348 2.256 2.232 2.284 2.357 2.421 2.365 2.337 2.414 2.405 2.390 25/02/2047
2.286 2.172 2.120 2.192 1.964 2.120 2.090 2.095 1.909 1.823 1.973 2.001 1.962 1.963 1.838 1.960 1.867 1.928 1.917 1.864 1.929 1.865 1.943 1.922 1.906 1.914 1.731 1.824 1.857 1.898 26/02/2047
0.723 0.704 0.679 0.811 0.787 0.696 0.689 0.676 0.741 0.702 0.640 0.667 0.681 0.672 0.670 0.591 0.591 0.611 0.597 0.647 0.567 0.584 0.624 0.634 0.661 0.595 0.642 0.629 0.628 0.648 27/02/2047
0.826 0.728 0.628 0.748 0.787 0.724 0.718 0.626 0.769 0.736 0.689 0.663 0.729 0.723 0.789 0.703 0.835 0.711 0.706 0.759 0.735 0.835 0.884 0.715 0.738 0.721 0.718 0.756 0.755 0.724 28/02/2047
1.173 1.149 1.105 0.974 0.971 1.132 1.135 1.092 1.020 0.975 1.106 1.171 1.129 1.114 0.991 1.117 1.164 1.169 1.149 1.047 1.158 1.161 1.143 1.172 1.072 1.212 1.159 1.143 1.141 1.057 01/03/2047
1.526 1.563 1.487 1.535 1.463 1.549 1.541 1.486 1.515 1.465 1.582 1.586 1.531 1.514 1.478 1.557 1.583 1.566 1.545 1.525 1.603 1.577 1.563 1.577 1.548 1.665 1.617 1.620 1.562 1.524 02/03/2047
1.792 1.834 1.827 1.850 1.900 1.843 1.841 1.824 1.911 1.862 1.859 1.871 1.918 1.910 1.882 1.904 1.861 1.887 1.869 1.872 1.906 1.864 1.913 1.888 1.874 1.953 1.907 1.953 1.885 1.861 03/03/2047
2.334 2.258 2.375 2.626 2.526 2.241 2.220 2.359 2.403 2.360 2.011 2.142 2.348 2.340 2.377 2.012 2.129 2.328 2.328 2.310 2.013 2.129 2.198 2.334 2.328 2.119 2.129 2.208 2.253 2.303 04/03/2047
0.825 0.805 0.859 0.849 0.859 0.796 0.777 0.847 0.833 0.834 0.757 0.828 0.840 0.837 0.838 0.730 0.797 0.799 0.793 0.804 0.778 0.799 0.818 0.799 0.777 0.781 0.797 0.797 0.768 0.768 05/03/2047
1.302 1.263 1.206 1.134 1.064 1.256 1.239 1.194 1.176 1.095 1.316 1.277 1.212 1.194 1.114 1.345 1.327 1.234 1.214 1.161 1.361 1.325 1.306 1.242 1.229 1.374 1.311 1.295 1.250 1.202 06/03/2047
1.128 1.158 1.132 1.067 1.072 1.158 1.158 1.131 1.128 1.082 1.142 1.155 1.140 1.142 1.091 1.156 1.191 1.112 1.116 1.110 1.161 1.191 1.163 1.114 1.149 1.161 1.214 1.184 1.142 1.152 07/03/2047
1.323 1.288 1.322 1.295 1.307 1.278 1.264 1.322 1.271 1.269 1.229 1.267 1.260 1.251 1.281 1.272 1.270 1.277 1.267 1.247 1.245 1.273 1.253 1.288 1.263 1.279 1.244 1.240 1.309 1.254 08/03/2047
1.348 1.329 1.281 1.158 1.256 1.327 1.321 1.278 1.293 1.263 1.375 1.361 1.334 1.321 1.276 1.380 1.321 1.329 1.313 1.279 1.348 1.323 1.366 1.342 1.291 1.322 1.355 1.399 1.323 1.271 09/03/2047
1.067 1.135 1.127 1.040 1.076 1.144 1.145 1.134 1.079 1.063 1.129 1.126 1.065 1.075 1.073 1.043 1.096 1.084 1.097 1.006 0.989 1.100 1.079 1.078 0.935 1.038 1.072 1.042 0.937 0.950 10/03/2047
1.292 1.285 1.260 1.187 1.184 1.283 1.276 1.253 1.229 1.181 1.281 1.258 1.234 1.230 1.191 1.257 1.298 1.245 1.243 1.216 1.253 1.297 1.275 1.254 1.209 1.257 1.263 1.265 1.239 1.204 11/03/2047
1.396 1.419 1.435 1.272 1.454 1.441 1.454 1.459 1.280 1.366 1.352 1.428 1.214 1.220 1.367 1.430 1.529 1.288 1.290 1.243 1.517 1.535 1.427 1.290 1.339 1.601 1.565 1.471 1.348 1.347 12/03/2047
1.202 1.214 1.207 1.136 1.141 1.169 1.145 1.176 1.117 1.104 1.225 1.198 1.227 1.217 1.123 1.279 1.296 1.272 1.268 1.152 1.337 1.295 1.218 1.279 1.132 1.405 1.438 1.388 1.349 1.126 13/03/2047
1.183 1.146 1.115 1.120 1.171 1.141 1.136 1.114 1.182 1.124 1.344 1.237 1.324 1.298 1.148 1.356 1.334 1.356 1.321 1.275 1.301 1.332 1.384 1.373 1.299 1.352 1.363 1.475 1.404 1.256 14/03/2047
2.653 2.565 2.593 2.683 2.730 2.550 2.544 2.587 2.645 2.621 2.550 2.497 2.533 2.526 2.643 2.559 2.472 2.637 2.615 2.619 2.577 2.474 2.566 2.634 2.559 2.607 2.527 2.605 2.673 2.548 15/03/2047
1.368 1.309 1.419 1.351 1.428 1.310 1.305 1.415 1.360 1.347 1.310 1.295 1.379 1.371 1.363 1.351 1.378 1.400 1.397 1.395 1.357 1.377 1.304 1.406 1.419 1.424 1.431 1.364 1.458 1.412 16/03/2047
1.375 1.317 1.283 1.076 1.144 1.311 1.305 1.279 1.106 1.103 1.298 1.257 1.210 1.204 1.111 1.338 1.251 1.100 1.090 1.069 1.237 1.252 1.163 1.108 1.028 1.183 1.137 1.064 1.045 1.021 17/03/2047
2.203 2.192 2.296 2.267 2.189 2.211 2.220 2.302 2.237 2.165 2.246 2.196 2.208 2.206 2.168 2.184 2.072 2.168 2.165 2.208 2.115 2.071 2.071 2.169 2.191 2.104 2.104 2.083 2.136 2.187 18/03/2047
2.785 2.812 2.831 2.710 2.830 2.796 2.778 2.817 2.942 2.890 2.848 2.815 2.847 2.828 2.909 2.899 2.778 2.827 2.800 2.925 2.881 2.772 2.809 2.835 2.857 2.891 2.739 2.788 2.794 2.852 19/03/2047
2.275 2.289 2.248 2.172 2.113 2.282 2.271 2.238 2.102 2.062 2.332 2.316 2.236 2.202 2.076 2.339 2.311 2.149 2.115 2.156 2.283 2.303 2.238 2.167 2.114 2.344 2.267 2.247 2.132 2.072 20/03/2047
1.446 1.492 1.450 1.268 1.283 1.478 1.470 1.441 1.546 1.486 1.434 1.479 1.332 1.328 1.498 1.412 1.348 1.469 1.445 1.614 1.527 1.336 1.276 1.476 1.527 1.583 1.559 1.511 1.518 1.518 21/03/2047
1.686 1.664 1.627 1.571 1.564 1.669 1.672 1.624 1.440 1.514 1.659 1.592 1.437 1.440 1.509 1.706 1.603 1.492 1.493 1.506 1.683 1.607 1.436 1.491 1.534 1.667 1.597 1.403 1.476 1.531 22/03/2047
2.011 2.003 1.936 1.908 1.896 1.961 1.954 1.906 1.902 1.892 2.012 1.972 1.962 1.936 1.907 2.011 2.013 1.977 1.953 1.963 2.033 2.010 1.991 1.994 2.070 2.064 2.042 2.058 2.064 2.017 23/03/2047
1.664 1.668 1.744 1.716 1.709 1.647 1.636 1.734 1.778 1.728 1.693 1.765 1.767 1.750 1.746 1.695 1.774 1.814 1.783 1.787 1.784 1.772 1.779 1.821 1.804 1.802 1.805 1.842 1.825 1.773 24/03/2047
1.394 1.338 1.301 1.244 1.226 1.321 1.294 1.272 1.305 1.219 1.363 1.377 1.359 1.345 1.241 1.379 1.383 1.345 1.329 1.325 1.417 1.379 1.348 1.355 1.360 1.411 1.432 1.412 1.418 1.337 25/03/2047
1.327 1.199 1.198 1.175 1.306 1.183 1.177 1.180 1.349 1.319 1.213 1.240 1.370 1.347 1.334 1.344 1.339 1.423 1.393 1.302 1.359 1.333 1.358 1.432 1.299 1.319 1.374 1.421 1.337 1.288 26/03/2047
2.077 2.070 2.053 1.960 2.046 2.070 2.069 2.055 1.991 2.040 1.992 2.163 1.972 1.974 2.055 2.012 2.229 2.041 2.033 1.981 2.112 2.228 2.078 2.044 2.099 2.067 2.343 2.147 2.110 2.088 27/03/2047
1.416 1.415 1.450 1.366 1.330 1.403 1.390 1.432 1.410 1.347 1.453 1.423 1.398 1.386 1.359 1.443 1.559 1.441 1.431 1.470 1.526 1.556 1.527 1.447 1.718 1.587 1.587 1.576 1.615 1.701 28/03/2047
2.682 2.654 2.734 2.602 2.637 2.629 2.617 2.722 2.647 2.549 2.647 2.681 2.776 2.759 2.576 2.667 2.720 2.800 2.772 2.761 2.764 2.714 2.729 2.814 2.885 2.836 2.776 2.825 2.855 2.863 29/03/2047
1.411 1.414 1.325 1.094 1.050 1.394 1.370 1.306 1.294 1.159 1.381 1.371 1.370 1.351 1.187 1.458 1.432 1.320 1.310 1.279 1.443 1.427 1.382 1.334 1.208 1.488 1.453 1.406 1.315 1.157 30/03/2047
1.963 2.014 1.941 1.818 1.868 2.003 1.989 1.930 1.955 1.903 2.018 1.894 1.974 1.960 1.921 2.033 1.929 2.021 1.997 1.970 2.029 1.927 1.985 2.031 1.999 2.077 1.950 2.013 2.000 1.980 31/03/2047
3.580 3.491 3.660 3.548 3.593 3.503 3.479 3.657 3.640 3.566 3.474 3.396 3.670 3.653 3.588 3.509 3.351 3.495 3.446 3.546 3.417 3.348 3.447 3.502 3.537 3.507 3.548 3.619 3.522 3.493 01/04/2047
1.996 1.933 1.870 1.838 1.854 1.916 1.908 1.861 1.873 1.786 1.938 1.908 1.919 1.910 1.812 2.048 1.984 1.942 1.925 1.887 2.031 1.982 1.968 1.947 1.917 2.119 2.017 2.004 1.979 1.897 02/04/2047
2.411 2.348 2.348 2.440 2.460 2.345 2.333 2.345 2.467 2.425 2.353 2.356 2.441 2.441 2.442 2.349 2.339 2.368 2.349 2.494 2.335 2.338 2.369 2.373 2.490 2.347 2.330 2.366 2.426 2.484 03/04/2047
2.266 2.167 2.242 2.159 2.039 2.152 2.147 2.247 2.251 2.176 2.093 2.151 2.202 2.183 2.198 2.068 2.121 2.126 2.110 2.197 1.940 2.118 2.109 2.153 2.220 2.128 2.212 2.193 2.221 2.188 04/04/2047
1.694 1.693 1.595 1.510 1.557 1.680 1.662 1.580 1.550 1.481 1.698 1.720 1.679 1.671 1.498 1.643 1.715 1.747 1.713 1.742 1.592 1.716 1.764 1.759 1.807 1.558 1.742 1.823 1.800 1.775 05/04/2047
1.606 1.619 1.647 1.516 1.478 1.616 1.610 1.631 1.618 1.545 1.674 1.652 1.596 1.585 1.562 1.634 1.772 1.690 1.662 1.662 1.761 1.768 1.756 1.700 1.687 1.814 1.763 1.778 1.780 1.655 06/04/2047
1.987 2.070 2.024 1.939 2.012 2.045 2.034 2.017 1.916 1.982 1.994 1.993 1.902 1.901 1.987 1.941 1.972 1.899 1.890 1.938 1.991 1.979 1.893 1.903 1.932 1.975 1.959 1.901 1.922 1.916 07/04/2047
0.955 0.902 0.923 0.934 1.040 0.884 0.873 0.914 1.039 0.998 0.914 0.903 1.034 1.018 1.009 0.862 0.884 0.986 0.971 1.028 0.852 0.885 0.973 0.992 1.046 0.834 0.927 1.031 1.074 1.021 08/04/2047
2.145 2.108 1.966 1.962 1.964 2.085 2.075 1.947 2.013 1.972 2.106 1.964 2.048 2.029 1.986 2.116 2.188 1.844 1.826 1.744 2.109 2.189 2.129 1.842 1.717 2.159 1.763 1.751 1.817 1.691 09/04/2047
1.148 0.884 1.145 0.749 0.841 0.840 0.806 1.131 0.675 0.623 0.927 0.779 0.889 0.874 0.644 0.923 0.816 0.694 0.656 0.793 0.829 0.803 0.709 0.729 0.736 0.745 0.836 0.735 0.702 0.710 10/04/2047
2.035 1.898 1.980 2.134 2.148 1.875 1.853 1.970 2.067 1.987 1.826 1.844 2.160 2.142 2.009 1.830 1.929 2.082 2.067 2.194 1.947 1.929 1.961 2.092 2.183 1.995 1.993 2.069 2.221 2.151 11/04/2047
1.972 1.976 2.085 2.168 2.000 1.931 1.905 2.066 1.977 2.035 1.886 1.880 1.777 1.774 2.041 1.657 1.653 1.749 1.750 1.820 1.669 1.652 1.659 1.753 1.779 1.557 1.634 1.657 1.725 1.764 12/04/2047
2.114 2.052 2.145 2.222 2.251 2.030 2.011 2.126 2.230 2.179 1.988 2.082 2.204 2.192 2.202 1.996 2.101 2.175 2.142 2.178 2.006 2.094 2.033 2.186 2.217 2.041 2.185 2.124 2.224 2.197 13/04/2047
1.361 1.361 1.384 1.363 1.556 1.346 1.342 1.380 1.462 1.465 1.457 1.467 1.494 1.481 1.486 1.535 1.469 1.511 1.500 1.480 1.583 1.462 1.515 1.526 1.533 1.629 1.578 1.640 1.585 1.516 14/04/2047
1.600 1.450 1.500 1.421 1.417 1.440 1.430 1.485 1.478 1.426 1.620 1.526 1.501 1.488 1.445 1.616 1.546 1.503 1.501 1.566 1.525 1.534 1.513 1.522 1.596 1.596 1.474 1.443 1.418 1.575 15/04/2047
2.545 2.390 2.554 2.404 2.474 2.384 2.362 2.539 2.490 2.442 2.402 2.406 2.598 2.581 2.451 2.466 2.463 2.558 2.542 2.479 2.456 2.464 2.431 2.565 2.535 2.507 2.489 2.473 2.496 2.519 16/04/2047
3.742 3.741 3.808 3.799 3.728 3.726 3.738 3.809 3.819 3.697 3.694 3.703 3.799 3.787 3.716 3.667 3.674 3.715 3.683 3.811 3.641 3.669 3.737 3.713 3.782 3.729 3.639 3.724 3.734 3.761 17/04/2047
1.446 1.502 1.433 1.459 1.485 1.476 1.456 1.415 1.706 1.633 1.319 1.282 1.423 1.407 1.658 1.353 1.389 1.442 1.416 1.522 1.329 1.387 1.267 1.449 1.673 1.314 1.468 1.366 1.482 1.634 18/04/2047
2.446 2.505 2.495 2.582 2.604 2.483 2.469 2.484 2.697 2.631 2.482 2.436 2.645 2.633 2.653 2.518 2.612 2.744 2.720 2.849 2.463 2.614 2.625 2.751 2.884 2.413 2.540 2.553 2.666 2.858 19/04/2047
2.585 2.412 2.492 2.309 2.336 2.378 2.360 2.490 2.392 2.308 2.542 2.385 2.430 2.412 2.323 2.573 2.398 2.418 2.394 2.403 2.441 2.400 2.406 2.422 2.393 2.464 2.393 2.432 2.326 2.364 20/04/2047
2.241 2.233 2.632 2.664 2.674 2.220 2.201 2.626 2.742 2.678 2.158 2.361 2.648 2.626 2.701 2.172 2.447 2.661 2.638 2.734 2.193 2.444 2.432 2.672 2.778 2.158 2.353 2.371 2.601 2.737 21/04/2047
2.927 2.887 2.851 2.866 2.818 2.875 2.859 2.838 2.919 2.808 2.810 2.814 2.920 2.904 2.821 2.873 2.878 2.891 2.872 2.903 2.874 2.878 2.862 2.899 2.867 2.901 2.871 2.869 2.856 2.827 22/04/2047
2.417 2.182 2.303 2.273 2.315 2.154 2.124 2.292 2.418 2.401 2.319 2.238 2.392 2.377 2.421 2.333 2.431 2.402 2.376 2.393 2.343 2.422 2.385 2.411 2.497 2.455 2.409 2.375 2.499 2.462 23/04/2047
1.968 1.914 1.746 1.635 1.608 1.909 1.903 1.741 1.378 1.336 1.652 1.604 1.470 1.465 1.331 1.603 1.464 1.457 1.456 1.546 1.570 1.472 1.503 1.464 1.504 1.638 1.566 1.640 1.613 1.511 24/04/2047
1.511 1.499 1.418 1.371 1.364 1.429 1.424 1.416 1.337 1.274 1.554 1.500 1.391 1.388 1.279 1.702 1.782 1.313 1.308 1.446 1.628 1.770 1.602 1.321 1.458 1.670 1.626 1.449 1.352 1.446 25/04/2047
2.381 2.437 2.297 2.327 2.367 2.414 2.401 2.289 2.466 2.415 2.426 2.427 2.636 2.590 2.447 2.460 2.643 2.554 2.521 2.504 2.548 2.638 2.627 2.578 2.462 2.469 2.517 2.538 2.515 2.431 26/04/2047
2.748 2.658 2.578 2.685 2.695 2.637 2.625 2.567 2.769 2.712 2.479 2.609 2.778 2.760 2.734 2.507 2.632 2.713 2.681 2.651 2.590 2.630 2.656 2.727 2.504 2.353 2.420 2.479 2.537 2.454 27/04/2047
2.757 2.690 2.641 2.613 2.586 2.672 2.649 2.639 2.741 2.665 2.694 2.696 2.767 2.756 2.683 2.765 2.696 2.706 2.686 2.688 2.779 2.689 2.694 2.721 2.735 2.799 2.735 2.772 2.763 2.693 28/04/2047
2.489 2.523 2.484 2.479 2.596 2.490 2.462 2.465 2.510 2.536 2.526 2.555 2.608 2.593 2.544 2.708 2.854 2.664 2.643 2.556 2.769 2.844 2.654 2.673 2.579 2.793 2.816 2.629 2.639 2.553 29/04/2047
3.498 3.518 3.587 3.709 3.653 3.501 3.492 3.581 3.804 3.701 3.516 3.568 3.735 3.718 3.723 3.525 3.661 3.744 3.731 3.797 3.546 3.656 3.710 3.748 3.827 3.555 3.575 3.688 3.795 3.800 30/04/2047
4.193 4.165 4.207 4.211 4.069 4.129 4.102 4.184 4.343 4.155 4.216 4.181 4.284 4.249 4.187 4.110 4.001 4.288 4.264 4.294 4.112 3.998 4.256 4.304 4.333 4.175 4.094 4.374 4.371 4.277 01/05/2047
4.990 4.991 5.003 4.971 4.803 4.982 4.968 4.992 5.064 4.941 5.115 5.127 5.096 5.020 4.969 5.040 5.017 5.111 5.049 5.020 5.077 5.011 5.109 5.140 5.146 5.231 5.072 5.242 5.206 5.052 02/05/2047
4.611 4.659 4.621 4.579 4.526 4.642 4.607 4.591 4.776 4.631 4.719 4.723 4.765 4.733 4.663 4.681 4.662 4.817 4.776 4.759 4.768 4.655 4.845 4.833 4.881 4.862 4.725 4.948 4.915 4.843 03/05/2047
4.020 4.181 4.097 4.061 4.030 4.183 4.163 4.087 4.273 4.134 4.256 4.302 4.331 4.317 4.170 4.250 4.358 4.372 4.316 4.291 4.347 4.347 4.396 4.388 4.425 4.448 4.411 4.477 4.451 4.391 04/05/2047
4.784 4.788 4.708 4.601 4.508 4.743 4.737 4.689 4.629 4.520 4.576 4.496 4.481 4.454 4.555 4.493 4.227 4.316 4.292 4.316 4.246 4.221 4.278 4.329 4.119 4.092 4.114 4.161 4.111 4.090 05/05/2047
3.114 3.275 3.102 3.192 3.189 3.262 3.251 3.093 3.231 3.142 3.269 3.342 3.451 3.427 3.165 3.264 3.306 3.359 3.328 3.229 3.439 3.297 3.385 3.377 3.294 3.370 3.319 3.426 3.380 3.261 06/05/2047
3.033 3.056 3.064 3.113 3.171 3.036 3.020 3.047 3.152 3.064 2.938 3.057 3.178 3.162 3.085 2.963 3.026 3.044 3.017 2.930 2.999 3.020 3.040 3.055 2.952 3.018 2.925 2.949 2.978 2.906 07/05/2047
3.615 3.662 3.642 3.632 3.630 3.650 3.635 3.629 3.706 3.598 3.539 3.505 3.662 3.635 3.617 3.546 3.516 3.621 3.593 3.641 3.553 3.508 3.608 3.639 3.636 3.537 3.509 3.658 3.707 3.597 08/05/2047
4.181 4.110 4.129 4.064 4.006 4.084 4.067 4.116 4.137 3.984 3.984 4.041 4.141 4.137 4.012 4.022 3.955 4.009 3.968 3.999 3.910 3.956 4.031 4.018 3.876 3.965 3.814 3.881 3.894 3.847 09/05/2047
4.399 4.402 4.313 4.276 4.221 4.413 4.404 4.323 4.344 4.208 4.277 4.310 4.332 4.315 4.225 4.184 4.208 4.320 4.317 4.202 4.166 4.207 4.289 4.337 4.234 4.291 4.250 4.351 4.323 4.226 10/05/2047
3.313 3.219 3.291 3.009 2.856 3.200 3.161 3.272 3.149 2.935 2.959 3.040 3.025 2.989 2.975 2.923 2.720 3.060 3.039 2.974 2.702 2.710 2.735 3.076 2.952 2.703 2.714 2.774 3.155 2.893 11/05/2047
3.770 3.719 3.605 3.483 3.560 3.686 3.676 3.582 3.704 3.577 3.546 3.612 3.602 3.591 3.601 3.654 3.473 3.554 3.526 3.499 3.453 3.466 3.432 3.562 3.428 3.441 3.359 3.358 3.450 3.396 12/05/2047
3.100 3.025 3.105 3.132 3.128 2.965 2.929 3.079 3.223 3.095 3.195 3.219 3.205 3.182 3.123 3.184 3.259 3.193 3.165 3.231 3.167 3.247 3.212 3.212 3.262 3.190 3.292 3.280 3.321 3.224 13/05/2047
2.454 2.439 2.267 2.219 2.101 2.429 2.419 2.263 1.883 1.858 2.501 2.366 2.056 2.025 1.883 2.231 1.994 2.034 1.998 1.810 2.217 1.992 2.197 2.043 1.720 2.233 1.945 2.167 1.973 1.669 14/05/2047
3.108 3.185 3.372 3.562 3.440 3.173 3.161 3.365 3.658 3.507 2.917 3.249 3.570 3.544 3.531 2.919 3.155 3.585 3.551 3.600 3.034 3.146 3.194 3.600 3.714 3.092 3.491 3.627 3.622 3.660 15/05/2047
2.540 2.689 2.741 2.694 2.696 2.656 2.639 2.719 2.769 2.680 2.921 2.653 2.781 2.771 2.695 2.891 2.841 2.739 2.709 2.673 2.782 2.831 2.846 2.753 2.712 2.934 2.840 2.860 2.841 2.682 16/05/2047
3.033 2.875 2.881 2.601 2.721 2.835 2.795 2.850 2.896 2.834 2.762 2.799 2.855 2.817 2.868 2.807 2.751 2.722 2.698 2.544 2.770 2.738 2.747 2.739 2.471 2.803 2.742 2.732 2.684 2.440 17/05/2047
3.597 3.544 3.544 3.628 3.610 3.514 3.499 3.529 3.611 3.505 3.581 3.515 3.578 3.547 3.531 3.574 3.604 3.627 3.602 3.513 3.603 3.589 3.592 3.641 3.574 3.573 3.592 3.627 3.558 3.532 18/05/2047
3.631 3.490 3.570 3.505 3.491 3.476 3.457 3.553 3.525 3.418 3.493 3.377 3.493 3.466 3.437 3.437 3.405 3.493 3.454 3.450 3.423 3.401 3.534 3.507 3.408 3.406 3.445 3.603 3.493 3.373 19/05/2047
3.739 3.723 3.924 3.840 3.803 3.717 3.708 3.909 3.980 3.902 3.749 3.893 3.915 3.897 3.924 3.704 3.933 3.942 3.922 4.030 3.773 3.927 3.927 3.954 4.109 4.086 3.983 3.997 4.025 4.081 20/05/2047
4.374 4.341 4.345 4.217 4.192 4.340 4.321 4.344 4.309 4.188 4.317 4.288 4.345 4.336 4.200 4.284 4.248 4.327 4.319 4.247 4.309 4.244 4.324 4.340 4.319 4.341 4.231 4.340 4.364 4.295 21/05/2047
1.181 1.488 1.701 2.083 2.218 1.447 1.482 1.686 2.267 2.195 1.475 1.738 1.685 1.672 2.217 1.581 2.032 1.888 1.863 1.994 1.526 2.025 1.920 1.899 1.477 1.746 1.889 1.781 1.951 1.328 22/05/2047
3.033 3.032 2.981 2.935 3.027 3.015 3.007 2.962 3.170 3.069 2.883 2.884 3.098 3.074 3.103 2.921 3.096 3.068 3.032 3.140 3.010 3.088 3.056 3.083 3.014 3.103 3.165 3.169 3.108 2.966 23/05/2047
4.041 4.047 3.967 3.858 3.902 4.032 4.011 3.956 4.076 3.974 3.955 3.962 4.109 4.096 4.001 4.022 4.058 4.062 4.044 3.990 3.974 4.059 4.103 4.070 4.019 4.104 4.058 4.124 4.060 3.980 24/05/2047
4.977 4.945 4.967 4.912 4.821 4.942 4.939 4.956 4.944 4.785 4.911 4.917 5.138 5.123 4.789 4.902 4.958 5.057 5.029 4.880 4.907 4.957 5.111 5.059 4.972 5.025 4.977 5.108 4.996 4.943 25/05/2047
6.493 6.433 6.510 6.271 5.697 6.395 6.363 6.488 6.225 5.669 6.179 6.308 6.183 6.167 5.706 6.118 5.990 6.145 6.128 6.180 6.004 5.989 6.038 6.158 6.242 6.169 6.089 6.140 6.199 6.210 26/05/2047
4.294 4.252 4.390 4.470 4.369 4.224 4.200 4.384 4.539 4.392 4.097 4.268 4.426 4.421 4.403 4.125 4.270 4.585 4.565 4.524 4.035 4.274 4.315 4.590 4.618 4.201 4.344 4.401 4.453 4.584 27/05/2047
4.516 4.544 4.564 4.488 4.445 4.525 4.519 4.562 4.763 4.572 4.505 4.638 4.714 4.685 4.598 4.505 4.501 4.741 4.702 4.739 4.495 4.494 4.676 4.748 4.754 4.546 4.554 4.741 4.727 4.717 28/05/2047
3.897 3.928 3.938 3.973 4.024 3.908 3.896 3.928 4.172 4.082 3.891 3.849 4.071 4.052 4.107 3.924 3.998 4.074 4.042 4.085 3.951 3.999 4.028 4.075 4.035 4.022 4.003 4.068 4.045 4.015 29/05/2047
4.683 4.787 4.771 4.695 4.659 4.797 4.772 4.775 4.842 4.742 4.844 4.857 4.841 4.827 4.743 4.860 4.921 5.115 5.073 5.013 4.854 4.926 4.943 5.119 4.923 4.865 4.950 4.983 5.006 4.901 30/05/2047
6.960 6.874 6.817 6.472 5.882 6.834 6.783 6.792 6.399 5.861 6.667 6.642 6.436 6.419 5.895 6.622 6.305 6.370 6.348 6.326 6.517 6.307 6.349 6.382 6.362 6.590 6.285 6.382 6.369 6.335 31/05/2047
5.179 4.904 5.024 4.965 4.821 4.881 4.868 5.007 4.925 4.730 4.724 4.735 4.799 4.776 4.769 4.642 4.526 4.689 4.658 4.780 4.592 4.527 4.639 4.705 4.790 4.550 4.527 4.669 4.667 4.733 01/06/2047
4.259 4.198 4.191 4.172 4.071 4.166 4.147 4.169 4.286 4.140 4.085 4.120 4.149 4.114 4.175 3.934 4.124 4.192 4.160 4.165 3.898 4.115 4.148 4.217 4.225 4.032 4.032 4.124 4.216 4.181 02/06/2047
5.499 5.349 5.323 4.861 4.591 5.309 5.265 5.298 4.957 4.568 5.147 5.155 4.902 4.841 4.584 5.237 5.092 4.766 4.685 4.754 5.161 5.086 4.743 4.791 4.720 5.059 4.949 4.690 4.714 4.603 03/06/2047
4.937 4.742 4.933 5.025 4.960 4.758 4.774 4.945 5.071 4.936 4.618 4.690 4.879 4.881 4.961 4.670 4.727 4.770 4.772 4.893 4.679 4.728 4.770 4.770 4.759 4.763 4.693 4.745 4.758 4.756 04/06/2047
3.309 3.197 3.139 2.995 3.253 3.118 3.053 3.091 3.454 3.309 3.011 2.993 3.377 3.324 3.350 3.116 3.137 3.214 3.167 3.183 3.120 3.133 3.129 3.237 3.328 3.174 3.219 3.270 3.305 3.246 05/06/2047
2.705 2.574 2.538 2.269 2.302 2.562 2.541 2.529 2.294 2.161 2.560 2.450 2.403 2.362 2.203 2.578 2.335 2.051 2.006 2.083 2.458 2.324 2.248 2.075 2.081 2.365 2.272 2.235 2.157 2.003 06/06/2047
2.847 3.035 3.151 2.778 2.806 2.998 2.979 3.124 3.042 2.951 2.746 2.896 2.918 2.881 2.987 2.728 2.824 2.981 2.951 3.036 2.880 2.816 2.789 2.997 2.656 2.791 2.636 2.625 2.822 2.607 07/06/2047
2.888 2.800 2.998 2.809 2.753 2.776 2.753 2.980 2.806 2.754 2.880 2.885 2.913 2.867 2.781 2.865 2.871 2.724 2.698 2.894 2.884 2.861 2.822 2.736 2.965 3.054 3.002 2.994 2.994 2.914 08/06/2047
4.781 4.858 4.843 4.730 4.728 4.848 4.833 4.835 4.931 4.777 4.797 4.843 4.935 4.905 4.801 4.772 4.865 4.870 4.844 4.792 4.784 4.863 4.849 4.888 4.812 4.831 4.843 4.894 4.876 4.751 09/06/2047
4.619 4.652 4.771 4.088 4.210 4.622 4.592 4.762 4.219 3.947 4.197 4.145 4.201 4.140 4.030 4.253 4.271 4.216 4.141 4.244 4.222 4.261 4.150 4.244 4.272 4.455 4.373 4.306 4.338 4.182 10/06/2047
3.653 3.514 3.547 3.488 3.420 3.474 3.452 3.512 3.798 3.632 3.336 3.564 3.688 3.636 3.688 3.323 3.440 3.606 3.546 3.712 3.412 3.432 3.495 3.630 3.735 3.421 3.487 3.600 3.723 3.658 11/06/2047
2.820 2.839 2.927 2.607 2.378 2.762 2.712 2.911 2.604 2.397 2.531 2.488 2.497 2.436 2.459 2.568 2.474 2.429 2.354 2.455 2.516 2.437 2.364 2.466 2.574 2.546 2.512 2.482 2.439 2.492 12/06/2047
3.763 3.784 3.775 3.750 3.803 3.742 3.699 3.748 3.938 3.856 3.559 3.711 3.791 3.768 3.874 3.629 3.780 3.772 3.737 3.714 3.785 3.772 3.709 3.785 3.680 3.785 3.765 3.755 3.605 3.619 13/06/2047
3.117 3.039 3.173 3.103 3.099 2.988 2.954 3.151 3.486 3.369 2.842 3.021 3.147 3.112 3.399 2.708 2.990 3.084 3.047 3.206 2.771 2.987 3.035 3.102 3.324 2.910 3.008 3.102 3.196 3.243 14/06/2047
3.535 3.623 3.605 3.426 3.498 3.575 3.552 3.580 3.775 3.659 3.308 3.483 3.712 3.692 3.683 3.386 3.341 3.540 3.485 3.653 3.222 3.334 3.308 3.555 3.606 3.355 3.382 3.358 3.480 3.541 15/06/2047
4.912 4.964 4.909 4.788 4.735 4.930 4.906 4.894 5.002 4.894 4.795 4.938 4.960 4.917 4.914 4.861 4.994 4.956 4.937 4.953 4.882 4.999 4.912 4.962 5.012 4.891 4.955 4.924 5.007 4.967 16/06/2047
3.133 3.229 3.275 3.251 3.295 3.188 3.184 3.247 3.803 3.713 3.207 3.527 3.792 3.779 3.752 3.211 3.581 3.824 3.787 3.711 3.368 3.574 3.595 3.837 3.924 3.717 3.837 3.893 3.937 3.829 17/06/2047
3.720 3.767 3.769 3.593 3.671 3.739 3.720 3.748 3.853 3.729 3.471 3.664 3.786 3.748 3.761 3.491 3.697 3.739 3.701 3.737 3.522 3.683 3.628 3.759 3.727 3.561 3.680 3.642 3.693 3.665 18/06/2047
4.187 4.287 4.222 4.181 4.225 4.252 4.224 4.203 4.519 4.398 4.188 4.309 4.377 4.337 4.430 4.242 4.521 4.466 4.417 4.589 4.309 4.514 4.458 4.488 4.578 4.380 4.503 4.489 4.586 4.515 19/06/2047
4.344 4.380 4.496 4.183 4.250 4.356 4.340 4.466 4.626 4.464 4.324 4.469 4.576 4.552 4.492 4.288 4.520 4.553 4.533 4.573 4.353 4.516 4.490 4.572 4.568 4.465 4.549 4.539 4.576 4.536 20/06/2047
2.672 2.613 2.684 2.475 2.356 2.566 2.538 2.664 2.824 2.748 2.806 2.885 2.688 2.653 2.790 2.764 2.895 2.733 2.684 2.763 2.716 2.881 2.850 2.751 2.818 2.607 2.747 2.736 2.745 2.751 21/06/2047
3.374 3.405 3.320 3.119 3.143 3.388 3.363 3.298 3.502 3.371 3.354 3.299 3.367 3.336 3.403 3.395 3.454 3.424 3.370 3.426 3.332 3.455 3.334 3.445 3.299 3.516 3.507 3.440 3.388 3.257 22/06/2047
4.385 4.510 4.428 4.374 4.395 4.480 4.457 4.400 4.652 4.519 4.366 4.434 4.657 4.628 4.540 4.369 4.671 4.656 4.627 4.676 4.440 4.667 4.640 4.668 4.720 4.681 4.716 4.707 4.719 4.665 23/06/2047
4.078 4.251 4.139 3.891 3.928 4.222 4.192 4.121 4.069 3.940 3.976 4.100 3.993 3.961 3.963 4.023 3.902 3.814 3.773 3.797 3.875 3.893 3.820 3.832 3.856 3.956 3.931 3.883 3.916 3.810 24/06/2047
4.183 4.341 4.260 4.165 4.192 4.305 4.279 4.247 4.512 4.376 4.293 4.364 4.434 4.402 4.403 4.351 4.552 4.481 4.438 4.462 4.471 4.547 4.487 4.496 4.526 4.516 4.579 4.565 4.603 4.466 25/06/2047
5.484 5.606 5.443 5.410 5.313 5.596 5.577 5.426 5.736 5.480 5.512 5.567 5.555 5.522 5.516 5.347 5.378 5.567 5.533 5.543 5.367 5.371 5.537 5.580 5.536 5.377 5.363 5.535 5.591 5.496 26/06/2047
5.380 5.439 5.381 5.197 5.158 5.430 5.431 5.378 5.383 5.254 5.285 5.325 5.361 5.341 5.290 5.214 5.166 5.286 5.260 5.251 5.240 5.165 5.286 5.299 5.332 5.234 5.229 5.350 5.324 5.292 27/06/2047
5.790 5.749 5.679 5.510 5.298 5.756 5.769 5.676 5.439 5.314 5.538 5.545 5.402 5.393 5.340 5.485 5.490 5.433 5.396 5.471 5.466 5.490 5.370 5.449 5.433 5.466 5.457 5.385 5.402 5.375 28/06/2047
6.286 6.238 6.122 5.873 5.753 6.233 6.231 6.121 6.145 5.860 5.977 6.084 6.069 6.062 5.901 5.884 5.802 6.055 6.050 6.036 5.872 5.795 6.041 6.058 6.060 5.896 5.752 6.014 6.056 6.029 29/06/2047
3.806 3.838 3.652 3.407 3.387 3.811 3.812 3.613 3.629 3.448 3.815 3.730 3.599 3.580 3.487 3.865 3.639 3.578 3.538 3.488 3.881 3.633 3.590 3.599 3.500 3.762 3.717 3.660 3.605 3.442 30/06/2047
4.119 4.158 4.114 3.977 3.853 4.113 4.109 4.086 4.207 3.945 4.023 4.146 4.122 4.099 3.992 3.955 4.173 4.124 4.104 4.148 4.029 4.170 4.181 4.137 4.241 4.076 4.187 4.201 4.195 4.186 01/07/2047
4.486 4.609 4.433 4.413 4.324 4.587 4.581 4.419 4.591 4.439 4.490 4.519 4.499 4.473 4.479 4.463 4.524 4.502 4.471 4.481 4.485 4.520 4.549 4.518 4.525 4.541 4.551 4.589 4.638 4.485 02/07/2047
4.651 4.787 4.715 4.624 4.637 4.779 4.789 4.711 4.900 4.773 4.728 4.747 4.822 4.810 4.788 4.734 4.817 4.876 4.848 4.829 4.754 4.809 4.853 4.885 4.893 4.780 4.836 4.908 4.952 4.834 03/07/2047
4.681 4.764 4.748 4.571 4.480 4.751 4.750 4.738 4.657 4.535 4.661 4.695 4.596 4.589 4.572 4.674 4.711 4.636 4.624 4.608 4.686 4.706 4.654 4.645 4.559 4.685 4.656 4.604 4.748 4.539 04/07/2047
5.015 5.160 5.050 4.994 5.006 5.159 5.152 5.043 5.364 5.227 5.175 5.180 5.218 5.182 5.251 5.164 5.208 5.288 5.252 5.256 5.271 5.207 5.302 5.290 5.370 5.279 5.222 5.334 5.377 5.323 05/07/2047
5.805 5.779 5.778 5.464 5.455 5.798 5.798 5.773 5.716 5.544 5.799 5.807 5.725 5.720 5.574 5.734 5.615 5.753 5.746 5.697 5.772 5.615 5.779 5.761 5.801 5.739 5.643 5.797 5.842 5.772 06/07/2047
6.156 6.234 6.119 5.741 5.824 6.247 6.245 6.124 6.051 5.887 6.163 6.182 6.058 6.034 5.916 6.095 5.981 6.073 6.071 6.021 6.077 5.987 6.096 6.078 6.118 6.076 5.943 6.078 6.141 6.090 07/07/2047
6.650 6.631 6.544 6.384 6.207 6.610 6.616 6.523 6.557 6.307 6.478 6.458 6.522 6.484 6.361 6.364 6.360 6.565 6.510 6.427 6.353 6.370 6.511 6.590 6.627 6.352 6.353 6.600 6.703 6.543 08/07/2047
6.890 6.718 7.115 7.097 6.776 6.707 6.680 7.094 7.118 6.837 6.485 6.567 6.871 6.841 6.876 6.284 6.319 6.801 6.769 6.904 6.294 6.332 6.535 6.803 6.949 6.134 6.268 6.513 6.840 6.923 09/07/2047
4.626 4.673 4.542 4.541 4.431 4.644 4.589 4.526 4.466 4.298 4.344 4.483 4.440 4.402 4.336 4.235 4.261 4.228 4.193 4.377 4.318 4.261 4.334 4.231 4.464 4.241 4.088 4.205 4.268 4.404 10/07/2047
4.836 4.927 4.833 4.560 4.507 4.891 4.885 4.830 4.545 4.464 4.720 4.598 4.436 4.432 4.528 4.531 4.184 4.337 4.311 4.272 4.289 4.178 4.345 4.351 4.535 4.115 4.117 4.245 4.394 4.478 11/07/2047
4.843 4.688 4.640 4.450 4.228 4.638 4.604 4.612 4.575 4.288 4.479 4.593 4.616 4.603 4.352 4.391 4.538 4.455 4.406 4.416 4.403 4.538 4.636 4.471 4.377 4.451 4.490 4.608 4.501 4.300 12/07/2047
4.621 4.477 4.532 4.409 4.385 4.448 4.418 4.517 4.407 4.280 3.971 4.031 4.210 4.160 4.327 3.912 4.172 4.220 4.181 4.313 3.770 4.170 4.145 4.239 4.337 3.991 4.261 4.267 4.388 4.285 13/07/2047
4.852 4.760 4.727 4.446 4.456 4.733 4.709 4.703 4.490 4.396 4.518 4.576 4.609 4.610 4.427 4.447 4.478 4.524 4.500 4.471 4.426 4.466 4.483 4.533 4.556 4.422 4.435 4.476 4.522 4.518 14/07/2047
4.848 4.940 4.867 4.707 4.600 4.913 4.884 4.841 4.907 4.705 4.871 4.975 4.937 4.916 4.742 4.768 4.926 4.985 4.950 4.933 4.795 4.918 4.975 5.000 5.027 4.841 4.922 4.990 5.042 4.979 15/07/2047
4.992 4.978 4.926 4.784 4.679 4.942 4.926 4.902 5.003 4.790 4.836 4.885 5.050 5.022 4.839 5.173 5.172 5.040 4.997 4.999 5.164 5.173 5.006 5.055 5.071 5.150 5.170 5.036 5.091 5.022 16/07/2047
4.288 4.262 4.361 4.190 4.209 4.247 4.228 4.351 4.448 4.285 4.255 4.358 4.475 4.449 4.304 4.147 4.347 4.395 4.381 4.443 4.148 4.345 4.317 4.406 4.490 4.128 4.378 4.370 4.465 4.466 17/07/2047
4.730 4.644 4.512 4.365 4.380 4.598 4.540 4.474 4.522 4.365 4.521 4.612 4.632 4.595 4.390 4.517 4.507 4.480 4.451 4.397 4.474 4.495 4.549 4.497 4.619 4.408 4.384 4.474 4.538 4.559 18/07/2047
4.178 4.112 4.220 4.059 3.951 4.074 4.051 4.212 4.139 4.083 4.068 4.164 4.116 4.034 4.147 3.859 3.754 3.932 3.845 3.950 3.902 3.753 4.017 3.974 4.062 3.813 3.647 4.004 4.072 3.918 19/07/2047
4.582 4.576 4.414 4.143 4.152 4.543 4.534 4.400 4.233 4.128 4.408 4.457 4.414 4.384 4.153 4.367 4.459 4.254 4.216 4.176 4.336 4.446 4.409 4.275 4.220 4.186 4.311 4.293 4.280 4.159 20/07/2047
4.573 4.500 4.439 4.276 4.263 4.486 4.493 4.444 4.414 4.279 4.443 4.485 4.444 4.428 4.298 4.453 4.484 4.384 4.390 4.369 4.483 4.485 4.450 4.394 4.415 4.384 4.422 4.400 4.361 4.394 21/07/2047
4.728 4.878 4.810 4.618 4.507 4.855 4.843 4.808 4.743 4.603 4.822 4.822 4.761 4.741 4.638 4.754 4.750 4.676 4.643 4.633 4.700 4.745 4.711 4.688 4.620 4.611 4.672 4.640 4.660 4.601 22/07/2047
6.157 6.202 6.098 5.931 5.857 6.215 6.213 6.117 6.121 5.914 6.144 6.108 6.040 5.989 5.961 6.020 5.884 6.066 6.012 5.984 5.974 5.884 6.037 6.086 6.106 6.007 5.909 6.138 6.150 6.036 23/07/2047
7.166 7.242 7.163 7.055 6.999 7.268 7.271 7.206 7.340 7.000 7.214 7.195 7.343 7.303 7.010 7.144 7.116 7.390 7.350 7.312 7.177 7.113 7.383 7.414 7.552 7.201 7.217 7.556 7.613 7.479 24/07/2047
6.530 6.329 6.410 6.281 6.018 6.313 6.291 6.402 6.185 5.871 6.147 6.226 6.243 6.208 5.914 5.992 6.057 6.150 6.099 6.079 5.941 6.045 6.141 6.166 6.201 5.902 5.987 6.121 6.171 6.141 25/07/2047
4.721 4.677 4.676 4.502 4.446 4.643 4.622 4.654 4.750 4.490 4.501 4.597 4.704 4.672 4.518 4.446 4.452 4.670 4.623 4.651 4.420 4.454 4.561 4.683 4.696 4.353 4.425 4.536 4.673 4.653 26/07/2047
5.172 5.285 5.218 5.129 4.962 5.284 5.221 5.212 5.421 5.116 5.170 5.280 5.361 5.327 5.168 5.136 5.176 5.404 5.345 5.430 5.203 5.167 5.340 5.427 5.559 5.200 5.131 5.362 5.469 5.479 27/07/2047
5.698 5.721 5.701 5.459 5.398 5.709 5.711 5.693 5.574 5.372 5.895 5.943 5.686 5.666 5.422 5.921 5.698 5.771 5.741 5.581 5.852 5.706 5.820 5.783 5.782 5.768 5.599 5.731 5.749 5.743 28/07/2047
4.060 3.964 4.098 3.923 3.891 3.932 3.938 4.098 3.774 3.671 3.545 3.599 3.719 3.669 3.720 3.548 3.712 3.674 3.645 3.683 3.718 3.700 3.658 3.693 3.745 3.701 3.827 3.751 3.679 3.680 29/07/2047
2.989 3.169 3.389 3.228 3.119 3.151 3.147 3.362 3.379 3.184 2.809 3.158 3.136 3.098 3.230 2.800 3.291 3.166 3.129 3.464 3.115 3.289 3.263 3.184 2.926 2.968 2.923 2.879 3.427 2.864 30/07/2047
3.972 3.951 4.038 3.849 3.805 3.975 3.964 4.040 3.981 3.840 3.719 3.803 3.761 3.764 3.853 3.741 3.989 3.831 3.842 3.868 3.894 3.992 3.805 3.833 3.826 3.786 3.879 3.677 3.707 3.827 31/07/2047
