# 6448 6449 6450 6451 6452 6528 6529 6530 6531 6532 6610 6611 6612 6613 6614 6693 6694 6695 6696 6697 6776 6777 6778 6779 6780 6859 6860 6861 6862 6863 Date
0.000 0.000 0.000 0.000 0.000 0.000 0.000 0.000 0.000 0.000 0.000 0.000 0.000 0.000 0.000 0.000 0.000 0.000 0.000 0.000 0.000 0.000 0.000 0.000 0.000 0.000 0.000 0.000 0.000 0.000 01/08/2067
0.150 0.117 0.118 0.000 0.000 0.000 0.270 0.267 0.100 0.000 0.000 0.266 0.208 0.103 0.000 0.308 0.145 0.205 0.103 0.000 0.523 0.318 0.498 0.191 0.191 0.518 0.367 0.493 0.185 0.192 02/08/2067
0.547 1.132 1.137 1.467 1.258 0.306 1.270 1.261 2.027 2.369 0.306 1.259 1.497 0.808 1.610 0.166 0.134 0.281 0.812 1.351 0.000 0.374 0.559 0.223 0.223 0.000 0.000 0.550 0.221 0.226 03/08/2067
0.000 0.000 0.000 0.000 0.000 0.000 0.000 0.000 0.000 0.000 0.000 0.000 0.000 0.000 0.000 0.000 0.000 0.000 0.000 0.000 0.000 0.000 0.000 0.000 0.000 0.000 0.000 0.000 0.000 0.000 04/08/2067
0.000 0.000 0.000 0.000 0.000 0.000 0.000 0.000 0.000 0.000 0.000 0.000 0.000 0.000 0.000 0.000 0.000 0.000 0.000 0.000 0.000 0.000 0.000 0.000 0.000 0.000 0.000 0.000 0.000 0.000 05/08/2067
0.000 0.000 0.000 0.000 0.000 0.000 0.000 0.000 0.000 0.000 0.000 0.000 0.000 0.000 0.000 0.000 0.000 0.000 0.000 0.000 0.000 0.000 0.000 0.000 0.000 0.000 0.000 0.000 0.000 0.000 06/08/2067
0.000 0.000 0.000 0.000 0.000 0.000 0.000 0.000 0.000 0.000 0.000 0.000 0.000 0.000 0.000 0.000 0.000 0.000 0.000 0.000 0.000 0.000 0.000 0.000 0.000 0.000 0.000 0.000 0.000 0.000 07/08/2067
0.000 0.000 0.000 0.000 0.000 0.000 0.000 0.000 0.000 0.000 0.000 0.000 0.000 0.000 0.000 0.000 0.000 0.000 0.000 0.000 0.000 0.000 0.000 0.000 0.000 0.000 0.000 0.000 0.000 0.000 08/08/2067
0.000 0.000 0.000 0.000 0.000 0.000 0.000 0.000 0.000 0.000 0.000 0.000 0.000 0.000 0.000 0.000 0.000 0.000 0.000 0.000 0.000 0.000 0.000 0.000 0.000 0.000 0.000 0.000 0.000 0.000 09/08/2067
0.000 0.000 0.000 0.000 0.000 0.000 0.000 0.000 0.000 0.000 0.000 0.000 0.000 0.000 0.000 0.000 0.000 0.000 0.000 0.000 0.000 0.000 0.000 0.000 0.000 0.000 0.000 0.000 0.000 0.000 10/08/2067
0.000 0.000 0.000 0.000 0.000 0.000 0.000 0.000 0.000 0.000 0.000 0.000 0.000 0.000 0.000 0.000 0.000 0.000 0.000 0.000 0.000 0.000 0.000 0.000 0.000 0.000 0.000 0.000 0.000 0.000 11/08/2067
0.000 0.000 0.000 0.000 0.000 0.213 0.000 0.000 0.113 0.106 0.213 0.000 0.000 1.755 2.665 0.000 0.541 0.815 1.762 2.190 0.389 0.450 0.637 2.567 2.565 0.384 0.237 0.628 2.546 2.606 12/08/2067
0.000 0.000 0.000 0.000 0.000 0.000 0.000 0.000 0.000 0.000 0.000 0.000 0.000 0.000 0.000 0.000 0.000 0.000 0.000 0.000 0.000 0.134 0.284 0.000 0.000 0.000 0.000 0.272 0.000 0.000 13/08/2067
2.480 0.935 0.939 0.829 2.048 1.170 0.645 0.639 1.646 3.040 1.168 0.637 0.806 1.668 2.899 0.376 0.733 1.136 1.675 2.688 0.000 0.880 1.186 1.945 1.945 0.000 0.000 1.167 1.934 1.965 14/08/2067
1.622 0.000 0.000 0.205 0.929 0.835 0.286 0.282 0.256 1.291 0.834 0.282 0.274 1.310 2.277 2.635 1.841 1.981 1.315 1.823 3.192 1.923 2.039 1.937 1.936 3.157 2.638 2.015 1.926 1.957 15/08/2067
0.000 0.340 0.341 0.000 0.000 0.103 0.000 0.000 0.000 0.106 0.103 0.000 0.115 0.126 0.000 0.380 0.000 0.000 0.126 0.000 0.594 0.000 0.000 0.111 0.111 0.587 0.434 0.000 0.111 0.111 16/08/2067
0.000 0.000 0.000 0.000 0.000 0.000 0.000 0.000 0.000 0.000 0.000 0.000 0.000 0.000 0.000 0.126 0.000 0.000 0.000 0.000 0.000 0.000 0.000 0.000 0.000 0.000 0.000 0.000 0.000 0.000 17/08/2067
0.000 0.000 0.000 0.000 0.000 0.000 0.000 0.000 0.000 0.000 0.000 0.000 0.000 0.000 0.000 0.000 0.000 0.000 0.000 0.000 0.000 0.000 0.000 0.511 0.510 0.000 0.000 0.000 0.508 0.514 18/08/2067
0.000 0.000 0.000 0.000 0.000 0.000 0.000 0.000 0.000 0.000 0.000 0.000 0.000 0.000 0.000 0.000 0.000 0.000 0.000 0.000 0.000 0.000 0.000 0.000 0.000 0.000 0.000 0.000 0.000 0.000 19/08/2067
0.000 0.000 0.000 0.000 0.000 0.000 0.000 0.000 0.000 0.000 0.000 0.000 0.000 0.000 0.000 0.000 0.000 0.000 0.000 0.000 0.000 0.000 0.000 0.000 0.000 0.000 0.000 0.000 0.000 0.000 20/08/2067
0.000 0.000 0.000 0.000 0.000 0.000 0.000 0.000 0.000 0.000 0.000 0.000 0.000 0.000 0.000 0.000 0.000 0.000 0.000 0.000 0.000 0.000 0.000 0.000 0.000 0.000 0.000 0.000 0.000 0.000 21/08/2067
0.000 0.000 0.000 0.000 0.000 0.000 0.000 0.000 0.000 0.000 0.000 0.000 0.000 0.000 0.000 0.000 0.000 0.000 0.000 0.000 0.000 0.000 0.000 0.000 0.000 0.000 0.000 0.000 0.000 0.000 22/08/2067
0.000 0.000 0.000 0.000 0.000 0.000 0.000 0.000 0.000 0.000 0.000 0.000 0.000 0.000 0.000 0.000 0.000 0.000 0.000 0.000 0.000 0.000 0.000 0.000 0.000 0.000 0.000 0.000 0.000 0.000 23/08/2067
0.000 0.000 0.000 0.000 0.000 0.000 0.000 0.000 0.000 0.000 0.000 0.000 0.000 0.000 0.000 0.000 0.000 0.000 0.000 0.000 0.000 0.000 0.000 0.000 0.000 0.000 0.000 0.000 0.000 0.000 24/08/2067
0.000 0.000 0.000 0.000 0.000 0.000 0.000 0.000 0.000 0.000 0.000 0.000 0.000 0.000 0.000 0.000 0.000 0.000 0.000 0.000 0.000 0.000 0.000 0.000 0.000 0.000 0.000 0.000 0.000 0.000 25/08/2067
0.000 0.000 0.000 0.000 0.000 0.000 0.000 0.000 0.000 0.000 0.000 0.000 0.000 0.000 0.000 0.000 0.000 0.000 0.000 0.000 0.000 0.000 0.000 0.000 0.000 0.000 0.000 0.000 0.000 0.000 26/08/2067
0.000 0.000 0.000 0.000 0.000 0.000 0.000 0.000 0.000 0.000 0.000 0.000 0.000 0.000 0.000 0.000 0.000 0.000 0.000 0.000 0.000 0.000 0.000 0.000 0.000 0.000 0.000 0.000 0.000 0.000 27/08/2067
0.000 0.000 0.000 0.000 0.000 0.000 0.000 0.000 0.000 0.000 0.000 0.000 0.000 0.000 0.000 0.000 0.000 0.000 0.000 0.000 0.000 0.000 0.000 0.000 0.000 0.000 0.000 0.000 0.000 0.000 28/08/2067
0.000 0.000 0.000 0.000 0.000 0.000 0.000 0.000 0.000 0.000 0.000 0.000 0.000 0.000 0.000 0.000 0.000 0.000 0.000 0.000 0.000 0.000 0.000 0.000 0.000 0.000 0.000 0.000 0.000 0.000 29/08/2067
1.391 5.189 5.213 3.475 2.329 0.000 0.940 0.932 0.528 0.314 0.000 0.929 1.167 1.322 0.000 0.000 0.000 0.000 1.328 0.000 0.331 0.143 0.315 1.178 1.177 0.316 0.176 0.298 1.169 1.194 30/08/2067
0.000 0.000 0.000 0.000 0.000 0.000 0.000 0.000 0.000 0.000 0.000 0.000 0.000 0.000 0.000 0.000 0.000 0.000 0.000 0.000 0.000 0.000 0.000 0.000 0.000 0.000 0.000 0.000 0.000 0.000 31/08/2067
0.000 4.641 4.663 6.617 4.875 0.181 6.342 6.279 6.711 4.396 0.181 6.258 6.562 5.910 4.306 0.602 5.276 6.238 5.935 4.482 1.591 5.035 6.057 4.739 4.736 1.566 1.316 5.955 4.701 4.811 01/09/2067
0.000 0.000 0.000 0.000 0.000 0.000 0.000 0.000 0.000 0.000 0.000 0.000 0.000 0.000 0.000 0.000 0.000 0.000 0.000 0.000 0.000 0.000 0.000 0.000 0.000 0.000 0.000 0.000 0.000 0.000 02/09/2067
0.000 0.000 0.000 0.000 0.000 0.000 0.000 0.000 0.000 0.000 0.000 0.000 0.000 0.000 0.000 0.000 0.000 0.000 0.000 0.000 0.036 0.000 0.000 0.000 0.000 0.000 0.000 0.000 0.000 0.000 03/09/2067
0.000 0.000 0.000 0.000 0.000 0.101 0.000 0.000 0.000 0.000 0.101 0.000 0.000 0.000 0.000 0.197 0.000 0.000 0.000 0.000 0.149 0.000 0.000 0.000 0.000 0.148 0.108 0.000 0.000 0.000 04/09/2067
0.000 0.000 0.000 0.000 0.000 0.000 0.000 0.000 0.106 0.000 0.000 0.000 0.000 0.000 0.000 0.344 0.000 0.000 0.000 0.000 0.560 0.110 0.149 0.191 0.191 0.560 0.454 0.144 0.191 0.194 05/09/2067
0.000 0.000 0.000 0.000 0.000 0.485 0.000 0.000 0.000 0.000 0.488 0.000 0.000 0.000 0.000 1.354 0.155 0.243 0.000 0.000 1.017 0.242 0.417 0.000 0.000 1.005 0.717 0.400 0.000 0.000 06/09/2067
0.000 0.000 0.000 0.000 0.000 0.000 0.000 0.000 0.000 0.000 0.000 0.000 0.000 0.000 0.000 0.000 0.000 0.000 0.000 0.000 0.000 0.000 0.000 0.000 0.000 0.000 0.000 0.000 0.000 0.000 07/09/2067
1.477 1.254 1.259 2.043 2.524 2.536 2.309 2.287 1.336 1.151 2.531 2.281 2.472 1.861 0.245 3.768 2.782 3.259 1.866 0.334 3.100 2.535 3.079 1.465 1.464 3.061 2.569 3.033 1.456 1.482 08/09/2067
0.000 0.000 0.000 0.000 0.000 0.476 0.364 0.361 0.000 0.000 0.478 0.361 0.478 2.016 0.738 2.616 2.371 2.873 2.023 0.890 3.194 3.076 3.802 3.774 3.772 3.153 2.660 3.745 3.748 3.824 09/09/2067
2.682 3.206 3.220 2.699 1.662 2.190 2.818 2.791 3.082 2.421 2.187 2.782 3.047 2.451 2.017 3.314 2.369 2.869 2.461 1.871 3.445 2.499 3.051 2.815 2.814 3.407 2.865 3.006 2.794 2.856 10/09/2067
0.000 0.000 0.000 0.000 0.000 0.000 0.000 0.000 0.000 0.000 0.000 0.000 0.000 0.000 0.000 0.000 0.000 0.000 0.000 0.000 0.000 0.000 0.000 0.000 0.000 0.000 0.000 0.000 0.000 0.000 11/09/2067
4.104 2.575 2.585 0.480 0.000 3.513 2.301 2.306 0.359 0.000 3.508 2.299 2.634 0.510 0.000 3.721 2.368 3.197 0.512 0.000 3.820 2.416 3.253 1.300 1.299 3.802 3.949 3.212 1.290 1.319 12/09/2067
4.138 0.910 0.915 0.000 0.000 3.941 0.955 0.948 0.000 0.000 3.934 0.946 1.108 0.000 0.000 3.690 0.661 0.691 0.000 0.000 3.089 0.276 0.313 0.000 0.000 3.030 3.078 0.307 0.000 0.000 13/09/2067
23.338 14.000 14.061 13.050 17.851 18.419 14.321 14.186 16.626 20.601 18.391 14.143 18.304 18.060 23.768 19.906 17.495 18.871 18.135 26.897 19.506 19.001 22.460 22.968 22.958 19.335 23.534 22.085 22.796 23.303 14/09/2067
1.194 1.446 1.452 1.808 2.176 1.673 1.900 1.882 1.854 2.427 1.671 1.876 1.824 2.144 2.295 1.951 1.897 2.173 2.152 2.283 1.826 2.091 2.405 1.928 1.927 1.810 1.544 2.364 1.917 1.948 15/09/2067
26.642 25.552 25.670 26.450 28.972 29.910 24.196 23.952 21.325 26.677 29.855 23.875 22.141 22.997 26.128 24.831 26.283 22.891 23.092 23.244 24.217 26.927 23.307 21.396 21.386 23.936 29.377 22.910 21.229 21.721 16/09/2067
1.705 2.295 2.306 3.617 7.557 2.338 3.113 3.083 4.089 7.686 2.333 3.074 3.328 5.553 7.465 3.319 3.138 3.856 5.575 6.724 4.063 3.011 3.744 4.067 4.066 4.014 3.270 3.691 4.036 4.132 17/09/2067
1.780 1.397 1.403 1.279 1.676 1.625 1.329 1.316 1.283 1.775 1.622 1.312 1.321 1.466 2.012 1.797 1.450 1.456 1.471 1.867 1.641 1.531 1.546 1.802 1.802 1.627 1.336 1.531 1.791 1.825 18/09/2067
8.292 7.233 7.265 6.400 7.093 10.800 8.921 8.841 8.170 7.597 10.780 8.815 9.522 10.238 8.922 13.727 12.842 13.391 10.280 8.028 14.689 13.842 14.351 10.690 10.685 14.520 14.478 14.105 10.606 10.854 19/09/2067
5.125 5.325 5.349 5.688 6.370 5.749 5.368 5.315 5.355 5.769 5.740 5.299 5.744 5.918 5.829 5.698 5.120 5.914 5.939 5.275 5.150 4.576 5.299 4.846 4.844 5.089 4.879 5.218 4.810 4.915 20/09/2067
6.818 8.942 8.982 10.268 14.362 6.243 7.616 7.547 11.157 14.934 6.230 7.525 8.357 9.204 13.454 6.302 6.660 7.835 9.241 12.588 6.363 6.395 7.577 8.008 8.005 6.303 6.003 7.463 7.956 8.111 21/09/2067
0.000 0.000 0.000 0.000 0.000 0.000 0.000 0.000 0.000 0.000 0.000 0.000 0.000 0.000 0.000 0.000 0.000 0.000 0.000 0.000 0.000 0.000 0.000 0.000 0.000 0.000 0.000 0.000 0.000 0.000 22/09/2067
12.440 13.369 13.429 13.147 16.365 11.208 11.247 11.133 13.194 14.921 11.187 11.097 13.559 11.428 11.565 10.327 10.527 11.749 11.474 10.867 11.707 11.233 13.305 12.940 12.934 11.577 12.156 13.077 12.838 13.139 23/09/2067
7.013 5.846 5.873 5.632 5.570 7.517 7.462 7.388 6.434 6.781 7.503 7.331 7.505 6.531 6.890 7.023 5.796 6.582 6.558 6.235 4.589 5.711 6.511 7.306 7.302 4.540 3.981 6.482 7.248 7.418 24/09/2067
5.684 8.523 8.562 9.175 11.695 8.333 9.267 9.175 8.274 9.620 8.318 9.145 9.824 8.080 8.516 5.926 7.355 8.765 8.113 7.566 7.664 8.823 10.278 8.279 8.275 7.580 6.797 10.111 8.215 8.405 25/09/2067
1.437 1.764 1.770 3.275 4.874 1.259 1.992 1.970 3.241 5.208 1.256 1.964 1.983 2.962 4.587 1.291 1.815 2.098 2.974 3.881 1.416 2.062 2.382 2.968 2.966 1.398 1.139 2.347 2.945 3.012 26/09/2067
1.852 1.938 1.947 2.177 1.731 2.147 2.252 2.229 2.161 1.779 2.144 2.222 2.194 2.084 1.727 2.715 2.065 2.395 2.092 1.494 2.842 2.308 2.775 2.471 2.470 2.808 2.373 2.729 2.454 2.504 27/09/2067
0.129 0.137 0.138 0.000 0.000 0.234 0.147 0.146 0.000 0.000 0.233 0.146 0.120 0.000 0.000 0.111 0.160 0.166 0.000 0.120 0.000 0.114 0.103 0.000 0.000 0.000 0.000 0.103 0.000 0.000 28/09/2067
0.000 0.000 0.000 0.000 0.000 0.000 0.000 0.000 0.000 0.000 0.000 0.000 0.000 0.000 0.000 0.000 0.000 0.000 0.000 0.000 0.000 0.000 0.000 0.000 0.000 0.000 0.000 0.000 0.000 0.000 29/09/2067
0.000 0.000 0.000 0.000 0.000 0.000 0.000 0.000 0.119 0.000 0.000 0.000 0.000 0.000 0.000 0.000 0.000 0.000 0.000 0.000 0.000 0.000 0.000 0.000 0.000 0.000 0.000 0.000 0.000 0.000 30/09/2067
0.000 0.000 0.000 0.000 0.000 0.000 0.000 0.000 0.000 0.000 0.000 0.000 0.000 0.000 0.000 0.000 0.000 0.000 0.000 0.000 0.000 0.000 0.000 0.000 0.000 0.000 0.000 0.000 0.000 0.000 01/10/2067
0.000 0.000 0.000 0.000 0.000 0.000 0.000 0.000 0.000 0.000 0.000 0.000 0.000 0.000 0.000 0.000 0.000 0.000 0.000 0.000 0.000 0.000 0.000 0.000 0.000 0.000 0.000 0.000 0.000 0.000 02/10/2067
0.000 0.000 0.000 0.000 0.000 0.000 0.000 0.000 0.000 0.000 0.000 0.000 0.000 0.000 0.000 0.000 0.000 0.000 0.000 0.000 0.000 0.000 0.000 0.000 0.000 0.000 0.000 0.000 0.000 0.000 03/10/2067
0.000 0.000 0.000 0.109 0.000 0.000 0.000 0.000 0.000 0.000 0.000 0.000 0.000 0.000 0.000 0.000 0.000 0.000 0.000 0.000 0.000 0.000 0.000 0.000 0.000 0.000 0.000 0.000 0.000 0.000 04/10/2067
0.000 0.000 0.000 0.111 0.000 0.000 0.000 0.000 0.000 0.000 0.000 0.000 0.000 0.000 0.000 0.000 0.000 0.000 0.000 0.000 0.000 0.000 0.000 0.000 0.000 0.000 0.000 0.000 0.000 0.000 05/10/2067
0.000 0.000 0.000 0.000 0.000 0.000 0.000 0.000 0.000 0.000 0.000 0.000 0.000 0.000 0.000 0.000 0.000 0.000 0.000 0.000 0.000 0.000 0.000 0.000 0.000 0.000 0.000 0.000 0.000 0.000 06/10/2067
0.000 0.000 0.000 0.000 0.000 0.000 0.000 0.000 0.000 0.000 0.000 0.000 0.000 0.000 0.000 0.000 0.000 0.000 0.000 0.000 0.157 0.000 0.000 0.000 0.000 0.153 0.110 0.000 0.000 0.000 07/10/2067
0.000 0.000 0.000 0.000 0.000 0.000 0.000 0.000 0.000 0.000 0.000 0.000 0.000 0.000 0.000 0.000 0.000 0.000 0.000 0.000 0.167 0.000 0.000 0.000 0.000 0.163 0.116 0.000 0.000 0.000 08/10/2067
0.000 0.000 0.000 0.000 0.000 0.000 0.000 0.000 0.000 0.000 0.000 0.000 0.000 0.000 0.000 0.000 0.000 0.000 0.000 0.000 0.312 0.163 0.293 0.152 0.152 0.309 0.199 0.288 0.149 0.156 09/10/2067
0.000 0.000 0.000 0.000 0.000 0.000 0.000 0.000 0.000 0.000 0.000 0.000 0.000 0.000 0.115 0.000 0.000 0.000 0.000 0.196 0.767 0.000 0.000 0.193 0.193 0.758 0.539 0.000 0.193 0.196 10/10/2067
0.000 0.000 0.000 0.000 0.000 0.000 0.000 0.000 0.000 0.000 0.000 0.000 0.000 0.000 0.000 0.000 0.000 0.000 0.000 0.000 0.000 0.000 0.000 0.000 0.000 0.000 0.000 0.000 0.000 0.000 11/10/2067
0.000 0.000 0.000 0.000 0.000 0.000 0.000 0.000 0.000 0.000 0.000 0.000 0.000 0.000 0.000 0.000 0.000 0.000 0.000 0.000 0.000 0.000 0.000 0.000 0.000 0.000 0.000 0.000 0.000 0.000 12/10/2067
0.000 0.000 0.000 0.000 0.000 0.000 0.000 0.000 0.000 0.000 0.000 0.000 0.000 0.000 0.000 0.000 0.000 0.000 0.000 0.000 0.000 0.000 0.000 0.000 0.000 0.000 0.000 0.000 0.000 0.000 13/10/2067
0.000 0.000 0.000 0.000 0.000 0.000 0.000 0.000 0.000 0.000 0.000 0.000 0.000 0.000 0.000 0.000 0.000 0.000 0.000 0.000 0.000 0.000 0.000 0.000 0.000 0.000 0.000 0.000 0.000 0.000 14/10/2067
0.245 0.351 0.352 0.563 0.365 0.416 0.289 0.286 0.256 0.298 0.416 0.285 0.189 0.269 0.351 0.319 0.183 0.197 0.270 0.340 0.128 0.176 0.184 0.356 0.356 0.128 0.120 0.184 0.353 0.362 15/10/2067
0.164 0.106 0.106 0.000 0.000 0.583 0.374 0.371 0.139 0.000 0.582 0.370 0.229 0.380 0.179 0.876 0.495 0.651 0.381 0.234 0.935 0.381 0.444 0.363 0.362 0.924 0.608 0.433 0.359 0.368 16/10/2067
4.273 4.241 4.261 4.958 5.775 4.432 4.149 4.107 5.044 5.598 4.423 4.093 4.588 4.642 5.433 4.975 3.687 4.658 4.660 4.897 4.972 4.414 5.190 4.912 4.910 4.918 4.271 5.111 4.876 4.983 17/10/2067
0.441 0.424 0.425 0.558 0.741 0.538 0.399 0.396 0.519 0.736 0.544 0.395 0.529 0.375 0.707 0.597 0.386 0.641 0.376 0.866 0.277 0.484 0.701 0.249 0.249 0.275 0.168 0.691 0.248 0.274 18/10/2067
0.000 0.000 0.000 0.000 0.000 0.000 0.000 0.000 0.000 0.000 0.000 0.000 0.000 0.000 0.000 0.000 0.000 0.000 0.000 0.000 0.000 0.000 0.000 0.000 0.000 0.000 0.000 0.000 0.000 0.000 19/10/2067
0.000 0.000 0.000 0.000 0.000 0.000 0.000 0.000 0.000 0.000 0.000 0.000 0.000 0.000 0.000 0.000 0.000 0.000 0.000 0.000 0.000 0.000 0.000 0.000 0.000 0.000 0.000 0.000 0.000 0.000 20/10/2067
0.000 0.000 0.000 0.000 0.000 0.000 0.000 0.000 0.132 0.000 0.000 0.000 0.000 0.121 0.000 0.000 0.000 0.000 0.122 0.109 0.000 0.000 0.000 0.103 0.103 0.000 0.000 0.000 0.103 0.103 21/10/2067
0.000 0.100 0.100 0.121 0.100 0.000 0.000 0.000 0.000 0.000 0.000 0.000 0.000 0.000 0.000 0.000 0.000 0.000 0.000 0.130 0.000 0.000 0.000 0.000 0.000 0.000 0.000 0.000 0.000 0.000 22/10/2067
6.050 6.241 6.270 6.579 8.036 6.360 6.472 6.407 6.995 7.360 6.348 6.386 6.739 6.852 7.083 5.607 5.429 6.562 6.879 7.322 5.507 5.335 6.352 6.461 6.458 5.446 5.297 6.245 6.411 6.557 23/10/2067
0.418 0.516 0.518 1.525 1.577 0.143 0.141 0.139 0.353 0.735 0.143 0.139 0.190 0.208 0.166 0.000 0.125 0.159 0.209 0.291 0.000 0.104 0.130 0.123 0.123 0.000 0.000 0.130 0.122 0.126 24/10/2067
0.873 2.803 2.815 4.424 4.491 0.983 1.478 1.463 3.998 4.186 0.982 1.458 1.524 3.749 4.158 0.577 0.844 0.908 3.761 4.446 0.232 0.764 0.787 2.738 2.737 0.231 0.289 0.773 2.713 2.790 25/10/2067
1.086 1.234 1.239 2.218 3.264 1.100 1.430 1.416 1.802 2.745 1.099 1.431 1.471 1.679 2.174 0.938 1.163 1.464 1.685 1.805 0.930 0.986 1.294 1.596 1.595 0.919 0.598 1.271 1.583 1.621 26/10/2067
0.000 0.000 0.000 0.000 0.000 0.000 0.000 0.000 0.000 0.000 0.000 0.000 0.000 0.000 0.000 0.000 0.000 0.000 0.000 0.000 0.000 0.000 0.000 0.000 0.000 0.000 0.000 0.000 0.000 0.000 27/10/2067
8.569 7.331 7.366 4.247 1.918 9.635 9.128 9.037 6.755 3.564 9.618 9.008 9.666 9.846 7.054 11.919 10.199 11.889 9.884 6.349 11.042 9.660 11.226 10.727 10.722 10.900 10.232 11.034 10.643 10.890 28/10/2067
1.211 1.164 1.169 1.894 2.251 0.982 1.032 1.023 1.428 1.630 0.980 1.020 0.956 1.649 1.675 0.898 1.213 1.528 1.655 1.442 1.197 0.969 1.262 1.038 1.038 1.187 0.878 1.240 1.031 1.056 29/10/2067
0.244 0.322 0.323 0.322 0.142 0.000 0.207 0.207 0.112 0.100 0.000 0.207 0.151 0.103 0.100 0.120 0.117 0.107 0.103 0.183 0.000 0.000 0.000 0.110 0.110 0.000 0.000 0.000 0.110 0.110 30/10/2067
0.000 0.000 0.000 0.000 0.000 0.000 0.000 0.000 0.000 0.000 0.000 0.000 0.000 0.000 0.000 0.000 0.000 0.000 0.000 0.000 0.000 0.000 0.000 0.000 0.000 0.000 0.000 0.000 0.000 0.000 31/10/2067
0.000 0.000 0.000 0.000 0.000 0.000 0.000 0.000 0.000 0.000 0.000 0.000 0.000 0.000 0.000 0.000 0.000 0.000 0.000 0.000 0.000 0.000 0.000 0.000 0.000 0.000 0.000 0.000 0.000 0.000 01/11/2067
0.000 0.000 0.000 0.000 0.000 0.000 0.000 0.000 0.000 0.000 0.000 0.000 0.000 0.000 0.000 0.000 0.000 0.000 0.000 0.000 0.000 0.000 0.000 0.000 0.000 0.000 0.000 0.000 0.000 0.000 02/11/2067
0.000 0.000 0.000 0.000 0.000 0.000 0.000 0.000 0.000 0.000 0.000 0.000 0.000 0.000 0.000 0.000 0.000 0.000 0.000 0.000 0.000 0.000 0.000 0.000 0.000 0.000 0.000 0.000 0.000 0.000 03/11/2067
0.000 0.000 0.000 0.000 0.000 0.000 0.172 0.171 0.000 0.000 0.000 0.170 0.251 0.000 0.000 0.000 0.000 0.000 0.000 0.000 0.000 0.000 0.000 0.000 0.000 0.000 0.000 0.000 0.000 0.000 04/11/2067
0.000 0.000 0.000 0.000 0.000 0.000 0.120 0.119 0.000 0.000 0.000 0.119 0.164 0.000 0.000 0.096 0.000 0.000 0.000 0.000 0.133 0.000 0.000 0.000 0.000 0.131 0.000 0.000 0.000 0.000 05/11/2067
0.000 0.000 0.000 0.000 0.000 0.000 0.000 0.000 0.000 0.000 0.000 0.000 0.000 0.000 0.000 0.000 0.000 0.000 0.000 0.000 0.000 0.000 0.000 0.000 0.000 0.000 0.000 0.000 0.000 0.000 06/11/2067
0.000 0.000 0.000 0.000 0.000 0.000 0.000 0.000 0.000 0.000 0.000 0.000 0.000 0.000 0.000 0.000 0.000 0.000 0.000 0.000 0.000 0.000 0.000 0.000 0.000 0.000 0.000 0.000 0.000 0.000 07/11/2067
0.000 0.000 0.000 0.334 0.000 0.000 0.000 0.000 0.000 0.000 0.000 0.000 0.000 0.000 0.000 0.000 0.000 0.000 0.000 0.000 0.000 0.000 0.000 0.000 0.000 0.000 0.000 0.000 0.000 0.000 08/11/2067
10.202 12.574 12.631 13.180 13.071 8.625 11.366 11.253 14.958 15.613 8.610 11.216 12.756 14.517 16.983 8.433 12.426 12.953 14.577 16.051 8.376 12.755 13.298 16.248 16.240 8.281 8.815 13.071 16.119 16.497 09/11/2067
0.123 0.000 0.000 0.327 0.158 0.205 0.110 0.110 0.310 0.286 0.205 0.109 0.152 0.610 0.246 0.448 0.206 0.377 0.620 0.336 0.449 0.456 0.651 1.150 1.150 0.432 0.345 0.637 1.141 1.169 10/11/2067
0.000 0.000 0.000 0.000 0.000 0.000 0.000 0.000 0.000 0.000 0.000 0.000 0.000 0.000 0.000 0.000 0.000 0.000 0.000 0.000 0.000 0.000 0.000 0.000 0.000 0.000 0.000 0.000 0.000 0.000 11/11/2067
0.000 0.000 0.000 0.000 0.000 0.000 0.000 0.000 0.000 0.000 0.000 0.000 0.000 0.000 0.000 0.142 0.000 0.125 0.000 0.000 0.263 0.168 0.216 0.106 0.106 0.261 0.332 0.212 0.105 0.106 12/11/2067
0.000 0.000 0.000 0.000 0.000 0.000 0.000 0.000 0.000 0.000 0.000 0.000 0.000 0.000 0.000 0.000 0.000 0.000 0.000 0.000 0.000 0.000 0.000 0.000 0.000 0.000 0.000 0.000 0.000 0.000 13/11/2067
0.000 0.000 0.000 0.000 0.000 0.000 0.000 0.000 0.000 0.000 0.000 0.000 0.000 0.000 0.000 0.000 0.000 0.000 0.000 0.000 0.000 0.000 0.000 0.000 0.000 0.000 0.000 0.000 0.000 0.000 14/11/2067
0.000 0.000 0.000 0.000 0.000 0.000 0.000 0.000 0.000 0.000 0.000 0.000 0.000 0.000 0.000 0.000 0.000 0.000 0.000 0.000 0.000 0.000 0.000 0.000 0.000 0.000 0.000 0.000 0.000 0.000 15/11/2067
0.000 0.000 0.000 0.000 0.000 0.000 0.000 0.000 0.000 0.000 0.000 0.000 0.000 0.000 0.000 0.000 0.000 0.000 0.000 0.000 0.000 0.000 0.000 0.000 0.000 0.000 0.000 0.000 0.000 0.000 16/11/2067
0.000 0.000 0.000 0.000 0.000 0.000 0.000 0.000 0.000 0.000 0.000 0.000 0.000 0.000 0.000 0.000 0.000 0.000 0.000 0.000 0.000 0.000 0.000 0.000 0.000 0.000 0.000 0.000 0.000 0.000 17/11/2067
0.000 0.000 0.000 0.000 0.000 0.000 0.000 0.000 0.000 0.000 0.000 0.000 0.000 0.000 0.000 0.000 0.000 0.000 0.000 0.000 0.000 0.000 0.000 0.000 0.000 0.000 0.000 0.000 0.000 0.000 18/11/2067
0.000 0.000 0.000 0.000 0.000 0.000 0.000 0.000 0.000 0.000 0.000 0.000 0.000 0.000 0.000 0.000 0.000 0.000 0.000 0.000 0.000 0.000 0.000 0.000 0.000 0.000 0.000 0.000 0.000 0.000 19/11/2067
0.000 0.000 0.000 0.000 0.000 0.180 0.106 0.105 0.124 0.000 0.180 0.105 0.138 1.606 1.203 1.450 1.180 1.682 1.612 1.310 1.774 1.965 2.243 2.323 2.322 1.738 1.603 2.207 2.308 2.352 20/11/2067
0.117 0.100 0.100 0.100 0.000 0.687 0.728 0.703 0.943 0.158 0.686 0.702 0.894 1.040 0.936 0.569 0.511 0.828 1.043 1.053 0.020 0.104 0.138 0.239 0.239 0.040 0.000 0.135 0.238 0.242 21/11/2067
0.276 0.213 0.213 0.380 0.105 0.111 0.107 0.106 0.123 0.000 0.111 0.106 0.139 0.113 0.000 0.000 0.000 0.119 0.111 0.118 0.162 0.248 0.408 0.117 0.117 0.160 0.120 0.403 0.117 0.116 22/11/2067
3.109 2.376 2.371 3.090 2.698 3.063 2.184 2.168 2.681 2.181 3.058 2.166 2.409 2.119 1.764 3.236 1.881 2.167 2.128 1.562 2.425 1.569 1.928 2.037 2.036 2.395 2.202 1.898 2.021 2.081 23/11/2067
0.104 0.000 0.000 0.000 0.000 0.100 0.000 0.000 0.000 0.000 0.100 0.000 0.000 0.157 0.000 0.116 0.000 0.121 0.157 0.000 0.107 0.127 0.241 0.000 0.000 0.107 0.095 0.241 0.000 0.000 24/11/2067
0.282 1.066 1.071 2.618 2.980 0.606 1.017 1.009 2.566 1.975 0.605 1.006 1.182 2.497 1.216 0.789 1.155 1.419 2.591 0.840 0.753 1.227 1.506 1.430 1.430 0.749 0.599 1.481 1.419 1.452 25/11/2067
2.808 2.811 2.824 3.283 3.312 2.718 2.171 2.167 2.738 2.363 2.715 2.160 2.523 3.022 2.651 1.867 1.321 2.367 3.035 2.770 1.760 1.395 2.452 2.560 2.558 1.740 1.644 2.416 2.535 2.607 26/11/2067
0.100 0.101 0.101 0.103 0.000 0.000 0.000 0.000 0.000 0.000 0.000 0.000 0.129 0.270 0.000 0.000 0.112 0.150 0.270 0.147 0.111 0.164 0.205 0.367 0.366 0.111 0.127 0.202 0.368 0.372 27/11/2067
0.672 0.749 0.751 0.370 0.100 0.224 0.420 0.416 0.362 0.112 0.223 0.414 0.416 0.373 0.155 0.704 0.581 0.630 0.374 0.288 0.683 0.457 0.462 0.359 0.359 0.679 0.549 0.457 0.358 0.365 28/11/2067
0.000 0.140 0.141 0.215 0.102 0.100 0.103 0.103 0.179 0.100 0.100 0.104 0.153 0.266 0.100 0.155 0.270 0.312 0.266 0.224 0.296 0.298 0.329 0.241 0.241 0.294 0.365 0.323 0.241 0.242 29/11/2067
1.702 1.990 1.999 2.660 3.161 2.972 2.350 2.331 2.722 2.645 2.968 2.324 2.592 2.285 2.731 2.610 2.281 2.877 2.293 2.283 2.609 2.542 3.241 2.330 2.329 2.585 2.350 3.201 2.315 2.358 30/11/2067
0.000 0.000 0.000 0.000 0.000 0.000 0.000 0.000 0.000 0.000 0.000 0.000 0.000 0.000 0.000 0.000 0.000 0.000 0.000 0.000 0.000 0.000 0.000 0.000 0.000 0.000 0.000 0.000 0.000 0.000 01/12/2067
0.639 1.623 1.722 2.023 1.712 0.873 0.878 0.860 1.407 1.860 0.871 0.858 1.190 0.956 1.309 0.395 0.470 0.891 0.980 1.031 0.415 0.566 0.985 0.876 0.876 0.415 0.455 0.931 0.874 0.883 02/12/2067
0.317 0.433 0.437 1.009 1.040 0.324 0.409 0.392 0.428 0.824 0.323 0.375 0.762 0.315 0.532 0.181 0.202 0.534 0.337 0.377 0.056 0.000 0.115 0.000 0.000 0.069 0.084 0.111 0.000 0.000 03/12/2067
1.198 1.139 1.109 1.699 2.182 0.984 1.270 1.244 1.860 2.312 0.981 1.271 1.475 1.858 2.804 1.081 1.394 1.494 1.934 2.254 1.129 1.388 1.483 1.988 1.987 1.118 1.376 1.522 2.002 2.080 04/12/2067
0.000 0.000 0.000 0.000 0.000 0.000 0.000 0.000 0.000 0.000 0.000 0.000 0.000 0.000 0.000 0.000 0.000 0.047 0.000 0.000 0.000 0.000 0.000 0.000 0.000 0.000 0.000 0.000 0.000 0.039 05/12/2067
0.000 0.000 0.000 0.000 0.000 0.000 0.000 0.000 0.000 0.000 0.000 0.000 0.000 0.000 0.000 0.000 0.000 0.000 0.000 0.000 0.000 0.000 0.000 0.000 0.000 0.000 0.000 0.000 0.000 0.000 06/12/2067
0.000 0.000 0.000 0.000 0.000 0.000 0.000 0.000 0.000 0.000 0.000 0.000 0.000 0.000 0.000 0.000 0.000 0.000 0.000 0.000 0.000 0.000 0.000 0.000 0.000 0.000 0.000 0.000 0.000 0.000 07/12/2067
1.354 1.251 1.264 1.338 1.135 1.409 1.402 1.390 1.423 1.375 1.408 1.387 1.335 2.326 2.324 1.747 1.860 2.308 2.337 2.040 2.403 2.389 2.953 2.993 2.992 2.373 2.106 2.909 2.972 3.035 08/12/2067
0.000 0.000 0.000 0.152 0.000 0.000 0.188 0.186 0.161 0.000 0.000 0.185 0.189 0.152 0.000 0.186 0.000 0.115 0.152 0.124 0.000 0.000 0.137 0.116 0.116 0.000 0.000 0.136 0.118 0.122 09/12/2067
0.927 1.279 1.298 2.783 4.570 1.011 1.082 1.072 1.439 4.145 1.009 1.068 1.092 2.018 3.509 0.843 1.205 1.455 2.026 3.059 1.040 1.300 1.596 1.450 1.449 1.029 1.011 1.585 1.440 1.469 10/12/2067
8.821 11.339 11.397 12.484 13.715 9.029 9.445 9.350 9.898 12.957 9.012 9.319 9.543 9.830 11.858 8.794 7.982 9.709 9.871 10.200 10.275 10.009 11.903 10.987 10.982 10.153 9.717 11.701 10.905 11.145 11/12/2067
0.488 0.912 0.916 1.624 2.249 0.908 1.157 1.146 1.552 2.417 0.907 1.143 1.156 1.711 2.356 1.141 1.163 1.358 1.718 2.086 1.617 1.557 1.953 2.213 2.212 1.599 1.548 1.934 2.188 2.236 12/12/2067
0.000 0.000 0.000 0.000 0.000 0.000 0.000 0.000 0.000 0.000 0.000 0.000 0.000 0.000 0.000 0.000 0.000 0.000 0.000 0.000 0.000 0.000 0.000 0.000 0.000 0.000 0.000 0.000 0.000 0.000 13/12/2067
0.000 0.000 0.000 0.000 0.000 0.000 0.000 0.000 0.000 0.000 0.000 0.000 0.000 0.000 0.000 0.000 0.000 0.000 0.000 0.000 0.000 0.000 0.000 0.000 0.000 0.000 0.000 0.000 0.000 0.000 14/12/2067
1.069 1.066 1.070 0.834 0.501 0.686 0.823 0.811 0.678 0.413 0.685 0.808 0.864 0.329 0.139 0.611 0.398 0.564 0.332 0.194 0.471 0.252 0.430 0.236 0.237 0.460 0.298 0.427 0.235 0.241 15/12/2067
3.433 2.713 2.725 2.993 2.588 3.905 3.672 3.639 3.841 4.032 3.899 3.627 4.108 4.470 4.798 4.900 4.050 4.915 4.480 4.129 5.033 4.669 5.351 5.832 5.829 4.973 4.190 5.311 5.783 5.830 16/12/2067
11.396 11.919 11.973 13.872 17.128 11.846 12.000 11.880 12.729 16.591 11.824 11.841 11.872 12.788 15.534 10.265 10.284 12.299 12.836 12.639 9.783 9.467 10.901 12.042 12.037 9.667 9.141 10.751 11.949 12.225 17/12/2067
1.217 1.714 1.685 3.302 5.993 1.232 1.673 1.646 2.382 3.831 1.248 1.641 1.940 2.472 3.935 1.079 1.614 1.737 2.536 3.335 0.808 1.209 1.304 1.777 1.684 0.810 0.906 1.370 1.606 1.833 18/12/2067
0.000 0.000 0.000 0.000 0.000 0.000 0.000 0.106 0.079 0.000 0.000 0.000 0.000 0.000 0.000 0.000 0.000 0.000 0.000 0.000 0.000 0.000 0.000 0.000 0.000 0.000 0.000 0.000 0.000 0.000 19/12/2067
1.471 1.157 1.125 1.605 1.582 1.762 1.574 1.499 1.391 1.185 1.759 1.499 1.850 1.503 1.354 2.181 1.812 2.128 1.524 1.109 1.811 1.665 1.930 1.384 1.385 1.788 1.962 1.894 1.417 1.448 20/12/2067
0.000 0.000 0.000 0.000 0.000 0.000 0.000 0.106 0.000 0.000 0.000 0.000 0.000 0.000 0.000 0.000 0.000 0.000 0.000 0.000 0.000 0.000 0.000 0.000 0.000 0.000 0.000 0.000 0.000 0.000 21/12/2067
0.000 0.000 0.000 0.000 0.000 0.000 0.000 0.000 0.000 0.000 0.000 0.000 0.000 0.000 0.000 0.000 0.000 0.000 0.000 0.000 0.000 0.000 0.000 0.000 0.000 0.000 0.000 0.000 0.000 0.000 22/12/2067
1.468 1.355 1.364 2.422 2.417 1.070 1.111 1.121 2.082 2.137 1.070 1.130 1.458 2.153 2.352 0.664 0.842 1.311 2.160 2.365 0.446 0.484 0.528 1.024 1.024 0.466 0.528 0.560 1.016 1.016 23/12/2067
0.296 0.261 0.231 0.414 0.488 0.941 0.929 0.909 1.254 0.618 0.947 0.907 1.418 1.594 0.911 0.710 1.178 1.684 1.591 1.011 1.034 1.569 1.907 1.733 1.733 0.979 1.275 1.874 1.739 1.721 24/12/2067
0.000 0.000 0.000 0.000 0.000 0.000 0.000 0.000 0.000 0.000 0.000 0.000 0.000 0.000 0.000 0.000 0.000 0.000 0.000 0.000 0.000 0.000 0.000 0.000 0.000 0.000 0.000 0.000 0.000 0.000 25/12/2067
2.022 2.253 2.295 2.852 2.496 2.221 2.056 2.056 2.245 2.629 2.217 2.008 2.438 3.385 3.226 1.711 2.727 3.006 3.402 3.449 1.924 2.921 3.364 2.382 2.382 1.913 2.586 3.303 2.371 2.378 26/12/2067
0.000 0.000 0.000 0.000 0.000 0.100 0.000 0.000 0.000 0.000 0.000 0.000 0.000 0.000 0.000 0.000 0.000 0.000 0.000 0.000 0.123 0.000 0.123 0.000 0.000 0.120 0.000 0.122 0.000 0.000 27/12/2067
0.179 0.139 0.142 0.000 0.000 0.155 0.106 0.104 0.115 0.000 0.152 0.102 0.130 0.105 0.000 0.000 0.000 0.109 0.105 0.000 0.000 0.108 0.135 0.000 0.000 0.000 0.000 0.126 0.000 0.000 28/12/2067
0.151 0.152 0.155 0.000 0.000 0.108 0.000 0.000 0.000 0.000 0.108 0.000 0.000 0.000 0.100 0.000 0.000 0.000 0.000 0.000 0.000 0.000 0.107 0.000 0.000 0.000 0.000 0.106 0.000 0.000 29/12/2067
0.000 0.000 0.000 0.000 0.000 0.000 0.000 0.000 0.000 0.000 0.000 0.000 0.000 0.000 0.000 0.000 0.000 0.000 0.000 0.000 0.000 0.000 0.000 0.000 0.000 0.000 0.000 0.000 0.000 0.000 30/12/2067
0.000 0.000 0.000 0.000 0.000 0.000 0.000 0.000 0.000 0.000 0.000 0.000 0.000 0.000 0.000 0.000 0.000 0.077 0.000 0.000 0.000 0.000 0.000 0.000 0.000 0.000 0.000 0.000 0.000 0.000 31/12/2067
0.000 0.000 0.000 0.000 0.000 0.000 0.000 0.000 0.000 0.000 0.000 0.000 0.000 0.000 0.000 0.000 0.000 0.000 0.000 0.000 0.000 0.000 0.000 0.000 0.000 0.000 0.000 0.000 0.000 0.000 01/01/2068
0.000 0.000 0.000 0.000 0.000 0.000 0.000 0.000 0.000 0.000 0.000 0.000 0.000 0.000 0.000 0.000 0.000 0.000 0.000 0.000 0.000 0.000 0.000 0.000 0.000 0.000 0.000 0.000 0.000 0.000 02/01/2068
0.000 0.000 0.000 0.000 0.000 0.000 0.000 0.000 0.000 0.000 0.000 0.000 0.000 0.000 0.000 0.000 0.000 0.000 0.000 0.000 0.000 0.000 0.000 0.000 0.000 0.000 0.000 0.000 0.000 0.000 03/01/2068
0.000 0.000 0.000 0.000 0.000 0.000 0.000 0.000 0.000 0.000 0.000 0.000 0.000 0.000 0.100 0.000 0.000 0.000 0.000 0.000 0.000 0.000 0.000 0.000 0.000 0.000 0.000 0.000 0.000 0.000 04/01/2068
0.000 0.000 0.000 0.000 0.000 0.000 0.000 0.000 0.000 0.000 0.000 0.000 0.000 0.000 0.000 0.000 0.000 0.000 0.000 0.000 0.000 0.000 0.000 0.000 0.000 0.000 0.000 0.000 0.000 0.000 05/01/2068
0.000 0.000 0.000 0.000 0.000 0.000 0.000 0.000 0.000 0.000 0.000 0.000 0.000 0.000 0.000 0.000 0.000 0.000 0.000 0.000 0.000 0.000 0.000 0.000 0.000 0.000 0.000 0.000 0.000 0.000 06/01/2068
0.000 0.000 0.000 0.000 0.000 0.000 0.000 0.000 0.000 0.000 0.000 0.000 0.000 0.000 0.000 0.000 0.000 0.000 0.000 0.000 0.000 0.000 0.000 0.000 0.000 0.000 0.000 0.000 0.000 0.000 07/01/2068
4.280 5.342 5.355 5.010 6.686 5.027 5.309 5.305 5.264 7.030 5.016 5.292 5.686 5.261 6.813 3.694 4.221 5.351 5.251 5.617 3.053 3.716 4.491 4.036 4.034 3.015 2.762 4.519 4.003 4.122 08/01/2068
0.124 0.111 0.108 0.162 0.243 0.206 0.181 0.170 0.197 0.370 0.206 0.169 0.382 0.330 0.565 0.504 0.187 0.517 0.389 0.407 0.493 0.318 0.615 0.581 0.585 0.495 0.524 0.687 0.599 0.593 09/01/2068
0.000 0.000 0.000 0.000 0.000 0.000 0.000 0.000 0.000 0.000 0.000 0.000 0.000 0.000 0.000 0.000 0.000 0.000 0.000 0.000 0.000 0.000 0.000 0.000 0.000 0.000 0.000 0.000 0.000 0.000 10/01/2068
0.000 0.000 0.000 0.000 0.000 0.100 0.000 0.000 0.000 0.000 0.000 0.000 0.000 0.000 0.000 0.000 0.000 0.000 0.000 0.000 0.000 0.000 0.000 0.000 0.000 0.000 0.000 0.000 0.000 0.000 11/01/2068
0.000 0.000 0.000 0.000 0.000 0.000 0.000 0.000 0.000 0.000 0.000 0.000 0.000 0.000 0.000 0.000 0.000 0.000 0.000 0.000 0.000 0.000 0.000 0.000 0.000 0.000 0.000 0.000 0.000 0.000 12/01/2068
0.000 0.000 0.000 0.000 0.000 0.000 0.000 0.000 0.000 0.033 0.000 0.000 0.000 0.000 0.000 0.000 0.000 0.077 0.000 0.000 0.000 0.000 0.000 0.000 0.000 0.000 0.000 0.125 0.000 0.000 13/01/2068
0.436 0.470 0.469 0.717 0.801 0.501 0.452 0.440 0.548 0.820 0.502 0.439 0.824 0.943 1.079 0.594 0.512 0.922 0.964 0.906 0.826 0.791 1.046 0.901 0.901 0.850 0.983 1.045 0.897 0.899 14/01/2068
0.000 0.000 0.000 0.000 0.000 0.000 0.000 0.000 0.000 0.000 0.000 0.000 0.000 0.000 0.000 0.000 0.000 0.000 0.000 0.000 0.000 0.000 0.000 0.000 0.000 0.000 0.000 0.000 0.000 0.000 15/01/2068
1.621 1.748 1.755 3.367 4.659 1.587 1.526 1.514 1.936 4.223 1.585 1.511 1.508 1.858 2.790 1.042 1.188 1.428 1.866 2.558 0.903 1.024 1.206 1.234 1.234 0.876 0.751 1.179 1.228 1.258 16/01/2068
2.761 2.877 2.890 3.588 4.453 2.444 2.527 2.502 2.752 3.503 2.464 2.509 2.854 1.704 1.862 2.173 1.689 2.135 1.711 1.701 1.425 1.231 1.483 1.184 1.184 1.413 1.425 1.465 1.175 1.210 17/01/2068
1.527 0.750 0.762 0.463 0.000 0.928 0.512 0.502 0.233 0.000 0.927 0.500 0.611 0.192 0.000 0.894 0.367 0.525 0.196 0.140 0.957 0.422 0.612 0.289 0.289 0.946 0.852 0.601 0.287 0.296 18/01/2068
10.918 10.687 10.734 11.024 13.168 10.530 11.001 10.890 12.045 13.378 10.511 10.756 11.218 12.244 13.369 11.268 9.967 11.804 12.293 12.443 11.633 10.913 12.295 12.570 12.564 11.503 10.868 12.080 12.503 13.044 19/01/2068
48.428 50.420 50.567 45.458 52.846 49.581 51.155 50.809 43.744 48.851 49.523 50.699 46.386 40.297 42.520 41.243 41.749 41.950 40.422 37.792 35.203 33.161 34.733 32.131 32.117 34.862 35.059 32.835 31.906 34.560 20/01/2068
56.015 62.225 62.373 58.489 66.049 66.479 71.423 71.077 66.757 72.399 66.420 70.967 66.654 71.321 75.341 66.794 71.089 71.290 71.446 70.613 64.787 65.633 67.205 64.268 64.255 64.446 64.642 65.307 64.044 66.698 21/01/2068
4.713 5.035 5.021 4.738 4.608 4.338 4.814 4.671 5.483 6.878 4.329 4.656 5.317 4.952 5.923 3.051 3.106 3.585 4.994 5.363 1.845 2.338 2.841 3.605 3.603 1.821 1.981 2.629 3.576 3.667 22/01/2068
0.000 0.000 0.000 0.000 0.000 0.000 0.000 0.000 0.000 0.000 0.000 0.000 0.000 0.000 0.000 0.000 0.000 0.000 0.000 0.000 0.085 0.000 0.000 0.000 0.000 0.091 0.108 0.000 0.000 0.000 23/01/2068
0.000 0.000 0.000 0.000 0.000 0.000 0.000 0.000 0.000 0.000 0.000 0.000 0.000 0.000 0.000 0.000 0.000 0.000 0.000 0.000 0.000 0.000 0.000 0.000 0.000 0.000 0.000 0.000 0.000 0.000 24/01/2068
2.528 2.202 2.213 2.051 1.792 1.979 1.932 1.877 2.257 2.018 1.975 1.872 2.254 2.220 2.118 2.044 1.961 2.264 2.255 0.924 1.933 1.925 2.319 2.357 2.405 1.907 2.016 2.180 2.341 2.388 25/01/2068
7.071 7.443 7.478 8.977 11.563 6.695 7.187 7.113 9.279 11.755 6.684 7.090 8.405 9.018 11.296 5.456 6.343 7.627 9.055 9.855 5.115 5.617 6.339 8.496 8.492 5.056 4.497 6.235 8.365 8.851 26/01/2068
0.000 0.000 0.000 0.105 0.000 0.091 0.140 0.147 0.186 0.000 0.092 0.136 0.172 0.357 0.130 0.000 0.125 0.180 0.362 0.253 0.126 0.214 0.352 0.558 0.558 0.113 0.121 0.335 0.577 0.506 27/01/2068
0.569 0.284 0.285 0.645 0.389 0.410 0.302 0.312 0.537 0.303 0.409 0.312 0.571 0.183 0.088 0.142 0.124 0.172 0.183 0.178 0.000 0.000 0.124 0.151 0.152 0.000 0.000 0.120 0.152 0.142 28/01/2068
8.029 7.415 7.451 9.067 9.553 7.833 7.802 7.779 9.110 9.953 7.817 7.737 8.378 9.504 7.950 9.010 9.156 9.710 9.542 7.594 7.933 8.711 8.583 9.886 9.881 7.841 8.640 8.401 9.809 10.053 29/01/2068
0.104 0.000 0.000 0.000 0.000 0.000 0.000 0.000 0.000 0.000 0.000 0.000 0.000 0.000 0.000 0.000 0.000 0.000 0.000 0.000 0.107 0.000 0.000 0.000 0.000 0.000 0.113 0.090 0.000 0.000 30/01/2068
0.000 0.000 0.000 0.000 0.000 0.000 0.000 0.000 0.000 0.000 0.000 0.000 0.000 0.000 0.000 0.000 0.000 0.000 0.000 0.000 0.000 0.000 0.079 0.000 0.000 0.000 0.000 0.000 0.000 0.000 31/01/2068
0.000 0.000 0.000 0.000 0.000 0.000 0.000 0.000 0.086 0.000 0.000 0.000 0.000 0.000 0.000 0.000 0.000 0.000 0.000 0.000 0.000 0.000 0.000 0.000 0.000 0.000 0.000 0.000 0.000 0.088 01/02/2068
0.000 0.000 0.000 0.000 0.000 0.000 0.000 0.000 0.000 0.000 0.000 0.000 0.000 0.000 0.000 0.000 0.000 0.000 0.000 0.000 0.000 0.000 0.000 0.000 0.000 0.000 0.000 0.000 0.000 0.000 02/02/2068
0.000 0.000 0.000 0.000 0.000 0.000 0.000 0.000 0.000 0.000 0.000 0.000 0.000 0.000 0.000 0.000 0.000 0.000 0.000 0.000 0.000 0.000 0.000 0.000 0.000 0.000 0.000 0.000 0.000 0.000 03/02/2068
0.000 0.059 0.069 0.352 0.880 0.000 0.068 0.032 0.081 0.155 0.000 0.044 0.163 0.000 0.000 0.000 0.000 0.072 0.000 0.000 0.000 0.000 0.000 0.000 0.000 0.000 0.000 0.000 0.000 0.000 04/02/2068
0.000 0.000 0.000 0.000 0.000 0.000 0.000 0.000 0.000 0.000 0.000 0.056 0.000 0.000 0.000 0.000 0.000 0.000 0.089 0.000 0.000 0.000 0.000 0.000 0.000 0.000 0.000 0.042 0.000 0.000 05/02/2068
0.000 0.000 0.000 0.000 0.000 0.000 0.000 0.000 0.000 0.000 0.000 0.000 0.000 0.000 0.000 0.000 0.000 0.053 0.000 0.000 0.000 0.000 0.000 0.000 0.000 0.000 0.000 0.000 0.000 0.000 06/02/2068
0.036 0.000 0.000 0.000 0.000 0.058 0.000 0.000 0.000 0.000 0.000 0.000 0.000 0.000 0.000 0.000 0.000 0.000 0.000 0.000 0.000 0.000 0.000 0.000 0.000 0.000 0.000 0.000 0.000 0.000 07/02/2068
0.000 0.000 0.000 0.000 0.000 0.000 0.000 0.000 0.000 0.000 0.000 0.000 0.000 0.000 0.000 0.000 0.000 0.000 0.000 0.000 0.000 0.000 0.000 0.000 0.000 0.000 0.000 0.000 0.000 0.000 08/02/2068
0.000 0.000 0.000 0.000 0.000 0.000 0.000 0.000 0.000 0.000 0.000 0.000 0.000 0.000 0.000 0.000 0.000 0.000 0.000 0.000 0.000 0.000 0.000 0.000 0.000 0.000 0.000 0.000 0.000 0.000 09/02/2068
0.000 0.000 0.000 0.000 0.000 0.000 0.000 0.000 0.000 0.000 0.000 0.000 0.000 0.000 0.000 0.000 0.000 0.000 0.000 0.000 0.000 0.000 0.000 0.000 0.000 0.000 0.000 0.000 0.000 0.000 10/02/2068
0.000 0.000 0.000 0.000 0.000 0.000 0.000 0.000 0.000 0.000 0.000 0.000 0.000 0.000 0.000 0.000 0.000 0.000 0.000 0.000 0.000 0.000 0.000 0.000 0.000 0.000 0.000 0.000 0.000 0.000 11/02/2068
0.000 0.000 0.000 0.000 0.000 0.000 0.000 0.000 0.000 0.000 0.000 0.000 0.000 0.000 0.000 0.000 0.000 0.000 0.000 0.000 0.000 0.000 0.000 0.000 0.000 0.000 0.000 0.000 0.000 0.000 12/02/2068
0.000 0.000 0.000 0.000 0.000 0.000 0.000 0.000 0.000 0.000 0.000 0.000 0.000 0.000 0.000 0.000 0.000 0.000 0.000 0.000 0.000 0.000 0.000 0.000 0.000 0.000 0.000 0.000 0.000 0.000 13/02/2068
0.000 0.000 0.000 0.000 0.000 0.000 0.000 0.000 0.000 0.000 0.000 0.000 0.000 0.000 0.000 0.000 0.000 0.000 0.000 0.000 0.000 0.000 0.000 0.000 0.000 0.000 0.000 0.000 0.000 0.000 14/02/2068
0.000 0.000 0.000 0.000 0.000 0.000 0.000 0.000 0.000 0.000 0.000 0.000 0.000 0.000 0.000 0.000 0.000 0.000 0.000 0.000 0.000 0.000 0.000 0.000 0.000 0.000 0.000 0.000 0.000 0.000 15/02/2068
3.282 3.294 3.308 3.966 4.431 3.328 3.454 3.423 4.587 5.052 3.323 3.413 3.836 4.509 5.569 3.446 3.321 4.201 4.527 4.505 3.428 3.445 4.359 4.988 4.984 3.396 3.209 4.287 4.960 5.050 16/02/2068
0.485 0.445 0.446 0.534 0.472 0.454 0.479 0.472 0.603 0.540 0.454 0.470 0.559 0.749 0.570 0.817 0.514 0.753 0.753 0.634 1.058 0.835 1.060 1.066 1.065 1.048 1.022 1.038 1.051 1.083 17/02/2068
0.000 0.000 0.000 0.000 0.000 0.000 0.000 0.000 0.000 0.000 0.000 0.000 0.000 0.000 0.000 0.000 0.000 0.000 0.000 0.000 0.000 0.000 0.000 0.000 0.000 0.000 0.000 0.000 0.000 0.000 18/02/2068
0.000 0.000 0.000 0.000 0.000 0.000 0.000 0.000 0.000 0.000 0.000 0.000 0.000 0.000 0.000 0.000 0.000 0.000 0.000 0.000 0.000 0.000 0.000 0.000 0.000 0.000 0.000 0.000 0.000 0.000 19/02/2068
0.282 0.151 0.152 0.129 0.000 0.155 0.131 0.139 0.154 0.100 0.157 0.144 0.172 0.170 0.100 0.104 0.000 0.137 0.170 0.178 0.131 0.110 0.181 0.199 0.199 0.128 0.000 0.178 0.198 0.204 20/02/2068
7.661 7.033 7.052 7.009 7.942 6.664 6.698 6.635 7.647 9.636 6.681 6.642 6.783 7.833 9.560 5.999 5.666 6.536 7.865 7.938 6.529 6.456 7.620 8.631 8.644 6.465 5.815 7.495 8.664 8.634 21/02/2068
2.079 2.046 2.053 2.829 3.078 2.433 2.520 2.495 3.264 3.663 2.455 2.503 2.846 2.955 2.871 2.673 2.428 3.040 2.965 2.631 3.082 2.994 3.701 3.297 3.296 3.055 2.848 3.648 3.282 3.350 22/02/2068
17.255 16.297 16.374 17.748 22.518 18.089 18.263 18.080 19.016 22.026 18.055 18.022 18.920 19.180 22.922 16.616 15.797 18.860 19.259 19.409 15.641 15.324 18.645 18.818 18.810 15.457 15.504 18.332 18.671 19.105 23/02/2068
13.491 14.342 14.409 17.975 25.172 15.089 15.639 15.480 17.615 23.010 15.061 15.430 16.865 18.011 22.545 13.232 14.204 17.200 18.083 19.277 12.064 14.033 16.820 16.662 16.655 12.015 10.886 16.539 16.534 16.907 24/02/2068
3.428 3.816 3.830 4.593 5.486 4.202 3.853 3.822 3.770 4.490 4.195 3.812 4.310 3.941 4.590 2.875 3.070 3.852 3.956 3.936 2.836 3.215 4.077 2.913 2.912 2.818 2.556 4.007 2.894 2.951 25/02/2068
2.144 2.700 2.711 4.478 4.912 2.018 1.767 1.751 2.216 2.810 2.018 1.746 1.867 2.042 2.475 0.937 1.205 1.456 2.050 2.238 0.897 1.187 1.421 1.121 1.120 0.862 0.730 1.398 1.109 1.141 26/02/2068
3.271 3.262 3.276 3.899 4.301 2.751 2.671 2.646 3.174 3.237 2.747 2.637 3.035 2.528 2.826 1.694 1.866 2.311 2.523 2.596 1.477 1.689 2.176 2.217 2.217 1.464 1.460 2.140 2.192 2.240 27/02/2068
1.309 0.798 0.790 1.184 1.739 1.292 0.964 0.901 1.318 1.772 1.304 0.898 1.240 1.344 1.724 1.677 1.417 1.516 1.370 1.355 1.957 1.568 1.813 1.814 1.864 1.927 2.027 1.643 1.737 1.886 28/02/2068
1.472 1.502 1.517 2.060 3.659 1.570 1.992 1.932 2.552 3.992 1.570 1.927 2.283 2.738 3.882 1.509 2.036 2.409 2.845 3.262 1.456 1.963 2.282 3.108 3.106 1.473 1.568 2.230 3.080 3.269 29/02/2068
0.484 0.519 0.520 1.394 1.367 1.156 0.866 0.857 0.846 1.213 1.155 0.854 0.866 1.431 1.569 1.097 0.921 1.141 1.436 1.418 1.130 0.955 1.143 1.053 1.053 1.119 0.985 1.133 1.046 1.067 01/03/2068
0.516 0.639 0.641 0.922 1.054 0.853 0.761 0.755 0.829 1.028 0.852 0.753 0.893 1.066 1.410 0.779 0.647 0.805 1.093 1.279 0.634 0.461 0.586 0.917 0.917 0.641 0.455 0.625 0.914 0.920 02/03/2068
0.000 0.000 0.000 0.000 0.000 0.000 0.000 0.000 0.181 0.000 0.000 0.000 0.000 0.000 0.000 0.000 0.000 0.000 0.000 0.000 0.000 0.000 0.000 0.000 0.000 0.000 0.000 0.000 0.000 0.000 03/03/2068
0.000 0.000 0.000 0.000 0.000 0.000 0.000 0.000 0.000 0.000 0.000 0.000 0.000 0.000 0.000 0.000 0.000 0.000 0.000 0.000 0.000 0.000 0.000 0.000 0.000 0.000 0.000 0.000 0.000 0.000 04/03/2068
0.000 0.000 0.000 0.000 0.000 0.000 0.000 0.000 0.000 0.000 0.000 0.000 0.000 0.000 0.000 0.000 0.000 0.000 0.000 0.000 0.000 0.000 0.000 0.000 0.000 0.000 0.000 0.000 0.000 0.000 05/03/2068
0.000 0.000 0.000 0.000 0.000 0.000 0.000 0.000 0.000 0.000 0.000 0.000 0.000 0.000 0.000 0.000 0.000 0.000 0.000 0.000 0.000 0.000 0.000 0.000 0.000 0.000 0.000 0.000 0.000 0.000 06/03/2068
0.000 0.000 0.000 0.000 0.000 0.000 0.000 0.000 0.000 0.000 0.000 0.000 0.000 0.000 0.000 0.000 0.000 0.000 0.000 0.000 0.000 0.000 0.000 0.000 0.000 0.000 0.000 0.000 0.000 0.000 07/03/2068
0.000 0.000 0.000 0.000 0.000 0.000 0.000 0.000 0.000 0.000 0.000 0.000 0.000 0.000 0.000 0.000 0.000 0.000 0.000 0.000 0.000 0.000 0.000 0.000 0.000 0.000 0.000 0.000 0.000 0.000 08/03/2068
0.403 0.164 0.165 0.082 0.000 0.136 0.250 0.246 0.133 0.000 0.136 0.246 0.151 0.103 0.000 0.289 0.000 0.117 0.103 0.000 0.445 0.148 0.195 0.126 0.126 0.432 0.310 0.194 0.126 0.126 09/03/2068
0.000 0.000 0.000 0.000 0.000 0.000 0.000 0.000 0.000 0.000 0.000 0.000 0.000 0.000 0.000 0.000 0.000 0.000 0.000 0.000 0.000 0.000 0.000 0.000 0.000 0.000 0.000 0.000 0.000 0.000 10/03/2068
0.000 0.000 0.000 0.000 0.000 0.000 0.000 0.000 0.000 0.000 0.000 0.000 0.000 0.000 0.000 0.000 0.000 0.000 0.000 0.000 0.000 0.000 0.000 0.000 0.000 0.000 0.000 0.000 0.000 0.000 11/03/2068
7.325 7.945 7.983 9.132 13.087 6.730 6.859 6.793 6.472 9.466 6.718 6.772 6.873 6.085 9.239 3.715 4.445 5.142 6.110 7.767 3.161 3.618 4.483 3.404 3.402 3.131 3.220 4.408 3.378 3.455 12/03/2068
14.141 14.397 14.460 13.114 15.636 14.152 14.759 14.619 14.799 15.834 14.128 14.575 15.234 13.159 15.148 10.037 12.133 12.513 13.214 13.527 6.849 7.752 8.501 8.377 8.373 6.768 6.802 8.366 8.311 8.500 13/03/2068
0.472 2.383 2.391 2.993 2.281 0.456 1.679 1.663 1.819 0.718 0.455 1.658 2.001 0.131 0.000 0.283 0.388 0.525 0.132 0.000 0.000 0.000 0.000 0.000 0.000 0.000 0.000 0.000 0.000 0.000 14/03/2068
1.374 0.523 0.524 0.000 0.000 1.158 0.265 0.261 0.000 0.000 1.157 0.259 0.396 0.000 0.000 1.498 0.000 0.185 0.000 0.000 1.164 0.000 0.000 0.000 0.000 1.152 1.159 0.000 0.000 0.000 15/03/2068
20.358 19.108 19.195 16.837 16.505 20.249 18.582 18.399 18.334 17.709 20.212 18.342 19.203 19.539 21.074 19.570 22.051 24.616 19.617 19.928 21.818 23.816 26.387 19.873 19.864 21.582 23.841 25.965 19.721 20.168 16/03/2068
2.095 2.446 2.455 3.636 5.982 2.332 2.465 2.440 3.457 4.977 2.328 2.435 2.886 2.431 3.013 1.964 1.880 2.199 2.422 2.885 1.069 1.041 1.263 1.511 1.510 1.044 0.990 1.254 1.510 1.486 17/03/2068
12.450 12.931 12.991 13.102 16.859 12.415 12.716 12.588 13.403 15.589 12.392 12.547 12.857 12.191 14.527 11.262 11.569 11.857 12.241 12.786 10.180 10.458 10.843 10.492 10.488 10.073 11.537 10.669 10.411 10.650 18/03/2068
0.000 0.106 0.166 0.330 0.545 0.168 0.292 0.284 0.612 0.900 0.167 0.281 0.439 0.777 0.961 0.587 0.490 0.602 0.777 0.870 1.031 0.939 1.082 1.105 1.105 1.015 0.919 1.098 1.069 1.084 19/03/2068
0.000 0.000 0.061 0.000 0.000 0.000 0.000 0.000 0.000 0.000 0.000 0.000 0.000 0.000 0.000 0.000 0.000 0.000 0.000 0.000 0.000 0.000 0.000 0.000 0.000 0.000 0.000 0.000 0.000 0.000 20/03/2068
7.794 7.528 7.563 7.046 8.837 9.344 8.239 8.156 8.323 7.751 9.327 8.130 9.149 8.324 8.388 8.982 8.056 9.006 8.358 8.174 7.278 7.738 8.479 8.387 8.383 7.191 7.574 8.342 8.322 8.508 21/03/2068
7.738 7.824 7.861 7.764 9.770 9.332 9.882 9.781 9.847 11.371 9.314 9.750 10.104 11.510 12.806 10.153 11.782 12.074 11.556 11.342 12.474 12.468 12.990 12.209 12.204 12.326 13.478 12.769 12.113 12.395 22/03/2068
13.358 13.708 13.767 12.917 15.649 12.814 14.751 14.611 16.477 16.141 12.790 14.567 15.225 16.105 15.775 13.733 15.198 15.300 16.167 14.630 14.375 15.143 15.189 14.903 14.897 14.208 15.363 14.944 14.792 15.119 23/03/2068
9.354 9.299 9.343 8.414 10.596 7.952 8.028 7.946 8.715 9.056 7.937 7.920 8.921 6.787 7.295 6.737 5.881 6.216 6.812 6.869 5.949 5.698 6.029 5.896 5.893 5.878 5.953 5.932 5.852 5.984 24/03/2068
16.522 16.442 16.520 16.406 21.871 16.908 16.753 16.583 16.057 20.683 16.877 16.529 16.351 16.297 19.236 14.877 14.767 16.017 16.364 16.152 15.028 15.334 16.491 16.097 16.090 14.850 16.571 16.209 15.971 16.343 25/03/2068
3.551 3.548 3.564 3.501 5.046 2.660 2.797 2.747 3.168 3.554 2.655 2.738 3.044 2.973 3.392 2.214 2.478 2.922 2.981 2.976 1.812 1.730 2.074 1.960 1.959 1.792 2.024 2.049 1.946 1.988 26/03/2068
0.000 0.000 0.000 0.000 0.000 0.000 0.000 0.000 0.000 0.000 0.000 0.000 0.000 0.000 0.000 0.000 0.000 0.000 0.000 0.000 0.000 0.000 0.000 0.000 0.000 0.000 0.000 0.000 0.000 0.000 27/03/2068
0.103 0.112 0.112 0.000 0.000 0.000 0.095 0.099 0.219 0.000 0.000 0.100 0.119 0.246 0.000 0.041 0.000 0.107 0.240 0.000 0.000 0.000 0.000 0.197 0.197 0.000 0.000 0.000 0.193 0.206 28/03/2068
5.768 6.990 7.023 9.485 12.261 5.609 7.043 6.971 9.578 12.484 5.598 6.948 8.500 8.440 12.155 5.271 6.760 7.120 8.473 11.608 5.647 6.307 6.823 7.807 7.803 5.579 5.588 6.871 7.745 7.927 29/03/2068
6.742 6.676 6.706 6.846 8.744 6.739 6.478 6.412 6.123 7.395 6.726 6.391 6.409 5.010 4.809 6.201 4.744 5.603 5.030 4.675 5.821 4.306 4.969 3.537 3.536 5.751 5.209 4.885 3.510 3.754 30/03/2068
0.000 0.000 0.000 0.000 0.000 0.000 0.000 0.000 0.000 0.000 0.000 0.000 0.000 0.000 0.000 0.000 0.000 0.000 0.000 0.000 0.000 0.000 0.000 0.000 0.000 0.000 0.000 0.000 0.000 0.000 31/03/2068
0.678 0.573 0.575 0.000 0.000 0.446 0.107 0.107 0.000 0.000 0.445 0.107 0.128 0.000 0.000 0.116 0.000 0.000 0.000 0.000 0.000 0.000 0.000 0.000 0.000 0.000 0.000 0.000 0.000 0.000 01/04/2068
0.979 1.103 1.106 1.378 1.384 0.785 0.804 0.802 0.954 1.101 0.784 0.801 0.990 0.999 1.036 0.924 0.814 1.013 1.010 0.939 0.950 0.819 0.954 0.923 0.922 0.932 0.784 0.951 0.919 0.924 02/04/2068
2.221 2.392 2.400 2.798 2.816 2.263 2.416 2.394 2.454 2.842 2.259 2.389 2.629 2.399 2.673 2.591 2.225 2.532 2.395 2.519 2.134 2.066 2.355 2.252 2.251 2.118 1.880 2.340 2.239 2.244 03/04/2068
0.101 0.129 0.128 0.254 0.154 0.099 0.185 0.184 0.526 0.738 0.100 0.184 0.268 0.536 0.758 0.205 0.158 0.308 0.516 0.654 0.108 0.136 0.261 0.611 0.611 0.112 0.000 0.258 0.609 0.581 04/04/2068
0.000 0.000 0.000 0.000 0.000 0.000 0.000 0.000 0.000 0.000 0.000 0.000 0.000 0.000 0.000 0.000 0.000 0.000 0.000 0.000 0.000 0.000 0.000 0.000 0.000 0.000 0.000 0.000 0.000 0.000 05/04/2068
0.000 0.000 0.000 0.000 0.000 0.000 0.000 0.000 0.000 0.000 0.000 0.000 0.000 0.000 0.000 0.000 0.000 0.000 0.000 0.000 0.000 0.000 0.000 0.000 0.000 0.000 0.000 0.000 0.000 0.000 06/04/2068
0.000 0.000 0.000 0.000 0.000 0.000 0.000 0.000 0.000 0.000 0.000 0.000 0.000 0.000 0.000 0.000 0.000 0.000 0.000 0.000 0.000 0.000 0.000 0.000 0.000 0.000 0.000 0.000 0.000 0.000 07/04/2068
0.000 0.000 0.000 0.000 0.000 0.000 0.000 0.000 0.000 0.000 0.000 0.000 0.000 0.000 0.000 0.000 0.000 0.000 0.000 0.000 0.000 0.000 0.000 0.000 0.000 0.000 0.000 0.000 0.000 0.000 08/04/2068
0.511 0.456 0.457 0.694 0.120 0.235 0.268 0.261 0.297 0.141 0.234 0.260 0.199 0.198 0.103 0.170 0.000 0.139 0.198 0.167 0.090 0.000 0.000 0.113 0.113 0.090 0.000 0.000 0.113 0.115 09/04/2068
0.107 0.107 0.108 0.133 0.000 0.108 0.000 0.000 0.000 0.000 0.108 0.000 0.000 0.000 0.000 0.000 0.000 0.000 0.000 0.000 0.000 0.000 0.000 0.000 0.000 0.000 0.000 0.000 0.000 0.000 10/04/2068
5.049 4.834 4.860 4.311 4.069 4.510 4.294 4.320 4.565 4.555 4.501 4.307 4.991 4.352 4.730 4.955 4.779 5.218 4.368 3.969 4.295 4.475 4.822 4.514 4.513 4.244 4.639 4.738 4.483 4.569 11/04/2068
1.650 1.562 1.570 1.866 2.146 1.909 1.667 1.646 1.415 1.715 1.906 1.641 1.650 1.598 1.923 1.508 1.150 1.455 1.604 1.832 0.969 0.791 1.023 1.089 1.088 0.958 0.797 1.007 1.083 1.100 12/04/2068
0.000 0.000 0.000 0.101 0.000 0.000 0.000 0.000 0.000 0.000 0.000 0.000 0.000 0.000 0.000 0.000 0.000 0.000 0.000 0.000 0.000 0.000 0.000 0.000 0.000 0.000 0.000 0.000 0.000 0.000 13/04/2068
0.000 0.000 0.000 0.000 0.000 0.000 0.000 0.000 0.000 0.000 0.000 0.000 0.000 0.000 0.000 0.000 0.000 0.000 0.000 0.000 0.000 0.000 0.000 0.000 0.000 0.000 0.000 0.000 0.000 0.000 14/04/2068
0.000 0.000 0.000 0.000 0.000 0.000 0.000 0.000 0.000 0.000 0.000 0.000 0.000 0.000 0.000 0.000 0.000 0.000 0.000 0.000 0.000 0.000 0.000 0.000 0.000 0.000 0.000 0.000 0.000 0.000 15/04/2068
0.000 0.000 0.000 0.000 0.000 0.000 0.000 0.000 0.000 0.000 0.000 0.000 0.000 0.000 0.000 0.000 0.000 0.000 0.000 0.000 0.000 0.000 0.000 0.000 0.000 0.000 0.000 0.000 0.000 0.000 16/04/2068
2.052 1.331 1.337 0.923 0.100 2.200 1.600 1.577 0.972 0.339 2.196 1.572 1.585 0.919 0.291 2.187 1.319 1.637 0.922 0.311 2.044 0.987 1.199 0.404 0.404 2.020 2.206 1.186 0.399 0.411 17/04/2068
0.000 0.000 0.000 0.000 0.000 0.000 0.000 0.000 0.000 0.000 0.000 0.000 0.000 0.000 0.000 0.000 0.000 0.000 0.000 0.000 0.000 0.000 0.000 0.000 0.000 0.000 0.000 0.000 0.000 0.000 18/04/2068
6.566 6.610 6.640 8.026 9.555 7.448 9.739 9.640 14.045 15.805 7.436 9.609 11.350 18.054 22.590 13.702 15.841 16.911 18.126 18.376 21.629 21.615 21.372 25.037 25.026 21.395 27.759 21.012 24.845 25.409 19/04/2068
0.981 0.730 0.734 0.579 0.103 1.428 0.848 0.854 0.610 0.195 1.427 0.847 1.031 0.587 0.161 2.179 1.174 1.450 0.588 0.238 2.485 1.037 1.254 0.836 0.835 2.457 2.247 1.247 0.831 0.832 20/04/2068
0.252 1.941 1.944 3.622 5.063 0.167 2.050 2.030 4.147 4.948 0.166 2.048 2.274 4.043 4.864 0.121 2.349 2.673 4.046 4.203 0.136 2.311 2.673 4.804 4.803 0.129 0.000 2.662 4.760 4.863 21/04/2068
0.000 1.299 1.307 2.404 4.005 0.122 1.454 1.445 2.387 3.469 0.122 1.442 1.873 1.988 3.007 0.133 0.334 0.500 1.985 2.878 0.585 0.935 1.080 1.894 1.888 0.610 0.437 1.095 1.871 1.922 22/04/2068
2.158 3.570 3.587 7.056 13.752 2.414 3.630 3.596 6.641 12.144 2.410 3.584 3.746 4.499 8.420 1.610 2.440 2.780 4.514 8.200 1.164 1.777 2.085 2.843 2.841 1.151 1.158 2.092 2.823 2.886 23/04/2068
0.360 0.849 0.852 0.249 0.000 0.955 1.389 1.358 0.677 0.217 0.954 1.353 1.440 1.134 1.060 0.871 1.335 1.651 1.136 0.935 0.896 0.841 1.071 1.097 1.097 0.886 0.679 1.056 1.092 1.107 24/04/2068
2.291 1.927 1.936 2.038 1.846 1.918 1.825 1.800 2.056 2.425 1.914 1.794 1.867 2.476 3.666 1.534 1.447 1.742 2.485 3.109 1.731 2.389 2.915 3.908 3.907 1.706 1.807 2.855 3.878 3.967 25/04/2068
0.000 0.000 0.000 0.000 0.000 0.000 0.000 0.000 0.000 0.000 0.000 0.000 0.000 0.000 0.000 0.000 0.000 0.000 0.000 0.000 0.000 0.000 0.000 0.000 0.000 0.000 0.000 0.000 0.000 0.000 26/04/2068
0.905 0.105 0.105 0.000 0.000 0.510 0.000 0.000 0.000 0.000 0.509 0.000 0.000 0.000 0.000 0.170 0.000 0.000 0.000 0.000 0.000 0.000 0.000 0.000 0.000 0.000 0.000 0.000 0.000 0.000 27/04/2068
17.022 16.723 16.802 16.059 18.978 16.854 16.420 16.254 15.096 19.842 16.823 16.201 15.980 15.324 18.155 13.425 13.926 15.327 15.386 15.407 12.265 12.479 14.217 14.403 14.397 12.122 12.873 13.975 14.290 14.623 28/04/2068
0.000 0.107 0.108 0.635 0.477 0.168 0.284 0.278 0.311 0.816 0.169 0.277 0.238 0.312 0.715 0.105 0.000 0.128 0.313 0.743 0.000 0.000 0.000 0.110 0.110 0.000 0.000 0.000 0.110 0.112 29/04/2068
0.000 0.000 0.000 0.000 0.000 0.000 0.000 0.000 0.000 0.000 0.000 0.000 0.000 0.000 0.000 0.000 0.000 0.000 0.000 0.000 0.000 0.000 0.000 0.000 0.000 0.000 0.000 0.000 0.000 0.000 30/04/2068
0.000 0.000 0.000 0.000 0.000 0.000 0.337 0.336 0.752 1.016 0.000 0.333 0.254 2.303 2.414 1.134 1.567 1.681 2.313 2.654 2.363 2.422 2.757 2.620 2.619 2.362 2.610 2.727 2.605 2.653 01/05/2068
2.142 1.605 1.608 1.326 0.625 1.816 1.471 1.456 1.192 1.016 1.813 1.469 1.758 1.516 2.032 1.870 1.488 1.618 1.523 2.185 1.930 2.213 2.639 2.617 2.616 1.953 2.172 2.613 2.603 2.650 02/05/2068
7.035 8.096 8.132 11.250 13.339 7.474 8.664 8.579 11.749 13.218 7.467 8.651 10.634 11.287 12.467 8.574 9.399 10.471 11.334 11.842 8.636 9.386 10.465 11.280 11.275 8.557 8.728 10.287 11.193 11.451 03/05/2068
4.490 3.323 3.339 3.724 3.310 3.457 3.233 3.199 3.366 2.871 3.451 3.191 4.352 3.295 2.821 3.801 3.184 4.302 3.308 2.852 2.845 2.942 3.748 2.626 2.625 2.811 3.053 3.684 2.612 2.659 04/05/2068
7.855 8.811 8.849 11.260 16.152 6.747 7.150 7.085 7.179 11.625 6.735 7.064 7.359 6.152 8.883 4.780 5.203 5.959 6.178 7.474 3.452 3.156 3.833 3.580 3.578 3.417 3.482 3.767 3.552 3.634 05/05/2068
2.370 2.461 2.472 3.832 3.989 2.875 3.238 3.205 3.458 3.494 2.870 3.197 4.360 4.145 4.608 3.777 3.611 4.626 4.162 4.795 4.352 4.060 5.246 4.532 4.530 4.309 4.394 5.214 4.503 4.587 06/05/2068
0.000 0.000 0.000 0.000 0.000 0.000 0.000 0.000 0.000 0.000 0.000 0.000 0.000 0.000 0.000 0.000 0.000 0.000 0.000 0.000 0.000 0.000 0.000 0.000 0.000 0.000 0.000 0.000 0.000 0.000 07/05/2068
0.000 0.000 0.000 0.000 0.000 0.000 0.000 0.000 0.000 0.000 0.000 0.000 0.104 0.000 0.000 0.000 0.000 0.103 0.000 0.000 0.000 0.000 0.000 0.000 0.000 0.000 0.000 0.000 0.000 0.000 08/05/2068
0.000 0.000 0.000 0.000 0.000 0.000 0.000 0.000 0.000 0.000 0.000 0.000 0.000 0.000 0.000 0.000 0.000 0.000 0.000 0.000 0.000 0.000 0.000 0.000 0.000 0.000 0.000 0.000 0.000 0.000 09/05/2068
13.963 7.110 7.143 4.389 1.301 12.327 6.916 6.846 4.966 1.130 12.305 6.823 8.263 4.505 0.948 9.658 6.428 6.856 4.521 0.988 8.137 5.574 6.428 3.541 3.539 8.054 8.154 6.592 3.513 3.723 10/05/2068
29.955 27.337 27.462 24.193 23.626 33.375 31.933 31.658 29.252 28.054 33.326 31.571 33.361 31.735 29.811 31.313 28.986 33.990 31.853 32.700 31.891 33.485 38.499 34.209 34.196 31.599 30.794 38.014 33.986 34.642 11/05/2068
18.014 23.329 23.439 28.970 29.546 24.627 28.550 28.275 30.857 32.462 24.581 28.188 29.978 31.810 32.036 25.727 26.452 31.456 31.928 34.925 26.210 29.760 34.774 32.513 32.500 25.918 25.113 34.289 32.290 32.945 12/05/2068
0.231 0.281 0.286 0.277 0.091 0.445 0.487 0.475 0.369 0.100 0.444 0.473 0.481 0.693 0.670 0.637 0.395 0.631 0.695 0.632 0.823 0.737 0.915 1.009 1.008 0.820 0.780 0.902 1.001 1.023 13/05/2068
0.255 0.277 0.281 0.241 0.284 1.440 1.140 1.131 1.051 0.953 1.437 1.129 1.289 2.230 1.666 1.710 1.774 1.986 2.239 1.706 0.746 1.259 1.271 1.732 1.731 0.743 0.589 1.253 1.718 1.749 14/05/2068
16.538 17.250 17.332 16.724 20.578 17.489 17.313 17.137 16.932 19.986 17.456 17.082 20.281 14.994 15.913 16.000 15.472 16.001 15.055 13.772 14.601 12.835 14.159 12.832 12.826 14.429 15.539 13.920 12.735 13.021 15/05/2068
33.838 16.994 17.075 17.687 21.154 17.130 17.312 17.136 25.683 20.087 17.098 17.081 20.279 24.026 18.400 17.700 23.066 27.960 24.125 15.445 27.977 28.038 33.052 19.989 19.980 27.685 26.880 32.567 19.836 20.287 16/05/2068
20.105 18.288 18.371 12.405 7.113 20.771 17.553 17.380 10.128 3.299 20.734 17.325 18.187 5.847 1.903 26.462 15.501 15.790 5.871 1.874 18.938 6.223 6.804 2.256 2.255 18.720 19.867 6.688 2.243 2.249 17/05/2068
46.768 41.942 42.040 37.879 36.400 37.369 42.155 41.940 42.220 34.021 37.329 41.872 44.987 28.891 26.794 34.974 40.414 42.979 28.994 27.866 31.847 31.285 33.855 25.199 25.188 31.611 33.869 33.434 25.006 25.575 18/05/2068
3.603 2.402 2.411 2.024 1.548 4.307 2.802 2.774 2.384 1.901 4.299 2.765 3.294 2.672 1.836 4.114 3.385 3.761 2.682 1.789 5.810 4.280 4.605 3.077 3.075 5.741 5.842 4.540 3.049 3.123 19/05/2068
0.000 0.000 0.000 0.000 0.000 0.000 0.000 0.000 0.000 0.000 0.000 0.000 0.000 0.000 0.000 0.000 0.000 0.000 0.000 0.000 0.000 0.000 0.000 0.000 0.000 0.000 0.000 0.000 0.000 0.000 20/05/2068
0.000 0.000 0.000 0.000 0.000 0.000 0.000 0.000 0.000 0.000 0.000 0.000 0.000 0.000 0.000 0.000 0.000 0.000 0.000 0.000 0.000 0.000 0.000 0.000 0.000 0.000 0.000 0.000 0.000 0.000 21/05/2068
4.551 4.449 4.471 3.633 3.729 4.135 3.362 3.326 3.065 2.965 4.128 3.315 3.610 2.267 1.965 2.808 2.241 2.552 2.277 1.938 2.587 2.201 2.502 2.200 2.199 2.554 2.290 2.485 2.182 2.182 22/05/2068
5.280 5.223 5.189 5.681 6.478 6.170 5.665 5.609 6.038 6.659 6.158 5.591 6.575 5.212 5.795 6.080 5.641 5.943 5.233 5.373 5.245 4.654 5.027 3.795 3.794 5.228 5.299 4.917 3.765 3.848 23/05/2068
3.012 4.810 4.832 6.412 9.326 3.238 5.835 5.777 6.974 12.698 3.232 5.758 6.053 8.347 12.821 3.101 6.187 6.376 8.381 11.098 3.992 6.166 6.383 8.344 8.340 3.945 4.257 6.274 8.278 8.471 24/05/2068
1.401 2.047 2.051 3.256 4.466 2.410 2.764 2.734 3.889 5.364 2.406 2.730 2.704 4.426 6.327 2.183 2.590 3.301 4.444 5.859 2.145 2.366 3.017 4.433 4.431 2.119 2.066 2.967 4.398 4.500 25/05/2068
0.000 0.000 0.000 0.000 0.000 0.000 0.000 0.000 0.000 0.000 0.000 0.000 0.000 0.000 0.000 0.000 0.000 0.000 0.000 0.000 0.000 0.000 0.000 0.000 0.133 0.000 0.000 0.000 0.000 0.000 26/05/2068
0.000 0.000 0.000 0.000 0.000 0.000 0.000 0.000 0.000 0.000 0.000 0.000 0.000 0.000 0.000 0.000 0.000 0.000 0.000 0.000 0.000 0.000 0.000 0.000 0.000 0.000 0.000 0.000 0.000 0.000 27/05/2068
2.570 1.386 1.393 1.847 6.180 1.538 0.444 0.440 2.276 6.430 1.535 0.440 0.404 2.893 4.822 0.848 0.128 0.191 2.903 3.977 0.106 0.182 0.306 2.166 2.166 0.105 0.000 0.291 2.156 2.190 28/05/2068
0.198 1.205 1.209 2.557 4.961 0.289 1.489 1.460 3.195 5.827 0.288 1.456 1.514 3.460 6.228 0.652 1.411 1.713 3.475 5.515 0.929 1.732 2.078 3.885 3.883 0.917 0.725 2.054 3.855 3.944 29/05/2068
0.000 0.000 0.000 0.000 0.000 0.000 0.000 0.000 0.000 0.000 0.000 0.000 0.000 0.000 0.000 0.000 0.000 0.000 0.000 0.000 0.000 0.000 0.000 0.000 0.000 0.000 0.000 0.000 0.000 0.000 30/05/2068
0.000 0.000 0.000 0.000 0.000 0.000 0.000 0.000 0.000 0.000 0.000 0.000 0.000 0.000 0.000 0.000 0.000 0.000 0.000 0.000 0.000 0.000 0.000 0.000 0.000 0.000 0.000 0.000 0.000 0.000 31/05/2068
0.000 0.000 0.000 0.000 0.000 0.000 0.000 0.000 0.000 0.000 0.000 0.000 0.000 0.000 0.000 0.000 0.000 0.000 0.000 0.000 0.000 0.000 0.000 0.000 0.000 0.000 0.000 0.000 0.000 0.000 01/06/2068
0.000 0.000 0.000 0.000 0.000 0.000 0.000 0.000 0.000 0.000 0.000 0.000 0.000 0.000 0.000 0.000 0.000 0.000 0.000 0.000 0.000 0.000 0.000 0.000 0.000 0.000 0.000 0.000 0.000 0.000 02/06/2068
0.000 0.000 0.000 0.000 0.000 0.000 0.000 0.000 0.000 0.000 0.000 0.000 0.000 0.000 0.000 0.000 0.000 0.000 0.000 0.000 0.000 0.000 0.000 0.000 0.000 0.000 0.000 0.000 0.000 0.000 03/06/2068
0.000 0.000 0.000 0.000 0.000 0.000 0.000 0.000 0.000 0.000 0.000 0.000 0.000 0.000 0.000 0.000 0.000 0.000 0.000 0.000 0.000 0.000 0.000 0.000 0.000 0.000 0.000 0.000 0.000 0.000 04/06/2068
1.549 1.896 1.905 3.800 4.187 0.908 2.003 1.985 3.612 4.437 0.907 1.980 1.726 3.570 4.304 1.219 1.737 1.960 3.585 3.477 1.404 2.407 2.279 3.978 3.976 1.387 1.175 2.240 3.948 4.036 05/06/2068
11.715 10.833 10.885 8.205 4.697 11.901 9.884 9.784 6.617 3.900 11.879 9.752 12.345 3.394 3.381 7.085 5.747 6.595 3.408 2.359 6.895 4.859 5.188 2.044 2.043 6.813 8.041 5.109 2.028 2.075 06/06/2068
0.441 0.000 0.000 0.000 0.000 0.539 0.000 0.000 0.000 0.000 0.538 0.000 0.100 0.000 0.000 0.134 0.000 0.000 0.000 0.000 0.000 0.000 0.000 0.000 0.000 0.000 0.000 0.000 0.000 0.000 07/06/2068
0.000 0.000 0.000 0.000 0.000 0.000 0.000 0.000 0.000 0.000 0.000 0.000 0.000 0.000 0.000 0.000 0.000 0.000 0.000 0.000 0.000 0.000 0.000 0.000 0.000 0.000 0.000 0.000 0.000 0.000 08/06/2068
0.000 0.000 0.000 0.000 0.000 0.000 0.000 0.000 0.000 0.000 0.000 0.000 0.000 0.000 0.000 0.000 0.000 0.000 0.000 0.000 0.000 0.000 0.000 0.000 0.000 0.000 0.000 0.000 0.000 0.000 09/06/2068
0.000 0.000 0.000 0.000 0.000 0.000 0.000 0.000 0.000 0.000 0.000 0.000 0.000 0.000 0.000 0.000 0.000 0.000 0.000 0.000 0.000 0.000 0.000 0.000 0.000 0.000 0.000 0.000 0.000 0.000 10/06/2068
0.000 0.000 0.000 0.000 0.000 0.000 0.000 0.000 0.000 0.000 0.000 0.000 0.000 0.000 0.000 0.000 0.000 0.000 0.000 0.000 0.000 0.000 0.000 0.000 0.000 0.000 0.000 0.000 0.000 0.000 11/06/2068
0.000 0.000 0.000 0.000 0.000 0.000 0.000 0.000 0.000 0.000 0.000 0.000 0.000 0.000 0.000 0.000 0.000 0.000 0.000 0.000 0.000 0.000 0.000 0.000 0.000 0.000 0.000 0.000 0.000 0.000 12/06/2068
0.000 0.000 0.000 0.000 0.000 0.000 0.000 0.000 0.000 0.000 0.000 0.000 0.000 0.000 0.000 0.000 0.000 0.000 0.000 0.000 0.000 0.000 0.000 0.000 0.000 0.000 0.000 0.000 0.000 0.000 13/06/2068
0.841 2.160 2.170 1.811 3.665 1.281 2.852 2.823 2.821 8.860 1.279 2.814 3.199 5.704 8.312 1.501 3.711 4.189 5.727 8.356 2.633 5.487 6.871 7.571 7.568 2.601 2.668 6.759 7.512 7.681 14/06/2068
0.000 0.000 0.000 0.000 0.000 0.000 0.000 0.000 0.000 0.000 0.000 0.000 0.000 0.000 0.000 0.000 0.000 0.000 0.000 0.000 0.000 0.000 0.000 0.000 0.000 0.000 0.000 0.000 0.000 0.000 15/06/2068
0.000 0.000 0.000 0.000 0.000 0.000 0.000 0.000 0.000 0.000 0.000 0.000 0.000 0.000 0.000 0.000 0.000 0.000 0.000 0.000 0.000 0.000 0.000 0.000 0.000 0.000 0.000 0.000 0.000 0.000 16/06/2068
0.000 0.000 0.000 0.000 0.000 0.000 0.000 0.000 0.000 0.000 0.000 0.000 0.000 0.000 0.000 0.000 0.000 0.000 0.000 0.000 0.000 0.000 0.000 0.000 0.000 0.000 0.000 0.000 0.000 0.000 17/06/2068
0.000 0.000 0.000 0.000 0.000 0.000 0.000 0.000 0.000 0.000 0.000 0.000 0.000 0.000 0.000 0.000 0.000 0.000 0.000 0.000 0.000 0.000 0.000 0.000 0.000 0.000 0.000 0.000 0.000 0.000 18/06/2068
0.000 0.000 0.000 0.000 0.000 0.000 0.000 0.000 0.000 0.000 0.000 0.000 0.000 0.300 0.422 0.960 0.000 0.163 0.302 0.214 2.764 1.234 1.389 1.326 1.326 2.731 2.743 1.365 1.316 1.347 19/06/2068
8.101 13.608 13.669 18.433 18.480 7.793 17.297 17.137 20.579 20.404 7.779 17.086 17.101 20.680 21.850 6.753 13.715 17.626 20.766 22.911 6.751 15.107 18.411 24.888 24.877 6.671 7.800 18.097 24.693 25.266 20/06/2068
0.000 0.000 0.000 0.000 0.000 0.000 0.000 0.000 0.000 0.000 0.000 0.000 0.000 0.000 0.000 0.000 0.000 0.000 0.000 0.000 0.000 0.000 0.000 0.000 0.000 0.000 0.000 0.000 0.000 0.000 21/06/2068
0.000 0.000 0.000 0.000 0.000 0.000 0.000 0.000 0.000 0.000 0.000 0.000 0.000 0.000 0.000 0.000 0.000 0.000 0.000 0.000 0.000 0.000 0.000 0.000 0.000 0.000 0.000 0.000 0.000 0.000 22/06/2068
0.000 0.000 0.000 0.000 0.000 0.000 0.000 0.000 0.000 0.000 0.000 0.000 0.000 0.000 0.000 0.000 0.000 0.000 0.000 0.000 0.000 0.000 0.000 0.000 0.000 0.000 0.000 0.000 0.000 0.000 23/06/2068
0.000 0.000 0.000 0.000 0.000 0.000 0.000 0.000 0.000 0.000 0.000 0.000 0.000 0.000 0.000 0.000 0.000 0.000 0.000 0.000 0.000 0.000 0.000 0.000 0.000 0.000 0.000 0.000 0.000 0.000 24/06/2068
0.000 0.000 0.000 0.000 0.000 0.000 0.000 0.000 0.000 0.000 0.000 0.000 0.000 0.000 0.000 0.000 0.000 0.000 0.000 0.000 0.000 0.000 0.000 0.000 0.000 0.000 0.000 0.000 0.000 0.000 25/06/2068
0.117 0.000 0.000 0.000 0.000 0.165 0.000 0.000 0.000 0.000 0.164 0.000 0.000 0.000 0.425 0.271 0.000 0.000 0.000 0.215 0.121 0.000 0.000 0.000 0.000 0.120 0.000 0.000 0.000 0.000 26/06/2068
0.898 1.388 1.394 1.930 3.336 0.718 1.261 1.249 1.887 3.621 0.717 1.245 1.223 1.803 2.956 0.926 1.046 1.344 1.810 2.091 1.199 1.192 1.374 1.904 1.903 1.184 0.931 1.350 1.889 1.933 27/06/2068
0.000 0.239 0.240 0.569 0.591 0.000 0.112 0.112 0.298 0.943 0.000 0.111 0.115 0.178 1.140 0.000 0.000 0.000 0.179 0.843 0.000 0.000 0.000 0.220 0.220 0.000 0.000 0.000 0.217 0.224 28/06/2068
0.000 0.000 0.000 0.000 0.000 0.000 0.000 0.000 0.000 0.000 0.000 0.000 0.000 0.000 0.000 0.000 0.000 0.000 0.000 0.000 0.000 0.000 0.000 0.000 0.000 0.000 0.000 0.000 0.000 0.000 29/06/2068
0.000 0.000 0.000 0.000 0.000 0.000 0.000 0.000 0.000 0.000 0.000 0.000 0.000 0.000 0.000 0.000 0.000 0.000 0.000 0.000 0.000 0.000 0.000 0.000 0.000 0.000 0.000 0.000 0.000 0.000 30/06/2068
0.000 0.000 0.000 0.000 0.000 0.000 0.000 0.000 0.000 0.000 0.000 0.000 0.000 0.000 0.000 0.000 0.000 0.000 0.000 0.000 0.000 0.000 0.000 0.000 0.000 0.000 0.000 0.000 0.000 0.000 01/07/2068
0.000 0.000 0.000 0.000 0.000 0.000 0.000 0.000 0.000 0.000 0.000 0.000 0.000 0.000 0.000 0.000 0.000 0.000 0.000 0.000 0.000 0.000 0.000 0.000 0.000 0.000 0.000 0.000 0.000 0.000 02/07/2068
1.935 1.411 1.418 1.423 1.634 1.022 0.986 0.977 0.828 1.621 1.020 0.974 1.021 0.749 1.151 0.640 0.566 0.774 0.752 0.850 0.374 0.000 0.162 0.107 0.107 0.370 0.241 0.158 0.107 0.108 03/07/2068
0.145 0.000 0.000 0.179 0.303 0.520 0.172 0.171 0.112 0.842 0.519 0.170 0.188 0.217 0.706 0.158 0.204 0.224 0.218 0.545 0.475 0.000 0.111 0.145 0.145 0.470 0.306 0.111 0.144 0.149 04/07/2068
0.000 0.101 0.101 0.219 0.417 0.000 0.000 0.000 0.106 0.121 0.000 0.000 0.000 0.111 0.224 0.000 0.000 0.000 0.111 0.165 0.000 0.000 0.000 0.000 0.000 0.000 0.000 0.000 0.000 0.000 05/07/2068
5.312 5.237 5.262 6.162 7.038 4.590 4.620 4.573 4.438 5.435 4.582 4.558 5.920 4.958 4.776 2.700 3.703 4.179 4.978 4.833 2.588 2.914 3.275 2.655 2.654 2.556 2.605 3.231 2.638 2.693 06/07/2068
0.000 0.000 0.000 0.000 0.000 0.000 0.000 0.000 0.000 0.000 0.000 0.000 0.000 0.000 0.000 0.000 0.000 0.000 0.000 0.000 0.000 0.000 0.000 0.000 0.000 0.000 0.000 0.000 0.000 0.000 07/07/2068
0.000 0.000 0.000 0.000 0.000 0.000 0.000 0.000 0.000 0.000 0.000 0.000 0.000 0.000 0.000 0.000 0.000 0.000 0.000 0.000 0.000 0.000 0.000 0.000 0.000 0.000 0.000 0.000 0.000 0.000 08/07/2068
0.000 0.000 0.000 0.000 0.000 0.000 0.000 0.000 0.000 0.000 0.000 0.000 0.000 0.000 0.000 0.000 0.000 0.000 0.000 0.000 0.000 0.000 0.000 0.000 0.000 0.000 0.000 0.000 0.000 0.000 09/07/2068
0.000 0.000 0.000 0.000 0.000 0.000 0.000 0.000 0.000 0.000 0.000 0.000 0.000 0.000 0.000 0.000 0.000 0.000 0.000 0.000 0.000 0.000 0.000 0.000 0.000 0.000 0.000 0.000 0.000 0.000 10/07/2068
0.000 0.000 0.000 0.000 0.000 0.000 0.000 0.000 0.000 0.000 0.000 0.000 0.000 0.000 0.000 0.000 0.000 0.000 0.000 0.000 0.106 0.103 0.138 0.154 0.154 0.105 0.000 0.138 0.153 0.154 11/07/2068
0.000 0.000 0.000 0.000 0.000 0.000 0.000 0.000 0.000 0.000 0.000 0.000 0.000 0.000 0.000 0.000 0.000 0.000 0.000 0.000 0.000 0.000 0.000 0.000 0.000 0.000 0.000 0.000 0.000 0.000 12/07/2068
0.000 0.000 0.000 0.129 0.464 0.000 0.000 0.000 0.000 0.100 0.000 0.000 0.000 0.000 0.000 0.000 0.000 0.000 0.000 0.000 0.000 0.000 0.000 0.000 0.000 0.000 0.000 0.000 0.000 0.000 13/07/2068
0.000 0.000 0.000 0.000 0.000 0.000 0.000 0.000 0.000 0.000 0.000 0.000 0.000 0.000 0.000 0.000 0.000 0.000 0.000 0.000 0.000 0.000 0.000 0.000 0.000 0.000 0.000 0.000 0.000 0.000 14/07/2068
0.000 0.000 0.000 0.000 0.000 0.000 0.000 0.000 0.000 0.000 0.000 0.000 0.000 0.000 0.000 0.000 0.000 0.103 0.000 0.000 0.000 0.000 0.000 0.000 0.000 0.000 0.000 0.000 0.000 0.000 15/07/2068
0.000 0.000 0.000 0.000 0.000 0.000 0.000 0.000 0.000 0.000 0.000 0.000 0.000 0.000 0.000 0.000 0.000 0.000 0.000 0.000 0.000 0.000 0.000 0.000 0.000 0.000 0.000 0.000 0.000 0.000 16/07/2068
1.838 2.397 2.408 2.559 2.601 2.665 2.862 2.833 2.986 3.028 2.661 2.824 3.213 3.187 3.245 2.423 3.002 3.376 3.198 3.122 2.530 3.198 3.644 3.466 3.464 2.498 2.525 3.586 3.442 3.512 17/07/2068
0.224 0.000 0.000 0.311 1.488 0.199 0.000 0.000 0.136 0.986 0.198 0.000 0.102 0.383 0.992 0.137 0.107 0.147 0.386 0.759 0.118 0.000 0.124 0.164 0.164 0.117 0.101 0.122 0.164 0.165 18/07/2068
0.000 0.000 0.000 0.000 0.000 0.000 0.000 0.000 0.000 0.000 0.000 0.000 0.000 0.000 0.000 0.000 0.000 0.000 0.000 0.000 0.000 0.000 0.000 0.000 0.000 0.000 0.000 0.000 0.000 0.000 19/07/2068
0.000 0.000 0.000 0.000 0.000 0.000 0.000 0.000 0.000 0.000 0.000 0.000 0.000 0.000 0.000 0.000 0.000 0.000 0.000 0.000 0.000 0.000 0.000 0.000 0.000 0.000 0.000 0.000 0.000 0.000 20/07/2068
0.000 0.000 0.000 0.000 0.000 0.000 0.000 0.000 0.000 0.000 0.000 0.000 0.000 0.000 0.000 0.000 0.000 0.000 0.000 0.000 0.000 0.000 0.000 0.000 0.000 0.000 0.000 0.000 0.000 0.000 21/07/2068
0.000 0.000 0.000 0.000 0.000 0.000 0.000 0.000 0.000 0.000 0.000 0.000 0.000 0.000 0.000 0.000 0.000 0.000 0.000 0.000 0.000 0.000 0.000 0.000 0.000 0.000 0.000 0.000 0.000 0.000 22/07/2068
0.000 0.000 0.000 0.000 0.000 0.000 0.000 0.000 0.000 0.000 0.000 0.000 0.000 0.000 0.000 0.000 0.000 0.000 0.000 0.000 0.000 0.000 0.000 0.000 0.000 0.000 0.000 0.000 0.000 0.000 23/07/2068
0.000 0.000 0.000 0.000 0.000 0.000 0.000 0.000 0.000 0.000 0.000 0.000 0.000 0.000 0.000 0.000 0.000 0.000 0.000 0.000 0.000 0.000 0.000 0.000 0.000 0.000 0.000 0.000 0.000 0.000 24/07/2068
2.496 3.373 3.388 2.274 0.732 7.823 10.110 10.011 7.130 4.775 7.809 9.980 10.211 15.970 10.529 14.748 18.714 19.778 16.036 8.486 11.961 15.516 15.975 13.016 13.010 11.823 14.403 15.702 12.913 13.215 25/07/2068
0.000 3.318 3.333 6.993 12.474 1.400 7.166 7.094 20.251 26.376 1.397 7.071 7.016 19.997 19.879 3.052 10.618 10.232 20.078 19.958 2.051 5.723 5.822 6.756 6.753 2.035 1.744 5.725 6.710 6.846 26/07/2068
0.000 0.000 0.000 0.000 0.000 0.000 0.000 0.000 0.000 0.000 0.000 0.000 0.000 0.000 0.000 0.000 0.000 0.000 0.000 0.000 0.000 0.000 0.000 0.000 0.000 0.000 0.000 0.000 0.000 0.000 27/07/2068
0.000 0.000 0.000 0.000 0.000 0.000 0.000 0.000 0.000 0.000 0.000 0.000 0.000 0.000 0.000 0.000 0.000 0.000 0.000 0.000 0.000 0.000 0.000 0.000 0.000 0.000 0.000 0.000 0.000 0.000 28/07/2068
0.000 0.000 0.000 0.000 0.000 0.000 0.000 0.000 0.000 0.100 0.000 0.000 0.000 0.000 0.000 0.000 0.000 0.000 0.000 0.000 0.000 0.000 0.000 0.000 0.000 0.000 0.000 0.000 0.000 0.000 29/07/2068
0.000 1.882 1.891 1.197 1.190 0.000 1.731 1.709 0.000 0.101 0.000 1.703 1.821 0.000 0.000 0.000 0.000 0.000 0.000 0.000 0.000 0.000 0.000 0.000 0.000 0.000 0.000 0.000 0.000 0.000 30/07/2068
0.000 0.000 0.000 0.107 0.000 0.000 0.000 0.000 0.100 0.000 0.000 0.000 0.000 0.115 0.000 0.000 0.000 0.000 0.115 0.108 0.173 0.000 0.138 0.106 0.106 0.168 0.111 0.136 0.106 0.106 31/07/2068
