# 6448 6449 6450 6451 6452 6528 6529 6530 6531 6532 6610 6611 6612 6613 6614 6693 6694 6695 6696 6697 6776 6777 6778 6779 6780 6859 6860 6861 6862 6863 Date
4.725 4.638 4.639 4.480 4.363 4.612 4.657 4.685 4.623 4.388 4.619 4.686 4.730 4.651 4.498 4.508 4.474 4.589 4.631 4.583 4.622 4.577 4.689 4.754 4.754 4.582 4.586 4.733 4.761 4.682 01/08/2060
5.036 5.151 5.164 5.040 4.518 5.161 5.163 5.169 5.085 4.630 5.165 5.170 5.075 5.094 4.853 5.129 5.091 5.148 5.076 5.017 5.237 5.202 5.206 5.136 5.139 5.232 5.186 5.264 5.165 5.067 02/08/2060
3.529 3.503 3.484 3.514 3.410 3.293 3.409 3.424 3.631 3.460 3.301 3.435 3.489 3.703 3.571 3.324 3.444 3.515 3.685 3.685 3.581 3.434 3.514 3.808 3.809 3.623 3.626 3.580 3.850 3.742 03/08/2060
4.521 4.422 4.409 4.185 4.014 4.509 4.400 4.433 4.440 4.169 4.514 4.447 4.482 4.589 4.331 4.492 4.455 4.609 4.577 4.469 4.569 4.473 4.618 4.682 4.684 4.598 4.573 4.696 4.720 4.625 04/08/2060
4.704 4.772 4.764 4.646 4.520 4.741 4.768 4.782 4.830 4.581 4.743 4.783 4.739 4.798 4.682 4.673 4.636 4.740 4.797 4.816 4.713 4.584 4.712 4.776 4.777 4.704 4.682 4.743 4.789 4.754 05/08/2060
5.174 5.195 5.206 4.994 4.369 5.292 5.198 5.202 4.877 4.501 5.294 5.203 5.048 4.750 4.440 5.153 4.928 5.032 4.737 4.532 5.110 4.789 4.857 4.550 4.550 5.094 5.031 4.904 4.568 4.534 06/08/2060
6.080 6.143 6.136 5.833 5.031 6.088 6.179 6.174 5.982 5.403 6.092 6.178 6.045 6.001 5.733 6.030 5.870 6.056 5.970 5.879 6.044 5.858 6.060 6.066 6.067 6.073 5.825 6.130 6.102 6.003 07/08/2060
5.802 5.851 5.833 5.748 5.324 5.811 5.825 5.850 5.923 5.688 5.816 5.855 5.886 5.873 5.682 5.650 5.645 5.809 5.876 5.878 5.647 5.621 5.766 5.774 5.773 5.653 5.618 5.776 5.775 5.745 08/08/2060
4.624 4.376 4.358 4.045 3.897 4.752 4.365 4.395 4.153 3.924 4.759 4.403 4.362 4.386 4.090 4.640 4.515 4.553 4.367 4.191 4.703 4.571 4.616 4.581 4.583 4.718 4.687 4.659 4.617 4.546 09/08/2060
5.016 5.078 5.074 4.570 4.271 5.118 5.178 5.185 4.768 4.380 5.124 5.197 4.991 4.821 4.591 4.933 4.963 4.999 4.800 4.648 5.024 5.173 5.157 5.069 5.072 5.036 5.023 5.230 5.116 4.997 10/08/2060
3.834 3.785 3.768 3.639 3.454 3.697 3.749 3.752 3.682 3.560 3.696 3.763 3.740 3.770 3.647 3.780 3.855 3.834 3.752 3.739 3.909 3.959 3.916 4.087 4.090 3.911 3.852 3.980 4.108 4.020 11/08/2060
3.475 3.553 3.536 3.278 3.193 3.507 3.565 3.551 3.448 3.319 3.509 3.548 3.506 3.548 3.323 3.489 3.506 3.502 3.533 3.458 3.540 3.557 3.535 3.614 3.616 3.562 3.540 3.582 3.637 3.572 12/08/2060
2.367 2.260 2.254 1.749 1.811 2.267 2.129 2.150 1.918 1.908 2.272 2.156 1.918 1.944 1.930 2.141 1.949 1.951 1.938 1.874 2.484 2.217 2.206 2.158 2.157 2.467 2.308 2.221 2.171 2.146 13/08/2060
3.115 3.007 3.000 2.747 2.523 3.114 2.978 2.995 2.893 2.612 3.114 3.004 3.026 2.910 2.761 3.151 3.047 3.027 2.886 2.783 3.249 3.188 3.218 3.058 3.058 3.268 3.240 3.258 3.083 3.023 14/08/2060
2.883 2.924 2.922 2.776 2.832 2.849 2.987 2.984 3.093 3.074 2.847 2.997 3.053 3.414 3.472 3.138 3.222 3.159 3.408 3.553 3.443 3.579 3.639 3.828 3.829 3.488 3.491 3.684 3.843 3.792 15/08/2060
3.643 3.545 3.542 3.372 3.377 3.762 3.664 3.674 3.526 3.297 3.769 3.675 3.595 3.708 3.530 3.831 3.811 3.744 3.702 3.626 4.074 4.096 4.071 4.059 4.059 4.116 4.093 4.121 4.079 4.025 16/08/2060
3.685 3.579 3.577 3.371 3.215 3.639 3.648 3.647 3.468 3.282 3.642 3.653 3.595 3.558 3.396 3.912 3.837 3.731 3.559 3.447 4.007 4.017 3.977 3.923 3.924 4.057 4.043 4.034 3.929 3.882 17/08/2060
3.100 3.134 3.133 3.199 3.122 3.066 3.183 3.205 3.143 3.083 3.070 3.202 3.119 3.158 3.261 3.055 3.227 3.099 3.171 3.324 3.034 3.115 3.036 3.371 3.371 3.037 3.076 3.059 3.399 3.318 18/08/2060
3.389 3.479 3.475 3.401 3.275 3.411 3.355 3.353 3.388 3.112 3.416 3.355 3.361 3.288 3.172 3.339 3.363 3.325 3.277 3.221 3.390 3.376 3.340 3.363 3.363 3.426 3.501 3.396 3.395 3.319 19/08/2060
3.115 3.190 3.183 2.971 2.779 3.134 3.177 3.195 3.044 2.698 3.137 3.209 3.117 2.948 2.752 3.024 2.927 2.935 2.934 2.837 3.008 2.835 2.771 2.881 2.882 3.028 2.986 2.831 2.924 2.808 20/08/2060
4.351 4.201 4.190 3.786 3.533 4.254 4.174 4.191 3.989 3.550 4.262 4.194 4.220 3.967 3.564 4.145 4.130 4.213 3.962 3.641 4.211 4.049 4.167 4.025 4.026 4.241 4.245 4.208 4.051 3.996 21/08/2060
3.506 3.378 3.365 3.156 3.222 3.341 3.351 3.372 3.469 3.291 3.350 3.382 3.464 3.499 3.329 3.341 3.509 3.510 3.490 3.381 3.590 3.655 3.688 3.627 3.629 3.627 3.705 3.773 3.667 3.583 22/08/2060
3.068 3.028 3.009 2.877 2.769 3.240 3.052 3.075 3.148 2.811 3.242 3.095 3.024 3.133 2.869 3.177 3.038 3.085 3.121 2.968 3.383 3.286 3.313 3.390 3.392 3.412 3.375 3.394 3.415 3.325 23/08/2060
3.263 3.240 3.243 2.948 2.799 3.105 3.139 3.154 2.898 2.696 3.115 3.164 3.070 2.853 2.712 3.072 2.957 2.853 2.849 2.765 2.966 2.981 2.879 2.890 2.893 2.978 2.992 2.940 2.921 2.866 24/08/2060
3.620 3.489 3.474 3.212 3.107 3.531 3.448 3.469 3.370 3.168 3.540 3.480 3.389 3.317 3.146 3.485 3.408 3.348 3.312 3.208 3.318 3.386 3.289 3.345 3.346 3.356 3.354 3.329 3.361 3.311 25/08/2060
2.954 2.770 2.758 2.483 2.583 2.865 2.785 2.811 2.953 2.829 2.876 2.825 2.892 3.127 2.990 2.973 3.117 3.115 3.107 3.014 3.151 3.285 3.257 3.229 3.232 3.193 3.280 3.346 3.253 3.169 26/08/2060
3.127 3.064 3.051 2.734 2.658 3.037 2.895 2.913 2.939 2.583 3.045 2.928 2.927 2.950 2.814 2.994 2.937 3.028 2.926 2.886 3.080 3.063 3.140 3.178 3.180 3.145 3.070 3.233 3.222 3.108 27/08/2060
3.174 3.164 3.166 3.036 3.031 3.081 3.097 3.119 3.129 3.055 3.087 3.125 3.124 3.084 3.040 3.046 3.091 3.103 3.080 3.101 3.038 3.091 3.090 3.155 3.156 3.053 3.052 3.152 3.184 3.108 28/08/2060
3.293 3.342 3.340 3.169 3.141 3.385 3.399 3.413 3.357 3.210 3.392 3.419 3.424 3.411 3.322 3.450 3.451 3.475 3.404 3.386 3.511 3.479 3.503 3.502 3.503 3.531 3.506 3.560 3.528 3.460 29/08/2060
3.590 3.584 3.580 3.452 3.471 3.601 3.595 3.610 3.652 3.533 3.609 3.618 3.662 3.695 3.609 3.716 3.650 3.758 3.680 3.694 3.811 3.691 3.792 3.787 3.788 3.820 3.794 3.837 3.808 3.759 30/08/2060
3.905 3.877 3.873 3.714 3.585 3.961 3.965 3.970 3.903 3.748 3.967 3.977 3.865 4.038 3.953 4.120 3.968 4.026 4.034 4.014 4.155 4.103 4.212 4.294 4.295 4.150 4.026 4.226 4.293 4.264 31/08/2060
3.431 3.369 3.368 3.426 3.387 3.521 3.530 3.528 3.492 3.349 3.525 3.533 3.511 3.704 3.493 3.636 3.578 3.686 3.691 3.616 3.868 3.685 3.822 3.839 3.837 3.840 3.771 3.864 3.868 3.839 01/09/2060
3.533 3.485 3.477 3.342 3.171 3.467 3.472 3.475 3.317 3.050 3.469 3.471 3.448 3.265 3.030 3.484 3.327 3.408 3.252 3.166 3.438 3.264 3.360 3.298 3.297 3.430 3.377 3.404 3.330 3.300 02/09/2060
2.855 2.818 2.806 2.692 2.678 2.822 2.843 2.846 2.893 2.791 2.826 2.854 2.886 3.091 2.942 2.952 2.999 2.994 3.087 2.947 3.104 3.125 3.181 3.273 3.273 3.138 3.118 3.199 3.274 3.260 03/09/2060
4.487 4.246 4.255 4.093 3.792 4.344 4.341 4.318 4.315 4.048 4.342 4.314 4.301 4.491 4.339 4.402 4.294 4.540 4.499 4.434 4.573 4.414 4.619 4.621 4.621 4.550 4.428 4.635 4.638 4.626 04/09/2060
4.754 4.593 4.605 4.129 3.989 4.648 4.707 4.679 4.430 4.210 4.644 4.668 4.381 4.593 4.373 4.678 4.626 4.606 4.592 4.452 4.837 4.725 4.660 4.688 4.690 4.818 4.793 4.684 4.707 4.676 05/09/2060
5.350 5.145 5.124 4.676 4.303 5.180 5.103 5.132 5.045 4.543 5.181 5.126 5.128 5.265 4.921 5.377 5.344 5.344 5.243 5.098 5.490 5.275 5.343 5.385 5.388 5.527 5.439 5.481 5.439 5.271 06/09/2060
4.465 4.294 4.278 3.878 3.740 4.480 4.331 4.355 4.288 3.911 4.485 4.366 4.433 4.551 4.320 4.797 4.697 4.731 4.529 4.439 5.042 4.859 4.930 4.909 4.910 5.060 4.943 5.027 4.950 4.848 07/09/2060
3.646 3.456 3.461 3.219 3.079 3.634 3.539 3.539 3.455 3.242 3.639 3.538 3.499 3.589 3.500 3.659 3.555 3.710 3.585 3.599 3.768 3.609 3.773 3.746 3.747 3.774 3.700 3.828 3.780 3.721 08/09/2060
3.111 3.272 3.271 3.147 3.111 3.070 3.222 3.224 3.302 3.181 3.074 3.229 3.281 3.328 3.245 3.133 3.211 3.298 3.332 3.294 3.152 3.227 3.312 3.315 3.315 3.170 3.156 3.337 3.320 3.307 09/09/2060
3.261 3.064 3.040 2.963 2.788 3.137 3.126 3.139 3.027 2.814 3.140 3.140 3.102 2.988 2.858 3.097 3.080 3.161 2.984 2.939 3.416 3.333 3.432 3.258 3.260 3.428 3.354 3.465 3.294 3.228 10/09/2060
2.222 2.068 2.034 1.909 1.906 2.320 2.045 2.101 2.222 1.959 2.331 2.120 2.246 2.313 2.015 2.448 2.294 2.454 2.302 2.144 2.705 2.592 2.681 2.665 2.670 2.766 2.658 2.787 2.710 2.557 11/09/2060
2.174 2.156 2.150 1.921 1.791 2.242 2.136 2.144 2.048 1.707 2.243 2.148 2.187 1.976 1.690 2.139 2.142 2.140 1.971 1.752 2.206 2.190 2.189 2.088 2.089 2.244 2.234 2.235 2.113 2.066 12/09/2060
2.731 2.708 2.685 2.420 2.391 2.659 2.554 2.574 2.559 2.361 2.666 2.582 2.630 2.486 2.253 2.486 2.497 2.530 2.468 2.371 2.615 2.557 2.576 2.471 2.473 2.644 2.606 2.624 2.504 2.438 13/09/2060
2.721 2.671 2.664 2.537 2.459 2.632 2.650 2.644 2.583 2.463 2.635 2.646 2.658 2.632 2.398 2.573 2.579 2.639 2.624 2.488 2.657 2.623 2.699 2.627 2.629 2.685 2.619 2.747 2.653 2.600 14/09/2060
2.860 2.761 2.754 2.571 2.553 2.805 2.718 2.730 2.691 2.590 2.809 2.733 2.778 2.699 2.613 2.826 2.746 2.776 2.689 2.676 2.853 2.761 2.796 2.762 2.764 2.862 2.828 2.835 2.778 2.712 15/09/2060
2.118 2.161 2.153 2.086 2.208 2.137 2.146 2.152 2.257 2.294 2.142 2.156 2.200 2.222 2.178 2.069 2.147 2.123 2.216 2.243 2.189 2.153 2.158 2.247 2.249 2.195 2.192 2.200 2.263 2.225 16/09/2060
3.416 3.291 3.276 3.088 3.130 3.426 3.356 3.364 3.390 3.315 3.430 3.372 3.358 3.483 3.354 3.499 3.456 3.505 3.484 3.440 3.834 3.622 3.703 3.700 3.700 3.879 3.764 3.739 3.712 3.651 17/09/2060
3.375 3.196 3.209 3.026 2.943 3.173 3.147 3.138 3.050 2.956 3.178 3.137 3.076 3.093 3.004 3.200 3.087 3.124 3.090 3.075 3.366 3.187 3.249 3.216 3.217 3.347 3.298 3.281 3.227 3.207 18/09/2060
3.270 3.253 3.255 2.998 2.819 3.285 3.291 3.284 3.065 2.878 3.287 3.283 3.248 3.106 2.971 3.264 3.150 3.262 3.106 3.045 3.322 3.193 3.321 3.345 3.344 3.332 3.268 3.328 3.354 3.340 19/09/2060
2.899 2.856 2.853 2.667 2.544 2.803 2.756 2.758 2.692 2.537 2.804 2.758 2.759 2.647 2.603 2.793 2.704 2.744 2.650 2.648 2.831 2.702 2.736 2.682 2.682 2.846 2.797 2.755 2.701 2.669 20/09/2060
4.480 4.450 4.449 4.000 3.539 4.571 4.488 4.509 4.255 3.723 4.574 4.517 4.397 4.240 3.931 4.450 4.295 4.363 4.224 4.035 4.507 4.346 4.416 4.342 4.344 4.525 4.538 4.495 4.391 4.283 21/09/2060
5.716 5.746 5.763 5.391 4.602 5.771 5.641 5.701 5.350 4.807 5.771 5.694 5.393 5.209 5.017 5.175 5.251 5.247 5.190 5.084 5.224 5.204 5.219 5.239 5.241 5.227 5.324 5.309 5.281 5.172 22/09/2060
3.568 3.601 3.602 3.537 3.065 3.439 3.577 3.591 3.484 3.343 3.446 3.597 3.502 3.660 3.521 3.143 3.312 3.451 3.655 3.812 3.015 3.153 3.234 3.745 3.745 3.023 2.981 3.295 3.748 3.744 23/09/2060
1.831 1.829 1.826 1.758 1.800 1.821 1.769 1.781 1.811 1.835 1.827 1.785 1.853 1.799 1.802 1.831 1.779 1.814 1.795 1.808 1.825 1.761 1.792 1.877 1.876 1.844 1.827 1.822 1.887 1.869 24/09/2060
2.150 2.183 2.177 2.087 2.038 2.179 2.192 2.218 2.286 2.112 2.186 2.225 2.202 2.237 2.155 2.221 2.359 2.256 2.228 2.262 2.293 2.398 2.300 2.302 2.303 2.323 2.360 2.342 2.318 2.283 25/09/2060
3.178 3.295 3.294 3.037 3.064 3.123 3.229 3.245 2.987 3.122 3.128 3.255 3.021 2.991 3.035 2.937 3.022 2.914 2.987 3.124 2.911 3.037 2.918 2.904 2.904 2.936 2.959 2.937 2.906 2.882 26/09/2060
2.559 2.588 2.585 2.594 2.562 2.542 2.578 2.587 2.622 2.575 2.547 2.595 2.554 2.640 2.593 2.523 2.531 2.607 2.632 2.652 2.568 2.605 2.694 2.686 2.686 2.591 2.544 2.715 2.700 2.666 27/09/2060
2.110 2.075 2.071 2.058 2.038 2.091 2.057 2.058 2.045 2.002 2.096 2.063 2.119 2.015 1.990 1.958 1.953 1.981 2.015 2.042 1.958 1.909 1.956 2.002 2.002 1.975 1.973 1.975 2.014 1.988 28/09/2060
3.169 3.215 3.205 3.214 3.144 3.216 3.242 3.254 3.283 3.236 3.223 3.261 3.258 3.258 3.249 3.050 3.052 3.212 3.249 3.359 3.089 3.077 3.242 3.268 3.268 3.087 3.079 3.262 3.279 3.254 29/09/2060
3.416 3.702 3.697 3.798 3.494 3.416 3.517 3.534 3.620 3.503 3.421 3.544 3.473 3.490 3.448 3.198 3.235 3.399 3.477 3.618 3.194 3.206 3.391 3.485 3.483 3.236 3.196 3.436 3.508 3.447 30/09/2060
3.069 3.129 3.139 3.293 3.172 3.073 3.181 3.162 3.182 3.185 3.076 3.165 3.065 3.089 3.056 2.934 3.010 3.200 3.092 3.177 2.953 3.030 3.227 3.062 3.064 2.968 2.927 3.255 3.079 3.030 01/10/2060
1.923 1.871 1.864 1.862 1.630 1.864 1.699 1.715 1.680 1.597 1.871 1.724 1.758 1.637 1.584 1.768 1.678 1.722 1.634 1.610 1.693 1.581 1.633 1.577 1.578 1.716 1.692 1.663 1.596 1.550 02/10/2060
2.045 2.068 2.069 2.046 2.008 2.091 2.095 2.100 2.108 2.073 2.096 2.100 2.096 2.135 2.109 2.095 2.057 2.127 2.135 2.163 2.084 2.044 2.121 2.112 2.113 2.086 2.050 2.129 2.119 2.100 03/10/2060
2.017 1.975 1.969 1.857 1.828 2.007 1.974 1.998 1.985 1.809 2.013 2.010 2.045 1.882 1.712 1.909 1.892 1.986 1.877 1.747 1.874 1.875 1.960 1.820 1.823 1.905 1.921 2.032 1.848 1.782 04/10/2060
2.353 1.990 1.968 1.459 1.300 1.986 1.518 1.540 1.569 1.420 1.993 1.557 1.555 1.540 1.573 1.580 1.445 1.556 1.543 1.694 1.570 1.474 1.574 1.742 1.743 1.596 1.503 1.614 1.772 1.717 05/10/2060
1.694 1.670 1.662 1.498 1.647 1.663 1.658 1.674 1.734 1.652 1.669 1.680 1.741 1.642 1.681 1.662 1.643 1.700 1.637 1.705 1.600 1.602 1.674 1.680 1.681 1.619 1.615 1.694 1.694 1.651 06/10/2060
1.293 1.278 1.282 1.262 1.331 1.215 1.331 1.327 1.348 1.304 1.215 1.327 1.322 1.323 1.335 1.219 1.271 1.290 1.320 1.347 1.320 1.360 1.363 1.426 1.427 1.327 1.350 1.374 1.439 1.416 07/10/2060
1.880 1.908 1.909 2.017 2.089 1.930 2.018 2.030 2.203 2.220 1.931 2.030 2.039 2.256 2.320 2.019 2.137 2.218 2.259 2.398 2.051 2.192 2.288 2.303 2.304 2.054 2.025 2.338 2.326 2.287 08/10/2060
1.233 1.166 1.158 1.072 1.071 1.090 1.121 1.128 1.102 1.051 1.094 1.136 1.161 1.052 1.018 1.056 1.066 1.112 1.058 1.078 1.057 1.029 1.079 1.068 1.068 1.062 1.033 1.079 1.070 1.071 09/10/2060
0.989 0.988 0.984 0.991 1.059 0.966 0.966 0.969 0.979 1.046 0.965 0.973 0.982 0.983 0.957 1.009 1.049 1.013 0.982 0.973 1.020 1.085 1.051 0.977 0.977 1.033 1.038 1.067 0.986 0.963 10/10/2060
1.366 1.363 1.358 1.293 1.337 1.323 1.320 1.324 1.334 1.312 1.328 1.328 1.361 1.304 1.289 1.316 1.304 1.336 1.306 1.292 1.339 1.316 1.351 1.312 1.312 1.354 1.344 1.369 1.321 1.305 11/10/2060
1.517 1.606 1.595 1.621 1.584 1.530 1.565 1.577 1.527 1.529 1.534 1.584 1.557 1.478 1.476 1.416 1.476 1.476 1.476 1.508 1.378 1.431 1.439 1.465 1.466 1.399 1.388 1.468 1.480 1.447 12/10/2060
1.294 1.286 1.286 1.267 1.298 1.291 1.290 1.312 1.338 1.311 1.297 1.319 1.365 1.357 1.205 1.276 1.217 1.271 1.359 1.298 1.199 1.265 1.340 1.336 1.336 1.208 1.161 1.335 1.333 1.344 13/10/2060
1.851 1.768 1.765 1.735 1.605 1.869 1.753 1.762 1.742 1.631 1.870 1.767 1.708 1.680 1.551 1.757 1.634 1.682 1.676 1.575 1.756 1.593 1.631 1.628 1.629 1.761 1.695 1.679 1.645 1.604 14/10/2060
1.279 1.314 1.310 1.258 1.259 1.352 1.382 1.389 1.382 1.336 1.352 1.390 1.378 1.420 1.487 1.447 1.477 1.401 1.419 1.484 1.512 1.541 1.456 1.504 1.504 1.530 1.537 1.476 1.515 1.493 15/10/2060
1.206 1.185 1.181 1.078 1.094 1.187 1.194 1.193 1.169 1.131 1.188 1.195 1.183 1.127 1.091 1.127 1.149 1.152 1.133 1.108 1.152 1.136 1.142 1.149 1.149 1.157 1.143 1.152 1.154 1.154 16/10/2060
1.130 1.140 1.136 1.030 1.115 1.116 1.148 1.146 1.187 1.202 1.121 1.153 1.168 1.196 1.198 1.098 1.172 1.187 1.198 1.190 1.136 1.164 1.188 1.241 1.241 1.136 1.149 1.195 1.243 1.237 17/10/2060
1.051 0.968 0.966 0.967 0.997 1.070 1.032 1.022 1.135 1.080 1.076 1.028 1.119 1.087 1.051 1.070 1.103 1.110 1.083 1.046 1.127 1.128 1.161 1.184 1.185 1.131 1.165 1.176 1.197 1.165 18/10/2060
0.901 0.695 0.698 0.608 0.690 0.974 0.793 0.803 0.792 0.755 0.975 0.810 0.820 0.802 0.732 0.830 0.827 0.925 0.806 0.718 0.855 0.843 0.927 0.798 0.798 0.873 0.898 0.943 0.813 0.802 19/10/2060
0.943 0.897 0.897 0.828 0.765 0.949 0.890 0.903 0.848 0.777 0.952 0.907 0.863 0.843 0.777 0.915 0.882 0.917 0.850 0.806 0.930 0.928 0.972 0.928 0.928 0.935 0.935 0.983 0.931 0.927 20/10/2060
0.820 0.778 0.774 0.711 0.687 0.785 0.768 0.770 0.831 0.708 0.790 0.774 0.839 0.743 0.695 0.828 0.829 0.847 0.746 0.708 0.891 0.882 0.888 0.825 0.826 0.898 0.916 0.905 0.836 0.820 21/10/2060
0.914 0.973 0.975 0.979 1.056 0.931 0.981 0.980 1.029 1.035 0.934 0.979 1.024 1.034 1.026 0.986 0.966 1.049 1.036 1.048 0.976 0.974 1.042 1.054 1.054 0.977 0.972 1.054 1.051 1.059 22/10/2060
0.886 0.871 0.867 0.825 0.750 0.885 0.880 0.885 0.819 0.753 0.891 0.888 0.826 0.811 0.790 0.878 0.855 0.838 0.814 0.819 0.892 0.884 0.861 0.849 0.849 0.896 0.878 0.869 0.856 0.848 23/10/2060
1.107 1.095 1.093 1.049 1.070 1.088 1.082 1.083 1.079 1.047 1.092 1.087 1.113 1.051 1.046 1.078 1.053 1.100 1.053 1.050 1.080 1.046 1.085 1.066 1.066 1.089 1.074 1.098 1.074 1.059 24/10/2060
1.444 1.523 1.523 1.549 1.473 1.502 1.550 1.540 1.558 1.497 1.504 1.539 1.558 1.556 1.502 1.427 1.462 1.540 1.559 1.559 1.414 1.462 1.536 1.554 1.553 1.422 1.419 1.561 1.564 1.553 25/10/2060
1.644 1.816 1.823 1.796 1.792 1.687 1.793 1.791 1.816 1.766 1.692 1.790 1.762 1.719 1.721 1.613 1.563 1.672 1.720 1.763 1.551 1.547 1.646 1.684 1.684 1.540 1.500 1.671 1.700 1.684 26/10/2060
2.112 2.234 2.240 2.352 2.293 2.165 2.168 2.148 2.342 2.218 2.168 2.152 2.195 2.105 2.014 1.819 1.806 2.014 2.104 2.103 1.748 1.754 1.974 2.016 2.016 1.751 1.726 1.984 2.013 2.019 27/10/2060
1.303 1.351 1.358 1.403 1.412 1.329 1.379 1.385 1.426 1.403 1.336 1.390 1.423 1.392 1.351 1.273 1.304 1.370 1.392 1.383 1.298 1.316 1.392 1.396 1.396 1.292 1.309 1.416 1.408 1.388 28/10/2060
1.372 1.400 1.397 1.363 1.505 1.288 1.264 1.261 1.310 1.369 1.294 1.265 1.321 1.148 1.183 1.206 1.166 1.185 1.152 1.176 1.154 1.132 1.157 1.112 1.113 1.160 1.162 1.182 1.123 1.113 29/10/2060
1.460 1.496 1.504 1.575 1.650 1.536 1.576 1.579 1.650 1.637 1.540 1.581 1.644 1.669 1.624 1.617 1.567 1.697 1.667 1.688 1.535 1.498 1.617 1.562 1.561 1.530 1.526 1.620 1.561 1.556 30/10/2060
1.425 1.453 1.465 1.529 1.544 1.549 1.540 1.539 1.662 1.650 1.553 1.544 1.541 1.758 1.751 1.590 1.565 1.672 1.756 1.807 1.559 1.559 1.674 1.694 1.694 1.568 1.560 1.694 1.706 1.696 31/10/2060
1.520 1.547 1.549 1.588 1.687 1.538 1.601 1.594 1.637 1.654 1.541 1.597 1.599 1.560 1.565 1.464 1.424 1.545 1.558 1.630 1.349 1.275 1.347 1.331 1.332 1.331 1.319 1.365 1.353 1.331 01/11/2060
1.279 1.370 1.368 1.466 1.424 1.341 1.419 1.415 1.486 1.470 1.344 1.414 1.389 1.473 1.519 1.313 1.321 1.393 1.474 1.519 1.284 1.317 1.376 1.411 1.412 1.272 1.246 1.402 1.430 1.400 02/11/2060
0.939 1.019 1.029 1.103 1.011 1.028 1.088 1.066 1.001 1.029 1.029 1.063 0.946 0.885 0.983 0.974 0.947 0.870 0.891 0.980 0.911 0.898 0.816 0.813 0.813 0.897 0.915 0.815 0.813 0.827 03/11/2060
0.629 0.649 0.650 0.616 0.650 0.637 0.659 0.661 0.647 0.670 0.641 0.665 0.685 0.634 0.664 0.639 0.656 0.652 0.635 0.659 0.636 0.652 0.643 0.656 0.656 0.647 0.645 0.665 0.665 0.650 04/11/2060
0.998 1.026 1.026 0.886 0.988 0.944 1.013 1.008 0.998 1.031 0.946 1.010 1.015 1.005 1.034 0.931 0.935 0.992 1.007 1.068 0.895 0.893 0.937 0.956 0.958 0.889 0.847 0.954 0.969 0.958 05/11/2060
1.029 1.097 1.101 1.126 1.241 0.886 0.995 0.988 1.031 1.147 0.889 0.992 0.935 1.031 1.114 0.929 0.957 0.966 1.035 1.095 0.918 0.956 0.964 0.989 0.988 0.916 0.894 0.973 0.996 0.989 06/11/2060
1.289 1.302 1.297 1.280 1.301 1.213 1.304 1.315 1.344 1.290 1.217 1.317 1.325 1.244 1.245 1.135 1.161 1.173 1.240 1.261 1.046 1.087 1.102 1.183 1.184 1.072 1.038 1.130 1.198 1.167 07/11/2060
0.916 0.894 0.893 0.840 0.793 0.947 0.919 0.905 0.852 0.765 0.946 0.908 0.897 0.844 0.726 0.807 0.741 0.887 0.849 0.776 0.751 0.727 0.869 0.789 0.789 0.756 0.718 0.876 0.793 0.785 08/11/2060
1.028 1.030 1.029 0.954 0.842 0.966 0.924 0.922 0.915 0.794 0.970 0.924 0.905 0.808 0.766 0.873 0.857 0.911 0.809 0.805 0.841 0.804 0.851 0.772 0.773 0.845 0.826 0.868 0.776 0.770 09/11/2060
0.799 0.806 0.805 0.754 0.765 0.751 0.789 0.798 0.831 0.746 0.753 0.801 0.811 0.771 0.714 0.768 0.804 0.829 0.775 0.742 0.737 0.737 0.751 0.744 0.744 0.751 0.752 0.755 0.749 0.734 10/11/2060
1.347 1.377 1.377 1.426 1.335 1.356 1.454 1.452 1.413 1.286 1.357 1.458 1.459 1.325 1.199 1.199 1.244 1.350 1.324 1.255 1.154 1.146 1.257 1.252 1.252 1.146 1.118 1.274 1.268 1.243 11/11/2060
1.621 1.719 1.724 1.700 1.645 1.649 1.678 1.669 1.620 1.536 1.649 1.669 1.577 1.358 1.279 1.328 1.221 1.379 1.360 1.366 1.179 1.120 1.264 1.266 1.267 1.171 1.100 1.267 1.280 1.268 12/11/2060
1.070 1.143 1.136 1.136 1.156 1.050 1.059 1.067 1.131 1.114 1.052 1.071 1.028 0.979 0.952 0.931 0.889 0.897 0.988 1.011 0.880 0.867 0.875 0.887 0.887 0.905 0.860 0.867 0.890 0.903 13/11/2060
0.818 0.820 0.807 0.783 0.877 0.805 0.845 0.844 0.853 0.806 0.808 0.850 0.842 0.806 0.755 0.678 0.691 0.822 0.805 0.776 0.669 0.676 0.802 0.770 0.771 0.702 0.683 0.817 0.782 0.764 14/11/2060
1.117 1.092 1.093 1.083 1.017 1.035 1.001 0.993 0.982 0.938 1.037 0.992 0.903 0.847 0.834 0.924 0.800 0.845 0.849 0.840 0.776 0.692 0.738 0.726 0.726 0.762 0.714 0.740 0.727 0.728 15/11/2060
0.653 0.614 0.612 0.600 0.571 0.592 0.575 0.574 0.647 0.581 0.591 0.574 0.480 0.610 0.565 0.532 0.524 0.516 0.611 0.563 0.516 0.491 0.508 0.526 0.526 0.508 0.497 0.490 0.523 0.538 16/11/2060
0.765 0.847 0.844 0.977 0.926 0.793 0.774 0.770 0.894 0.858 0.792 0.771 0.738 0.769 0.777 0.677 0.638 0.685 0.771 0.770 0.633 0.647 0.697 0.733 0.733 0.627 0.668 0.703 0.739 0.731 17/11/2060
1.026 1.048 1.041 0.914 0.862 1.125 1.044 1.063 0.914 0.802 1.128 1.068 1.044 0.934 0.893 1.015 1.063 1.083 0.928 0.970 1.000 0.959 1.024 1.022 1.024 0.997 1.039 1.056 1.047 0.979 18/11/2060
0.460 0.440 0.442 0.417 0.401 0.537 0.495 0.492 0.465 0.412 0.537 0.496 0.502 0.499 0.459 0.489 0.571 0.551 0.499 0.495 0.495 0.602 0.577 0.572 0.571 0.516 0.618 0.581 0.574 0.563 19/11/2060
0.342 0.343 0.343 0.303 0.377 0.392 0.421 0.411 0.418 0.439 0.393 0.411 0.421 0.435 0.499 0.370 0.393 0.416 0.436 0.477 0.405 0.455 0.486 0.429 0.429 0.393 0.417 0.478 0.427 0.432 20/11/2060
0.631 0.652 0.654 0.726 0.715 0.677 0.705 0.699 0.721 0.738 0.676 0.698 0.664 0.644 0.709 0.619 0.569 0.629 0.653 0.719 0.657 0.606 0.676 0.640 0.640 0.643 0.613 0.675 0.643 0.645 21/11/2060
1.023 1.056 1.060 1.154 1.083 1.204 1.223 1.210 1.183 1.090 1.204 1.207 1.189 1.158 1.102 1.120 1.063 1.139 1.159 1.130 1.177 1.112 1.208 1.202 1.203 1.151 1.125 1.224 1.214 1.201 22/11/2060
2.477 2.475 2.472 2.385 2.204 2.667 2.578 2.612 2.541 2.289 2.674 2.603 2.646 2.487 2.307 2.490 2.281 2.575 2.474 2.386 2.542 2.392 2.704 2.597 2.598 2.539 2.412 2.770 2.619 2.550 23/11/2060
0.813 0.866 0.872 0.918 0.983 0.841 0.859 0.857 0.871 0.931 0.838 0.850 0.778 0.808 0.917 0.857 0.898 0.728 0.811 0.889 0.907 0.986 0.857 0.949 0.948 0.925 0.914 0.869 0.946 0.942 24/11/2060
1.562 1.617 1.625 1.621 1.570 1.597 1.604 1.607 1.667 1.584 1.596 1.606 1.627 1.629 1.572 1.507 1.589 1.557 1.629 1.637 1.538 1.647 1.602 1.661 1.661 1.576 1.571 1.661 1.690 1.621 25/11/2060
1.032 1.127 1.136 1.142 1.116 1.073 1.222 1.200 1.244 1.164 1.076 1.197 1.173 1.242 1.170 0.896 1.034 1.092 1.239 1.207 0.881 1.003 1.066 1.208 1.208 0.882 0.907 1.087 1.227 1.181 26/11/2060
0.742 0.804 0.807 0.736 0.764 0.763 0.809 0.810 0.751 0.747 0.766 0.812 0.755 0.751 0.769 0.652 0.696 0.749 0.749 0.731 0.695 0.731 0.778 0.788 0.789 0.700 0.692 0.797 0.789 0.785 27/11/2060
0.224 0.232 0.232 0.233 0.233 0.230 0.232 0.231 0.232 0.236 0.234 0.234 0.230 0.237 0.244 0.253 0.254 0.240 0.241 0.243 0.259 0.257 0.243 0.242 0.242 0.263 0.262 0.246 0.245 0.248 28/11/2060
0.447 0.400 0.411 0.355 0.389 0.486 0.465 0.464 0.343 0.392 0.486 0.466 0.409 0.366 0.464 0.506 0.485 0.431 0.368 0.420 0.529 0.500 0.448 0.441 0.441 0.508 0.509 0.455 0.445 0.449 29/11/2060
0.090 0.088 0.089 0.087 0.099 0.122 0.110 0.106 0.108 0.109 0.116 0.107 0.105 0.121 0.140 0.116 0.137 0.125 0.125 0.135 0.132 0.149 0.139 0.131 0.131 0.133 0.140 0.138 0.132 0.136 30/11/2060
0.423 0.355 0.356 0.341 0.243 0.281 0.394 0.383 0.277 0.229 0.283 0.383 0.276 0.304 0.218 0.452 0.273 0.274 0.304 0.262 0.289 0.273 0.274 0.264 0.263 0.292 0.287 0.241 0.249 0.281 01/12/2060
0.323 0.269 0.272 0.171 0.185 0.358 0.336 0.331 0.267 0.225 0.360 0.332 0.289 0.296 0.230 0.347 0.296 0.310 0.297 0.258 0.382 0.313 0.334 0.301 0.300 0.373 0.356 0.310 0.291 0.321 02/12/2060
0.438 0.325 0.327 0.368 0.409 0.464 0.349 0.354 0.372 0.416 0.465 0.356 0.390 0.398 0.424 0.379 0.373 0.425 0.396 0.408 0.287 0.367 0.419 0.389 0.389 0.297 0.350 0.427 0.398 0.384 03/12/2060
0.235 0.230 0.231 0.223 0.234 0.243 0.233 0.233 0.233 0.240 0.243 0.234 0.230 0.241 0.249 0.244 0.247 0.237 0.242 0.251 0.296 0.260 0.253 0.269 0.269 0.278 0.293 0.250 0.267 0.269 04/12/2060
0.851 0.842 0.849 0.752 0.596 0.844 0.811 0.807 0.700 0.601 0.852 0.819 0.755 0.708 0.633 0.708 0.799 0.810 0.702 0.722 0.843 0.822 0.853 0.821 0.821 0.838 0.877 0.844 0.813 0.808 05/12/2060
0.384 0.296 0.305 0.353 0.387 0.444 0.355 0.325 0.472 0.428 0.444 0.322 0.523 0.476 0.419 0.400 0.476 0.556 0.484 0.423 0.458 0.546 0.627 0.536 0.536 0.465 0.578 0.607 0.535 0.543 06/12/2060
0.682 0.642 0.635 0.627 0.584 0.699 0.664 0.667 0.656 0.627 0.701 0.669 0.657 0.664 0.619 0.607 0.523 0.670 0.662 0.625 0.676 0.595 0.746 0.727 0.728 0.665 0.600 0.752 0.729 0.730 07/12/2060
0.198 0.390 0.387 0.465 0.541 0.256 0.415 0.415 0.466 0.545 0.261 0.416 0.421 0.465 0.553 0.204 0.286 0.360 0.466 0.569 0.245 0.219 0.275 0.263 0.264 0.249 0.241 0.274 0.265 0.262 08/12/2060
0.381 0.301 0.302 0.301 0.298 0.405 0.349 0.338 0.327 0.337 0.405 0.336 0.324 0.328 0.359 0.310 0.315 0.318 0.329 0.347 0.286 0.307 0.303 0.311 0.311 0.288 0.298 0.302 0.310 0.315 09/12/2060
0.883 0.749 0.756 0.813 0.631 0.878 0.800 0.786 0.719 0.586 0.878 0.783 0.742 0.626 0.535 0.707 0.613 0.698 0.633 0.580 0.632 0.607 0.681 0.632 0.632 0.630 0.607 0.683 0.635 0.648 10/12/2060
0.317 0.255 0.260 0.214 0.237 0.356 0.286 0.278 0.309 0.238 0.357 0.278 0.296 0.304 0.229 0.293 0.274 0.324 0.312 0.275 0.291 0.272 0.316 0.277 0.276 0.289 0.317 0.299 0.272 0.298 11/12/2060
0.218 0.189 0.191 0.146 0.185 0.230 0.216 0.213 0.188 0.207 0.231 0.215 0.198 0.193 0.197 0.194 0.194 0.194 0.203 0.188 0.218 0.213 0.223 0.201 0.200 0.216 0.215 0.216 0.193 0.206 12/12/2060
0.164 0.163 0.166 0.171 0.162 0.180 0.180 0.176 0.145 0.163 0.180 0.177 0.167 0.156 0.177 0.121 0.150 0.151 0.161 0.175 0.155 0.158 0.166 0.164 0.164 0.149 0.152 0.164 0.163 0.172 13/12/2060
0.531 0.532 0.531 0.501 0.583 0.514 0.515 0.509 0.497 0.565 0.514 0.509 0.529 0.425 0.510 0.375 0.341 0.436 0.430 0.458 0.381 0.364 0.467 0.428 0.429 0.377 0.366 0.468 0.430 0.440 14/12/2060
0.083 0.093 0.092 0.087 0.140 0.105 0.182 0.176 0.076 0.170 0.107 0.173 0.154 0.104 0.191 0.126 0.159 0.165 0.109 0.165 0.179 0.231 0.246 0.222 0.222 0.168 0.199 0.239 0.215 0.236 15/12/2060
0.167 0.170 0.169 0.161 0.162 0.176 0.169 0.172 0.171 0.187 0.177 0.174 0.163 0.182 0.192 0.178 0.179 0.169 0.184 0.186 0.193 0.205 0.195 0.183 0.183 0.192 0.203 0.179 0.185 0.198 16/12/2060
0.388 0.326 0.331 0.355 0.374 0.363 0.372 0.370 0.450 0.390 0.366 0.368 0.375 0.465 0.423 0.374 0.392 0.415 0.471 0.438 0.399 0.359 0.375 0.473 0.473 0.388 0.387 0.361 0.472 0.487 17/12/2060
0.112 0.113 0.113 0.112 0.116 0.111 0.120 0.119 0.116 0.126 0.113 0.122 0.116 0.121 0.131 0.115 0.126 0.114 0.125 0.125 0.121 0.124 0.113 0.127 0.127 0.121 0.125 0.113 0.129 0.130 18/12/2060
0.199 0.187 0.184 0.226 0.252 0.217 0.247 0.243 0.235 0.237 0.216 0.243 0.290 0.202 0.224 0.173 0.212 0.228 0.201 0.219 0.203 0.207 0.217 0.202 0.202 0.198 0.221 0.223 0.203 0.200 19/12/2060
0.466 0.487 0.487 0.486 0.429 0.460 0.457 0.448 0.444 0.419 0.460 0.446 0.444 0.441 0.410 0.372 0.390 0.415 0.447 0.429 0.387 0.366 0.393 0.420 0.421 0.379 0.366 0.392 0.419 0.413 20/12/2060
0.189 0.212 0.213 0.176 0.211 0.187 0.233 0.231 0.199 0.218 0.189 0.230 0.210 0.237 0.230 0.201 0.234 0.224 0.239 0.235 0.223 0.241 0.235 0.232 0.232 0.227 0.225 0.237 0.236 0.236 21/12/2060
0.547 0.482 0.482 0.475 0.347 0.497 0.444 0.447 0.434 0.379 0.500 0.446 0.430 0.413 0.340 0.424 0.420 0.427 0.413 0.331 0.387 0.340 0.339 0.396 0.396 0.373 0.411 0.338 0.401 0.387 22/12/2060
0.598 0.569 0.567 0.549 0.379 0.549 0.502 0.501 0.392 0.342 0.552 0.509 0.445 0.418 0.326 0.453 0.418 0.433 0.421 0.307 0.397 0.286 0.292 0.286 0.286 0.396 0.393 0.278 0.293 0.292 23/12/2060
0.396 0.381 0.386 0.328 0.314 0.391 0.345 0.343 0.354 0.316 0.395 0.343 0.362 0.309 0.228 0.224 0.274 0.299 0.306 0.263 0.257 0.263 0.267 0.294 0.294 0.258 0.323 0.247 0.292 0.303 24/12/2060
1.143 1.115 1.106 1.019 0.905 1.221 1.260 1.266 1.169 1.121 1.222 1.276 1.298 1.168 1.107 1.094 0.988 1.086 1.168 1.156 1.179 1.356 1.404 1.281 1.282 1.206 1.185 1.439 1.302 1.264 25/12/2060
0.427 0.553 0.555 0.522 0.420 0.448 0.551 0.557 0.514 0.417 0.450 0.559 0.529 0.514 0.473 0.394 0.428 0.443 0.512 0.502 0.414 0.438 0.462 0.459 0.458 0.412 0.415 0.459 0.459 0.461 26/12/2060
0.390 0.323 0.330 0.471 0.500 0.389 0.332 0.319 0.531 0.500 0.390 0.317 0.443 0.493 0.484 0.323 0.267 0.410 0.507 0.510 0.311 0.257 0.406 0.504 0.503 0.316 0.351 0.396 0.496 0.528 27/12/2060
0.195 0.175 0.175 0.171 0.277 0.166 0.183 0.184 0.177 0.242 0.168 0.187 0.177 0.182 0.246 0.171 0.196 0.182 0.183 0.196 0.182 0.202 0.189 0.188 0.188 0.184 0.188 0.192 0.190 0.191 28/12/2060
0.192 0.211 0.201 0.194 0.303 0.182 0.188 0.188 0.231 0.279 0.183 0.189 0.204 0.240 0.267 0.182 0.203 0.206 0.240 0.257 0.186 0.207 0.206 0.230 0.229 0.187 0.194 0.190 0.228 0.253 29/12/2060
0.406 0.433 0.424 0.376 0.389 0.440 0.446 0.433 0.396 0.391 0.441 0.429 0.431 0.438 0.416 0.425 0.419 0.475 0.445 0.452 0.409 0.384 0.441 0.402 0.402 0.402 0.404 0.444 0.404 0.412 30/12/2060
0.159 0.192 0.192 0.168 0.199 0.181 0.203 0.200 0.202 0.247 0.182 0.201 0.202 0.244 0.282 0.192 0.187 0.215 0.251 0.276 0.175 0.191 0.221 0.215 0.214 0.168 0.170 0.207 0.209 0.227 31/12/2060
0.182 0.192 0.195 0.190 0.208 0.199 0.193 0.187 0.159 0.221 0.200 0.188 0.172 0.200 0.230 0.179 0.179 0.198 0.208 0.214 0.182 0.141 0.153 0.161 0.161 0.175 0.166 0.130 0.154 0.174 01/01/2061
0.070 0.098 0.100 0.127 0.142 0.084 0.105 0.101 0.072 0.151 0.086 0.102 0.079 0.119 0.207 0.122 0.103 0.108 0.124 0.141 0.096 0.089 0.087 0.084 0.085 0.093 0.093 0.086 0.083 0.093 02/01/2061
0.211 0.294 0.296 0.356 0.360 0.226 0.292 0.285 0.344 0.369 0.225 0.285 0.349 0.402 0.434 0.244 0.298 0.389 0.406 0.444 0.256 0.266 0.348 0.382 0.382 0.242 0.278 0.349 0.380 0.384 03/01/2061
0.183 0.199 0.199 0.178 0.204 0.186 0.198 0.198 0.196 0.212 0.187 0.200 0.200 0.203 0.209 0.199 0.215 0.205 0.205 0.205 0.200 0.219 0.208 0.203 0.203 0.201 0.211 0.207 0.203 0.207 04/01/2061
0.764 0.780 0.771 0.608 0.501 0.709 0.742 0.757 0.679 0.615 0.718 0.772 0.757 0.734 0.668 0.688 0.767 0.798 0.725 0.656 0.744 0.807 0.834 0.803 0.804 0.763 0.841 0.850 0.815 0.798 05/01/2061
0.889 0.944 0.940 0.818 0.829 0.884 0.941 0.945 0.922 0.876 0.884 0.948 0.935 0.863 0.830 0.727 0.813 0.812 0.861 0.895 0.732 0.769 0.807 0.844 0.844 0.743 0.771 0.790 0.839 0.867 06/01/2061
0.219 0.251 0.253 0.258 0.235 0.264 0.279 0.276 0.241 0.306 0.266 0.279 0.229 0.233 0.305 0.254 0.229 0.244 0.236 0.297 0.266 0.228 0.250 0.255 0.255 0.261 0.247 0.242 0.252 0.265 07/01/2061
0.181 0.176 0.184 0.266 0.294 0.221 0.191 0.180 0.118 0.250 0.223 0.183 0.134 0.129 0.193 0.144 0.149 0.140 0.132 0.189 0.147 0.151 0.143 0.135 0.135 0.150 0.152 0.143 0.138 0.140 08/01/2061
0.277 0.228 0.223 0.226 0.408 0.258 0.275 0.274 0.359 0.373 0.260 0.280 0.349 0.300 0.348 0.246 0.258 0.299 0.299 0.352 0.271 0.381 0.395 0.352 0.352 0.300 0.344 0.410 0.355 0.352 09/01/2061
0.453 0.385 0.388 0.460 0.504 0.465 0.405 0.400 0.523 0.467 0.463 0.404 0.562 0.576 0.544 0.291 0.356 0.607 0.574 0.510 0.352 0.371 0.632 0.629 0.630 0.361 0.430 0.652 0.643 0.608 10/01/2061
0.678 0.647 0.653 0.696 0.686 0.698 0.722 0.718 0.777 0.712 0.700 0.718 0.789 0.840 0.800 0.656 0.670 0.824 0.843 0.845 0.687 0.745 0.906 0.907 0.908 0.695 0.668 0.917 0.911 0.911 11/01/2061
0.292 0.359 0.360 0.346 0.381 0.286 0.329 0.318 0.362 0.369 0.286 0.316 0.369 0.409 0.422 0.251 0.296 0.422 0.406 0.448 0.323 0.317 0.465 0.445 0.445 0.315 0.293 0.467 0.437 0.453 12/01/2061
0.255 0.290 0.292 0.354 0.410 0.290 0.285 0.281 0.274 0.386 0.291 0.283 0.267 0.310 0.393 0.268 0.279 0.309 0.308 0.387 0.285 0.273 0.290 0.274 0.273 0.281 0.272 0.277 0.268 0.281 13/01/2061
0.318 0.371 0.372 0.367 0.384 0.395 0.432 0.429 0.362 0.391 0.395 0.431 0.397 0.387 0.439 0.418 0.373 0.410 0.391 0.436 0.404 0.386 0.434 0.396 0.395 0.397 0.372 0.430 0.397 0.403 14/01/2061
0.169 0.192 0.192 0.236 0.349 0.218 0.223 0.231 0.208 0.316 0.212 0.222 0.244 0.270 0.368 0.189 0.211 0.259 0.273 0.349 0.181 0.201 0.239 0.266 0.265 0.179 0.183 0.229 0.259 0.272 15/01/2061
0.324 0.394 0.398 0.462 0.597 0.305 0.326 0.321 0.356 0.457 0.306 0.320 0.346 0.321 0.358 0.255 0.281 0.343 0.325 0.368 0.243 0.243 0.303 0.263 0.262 0.236 0.255 0.291 0.257 0.281 16/01/2061
0.388 0.307 0.304 0.334 0.459 0.283 0.322 0.291 0.320 0.383 0.283 0.285 0.336 0.383 0.383 0.217 0.331 0.414 0.395 0.355 0.232 0.334 0.426 0.351 0.350 0.317 0.368 0.506 0.469 0.385 17/01/2061
0.384 0.488 0.491 0.415 0.304 0.415 0.493 0.491 0.331 0.289 0.416 0.490 0.470 0.360 0.335 0.374 0.410 0.461 0.364 0.362 0.375 0.366 0.404 0.365 0.365 0.366 0.369 0.407 0.372 0.374 18/01/2061
0.180 0.181 0.181 0.175 0.182 0.178 0.179 0.179 0.186 0.189 0.180 0.182 0.185 0.196 0.196 0.198 0.210 0.197 0.198 0.198 0.205 0.211 0.198 0.201 0.201 0.207 0.211 0.200 0.203 0.204 19/01/2061
0.276 0.278 0.279 0.254 0.253 0.269 0.268 0.267 0.255 0.258 0.270 0.267 0.260 0.246 0.246 0.268 0.286 0.267 0.247 0.245 0.249 0.270 0.266 0.234 0.234 0.249 0.269 0.254 0.234 0.239 20/01/2061
0.316 0.312 0.313 0.305 0.279 0.315 0.302 0.303 0.298 0.280 0.317 0.306 0.311 0.313 0.300 0.314 0.306 0.324 0.316 0.318 0.321 0.309 0.317 0.324 0.324 0.323 0.312 0.320 0.328 0.327 21/01/2061
0.431 0.408 0.412 0.395 0.417 0.447 0.416 0.416 0.389 0.381 0.449 0.418 0.416 0.403 0.404 0.429 0.388 0.430 0.405 0.382 0.397 0.376 0.414 0.413 0.414 0.393 0.375 0.418 0.413 0.416 22/01/2061
0.165 0.162 0.162 0.157 0.179 0.165 0.162 0.163 0.165 0.181 0.167 0.165 0.168 0.172 0.230 0.173 0.178 0.174 0.173 0.230 0.176 0.182 0.177 0.177 0.177 0.178 0.183 0.180 0.180 0.192 23/01/2061
0.292 0.285 0.284 0.280 0.279 0.276 0.269 0.270 0.271 0.272 0.278 0.272 0.273 0.260 0.263 0.275 0.279 0.264 0.262 0.266 0.271 0.278 0.264 0.262 0.262 0.276 0.281 0.266 0.264 0.264 24/01/2061
0.655 0.645 0.648 0.551 0.559 0.637 0.667 0.647 0.540 0.464 0.641 0.650 0.628 0.523 0.512 0.620 0.613 0.613 0.527 0.544 0.550 0.560 0.546 0.500 0.500 0.554 0.578 0.553 0.498 0.522 25/01/2061
0.537 0.483 0.478 0.425 0.425 0.473 0.434 0.431 0.448 0.346 0.475 0.433 0.498 0.467 0.340 0.471 0.474 0.544 0.465 0.396 0.420 0.414 0.479 0.429 0.428 0.440 0.410 0.491 0.441 0.435 26/01/2061
0.524 0.534 0.536 0.525 0.519 0.521 0.554 0.549 0.533 0.540 0.523 0.551 0.529 0.556 0.560 0.505 0.504 0.557 0.560 0.553 0.524 0.525 0.584 0.593 0.593 0.522 0.504 0.582 0.595 0.600 27/01/2061
0.409 0.416 0.417 0.429 0.464 0.432 0.432 0.431 0.455 0.491 0.432 0.431 0.454 0.505 0.521 0.407 0.400 0.507 0.511 0.513 0.405 0.394 0.500 0.505 0.505 0.400 0.384 0.490 0.502 0.515 28/01/2061
0.545 0.524 0.523 0.569 0.554 0.561 0.538 0.544 0.674 0.591 0.564 0.549 0.650 0.649 0.607 0.528 0.488 0.654 0.651 0.662 0.574 0.516 0.694 0.693 0.692 0.569 0.546 0.690 0.689 0.704 29/01/2061
0.445 0.427 0.430 0.456 0.470 0.458 0.430 0.435 0.503 0.484 0.461 0.437 0.499 0.479 0.441 0.337 0.351 0.473 0.483 0.480 0.341 0.344 0.468 0.476 0.476 0.350 0.338 0.458 0.478 0.497 30/01/2061
0.652 0.623 0.622 0.705 0.659 0.676 0.652 0.653 0.704 0.681 0.678 0.651 0.702 0.742 0.705 0.624 0.602 0.714 0.743 0.722 0.637 0.660 0.776 0.780 0.781 0.640 0.632 0.779 0.790 0.776 31/01/2061
0.419 0.468 0.475 0.457 0.506 0.539 0.505 0.503 0.579 0.518 0.541 0.503 0.546 0.552 0.503 0.502 0.448 0.594 0.564 0.507 0.469 0.462 0.605 0.617 0.617 0.478 0.475 0.601 0.618 0.621 01/02/2061
0.528 0.527 0.527 0.517 0.490 0.553 0.547 0.544 0.568 0.512 0.553 0.541 0.578 0.598 0.535 0.471 0.557 0.633 0.609 0.547 0.602 0.584 0.718 0.682 0.682 0.607 0.596 0.713 0.680 0.687 02/02/2061
0.780 0.644 0.648 0.513 0.504 0.782 0.593 0.582 0.570 0.498 0.784 0.581 0.578 0.570 0.476 0.766 0.585 0.687 0.574 0.461 0.778 0.599 0.715 0.639 0.639 0.779 0.732 0.710 0.641 0.641 03/02/2061
0.679 0.577 0.581 0.459 0.475 0.616 0.470 0.478 0.539 0.490 0.619 0.481 0.551 0.478 0.415 0.586 0.503 0.592 0.484 0.372 0.604 0.495 0.594 0.530 0.530 0.594 0.617 0.593 0.530 0.530 04/02/2061
0.542 0.494 0.492 0.422 0.474 0.568 0.516 0.518 0.492 0.485 0.571 0.522 0.570 0.444 0.356 0.440 0.455 0.516 0.442 0.357 0.543 0.529 0.627 0.560 0.559 0.551 0.538 0.620 0.559 0.559 05/02/2061
0.707 0.684 0.684 0.625 0.712 0.708 0.726 0.726 0.660 0.705 0.714 0.730 0.724 0.683 0.707 0.648 0.686 0.702 0.684 0.707 0.702 0.697 0.720 0.694 0.694 0.707 0.711 0.719 0.700 0.700 06/02/2061
2.046 2.283 2.288 2.162 2.047 2.045 2.206 2.196 1.956 1.952 2.045 2.198 2.036 1.776 1.744 1.739 1.714 1.812 1.767 1.865 1.800 1.741 1.838 1.667 1.668 1.843 1.708 1.868 1.682 1.632 07/02/2061
0.880 0.899 0.899 0.856 0.827 0.958 0.982 0.986 0.883 0.891 0.959 0.988 0.919 0.983 1.003 0.939 0.896 0.968 0.985 1.011 0.943 0.917 0.985 1.040 1.040 0.940 0.913 0.995 1.043 1.031 08/02/2061
0.839 0.847 0.848 0.809 0.849 0.882 0.871 0.863 0.842 0.858 0.882 0.864 0.864 0.856 0.864 0.869 0.816 0.868 0.860 0.846 0.869 0.831 0.886 0.866 0.865 0.848 0.825 0.885 0.868 0.870 09/02/2061
1.547 1.646 1.648 1.647 1.667 1.601 1.698 1.681 1.661 1.734 1.602 1.680 1.685 1.662 1.696 1.432 1.410 1.586 1.660 1.708 1.399 1.373 1.552 1.551 1.550 1.388 1.347 1.546 1.547 1.554 10/02/2061
1.526 1.560 1.569 1.616 1.308 1.469 1.498 1.483 1.317 1.245 1.472 1.486 1.274 1.210 1.181 1.204 1.065 1.214 1.211 1.223 1.220 1.076 1.210 1.182 1.182 1.221 1.097 1.225 1.193 1.175 11/02/2061
0.716 0.698 0.697 0.677 0.671 0.695 0.714 0.722 0.709 0.720 0.698 0.722 0.727 0.744 0.763 0.680 0.666 0.744 0.746 0.754 0.722 0.690 0.771 0.798 0.798 0.727 0.705 0.769 0.796 0.801 12/02/2061
0.781 0.787 0.783 0.743 0.838 0.784 0.809 0.808 0.876 0.889 0.785 0.810 0.880 0.902 0.932 0.853 0.887 0.923 0.897 0.908 0.882 0.878 0.914 0.940 0.942 0.905 0.893 0.949 0.959 0.920 13/02/2061
0.736 0.752 0.752 0.737 0.766 0.757 0.785 0.786 0.803 0.789 0.761 0.789 0.803 0.794 0.800 0.768 0.730 0.785 0.796 0.790 0.761 0.717 0.747 0.769 0.768 0.763 0.720 0.759 0.771 0.775 14/02/2061
0.793 0.733 0.732 0.663 0.689 0.822 0.789 0.773 0.746 0.716 0.822 0.776 0.801 0.756 0.751 0.742 0.744 0.820 0.760 0.742 0.747 0.743 0.835 0.808 0.808 0.750 0.742 0.827 0.808 0.811 15/02/2061
0.707 0.687 0.682 0.646 0.710 0.699 0.689 0.692 0.735 0.706 0.702 0.694 0.751 0.734 0.721 0.726 0.708 0.745 0.735 0.744 0.739 0.725 0.756 0.768 0.769 0.741 0.737 0.766 0.777 0.768 16/02/2061
1.140 1.100 1.098 0.990 1.197 1.145 1.142 1.126 1.196 1.217 1.143 1.119 1.293 1.235 1.261 1.115 1.228 1.318 1.234 1.198 1.141 1.218 1.319 1.299 1.298 1.146 1.258 1.326 1.307 1.322 17/02/2061
1.045 0.997 0.994 0.959 1.085 1.016 1.048 1.046 1.133 1.118 1.017 1.046 1.185 1.148 1.192 0.991 1.035 1.188 1.145 1.179 1.029 1.059 1.232 1.240 1.240 1.025 1.083 1.251 1.238 1.231 18/02/2061
0.940 0.971 0.973 0.873 1.087 0.977 1.035 1.034 1.103 1.152 0.978 1.033 1.151 1.166 1.271 0.990 1.073 1.193 1.169 1.266 1.047 1.116 1.231 1.228 1.229 1.056 1.096 1.232 1.234 1.233 19/02/2061
0.787 0.782 0.780 0.738 0.870 0.787 0.786 0.790 0.830 0.910 0.790 0.795 0.876 0.891 0.990 0.781 0.782 0.935 0.892 0.975 0.804 0.817 0.970 0.970 0.970 0.804 0.798 0.977 0.963 0.956 20/02/2061
0.578 0.514 0.511 0.504 0.584 0.554 0.497 0.512 0.554 0.592 0.557 0.515 0.594 0.563 0.610 0.605 0.562 0.607 0.563 0.596 0.617 0.550 0.610 0.571 0.570 0.619 0.619 0.609 0.572 0.567 21/02/2061
0.831 0.831 0.828 0.694 0.638 0.824 0.856 0.874 0.784 0.712 0.828 0.885 0.846 0.862 0.845 0.885 1.033 0.852 0.855 0.987 0.895 1.066 0.850 0.912 0.912 0.902 0.983 0.890 0.918 0.892 22/02/2061
0.817 0.814 0.812 0.779 0.799 0.821 0.862 0.863 0.839 0.819 0.826 0.867 0.875 0.863 0.864 0.908 0.927 0.889 0.864 0.874 0.889 0.905 0.867 0.871 0.870 0.902 0.912 0.870 0.877 0.873 23/02/2061
0.951 0.900 0.895 0.911 1.008 0.937 0.926 0.930 1.112 1.090 0.940 0.934 1.088 1.090 1.088 1.072 1.055 1.103 1.092 1.098 1.127 1.101 1.153 1.174 1.175 1.141 1.129 1.157 1.173 1.178 24/02/2061
0.881 0.885 0.885 0.825 0.945 0.906 0.939 0.930 0.984 0.999 0.907 0.931 0.978 0.989 1.012 0.908 0.938 0.986 0.994 1.002 0.948 0.965 1.016 1.021 1.022 0.946 0.968 1.013 1.027 1.033 25/02/2061
1.196 1.204 1.204 1.193 1.254 1.195 1.211 1.215 1.253 1.282 1.200 1.224 1.291 1.284 1.264 1.182 1.192 1.292 1.285 1.271 1.224 1.209 1.325 1.305 1.305 1.235 1.210 1.331 1.306 1.307 26/02/2061
2.387 2.459 2.470 2.389 2.242 2.355 2.541 2.530 2.361 2.356 2.356 2.523 2.449 2.310 2.295 2.002 1.987 2.239 2.308 2.380 1.943 1.898 2.096 2.158 2.160 1.939 1.888 2.114 2.171 2.167 27/02/2061
2.090 2.117 2.111 2.108 1.988 2.004 2.068 2.085 2.047 2.033 2.006 2.090 2.122 1.963 1.907 1.765 1.737 1.921 1.963 2.011 1.756 1.688 1.829 1.860 1.861 1.762 1.737 1.857 1.876 1.854 28/02/2061
2.074 2.216 2.209 2.225 2.234 2.021 2.146 2.147 2.145 2.223 2.026 2.141 2.176 2.000 2.072 1.904 1.906 1.976 1.998 2.107 1.839 1.891 1.954 1.973 1.974 1.835 1.820 1.981 1.988 1.961 01/03/2061
2.240 2.294 2.287 2.239 2.259 2.132 2.175 2.182 2.125 2.216 2.137 2.184 2.172 1.975 2.058 2.024 1.973 2.003 1.977 2.052 1.934 1.912 1.944 1.910 1.911 1.937 1.920 1.955 1.925 1.900 02/03/2061
2.273 2.337 2.334 2.328 2.392 2.169 2.238 2.244 2.342 2.386 2.171 2.248 2.280 2.192 2.251 2.030 2.035 2.090 2.188 2.317 1.958 1.973 2.038 2.134 2.134 1.968 1.938 2.049 2.139 2.117 03/03/2061
3.301 3.298 3.282 3.413 3.394 3.038 3.096 3.120 3.251 3.310 3.049 3.131 3.154 2.995 3.157 2.912 2.821 2.904 2.987 3.130 2.786 2.738 2.844 2.902 2.903 2.819 2.757 2.876 2.923 2.871 04/03/2061
3.631 3.800 3.793 3.853 3.813 3.481 3.630 3.674 3.738 3.873 3.481 3.694 3.565 3.722 3.838 3.582 3.783 3.668 3.720 3.776 3.536 3.726 3.610 3.728 3.729 3.535 3.510 3.650 3.750 3.723 05/03/2061
1.078 1.097 1.092 1.199 1.303 1.010 1.016 1.029 1.205 1.278 1.014 1.033 1.053 1.296 1.326 1.047 1.094 1.154 1.303 1.347 1.112 1.103 1.174 1.288 1.288 1.123 1.095 1.177 1.286 1.306 06/03/2061
1.552 1.529 1.526 1.446 1.467 1.477 1.492 1.497 1.506 1.446 1.484 1.502 1.479 1.498 1.418 1.460 1.554 1.467 1.501 1.454 1.493 1.591 1.504 1.490 1.490 1.505 1.550 1.526 1.497 1.477 07/03/2061
1.522 1.547 1.547 1.562 1.616 1.558 1.594 1.597 1.679 1.705 1.563 1.605 1.665 1.806 1.769 1.618 1.642 1.748 1.806 1.827 1.714 1.703 1.815 1.876 1.876 1.731 1.680 1.833 1.888 1.857 08/03/2061
2.561 2.596 2.595 2.645 2.696 2.437 2.490 2.501 2.560 2.528 2.444 2.510 2.541 2.515 2.464 2.479 2.418 2.523 2.519 2.545 2.534 2.490 2.616 2.605 2.604 2.548 2.468 2.627 2.615 2.616 09/03/2061
2.430 2.491 2.490 2.486 2.510 2.445 2.545 2.536 2.566 2.528 2.450 2.540 2.563 2.559 2.525 2.444 2.485 2.545 2.554 2.632 2.473 2.512 2.577 2.556 2.557 2.466 2.469 2.592 2.569 2.549 10/03/2061
2.309 2.402 2.401 2.333 2.453 2.300 2.367 2.380 2.447 2.483 2.304 2.388 2.418 2.441 2.484 2.335 2.345 2.385 2.439 2.589 2.347 2.366 2.396 2.509 2.509 2.340 2.301 2.433 2.530 2.502 11/03/2061
2.812 2.852 2.852 2.854 2.940 2.669 2.684 2.666 2.776 2.774 2.676 2.676 2.749 2.493 2.563 2.550 2.484 2.526 2.493 2.650 2.428 2.310 2.383 2.357 2.357 2.430 2.400 2.408 2.369 2.344 12/03/2061
2.503 2.596 2.593 2.535 2.547 2.559 2.631 2.631 2.644 2.582 2.564 2.633 2.640 2.609 2.573 2.439 2.492 2.564 2.607 2.650 2.467 2.479 2.552 2.569 2.570 2.475 2.463 2.572 2.586 2.558 13/03/2061
2.579 2.513 2.513 2.504 2.584 2.520 2.495 2.490 2.538 2.499 2.525 2.495 2.545 2.469 2.436 2.431 2.433 2.471 2.469 2.492 2.417 2.434 2.481 2.490 2.490 2.422 2.442 2.483 2.485 2.483 14/03/2061
2.587 2.555 2.561 2.477 2.551 2.560 2.560 2.555 2.513 2.469 2.566 2.558 2.572 2.472 2.435 2.489 2.470 2.517 2.468 2.472 2.481 2.466 2.508 2.504 2.504 2.482 2.498 2.513 2.500 2.497 15/03/2061
1.067 1.120 1.116 1.077 1.242 1.113 1.127 1.143 1.049 1.100 1.118 1.148 1.071 0.891 1.064 1.071 1.055 0.986 0.875 1.062 1.093 1.076 1.005 1.010 1.011 1.122 1.070 1.020 1.021 0.982 16/03/2061
0.470 0.633 0.629 0.533 0.832 0.595 0.665 0.635 0.576 0.608 0.592 0.636 0.555 0.530 0.585 0.594 0.627 0.639 0.539 0.557 0.828 0.854 0.840 0.649 0.647 0.827 0.853 0.800 0.615 0.671 17/03/2061
1.369 1.383 1.377 1.280 1.339 1.409 1.371 1.382 1.315 1.281 1.410 1.392 1.393 1.410 1.272 1.414 1.370 1.295 1.404 1.304 1.456 1.407 1.373 1.445 1.445 1.480 1.478 1.401 1.465 1.423 18/03/2061
1.733 1.773 1.771 1.670 1.633 1.752 1.782 1.807 1.768 1.716 1.757 1.812 1.788 1.782 1.767 1.730 1.741 1.766 1.774 1.786 1.780 1.810 1.838 1.881 1.882 1.814 1.762 1.872 1.894 1.848 19/03/2061
0.684 0.660 0.655 0.686 0.644 0.638 0.651 0.659 0.653 0.616 0.640 0.662 0.629 0.648 0.627 0.624 0.674 0.669 0.639 0.622 0.552 0.559 0.579 0.597 0.597 0.583 0.558 0.590 0.605 0.579 20/03/2061
1.298 1.307 1.296 1.296 1.445 1.295 1.266 1.281 1.444 1.516 1.302 1.290 1.377 1.483 1.512 1.295 1.362 1.367 1.487 1.504 1.384 1.414 1.423 1.495 1.496 1.405 1.432 1.428 1.508 1.486 21/03/2061
1.632 1.609 1.605 1.694 1.642 1.576 1.606 1.614 1.758 1.674 1.577 1.615 1.779 1.762 1.703 1.714 1.864 1.755 1.762 1.766 1.819 1.927 1.823 1.819 1.820 1.865 1.924 1.848 1.832 1.810 22/03/2061
2.076 2.089 2.069 2.013 1.913 2.007 2.019 2.045 1.981 1.893 2.009 2.052 2.092 1.969 1.961 1.974 2.047 2.007 1.964 1.971 2.020 2.071 2.033 2.015 2.016 2.054 2.062 2.077 2.029 1.953 23/03/2061
2.321 2.362 2.356 2.304 2.373 2.308 2.404 2.414 2.375 2.392 2.310 2.414 2.428 2.313 2.410 2.305 2.380 2.374 2.312 2.422 2.388 2.409 2.413 2.354 2.355 2.406 2.391 2.434 2.364 2.340 24/03/2061
1.920 1.907 1.904 1.814 1.839 1.880 1.911 1.918 1.903 1.869 1.887 1.927 1.983 1.895 1.897 1.823 1.895 1.928 1.896 1.912 1.859 1.890 1.906 1.918 1.918 1.873 1.888 1.926 1.935 1.909 25/03/2061
2.225 2.144 2.137 2.054 1.949 2.145 2.107 2.118 2.133 2.048 2.154 2.127 2.132 2.110 2.082 2.183 2.114 2.143 2.100 2.117 2.203 2.181 2.190 2.195 2.195 2.224 2.159 2.209 2.204 2.176 26/03/2061
2.021 2.002 1.999 1.963 1.914 1.992 1.974 1.986 1.945 1.914 2.002 1.990 2.031 1.981 2.004 2.002 1.964 2.011 1.986 1.972 2.031 1.967 2.014 2.025 2.025 2.061 2.029 2.025 2.032 2.017 27/03/2061
1.810 1.798 1.790 1.729 1.706 1.738 1.725 1.751 1.824 1.700 1.745 1.764 1.839 1.775 1.690 1.756 1.720 1.811 1.777 1.696 1.778 1.692 1.762 1.735 1.735 1.815 1.760 1.793 1.746 1.720 28/03/2061
1.912 1.906 1.906 1.879 1.956 1.938 1.949 1.950 2.022 1.981 1.943 1.954 2.004 2.038 2.062 1.991 2.020 2.049 2.034 2.031 2.020 2.078 2.095 2.119 2.119 2.017 2.031 2.131 2.129 2.081 29/03/2061
1.757 1.756 1.750 1.767 1.702 1.722 1.802 1.815 1.863 1.835 1.729 1.819 1.869 1.847 1.883 1.736 1.808 1.844 1.845 1.922 1.791 1.833 1.875 1.954 1.955 1.814 1.810 1.889 1.969 1.939 30/03/2061
2.090 2.110 2.104 2.095 2.326 2.078 2.110 2.129 2.288 2.402 2.084 2.135 2.312 2.291 2.441 2.163 2.245 2.251 2.286 2.364 2.208 2.248 2.262 2.339 2.340 2.236 2.268 2.302 2.356 2.321 31/03/2061
2.880 2.868 2.863 2.804 2.839 2.865 2.847 2.849 2.924 2.774 2.872 2.855 2.975 2.938 2.804 2.836 2.834 2.953 2.933 2.887 2.806 2.826 2.935 2.952 2.952 2.812 2.809 2.947 2.964 2.940 01/04/2061
1.948 1.872 1.867 1.935 1.905 1.934 1.920 1.923 2.091 1.983 1.940 1.926 2.001 2.094 2.025 1.997 2.014 2.035 2.092 2.092 1.999 2.004 2.022 2.092 2.092 2.007 2.024 2.039 2.107 2.078 02/04/2061
2.077 2.169 2.159 1.983 1.948 2.087 2.095 2.112 2.168 2.056 2.091 2.119 2.225 2.205 2.224 2.139 2.226 2.237 2.196 2.266 2.148 2.153 2.179 2.215 2.217 2.168 2.186 2.202 2.232 2.186 03/04/2061
2.181 2.206 2.199 2.220 2.308 2.142 2.201 2.218 2.363 2.290 2.147 2.224 2.294 2.321 2.234 2.156 2.244 2.249 2.314 2.259 2.218 2.211 2.232 2.357 2.357 2.234 2.254 2.254 2.374 2.339 04/04/2061
2.850 2.942 2.938 2.917 2.845 2.940 2.947 2.950 3.037 2.829 2.946 2.959 3.065 3.057 2.888 2.910 2.999 3.081 3.046 3.059 2.977 3.037 3.108 3.117 3.118 3.009 3.026 3.148 3.136 3.089 05/04/2061
2.571 2.598 2.586 2.955 2.940 2.570 2.542 2.559 3.010 2.901 2.574 2.567 2.968 2.983 2.975 2.536 2.552 2.995 2.961 2.968 2.511 2.535 2.972 3.014 3.016 2.503 2.567 3.044 3.048 2.941 06/04/2061
3.764 3.814 3.816 3.827 3.801 3.696 3.748 3.761 3.881 3.802 3.702 3.769 3.858 3.878 3.855 3.680 3.732 3.818 3.868 3.953 3.687 3.785 3.876 3.868 3.868 3.706 3.730 3.909 3.878 3.852 07/04/2061
3.252 3.371 3.382 3.481 3.378 3.294 3.303 3.288 3.360 3.309 3.294 3.284 3.328 3.416 3.358 3.520 3.433 3.405 3.412 3.402 3.443 3.408 3.392 3.315 3.315 3.441 3.390 3.414 3.326 3.313 08/04/2061
1.639 1.614 1.599 1.693 1.675 1.749 1.784 1.796 1.759 1.641 1.752 1.801 1.913 1.877 1.778 1.772 1.929 1.978 1.867 1.865 1.833 1.918 1.954 1.902 1.903 1.854 1.881 2.004 1.921 1.869 09/04/2061
2.003 2.065 2.053 1.947 1.906 2.013 2.020 2.036 2.104 1.879 2.015 2.048 2.182 1.977 1.863 2.026 2.088 2.123 1.976 1.884 1.922 1.988 1.993 1.988 1.990 1.978 1.992 2.051 2.016 1.945 10/04/2061
2.385 2.406 2.397 2.235 2.155 2.415 2.413 2.422 2.343 2.159 2.418 2.425 2.450 2.341 2.223 2.458 2.462 2.441 2.331 2.226 2.435 2.411 2.406 2.382 2.382 2.471 2.461 2.437 2.397 2.344 11/04/2061
2.421 2.398 2.394 2.344 2.398 2.388 2.414 2.429 2.563 2.435 2.392 2.433 2.597 2.551 2.465 2.369 2.482 2.564 2.547 2.503 2.404 2.494 2.589 2.572 2.573 2.429 2.481 2.611 2.584 2.557 12/04/2061
2.706 2.848 2.837 2.694 2.614 2.749 2.817 2.851 2.755 2.719 2.755 2.857 2.854 2.691 2.715 2.788 2.757 2.736 2.683 2.797 2.747 2.758 2.716 2.865 2.867 2.789 2.703 2.783 2.887 2.814 13/04/2061
2.680 2.837 2.833 2.863 3.033 2.750 2.891 2.903 3.041 3.084 2.753 2.907 3.076 3.109 3.139 2.928 3.050 3.096 3.102 3.169 2.932 3.047 3.106 3.208 3.208 2.954 2.985 3.132 3.227 3.170 14/04/2061
2.850 2.886 2.876 2.800 2.901 2.758 2.819 2.834 2.915 2.989 2.765 2.840 2.968 2.943 3.017 2.830 2.922 2.959 2.943 3.045 2.878 2.930 2.986 2.997 2.998 2.920 2.947 2.998 3.009 2.987 15/04/2061
2.691 2.723 2.718 2.636 2.750 2.652 2.662 2.680 2.834 2.772 2.660 2.690 2.822 2.805 2.783 2.700 2.725 2.795 2.802 2.819 2.805 2.797 2.860 2.888 2.889 2.829 2.802 2.887 2.905 2.873 16/04/2061
2.078 2.033 2.024 1.784 2.077 2.015 1.908 1.938 2.278 2.195 2.015 1.941 2.284 2.206 2.129 2.103 2.257 2.218 2.205 2.142 2.216 2.310 2.286 2.296 2.296 2.213 2.377 2.352 2.321 2.255 17/04/2061
0.843 0.718 0.695 0.648 1.080 0.687 0.607 0.599 0.705 0.883 0.706 0.598 0.606 0.546 0.473 0.540 0.620 0.620 0.531 0.611 0.646 0.807 0.749 0.602 0.607 0.585 0.627 0.790 0.664 0.547 18/04/2061
2.657 2.621 2.591 2.538 2.479 2.733 2.539 2.590 2.745 2.531 2.736 2.597 2.737 2.652 2.496 2.509 2.551 2.597 2.632 2.571 2.677 2.707 2.716 2.768 2.769 2.744 2.756 2.776 2.799 2.705 19/04/2061
3.175 3.219 3.201 3.006 2.844 3.241 3.122 3.153 3.063 2.859 3.253 3.170 3.188 3.033 2.923 3.034 3.022 3.074 3.022 2.975 3.102 3.024 3.079 3.112 3.114 3.153 3.057 3.116 3.143 3.055 20/04/2061
2.445 2.453 2.447 2.343 2.239 2.456 2.463 2.475 2.423 2.285 2.461 2.481 2.550 2.402 2.349 2.444 2.466 2.533 2.396 2.386 2.576 2.527 2.589 2.522 2.522 2.598 2.566 2.624 2.528 2.476 21/04/2061
1.750 1.603 1.588 1.462 1.625 1.547 1.415 1.451 1.534 1.473 1.556 1.461 1.586 1.429 1.411 1.456 1.274 1.474 1.422 1.424 1.502 1.156 1.423 1.348 1.348 1.535 1.243 1.489 1.367 1.317 22/04/2061
2.823 2.873 2.860 2.842 2.918 2.918 2.908 2.939 3.055 2.971 2.929 2.954 3.063 3.073 3.049 2.851 2.885 3.073 3.064 3.147 2.947 2.937 3.117 3.146 3.147 2.981 2.932 3.163 3.166 3.111 23/04/2061
2.756 2.763 2.763 2.646 2.696 2.703 2.692 2.693 2.798 2.764 2.702 2.691 2.772 2.740 2.733 2.673 2.708 2.765 2.726 2.750 2.716 2.638 2.688 2.783 2.783 2.738 2.798 2.705 2.793 2.732 24/04/2061
3.418 3.354 3.350 3.362 3.438 3.403 3.386 3.397 3.580 3.490 3.407 3.399 3.590 3.641 3.583 3.477 3.457 3.603 3.633 3.651 3.584 3.529 3.654 3.646 3.645 3.599 3.614 3.690 3.663 3.631 25/04/2061
1.878 1.870 1.856 1.933 1.942 1.894 1.903 1.910 2.028 1.925 1.899 1.916 2.018 2.038 2.021 2.043 2.096 2.114 2.027 2.068 2.188 2.203 2.240 2.173 2.172 2.220 2.294 2.265 2.203 2.143 26/04/2061
2.861 2.910 2.905 2.922 2.888 3.019 2.910 2.918 3.013 2.907 3.018 2.920 2.977 2.953 2.902 2.972 2.981 3.014 2.926 2.944 2.990 2.980 3.020 3.033 3.033 2.996 2.998 3.069 3.051 2.985 27/04/2061
2.341 2.304 2.296 1.727 1.418 2.092 1.909 1.938 1.729 1.039 2.096 1.950 1.949 1.434 0.914 1.929 1.736 1.753 1.404 1.166 1.821 1.273 1.354 1.287 1.290 1.872 1.794 1.454 1.344 1.169 28/04/2061
2.882 2.858 2.839 3.146 2.978 2.718 2.693 2.706 3.134 3.102 2.725 2.719 2.754 3.032 3.079 2.657 2.917 2.863 3.022 3.108 2.768 3.051 3.009 3.191 3.191 2.808 2.856 3.032 3.214 3.158 29/04/2061
4.412 4.664 4.633 5.153 4.709 4.391 4.462 4.510 4.751 4.798 4.399 4.529 4.699 4.700 4.859 4.409 4.621 4.540 4.709 4.971 4.355 4.588 4.549 4.628 4.630 4.370 4.453 4.591 4.656 4.603 30/04/2061
2.442 2.332 2.321 2.045 2.027 2.472 2.192 2.228 2.050 1.828 2.469 2.233 2.264 1.782 1.764 2.378 2.027 2.063 1.775 1.715 2.404 2.107 2.118 1.946 1.946 2.434 2.388 2.174 1.967 1.896 01/05/2061
3.757 3.843 3.836 3.749 3.759 3.818 3.806 3.813 3.898 3.789 3.822 3.819 3.892 3.906 3.823 3.811 3.844 3.890 3.901 3.929 3.807 3.793 3.855 3.900 3.900 3.804 3.808 3.864 3.908 3.883 02/05/2061
2.754 2.734 2.727 2.767 2.845 2.710 2.732 2.732 2.849 2.827 2.714 2.738 2.808 2.791 2.870 3.019 2.994 2.832 2.784 2.869 3.001 3.050 2.883 2.885 2.885 3.029 3.033 2.889 2.894 2.853 03/05/2061
4.409 4.403 4.389 4.420 4.244 4.518 4.489 4.494 4.462 4.299 4.519 4.496 4.540 4.512 4.278 4.492 4.471 4.573 4.496 4.386 4.455 4.411 4.520 4.526 4.527 4.459 4.450 4.557 4.539 4.483 04/05/2061
3.925 4.083 4.067 4.125 4.072 4.023 4.190 4.154 4.366 4.217 4.020 4.144 4.296 4.532 4.518 4.362 4.419 4.379 4.527 4.631 4.464 4.653 4.728 4.677 4.679 4.464 4.485 4.797 4.727 4.615 05/05/2061
2.572 2.485 2.479 2.572 2.404 2.473 2.550 2.565 2.694 2.686 2.474 2.569 2.707 2.892 2.847 2.644 2.712 2.844 2.887 2.911 2.560 2.760 2.944 3.001 3.002 2.588 2.557 3.002 3.017 2.976 06/05/2061
3.755 3.792 3.793 3.630 3.688 3.758 3.790 3.792 3.741 3.679 3.759 3.793 3.775 3.793 3.694 3.820 3.850 3.779 3.785 3.728 3.850 3.821 3.752 3.766 3.767 3.870 3.933 3.766 3.769 3.753 07/05/2061
1.615 1.616 1.598 1.694 1.869 1.537 1.602 1.630 1.945 1.992 1.542 1.645 1.625 2.055 2.176 1.713 1.674 1.513 2.038 2.218 1.745 1.931 1.802 2.083 2.083 1.775 1.769 1.842 2.108 2.032 08/05/2061
2.986 2.954 2.943 2.812 2.759 2.901 2.852 2.867 2.920 2.748 2.904 2.870 2.981 2.888 2.747 3.004 2.968 2.978 2.871 2.787 3.014 2.944 2.928 2.925 2.927 3.034 3.035 2.977 2.948 2.877 09/05/2061
3.366 3.398 3.388 3.404 3.360 3.345 3.355 3.400 3.358 3.441 3.352 3.413 3.408 3.405 3.542 3.361 3.471 3.404 3.388 3.560 3.361 3.416 3.368 3.436 3.437 3.404 3.379 3.425 3.464 3.387 10/05/2061
3.788 3.779 3.770 3.655 3.689 3.738 3.709 3.732 3.788 3.716 3.746 3.742 3.842 3.820 3.824 3.877 3.876 3.877 3.813 3.836 3.842 3.878 3.879 3.839 3.840 3.873 3.882 3.904 3.852 3.799 11/05/2061
4.499 4.589 4.588 4.484 4.396 4.584 4.626 4.642 4.583 4.410 4.579 4.640 4.657 4.601 4.508 4.529 4.578 4.613 4.593 4.616 4.541 4.568 4.595 4.691 4.693 4.526 4.549 4.637 4.737 4.661 12/05/2061
4.040 3.998 3.996 3.814 3.641 4.016 3.965 3.982 3.785 3.643 4.017 3.981 3.937 3.801 3.681 3.970 3.929 3.947 3.797 3.782 3.952 3.977 4.002 3.933 3.934 3.991 3.956 4.041 3.969 3.895 13/05/2061
4.479 4.364 4.354 4.159 4.151 4.432 4.286 4.321 4.364 4.207 4.433 4.332 4.344 4.360 4.355 4.228 4.133 4.367 4.353 4.429 4.351 4.145 4.425 4.425 4.427 4.365 4.212 4.450 4.441 4.378 14/05/2061
3.805 3.837 3.834 3.789 3.686 3.798 3.810 3.826 3.855 3.716 3.802 3.830 3.848 3.816 3.717 3.801 3.851 3.856 3.808 3.800 3.850 3.814 3.819 3.793 3.795 3.867 3.804 3.837 3.801 3.750 15/05/2061
4.064 4.103 4.089 4.110 3.891 4.029 4.054 4.092 4.123 3.926 4.029 4.096 4.166 4.126 3.993 4.034 4.103 4.140 4.119 4.177 4.060 4.059 4.096 4.169 4.169 4.067 4.052 4.156 4.211 4.135 16/05/2061
4.077 4.070 4.072 3.858 3.705 4.047 3.953 3.974 3.919 3.679 4.049 3.980 3.965 3.881 3.663 4.003 3.896 3.938 3.865 3.790 3.979 3.765 3.820 3.801 3.803 3.990 3.882 3.872 3.829 3.786 17/05/2061
4.521 4.536 4.532 4.482 4.381 4.460 4.486 4.473 4.603 4.408 4.470 4.491 4.602 4.642 4.484 4.422 4.470 4.605 4.626 4.634 4.478 4.500 4.581 4.565 4.566 4.494 4.470 4.623 4.588 4.527 18/05/2061
5.541 5.450 5.442 5.142 5.034 5.579 5.493 5.515 5.328 5.202 5.586 5.525 5.332 5.338 5.182 5.440 5.457 5.295 5.331 5.218 5.476 5.554 5.380 5.402 5.406 5.467 5.541 5.499 5.478 5.370 19/05/2061
4.148 4.172 4.175 4.232 4.220 4.078 4.129 4.135 4.260 4.194 4.083 4.142 4.224 4.309 4.207 4.138 4.145 4.250 4.293 4.347 3.981 4.062 4.190 4.261 4.261 3.987 3.989 4.207 4.275 4.225 20/05/2061
3.431 3.437 3.435 3.781 3.883 3.360 3.332 3.341 3.869 3.828 3.363 3.349 3.428 3.959 3.820 3.511 3.604 3.601 3.958 3.904 3.210 3.458 3.459 3.983 3.983 3.255 3.236 3.489 3.990 3.967 21/05/2061
3.117 2.936 2.936 2.811 2.371 3.006 2.869 2.880 2.745 2.204 3.004 2.882 3.021 2.713 2.098 3.032 2.912 3.005 2.706 2.055 3.088 2.745 2.860 2.450 2.449 3.142 3.152 2.909 2.475 2.409 22/05/2061
1.917 1.971 1.950 2.137 2.274 1.927 1.794 1.836 2.207 2.155 1.931 1.842 2.044 2.136 2.010 1.979 1.887 1.916 2.125 1.967 1.950 2.067 2.048 2.111 2.113 1.976 2.027 2.125 2.148 2.052 23/05/2061
2.961 2.960 2.949 2.830 2.954 2.960 2.958 2.954 3.096 3.029 2.960 2.955 2.995 2.988 2.917 2.997 3.052 2.974 2.981 2.994 3.082 3.054 2.979 3.078 3.078 3.113 3.139 3.017 3.105 3.036 24/05/2061
2.156 2.137 2.123 2.045 2.184 2.021 2.026 2.055 2.287 2.204 2.029 2.066 2.227 2.275 2.190 2.145 2.186 2.233 2.263 2.201 2.127 2.151 2.194 2.258 2.258 2.176 2.203 2.241 2.279 2.202 25/05/2061
2.213 2.350 2.337 2.215 2.448 2.109 2.033 2.070 2.402 2.439 2.117 2.086 2.253 2.091 2.270 2.129 2.208 2.152 2.080 2.225 2.173 2.219 2.151 2.129 2.130 2.222 2.269 2.195 2.144 2.086 26/05/2061
2.550 2.503 2.489 2.579 2.638 2.605 2.313 2.353 2.852 2.821 2.606 2.367 2.611 2.846 3.042 2.439 2.498 2.685 2.823 3.045 2.598 2.580 2.775 2.905 2.904 2.663 2.733 2.804 2.912 2.871 27/05/2061
3.061 3.116 3.102 3.024 3.125 2.897 3.049 3.068 3.277 3.109 2.898 3.086 3.245 3.079 3.130 2.941 2.983 3.137 3.063 3.216 2.877 2.921 3.008 3.133 3.133 2.927 2.871 3.058 3.147 3.053 28/05/2061
3.681 3.783 3.768 3.769 3.883 3.669 3.789 3.805 4.094 3.927 3.673 3.810 3.931 4.129 4.094 3.747 3.972 4.069 4.121 4.192 3.955 4.022 4.134 4.216 4.217 3.986 3.990 4.196 4.237 4.180 29/05/2061
4.215 4.238 4.213 4.236 4.143 4.151 4.143 4.161 4.240 4.145 4.155 4.169 4.256 4.250 4.130 4.132 4.280 4.283 4.234 4.225 4.102 4.290 4.305 4.327 4.328 4.160 4.188 4.318 4.328 4.309 30/05/2061
5.058 5.011 5.007 4.875 4.857 5.035 5.013 5.016 5.052 4.927 5.033 5.015 5.055 5.100 5.008 5.153 5.122 5.123 5.103 5.127 5.167 5.128 5.131 5.144 5.145 5.169 5.172 5.162 5.162 5.126 31/05/2061
4.604 4.547 4.535 4.288 4.441 4.591 4.565 4.585 4.574 4.565 4.594 4.596 4.574 4.725 4.759 4.594 4.778 4.775 4.707 4.830 4.716 4.854 4.844 4.927 4.927 4.755 4.780 4.893 4.938 4.895 01/06/2061
4.461 4.531 4.513 4.394 4.162 4.546 4.492 4.508 4.404 4.166 4.550 4.512 4.490 4.214 4.092 4.371 4.364 4.356 4.202 4.224 4.201 4.230 4.191 4.331 4.332 4.222 4.304 4.247 4.360 4.271 02/06/2061
4.468 4.369 4.362 4.095 4.104 4.477 4.371 4.409 4.368 4.147 4.481 4.416 4.491 4.417 4.187 4.435 4.535 4.533 4.408 4.330 4.493 4.530 4.532 4.447 4.450 4.535 4.598 4.604 4.475 4.391 03/06/2061
4.363 4.397 4.384 4.206 4.233 4.330 4.375 4.399 4.379 4.258 4.339 4.398 4.431 4.390 4.310 4.316 4.522 4.445 4.376 4.380 4.367 4.506 4.447 4.413 4.413 4.399 4.469 4.508 4.439 4.363 04/06/2061
4.078 3.993 3.979 3.765 3.797 4.022 3.923 3.950 3.954 3.797 4.029 3.956 3.982 4.043 3.930 3.992 4.154 4.059 4.024 3.974 4.068 4.099 3.997 4.022 4.023 4.110 4.194 4.073 4.062 3.954 05/06/2061
3.556 3.576 3.570 3.459 3.494 3.349 3.510 3.530 3.560 3.492 3.355 3.533 3.505 3.495 3.554 3.424 3.709 3.605 3.473 3.620 3.590 3.698 3.592 3.592 3.595 3.629 3.734 3.694 3.639 3.512 06/06/2061
4.998 4.775 4.757 4.653 4.566 4.892 4.854 4.886 4.815 4.623 4.900 4.895 4.870 4.751 4.662 4.839 4.914 4.920 4.735 4.772 4.871 4.893 4.905 4.844 4.844 4.900 4.920 4.948 4.875 4.783 07/06/2061
5.145 5.065 5.059 4.939 4.856 5.041 5.047 5.055 5.024 4.891 5.040 5.055 5.056 5.010 4.907 4.976 5.138 5.033 4.993 5.048 5.006 5.077 4.974 4.902 4.903 5.023 5.134 5.020 4.926 4.846 08/06/2061
4.622 4.534 4.532 4.398 4.360 4.597 4.407 4.438 4.493 4.391 4.599 4.459 4.482 4.523 4.373 4.349 4.452 4.499 4.509 4.421 4.388 4.407 4.458 4.564 4.564 4.400 4.444 4.455 4.580 4.522 09/06/2061
6.213 6.336 6.325 6.081 5.677 6.343 6.362 6.349 6.047 5.816 6.346 6.350 6.209 5.993 5.822 6.137 6.151 6.322 5.974 5.911 6.151 6.098 6.254 6.012 6.012 6.102 6.138 6.326 6.036 5.969 10/06/2061
4.288 4.508 4.494 4.584 4.658 4.139 4.498 4.501 4.694 4.663 4.149 4.505 4.597 4.741 4.713 4.276 4.230 4.360 4.731 4.793 3.985 4.285 4.419 4.755 4.757 4.019 4.003 4.437 4.774 4.729 11/06/2061
3.982 4.064 4.053 4.026 3.969 3.945 3.982 4.026 4.165 4.004 3.950 4.035 4.112 4.164 4.048 4.044 4.131 4.087 4.153 4.142 4.236 4.200 4.167 4.205 4.206 4.262 4.246 4.212 4.237 4.146 12/06/2061
7.398 7.290 7.271 7.054 6.599 7.394 7.281 7.303 7.146 6.756 7.400 7.320 7.208 7.056 6.676 7.097 7.062 7.260 7.045 6.878 7.086 7.003 7.175 7.130 7.130 7.116 7.003 7.232 7.153 7.097 13/06/2061
5.854 5.872 5.870 5.682 5.415 5.838 5.712 5.698 5.584 5.344 5.838 5.698 5.605 5.457 5.318 5.506 5.437 5.580 5.446 5.494 5.386 5.352 5.458 5.428 5.431 5.385 5.336 5.500 5.452 5.361 14/06/2061
7.563 8.019 8.007 8.156 7.921 7.853 8.032 8.047 8.157 8.079 7.861 8.050 8.153 7.974 7.879 7.734 7.896 8.317 7.977 8.072 7.771 7.680 7.971 7.881 7.882 7.818 7.644 8.058 7.924 7.849 15/06/2061
3.276 3.595 3.584 3.522 3.290 3.400 3.593 3.608 3.442 3.321 3.402 3.610 3.508 3.288 3.320 3.521 3.640 3.508 3.254 3.379 3.124 3.473 3.289 3.324 3.325 3.123 3.011 3.381 3.352 3.233 16/06/2061
4.473 4.324 4.308 3.927 3.624 4.337 4.258 4.299 4.059 3.657 4.343 4.311 4.248 4.105 3.821 4.423 4.327 4.347 4.076 3.866 4.422 4.262 4.268 4.246 4.250 4.437 4.308 4.399 4.302 4.138 17/06/2061
3.129 3.329 3.309 3.248 3.340 3.270 3.452 3.471 3.513 3.349 3.277 3.485 3.519 3.239 3.348 3.116 3.198 3.133 3.219 3.449 2.872 2.868 2.782 2.836 2.838 2.907 2.892 2.878 2.877 2.740 18/06/2061
3.969 3.962 3.946 3.879 3.960 3.677 3.750 3.759 3.842 3.833 3.686 3.768 3.830 3.581 3.649 3.288 3.356 3.321 3.571 3.678 3.157 3.227 3.176 3.108 3.111 3.207 3.169 3.228 3.153 3.032 19/06/2061
3.733 3.789 3.776 3.675 3.556 3.802 3.870 3.896 3.845 3.811 3.813 3.907 3.817 4.030 3.812 3.955 3.982 3.932 4.021 3.922 3.959 4.010 3.954 3.995 3.998 3.991 3.957 4.023 4.031 3.973 20/06/2061
4.040 3.991 3.982 3.904 3.950 3.945 3.985 4.009 4.033 3.909 3.947 4.013 4.024 3.911 3.825 3.929 3.934 3.939 3.908 3.912 3.943 3.845 3.842 3.910 3.911 3.964 3.946 3.854 3.926 3.869 21/06/2061
2.911 2.859 2.844 2.705 2.686 3.037 2.964 3.025 2.800 2.700 3.044 3.032 2.967 2.897 2.779 2.956 2.910 2.901 2.873 2.854 2.982 2.992 2.972 2.922 2.925 3.037 2.969 3.038 2.962 2.868 22/06/2061
2.593 2.605 2.586 2.434 2.480 2.613 2.504 2.544 2.587 2.500 2.618 2.560 2.580 2.597 2.567 2.695 2.758 2.612 2.571 2.630 2.869 2.860 2.743 2.883 2.884 2.928 2.927 2.813 2.897 2.824 23/06/2061
3.865 3.988 3.978 3.754 3.843 3.926 3.907 3.932 3.917 3.642 3.933 3.941 3.940 3.798 3.597 3.880 3.906 3.857 3.794 3.740 3.856 3.838 3.803 3.814 3.815 3.864 3.873 3.836 3.835 3.776 24/06/2061
3.435 3.377 3.368 3.245 3.149 3.283 3.263 3.307 3.366 3.035 3.291 3.323 3.298 3.246 3.135 3.344 3.324 3.155 3.228 3.232 3.163 3.236 3.115 3.153 3.155 3.225 3.218 3.166 3.181 3.111 25/06/2061
2.905 2.934 2.925 2.701 2.593 3.126 2.863 2.914 2.789 2.535 3.134 2.942 2.911 2.878 2.719 3.115 3.172 3.037 2.870 2.801 3.071 3.064 2.998 2.974 2.974 3.123 3.080 3.053 3.019 2.936 26/06/2061
3.163 3.077 3.064 3.023 2.770 3.064 3.063 3.097 3.028 2.766 3.080 3.117 3.098 2.866 2.810 2.927 3.114 3.061 2.855 2.872 2.948 2.999 2.876 3.016 3.018 3.030 3.034 2.976 3.044 2.948 27/06/2061
3.338 3.337 3.330 3.067 2.997 3.339 3.281 3.304 3.235 2.989 3.344 3.307 3.357 3.210 3.061 3.345 3.411 3.313 3.204 3.117 3.373 3.408 3.291 3.249 3.250 3.397 3.456 3.367 3.277 3.207 28/06/2061
3.553 3.544 3.531 3.391 3.210 3.442 3.487 3.515 3.517 3.395 3.448 3.527 3.514 3.552 3.480 3.602 3.646 3.535 3.539 3.547 3.670 3.720 3.629 3.657 3.659 3.705 3.675 3.673 3.674 3.619 29/06/2061
4.336 4.364 4.355 4.256 4.411 4.423 4.450 4.471 4.536 4.435 4.426 4.480 4.441 4.515 4.453 4.370 4.566 4.555 4.501 4.542 4.608 4.694 4.679 4.613 4.614 4.625 4.656 4.723 4.630 4.579 30/06/2061
4.058 4.057 4.047 4.068 4.079 3.983 4.022 4.054 4.138 4.074 3.995 4.066 4.130 4.103 4.081 4.073 4.154 4.101 4.094 4.121 4.175 4.186 4.138 4.136 4.138 4.212 4.202 4.182 4.156 4.089 01/07/2061
5.835 5.953 5.941 5.990 5.911 5.766 5.909 5.936 6.206 5.928 5.773 5.945 5.989 6.194 6.036 5.797 5.961 6.015 6.171 6.246 5.903 5.994 6.056 6.228 6.229 5.941 5.966 6.117 6.258 6.173 02/07/2061
5.067 5.175 5.166 5.036 4.965 5.018 5.123 5.140 4.930 4.749 5.019 5.145 5.107 4.905 4.667 4.934 4.919 5.055 4.896 4.755 4.979 4.889 5.027 4.984 4.985 4.974 4.942 5.105 5.000 4.905 03/07/2061
4.333 4.217 4.228 3.943 4.117 4.293 4.266 4.261 4.129 4.112 4.291 4.260 4.211 4.162 4.157 4.141 4.156 4.140 4.161 4.165 4.060 4.085 4.083 4.070 4.070 4.073 4.145 4.094 4.079 4.093 04/07/2061
3.625 3.764 3.747 3.691 3.807 3.499 3.659 3.685 3.721 3.824 3.505 3.706 3.762 3.534 3.696 3.331 3.447 3.478 3.512 3.760 2.964 3.070 3.015 3.510 3.512 2.998 2.985 3.102 3.527 3.410 05/07/2061
3.387 3.376 3.353 3.399 3.356 3.257 3.194 3.228 3.439 3.038 3.259 3.231 3.192 3.247 3.104 3.070 3.201 3.191 3.232 3.237 3.201 3.176 3.113 3.129 3.130 3.260 3.276 3.172 3.168 3.075 06/07/2061
2.574 2.508 2.489 2.361 2.348 2.719 2.678 2.718 2.615 2.683 2.732 2.728 2.600 2.928 3.014 2.707 2.754 2.704 2.915 3.028 3.169 3.299 3.220 3.317 3.319 3.230 3.324 3.291 3.344 3.237 07/07/2061
5.036 5.127 5.103 5.150 5.077 5.134 5.181 5.187 5.299 5.083 5.138 5.189 5.155 5.233 5.143 4.935 4.962 5.096 5.217 5.253 4.961 4.966 5.091 5.194 5.195 4.945 4.921 5.144 5.213 5.140 08/07/2061
3.840 4.002 3.980 4.123 4.088 3.755 3.708 3.774 4.123 3.971 3.773 3.797 3.976 4.172 4.203 3.954 4.074 4.101 4.167 4.275 4.027 4.146 4.163 4.141 4.141 4.075 4.078 4.205 4.138 4.078 09/07/2061
4.373 4.283 4.275 4.185 4.145 4.274 4.281 4.300 4.376 4.121 4.277 4.295 4.460 4.286 4.123 4.306 4.224 4.294 4.253 4.295 4.163 4.186 4.239 4.272 4.273 4.180 4.274 4.302 4.289 4.215 10/07/2061
4.521 4.343 4.334 4.027 3.965 4.470 4.341 4.362 4.175 3.971 4.474 4.366 4.441 4.175 4.013 4.523 4.402 4.386 4.162 4.094 4.468 4.383 4.359 4.297 4.298 4.480 4.501 4.393 4.316 4.261 11/07/2061
3.709 3.732 3.714 3.552 3.348 3.511 3.628 3.650 3.810 3.424 3.514 3.666 3.726 3.807 3.554 3.462 3.666 3.674 3.799 3.638 3.574 3.495 3.519 3.641 3.643 3.595 3.645 3.576 3.656 3.620 12/07/2061
3.616 3.725 3.703 3.506 3.585 3.688 3.647 3.678 3.722 3.593 3.697 3.695 3.706 3.732 3.688 3.698 3.785 3.713 3.715 3.774 3.733 3.785 3.707 3.784 3.786 3.759 3.812 3.785 3.822 3.707 13/07/2061
4.111 4.026 4.015 3.980 4.043 4.061 4.005 4.024 4.137 4.022 4.063 4.018 4.063 4.088 4.039 3.922 3.993 3.978 4.075 4.071 3.842 3.896 3.838 3.938 3.941 3.877 3.917 3.906 3.975 3.897 14/07/2061
3.805 3.868 3.854 3.788 3.754 3.859 3.862 3.888 3.934 3.831 3.857 3.892 3.911 3.839 3.863 3.700 3.775 3.786 3.824 3.932 3.677 3.784 3.804 3.950 3.952 3.711 3.777 3.870 3.990 3.902 15/07/2061
3.659 3.544 3.536 3.441 3.339 3.537 3.373 3.392 3.457 3.224 3.542 3.399 3.397 3.257 3.184 3.317 3.225 3.207 3.242 3.274 3.203 3.167 3.159 3.152 3.154 3.234 3.252 3.208 3.182 3.107 16/07/2061
4.409 4.460 4.455 4.463 4.489 4.439 4.451 4.464 4.589 4.392 4.445 4.475 4.536 4.556 4.418 4.373 4.520 4.528 4.544 4.480 4.418 4.559 4.548 4.542 4.543 4.445 4.492 4.602 4.569 4.494 17/07/2061
2.361 2.260 2.241 2.064 2.120 2.426 2.489 2.517 2.282 2.130 2.432 2.521 2.464 2.440 2.188 2.454 2.457 2.427 2.417 2.248 2.718 2.495 2.461 2.407 2.408 2.757 2.763 2.535 2.455 2.354 18/07/2061
2.858 2.842 2.835 2.638 2.491 2.709 2.732 2.778 2.645 2.343 2.715 2.789 2.628 2.324 2.041 2.534 2.492 2.493 2.311 2.250 2.419 2.214 2.271 2.370 2.370 2.449 2.421 2.359 2.397 2.300 19/07/2061
3.514 3.487 3.470 3.658 3.720 3.697 3.713 3.738 3.944 3.747 3.700 3.753 3.774 3.943 3.861 3.649 3.881 3.908 3.934 3.908 3.770 4.058 4.043 4.002 4.002 3.828 3.846 4.093 4.023 3.966 20/07/2061
3.169 2.939 2.925 2.633 2.512 2.792 2.473 2.492 2.441 2.399 2.786 2.500 2.515 2.284 2.126 2.469 2.447 2.259 2.256 2.118 2.407 2.373 2.157 2.052 2.055 2.423 2.460 2.256 2.098 1.983 21/07/2061
3.505 3.589 3.584 3.325 3.400 3.648 3.568 3.591 3.530 3.511 3.651 3.601 3.621 3.637 3.521 3.668 3.632 3.606 3.628 3.589 3.675 3.650 3.640 3.631 3.634 3.704 3.717 3.705 3.652 3.585 22/07/2061
4.137 4.228 4.219 4.154 4.193 4.120 4.165 4.181 4.263 4.201 4.126 4.195 4.254 4.236 4.170 4.140 4.257 4.232 4.227 4.212 4.127 4.246 4.221 4.261 4.262 4.160 4.177 4.273 4.279 4.211 23/07/2061
4.294 4.372 4.358 4.272 4.290 4.256 4.288 4.308 4.313 4.272 4.259 4.312 4.308 4.300 4.255 4.234 4.337 4.288 4.285 4.339 4.163 4.292 4.241 4.324 4.325 4.175 4.222 4.304 4.349 4.268 24/07/2061
3.412 3.522 3.517 3.556 3.587 3.508 3.625 3.632 3.719 3.662 3.512 3.640 3.668 3.875 3.822 3.479 3.657 3.683 3.855 3.898 3.589 3.751 3.770 3.862 3.863 3.593 3.664 3.865 3.910 3.818 25/07/2061
3.599 3.525 3.513 3.499 3.584 3.609 3.556 3.597 3.793 3.696 3.615 3.599 3.593 3.779 3.690 3.524 3.561 3.628 3.759 3.764 3.512 3.553 3.653 3.797 3.800 3.521 3.536 3.741 3.843 3.716 26/07/2061
5.215 5.213 5.206 5.153 5.023 5.194 5.110 5.121 5.144 5.027 5.196 5.128 5.091 5.197 5.109 5.131 5.098 5.103 5.187 5.156 5.187 5.163 5.161 5.177 5.179 5.201 5.187 5.209 5.209 5.133 27/07/2061
5.043 4.982 4.974 4.849 4.682 5.109 5.029 5.045 4.993 4.777 5.112 5.047 5.004 5.054 4.864 4.937 4.933 4.997 5.030 5.023 4.955 4.975 5.044 5.109 5.111 4.982 4.982 5.098 5.142 5.046 28/07/2061
4.362 4.288 4.279 4.237 4.065 4.497 4.493 4.513 4.627 4.339 4.504 4.518 4.548 4.599 4.396 4.431 4.538 4.584 4.590 4.604 4.529 4.571 4.647 4.689 4.690 4.561 4.575 4.701 4.718 4.637 29/07/2061
4.542 4.455 4.449 4.258 4.297 4.511 4.470 4.480 4.482 4.309 4.511 4.487 4.540 4.486 4.369 4.502 4.477 4.551 4.477 4.472 4.493 4.497 4.551 4.494 4.495 4.504 4.529 4.612 4.521 4.464 30/07/2061
4.096 4.085 4.078 3.976 3.936 4.052 4.137 4.142 4.094 3.914 4.060 4.136 4.105 4.022 3.970 4.091 4.179 4.139 4.014 3.994 4.149 4.115 4.099 4.057 4.058 4.176 4.098 4.142 4.080 4.028 31/07/2061
