# 6448 6449 6450 6451 6452 6528 6529 6530 6531 6532 6610 6611 6612 6613 6614 6693 6694 6695 6696 6697 6776 6777 6778 6779 6780 6859 6860 6861 6862 6863 Date
0.000 0.000 0.000 0.000 0.000 0.000 0.000 0.000 0.000 0.000 0.000 0.000 0.000 0.000 0.000 0.000 0.000 0.000 0.000 0.000 0.000 0.000 0.000 0.000 0.000 0.000 0.000 0.000 0.000 0.000 01/08/2057
0.000 0.000 0.000 0.000 0.000 0.000 0.000 0.000 0.000 0.000 0.000 0.000 0.000 0.000 0.000 0.000 0.000 0.000 0.000 0.000 0.000 0.000 0.000 0.000 0.000 0.000 0.000 0.000 0.000 0.000 02/08/2057
0.000 0.000 0.000 0.000 0.000 0.000 0.000 0.000 0.000 0.000 0.000 0.000 0.000 0.000 0.000 0.000 0.000 0.000 0.000 0.000 0.000 0.000 0.000 0.000 0.000 0.000 0.000 0.000 0.000 0.000 03/08/2057
1.077 2.851 2.864 4.540 4.701 1.568 3.674 3.637 5.028 5.479 1.565 3.625 3.550 5.465 6.399 1.942 3.762 4.254 5.486 5.625 2.794 3.894 4.377 5.416 5.414 2.750 2.441 4.309 5.377 5.492 04/08/2057
0.000 0.000 0.000 0.000 0.000 0.000 0.000 0.000 0.000 0.000 0.000 0.000 0.000 0.000 0.000 0.000 0.000 0.000 0.000 0.000 0.000 0.000 0.000 0.000 0.000 0.000 0.000 0.000 0.000 0.000 05/08/2057
0.000 0.000 0.000 0.000 0.000 0.000 0.000 0.000 0.000 0.000 0.000 0.000 0.000 0.000 0.000 0.000 0.000 0.000 0.000 0.000 0.000 0.000 0.000 0.000 0.000 0.000 0.000 0.000 0.000 0.000 06/08/2057
0.000 0.000 0.000 0.000 0.000 0.000 0.000 0.000 0.000 0.000 0.000 0.000 0.000 0.000 0.000 0.000 0.000 0.000 0.000 0.000 0.000 0.000 0.000 0.000 0.000 0.000 0.000 0.000 0.000 0.000 07/08/2057
0.000 0.000 0.000 0.000 0.000 0.000 0.000 0.000 0.000 0.000 0.000 0.000 0.000 0.000 0.000 0.000 0.000 0.000 0.000 0.000 0.000 0.000 0.000 0.000 0.000 0.000 0.000 0.000 0.000 0.000 08/08/2057
0.856 0.615 0.618 0.177 0.000 0.000 0.000 0.000 0.000 0.000 0.000 0.000 0.000 0.000 0.000 0.000 0.000 0.000 0.000 0.000 0.000 0.000 0.000 0.000 0.000 0.000 0.000 0.000 0.000 0.000 09/08/2057
0.000 0.000 0.000 0.000 0.000 0.125 0.256 0.253 0.165 0.361 0.124 0.253 0.143 0.679 0.702 0.530 0.523 0.661 0.679 0.589 1.433 1.250 1.398 1.247 1.246 1.410 1.280 1.375 1.238 1.264 10/08/2057
0.000 0.000 0.000 0.000 0.000 0.000 0.000 0.000 0.000 0.000 0.000 0.000 0.000 0.000 0.000 0.000 0.000 0.000 0.000 0.000 0.000 0.000 0.000 0.000 0.000 0.000 0.000 0.000 0.000 0.000 11/08/2057
0.000 0.000 0.000 0.000 0.000 0.000 0.000 0.000 0.000 0.000 0.000 0.000 0.000 0.000 0.000 0.000 0.000 0.000 0.000 0.000 0.000 0.000 0.000 0.000 0.000 0.000 0.000 0.000 0.000 0.000 12/08/2057
0.332 0.000 0.000 0.000 0.000 0.000 0.000 0.000 0.000 0.000 0.000 0.000 0.000 0.150 1.558 0.000 0.000 0.000 0.151 1.289 0.281 0.705 0.821 2.041 2.040 0.277 0.118 0.800 2.025 2.070 13/08/2057
4.035 4.923 4.939 8.198 11.403 5.108 6.610 6.543 10.647 16.645 5.100 6.521 6.477 13.243 19.004 6.825 9.375 10.521 13.298 17.370 9.591 12.410 13.008 15.809 15.802 9.470 9.717 12.785 15.686 16.049 14/08/2057
0.000 0.000 0.000 0.000 0.000 0.000 0.000 0.000 0.000 0.000 0.000 0.000 0.000 0.000 0.000 0.000 0.000 0.000 0.000 0.000 0.000 0.000 0.000 0.000 0.000 0.000 0.000 0.000 0.000 0.000 15/08/2057
0.000 0.000 0.000 0.000 0.000 0.000 0.000 0.000 0.000 0.000 0.000 0.000 0.000 0.000 0.000 0.000 0.000 0.000 0.000 0.000 0.000 0.000 0.000 0.000 0.000 0.000 0.000 0.000 0.000 0.000 16/08/2057
0.000 0.000 0.000 0.000 0.000 0.000 0.000 0.000 0.000 0.000 0.000 0.000 0.000 0.000 0.000 0.000 0.000 0.000 0.000 0.000 0.000 0.000 0.000 0.000 0.000 0.000 0.000 0.000 0.000 0.000 17/08/2057
0.709 0.898 0.900 1.700 2.391 0.467 0.636 0.631 0.734 1.339 0.466 0.630 0.604 0.721 1.375 0.416 0.355 0.580 0.723 0.999 0.190 0.131 0.200 0.418 0.418 0.190 0.000 0.193 0.417 0.419 18/08/2057
0.000 0.000 0.000 0.000 0.000 0.000 0.000 0.000 0.000 0.000 0.000 0.000 0.000 0.000 0.000 0.000 0.000 0.000 0.000 0.000 0.000 0.000 0.000 0.000 0.000 0.000 0.000 0.000 0.000 0.000 19/08/2057
0.000 0.000 0.000 0.000 0.000 0.000 0.000 0.000 0.000 0.000 0.000 0.000 0.000 0.000 0.000 0.000 0.000 0.000 0.000 0.000 0.000 0.000 0.000 0.000 0.000 0.000 0.000 0.000 0.000 0.000 20/08/2057
0.000 0.000 0.000 0.000 0.000 0.000 0.000 0.000 0.000 0.000 0.000 0.000 0.000 0.000 0.000 0.000 0.000 0.000 0.000 0.000 0.000 0.000 0.000 0.000 0.000 0.000 0.000 0.000 0.000 0.000 21/08/2057
0.000 0.000 0.000 0.000 0.000 0.000 0.000 0.000 0.000 0.000 0.000 0.000 0.000 0.000 0.000 0.000 0.000 0.000 0.000 0.000 0.000 0.000 0.000 0.000 0.000 0.000 0.000 0.000 0.000 0.000 22/08/2057
0.000 0.000 0.000 0.000 0.000 0.000 0.000 0.000 0.000 0.000 0.000 0.000 0.000 0.000 0.000 0.000 0.000 0.000 0.000 0.000 0.000 0.000 0.000 0.000 0.000 0.000 0.000 0.000 0.000 0.000 23/08/2057
0.000 0.000 0.000 0.000 0.000 0.000 0.000 0.000 0.000 0.000 0.000 0.000 0.000 0.000 0.000 0.000 0.000 0.000 0.000 0.000 0.000 0.000 0.000 0.000 0.000 0.000 0.000 0.000 0.000 0.000 24/08/2057
0.000 0.000 0.000 0.000 0.000 0.000 0.000 0.000 0.000 0.000 0.000 0.000 0.000 0.000 0.000 0.000 0.000 0.000 0.000 0.000 0.000 0.000 0.000 0.000 0.000 0.000 0.000 0.000 0.000 0.000 25/08/2057
0.000 0.000 0.000 0.000 0.000 0.000 0.000 0.000 0.000 0.000 0.000 0.000 0.000 0.000 0.000 0.000 0.000 0.000 0.000 0.000 0.000 0.000 0.000 0.000 0.000 0.000 0.000 0.000 0.000 0.000 26/08/2057
0.000 0.000 0.000 0.000 0.000 0.000 0.000 0.000 0.000 0.000 0.000 0.000 0.000 0.000 0.000 0.000 0.000 0.000 0.000 0.000 0.000 0.000 0.000 0.000 0.000 0.000 0.000 0.000 0.000 0.000 27/08/2057
0.758 0.601 0.602 0.000 0.000 0.884 0.678 0.676 0.397 0.626 0.883 0.676 0.701 1.423 3.143 0.587 0.936 1.068 1.428 3.001 1.819 3.540 3.999 6.916 6.913 1.798 1.991 3.930 6.863 7.017 28/08/2057
0.000 0.687 0.688 1.441 2.062 0.714 1.600 1.586 1.743 1.816 0.714 1.580 1.432 1.111 1.069 1.074 1.307 1.397 1.115 0.846 1.151 1.009 1.098 0.868 0.867 1.137 1.270 1.086 0.862 0.879 29/08/2057
0.000 0.000 0.000 0.000 0.000 0.000 0.000 0.000 0.000 0.000 0.000 0.000 0.000 0.000 0.000 0.000 0.000 0.000 0.000 0.000 0.000 0.000 0.000 0.000 0.000 0.000 0.000 0.000 0.000 0.000 30/08/2057
0.000 0.000 0.000 0.000 0.000 0.000 0.000 0.000 0.000 0.000 0.000 0.000 0.000 0.000 0.000 0.000 0.000 0.000 0.000 0.000 0.000 0.000 0.000 0.000 0.000 0.000 0.000 0.000 0.000 0.000 31/08/2057
0.000 0.000 0.000 0.000 0.000 0.000 0.000 0.000 0.000 0.000 0.000 0.000 0.000 0.000 0.000 0.000 0.000 0.000 0.000 0.000 0.000 0.000 0.000 0.000 0.000 0.000 0.000 0.000 0.000 0.000 01/09/2057
0.000 0.000 0.000 0.000 0.000 0.000 0.000 0.000 0.000 0.000 0.000 0.000 0.000 0.000 0.000 0.000 0.000 0.000 0.000 0.000 0.000 0.000 0.000 0.000 0.000 0.000 0.000 0.000 0.000 0.000 02/09/2057
0.000 0.000 0.000 0.000 0.000 0.000 0.000 0.000 0.000 0.000 0.000 0.000 0.000 0.058 0.000 0.000 0.000 0.000 0.000 0.000 0.000 0.000 0.000 0.000 0.000 0.000 0.159 0.000 0.000 0.000 03/09/2057
0.000 0.000 0.000 0.000 0.000 0.000 0.000 0.000 0.000 0.000 0.000 0.000 0.000 0.000 0.000 0.000 0.000 0.000 0.000 0.000 0.000 0.000 0.000 0.000 0.000 0.000 0.000 0.000 0.000 0.000 04/09/2057
0.000 0.000 0.000 0.000 0.000 0.000 0.000 0.000 0.000 0.000 0.000 0.000 0.000 0.000 0.000 0.000 0.000 0.000 0.000 0.000 0.000 0.000 0.000 0.000 0.000 0.000 0.000 0.000 0.000 0.000 05/09/2057
0.000 0.000 0.000 0.000 0.000 0.000 0.000 0.000 0.000 0.000 0.000 0.000 0.115 0.000 0.000 0.000 0.000 0.000 0.000 0.000 0.000 0.000 0.000 0.000 0.000 0.000 0.000 0.000 0.000 0.000 06/09/2057
1.473 1.522 1.529 1.671 1.367 1.294 1.249 1.237 1.419 0.658 1.293 1.234 1.484 1.497 0.414 3.353 2.186 2.522 1.502 0.526 4.984 3.716 4.671 2.845 2.844 4.929 4.470 4.595 2.828 2.880 07/09/2057
0.000 0.000 0.000 0.000 0.000 0.000 0.000 0.000 0.139 0.000 0.000 0.000 0.000 0.115 0.000 0.000 0.000 0.000 0.115 0.139 0.172 0.110 0.144 0.117 0.117 0.169 0.173 0.142 0.117 0.121 08/09/2057
0.186 0.128 0.128 0.127 0.000 0.226 0.196 0.196 0.224 0.000 0.226 0.196 0.272 0.270 0.100 0.274 0.338 0.357 0.271 0.194 0.190 0.183 0.249 0.200 0.200 0.188 0.196 0.249 0.198 0.203 09/09/2057
0.101 0.100 0.100 0.125 0.100 0.000 0.100 0.100 0.178 0.318 0.000 0.100 0.134 0.298 1.261 0.114 0.148 0.176 0.299 0.950 0.000 0.152 0.175 0.340 0.339 0.000 0.105 0.173 0.337 0.345 10/09/2057
0.410 0.836 0.840 1.698 2.138 0.823 1.472 1.458 1.833 1.885 0.821 1.454 1.368 1.725 1.592 1.089 1.613 1.688 1.732 1.437 0.641 1.064 1.278 1.339 1.338 0.637 0.473 1.256 1.331 1.364 11/09/2057
2.192 1.469 1.475 0.922 1.250 2.753 2.049 2.028 1.445 1.432 2.749 2.022 2.072 2.204 1.538 3.126 2.128 2.456 2.213 1.370 2.985 2.107 2.392 2.345 2.344 2.959 2.418 2.351 2.326 2.381 12/09/2057
5.869 7.464 7.497 10.917 18.433 6.658 8.501 8.423 12.123 16.846 6.646 8.398 9.112 11.619 13.843 6.840 8.644 9.349 11.667 13.161 6.489 8.147 8.935 11.501 11.496 6.405 5.769 8.782 11.410 11.677 13/09/2057
0.225 0.589 0.592 1.077 1.350 0.699 0.562 0.568 1.218 1.387 0.700 0.575 0.799 1.051 0.834 0.745 0.760 1.082 1.054 0.951 0.618 0.748 1.076 1.185 1.184 0.615 0.467 1.060 1.176 1.207 14/09/2057
0.000 0.000 0.000 0.000 0.000 0.000 0.000 0.000 0.000 0.000 0.000 0.000 0.105 0.131 0.000 0.156 0.135 0.169 0.131 0.104 0.148 0.171 0.221 0.192 0.192 0.142 0.158 0.219 0.190 0.195 15/09/2057
0.000 0.000 0.000 0.000 0.000 0.000 0.000 0.000 0.000 0.000 0.000 0.000 0.000 0.000 0.000 0.000 0.000 0.000 0.000 0.000 0.000 0.000 0.000 0.000 0.000 0.000 0.000 0.000 0.000 0.000 16/09/2057
0.000 0.000 0.000 0.000 0.000 0.000 0.000 0.000 0.000 0.000 0.000 0.000 0.000 0.000 0.000 0.000 0.000 0.000 0.000 0.000 0.000 0.000 0.000 0.000 0.000 0.000 0.000 0.000 0.000 0.000 17/09/2057
0.000 0.000 0.000 0.000 0.000 0.000 0.000 0.000 0.000 0.000 0.000 0.000 0.000 0.000 0.000 0.000 0.000 0.000 0.000 0.000 0.000 0.000 0.000 0.000 0.000 0.000 0.000 0.000 0.000 0.000 18/09/2057
0.000 0.000 0.000 0.000 0.000 0.000 0.000 0.000 0.000 0.000 0.000 0.000 0.000 0.103 0.000 0.000 0.000 0.000 0.103 0.105 0.000 0.138 0.169 0.293 0.292 0.000 0.000 0.168 0.290 0.297 19/09/2057
0.000 0.000 0.000 0.000 1.776 0.000 0.000 0.000 0.000 2.076 0.000 0.000 0.000 0.187 3.198 0.111 0.133 0.167 0.188 3.352 0.272 0.393 0.371 0.511 0.511 0.269 0.333 0.370 0.507 0.516 20/09/2057
0.000 0.000 0.000 0.000 0.000 0.000 0.000 0.000 0.103 0.000 0.000 0.000 0.000 0.174 0.100 0.000 0.000 0.000 0.174 0.160 0.000 0.054 0.127 0.161 0.161 0.000 0.000 0.126 0.161 0.162 21/09/2057
0.000 0.104 0.104 0.136 0.181 0.102 0.090 0.100 0.126 0.000 0.102 0.100 0.131 0.174 0.000 0.181 0.306 0.332 0.174 0.137 0.302 0.462 0.447 0.428 0.428 0.299 0.352 0.444 0.430 0.432 22/09/2057
0.900 0.544 0.545 1.359 1.964 2.690 0.972 0.965 1.087 1.792 2.687 0.963 1.132 1.452 1.805 1.523 1.201 1.448 1.458 1.293 1.558 1.499 2.335 0.962 0.961 1.532 1.302 2.294 0.953 0.976 23/09/2057
0.000 0.000 0.000 0.000 0.000 0.000 0.000 0.000 0.000 0.000 0.000 0.000 0.000 0.000 0.000 0.000 0.000 0.000 0.000 0.000 0.000 0.000 0.000 0.000 0.000 0.000 0.000 0.000 0.000 0.000 24/09/2057
0.000 0.000 0.000 0.000 0.000 0.000 0.000 0.000 0.000 0.000 0.000 0.000 0.000 0.000 0.000 0.000 0.000 0.000 0.000 0.000 0.000 0.000 0.000 0.000 0.000 0.000 0.000 0.000 0.000 0.000 25/09/2057
0.162 0.186 0.186 0.203 0.000 0.105 0.100 0.100 0.122 0.000 0.105 0.100 0.122 0.000 0.000 0.000 0.000 0.114 0.000 0.000 0.000 0.000 0.000 0.000 0.000 0.000 0.000 0.000 0.000 0.000 26/09/2057
0.387 0.484 0.486 0.829 0.256 0.494 0.709 0.706 0.619 0.556 0.493 0.705 0.887 0.904 1.336 0.478 0.566 0.857 0.908 1.358 0.482 0.690 1.042 1.055 1.055 0.477 0.321 1.027 1.048 1.069 27/09/2057
8.393 9.087 9.127 10.296 12.750 8.232 9.181 9.092 11.022 10.737 8.217 9.063 10.757 9.548 10.910 6.425 7.484 8.461 9.585 10.267 5.147 5.825 6.364 6.869 6.865 5.086 4.875 6.276 6.808 6.987 28/09/2057
0.000 0.000 0.000 0.000 0.000 0.000 0.000 0.000 0.000 0.000 0.000 0.000 0.000 0.000 0.000 0.000 0.000 0.000 0.000 0.000 0.000 0.000 0.000 0.000 0.000 0.000 0.000 0.000 0.000 0.000 29/09/2057
0.000 0.000 0.000 0.000 0.000 0.000 0.000 0.000 0.000 0.000 0.000 0.000 0.000 0.000 0.000 0.000 0.000 0.000 0.000 0.000 0.000 0.000 0.000 0.000 0.000 0.000 0.000 0.000 0.000 0.000 30/09/2057
0.000 0.000 0.000 0.000 0.000 0.000 0.000 0.000 0.000 0.000 0.000 0.000 0.000 0.000 0.000 0.000 0.000 0.000 0.000 0.000 0.000 0.000 0.000 0.000 0.000 0.000 0.000 0.000 0.000 0.000 01/10/2057
0.663 1.896 1.904 3.756 5.120 0.479 0.914 0.909 2.798 3.865 0.478 0.908 1.063 0.918 2.134 0.220 0.569 0.598 0.920 1.770 0.174 0.323 0.343 0.496 0.496 0.172 0.174 0.336 0.492 0.502 02/10/2057
0.000 0.000 0.000 0.000 0.000 0.000 0.000 0.000 0.000 0.000 0.000 0.000 0.000 0.000 0.000 0.000 0.000 0.000 0.000 0.000 0.000 0.000 0.000 0.000 0.000 0.000 0.000 0.000 0.000 0.000 03/10/2057
0.000 0.000 0.000 0.000 0.000 0.000 0.000 0.000 0.000 0.000 0.000 0.000 0.000 0.000 0.000 0.000 0.000 0.000 0.000 0.000 0.000 0.000 0.000 0.000 0.000 0.000 0.000 0.000 0.000 0.000 04/10/2057
0.000 0.000 0.000 0.000 0.000 0.000 0.000 0.000 0.000 0.000 0.000 0.000 0.000 0.000 0.000 0.000 0.000 0.000 0.000 0.000 0.000 0.000 0.000 0.000 0.000 0.000 0.000 0.000 0.000 0.000 05/10/2057
6.823 9.106 9.146 14.122 20.369 7.920 15.537 15.380 20.771 21.272 7.906 15.330 17.174 21.055 18.689 12.385 20.122 20.311 21.140 19.196 16.171 20.112 20.339 19.394 19.385 15.980 15.427 20.004 19.244 19.686 06/10/2057
21.056 27.447 27.573 17.914 13.219 27.517 17.001 16.829 10.366 11.074 27.467 16.774 18.340 9.651 12.557 13.264 9.867 10.088 9.688 11.893 9.909 9.262 9.606 10.880 10.875 9.792 10.594 9.454 10.794 11.047 07/10/2057
1.255 1.482 1.489 2.223 3.211 1.121 1.630 1.613 2.323 3.267 1.119 1.608 1.544 2.600 4.043 1.356 1.611 1.681 2.611 3.660 1.662 1.761 1.937 2.876 2.875 1.646 1.400 1.914 2.855 2.918 08/10/2057
9.996 9.942 9.991 10.165 11.616 7.854 8.505 8.427 8.210 7.378 7.841 8.402 9.120 5.054 4.108 6.457 5.218 6.200 5.075 3.708 4.906 3.534 4.203 2.617 2.616 4.854 4.166 4.131 2.597 2.657 09/10/2057
1.397 1.326 1.332 1.230 0.727 1.418 1.701 1.686 1.077 0.442 1.415 1.681 1.633 0.249 0.383 1.379 0.516 0.820 0.250 0.474 1.053 0.278 0.464 0.190 0.190 1.041 0.724 0.457 0.195 0.194 10/10/2057
3.861 4.231 4.251 4.086 4.278 3.756 3.367 3.334 3.649 3.322 3.749 3.323 3.687 3.125 2.318 3.890 2.738 3.205 3.138 2.343 2.991 2.078 2.360 2.302 2.301 2.964 2.420 2.320 2.284 2.338 11/10/2057
0.101 0.000 0.000 0.244 0.253 0.335 0.161 0.159 0.189 0.322 0.342 0.157 0.181 0.255 0.266 0.521 0.252 0.378 0.255 0.353 0.450 0.361 0.602 0.339 0.338 0.450 0.297 0.599 0.337 0.345 12/10/2057
0.101 0.214 0.215 0.608 0.677 0.119 0.153 0.151 0.250 0.455 0.119 0.150 0.177 0.237 0.241 0.000 0.115 0.183 0.238 0.324 0.110 0.115 0.181 0.181 0.181 0.108 0.104 0.181 0.180 0.179 13/10/2057
0.000 0.000 0.000 0.000 0.000 0.000 0.000 0.000 0.000 0.000 0.000 0.000 0.000 0.000 0.000 0.000 0.000 0.000 0.000 0.000 0.000 0.000 0.000 0.000 0.000 0.000 0.000 0.000 0.000 0.000 14/10/2057
0.000 0.000 0.000 0.000 0.000 0.000 0.000 0.000 0.000 0.000 0.000 0.000 0.000 0.000 0.000 0.000 0.000 0.000 0.000 0.000 0.000 0.000 0.000 0.000 0.000 0.000 0.000 0.000 0.000 0.000 15/10/2057
0.000 0.000 0.000 0.000 0.000 0.000 0.000 0.000 0.000 0.000 0.000 0.000 0.000 0.000 0.000 0.000 0.000 0.000 0.000 0.000 0.000 0.000 0.000 0.000 0.000 0.000 0.000 0.000 0.000 0.000 16/10/2057
0.000 0.000 0.000 0.000 0.000 0.000 0.000 0.000 0.000 0.000 0.000 0.000 0.000 0.000 0.000 0.000 0.000 0.000 0.000 0.000 0.000 0.000 0.000 0.000 0.000 0.000 0.000 0.000 0.000 0.000 17/10/2057
1.249 0.726 0.730 0.511 0.000 1.139 1.068 1.058 0.822 0.197 1.137 1.055 1.112 1.171 0.877 1.321 0.967 1.203 1.176 1.029 1.389 0.931 1.185 1.223 1.223 1.372 1.037 1.165 1.216 1.244 18/10/2057
9.315 7.188 7.220 4.175 1.772 7.764 5.897 5.835 3.179 1.419 7.750 5.816 5.800 2.464 0.927 7.189 4.356 5.196 2.475 1.084 6.593 2.918 3.512 1.463 1.463 6.512 6.012 3.459 1.455 1.502 19/10/2057
9.497 12.808 12.866 14.021 16.885 11.194 10.837 10.726 11.753 12.009 11.174 10.691 12.182 10.094 9.907 8.132 8.971 9.479 10.135 9.285 6.967 7.774 8.541 9.447 9.443 6.893 6.683 8.395 9.376 9.585 20/10/2057
1.966 2.423 2.435 3.362 6.065 3.045 3.294 3.262 3.738 5.835 3.039 3.251 3.570 3.294 4.606 2.971 2.382 2.868 3.306 4.141 2.115 1.571 1.615 2.177 2.176 2.087 1.849 1.595 2.160 2.210 21/10/2057
5.790 5.907 5.937 6.519 7.729 5.990 6.208 6.144 6.658 7.021 5.978 6.123 6.429 6.630 7.190 5.815 5.490 6.469 6.657 6.500 5.263 5.335 6.416 5.359 5.356 5.205 4.569 6.304 5.317 5.440 22/10/2057
2.871 3.232 3.246 4.035 4.382 2.123 2.367 2.343 2.622 2.484 2.119 2.336 2.525 1.513 1.488 2.255 1.707 1.853 1.518 1.347 1.751 0.762 1.088 0.601 0.601 1.736 1.536 1.069 0.597 0.622 23/10/2057
0.126 0.000 0.000 0.000 0.000 0.000 0.000 0.000 0.000 0.000 0.000 0.000 0.000 0.000 0.000 0.000 0.000 0.000 0.000 0.000 0.000 0.000 0.000 0.000 0.000 0.000 0.000 0.000 0.000 0.000 24/10/2057
0.374 1.128 1.133 1.642 2.207 0.214 1.114 1.103 2.148 2.391 0.213 1.100 1.151 2.524 3.260 0.324 1.304 1.317 2.534 3.140 0.751 1.517 1.512 3.004 3.003 0.742 0.504 1.495 2.984 3.048 25/10/2057
5.859 5.455 5.481 4.497 4.605 4.367 4.343 4.301 4.828 4.732 4.358 4.287 4.803 4.363 4.215 4.808 3.866 4.838 4.382 3.461 4.520 3.847 4.807 4.462 4.460 4.472 3.774 4.733 4.426 4.531 26/10/2057
13.494 14.351 14.417 16.530 25.271 13.309 14.330 14.188 18.074 20.136 13.286 14.143 16.867 17.753 17.643 12.094 14.359 15.979 17.823 17.295 15.631 15.892 17.774 17.838 17.830 15.449 16.076 17.482 17.702 18.102 27/10/2057
1.179 1.129 1.133 1.472 1.838 0.231 0.328 0.327 0.341 0.100 0.231 0.332 0.450 0.112 0.000 0.000 0.000 0.134 0.110 0.150 0.000 0.000 0.111 0.144 0.144 0.000 0.000 0.108 0.142 0.147 28/10/2057
2.129 2.764 2.776 4.041 5.304 2.092 2.770 2.745 3.264 4.341 2.089 2.737 2.989 2.790 4.356 1.799 2.056 2.349 2.801 4.018 1.198 1.283 1.328 1.454 1.454 1.179 0.848 1.309 1.445 1.493 29/10/2057
7.391 7.965 8.002 8.836 11.182 7.247 7.669 7.597 8.123 10.136 7.234 7.574 8.104 8.198 9.769 6.736 6.677 7.465 8.232 9.107 6.292 6.216 6.959 6.726 6.722 6.214 5.502 6.840 6.672 6.829 30/10/2057
3.626 4.819 4.842 5.823 8.707 5.000 5.117 5.067 4.786 7.295 4.991 5.051 4.918 5.194 6.998 3.554 3.989 4.704 5.215 6.306 2.940 2.951 3.670 3.587 3.585 2.913 2.399 3.620 3.563 3.632 31/10/2057
10.226 10.245 10.292 11.357 15.128 9.955 9.608 9.514 10.682 13.027 9.937 9.484 11.222 7.360 8.362 8.655 7.328 8.363 7.388 7.317 6.033 4.618 5.372 5.069 5.067 5.961 5.813 5.291 5.033 5.139 01/11/2057
9.416 10.122 10.169 11.419 16.285 9.933 10.360 10.256 13.269 16.461 9.915 10.223 12.622 13.129 15.671 10.118 10.764 12.606 13.183 14.996 9.646 10.660 12.151 11.597 11.592 9.532 10.193 11.944 11.507 11.773 02/11/2057
29.203 25.338 25.455 26.470 31.249 33.858 29.442 29.148 29.809 31.325 33.796 29.055 32.094 28.099 31.008 27.728 26.926 27.534 28.215 30.606 24.345 24.514 25.639 25.598 25.586 24.049 25.334 25.200 25.395 25.991 03/11/2057
1.803 2.526 2.531 4.083 5.352 2.111 2.604 2.614 3.434 4.985 2.116 2.607 3.032 3.164 4.149 2.386 2.282 2.767 3.177 3.402 2.328 2.179 2.518 2.688 2.687 2.309 2.144 2.483 2.668 2.728 04/11/2057
5.472 6.060 6.094 6.012 6.389 5.112 5.737 5.687 6.133 5.535 5.103 5.670 6.073 4.760 4.231 4.556 3.918 4.871 4.779 3.476 3.758 3.146 4.165 3.672 3.671 3.714 3.068 4.094 3.650 3.724 05/11/2057
6.727 7.147 7.177 8.054 9.443 6.144 6.164 6.094 7.753 9.124 6.131 6.072 6.614 6.697 8.937 5.047 4.569 5.297 6.723 8.020 5.086 5.381 6.016 7.196 7.192 5.026 4.779 5.925 7.137 7.310 06/11/2057
0.945 1.015 1.020 1.651 2.387 1.281 1.515 1.501 2.407 3.111 1.279 1.497 1.811 3.106 3.139 2.513 2.469 3.166 3.118 2.485 4.071 3.151 4.175 3.870 3.868 4.023 3.244 4.104 3.838 3.931 07/11/2057
0.000 0.000 0.000 0.000 0.000 0.000 0.000 0.000 0.000 0.000 0.000 0.000 0.000 0.000 0.000 0.116 0.000 0.117 0.000 0.000 0.161 0.000 0.119 0.111 0.111 0.160 0.120 0.118 0.110 0.109 08/11/2057
11.918 10.807 10.858 8.969 8.955 11.954 11.580 11.463 11.117 11.430 11.930 11.426 12.267 11.268 12.682 12.062 11.428 13.275 11.314 11.181 20.032 20.058 21.752 18.914 18.906 19.798 20.296 21.391 18.769 19.193 09/11/2057
1.284 1.350 1.354 1.728 2.652 1.282 1.394 1.384 1.696 2.912 1.280 1.381 1.655 2.442 3.060 1.943 2.162 2.461 2.449 2.397 2.097 2.129 2.411 2.161 2.160 2.072 1.939 2.382 2.144 2.193 10/11/2057
0.133 0.106 0.106 0.000 0.000 0.115 0.000 0.000 0.000 0.000 0.115 0.000 0.000 0.000 0.000 0.155 0.000 0.000 0.000 0.000 0.129 0.000 0.000 0.000 0.000 0.128 0.119 0.000 0.000 0.000 11/11/2057
1.100 1.208 1.214 1.601 1.933 1.174 1.374 1.362 1.646 2.379 1.172 1.375 1.415 1.606 2.129 1.426 1.023 1.350 1.613 1.786 1.500 1.130 1.466 1.754 1.753 1.482 1.198 1.443 1.741 1.776 12/11/2057
0.665 0.104 0.104 0.000 0.000 0.000 0.000 0.000 0.000 0.000 0.000 0.000 0.000 0.000 0.000 0.000 0.000 0.000 0.000 0.000 0.000 0.000 0.000 0.000 0.000 0.000 0.000 0.000 0.000 0.000 13/11/2057
3.404 1.844 1.852 1.361 1.535 2.962 1.622 1.606 1.574 1.914 2.956 1.600 1.697 1.587 1.971 2.623 1.228 1.572 1.594 1.654 2.610 1.774 2.115 1.785 1.784 2.574 2.168 2.081 1.773 1.802 14/11/2057
0.000 0.000 0.000 0.000 0.000 0.000 0.000 0.000 0.000 0.000 0.000 0.000 0.000 0.000 0.000 0.000 0.000 0.000 0.000 0.000 0.000 0.000 0.000 0.000 0.000 0.000 0.000 0.000 0.000 0.000 15/11/2057
0.000 0.000 0.000 0.000 0.000 0.000 0.000 0.000 0.000 0.000 0.000 0.000 0.000 0.000 0.000 0.000 0.000 0.000 0.000 0.000 0.000 0.000 0.000 0.000 0.000 0.000 0.000 0.000 0.000 0.000 16/11/2057
0.000 0.000 0.000 0.000 0.000 0.000 0.000 0.000 0.000 0.000 0.000 0.000 0.000 0.000 0.000 0.000 0.000 0.000 0.000 0.000 0.000 0.000 0.000 0.000 0.000 0.000 0.000 0.000 0.000 0.000 17/11/2057
0.000 0.000 0.000 0.000 0.000 0.000 0.000 0.000 0.000 0.000 0.000 0.000 0.000 0.000 0.000 0.000 0.000 0.000 0.000 0.000 0.000 0.000 0.000 0.000 0.000 0.000 0.000 0.000 0.000 0.000 18/11/2057
0.000 0.000 0.000 0.000 0.000 0.000 0.000 0.000 0.000 0.000 0.000 0.000 0.000 0.000 0.000 0.000 0.000 0.000 0.000 0.000 0.000 0.000 0.000 0.000 0.000 0.000 0.000 0.000 0.000 0.000 19/11/2057
19.233 19.678 19.769 18.809 23.045 16.985 16.351 16.193 17.380 20.663 16.954 16.143 16.988 14.399 16.429 12.570 12.509 14.314 14.456 14.855 10.395 9.388 10.887 10.921 10.916 10.257 9.469 10.700 10.835 11.087 20/11/2057
0.000 0.000 0.000 0.000 0.100 0.000 0.000 0.000 0.000 0.000 0.000 0.000 0.000 0.000 0.000 0.000 0.000 0.000 0.000 0.000 0.000 0.000 0.000 0.102 0.102 0.000 0.000 0.000 0.102 0.102 21/11/2057
7.341 5.145 5.170 5.511 6.367 7.944 7.831 7.758 6.723 7.365 7.929 7.733 8.068 8.448 8.376 10.254 8.346 9.699 8.483 7.413 11.920 10.458 12.203 10.445 10.441 11.781 11.408 12.000 10.336 10.600 22/11/2057
12.488 11.072 11.124 10.767 15.102 8.653 8.096 8.016 8.260 11.239 8.637 7.990 8.418 5.307 7.107 5.975 4.568 5.314 5.328 6.350 3.618 2.368 2.867 3.122 3.121 3.577 3.070 2.820 3.098 3.170 23/11/2057
30.633 31.592 31.741 28.233 27.528 31.181 30.710 30.399 29.455 26.688 31.124 30.300 31.728 23.547 22.183 23.922 22.628 25.434 23.642 20.419 20.532 20.054 21.744 16.636 16.629 20.296 20.951 21.383 16.505 16.892 24/11/2057
0.106 0.000 0.000 0.186 0.644 0.222 0.290 0.287 0.288 0.899 0.221 0.286 0.189 0.586 1.874 1.155 0.424 0.542 0.588 1.568 1.788 0.967 1.282 0.665 0.665 1.771 1.453 1.259 0.670 0.669 25/11/2057
8.158 7.361 7.394 7.811 9.800 6.819 6.595 6.532 5.426 7.548 6.807 6.512 6.825 7.070 9.082 6.789 6.450 7.167 7.099 8.206 6.113 5.799 6.725 6.186 6.183 6.040 5.267 6.610 6.138 6.279 26/11/2057
21.993 21.119 21.217 21.464 28.042 21.245 21.920 21.701 23.551 22.838 21.206 21.632 25.125 17.059 17.351 15.738 15.320 17.086 17.128 17.068 9.409 10.112 11.199 11.223 11.218 9.297 9.942 11.014 11.137 11.390 27/11/2057
6.849 5.842 5.869 5.778 6.738 7.489 6.728 6.663 6.696 6.640 7.477 6.641 7.355 6.303 6.251 6.825 6.043 6.789 6.329 5.933 6.327 4.848 5.603 5.493 5.491 6.262 5.978 5.513 5.452 5.569 28/11/2057
0.125 0.153 0.154 0.288 0.105 0.128 0.137 0.136 0.290 0.700 0.128 0.135 0.188 0.363 0.702 0.114 0.172 0.231 0.364 0.481 0.173 0.431 0.395 0.452 0.452 0.170 0.173 0.399 0.451 0.457 29/11/2057
0.000 0.000 0.000 0.000 0.000 0.000 0.000 0.000 0.000 0.000 0.000 0.000 0.000 0.000 0.000 0.000 0.000 0.000 0.000 0.000 0.000 0.000 0.000 0.000 0.000 0.000 0.000 0.000 0.000 0.000 30/11/2057
1.615 1.273 1.279 1.628 1.449 0.646 0.535 0.537 0.411 0.600 0.636 0.517 0.623 0.584 0.418 0.544 0.378 0.613 0.561 0.560 0.000 0.000 0.000 0.000 0.000 0.000 0.000 0.000 0.000 0.000 01/12/2057
8.809 10.422 10.470 12.887 16.459 6.853 7.581 7.512 8.580 12.914 6.913 7.490 7.617 8.496 12.455 4.902 5.920 6.915 8.531 10.554 3.708 4.747 5.362 6.190 6.187 3.681 3.349 5.327 6.141 6.285 02/12/2057
0.000 0.000 0.000 0.000 0.000 0.000 0.000 0.000 0.000 0.000 0.000 0.000 0.000 0.000 0.000 0.000 0.000 0.000 0.000 0.133 0.000 0.000 0.000 0.000 0.000 0.000 0.000 0.000 0.000 0.000 03/12/2057
0.000 0.000 0.000 0.000 0.000 0.000 0.000 0.000 0.000 0.000 0.000 0.000 0.000 0.000 0.000 0.000 0.000 0.000 0.000 0.000 0.000 0.000 0.000 0.000 0.000 0.000 0.000 0.000 0.000 0.000 04/12/2057
0.000 0.000 0.000 0.000 0.000 0.000 0.000 0.000 0.000 0.000 0.000 0.000 0.000 0.000 0.000 0.000 0.000 0.000 0.000 0.000 0.000 0.000 0.000 0.000 0.000 0.000 0.000 0.000 0.000 0.000 05/12/2057
5.317 4.953 4.976 4.565 4.995 5.545 5.072 5.026 5.325 6.069 5.535 5.010 5.340 5.360 5.894 6.019 4.854 5.436 5.423 5.001 6.642 5.417 5.891 5.586 5.584 6.573 5.888 5.805 5.571 5.678 06/12/2057
1.835 1.747 1.753 1.526 1.202 1.991 2.002 1.976 1.984 1.597 1.988 1.971 2.229 2.264 1.761 2.682 2.118 2.697 2.271 1.543 3.178 2.430 3.068 2.598 2.597 3.147 2.987 3.020 2.593 2.634 07/12/2057
4.205 4.487 4.507 5.172 6.483 3.902 4.663 4.619 6.933 8.096 3.896 4.605 5.099 7.340 8.495 5.302 5.639 6.429 7.356 7.374 6.278 6.148 7.290 7.841 7.837 6.217 5.668 7.166 7.779 7.962 08/12/2057
13.465 11.953 12.007 11.219 13.206 13.643 11.728 11.609 11.169 12.288 13.619 11.571 11.458 11.624 11.492 13.566 10.561 12.598 11.671 10.006 13.684 11.858 14.652 12.591 12.585 13.530 13.697 14.401 12.497 12.772 09/12/2057
0.771 0.453 0.455 0.876 1.466 3.040 2.373 2.351 2.760 3.005 3.035 2.370 2.807 4.104 4.829 5.721 4.194 5.058 4.121 4.235 5.730 4.232 5.071 4.540 4.539 5.640 4.971 5.009 4.511 4.606 10/12/2057
0.774 0.368 0.369 0.201 0.000 0.388 0.277 0.293 0.229 0.000 0.361 0.290 0.517 0.263 0.000 0.428 0.317 0.471 0.263 0.166 0.277 0.233 0.362 0.308 0.308 0.274 0.313 0.366 0.306 0.313 11/12/2057
2.486 2.318 2.329 2.845 3.131 2.150 2.209 2.151 2.542 2.570 2.134 2.144 2.476 2.401 2.356 1.308 1.954 2.215 2.408 2.367 1.168 1.443 1.945 1.884 1.884 1.122 1.449 1.972 1.905 1.925 12/12/2057
3.215 2.632 2.652 3.116 5.341 2.448 2.546 2.520 3.671 4.366 2.437 2.512 3.353 3.670 4.723 2.127 2.811 3.200 3.685 4.161 2.739 3.555 3.886 4.004 4.002 2.569 3.167 3.823 3.975 4.045 13/12/2057
0.000 0.000 0.000 0.000 0.000 0.000 0.000 0.000 0.000 0.000 0.000 0.000 0.000 0.000 0.000 0.000 0.000 0.102 0.000 0.111 0.000 0.000 0.000 0.000 0.000 0.000 0.000 0.000 0.000 0.000 14/12/2057
1.701 1.758 1.729 2.250 1.983 1.683 1.775 1.744 2.160 1.956 1.707 1.745 2.089 2.366 2.386 1.483 2.191 2.435 2.373 2.411 1.697 2.180 2.361 2.277 2.277 1.641 2.132 2.406 2.288 2.292 15/12/2057
0.000 0.000 0.000 0.000 0.000 0.000 0.000 0.000 0.000 0.000 0.000 0.000 0.000 0.000 0.000 0.000 0.000 0.000 0.000 0.000 0.000 0.000 0.000 0.000 0.000 0.000 0.000 0.000 0.000 0.000 16/12/2057
0.000 0.000 0.000 0.065 0.000 0.000 0.000 0.000 0.000 0.000 0.000 0.000 0.000 0.000 0.000 0.000 0.000 0.000 0.000 0.000 0.000 0.000 0.000 0.000 0.000 0.000 0.000 0.000 0.000 0.000 17/12/2057
0.000 0.000 0.000 0.000 0.000 0.000 0.000 0.000 0.000 0.000 0.000 0.000 0.000 0.000 0.000 0.000 0.000 0.000 0.000 0.000 0.000 0.000 0.000 0.000 0.000 0.000 0.000 0.000 0.000 0.000 18/12/2057
0.000 0.000 0.000 0.000 0.000 0.000 0.000 0.000 0.000 0.000 0.000 0.000 0.000 0.000 0.000 0.000 0.000 0.000 0.000 0.000 0.000 0.000 0.000 0.000 0.000 0.000 0.000 0.000 0.000 0.000 19/12/2057
0.000 0.000 0.000 0.000 0.000 0.000 0.000 0.000 0.000 0.000 0.000 0.000 0.000 0.000 0.000 0.000 0.000 0.000 0.000 0.000 0.000 0.000 0.000 0.000 0.000 0.000 0.000 0.000 0.000 0.000 20/12/2057
0.000 0.000 0.000 0.000 0.000 0.000 0.000 0.000 0.000 0.000 0.000 0.000 0.000 0.000 0.000 0.000 0.000 0.000 0.000 0.000 0.000 0.000 0.000 0.000 0.000 0.000 0.000 0.000 0.000 0.000 21/12/2057
0.000 0.000 0.000 0.000 0.000 0.000 0.000 0.000 0.000 0.000 0.000 0.000 0.000 0.000 0.000 0.000 0.000 0.000 0.000 0.000 0.000 0.000 0.000 0.000 0.000 0.000 0.000 0.000 0.000 0.000 22/12/2057
3.762 3.203 3.216 3.406 2.509 2.655 2.303 2.286 2.685 2.389 2.650 2.283 2.661 1.848 1.957 1.795 1.342 1.692 1.857 1.752 1.186 1.188 1.441 1.608 1.607 1.175 1.189 1.424 1.594 1.631 23/12/2057
1.088 0.604 0.608 0.712 0.696 0.442 0.424 0.414 0.636 0.843 0.442 0.411 0.437 0.605 0.707 0.423 0.160 0.327 0.608 0.766 0.544 0.388 0.589 1.051 1.050 0.531 0.398 0.553 1.039 1.069 24/12/2057
2.600 3.471 3.486 4.568 5.443 3.567 4.544 4.497 5.978 5.254 3.560 4.483 5.009 5.603 3.914 6.434 5.741 6.586 5.643 3.347 8.458 6.196 7.333 5.479 5.477 8.363 7.399 7.212 5.490 5.584 25/12/2057
2.229 2.259 2.268 2.940 3.143 2.346 2.367 2.346 3.022 3.505 2.366 2.363 2.796 3.200 3.895 2.752 2.371 2.934 3.214 3.336 3.203 2.856 3.566 3.384 3.382 3.171 3.026 3.525 3.362 3.427 26/12/2057
13.471 12.500 12.541 11.016 13.385 11.531 11.355 11.241 10.573 12.306 11.509 11.204 10.899 9.981 10.691 9.268 7.918 9.699 10.022 9.382 9.067 9.578 11.091 11.586 11.581 8.960 7.972 10.912 11.495 11.762 27/12/2057
36.902 32.203 32.343 27.474 29.577 36.297 31.409 31.101 24.743 24.640 36.241 31.003 28.904 18.816 14.971 23.386 17.556 21.942 18.893 12.476 15.928 11.918 14.700 10.140 10.135 15.741 15.739 14.449 10.061 10.293 28/12/2057
4.017 4.176 4.196 5.136 6.922 4.830 4.644 4.600 5.118 6.392 4.821 4.586 5.085 5.063 5.678 4.975 4.516 5.275 5.078 4.849 4.411 4.133 4.984 4.354 4.352 4.358 3.598 4.908 4.321 4.367 29/12/2057
1.789 1.773 1.780 2.283 2.224 1.408 1.484 1.470 1.686 1.847 1.407 1.466 1.482 1.245 1.526 0.922 0.827 1.068 1.249 1.294 0.514 0.483 0.750 1.058 1.057 0.501 0.364 0.730 1.045 1.075 30/12/2057
9.011 9.652 9.697 10.170 11.029 6.899 7.391 7.321 7.140 9.233 6.952 7.299 7.389 5.241 6.898 3.842 4.240 5.106 5.274 5.802 1.940 1.978 2.545 2.619 2.618 1.917 1.809 2.522 2.611 2.656 31/12/2057
1.749 2.055 2.063 3.303 3.534 1.894 2.156 2.155 2.807 2.820 1.891 2.149 2.368 2.310 2.517 1.695 1.585 2.015 2.320 2.276 1.411 1.447 1.816 1.999 1.998 1.400 1.393 1.804 1.964 2.025 01/01/2058
0.000 0.000 0.000 0.000 0.000 0.175 0.206 0.204 0.184 0.242 0.175 0.203 0.202 1.133 1.249 1.280 1.182 1.418 1.137 1.083 1.724 1.369 1.739 1.127 1.126 1.706 1.644 1.725 1.106 1.147 02/01/2058
0.000 0.000 0.000 0.000 0.000 0.000 0.000 0.000 0.000 0.000 0.000 0.000 0.000 0.000 0.000 0.000 0.000 0.000 0.000 0.000 0.000 0.000 0.074 0.000 0.000 0.000 0.000 0.000 0.000 0.000 03/01/2058
6.828 7.281 7.294 6.698 8.029 5.462 5.954 5.894 5.678 7.131 5.452 5.875 6.118 5.745 6.646 6.091 5.102 5.645 5.767 5.570 6.080 5.415 5.886 5.654 5.651 6.015 5.477 5.800 5.623 5.738 04/01/2058
5.837 8.416 8.455 10.160 13.301 7.206 8.891 8.801 7.555 10.974 7.212 8.772 8.814 8.081 12.725 6.783 7.511 9.038 8.115 10.695 5.675 6.990 7.894 7.533 7.530 5.572 4.886 7.759 7.493 7.638 05/01/2058
1.495 1.636 1.642 1.814 1.917 0.471 0.569 0.563 0.386 1.158 0.470 0.559 0.672 0.172 0.481 0.000 0.025 0.163 0.172 0.533 0.000 0.000 0.107 0.000 0.000 0.000 0.000 0.000 0.000 0.000 06/01/2058
0.000 0.000 0.000 0.144 0.100 0.000 0.000 0.000 0.149 0.000 0.000 0.000 0.122 0.071 0.000 0.000 0.000 0.000 0.000 0.000 0.114 0.000 0.144 0.108 0.108 0.115 0.000 0.138 0.115 0.116 07/01/2058
0.000 0.000 0.000 0.000 0.000 0.000 0.000 0.000 0.000 0.000 0.000 0.000 0.000 0.000 0.000 0.000 0.000 0.000 0.000 0.000 0.000 0.000 0.000 0.000 0.000 0.000 0.000 0.000 0.000 0.000 08/01/2058
0.000 0.000 0.052 0.000 0.000 0.000 0.000 0.000 0.000 0.000 0.000 0.000 0.000 0.000 0.000 0.000 0.000 0.000 0.000 0.000 0.000 0.000 0.000 0.000 0.049 0.000 0.000 0.000 0.000 0.000 09/01/2058
0.000 0.000 0.000 0.000 0.000 0.000 0.000 0.000 0.000 0.000 0.000 0.000 0.000 0.000 0.000 0.000 0.000 0.000 0.000 0.000 0.000 0.000 0.000 0.000 0.000 0.000 0.000 0.000 0.000 0.061 10/01/2058
0.000 0.000 0.000 0.000 0.000 0.000 0.000 0.000 0.000 0.000 0.000 0.000 0.000 0.000 0.000 0.000 0.000 0.000 0.000 0.074 0.000 0.000 0.000 0.000 0.000 0.000 0.000 0.000 0.000 0.000 11/01/2058
0.137 0.102 0.102 0.000 0.000 0.103 0.000 0.000 0.000 0.000 0.103 0.000 0.089 0.000 0.000 0.000 0.000 0.000 0.000 0.000 0.000 0.000 0.000 0.000 0.000 0.000 0.000 0.000 0.000 0.000 12/01/2058
0.000 0.000 0.000 0.000 0.000 0.000 0.000 0.000 0.000 0.000 0.000 0.000 0.000 0.000 0.000 0.000 0.000 0.000 0.000 0.000 0.000 0.000 0.000 0.000 0.000 0.000 0.000 0.000 0.000 0.000 13/01/2058
0.000 0.000 0.000 0.000 0.000 0.000 0.000 0.000 0.000 0.000 0.000 0.000 0.000 0.000 0.000 0.000 0.000 0.000 0.075 0.000 0.000 0.000 0.000 0.000 0.000 0.000 0.000 0.000 0.000 0.000 14/01/2058
0.000 0.000 0.000 0.000 0.000 0.000 0.000 0.000 0.000 0.000 0.000 0.000 0.000 0.000 0.000 0.000 0.000 0.000 0.000 0.000 0.000 0.000 0.000 0.000 0.000 0.000 0.000 0.000 0.000 0.000 15/01/2058
0.000 0.000 0.000 0.000 0.000 0.000 0.000 0.000 0.000 0.000 0.000 0.000 0.000 0.000 0.000 0.000 0.000 0.000 0.000 0.000 0.000 0.000 0.000 0.000 0.000 0.000 0.000 0.000 0.000 0.000 16/01/2058
0.000 0.000 0.000 0.000 0.000 0.000 0.000 0.000 0.000 0.000 0.000 0.000 0.000 0.000 0.000 0.000 0.000 0.000 0.000 0.000 0.000 0.000 0.000 0.000 0.000 0.000 0.000 0.000 0.000 0.000 17/01/2058
0.065 0.092 0.091 0.176 0.182 0.101 0.100 0.101 0.091 0.150 0.102 0.102 0.195 0.000 0.138 0.000 0.000 0.155 0.000 0.127 0.000 0.000 0.109 0.096 0.096 0.000 0.000 0.105 0.080 0.085 18/01/2058
0.000 0.000 0.000 0.000 0.000 0.000 0.000 0.000 0.000 0.000 0.000 0.000 0.000 0.000 0.000 0.000 0.000 0.000 0.000 0.000 0.000 0.000 0.000 0.000 0.000 0.000 0.000 0.000 0.000 0.000 19/01/2058
0.000 0.000 0.000 0.000 0.000 0.000 0.000 0.000 0.000 0.000 0.000 0.000 0.000 0.000 0.000 0.000 0.000 0.000 0.000 0.000 0.000 0.000 0.000 0.000 0.000 0.000 0.000 0.000 0.000 0.000 20/01/2058
4.986 4.902 4.920 4.804 5.759 5.172 5.333 5.308 5.304 6.422 5.158 5.289 6.004 7.560 8.421 5.090 5.613 6.508 7.544 8.026 3.899 4.166 5.037 5.185 5.182 3.832 3.541 4.797 5.138 5.262 21/01/2058
10.464 11.119 11.171 12.109 15.457 10.202 11.915 11.801 12.781 15.135 10.183 11.765 12.262 12.543 13.878 10.066 10.186 12.067 12.593 13.196 8.497 9.028 11.021 10.867 10.862 8.404 8.105 10.835 10.782 11.033 22/01/2058
10.901 12.378 12.435 11.238 12.057 12.124 12.778 12.670 11.809 11.662 12.103 12.629 12.587 12.029 12.856 11.180 10.179 12.058 12.077 12.150 11.185 11.135 12.487 12.305 12.300 11.055 10.212 12.332 12.275 12.484 23/01/2058
0.000 0.000 0.000 0.000 0.000 0.000 0.000 0.000 0.000 0.000 0.000 0.000 0.000 0.000 0.000 0.000 0.000 0.000 0.000 0.000 0.000 0.000 0.000 0.000 0.000 0.000 0.000 0.000 0.000 0.000 24/01/2058
0.000 0.000 0.000 0.000 0.000 0.000 0.000 0.000 0.000 0.000 0.000 0.000 0.000 0.000 0.000 0.000 0.000 0.000 0.000 0.000 0.000 0.000 0.000 0.000 0.000 0.000 0.000 0.000 0.000 0.000 25/01/2058
1.606 1.671 1.677 2.326 2.366 1.727 1.739 1.722 2.234 2.441 1.724 1.716 1.835 2.291 2.690 1.917 1.701 2.200 2.299 2.478 2.341 1.887 2.353 2.581 2.579 2.320 2.073 2.315 2.578 2.616 26/01/2058
33.239 31.840 31.935 28.097 40.432 25.497 26.321 26.113 27.067 34.066 25.459 26.046 28.538 25.417 27.361 23.913 21.718 24.316 25.510 23.584 19.492 18.250 19.250 21.178 21.167 19.260 19.654 18.769 20.979 21.565 27/01/2058
4.233 5.154 5.151 5.883 9.163 5.539 5.977 5.905 7.665 10.433 5.483 5.884 6.262 8.893 10.268 5.801 6.319 7.516 8.930 9.013 6.046 6.920 8.542 8.923 8.919 5.977 5.984 8.395 8.853 9.063 28/01/2058
0.101 0.000 0.000 0.000 0.000 0.104 0.098 0.101 0.110 0.000 0.106 0.101 0.192 0.126 0.000 0.082 0.068 0.192 0.122 0.000 0.000 0.000 0.173 0.105 0.105 0.000 0.000 0.240 0.106 0.108 29/01/2058
5.004 5.204 5.205 5.132 7.184 5.280 5.352 5.395 5.795 8.483 5.272 5.383 5.514 5.777 8.074 5.384 4.933 5.736 5.812 6.405 5.929 4.875 5.614 5.409 5.406 5.859 5.822 5.533 5.396 5.493 30/01/2058
2.825 2.698 2.740 3.192 3.252 3.870 3.977 3.917 3.477 3.283 3.838 3.906 4.220 4.568 4.472 4.324 4.105 4.816 4.586 4.188 3.897 4.040 4.874 4.553 4.551 3.830 3.538 4.651 4.526 4.728 31/01/2058
0.000 0.138 0.138 0.330 0.365 0.072 0.000 0.000 0.027 0.087 0.000 0.000 0.061 0.047 0.005 0.000 0.000 0.000 0.037 0.120 0.103 0.000 0.107 0.033 0.033 0.087 0.000 0.098 0.022 0.039 01/02/2058
2.503 2.608 2.639 2.790 3.646 1.605 1.995 2.057 2.377 2.858 1.600 2.089 2.180 1.705 2.251 1.778 1.339 1.513 1.698 2.034 1.397 1.136 1.279 1.602 1.605 1.384 1.221 1.253 1.582 1.574 02/02/2058
0.957 0.931 0.930 1.586 2.028 0.309 0.454 0.458 0.686 1.311 0.274 0.440 0.593 0.693 0.923 0.443 0.260 0.405 0.644 0.900 0.305 0.201 0.288 0.690 0.695 0.279 0.122 0.262 0.693 0.660 03/02/2058
38.801 40.025 40.172 38.662 41.898 42.284 44.492 44.170 42.518 49.466 42.225 44.067 41.275 39.270 45.548 36.809 37.191 37.351 39.388 41.344 29.988 28.508 28.535 28.094 28.081 29.647 29.844 28.055 27.875 28.519 04/02/2058
4.068 4.293 4.311 4.934 5.887 2.894 3.253 3.197 3.999 4.570 2.890 3.187 3.594 3.201 3.771 2.028 1.939 2.273 3.292 3.647 2.616 2.479 3.014 2.690 2.688 2.566 2.441 2.965 2.684 2.675 05/02/2058
0.000 0.000 0.000 0.000 0.000 0.000 0.000 0.000 0.000 0.000 0.000 0.000 0.000 0.000 0.000 0.000 0.000 0.000 0.000 0.007 0.000 0.000 0.000 0.000 0.000 0.000 0.000 0.000 0.000 0.000 06/02/2058
0.000 0.000 0.000 0.000 0.000 0.000 0.000 0.000 0.000 0.000 0.000 0.000 0.000 0.000 0.000 0.000 0.000 0.000 0.000 0.000 0.000 0.000 0.000 0.000 0.000 0.000 0.000 0.000 0.000 0.000 07/02/2058
0.000 0.000 0.000 0.000 0.000 0.000 0.000 0.000 0.000 0.000 0.000 0.000 0.000 0.000 0.000 0.000 0.000 0.000 0.000 0.000 0.000 0.000 0.000 0.000 0.000 0.000 0.000 0.000 0.000 0.000 08/02/2058
1.106 1.211 1.215 1.231 1.224 1.054 1.521 1.508 1.112 0.978 1.052 1.504 1.530 0.793 0.440 0.926 0.818 1.062 0.794 0.499 0.600 0.443 0.688 0.689 0.688 0.592 0.449 0.663 0.682 0.697 09/02/2058
6.425 6.554 6.579 5.958 7.647 5.776 5.974 5.902 6.132 7.752 5.765 5.881 6.255 5.394 6.672 4.654 4.194 5.248 5.411 5.573 3.319 3.499 4.006 4.817 4.815 3.280 3.344 3.968 4.787 4.933 10/02/2058
0.000 0.000 0.000 0.198 0.699 0.162 0.103 0.104 0.341 0.886 0.153 0.107 0.244 0.669 0.984 0.301 0.219 0.520 0.652 0.881 0.296 0.334 0.604 0.916 0.844 0.287 0.202 0.662 0.855 0.855 11/02/2058
0.000 0.000 0.000 0.000 0.000 0.000 0.000 0.000 0.000 0.000 0.000 0.000 0.000 0.000 0.000 0.000 0.000 0.000 0.000 0.000 0.000 0.000 0.000 0.000 0.000 0.000 0.000 0.000 0.083 0.000 12/02/2058
0.000 0.000 0.000 0.000 0.000 0.000 0.000 0.000 0.000 0.000 0.000 0.000 0.000 0.000 0.000 0.000 0.000 0.000 0.000 0.000 0.000 0.000 0.000 0.000 0.000 0.000 0.000 0.000 0.000 0.000 13/02/2058
0.000 0.000 0.000 0.000 0.000 0.000 0.000 0.000 0.000 0.000 0.000 0.000 0.000 0.000 0.000 0.000 0.000 0.000 0.000 0.000 0.000 0.000 0.000 0.000 0.000 0.000 0.000 0.000 0.064 0.088 14/02/2058
0.000 0.000 0.000 0.000 0.000 0.106 0.000 0.000 0.000 0.000 0.000 0.000 0.000 0.000 0.000 0.000 0.000 0.000 0.000 0.000 0.000 0.000 0.000 0.000 0.000 0.000 0.000 0.000 0.044 0.000 15/02/2058
0.064 0.333 0.334 0.673 0.314 0.000 0.461 0.446 0.536 0.308 0.106 0.450 0.853 0.444 0.221 0.117 0.347 0.649 0.440 0.184 0.183 0.310 0.556 0.323 0.323 0.187 0.136 0.622 0.382 0.327 16/02/2058
0.000 0.000 0.000 0.000 0.000 0.000 0.000 0.000 0.000 0.000 0.000 0.106 0.000 0.000 0.000 0.000 0.000 0.000 0.000 0.000 0.000 0.000 0.000 0.000 0.000 0.000 0.000 0.000 0.000 0.000 17/02/2058
0.000 0.000 0.000 0.000 0.000 0.000 0.000 0.000 0.000 0.000 0.000 0.056 0.000 0.000 0.000 0.000 0.000 0.000 0.000 0.000 0.000 0.000 0.000 0.000 0.000 0.000 0.000 0.000 0.000 0.000 18/02/2058
0.000 0.000 0.000 0.000 0.000 0.000 0.000 0.000 0.000 0.000 0.000 0.000 0.000 0.000 0.000 0.000 0.000 0.000 0.000 0.000 0.000 0.000 0.000 0.000 0.000 0.000 0.000 0.000 0.000 0.000 19/02/2058
3.508 3.389 3.403 3.541 3.106 3.339 3.028 2.999 3.421 3.007 3.333 2.989 3.501 3.196 2.855 3.445 2.622 3.351 3.209 2.625 3.572 2.803 3.465 3.198 3.196 3.548 3.271 3.433 3.172 3.248 20/02/2058
0.000 0.000 0.000 0.106 0.000 0.000 0.000 0.000 0.000 0.000 0.000 0.000 0.000 0.000 0.000 0.000 0.000 0.000 0.000 0.000 0.156 0.000 0.108 0.000 0.000 0.155 0.110 0.000 0.000 0.000 21/02/2058
0.000 0.000 0.000 0.000 0.000 0.000 0.000 0.000 0.000 0.000 0.000 0.000 0.000 0.000 0.000 0.000 0.000 0.000 0.000 0.000 0.000 0.000 0.000 0.000 0.000 0.000 0.000 0.000 0.000 0.000 22/02/2058
0.000 0.000 0.000 0.000 0.000 0.000 0.000 0.000 0.000 0.000 0.000 0.000 0.000 0.000 0.000 0.000 0.000 0.000 0.000 0.000 0.000 0.000 0.000 0.000 0.000 0.000 0.000 0.000 0.000 0.000 23/02/2058
0.000 0.000 0.000 0.000 0.000 0.000 0.000 0.000 0.000 0.000 0.000 0.000 0.000 0.000 0.000 0.000 0.000 0.000 0.000 0.000 0.000 0.000 0.000 0.000 0.000 0.000 0.000 0.000 0.000 0.000 24/02/2058
2.224 3.352 3.366 3.690 3.387 2.751 3.143 3.118 3.424 4.049 2.746 3.110 3.671 3.560 5.425 2.944 2.702 3.390 3.574 4.456 3.252 3.206 4.079 5.213 5.206 3.217 3.078 4.009 5.195 5.301 25/02/2058
7.405 4.477 4.497 2.935 1.533 7.279 4.592 4.548 3.476 3.068 7.273 4.534 5.045 5.150 5.011 6.107 5.071 5.612 5.169 4.271 6.143 5.176 5.572 5.466 5.463 6.079 5.550 5.517 5.479 5.572 26/02/2058
1.730 0.000 0.000 0.000 0.000 2.120 0.000 0.000 0.000 0.000 2.116 0.000 0.000 0.000 0.000 2.128 0.000 0.000 0.000 0.000 2.060 0.000 0.106 0.000 0.000 2.036 1.902 0.000 0.000 0.000 27/02/2058
1.307 1.537 1.543 2.114 1.709 1.397 1.690 1.672 2.071 1.861 1.396 1.667 1.787 1.915 1.920 1.192 1.221 1.489 1.922 1.722 1.224 1.521 1.914 2.111 2.110 1.212 1.226 1.889 2.094 2.139 28/02/2058
0.000 0.000 0.000 0.000 0.000 0.000 0.000 0.000 0.000 0.000 0.000 0.000 0.000 0.000 0.000 0.000 0.000 0.000 0.000 0.000 0.000 0.000 0.000 0.000 0.000 0.000 0.000 0.000 0.000 0.000 01/03/2058
0.000 0.000 0.000 0.000 0.000 0.000 0.000 0.000 0.000 0.000 0.000 0.000 0.000 0.000 0.000 0.000 0.000 0.000 0.000 0.000 0.000 0.000 0.000 0.000 0.000 0.000 0.000 0.000 0.000 0.000 02/03/2058
0.474 0.282 0.401 0.000 0.000 0.250 0.069 0.078 0.000 0.000 0.250 0.081 0.103 0.000 0.000 0.000 0.000 0.000 0.000 0.000 0.000 0.000 0.000 0.000 0.000 0.000 0.000 0.000 0.000 0.000 03/03/2058
10.787 12.721 12.778 12.941 15.954 12.970 13.496 13.364 14.005 13.267 12.947 13.322 14.603 12.569 10.406 11.890 13.032 14.287 12.618 10.206 9.630 9.437 10.510 8.438 8.434 9.516 10.817 10.331 8.374 8.561 04/03/2058
0.000 0.000 0.000 0.000 0.000 0.000 0.000 0.000 0.000 0.000 0.000 0.000 0.000 0.000 0.000 0.000 0.000 0.000 0.000 0.000 0.000 0.000 0.000 0.000 0.000 0.000 0.000 0.000 0.000 0.000 05/03/2058
0.000 0.000 0.000 0.000 0.000 0.000 0.000 0.000 0.000 0.000 0.000 0.000 0.000 0.000 0.000 0.000 0.000 0.000 0.000 0.000 0.000 0.000 0.000 0.000 0.000 0.000 0.000 0.000 0.000 0.000 06/03/2058
0.000 0.000 0.000 0.000 0.000 0.000 0.000 0.000 0.000 0.000 0.000 0.000 0.000 0.000 0.000 0.000 0.000 0.000 0.000 0.000 0.000 0.000 0.000 0.000 0.000 0.000 0.000 0.000 0.000 0.000 07/03/2058
0.000 0.000 0.000 0.000 0.000 0.000 0.000 0.000 0.000 0.000 0.000 0.000 0.000 0.000 0.000 0.000 0.000 0.000 0.000 0.000 0.000 0.000 0.000 0.000 0.000 0.000 0.000 0.000 0.000 0.000 08/03/2058
0.000 0.000 0.000 0.000 0.000 0.000 0.000 0.000 0.000 0.000 0.000 0.000 0.000 0.000 0.000 0.000 0.000 0.000 0.000 0.000 0.000 0.000 0.000 0.000 0.000 0.000 0.000 0.000 0.000 0.000 09/03/2058
0.000 0.000 0.000 0.000 0.000 0.000 0.000 0.000 0.000 0.000 0.000 0.000 0.000 0.000 0.000 0.000 0.000 0.000 0.000 0.000 0.000 0.000 0.000 0.000 0.000 0.000 0.000 0.000 0.000 0.000 10/03/2058
0.000 0.000 0.000 0.000 0.000 0.000 0.000 0.000 0.000 0.000 0.000 0.000 0.000 0.000 0.000 0.000 0.000 0.000 0.000 0.000 0.000 0.000 0.000 0.000 0.000 0.000 0.000 0.000 0.000 0.000 11/03/2058
0.000 0.000 0.000 0.000 0.000 0.000 0.000 0.000 0.000 0.000 0.000 0.000 0.000 0.000 0.000 0.000 0.000 0.000 0.000 0.000 0.000 0.000 0.000 0.000 0.000 0.000 0.000 0.000 0.000 0.000 12/03/2058
0.000 0.000 0.000 0.000 0.000 0.000 0.000 0.000 0.000 0.000 0.000 0.000 0.000 0.000 0.000 0.000 0.000 0.000 0.000 0.000 0.000 0.000 0.000 0.000 0.000 0.000 0.000 0.000 0.000 0.000 13/03/2058
0.414 0.374 0.375 0.245 0.000 0.519 0.352 0.348 0.216 0.111 0.520 0.347 0.357 0.207 0.451 0.693 0.178 0.279 0.208 0.274 0.592 0.211 0.323 0.607 0.608 0.585 0.458 0.313 0.606 0.589 14/03/2058
0.000 0.000 0.000 0.000 0.000 0.000 0.000 0.000 0.000 0.000 0.000 0.000 0.000 0.000 0.000 0.000 0.000 0.000 0.000 0.000 0.000 0.000 0.000 0.000 0.000 0.000 0.000 0.000 0.000 0.000 15/03/2058
2.977 2.749 2.755 2.315 2.526 3.125 2.885 2.855 2.897 3.215 3.119 2.848 2.878 4.139 4.284 3.247 3.578 4.434 4.156 4.224 3.814 4.271 4.957 5.275 5.273 3.769 3.990 4.874 5.237 5.350 16/03/2058
0.000 0.101 0.101 0.232 0.000 0.251 0.385 0.382 0.439 0.220 0.251 0.382 0.387 0.111 0.000 0.577 0.156 0.253 0.109 0.000 0.179 0.000 0.000 0.000 0.000 0.173 0.000 0.000 0.000 0.000 17/03/2058
0.440 0.146 0.148 0.000 0.000 0.000 0.000 0.000 0.000 0.000 0.000 0.000 0.000 0.000 0.000 0.000 0.000 0.000 0.000 0.000 0.000 0.000 0.000 0.000 0.000 0.000 0.000 0.000 0.000 0.000 18/03/2058
0.000 0.000 0.000 0.000 0.000 0.000 0.000 0.000 0.000 0.000 0.000 0.000 0.000 0.000 0.000 0.000 0.000 0.000 0.000 0.000 0.000 0.000 0.000 0.000 0.000 0.000 0.000 0.000 0.000 0.000 19/03/2058
0.000 0.000 0.000 0.000 0.000 0.000 0.000 0.000 0.000 0.000 0.000 0.000 0.000 0.000 0.000 0.000 0.000 0.000 0.000 0.000 0.000 0.000 0.000 0.000 0.000 0.000 0.000 0.000 0.000 0.000 20/03/2058
0.000 0.000 0.000 0.000 0.000 0.000 0.000 0.000 0.000 0.000 0.000 0.000 0.000 0.000 0.000 0.000 0.000 0.000 0.000 0.000 0.000 0.000 0.000 0.000 0.000 0.000 0.000 0.000 0.000 0.000 21/03/2058
0.000 0.000 0.000 0.000 0.000 0.000 0.000 0.000 0.000 0.000 0.000 0.000 0.000 0.000 0.000 0.000 0.000 0.000 0.000 0.000 0.000 0.000 0.000 0.000 0.000 0.000 0.000 0.000 0.000 0.000 22/03/2058
1.612 1.695 1.702 3.094 7.420 1.729 2.055 2.039 4.146 9.431 1.726 2.033 2.271 5.181 10.098 1.678 2.580 3.011 5.201 9.495 2.176 3.656 4.010 6.499 6.496 2.151 2.472 3.943 6.453 6.589 23/03/2058
1.473 1.826 1.834 1.740 2.351 1.276 1.511 1.496 1.132 2.410 1.273 1.491 1.531 1.087 2.803 1.151 0.963 1.139 1.090 2.489 1.360 0.871 1.074 1.448 1.448 1.341 1.275 1.059 1.433 1.467 24/03/2058
0.000 0.000 0.000 0.000 0.000 0.000 0.000 0.000 0.000 0.000 0.000 0.000 0.000 0.000 0.000 0.000 0.000 0.000 0.000 0.000 0.000 0.000 0.125 0.000 0.000 0.000 0.000 0.124 0.000 0.000 25/03/2058
2.549 2.260 2.271 2.436 1.095 2.317 1.843 1.825 1.405 0.547 2.312 1.819 1.890 0.882 0.406 1.538 0.986 1.179 0.885 0.448 1.246 0.787 0.994 0.517 0.517 1.233 1.145 0.977 0.515 0.539 26/03/2058
1.232 2.706 2.717 3.517 5.915 2.680 4.106 4.066 4.761 8.069 2.675 4.053 4.447 4.992 6.991 2.929 3.829 4.261 5.013 6.409 3.764 4.734 5.128 5.223 5.221 3.719 4.102 5.044 5.186 5.295 27/03/2058
6.565 6.853 6.882 7.024 8.165 5.883 6.080 6.030 6.930 7.542 5.874 6.015 6.690 6.488 6.468 5.475 6.286 6.459 6.514 5.769 5.164 6.002 6.367 6.301 6.298 5.108 5.806 6.259 6.251 6.396 28/03/2058
2.838 4.039 4.058 4.763 5.758 2.236 3.319 3.288 4.295 5.740 2.232 3.278 3.477 3.234 5.014 1.408 2.302 2.862 3.247 4.199 1.189 2.079 2.403 2.965 2.963 1.178 1.062 2.362 2.930 3.002 29/03/2058
3.446 3.043 3.057 3.079 3.660 3.109 2.892 2.863 2.895 3.877 3.104 2.853 3.139 2.915 4.178 3.003 2.706 3.137 2.923 3.418 4.484 3.754 4.150 3.546 3.544 4.437 4.822 4.080 3.518 3.600 30/03/2058
3.097 3.416 3.429 3.733 4.712 3.051 2.954 2.924 3.393 4.412 3.045 2.915 3.208 3.389 4.711 2.889 2.751 3.176 3.403 3.868 2.952 2.981 3.352 3.360 3.358 2.923 3.316 3.295 3.333 3.410 31/03/2058
1.281 1.407 1.413 2.880 4.582 1.391 1.560 2.097 3.562 4.801 1.389 1.539 2.000 3.472 5.141 1.679 1.902 2.178 3.486 5.109 1.752 1.819 2.041 2.617 2.616 1.730 1.862 2.018 2.603 2.650 01/04/2058
0.443 0.364 0.366 0.140 0.000 0.393 0.354 0.366 0.102 0.000 0.393 0.364 0.371 0.115 0.000 0.396 0.281 0.444 0.118 0.103 0.332 0.146 0.186 0.103 0.103 0.329 0.249 0.185 0.102 0.103 02/04/2058
12.842 12.088 12.141 12.133 15.723 13.466 12.278 12.163 12.531 15.083 13.442 12.126 13.578 14.424 15.496 12.674 12.826 14.142 14.483 13.578 10.500 11.386 12.706 11.939 11.934 10.378 11.473 12.499 11.849 12.114 03/04/2058
1.369 1.599 1.600 2.643 2.870 1.921 2.493 2.468 3.328 3.242 1.917 2.460 3.143 4.094 3.587 2.881 3.225 4.384 4.111 4.433 4.261 4.138 5.399 4.585 4.583 4.212 4.200 5.270 4.549 4.665 04/04/2058
0.164 0.190 0.191 0.554 0.593 0.238 0.448 0.445 0.877 0.959 0.237 0.446 0.451 0.829 0.558 0.661 0.670 0.744 0.831 0.388 0.949 0.816 0.871 0.741 0.740 0.938 0.749 0.861 0.734 0.747 05/04/2058
0.000 0.000 0.000 0.000 0.000 0.100 0.105 0.104 0.000 0.108 0.100 0.104 0.109 0.195 0.859 0.184 0.117 0.189 0.196 0.644 0.624 0.801 0.845 1.446 1.448 0.617 0.477 0.838 1.449 1.425 06/04/2058
0.710 0.450 0.451 0.414 0.183 0.649 0.350 0.346 0.314 0.256 0.648 0.345 0.354 0.256 0.285 0.801 0.215 0.322 0.257 0.205 0.722 0.238 0.350 0.254 0.254 0.714 0.564 0.338 0.252 0.255 07/04/2058
0.000 0.000 0.000 0.000 0.000 0.000 0.000 0.000 0.000 0.000 0.000 0.000 0.000 0.000 0.000 0.000 0.000 0.000 0.000 0.267 0.000 0.000 0.000 0.000 0.000 0.000 0.000 0.000 0.000 0.000 08/04/2058
7.400 7.878 7.915 9.046 11.569 9.330 9.189 9.104 10.855 13.140 9.314 9.077 10.603 13.015 16.514 9.989 10.795 11.838 13.068 14.194 13.439 12.762 14.718 14.136 14.130 13.284 12.872 14.469 14.026 14.350 09/04/2058
0.992 1.130 1.133 1.637 1.791 1.019 1.328 1.313 1.516 1.724 1.017 1.309 1.480 1.471 1.866 1.115 1.050 1.334 1.465 1.469 1.188 1.462 1.907 2.543 2.542 1.175 1.056 1.937 2.527 2.573 10/04/2058
0.000 0.000 0.000 0.000 0.000 0.000 0.000 0.000 0.000 0.000 0.000 0.000 0.000 0.000 0.000 0.000 0.000 0.000 0.000 0.000 0.000 0.000 0.000 0.000 0.000 0.000 0.000 0.000 0.000 0.000 11/04/2058
0.000 0.000 0.000 0.000 0.000 0.000 0.000 0.000 0.000 0.000 0.000 0.000 0.000 0.000 0.000 0.000 0.000 0.000 0.000 0.000 0.000 0.000 0.000 0.000 0.000 0.000 0.000 0.000 0.000 0.000 12/04/2058
0.000 0.000 0.000 0.000 0.000 0.000 0.000 0.000 0.000 0.000 0.000 0.000 0.000 0.000 0.000 0.000 0.000 0.000 0.000 0.000 0.000 0.000 0.000 0.000 0.000 0.000 0.000 0.000 0.000 0.000 13/04/2058
0.000 0.000 0.000 0.000 0.000 0.000 0.000 0.000 0.000 0.000 0.000 0.000 0.000 0.000 0.000 0.000 0.000 0.000 0.000 0.000 0.000 0.000 0.000 0.000 0.000 0.000 0.000 0.000 0.000 0.000 14/04/2058
0.000 0.000 0.000 0.000 0.000 0.000 0.000 0.000 0.000 0.000 0.000 0.000 0.000 0.000 0.000 0.000 0.000 0.000 0.000 0.000 0.000 0.000 0.000 0.000 0.000 0.000 0.000 0.000 0.000 0.000 15/04/2058
0.000 0.000 0.000 0.000 0.000 0.000 0.000 0.000 0.000 0.000 0.000 0.000 0.000 0.000 0.000 0.000 0.000 0.000 0.000 0.000 0.000 0.000 0.000 0.000 0.000 0.000 0.000 0.000 0.000 0.000 16/04/2058
0.000 0.000 0.000 0.000 0.000 0.000 0.000 0.000 0.000 0.000 0.000 0.000 0.000 0.000 0.000 0.000 0.000 0.000 0.000 0.000 0.000 0.000 0.000 0.000 0.000 0.000 0.000 0.000 0.000 0.000 17/04/2058
0.000 0.000 0.000 0.000 0.102 0.000 0.000 0.000 0.000 0.000 0.000 0.000 0.000 0.000 0.000 0.000 0.000 0.000 0.000 0.000 0.000 0.000 0.000 0.000 0.000 0.000 0.000 0.000 0.000 0.000 18/04/2058
0.000 0.000 0.000 0.000 0.000 0.000 0.000 0.000 0.000 0.000 0.000 0.000 0.000 0.000 0.000 0.000 0.000 0.000 0.000 0.000 0.000 0.000 0.000 0.000 0.000 0.000 0.000 0.000 0.000 0.000 19/04/2058
0.000 0.000 0.000 0.000 0.000 0.000 0.000 0.000 0.000 0.000 0.000 0.000 0.000 0.000 0.000 0.000 0.000 0.000 0.000 0.000 0.000 0.000 0.000 0.000 0.000 0.000 0.000 0.000 0.000 0.000 20/04/2058
0.093 0.000 0.000 0.000 0.000 0.000 0.000 0.000 0.000 0.000 0.000 0.000 0.000 0.000 0.000 0.000 0.000 0.000 0.000 0.000 0.000 0.000 0.000 0.000 0.000 0.000 0.000 0.000 0.000 0.000 21/04/2058
1.257 0.949 0.948 1.107 0.825 1.466 0.766 0.761 0.719 0.806 1.463 0.759 0.868 0.746 0.763 2.263 0.976 1.178 0.743 0.641 2.045 0.871 1.043 0.484 0.485 2.029 1.785 1.049 0.484 0.473 22/04/2058
0.000 0.000 0.000 0.000 0.000 0.000 0.000 0.000 0.000 0.000 0.000 0.000 0.000 0.000 0.000 0.000 0.000 0.000 0.000 0.000 0.000 0.000 0.000 0.000 0.000 0.000 0.000 0.000 0.000 0.000 23/04/2058
0.000 0.000 0.000 0.000 0.000 0.000 0.000 0.000 0.000 0.000 0.000 0.000 0.000 0.000 0.000 0.000 0.000 0.000 0.000 0.102 0.000 0.000 0.000 0.000 0.000 0.000 0.000 0.000 0.000 0.000 24/04/2058
0.000 0.000 0.000 0.000 0.000 0.000 0.000 0.000 0.000 0.000 0.000 0.000 0.000 0.000 0.000 0.000 0.000 0.000 0.000 0.000 0.000 0.000 0.000 0.000 0.000 0.000 0.000 0.000 0.000 0.000 25/04/2058
0.000 0.000 0.000 0.000 0.000 0.000 0.000 0.000 0.000 0.000 0.000 0.000 0.000 0.000 0.000 0.000 0.000 0.000 0.000 0.000 0.000 0.000 0.000 0.000 0.000 0.000 0.000 0.000 0.000 0.000 26/04/2058
0.000 0.000 0.000 0.000 0.000 0.000 0.000 0.000 0.000 0.000 0.000 0.000 0.000 0.000 0.000 0.000 0.000 0.000 0.000 0.000 0.000 0.000 0.000 0.000 0.000 0.000 0.000 0.000 0.000 0.000 27/04/2058
0.000 0.000 0.000 0.000 0.000 0.000 0.000 0.000 0.000 0.000 0.000 0.000 0.000 0.000 0.000 0.000 0.040 0.000 0.000 0.000 0.000 0.000 0.000 0.000 0.000 0.000 0.000 0.000 0.000 0.000 28/04/2058
1.029 0.944 0.944 0.896 0.973 1.128 0.858 0.867 1.008 1.310 1.126 0.863 1.048 0.978 0.943 1.190 0.886 1.085 0.981 0.843 1.018 0.815 0.958 0.898 0.897 1.003 0.872 0.956 0.897 0.905 29/04/2058
1.509 1.219 1.223 1.686 1.167 1.681 1.520 1.462 1.766 1.602 1.680 1.457 1.886 2.075 1.906 2.222 1.738 2.060 2.051 1.746 2.283 1.760 2.091 2.200 2.199 2.230 1.939 2.059 2.183 2.185 30/04/2058
0.000 0.000 0.000 0.000 0.000 0.000 0.000 0.000 0.000 0.000 0.000 0.000 0.000 0.000 0.000 0.000 0.000 0.000 0.000 0.000 0.000 0.000 0.000 0.000 0.000 0.000 0.000 0.000 0.000 0.000 01/05/2058
0.227 0.836 0.840 1.738 2.330 0.168 0.393 0.390 0.869 1.758 0.167 0.389 0.395 0.613 1.366 0.000 0.123 0.204 0.609 0.953 0.000 0.000 0.122 0.375 0.375 0.000 0.000 0.117 0.372 0.381 02/05/2058
0.000 0.000 0.000 0.000 0.000 0.000 0.000 0.000 0.000 0.000 0.000 0.000 0.000 0.000 0.000 0.000 0.000 0.000 0.000 0.000 0.000 0.000 0.000 0.000 0.000 0.000 0.000 0.000 0.000 0.000 03/05/2058
0.000 0.000 0.000 0.000 0.000 0.000 0.000 0.000 0.000 0.000 0.000 0.000 0.000 0.000 0.000 0.000 0.000 0.000 0.000 0.000 0.000 0.000 0.000 0.000 0.000 0.000 0.000 0.000 0.000 0.000 04/05/2058
0.000 0.000 0.000 0.000 0.000 0.000 0.000 0.000 0.000 0.000 0.000 0.000 0.000 0.000 0.000 0.000 0.000 0.000 0.000 0.000 0.000 0.000 0.000 0.000 0.000 0.000 0.000 0.000 0.000 0.000 05/05/2058
0.000 0.000 0.000 0.000 0.000 0.000 0.000 0.000 0.000 0.000 0.000 0.000 0.000 0.000 0.000 0.000 0.000 0.000 0.000 0.000 0.000 0.000 0.000 0.000 0.000 0.000 0.000 0.000 0.000 0.000 06/05/2058
4.562 0.726 0.730 0.000 0.000 1.543 0.232 0.234 0.109 0.000 1.539 0.234 0.229 0.177 0.100 1.421 0.231 0.341 0.178 0.107 1.793 0.708 0.766 0.549 0.549 1.771 1.693 0.763 0.548 0.516 07/05/2058
2.482 3.278 3.293 4.828 6.792 3.182 4.038 3.997 6.581 8.977 3.178 3.984 5.194 9.546 11.651 3.844 5.344 6.147 9.582 11.140 5.047 9.500 10.564 11.783 11.778 4.992 5.342 10.385 11.694 11.957 08/05/2058
0.000 0.000 0.000 0.000 0.000 0.000 0.000 0.000 0.000 0.000 0.000 0.000 0.000 0.000 0.000 0.000 0.000 0.000 0.000 0.000 0.000 0.000 0.000 0.000 0.000 0.000 0.000 0.000 0.000 0.000 09/05/2058
0.000 0.000 0.000 0.000 0.000 0.000 0.000 0.000 0.000 0.000 0.000 0.000 0.000 0.000 0.000 0.000 0.000 0.468 0.000 0.000 0.000 0.600 0.000 0.000 0.000 0.000 0.000 0.000 0.000 0.000 10/05/2058
0.000 0.000 0.000 0.000 0.000 0.000 0.000 0.000 0.000 0.000 0.000 0.000 0.000 0.000 0.000 0.000 0.000 0.000 0.000 0.000 0.000 0.000 0.000 0.000 0.000 0.000 0.000 0.000 0.000 0.000 11/05/2058
0.101 0.000 0.000 0.000 0.000 0.134 0.000 0.000 0.000 0.000 0.133 0.000 0.000 0.000 0.000 0.103 0.000 0.000 0.000 0.000 0.121 0.000 0.000 0.000 0.000 0.121 0.000 0.000 0.000 0.000 12/05/2058
3.521 4.355 4.376 4.364 5.827 3.931 5.101 5.056 6.004 6.541 3.924 5.041 5.550 6.337 6.226 2.691 4.467 4.803 6.362 5.512 2.064 3.432 3.680 4.712 4.710 2.040 2.242 3.618 4.674 4.784 13/05/2058
0.000 0.000 0.000 0.000 0.000 0.114 0.000 0.000 0.000 0.000 0.113 0.000 0.000 0.000 0.000 0.153 0.000 0.000 0.000 0.000 0.000 0.000 0.000 0.000 0.000 0.000 0.000 0.000 0.000 0.000 14/05/2058
0.000 0.000 0.000 0.000 0.000 0.000 0.000 0.000 0.000 0.484 0.000 0.000 0.000 0.312 1.055 0.170 0.000 0.109 0.313 0.918 0.157 0.202 0.306 0.583 0.583 0.153 0.000 0.298 0.580 0.598 15/05/2058
0.000 0.000 0.000 0.000 0.000 0.000 0.000 0.000 0.000 0.000 0.000 0.000 0.000 0.000 0.000 0.000 0.000 0.000 0.000 0.000 0.000 0.000 0.000 0.000 0.000 0.000 0.000 0.000 0.000 0.000 16/05/2058
16.230 15.932 16.007 14.282 13.958 16.173 15.695 15.536 13.834 13.463 16.143 15.486 15.190 9.697 10.018 8.988 9.490 11.042 9.737 9.439 7.138 7.225 7.204 6.835 6.831 7.061 8.301 7.083 6.781 6.937 17/05/2058
0.000 0.000 0.000 0.117 0.000 0.000 0.000 0.000 0.000 0.000 0.000 0.000 0.000 0.000 0.000 0.000 0.000 0.000 0.000 0.000 0.000 0.000 0.000 0.000 0.000 0.000 0.000 0.000 0.000 0.000 18/05/2058
7.049 7.125 7.152 8.458 12.336 5.612 5.976 5.923 7.566 10.909 5.603 5.908 6.622 7.328 9.721 5.200 6.499 6.507 7.356 8.907 3.738 4.391 4.732 5.825 5.822 3.694 4.072 4.650 5.779 5.914 19/05/2058
9.469 10.304 10.352 11.577 15.777 8.527 9.744 9.646 11.193 15.108 8.512 9.614 9.897 9.683 11.820 7.200 7.729 8.468 9.723 10.629 6.011 6.421 7.206 7.889 7.886 5.939 5.990 7.089 7.844 8.010 20/05/2058
13.340 13.659 13.719 16.257 19.747 13.678 14.911 14.768 18.207 21.916 13.654 14.723 15.398 17.697 20.565 11.744 14.175 14.216 17.766 19.178 9.797 13.111 13.611 14.550 14.543 9.703 11.031 13.380 14.441 14.761 21/05/2058
5.226 4.658 4.680 4.338 4.501 4.478 4.064 4.028 3.900 3.661 4.470 4.023 4.346 3.475 2.960 4.799 4.025 4.216 3.487 2.679 5.221 4.704 5.102 3.729 3.727 5.209 5.219 4.993 3.701 3.784 22/05/2058
0.000 0.000 0.000 0.000 0.000 0.000 0.000 0.000 0.000 0.000 0.000 0.000 0.000 0.000 0.000 0.000 0.000 0.000 0.000 0.000 0.000 0.000 0.000 0.000 0.000 0.000 0.000 0.000 0.000 0.000 23/05/2058
0.000 0.000 0.000 0.000 0.000 0.000 0.000 0.000 0.000 0.000 0.000 0.000 0.000 0.000 0.000 0.000 0.000 0.000 0.000 0.000 0.000 0.000 0.000 0.000 0.000 0.000 0.000 0.000 0.000 0.000 24/05/2058
0.000 0.000 0.000 0.000 0.000 0.000 0.000 0.000 0.000 0.000 0.000 0.000 0.000 0.000 0.000 0.000 0.000 0.000 0.000 0.000 0.000 0.000 0.000 0.000 0.000 0.000 0.000 0.000 0.000 0.000 25/05/2058
0.000 0.100 0.100 0.222 0.702 0.000 0.000 0.000 0.000 0.100 0.000 0.000 0.000 0.000 0.000 0.000 0.000 0.000 0.000 0.000 0.000 0.000 0.000 0.000 0.000 0.000 0.000 0.000 0.000 0.000 26/05/2058
0.000 0.000 0.000 0.000 0.000 0.000 0.000 0.000 0.000 0.000 0.000 0.000 0.000 0.000 0.000 0.000 0.000 0.000 0.000 0.000 0.000 0.000 0.000 0.000 0.000 0.000 0.000 0.000 0.000 0.000 27/05/2058
0.050 0.000 0.000 0.000 0.000 0.000 0.000 0.000 0.000 0.000 0.000 0.000 0.000 0.000 0.000 0.000 0.000 0.000 0.000 0.000 0.000 0.000 0.000 0.000 0.000 0.000 0.000 0.000 0.000 0.000 28/05/2058
2.285 2.344 2.350 2.684 2.797 2.362 2.456 2.431 3.015 3.262 2.358 2.427 2.686 3.538 4.325 3.091 2.664 3.172 3.551 3.738 3.313 2.997 3.530 3.977 3.976 3.325 3.263 3.485 3.949 4.020 29/05/2058
7.323 7.986 8.024 8.566 12.192 8.584 8.712 8.625 9.586 10.465 8.568 8.597 9.476 8.727 9.096 7.357 7.724 8.464 8.763 8.603 6.673 6.476 7.283 6.891 6.887 6.595 6.449 7.183 6.836 6.995 30/05/2058
1.090 1.823 1.825 3.117 4.377 2.383 3.412 3.376 5.011 6.583 2.379 3.364 3.608 5.786 6.219 4.451 5.021 5.412 5.810 5.693 5.718 5.821 6.110 6.186 6.183 5.652 5.615 6.009 6.136 6.282 31/05/2058
0.000 0.000 0.000 0.000 0.000 0.000 0.000 0.000 0.000 0.000 0.000 0.000 0.000 0.000 0.000 0.000 0.000 0.000 0.000 0.000 0.000 0.000 0.000 0.000 0.000 0.000 0.000 0.000 0.000 0.000 01/06/2058
0.317 0.167 0.169 0.201 0.319 0.107 0.108 0.107 0.141 0.167 0.107 0.107 0.150 0.128 0.100 0.124 0.000 0.128 0.128 0.114 0.104 0.000 0.100 0.000 0.000 0.104 0.000 0.100 0.000 0.000 02/06/2058
0.000 0.000 0.000 0.000 0.000 0.000 0.000 0.000 0.000 0.000 0.000 0.000 0.000 0.000 0.000 0.102 0.000 0.000 0.000 0.000 0.174 0.106 0.146 0.102 0.102 0.173 0.140 0.145 0.101 0.102 03/06/2058
1.742 1.469 1.476 1.189 0.963 0.740 0.322 0.320 0.193 0.118 0.739 0.320 0.351 0.000 0.000 0.147 0.000 0.101 0.000 0.000 0.000 0.000 0.000 0.000 0.000 0.000 0.000 0.000 0.000 0.000 04/06/2058
0.000 0.000 0.000 0.000 0.000 0.000 0.000 0.000 0.000 0.000 0.000 0.000 0.000 0.000 0.000 0.124 0.000 0.104 0.000 0.000 0.396 0.167 0.293 0.167 0.167 0.392 0.408 0.287 0.167 0.168 05/06/2058
0.000 0.000 0.000 0.000 0.000 0.000 0.000 0.000 0.000 0.000 0.000 0.000 0.000 0.000 0.000 0.000 0.000 0.000 0.000 0.000 0.000 0.000 0.000 0.000 0.000 0.000 0.000 0.000 0.000 0.000 06/06/2058
0.456 0.583 0.585 0.828 2.253 0.660 0.725 0.722 0.514 1.074 0.659 0.721 0.769 0.719 1.220 0.445 0.522 0.779 0.721 0.951 0.345 0.593 0.864 0.803 0.803 0.341 0.338 0.852 0.802 0.807 07/06/2058
0.000 0.000 0.000 0.000 0.000 0.000 0.000 0.000 0.000 0.000 0.000 0.000 0.000 0.000 0.000 0.000 0.000 0.000 0.000 0.000 0.000 0.000 0.000 0.000 0.000 0.000 0.000 0.000 0.000 0.000 08/06/2058
0.000 0.000 0.000 0.000 0.000 0.000 0.000 0.000 0.000 0.000 0.000 0.000 0.000 0.000 0.000 0.000 0.000 0.000 0.000 0.000 0.000 0.000 0.000 0.000 0.000 0.000 0.000 0.000 0.000 0.000 09/06/2058
0.000 0.000 0.000 0.000 0.000 0.000 0.000 0.000 0.000 0.000 0.000 0.000 0.000 0.000 0.000 0.000 0.000 0.000 0.000 0.000 0.000 0.000 0.000 0.000 0.000 0.000 0.000 0.000 0.000 0.000 10/06/2058
0.000 0.000 0.000 0.000 0.000 0.000 0.000 0.000 0.000 0.000 0.000 0.000 0.000 0.000 0.000 0.000 0.000 0.000 0.000 0.000 0.000 0.000 0.000 0.000 0.000 0.000 0.000 0.000 0.000 0.000 11/06/2058
0.000 0.000 0.000 0.000 0.000 0.000 0.000 0.000 0.000 0.000 0.000 0.000 0.000 0.000 0.000 0.000 0.000 0.000 0.000 0.000 0.000 0.000 0.000 0.000 0.000 0.000 0.000 0.000 0.000 0.000 12/06/2058
0.000 0.000 0.000 0.000 0.000 0.000 0.000 0.000 0.000 0.000 0.000 0.000 0.000 0.000 0.000 0.000 0.000 0.000 0.000 0.000 0.000 0.000 0.000 0.000 0.000 0.000 0.000 0.000 0.000 0.000 13/06/2058
0.000 0.000 0.000 0.000 0.000 0.000 0.000 0.000 0.000 0.000 0.000 0.000 0.000 0.000 0.000 0.000 0.000 0.000 0.000 0.000 0.000 0.000 0.000 0.000 0.000 0.000 0.000 0.000 0.000 0.000 14/06/2058
0.000 0.000 0.000 0.000 0.000 0.000 0.000 0.000 0.000 0.000 0.000 0.000 0.000 0.000 0.000 0.000 0.000 0.000 0.000 0.000 0.000 0.000 0.000 0.000 0.000 0.000 0.000 0.000 0.000 0.000 15/06/2058
0.000 0.000 0.000 0.000 0.000 0.000 0.000 0.000 0.000 0.000 0.000 0.000 0.000 0.000 0.000 0.000 0.000 0.000 0.000 0.000 0.000 0.000 0.000 0.000 0.000 0.000 0.000 0.000 0.000 0.000 16/06/2058
2.607 1.211 1.219 0.885 1.233 4.741 2.284 2.263 1.297 1.298 4.733 2.257 1.978 1.372 1.214 4.836 2.056 2.398 1.377 0.901 4.698 2.732 3.207 1.299 1.299 4.642 4.648 3.159 1.289 1.319 17/06/2058
0.000 0.000 0.000 0.000 0.000 0.000 0.000 0.000 0.000 0.000 0.000 0.000 0.000 0.000 0.000 0.000 0.000 0.000 0.000 0.000 0.000 0.000 0.000 0.000 0.000 0.000 0.000 0.000 0.000 0.000 18/06/2058
0.000 0.000 0.000 0.000 0.000 0.000 0.000 0.000 0.000 0.000 0.000 0.000 0.000 0.000 0.101 0.000 0.000 0.000 0.000 0.102 0.000 0.000 0.101 0.214 0.214 0.000 0.000 0.101 0.211 0.218 19/06/2058
2.875 2.853 2.864 3.981 4.201 3.517 3.421 3.386 3.541 4.186 3.510 3.375 3.314 3.852 4.055 3.568 3.720 3.526 3.868 3.159 3.762 3.145 3.111 2.410 2.409 3.718 4.199 3.058 2.391 2.447 20/06/2058
2.858 3.285 3.300 6.636 10.414 2.400 2.757 2.730 3.790 5.594 2.396 2.723 2.296 3.700 4.745 2.437 2.714 2.510 3.715 4.511 2.528 2.908 2.832 3.586 3.584 2.498 2.505 2.783 3.558 3.641 21/06/2058
0.552 0.163 0.164 0.000 0.000 0.158 0.000 0.000 0.000 0.000 0.157 0.000 0.000 0.000 0.000 0.000 0.000 0.000 0.000 0.000 0.000 0.000 0.000 0.000 0.000 0.000 0.000 0.000 0.000 0.000 22/06/2058
15.805 13.080 13.140 11.137 12.144 9.245 8.569 8.482 10.287 6.287 9.228 8.454 9.817 4.669 4.669 5.259 4.809 5.083 4.685 4.363 4.636 3.842 3.617 3.559 3.557 4.581 4.638 3.555 3.531 3.613 23/06/2058
0.600 0.639 0.642 0.624 0.511 0.234 0.178 0.176 0.110 0.172 0.233 0.175 0.111 0.000 0.143 0.119 0.000 0.105 0.000 0.141 0.105 0.000 0.117 0.126 0.125 0.104 0.000 0.115 0.125 0.129 24/06/2058
0.901 2.500 2.511 4.270 4.517 1.198 2.765 2.737 3.846 4.788 1.197 2.728 2.456 3.706 4.740 1.319 2.579 2.973 3.721 4.149 2.058 2.791 3.268 3.710 3.708 2.039 1.906 3.222 3.681 3.766 25/06/2058
7.313 7.487 7.522 9.238 8.320 10.967 10.187 10.084 9.225 9.020 10.946 10.051 10.252 9.560 9.287 9.942 9.128 10.094 9.600 8.116 9.457 9.044 9.935 8.496 8.492 9.336 9.578 9.765 8.429 8.626 26/06/2058
1.457 1.565 1.572 2.086 2.305 1.456 1.561 1.546 1.366 1.850 1.454 1.541 1.347 1.501 2.138 1.467 1.246 1.396 1.506 1.595 1.860 1.263 1.421 1.329 1.328 1.843 1.653 1.399 1.318 1.349 27/06/2058
0.000 0.000 0.000 0.100 0.309 0.316 0.774 0.769 0.602 1.040 0.314 0.768 0.575 1.071 1.337 1.327 1.270 1.440 1.075 0.985 1.918 1.111 1.240 0.778 0.778 1.899 1.726 1.222 0.774 0.793 28/06/2058
9.982 5.709 5.734 4.311 3.983 5.398 4.835 4.789 4.659 3.700 5.389 4.775 4.590 3.355 1.722 5.034 4.881 5.259 3.368 1.434 4.355 2.801 3.278 1.927 1.926 4.307 4.281 3.232 1.912 1.955 29/06/2058
0.432 0.144 0.145 0.000 0.000 0.000 0.000 0.000 0.000 0.000 0.000 0.000 0.000 0.000 0.000 0.000 0.000 0.000 0.000 0.000 0.000 0.000 0.000 0.000 0.000 0.000 0.000 0.000 0.000 0.000 30/06/2058
0.000 0.000 0.000 0.000 0.000 0.000 0.000 0.000 0.000 0.000 0.000 0.000 0.000 0.000 0.000 0.000 0.000 0.000 0.000 0.000 0.000 0.000 0.000 0.000 0.000 0.000 0.000 0.000 0.000 0.000 01/07/2058
0.361 1.235 1.245 3.322 7.089 0.936 2.394 2.371 5.233 10.055 0.934 2.364 2.079 8.459 15.605 1.983 4.429 4.866 8.494 14.178 4.484 8.104 8.563 14.284 14.277 4.432 4.435 8.417 14.171 14.503 02/07/2058
18.423 13.328 13.390 10.977 14.648 15.658 12.502 12.376 13.128 16.535 15.629 12.336 13.843 13.115 15.836 12.687 13.139 12.622 13.169 14.577 11.884 10.267 9.912 8.522 8.518 11.746 14.278 9.749 8.454 8.652 03/07/2058
0.000 0.000 0.000 0.000 0.000 0.000 0.000 0.000 0.000 0.000 0.000 0.000 0.000 0.000 0.000 0.000 0.000 0.000 0.000 0.000 0.000 0.000 0.000 0.000 0.000 0.000 0.000 0.000 0.000 0.000 04/07/2058
0.000 0.000 0.000 0.000 0.000 0.000 0.000 0.000 0.000 0.000 0.000 0.000 0.000 0.000 0.000 0.000 0.000 0.000 0.000 0.000 0.000 0.000 0.000 0.000 0.000 0.000 0.000 0.000 0.000 0.000 05/07/2058
0.000 0.000 0.000 0.000 0.000 0.000 0.000 0.000 0.000 0.000 0.000 0.000 0.000 0.000 0.000 0.000 0.000 0.000 0.000 0.000 0.000 0.000 0.000 0.000 0.000 0.000 0.000 0.000 0.000 0.000 06/07/2058
0.000 0.000 0.000 0.490 0.284 0.000 0.000 0.000 0.449 0.103 0.000 0.000 0.000 0.190 0.000 0.000 0.000 0.117 0.191 0.000 0.000 0.000 0.114 0.000 0.000 0.000 0.000 0.114 0.000 0.000 07/07/2058
0.811 1.029 1.034 0.908 1.174 0.615 0.564 0.560 0.650 1.343 0.613 0.558 0.612 1.171 2.068 0.651 0.441 0.624 1.175 1.656 0.648 0.784 1.155 1.899 1.898 0.641 0.527 1.136 1.887 1.920 08/07/2058
0.000 0.000 0.000 0.000 0.000 0.000 0.000 0.000 0.000 0.000 0.000 0.000 0.000 0.000 0.000 0.000 0.000 0.000 0.000 0.000 0.000 0.000 0.000 0.000 0.000 0.000 0.000 0.000 0.000 0.000 09/07/2058
0.000 0.000 0.000 0.000 0.000 0.000 0.000 0.000 0.000 0.000 0.000 0.000 0.000 0.000 0.000 0.000 0.000 0.000 0.000 0.000 0.000 0.000 0.000 0.000 0.000 0.000 0.000 0.000 0.000 0.000 10/07/2058
0.000 0.177 0.179 0.491 1.036 0.000 0.000 0.000 0.122 0.257 0.000 0.000 0.000 0.350 0.461 0.000 0.126 0.173 0.353 0.334 0.105 0.151 0.243 0.336 0.336 0.104 0.000 0.240 0.331 0.348 11/07/2058
0.000 0.000 0.000 0.101 0.149 0.000 0.000 0.000 0.000 0.000 0.000 0.000 0.127 0.117 0.100 0.116 0.000 0.117 0.117 0.107 0.000 0.000 0.000 0.000 0.000 0.000 0.000 0.000 0.000 0.000 12/07/2058
0.000 0.000 0.000 0.000 0.000 0.000 0.000 0.000 0.000 0.000 0.000 0.000 0.000 0.000 0.000 0.000 0.000 0.000 0.000 0.000 0.000 0.000 0.000 0.000 0.000 0.000 0.000 0.000 0.000 0.000 13/07/2058
0.000 0.000 0.000 0.000 0.000 0.000 0.000 0.000 0.000 0.000 0.000 0.000 0.000 0.000 0.000 0.000 0.000 0.000 0.000 0.000 0.000 0.000 0.000 0.000 0.000 0.000 0.000 0.000 0.000 0.000 14/07/2058
0.000 0.000 0.000 0.000 0.000 0.000 0.000 0.000 0.000 0.000 0.000 0.000 0.000 0.000 0.000 0.000 0.000 0.000 0.000 0.000 0.000 0.000 0.000 0.000 0.000 0.000 0.000 0.000 0.000 0.000 15/07/2058
0.000 0.000 0.000 0.000 0.000 0.000 0.000 0.000 0.000 0.000 0.000 0.000 0.000 0.000 0.000 0.000 0.000 0.000 0.000 0.000 0.000 0.000 0.000 0.000 0.000 0.000 0.000 0.000 0.000 0.000 16/07/2058
1.188 0.624 0.627 0.213 0.000 0.881 0.719 0.714 0.615 0.407 0.880 0.712 0.725 0.766 0.524 1.408 0.826 1.102 0.769 0.280 1.734 1.250 1.429 1.090 1.089 1.713 1.338 1.405 1.082 1.104 17/07/2058
2.895 2.699 2.709 3.763 4.192 2.474 2.392 2.371 3.068 3.424 2.469 2.364 1.971 1.993 2.860 2.573 1.728 1.899 2.001 2.050 2.455 1.744 1.986 2.320 2.319 2.426 2.328 1.952 2.302 2.356 18/07/2058
0.000 0.000 0.000 0.000 0.000 0.000 0.000 0.000 0.000 0.000 0.000 0.000 0.000 0.000 0.000 0.000 0.000 0.000 0.000 0.000 0.000 0.000 0.000 0.000 0.000 0.000 0.000 0.000 0.000 0.000 19/07/2058
0.000 0.000 0.000 0.000 0.000 0.000 0.000 0.000 0.000 0.000 0.000 0.000 0.000 0.000 0.000 0.000 0.000 0.000 0.000 0.000 0.000 0.000 0.000 0.000 0.000 0.000 0.000 0.000 0.000 0.000 20/07/2058
0.000 0.000 0.000 0.000 0.000 0.000 0.000 0.000 0.000 0.000 0.000 0.000 0.000 0.000 0.000 0.000 0.000 0.000 0.000 0.000 0.000 0.000 0.000 0.000 0.000 0.000 0.000 0.000 0.000 0.000 21/07/2058
0.000 0.000 0.000 0.000 0.000 0.000 0.000 0.000 0.000 0.000 0.000 0.000 0.000 0.000 0.000 0.000 0.000 0.000 0.000 0.000 0.000 0.000 0.000 0.000 0.000 0.000 0.000 0.000 0.000 0.000 22/07/2058
0.000 0.000 0.000 0.000 0.000 0.000 0.000 0.000 0.000 0.000 0.000 0.000 0.000 0.000 0.000 0.000 0.000 0.000 0.000 0.000 0.000 0.000 0.000 0.000 0.000 0.000 0.000 0.000 0.000 0.000 23/07/2058
0.000 0.000 0.000 0.000 0.000 0.000 0.000 0.000 0.000 0.000 0.000 0.000 0.000 0.000 0.000 0.000 0.000 0.000 0.000 0.000 0.000 0.000 0.000 0.000 0.000 0.000 0.000 0.000 0.000 0.000 24/07/2058
0.000 0.000 0.000 0.000 0.000 0.000 0.000 0.000 0.000 0.000 0.000 0.000 0.000 0.000 0.000 0.000 0.000 0.000 0.000 0.000 0.000 0.000 0.000 0.000 0.000 0.000 0.000 0.000 0.000 0.000 25/07/2058
0.540 0.372 0.374 0.587 1.076 0.602 0.577 0.571 0.294 0.943 0.601 0.569 0.549 0.235 0.726 0.155 0.000 0.153 0.238 0.570 0.000 0.000 0.103 0.137 0.137 0.000 0.000 0.103 0.137 0.140 26/07/2058
2.175 2.417 2.427 2.470 3.371 2.294 2.530 2.505 2.015 2.810 2.291 2.498 2.093 2.148 2.747 2.050 1.940 2.080 2.157 1.985 1.292 1.323 1.623 1.355 1.355 1.276 1.029 1.596 1.344 1.376 27/07/2058
0.000 0.000 0.000 0.000 0.000 0.000 0.000 0.000 0.000 0.000 0.000 0.000 0.000 0.000 0.000 0.000 0.000 0.000 0.000 0.000 0.000 0.000 0.000 0.000 0.000 0.000 0.000 0.000 0.000 0.000 28/07/2058
0.000 0.000 0.000 0.000 0.000 0.000 0.000 0.000 0.000 0.000 0.000 0.000 0.000 0.000 0.000 0.000 0.000 0.000 0.000 0.000 0.000 0.000 0.000 0.000 0.000 0.000 0.000 0.000 0.000 0.000 29/07/2058
0.000 0.000 0.000 0.000 0.000 0.000 0.000 0.000 0.000 0.000 0.000 0.000 0.000 0.000 0.000 0.000 0.000 0.000 0.000 0.000 0.000 0.000 0.000 0.000 0.000 0.000 0.000 0.000 0.000 0.000 30/07/2058
0.714 0.149 0.151 0.000 0.000 0.621 0.255 0.252 0.189 0.000 0.621 0.252 0.300 0.116 0.000 0.209 0.000 0.119 0.116 0.000 0.123 0.000 0.101 0.104 0.104 0.121 0.103 0.101 0.103 0.104 31/07/2058
