# 6448 6449 6450 6451 6452 6528 6529 6530 6531 6532 6610 6611 6612 6613 6614 6693 6694 6695 6696 6697 6776 6777 6778 6779 6780 6859 6860 6861 6862 6863 Date
21.893 21.780 21.704 21.552 20.425 21.664 21.508 21.617 21.780 20.568 21.693 21.664 22.069 21.844 21.006 21.817 22.126 22.349 21.815 21.687 22.575 22.365 22.566 22.300 22.307 22.742 22.733 22.786 22.398 22.180 01/08/2008
18.698 18.413 18.316 18.142 17.294 18.171 17.772 17.988 19.194 17.985 18.207 18.069 19.215 19.257 18.565 18.637 19.005 19.448 19.139 19.189 19.469 19.365 19.876 19.902 19.916 19.724 19.806 20.390 20.132 19.483 02/08/2008
21.648 21.727 21.638 20.372 20.561 21.434 21.096 21.335 21.520 20.596 21.466 21.411 21.623 21.625 21.072 21.783 22.326 21.911 21.567 21.446 22.114 22.532 22.269 21.888 21.888 22.292 22.452 22.411 21.952 21.712 03/08/2008
20.105 20.127 20.085 19.568 20.006 19.759 19.518 19.619 19.505 19.612 19.767 19.644 19.477 19.311 19.771 19.530 20.180 19.237 19.294 19.368 19.732 20.013 19.170 19.576 19.577 19.810 20.313 19.222 19.593 19.535 04/08/2008
17.449 17.296 17.273 16.944 17.016 17.606 17.381 17.501 17.137 16.779 17.626 17.538 17.314 16.824 16.555 17.511 18.006 17.244 16.774 16.690 17.735 17.940 17.325 17.075 17.079 17.819 18.043 17.412 17.141 16.916 05/08/2008
18.038 17.874 17.832 16.677 15.646 17.858 17.715 17.867 16.121 15.477 17.883 17.917 16.265 15.695 15.567 17.551 17.616 16.230 15.632 15.707 17.794 17.700 16.299 16.177 16.181 17.818 17.734 16.523 16.291 15.946 06/08/2008
18.174 17.961 17.904 17.476 17.140 17.918 17.689 17.798 17.678 17.117 17.945 17.840 17.784 17.372 17.174 18.008 18.268 17.786 17.309 17.191 18.261 18.235 17.740 17.725 17.730 18.356 18.474 18.003 17.864 17.471 07/08/2008
22.383 22.185 22.125 21.614 21.163 22.121 21.810 21.956 22.080 21.221 22.151 22.013 22.057 21.867 21.356 21.916 21.813 21.930 21.818 21.660 21.903 21.738 21.783 21.788 21.801 22.069 21.905 22.023 21.899 21.594 08/08/2008
18.903 18.535 18.465 18.111 17.906 18.790 18.482 18.622 18.919 18.281 18.804 18.662 18.924 19.295 18.814 19.083 19.133 19.222 19.243 18.845 19.667 19.400 19.616 19.469 19.478 19.907 19.478 19.826 19.539 19.163 09/08/2008
19.389 19.340 19.314 18.589 18.542 19.323 19.178 19.226 19.132 18.410 19.333 19.240 19.161 18.964 18.663 19.937 19.844 19.155 18.929 19.096 19.782 19.959 19.207 19.185 19.194 19.777 19.977 19.343 19.248 19.066 10/08/2008
18.175 17.841 17.768 17.297 16.876 18.065 17.482 17.657 17.534 16.854 18.111 17.704 17.834 17.335 17.154 17.938 17.923 17.860 17.252 17.166 17.646 17.653 17.580 17.882 17.891 17.813 17.844 17.926 18.020 17.562 11/08/2008
18.425 18.379 18.358 18.087 18.776 18.453 18.362 18.464 18.480 18.658 18.470 18.511 18.627 18.826 18.916 18.695 19.209 18.842 18.780 18.766 18.843 19.401 19.014 19.066 19.072 18.995 19.332 19.219 19.151 18.860 12/08/2008
19.758 19.591 19.565 19.024 18.986 19.727 19.304 19.419 19.398 18.986 19.742 19.463 19.828 19.488 19.454 20.121 19.973 19.866 19.461 19.364 20.064 19.872 19.730 19.610 19.608 20.293 20.098 19.830 19.668 19.514 13/08/2008
19.745 19.593 19.563 18.966 18.874 19.255 19.048 19.168 19.129 18.782 19.278 19.222 19.119 18.615 18.729 19.265 19.483 18.937 18.548 18.734 19.341 19.405 18.924 18.744 18.747 19.448 19.445 19.141 18.808 18.536 14/08/2008
20.062 19.879 19.845 19.107 19.394 19.840 19.571 19.662 19.607 19.398 19.862 19.702 19.944 19.456 19.485 20.015 20.255 19.821 19.387 19.465 20.165 20.350 19.931 19.499 19.503 20.306 20.515 20.080 19.565 19.417 15/08/2008
19.116 18.698 18.629 17.973 18.382 18.783 18.575 18.733 19.126 18.705 18.807 18.770 19.191 18.846 18.904 19.305 19.734 19.093 18.760 18.885 19.728 19.793 19.181 19.179 19.188 19.893 20.074 19.506 19.334 18.905 16/08/2008
20.876 20.925 20.845 20.246 19.361 20.720 20.627 20.799 21.081 19.539 20.747 20.851 21.321 21.229 19.818 20.481 20.609 21.284 21.162 20.912 20.587 20.694 21.361 21.469 21.477 20.677 20.633 21.693 21.608 21.226 17/08/2008
22.219 22.016 21.954 21.954 21.720 21.920 21.767 21.875 22.541 21.939 21.948 21.926 22.541 22.553 22.170 21.934 22.231 22.683 22.499 22.313 22.144 22.276 22.685 22.730 22.735 22.312 22.422 22.869 22.799 22.540 18/08/2008
20.903 20.717 20.662 20.378 20.674 20.716 20.493 20.599 21.044 20.796 20.742 20.653 20.984 21.110 20.766 21.077 21.590 21.094 21.073 20.591 21.275 21.642 21.132 21.031 21.034 21.424 21.836 21.245 21.078 20.938 19/08/2008
20.554 20.239 20.201 19.618 19.870 20.276 19.929 20.076 19.807 19.527 20.300 20.117 20.222 19.874 19.611 20.075 20.111 19.879 19.821 19.658 20.081 20.249 19.983 19.895 19.903 20.247 20.200 20.121 19.950 19.809 20/08/2008
22.180 22.003 21.951 20.802 21.855 21.782 21.839 21.965 22.027 21.850 21.806 21.997 22.223 21.959 21.922 21.399 21.803 22.018 21.921 21.776 21.290 21.683 21.918 22.095 22.100 21.426 21.518 22.083 22.188 21.949 21/08/2008
20.461 20.548 20.464 20.192 20.601 20.452 20.414 20.580 20.984 20.718 20.483 20.636 21.110 20.992 20.991 20.223 20.669 20.750 20.927 20.885 20.361 20.638 20.726 21.286 21.291 20.537 20.629 20.941 21.419 21.011 22/08/2008
20.574 20.640 20.561 20.308 20.585 20.516 20.282 20.465 20.836 20.739 20.545 20.529 21.035 20.846 20.962 20.285 20.710 20.872 20.776 20.883 20.464 20.702 20.864 21.178 21.182 20.639 20.779 21.096 21.281 20.960 23/08/2008
19.118 18.999 18.937 18.915 19.229 18.899 18.730 18.855 19.209 19.365 18.914 18.888 19.163 19.065 19.599 18.854 19.001 19.011 19.033 19.466 19.349 19.237 19.295 19.377 19.379 19.460 19.538 19.439 19.439 19.231 24/08/2008
19.460 19.202 19.141 18.857 19.065 19.085 18.901 19.072 19.320 18.965 19.109 19.113 19.457 19.229 19.287 19.049 19.689 19.335 19.187 19.282 19.444 19.770 19.392 19.441 19.446 19.614 20.027 19.655 19.542 19.230 25/08/2008
18.268 18.060 17.971 17.119 17.027 17.835 17.647 17.828 17.577 17.048 17.852 17.873 17.797 17.477 17.228 18.734 19.290 17.744 17.422 17.500 19.014 19.230 17.669 17.770 17.780 19.274 19.541 17.999 17.915 17.508 26/08/2008
21.082 20.939 20.852 20.118 20.538 20.743 20.697 20.806 20.864 20.458 20.767 20.839 21.195 20.748 20.429 21.345 21.939 21.008 20.663 20.627 21.661 21.863 20.991 21.036 21.040 21.822 22.107 21.329 21.192 20.760 27/08/2008
21.893 21.873 21.808 21.346 21.829 21.660 21.622 21.774 22.192 21.625 21.679 21.836 22.494 21.850 21.630 22.200 21.617 22.193 21.747 21.861 22.435 21.560 22.123 22.210 22.218 22.611 21.890 22.396 22.320 21.920 28/08/2008
17.675 18.112 18.041 17.837 18.651 17.728 17.856 18.037 18.497 18.434 17.756 18.100 18.602 18.544 18.511 17.989 18.642 18.575 18.483 18.353 18.372 18.753 18.654 18.727 18.732 18.533 18.546 18.902 18.848 18.573 29/08/2008
15.802 15.901 15.871 15.441 15.757 15.859 15.951 16.029 16.730 15.825 15.865 16.058 16.580 16.505 15.960 16.531 17.140 16.635 16.473 16.388 16.837 17.259 16.790 16.640 16.642 16.884 17.264 16.848 16.677 16.565 30/08/2008
15.870 15.914 15.829 15.405 15.254 15.743 15.680 15.903 15.852 15.253 15.773 15.973 15.886 15.405 15.191 15.784 15.963 15.559 15.325 15.165 16.058 16.217 15.790 15.861 15.872 16.160 16.318 16.107 16.017 15.605 31/08/2008
15.478 15.599 15.524 14.832 14.299 15.346 15.465 15.608 15.021 14.363 15.382 15.658 14.728 13.965 13.974 14.394 14.467 13.874 13.930 13.898 14.798 14.803 14.256 14.342 14.348 14.861 14.762 14.465 14.442 14.140 01/09/2008
17.030 16.786 16.752 16.229 15.613 16.939 16.655 16.779 16.198 15.639 16.958 16.824 16.135 16.171 15.453 16.192 16.115 15.814 16.132 15.820 16.588 16.448 16.119 16.414 16.418 16.711 16.191 16.329 16.476 16.249 02/09/2008
13.887 13.565 13.525 13.052 13.643 13.824 13.668 13.808 13.963 13.745 13.857 13.858 13.961 13.656 13.431 14.337 14.131 13.693 13.620 13.360 14.735 14.596 14.130 14.295 14.299 14.842 14.331 14.322 14.397 14.115 03/09/2008
13.388 13.140 13.105 13.012 13.469 13.186 13.168 13.241 13.192 13.711 13.199 13.274 13.381 12.937 13.330 12.952 13.404 13.135 12.905 12.909 13.262 13.609 13.338 13.395 13.400 13.375 13.492 13.587 13.467 13.162 04/09/2008
13.387 13.375 13.372 13.059 14.624 13.478 13.461 13.506 14.613 14.756 13.501 13.541 14.705 14.622 14.481 14.889 15.018 14.676 14.591 14.532 15.361 15.103 14.709 14.608 14.612 15.556 15.182 14.824 14.650 14.570 05/09/2008
16.387 15.891 15.841 14.994 15.407 16.082 15.519 15.685 15.372 15.550 16.101 15.740 16.339 15.251 15.416 16.306 15.883 16.154 15.219 15.530 16.500 15.994 16.224 15.776 15.785 16.694 16.423 16.406 15.827 15.646 06/09/2008
15.688 15.544 15.445 15.537 15.571 15.378 15.261 15.433 15.848 15.644 15.413 15.512 16.077 15.718 15.700 15.553 16.311 16.025 15.634 16.003 15.655 16.433 16.071 16.053 16.061 15.800 16.228 16.426 16.246 15.771 07/09/2008
14.851 14.711 14.666 13.788 14.672 14.855 14.681 14.732 14.731 14.701 14.871 14.761 14.928 14.950 14.991 15.390 15.556 14.982 14.930 15.288 15.632 15.532 14.897 15.035 15.037 15.649 15.964 15.025 15.040 14.971 08/09/2008
15.017 14.610 14.621 14.427 15.123 14.837 14.581 14.598 14.997 14.957 14.839 14.615 14.887 15.187 15.007 15.454 15.359 14.981 15.202 15.281 15.536 15.242 14.814 15.159 15.160 15.539 15.824 14.859 15.163 15.220 09/09/2008
17.665 17.463 17.416 17.282 17.539 17.505 17.257 17.391 17.794 17.682 17.532 17.436 17.723 18.150 18.021 18.045 18.284 17.934 18.130 18.183 18.130 18.303 17.881 18.357 18.358 18.185 18.463 18.038 18.377 18.241 10/09/2008
15.982 15.896 15.841 15.236 15.492 15.875 15.745 15.867 15.819 15.920 15.902 15.922 15.933 16.279 16.314 16.030 16.431 16.234 16.241 16.293 16.343 16.483 16.321 16.523 16.525 16.388 16.558 16.501 16.601 16.366 11/09/2008
14.157 13.930 13.875 13.375 13.363 13.970 13.779 13.886 14.358 13.832 13.992 13.927 14.673 14.279 14.065 14.410 15.349 14.946 14.170 14.401 14.707 15.137 14.712 14.983 14.997 14.870 15.802 15.152 15.187 14.586 12/09/2008
14.006 13.311 13.266 13.571 12.923 13.633 13.018 13.163 13.611 13.135 13.644 13.222 13.805 13.597 13.560 13.471 13.577 13.920 13.556 13.369 13.809 13.538 13.948 13.996 14.003 14.022 14.175 14.119 14.096 13.874 13/09/2008
12.884 12.350 12.281 10.964 11.820 12.466 11.754 11.901 12.390 11.823 12.482 11.932 12.620 12.316 11.646 11.645 12.092 12.601 12.279 11.673 11.829 11.884 12.361 12.103 12.103 11.966 12.469 12.396 12.174 12.052 14/09/2008
12.807 12.518 12.475 11.790 11.804 12.591 12.271 12.320 12.465 11.887 12.603 12.347 12.505 12.322 11.833 12.415 12.881 12.396 12.292 11.967 12.472 12.561 12.077 11.935 11.933 12.560 12.837 12.186 11.969 11.878 15/09/2008
14.652 14.537 14.468 14.483 14.331 14.316 14.143 14.291 14.469 14.034 14.342 14.338 14.677 14.383 14.186 14.303 14.476 14.424 14.339 14.171 14.396 14.460 14.360 14.420 14.429 14.553 14.595 14.577 14.501 14.257 16/09/2008
15.199 15.139 15.084 14.992 15.869 14.931 14.855 14.967 15.542 15.690 14.943 14.990 15.468 15.397 15.760 14.022 15.246 15.140 15.346 15.633 14.025 14.845 14.735 15.256 15.255 14.148 14.549 14.820 15.311 15.149 17/09/2008
17.327 17.292 17.231 16.773 16.988 17.250 17.014 17.113 17.511 16.843 17.255 17.130 17.286 17.390 17.021 17.140 17.516 17.077 17.329 17.407 17.177 17.492 17.017 17.675 17.681 17.270 17.443 17.277 17.794 17.435 18/09/2008
17.233 16.949 16.859 16.484 17.273 17.029 16.397 16.541 17.188 17.173 17.060 16.604 17.289 17.546 17.482 17.117 17.015 17.304 17.477 17.538 17.166 16.984 17.255 17.948 17.953 17.216 17.511 17.523 18.076 17.716 19/09/2008
17.415 16.991 16.920 16.566 15.882 16.828 16.588 16.724 16.753 15.924 16.859 16.777 17.102 16.461 16.094 17.165 17.161 17.018 16.385 16.104 17.390 17.073 16.927 16.678 16.687 17.535 17.535 17.125 16.764 16.450 20/09/2008
18.070 17.636 17.578 17.538 16.594 17.688 17.424 17.560 17.520 16.707 17.712 17.608 17.582 17.573 17.280 18.690 18.971 17.857 17.518 17.472 19.187 19.086 17.959 17.650 17.656 19.345 19.292 18.170 17.714 17.473 21/09/2008
16.504 16.567 16.502 16.406 15.964 16.295 16.098 16.249 16.569 15.847 16.331 16.297 16.400 16.431 16.405 16.378 16.594 16.432 16.367 16.620 16.796 16.686 16.497 16.655 16.665 16.966 16.867 16.759 16.783 16.444 22/09/2008
16.941 16.626 16.556 16.086 15.624 16.678 16.387 16.562 16.502 15.890 16.714 16.619 16.575 16.374 16.277 17.011 16.947 16.511 16.327 16.473 17.362 17.111 16.735 16.651 16.660 17.542 17.452 16.997 16.775 16.440 23/09/2008
17.260 17.302 17.214 16.566 15.859 17.092 16.837 17.024 16.420 16.212 17.132 17.088 16.646 16.699 16.363 17.317 17.322 16.766 16.639 16.556 17.599 17.263 16.725 16.790 16.801 17.843 17.489 17.064 16.937 16.545 24/09/2008
19.243 19.389 19.341 18.548 19.594 19.223 18.945 19.072 19.762 19.877 19.245 19.108 19.724 19.740 19.932 19.154 19.904 19.335 19.716 19.943 19.289 19.741 19.294 19.519 19.525 19.427 19.893 19.458 19.623 19.416 25/09/2008
20.890 21.113 21.130 20.759 21.760 21.170 21.003 21.003 21.474 21.635 21.177 20.997 21.621 21.334 21.605 21.447 21.816 21.385 21.324 21.504 21.350 21.594 21.216 21.338 21.341 21.392 21.750 21.325 21.401 21.242 26/09/2008
17.290 17.541 17.513 17.218 17.920 17.348 17.349 17.401 17.733 17.881 17.374 17.433 17.807 18.088 18.209 17.729 17.643 18.024 18.052 18.291 17.814 17.499 17.813 18.051 18.060 17.988 17.615 18.011 18.171 17.875 27/09/2008
15.507 15.765 15.734 15.473 15.963 15.716 15.649 15.714 16.265 16.212 15.724 15.724 16.162 16.593 16.542 16.262 16.616 16.363 16.528 16.560 16.625 16.941 16.594 16.934 16.943 16.688 16.947 16.784 17.036 16.782 28/09/2008
16.346 17.050 16.982 16.637 17.360 16.382 16.880 16.923 17.214 17.314 16.390 16.936 16.906 17.317 17.379 17.027 18.583 17.033 17.287 17.522 17.244 18.642 17.143 17.318 17.322 17.291 18.606 17.249 17.389 17.271 29/09/2008
18.731 19.102 18.976 17.980 18.339 18.597 18.787 18.995 18.730 18.433 18.637 19.059 18.749 18.868 18.627 18.342 19.613 18.812 18.816 18.989 18.507 19.673 18.853 19.157 19.167 18.611 19.506 19.146 19.319 18.919 30/09/2008
18.600 18.788 18.718 18.339 17.817 18.479 18.646 18.783 18.254 18.005 18.512 18.828 18.575 18.285 17.983 19.410 19.030 18.454 18.230 18.341 19.525 19.059 18.543 18.305 18.311 19.656 18.968 18.742 18.444 18.144 01/10/2008
18.342 18.481 18.461 17.979 18.243 18.424 18.718 18.730 18.012 18.180 18.439 18.762 18.436 18.146 18.099 19.440 19.423 18.354 18.129 18.066 19.626 19.537 18.388 18.024 18.022 19.592 19.499 18.410 18.027 18.037 02/10/2008
16.976 17.069 17.033 16.833 17.275 17.078 16.929 17.042 17.302 17.035 17.102 17.093 17.269 17.297 16.938 17.162 17.774 17.359 17.244 16.891 17.404 17.916 17.541 17.299 17.307 17.558 17.923 17.715 17.386 17.138 03/10/2008
18.106 18.216 18.203 17.972 18.256 18.609 18.854 18.875 18.712 18.654 18.613 18.887 18.832 19.100 18.498 19.463 19.914 19.291 19.040 18.598 19.552 20.052 19.350 18.743 18.744 19.625 19.885 19.433 18.774 18.540 04/10/2008
18.949 19.051 19.028 18.691 18.782 19.031 19.207 19.283 18.840 18.865 19.038 19.307 19.268 18.763 18.715 18.713 19.218 18.992 18.726 18.626 18.654 18.950 18.746 18.588 18.588 18.701 18.873 18.886 18.653 18.465 05/10/2008
13.735 13.637 13.608 12.994 13.120 13.738 13.845 13.963 13.830 13.592 13.766 13.992 14.022 14.024 13.772 14.314 14.462 14.185 13.998 13.918 14.701 14.686 14.378 14.419 14.419 14.819 14.645 14.507 14.478 14.293 06/10/2008
10.750 10.439 10.422 9.806 9.853 10.403 10.524 10.604 10.645 10.498 10.427 10.647 10.702 10.332 10.513 10.640 10.743 10.532 10.301 10.635 11.107 10.945 10.793 10.981 10.979 11.211 11.195 10.942 11.034 10.859 07/10/2008
9.583 9.481 9.430 8.786 9.412 9.461 9.426 9.563 9.981 10.081 9.470 9.608 9.637 9.704 10.038 9.922 10.022 9.575 9.713 10.134 10.440 10.207 9.845 10.142 10.146 10.568 10.470 9.999 10.206 10.037 08/10/2008
8.334 8.362 8.330 7.958 8.583 8.144 8.222 8.315 8.653 9.043 8.158 8.349 8.375 8.863 9.168 8.974 9.319 8.501 8.844 9.088 9.640 9.781 8.812 9.190 9.196 9.743 9.902 8.929 9.264 9.040 09/10/2008
11.760 11.449 11.415 11.408 11.970 11.664 11.456 11.521 12.073 12.375 11.693 11.538 11.750 12.067 12.606 12.075 12.551 12.047 12.062 12.461 12.729 13.139 12.564 12.788 12.797 12.874 13.283 12.651 12.845 12.725 10/10/2008
15.742 15.623 15.580 15.823 16.324 15.566 15.361 15.445 16.363 16.494 15.586 15.466 15.879 16.296 16.447 16.450 16.417 16.031 16.266 16.123 16.608 16.531 16.164 16.294 16.296 16.745 16.754 16.290 16.331 16.197 11/10/2008
13.687 13.436 13.385 13.422 13.892 13.186 12.992 13.043 12.903 13.130 13.203 13.063 12.933 13.095 12.855 13.725 13.719 13.032 13.051 12.842 13.625 13.475 12.757 12.566 12.568 13.692 13.738 12.870 12.639 12.433 12/10/2008
14.941 15.012 14.989 15.047 14.683 14.576 14.491 14.525 14.196 14.366 14.589 14.547 14.120 14.350 14.132 14.870 14.684 14.157 14.370 14.354 14.635 14.476 13.932 13.836 13.836 14.519 14.393 13.823 13.823 13.938 13/10/2008
13.486 13.841 13.795 12.988 12.743 13.165 13.259 13.343 13.060 12.813 13.190 13.372 13.198 12.968 12.865 13.316 13.572 13.033 12.916 12.899 13.277 13.333 12.850 12.986 12.988 13.397 13.301 12.996 13.089 12.888 14/10/2008
14.365 14.583 14.585 13.704 13.436 14.285 14.349 14.394 13.557 13.588 14.314 14.426 13.631 13.443 13.475 14.040 13.432 13.548 13.408 13.506 14.083 13.455 13.564 13.582 13.584 14.085 13.432 13.580 13.597 13.531 15/10/2008
15.628 15.768 15.730 14.965 14.825 15.512 15.590 15.630 15.156 15.295 15.522 15.649 15.113 14.970 14.988 15.622 15.250 14.779 14.926 14.871 15.249 14.939 14.444 14.820 14.822 15.230 15.098 14.549 14.845 14.668 16/10/2008
16.703 16.754 16.697 15.793 16.390 16.200 16.266 16.384 15.735 16.362 16.220 16.415 16.220 16.119 16.599 16.518 15.679 15.995 16.059 16.386 16.268 15.328 15.680 16.076 16.084 16.393 15.226 15.902 16.187 15.911 17/10/2008
13.395 14.231 14.168 13.195 13.162 13.194 13.593 13.723 12.282 12.740 13.209 13.751 13.650 12.605 12.678 13.183 13.577 12.910 12.553 12.685 12.833 12.800 12.020 12.076 12.081 12.978 13.264 12.186 12.156 11.923 18/10/2008
13.172 13.918 13.864 13.716 13.956 12.962 13.561 13.674 13.784 13.859 12.989 13.701 13.938 13.840 13.911 13.993 14.721 13.915 13.799 13.983 14.191 14.699 13.841 13.697 13.700 14.359 14.415 14.032 13.782 13.491 19/10/2008
11.990 12.060 12.004 11.381 11.355 11.788 11.789 11.885 11.654 11.437 11.809 11.937 11.923 11.602 11.588 12.106 12.135 11.902 11.570 11.633 12.040 11.867 11.547 11.617 11.624 12.177 12.127 11.716 11.674 11.426 20/10/2008
9.894 10.072 10.015 9.546 9.877 9.628 9.647 9.777 9.773 10.048 9.651 9.827 9.850 9.699 10.006 10.207 10.240 9.998 9.682 9.910 10.200 10.178 10.080 9.966 9.971 10.374 10.352 10.245 10.043 9.819 21/10/2008
11.141 11.093 11.048 10.652 10.424 10.939 10.854 10.990 10.741 10.483 10.958 11.030 10.788 10.501 10.582 11.153 11.101 10.839 10.475 10.588 11.359 11.238 10.985 10.826 10.827 11.534 11.392 11.114 10.898 10.699 22/10/2008
11.110 11.363 11.314 10.884 10.736 10.989 10.892 11.052 10.905 10.642 11.015 11.084 10.934 10.523 10.384 11.021 11.029 10.767 10.507 10.489 11.041 11.107 10.815 10.726 10.727 11.114 11.130 10.867 10.754 10.674 23/10/2008
10.078 10.513 10.474 10.319 10.118 10.148 10.321 10.445 10.326 10.042 10.156 10.485 10.197 10.146 10.143 10.196 10.577 10.121 10.124 10.132 10.429 11.075 10.640 10.693 10.702 10.531 10.570 10.706 10.738 10.601 24/10/2008
11.063 11.200 11.159 10.729 10.725 11.083 10.881 10.964 10.824 10.556 11.099 10.997 10.808 10.772 10.807 11.597 11.606 11.052 10.752 10.662 11.856 11.757 11.222 11.021 11.031 11.912 11.845 11.311 11.033 10.913 25/10/2008
9.980 9.816 9.770 9.572 9.516 9.846 9.530 9.641 9.369 9.405 9.861 9.678 9.569 9.435 9.175 10.254 10.219 9.737 9.400 9.204 10.228 10.340 9.881 9.724 9.731 10.299 10.357 10.010 9.776 9.634 26/10/2008
11.880 12.154 12.108 11.996 11.980 11.694 11.785 11.902 11.888 11.880 11.704 11.946 11.785 12.035 11.918 12.496 13.125 11.975 12.016 11.947 12.602 13.103 11.972 12.064 12.073 12.722 12.811 12.106 12.133 11.972 27/10/2008
12.489 12.369 12.331 12.309 12.424 12.183 12.137 12.226 12.285 12.342 12.201 12.247 12.383 12.522 12.485 12.898 13.264 12.649 12.494 12.575 12.810 13.102 12.465 12.424 12.432 12.969 13.095 12.584 12.471 12.335 28/10/2008
11.987 11.888 11.818 11.254 11.365 11.782 11.616 11.755 11.971 11.240 11.805 11.776 12.079 11.979 11.419 11.665 12.022 12.145 11.923 12.046 11.834 12.052 12.118 12.115 12.121 11.922 12.070 12.359 12.213 11.931 29/10/2008
11.035 11.067 11.041 11.138 10.887 10.690 10.733 10.824 10.581 10.647 10.706 10.835 10.863 10.454 10.440 10.842 10.996 10.989 10.397 10.380 10.846 11.033 11.026 10.398 10.397 10.927 10.745 11.100 10.440 10.269 30/10/2008
12.557 12.275 12.247 12.420 11.682 12.188 11.980 12.051 12.006 11.497 12.207 12.073 11.706 11.753 11.368 12.335 12.034 11.583 11.707 11.263 12.370 12.103 11.684 11.860 11.862 12.460 12.187 11.879 11.927 11.723 31/10/2008
13.406 13.228 13.222 13.507 12.611 13.099 12.983 13.003 12.900 12.383 13.108 13.026 12.527 12.604 12.315 12.488 12.403 12.346 12.575 12.218 12.436 12.394 12.343 12.417 12.418 12.461 12.134 12.456 12.467 12.337 01/11/2008
11.969 11.904 11.836 11.981 11.411 11.541 11.451 11.602 11.668 11.506 11.579 11.653 11.508 11.581 11.723 11.255 11.082 11.545 11.542 11.492 11.301 11.214 11.680 11.757 11.757 11.463 10.933 11.819 11.822 11.650 02/11/2008
11.326 11.224 11.140 10.673 10.708 11.070 10.920 11.062 10.855 10.967 11.102 11.124 11.130 10.558 10.883 11.243 11.359 10.668 10.513 10.566 11.303 11.325 10.641 10.508 10.515 11.502 11.378 10.849 10.596 10.311 03/11/2008
11.795 11.613 11.543 11.502 11.380 11.672 11.434 11.599 11.797 11.674 11.697 11.647 11.559 11.919 11.562 12.083 12.389 11.843 11.860 11.633 12.331 12.437 11.855 11.906 11.914 12.465 12.599 12.044 11.985 11.707 04/11/2008
11.655 11.296 11.237 10.194 10.153 11.180 10.794 10.894 10.304 10.522 11.200 10.922 10.355 10.532 10.528 11.125 10.949 10.224 10.484 10.891 11.004 10.978 10.276 10.814 10.820 11.111 10.936 10.474 10.900 10.622 05/11/2008
8.393 8.025 8.008 7.904 8.345 7.848 7.635 7.735 8.071 8.528 7.853 7.746 8.168 8.142 8.587 8.244 8.443 7.956 8.120 8.435 8.219 8.644 8.084 8.412 8.413 8.179 8.564 8.145 8.416 8.324 06/11/2008
9.212 9.213 9.156 8.165 8.570 9.231 8.871 9.073 8.678 8.529 9.265 9.111 9.034 9.141 8.384 9.480 9.842 9.192 9.112 9.101 9.758 9.890 9.319 9.046 9.048 9.845 10.046 9.430 9.076 8.981 07/11/2008
8.414 8.200 8.114 7.178 7.150 8.011 7.809 8.040 6.920 6.834 8.033 8.080 7.325 7.055 7.063 7.464 7.772 7.288 7.081 7.366 8.116 7.600 7.251 7.298 7.298 8.643 8.365 7.265 7.290 7.288 08/11/2008
6.762 6.041 6.025 6.081 5.946 6.480 6.246 6.208 5.702 5.512 6.476 6.216 5.854 5.683 5.624 6.449 6.498 5.683 5.715 5.973 6.494 6.470 5.799 5.553 5.551 6.625 6.503 5.742 5.535 5.647 09/11/2008
7.766 7.464 7.442 7.482 7.180 7.361 7.327 7.390 7.375 6.953 7.382 7.418 7.382 7.250 6.950 7.072 7.393 7.190 7.244 7.165 7.223 7.604 7.558 7.430 7.430 7.374 7.551 7.560 7.436 7.407 10/11/2008
5.659 5.553 5.537 5.644 6.101 5.107 5.393 5.484 5.150 5.253 5.127 5.516 5.595 5.240 4.988 5.359 5.632 5.393 5.205 4.855 5.076 5.706 5.516 5.364 5.363 5.221 5.385 5.614 5.356 5.350 11/11/2008
4.083 3.937 3.858 3.601 4.246 3.774 3.614 3.811 3.994 4.125 3.817 3.874 4.221 4.111 4.316 3.554 3.690 4.237 4.026 3.866 3.391 3.409 3.876 4.072 4.074 3.614 3.437 4.182 4.206 3.814 12/11/2008
5.128 5.232 5.205 4.287 3.756 4.984 4.847 5.029 3.643 3.573 5.018 5.076 3.655 3.701 3.883 5.397 4.706 3.801 3.636 3.823 5.411 4.679 3.734 3.751 3.756 5.517 4.626 3.939 3.822 3.523 13/11/2008
6.243 6.825 6.795 6.209 6.837 6.409 6.646 6.740 6.597 6.804 6.427 6.787 6.549 6.818 7.076 6.486 6.535 6.648 6.793 6.969 6.450 6.360 6.496 6.647 6.652 6.446 6.355 6.506 6.674 6.585 14/11/2008
8.350 8.672 8.647 7.734 7.415 8.308 8.409 8.463 7.877 7.469 8.324 8.472 8.095 8.041 7.619 7.988 8.071 8.034 8.046 8.012 7.945 8.012 8.028 7.871 7.875 7.981 7.580 8.155 7.916 7.807 15/11/2008
8.023 8.553 8.515 7.690 7.622 7.828 7.823 7.898 7.667 7.520 7.842 7.921 7.737 8.029 7.591 7.742 8.053 7.646 7.986 7.544 8.260 8.232 7.734 8.275 8.283 8.460 8.310 7.926 8.382 8.170 16/11/2008
8.086 8.138 8.101 8.195 7.983 7.848 7.399 7.503 8.237 8.037 7.871 7.534 7.778 8.378 8.040 7.589 8.132 7.954 8.334 8.148 8.435 8.680 8.475 8.656 8.663 8.470 8.538 8.700 8.764 8.495 17/11/2008
12.710 12.346 12.313 12.326 11.325 12.557 12.030 12.150 12.129 11.236 12.584 12.191 11.310 11.809 11.306 12.022 11.780 11.438 11.787 11.404 12.190 11.961 11.638 11.865 11.870 12.315 12.213 11.825 11.949 11.718 18/11/2008
11.117 10.730 10.661 11.125 9.751 10.614 10.237 10.362 10.074 9.518 10.636 10.409 9.748 9.937 9.309 10.175 10.113 9.748 9.894 9.461 10.292 10.084 9.752 9.615 9.624 10.461 10.141 9.959 9.717 9.424 19/11/2008
9.354 9.123 9.041 8.668 7.773 9.014 8.893 8.994 8.744 8.036 9.044 9.053 8.655 8.917 7.991 9.006 9.176 8.861 8.879 8.335 9.278 9.087 8.783 8.714 8.719 9.444 9.250 8.885 8.728 8.589 20/11/2008
7.586 7.305 7.275 7.027 7.362 7.004 6.857 6.949 6.865 6.992 7.035 6.992 6.603 6.762 6.918 6.341 6.630 6.538 6.791 6.750 6.475 6.678 6.649 6.747 6.749 6.625 6.584 6.627 6.712 6.806 21/11/2008
6.813 6.871 6.859 7.654 8.672 6.180 6.302 6.380 7.064 7.742 6.204 6.377 6.794 6.734 7.466 6.048 6.837 6.170 6.729 6.868 5.630 6.649 5.989 6.314 6.318 5.745 6.272 6.121 6.313 6.222 22/11/2008
7.798 7.862 7.870 8.488 8.183 7.294 6.954 6.978 7.621 6.926 7.299 6.981 6.927 7.760 6.763 5.768 5.770 6.734 7.760 7.237 5.025 5.500 6.521 6.382 6.387 5.072 5.041 6.592 6.430 6.318 23/11/2008
9.854 9.711 9.701 9.599 10.089 9.536 8.737 8.815 9.405 9.110 9.552 8.848 9.584 9.323 9.166 9.134 9.794 9.948 9.296 9.103 8.898 9.418 9.573 9.247 9.252 9.065 9.292 9.681 9.304 9.105 24/11/2008
8.025 7.811 7.804 7.695 8.150 7.766 7.472 7.523 7.292 7.612 7.753 7.565 7.543 7.301 7.833 8.176 8.037 7.442 7.298 7.625 8.601 8.663 8.054 7.901 7.909 8.748 8.545 8.143 7.973 7.787 25/11/2008
6.720 7.162 7.123 7.185 7.495 6.081 6.500 6.634 7.228 6.932 6.089 6.676 7.123 6.693 7.006 6.713 6.790 6.481 6.623 7.032 6.770 7.031 6.728 6.893 6.903 6.868 6.812 6.906 6.937 6.711 26/11/2008
6.418 6.222 6.194 6.945 7.477 6.262 5.900 5.959 6.568 6.005 6.277 5.998 6.267 5.792 5.387 6.753 7.265 5.852 5.780 5.519 6.899 7.438 6.105 6.129 6.134 6.956 7.756 6.133 6.154 6.123 27/11/2008
4.932 4.703 4.690 3.923 5.306 4.865 4.903 4.964 5.676 5.310 4.875 4.965 5.689 5.779 5.448 4.903 6.401 5.639 5.742 5.400 5.014 6.807 6.155 6.479 6.484 5.041 6.489 6.341 6.551 6.373 28/11/2008
5.348 5.907 5.903 4.588 5.607 5.380 6.163 6.216 5.682 5.723 5.383 6.219 6.656 5.551 6.096 5.340 6.528 6.097 5.546 5.982 5.167 6.369 5.950 5.430 5.435 5.173 6.060 5.996 5.451 5.385 29/11/2008
3.616 3.622 3.592 2.105 3.137 3.424 3.592 3.679 4.112 3.203 3.442 3.718 4.733 4.087 3.621 3.666 4.711 4.535 4.038 4.277 3.733 4.701 4.526 4.349 4.350 3.921 4.444 4.654 4.376 4.188 30/11/2008
1.590 2.237 2.265 2.574 1.927 1.782 2.421 2.368 0.934 1.772 1.778 2.351 0.927 1.089 1.762 1.385 1.796 0.753 1.080 1.211 0.968 1.429 0.332 0.623 0.628 1.101 1.110 0.356 0.633 0.536 01/12/2008
4.705 4.025 3.974 4.091 2.542 4.683 3.865 4.006 2.536 2.561 4.714 4.036 2.859 2.715 2.494 3.716 2.548 3.046 2.672 2.186 3.415 2.363 2.762 2.315 2.317 3.599 2.526 2.933 2.382 2.130 02/12/2008
13.006 11.551 11.466 10.875 9.825 12.707 12.096 12.228 11.028 10.159 12.736 12.285 11.206 11.089 10.099 12.574 12.448 12.226 11.035 10.565 11.921 11.333 11.007 10.887 10.894 12.144 11.705 11.265 11.012 10.665 03/12/2008
12.626 12.262 12.192 11.745 11.292 12.426 12.020 12.159 11.937 11.585 12.457 12.198 12.047 12.053 11.553 12.653 12.388 12.175 11.998 11.737 12.517 12.198 11.966 12.072 12.079 12.688 12.521 12.184 12.193 11.875 04/12/2008
8.398 8.057 8.046 7.929 7.752 8.119 7.931 8.032 8.155 7.983 8.145 8.077 8.172 8.050 7.993 8.278 8.316 8.180 7.993 7.890 8.374 8.197 8.025 8.115 8.123 8.529 8.546 8.207 8.202 7.976 05/12/2008
7.449 7.603 7.572 5.335 5.037 7.359 7.432 7.517 6.157 5.021 7.379 7.541 6.220 6.253 5.248 7.159 5.981 6.199 6.246 6.329 7.049 5.770 6.024 6.066 6.071 7.094 5.787 6.042 6.090 6.094 06/12/2008
3.576 3.693 3.704 3.856 4.390 3.374 3.312 3.342 4.044 4.337 3.366 3.340 3.862 4.121 4.521 3.694 3.191 3.837 4.173 4.236 3.315 2.888 3.695 3.611 3.604 3.273 2.956 3.425 3.495 3.868 07/12/2008
3.549 2.884 2.843 2.527 3.694 3.347 2.434 2.580 3.654 3.311 3.352 2.620 3.628 3.620 2.843 4.168 4.407 4.370 3.662 2.775 4.407 4.538 4.617 4.214 4.206 4.513 5.131 4.391 4.116 4.369 08/12/2008
8.984 8.693 8.643 8.676 7.993 8.644 8.229 8.412 8.495 7.962 8.677 8.473 8.550 8.370 7.959 8.734 8.644 8.420 8.337 8.217 8.740 8.389 8.222 8.297 8.301 8.904 8.877 8.406 8.364 8.178 09/12/2008
7.618 7.426 7.361 7.624 7.491 7.384 7.095 7.278 7.600 7.578 7.412 7.336 7.546 7.321 7.508 7.283 7.454 7.367 7.260 7.720 7.713 7.507 7.407 7.639 7.651 7.859 7.881 7.708 7.751 7.332 10/12/2008
6.282 5.581 5.499 5.486 5.940 5.795 5.159 5.330 6.015 6.078 5.824 5.387 6.090 5.964 5.979 5.214 5.252 6.079 5.904 6.173 5.853 5.177 6.098 5.995 6.001 6.177 5.975 6.404 6.129 5.792 11/12/2008
3.738 3.502 3.391 3.085 2.855 3.416 3.132 3.369 3.552 2.831 3.449 3.444 3.419 3.529 3.026 3.498 3.591 3.475 3.446 3.417 3.804 3.520 3.477 3.700 3.712 4.094 3.815 3.846 3.903 3.404 12/12/2008
2.435 2.230 2.122 2.028 1.273 2.186 1.787 2.004 1.915 1.108 2.229 2.079 1.631 1.889 1.281 2.272 2.416 1.686 1.813 1.796 2.396 2.309 1.606 1.847 1.854 2.679 2.431 1.877 1.975 1.579 13/12/2008
6.114 5.369 5.270 5.102 3.777 5.809 4.971 5.138 5.448 3.761 5.841 5.187 4.841 5.155 4.118 6.450 5.995 4.992 5.100 4.518 6.327 6.077 5.049 5.297 5.304 6.511 6.441 5.262 5.409 5.103 14/12/2008
5.232 4.740 4.665 4.225 3.999 4.650 4.760 4.934 4.973 4.217 4.667 4.991 4.913 4.984 4.523 5.443 5.775 5.170 4.915 4.771 5.561 5.917 5.276 5.132 5.142 5.743 5.693 5.460 5.255 4.923 15/12/2008
1.456 1.118 1.065 0.622 0.747 1.095 0.852 1.013 0.853 0.791 1.106 1.057 0.984 1.117 1.180 1.417 1.811 1.312 1.090 1.049 1.419 1.714 1.197 1.199 1.203 1.474 1.621 1.370 1.311 1.125 16/12/2008
-0.043 -0.296 -0.336 -0.828 -0.934 -0.402 -0.498 -0.461 -0.845 -0.720 -0.392 -0.427 -0.772 -0.874 -0.920 -0.475 -0.148 -0.564 -0.940 -1.012 -0.272 -0.098 -0.455 -0.527 -0.521 -0.138 -0.007 -0.364 -0.436 -0.625 17/12/2008
-0.695 -0.874 -0.952 -2.319 -2.160 -1.134 -1.225 -1.066 -1.333 -2.009 -1.107 -1.010 -1.361 -1.493 -1.996 -1.651 -1.372 -1.357 -1.587 -1.542 -1.221 -1.295 -1.287 -1.075 -1.065 -1.084 -1.215 -0.971 -0.898 -1.371 18/12/2008
-1.382 -1.594 -1.642 -2.140 -2.360 -1.719 -1.821 -1.658 -1.982 -2.378 -1.692 -1.601 -1.847 -2.044 -2.397 -1.618 -1.421 -1.815 -2.104 -2.143 -1.374 -1.478 -1.909 -1.960 -1.953 -1.285 -1.584 -1.666 -1.855 -2.187 19/12/2008
1.516 1.669 1.620 1.683 0.074 1.095 1.073 1.262 0.534 0.152 1.099 1.318 0.541 0.489 -0.017 0.934 0.750 0.628 0.453 0.477 0.750 0.098 -0.022 -0.308 -0.303 0.917 0.195 0.146 -0.233 -0.386 20/12/2008
3.111 3.487 3.425 3.297 3.275 3.019 3.464 3.673 4.152 3.916 3.052 3.717 3.826 4.352 4.375 3.960 4.556 4.196 4.290 4.533 3.657 4.170 3.772 4.188 4.198 3.887 3.868 4.145 4.356 3.843 21/12/2008
3.535 3.622 3.574 3.493 3.845 3.331 3.704 3.799 3.703 4.099 3.351 3.834 3.684 3.834 4.594 3.758 3.914 3.571 3.805 4.392 3.602 3.412 2.999 3.581 3.582 3.762 3.303 3.164 3.613 3.386 22/12/2008
1.614 1.902 1.819 0.497 1.332 1.814 1.750 2.010 0.845 1.174 1.857 2.087 0.765 0.973 1.189 2.632 1.413 0.605 0.928 0.997 2.030 0.895 0.058 0.355 0.353 2.022 0.913 0.155 0.408 0.223 23/12/2008
0.561 1.070 0.982 2.021 1.392 1.046 1.091 1.240 1.352 1.568 1.079 1.296 0.972 1.959 2.329 0.836 1.685 1.244 1.889 2.054 0.575 1.131 0.566 1.160 1.162 0.684 1.226 0.784 1.290 1.084 24/12/2008
0.192 0.852 0.822 1.875 0.393 0.814 1.147 1.251 1.210 1.178 0.836 1.283 0.329 2.514 2.114 1.765 1.827 1.411 2.480 2.674 1.742 1.600 1.285 2.088 2.090 1.870 1.538 1.397 2.156 2.002 25/12/2008
-1.258 -0.957 -1.040 -0.516 -0.705 -1.172 -1.070 -0.906 -0.159 -0.419 -1.135 -0.842 -0.435 0.217 -0.042 -0.451 -0.271 -0.297 0.128 -0.002 0.002 0.091 0.105 0.514 0.527 0.136 0.119 0.385 0.607 0.205 26/12/2008
1.073 0.890 0.739 0.864 1.682 1.043 0.374 0.665 1.599 1.402 1.100 0.764 1.583 1.518 1.486 -0.373 0.668 1.567 1.403 1.130 0.087 1.111 1.898 2.002 2.013 0.634 1.027 2.248 2.131 1.638 27/12/2008
1.933 1.750 1.660 1.147 1.337 1.865 1.453 1.536 1.398 1.268 1.897 1.595 1.633 1.500 1.563 1.211 0.536 1.853 1.432 1.279 1.560 0.591 1.863 2.142 2.147 1.975 0.479 2.034 2.251 1.875 28/12/2008
1.810 2.234 2.148 2.252 2.504 2.044 2.223 2.330 2.708 2.289 2.045 2.355 3.246 2.879 2.630 1.809 2.531 3.203 2.833 2.801 1.803 2.444 3.089 3.313 3.316 1.905 1.952 3.253 3.377 3.138 29/12/2008
2.350 2.543 2.467 2.247 2.193 2.363 2.270 2.418 2.572 2.061 2.381 2.466 3.017 2.634 2.250 2.366 3.207 3.131 2.596 2.293 2.820 3.343 3.190 3.052 3.054 2.927 3.361 3.319 3.084 2.996 30/12/2008
5.759 6.344 6.255 6.249 6.058 5.490 5.698 5.860 5.718 5.836 5.513 5.914 5.936 5.958 5.941 5.326 6.082 6.137 5.926 5.637 5.760 6.365 6.320 6.232 6.238 5.978 6.025 6.367 6.252 6.196 31/12/2008
7.225 7.434 7.377 6.551 6.746 6.848 7.209 7.336 6.893 6.902 6.880 7.391 7.458 7.006 7.138 6.884 7.656 7.433 6.944 7.235 6.888 7.468 7.438 7.267 7.273 7.094 7.107 7.677 7.389 7.080 01/01/2009
6.768 7.584 7.550 6.348 7.259 6.483 6.919 6.986 6.801 7.046 6.500 7.004 7.345 6.838 6.787 7.391 7.807 7.222 6.814 7.057 7.425 7.521 6.995 6.808 6.815 7.648 7.277 7.160 6.868 6.700 02/01/2009
11.620 12.055 11.990 10.957 11.447 11.313 11.775 11.835 11.674 11.351 11.339 11.855 12.125 11.751 11.333 12.433 12.954 12.104 11.715 11.742 12.436 12.514 11.737 11.656 11.664 12.505 12.497 11.872 11.761 11.575 03/01/2009
8.549 9.224 9.198 9.153 9.603 8.788 9.121 9.209 9.224 9.478 8.801 9.252 9.023 9.640 9.395 9.451 10.066 9.437 9.591 9.800 9.698 9.932 9.364 9.738 9.743 9.766 9.695 9.502 9.789 9.592 04/01/2009
6.105 6.851 6.791 6.414 6.895 6.040 6.900 7.039 7.109 7.211 6.065 7.091 6.945 7.262 7.385 7.034 7.757 6.821 7.216 7.582 7.017 7.622 6.722 7.642 7.649 7.182 6.986 6.881 7.737 7.470 05/01/2009
9.559 10.357 10.320 9.625 9.773 9.476 10.133 10.250 9.861 9.876 9.492 10.285 9.878 9.787 9.766 9.143 9.994 9.683 9.769 9.871 8.750 10.057 9.760 9.845 9.845 8.728 9.270 9.884 9.885 9.766 06/01/2009
12.143 12.445 12.380 10.994 11.062 11.898 12.067 12.224 11.701 11.142 11.932 12.289 11.773 11.501 11.055 11.285 11.758 11.536 11.495 11.524 11.406 11.721 11.534 11.498 11.502 11.469 11.724 11.641 11.555 11.386 07/01/2009
11.770 11.691 11.638 11.338 11.265 11.529 11.433 11.466 12.041 11.103 11.551 11.485 12.049 11.629 10.814 11.190 11.109 11.683 11.553 11.610 11.173 11.146 11.715 11.655 11.664 11.248 11.315 12.007 11.826 11.463 08/01/2009
11.645 11.542 11.491 11.124 11.218 11.437 11.184 11.332 11.354 10.971 11.465 11.391 11.326 10.899 10.513 10.861 10.735 11.081 10.844 10.754 10.862 10.943 11.248 10.888 10.896 11.029 11.049 11.464 11.032 10.761 09/01/2009
12.803 12.695 12.610 12.542 11.751 12.321 12.314 12.451 11.301 11.397 12.356 12.512 11.564 11.307 11.166 11.751 11.276 11.535 11.241 11.281 11.841 10.936 11.163 10.929 10.930 12.178 11.071 11.423 11.083 10.745 10/01/2009
11.133 10.236 10.121 10.629 9.859 10.055 9.126 9.422 9.248 9.198 10.111 9.515 8.695 8.318 8.048 9.065 9.309 8.160 8.294 8.355 8.213 8.827 7.780 7.437 7.440 8.039 9.547 7.788 7.472 7.448 11/01/2009
8.695 8.920 8.902 8.718 8.047 9.241 9.396 9.432 9.491 8.506 9.250 9.428 9.343 9.960 8.737 9.307 9.339 9.682 9.988 9.947 8.965 9.228 9.638 9.789 9.783 8.843 9.269 9.502 9.757 9.920 12/01/2009
6.408 7.090 7.047 6.441 6.383 6.733 7.098 7.144 6.962 6.642 6.735 7.164 7.114 7.151 6.681 7.449 7.547 6.882 7.128 7.185 7.290 7.317 6.625 7.082 7.086 7.192 7.281 6.785 7.131 6.983 13/01/2009
0.409 0.875 0.775 0.406 0.396 0.483 0.650 0.749 1.282 0.831 0.520 0.820 1.056 1.686 1.430 1.173 1.637 1.561 1.657 1.994 1.373 1.704 1.557 1.993 1.998 1.477 1.488 1.729 2.080 1.881 14/01/2009
-2.167 -2.627 -2.735 -2.630 -2.653 -2.601 -2.844 -2.687 -2.339 -1.990 -2.586 -2.688 -2.786 -1.983 -1.544 -2.705 -2.854 -2.184 -1.946 -1.968 -2.287 -2.681 -2.016 -1.595 -1.594 -2.238 -2.584 -1.982 -1.540 -1.571 15/01/2009
-0.502 -1.523 -1.590 -1.672 -1.808 -0.776 -1.629 -1.448 -0.979 -2.200 -0.740 -1.417 -1.128 -0.841 -2.142 0.239 -0.389 -0.359 -0.918 -2.014 0.853 -0.285 -0.255 -0.426 -0.418 0.988 0.882 -0.106 -0.308 -0.569 16/01/2009
5.987 4.806 4.748 4.710 4.330 5.539 4.542 4.680 5.286 3.986 5.562 4.731 5.101 5.091 4.571 5.440 5.564 5.525 5.040 4.793 5.235 5.420 5.433 5.606 5.608 5.445 5.490 5.599 5.636 5.440 17/01/2009
4.414 4.573 4.501 4.605 4.869 3.787 3.538 3.662 4.308 4.607 3.796 3.718 4.235 4.417 4.608 3.886 4.317 4.336 4.376 4.519 3.953 3.985 4.089 4.514 4.521 4.178 4.154 4.251 4.581 4.366 18/01/2009
3.739 3.736 3.671 2.481 3.670 3.132 3.247 3.430 4.009 3.779 3.156 3.475 3.860 3.718 3.894 3.116 4.256 3.549 3.682 3.912 3.248 3.865 3.197 3.449 3.453 3.554 4.055 3.401 3.540 3.293 19/01/2009
1.343 1.550 1.509 1.576 1.286 1.342 1.401 1.525 2.055 1.519 1.362 1.561 1.928 2.069 1.649 0.763 1.318 1.921 2.073 2.089 0.666 0.805 1.529 1.663 1.660 0.800 0.842 1.545 1.679 1.614 20/01/2009
0.909 1.090 1.033 0.961 0.977 0.879 0.898 1.086 1.569 0.992 0.900 1.145 1.422 1.609 1.177 0.704 1.083 1.490 1.605 1.739 0.708 0.894 1.320 1.567 1.559 0.847 0.751 1.326 1.536 1.548 21/01/2009
0.691 0.688 0.678 0.349 0.281 0.186 -0.248 -0.182 0.083 -0.081 0.416 -0.142 0.411 0.329 -0.124 0.331 0.225 0.198 0.317 0.062 0.532 0.258 0.395 0.330 0.327 0.695 0.635 0.430 0.359 0.268 22/01/2009
0.208 0.144 0.090 0.216 0.259 -0.101 -0.352 -0.185 0.436 0.316 -0.034 -0.136 0.346 0.616 0.647 0.217 0.203 0.570 0.591 0.481 0.462 0.164 0.584 0.570 0.575 0.597 0.690 0.666 0.583 0.446 23/01/2009
0.299 0.376 0.322 0.634 0.585 0.289 0.027 0.187 0.808 0.778 0.313 0.212 0.794 1.009 1.023 0.565 0.483 0.945 1.001 1.011 0.489 0.427 0.865 0.879 0.879 0.495 0.658 0.849 0.864 0.847 24/01/2009
1.454 1.411 1.391 0.651 1.511 1.189 0.930 1.035 1.281 1.600 1.211 1.084 1.568 1.798 1.905 1.709 1.965 2.072 1.803 1.940 2.125 2.024 2.177 2.282 2.283 2.231 2.266 2.329 2.319 2.153 25/01/2009
3.287 3.315 3.255 2.747 2.986 2.952 3.002 3.113 3.030 2.929 2.975 3.166 3.149 3.035 3.195 3.556 3.690 3.396 3.006 3.201 3.658 3.607 3.290 3.307 3.309 3.747 3.701 3.459 3.372 3.119 26/01/2009
4.058 3.801 3.713 2.791 2.786 3.528 3.400 3.561 3.457 2.909 3.555 3.607 3.574 3.303 2.942 3.531 3.789 3.441 3.277 3.258 3.970 3.807 3.473 3.471 3.472 4.110 4.009 3.633 3.557 3.317 27/01/2009
4.575 4.325 4.254 3.348 3.260 3.606 3.841 3.932 4.479 4.154 3.631 3.970 4.180 3.593 3.637 3.717 3.666 3.891 3.590 3.916 5.015 4.309 4.434 4.235 4.238 5.159 4.779 4.569 4.320 4.127 28/01/2009
8.606 8.562 8.478 7.366 7.061 8.048 8.088 8.234 8.172 7.174 8.066 8.286 8.224 7.587 6.971 8.072 8.026 8.027 7.546 7.452 8.640 8.250 8.207 8.042 8.047 8.834 8.690 8.420 8.141 7.873 29/01/2009
9.302 9.361 9.266 8.433 8.552 9.080 9.100 9.209 8.894 8.626 9.108 9.260 9.095 8.739 8.784 9.413 9.291 9.006 8.684 8.715 9.507 9.227 8.941 8.962 8.968 9.706 9.314 9.168 9.072 8.780 30/01/2009
8.278 8.236 8.165 7.723 7.730 7.645 7.487 7.607 7.855 7.311 7.679 7.670 8.150 7.139 7.517 7.650 7.264 7.418 7.104 7.845 6.725 6.421 6.742 7.019 7.023 6.912 6.984 6.966 7.130 6.825 31/01/2009
6.753 6.679 6.630 6.704 6.749 6.492 6.175 6.298 6.330 6.468 6.527 6.344 6.403 5.980 6.494 6.788 6.238 6.034 5.912 6.177 6.155 5.573 5.473 5.581 5.588 6.250 6.063 5.685 5.651 5.369 01/02/2009
4.137 4.198 4.122 3.279 2.837 3.861 3.927 4.009 3.303 3.228 3.885 4.024 3.441 3.032 2.907 4.085 4.121 3.507 2.977 3.073 4.241 4.019 3.496 3.561 3.561 4.293 3.946 3.541 3.628 3.493 02/02/2009
4.218 4.030 3.993 3.514 3.398 3.815 3.727 3.804 3.144 3.052 3.833 3.823 3.361 2.571 2.456 3.803 4.062 3.450 2.562 2.393 3.950 3.964 3.421 3.232 3.232 4.036 4.013 3.414 3.235 3.197 03/02/2009
6.153 5.935 5.890 5.819 5.560 5.984 5.775 5.849 5.970 5.514 5.997 5.889 5.870 5.864 5.735 6.374 6.431 6.160 5.830 5.843 6.361 6.224 5.983 6.134 6.137 6.468 6.363 6.128 6.213 5.973 04/02/2009
8.178 8.116 8.078 7.188 6.775 7.991 7.985 8.075 7.006 6.869 8.011 8.108 7.096 6.912 6.946 7.612 7.828 6.877 6.856 7.291 8.229 8.025 7.190 7.482 7.490 8.399 8.116 7.437 7.596 7.226 05/02/2009
7.493 7.110 7.069 6.537 5.049 7.276 7.322 7.419 5.657 5.045 7.291 7.442 5.966 5.678 5.188 7.491 7.040 5.819 5.590 5.684 7.627 6.790 5.648 5.969 5.978 7.760 7.044 5.880 6.094 5.749 06/02/2009
3.417 3.336 3.264 2.525 2.397 3.035 2.867 3.028 2.940 2.468 3.055 3.031 3.093 2.902 2.725 3.445 3.538 3.083 2.857 2.931 3.920 3.576 3.127 3.059 3.067 4.026 3.990 3.291 3.125 2.880 07/02/2009
4.946 4.895 4.843 3.821 3.739 4.484 4.287 4.407 4.232 3.758 4.500 4.437 4.551 4.116 3.856 5.033 4.895 4.572 4.096 4.093 5.428 4.889 4.534 4.386 4.393 5.600 5.424 4.665 4.465 4.258 08/02/2009
7.425 6.997 6.935 6.108 6.028 7.188 6.566 6.693 6.572 6.000 7.224 6.714 6.755 6.369 6.114 7.569 7.158 6.793 6.325 6.179 7.751 7.294 6.863 6.750 6.755 7.881 7.867 7.074 6.849 6.587 09/02/2009
5.347 5.342 5.269 4.388 5.527 5.606 5.199 5.342 5.060 5.631 5.629 5.388 5.544 5.180 5.793 6.264 5.995 5.619 5.128 5.856 6.557 6.088 5.673 5.438 5.446 6.725 6.686 5.874 5.501 5.265 10/02/2009
5.994 5.905 5.795 4.968 5.103 5.746 5.662 5.825 5.552 5.478 5.775 5.885 6.100 5.480 5.878 6.433 6.464 5.940 5.426 6.094 6.785 6.687 6.135 5.836 5.845 6.891 6.820 6.452 5.957 5.624 11/02/2009
3.156 2.416 2.353 1.369 2.057 2.874 2.630 2.760 2.343 2.186 2.892 2.817 2.998 2.380 2.767 3.212 3.303 2.925 2.347 2.734 3.503 3.362 3.021 2.986 2.989 3.657 3.414 3.161 3.064 2.854 12/02/2009
2.191 2.436 2.359 1.863 2.663 2.579 2.736 2.891 2.641 2.350 2.589 2.935 3.172 2.745 2.563 3.412 3.527 3.205 2.733 2.610 3.727 3.644 3.323 3.256 3.258 3.874 3.784 3.419 3.285 3.156 13/02/2009
2.106 1.926 1.844 1.686 2.788 2.194 1.953 2.093 2.069 3.175 2.209 2.115 2.283 2.373 3.247 2.102 2.962 2.712 2.351 3.353 2.976 2.837 2.609 2.658 2.661 3.100 3.066 2.768 2.765 2.580 14/02/2009
9.496 9.452 9.449 8.762 11.175 9.923 9.675 9.597 10.202 11.246 9.898 9.557 10.152 10.384 11.031 10.122 9.985 10.501 10.445 10.679 10.611 10.128 10.726 10.468 10.460 10.579 10.668 10.528 10.388 10.687 15/02/2009
6.290 6.100 6.053 5.112 6.001 5.668 5.900 5.962 6.038 6.140 5.689 5.979 5.973 5.642 5.984 6.507 6.471 6.023 5.650 6.067 6.297 6.081 5.710 5.584 5.588 6.345 6.377 5.795 5.621 5.581 16/02/2009
6.653 6.309 6.250 6.047 5.901 5.967 5.913 6.073 5.941 5.884 5.984 6.115 6.101 5.589 5.778 6.816 6.336 5.917 5.560 5.770 6.899 6.087 5.672 5.710 5.716 7.167 5.930 5.896 5.823 5.581 17/02/2009
15.372 15.504 15.373 15.102 12.518 14.894 14.592 14.931 13.880 12.706 14.957 15.043 13.960 13.676 12.772 14.351 14.324 13.672 13.641 13.682 14.764 14.475 13.807 13.748 13.752 15.146 14.487 13.972 13.826 13.627 18/02/2009
15.751 16.242 16.163 15.744 14.793 15.499 15.505 15.734 15.239 14.784 15.546 15.814 15.093 15.174 14.729 14.907 15.683 14.969 15.129 15.361 15.238 15.808 15.093 15.083 15.086 15.489 15.589 15.188 15.124 14.967 19/02/2009
7.495 7.913 7.836 6.843 6.860 7.699 8.182 8.115 8.059 7.615 7.735 8.176 8.407 8.204 7.911 8.185 8.798 8.580 8.163 8.514 8.456 8.671 8.490 8.700 8.704 8.680 8.809 8.668 8.756 8.519 20/02/2009
8.171 8.585 8.522 8.373 8.438 8.355 8.815 8.874 8.496 8.975 8.381 8.917 8.848 8.519 9.042 7.965 8.230 8.652 8.448 8.904 7.446 7.948 8.393 8.974 8.977 7.491 7.269 8.590 9.079 8.732 21/02/2009
12.049 12.533 12.452 12.526 11.511 11.626 11.980 12.122 11.802 11.782 11.643 12.180 12.079 11.947 11.933 11.181 10.979 11.784 11.864 12.446 11.010 10.850 11.592 12.005 12.012 11.055 10.668 11.870 12.114 11.678 22/02/2009
13.994 14.023 13.953 13.254 13.471 13.659 13.962 14.047 14.072 13.711 13.665 14.050 14.256 13.881 13.753 13.178 13.898 13.988 13.832 13.937 13.517 13.896 13.928 13.830 13.833 13.632 13.775 14.050 13.962 13.749 23/02/2009
11.211 11.312 11.200 10.723 8.652 10.988 11.031 11.235 10.916 8.661 11.035 11.298 11.171 10.622 8.872 11.554 11.924 11.023 10.505 10.613 11.650 11.910 10.911 11.040 11.052 11.684 11.975 11.367 11.291 10.668 24/02/2009
8.719 8.159 8.103 7.698 7.250 8.541 8.045 8.205 8.204 7.222 8.563 8.250 7.905 7.817 7.208 9.260 8.712 8.109 7.760 7.555 9.379 8.541 7.944 8.063 8.062 9.550 9.029 8.093 8.114 7.904 25/02/2009
10.917 10.207 10.134 9.861 9.218 10.496 9.862 10.007 10.366 9.365 10.530 10.064 9.694 10.136 9.249 10.937 10.924 10.223 10.079 9.727 11.308 11.051 10.357 10.343 10.343 11.421 11.277 10.526 10.407 10.177 26/02/2009
10.531 10.303 10.262 10.036 9.530 10.239 9.980 10.092 10.198 9.528 10.268 10.134 9.892 9.952 9.429 10.520 10.848 10.165 9.929 9.790 10.856 10.902 10.212 10.099 10.102 10.991 11.074 10.318 10.158 9.984 27/02/2009
6.615 5.803 5.760 5.179 5.182 5.969 5.482 5.589 6.455 5.806 5.991 5.619 6.068 7.202 6.562 6.869 7.269 6.901 7.134 6.843 8.035 7.724 7.280 7.522 7.524 8.173 8.137 7.516 7.618 7.311 28/02/2009
5.433 5.229 5.139 4.811 4.335 5.147 4.739 4.935 5.391 4.855 5.176 5.001 5.371 5.653 5.181 5.902 5.989 5.526 5.574 5.197 6.720 6.393 5.869 5.861 5.864 6.938 6.750 6.137 5.947 5.620 01/03/2009
9.622 8.875 8.811 8.908 8.648 9.449 8.436 8.584 9.064 8.378 9.474 8.664 8.932 9.011 8.580 9.916 9.938 9.142 8.952 8.128 10.063 9.788 8.980 9.132 9.136 10.254 10.503 9.230 9.229 8.901 02/03/2009
12.477 12.230 12.193 11.788 12.476 12.480 11.931 12.033 12.399 12.335 12.490 12.081 12.398 12.129 12.346 13.152 12.303 12.271 12.099 12.052 12.945 12.586 12.487 12.531 12.535 12.937 12.527 12.603 12.581 12.342 03/03/2009
14.385 14.382 14.304 14.212 13.865 14.244 13.860 14.006 14.050 13.616 14.270 14.057 14.101 13.664 13.417 15.017 14.738 13.589 13.622 13.417 14.846 14.709 13.581 13.615 13.619 14.955 14.776 13.724 13.702 13.452 04/03/2009
9.780 9.521 9.460 9.012 8.853 9.563 9.167 9.244 9.405 8.540 9.574 9.273 9.275 9.114 8.686 10.147 9.859 9.299 9.050 8.636 10.126 9.790 9.246 9.158 9.163 10.266 10.137 9.356 9.224 8.998 05/03/2009
8.860 8.800 8.739 8.596 8.267 8.742 8.500 8.685 8.531 8.065 8.782 8.748 8.558 8.417 8.270 9.034 8.979 8.478 8.357 8.210 9.101 9.004 8.545 8.507 8.510 9.195 9.229 8.569 8.528 8.397 06/03/2009
10.651 10.351 10.284 10.631 9.927 10.441 9.658 9.810 10.071 9.542 10.451 9.845 9.936 9.882 9.706 10.633 10.290 9.827 9.822 9.756 10.650 10.449 9.939 10.020 10.025 10.824 10.866 10.064 10.057 9.848 07/03/2009
10.640 10.447 10.375 10.335 9.905 10.290 10.014 10.165 10.322 9.485 10.324 10.229 10.383 10.063 9.597 10.549 10.937 10.277 9.989 9.880 10.586 10.796 10.106 9.741 9.747 10.799 10.819 10.363 9.844 9.543 08/03/2009
8.500 8.495 8.467 8.432 8.249 8.131 8.322 8.425 8.015 7.695 8.161 8.468 8.308 8.115 7.974 8.770 8.390 8.359 8.060 8.120 9.078 8.334 8.260 8.135 8.144 9.219 8.491 8.573 8.285 7.911 09/03/2009
6.480 6.065 6.033 5.624 6.224 6.119 5.599 5.654 5.649 5.885 6.140 5.691 6.352 6.063 6.183 7.278 6.990 6.514 6.015 5.871 6.914 7.015 6.459 6.127 6.133 6.812 7.090 6.701 6.220 5.936 10/03/2009
5.085 5.656 5.597 5.931 6.004 4.862 5.561 5.707 6.433 6.021 4.891 5.766 6.144 6.044 5.562 5.319 6.315 5.949 5.974 5.695 6.237 6.850 6.460 6.760 6.767 6.362 6.430 6.619 6.859 6.533 11/03/2009
5.208 5.455 5.456 4.496 4.909 4.941 5.125 5.139 4.409 5.070 4.953 5.163 4.343 3.958 5.279 5.385 6.425 4.234 3.900 3.864 5.481 6.513 4.197 4.403 4.443 5.311 6.524 5.240 5.108 4.038 12/03/2009
10.156 9.959 9.906 9.383 9.306 9.738 9.349 9.459 9.502 9.209 9.769 9.504 9.524 9.100 9.328 10.359 10.505 9.430 9.073 9.024 10.450 10.583 9.554 9.445 9.456 10.490 10.820 9.942 9.687 9.344 13/03/2009
7.306 7.472 7.390 6.740 7.073 6.970 6.958 7.155 7.350 7.009 7.004 7.229 7.585 7.460 7.375 7.985 7.566 7.498 7.391 7.357 8.131 7.469 7.433 7.668 7.676 8.310 7.645 7.705 7.812 7.439 14/03/2009
5.027 4.625 4.579 3.106 2.763 4.461 4.193 4.342 3.222 2.596 4.483 4.379 3.490 3.140 2.855 4.868 4.578 3.500 3.140 3.099 5.098 4.487 3.674 3.587 3.593 5.296 4.727 3.825 3.678 3.408 15/03/2009
5.748 5.288 5.256 4.912 4.817 5.165 5.188 5.287 4.979 4.607 5.190 5.319 5.219 5.001 4.971 5.660 5.915 5.194 4.903 5.030 5.716 5.832 5.118 5.348 5.359 5.770 5.906 5.387 5.456 4.999 16/03/2009
7.870 7.692 7.632 7.428 7.474 7.517 7.363 7.486 7.310 7.349 7.530 7.523 7.738 7.490 7.602 8.263 8.620 8.088 7.456 7.357 8.385 8.346 7.784 7.537 7.545 8.505 8.754 8.058 7.667 7.360 17/03/2009
6.490 6.847 6.824 6.188 7.053 6.573 6.782 6.847 7.212 7.283 6.582 6.860 7.377 7.003 7.336 7.691 8.173 7.427 6.938 7.224 7.663 7.844 7.116 7.072 7.079 7.769 8.247 7.322 7.102 6.847 18/03/2009
10.780 11.116 11.160 9.598 10.445 11.164 11.566 11.483 10.859 10.552 11.136 11.459 11.080 10.593 10.517 11.491 11.520 10.800 10.592 10.661 11.141 11.342 10.566 10.560 10.559 11.068 11.545 10.582 10.543 10.552 19/03/2009
16.418 16.556 16.586 15.741 16.143 16.542 16.537 16.465 16.531 15.883 16.529 16.439 16.335 16.054 15.661 16.081 16.036 16.020 16.033 16.011 15.532 15.426 15.445 15.274 15.275 15.402 15.752 15.409 15.301 15.299 20/03/2009
17.709 17.693 17.649 17.692 17.471 17.492 17.373 17.449 17.867 17.445 17.498 17.467 17.531 17.896 17.476 17.546 17.805 17.686 17.864 17.909 17.874 17.787 17.746 17.900 17.909 17.906 17.800 17.881 17.980 17.850 21/03/2009
12.436 12.051 12.013 12.042 11.823 11.961 11.699 11.853 12.333 12.072 11.985 11.880 12.005 12.239 12.556 11.902 12.080 11.727 12.185 12.805 12.454 12.280 11.972 12.428 12.431 12.579 12.516 12.092 12.516 12.315 22/03/2009
11.749 11.143 11.098 10.747 11.025 11.248 10.652 10.803 10.987 10.862 11.275 10.843 10.948 10.612 11.103 10.633 10.700 10.444 10.560 11.151 11.436 10.641 10.398 11.107 11.110 11.564 11.554 10.548 11.202 10.928 23/03/2009
14.733 14.463 14.402 14.006 14.827 14.242 13.958 14.073 14.537 14.677 14.267 14.117 14.827 14.269 14.498 14.079 14.548 14.337 14.256 14.364 14.278 14.593 14.418 14.418 14.419 14.354 14.582 14.515 14.480 14.359 24/03/2009
14.370 14.106 14.040 13.617 14.146 13.603 13.413 13.537 14.191 14.230 13.623 13.576 14.209 14.340 14.146 13.845 14.328 14.145 14.309 14.202 13.930 14.287 14.097 14.534 14.535 14.057 14.206 14.309 14.638 14.356 25/03/2009
12.942 12.759 12.689 12.135 12.294 12.762 12.790 12.911 13.091 12.580 12.783 12.942 13.314 13.135 12.906 14.183 14.416 13.229 13.100 13.014 14.371 14.507 13.307 13.621 13.628 14.518 14.611 13.483 13.721 13.477 26/03/2009
13.157 13.135 13.075 12.079 11.832 12.899 13.000 13.101 12.071 11.927 12.917 13.134 12.288 11.996 12.033 13.122 13.090 12.216 11.938 11.974 13.114 12.915 12.067 12.176 12.185 13.381 13.055 12.324 12.285 11.936 27/03/2009
13.552 13.495 13.393 12.555 12.116 13.513 13.487 13.715 13.169 12.473 13.559 13.779 13.521 13.287 12.716 15.820 15.364 13.557 13.178 13.330 15.820 15.231 13.418 13.581 13.591 15.866 15.373 13.755 13.735 13.209 28/03/2009
11.989 11.892 11.867 11.154 11.854 12.234 12.474 12.533 11.972 12.159 12.247 12.565 12.200 11.981 12.367 14.411 13.294 11.856 11.935 12.039 14.813 13.546 12.115 12.473 12.478 14.774 13.826 12.359 12.581 12.292 29/03/2009
12.590 12.934 12.918 12.213 12.511 12.933 13.487 13.442 12.621 12.818 12.930 13.420 12.833 12.899 13.181 13.708 13.435 12.835 12.869 12.993 13.338 13.218 12.680 12.940 12.944 13.301 13.186 12.800 13.003 12.763 30/03/2009
10.024 9.908 9.904 9.793 10.479 10.372 10.747 10.717 10.558 10.960 10.361 10.694 10.910 11.113 11.390 11.592 12.659 11.187 10.990 11.266 11.512 12.949 11.296 11.559 11.563 11.400 12.473 11.544 11.677 11.282 31/03/2009
8.094 7.992 7.969 7.252 7.769 8.013 7.965 7.994 7.565 7.865 8.016 8.008 7.693 7.716 8.216 9.141 9.782 8.024 7.671 7.648 9.202 9.837 8.131 8.051 8.055 9.259 9.964 8.254 8.137 7.867 01/04/2009
6.620 6.437 6.359 5.590 5.639 6.202 6.392 6.590 5.784 5.860 6.228 6.626 6.152 5.896 6.410 6.819 7.380 6.152 5.818 6.168 7.076 7.316 6.122 6.089 6.094 7.230 7.396 6.300 6.175 5.886 02/04/2009
4.924 4.980 4.934 3.880 4.224 4.526 4.742 4.882 4.235 4.617 4.548 4.921 4.532 4.576 5.057 5.466 5.703 4.613 4.536 5.067 5.543 5.680 4.640 4.655 4.659 5.603 5.476 4.776 4.710 4.491 03/04/2009
4.533 4.110 4.072 3.398 3.522 3.906 3.766 3.961 3.606 3.717 3.926 4.003 3.774 3.587 3.665 4.699 4.471 3.683 3.531 3.816 5.181 4.566 3.807 3.825 3.830 5.366 4.590 3.958 3.892 3.627 04/04/2009
4.024 3.785 3.753 2.799 2.760 3.916 3.695 3.825 3.463 2.958 3.929 3.853 3.502 3.207 2.843 3.846 3.576 3.159 3.183 2.862 4.205 3.901 3.458 3.576 3.573 4.329 4.126 3.672 3.667 3.404 05/04/2009
5.258 4.516 4.396 3.395 3.653 4.732 4.326 4.527 3.875 3.759 4.761 4.592 3.865 3.274 3.284 4.102 3.643 3.246 3.298 3.219 4.562 4.436 3.881 3.811 3.805 4.681 4.533 3.857 3.794 3.787 06/04/2009
11.976 11.839 11.761 9.220 9.251 9.843 9.521 9.663 9.669 9.401 9.861 9.698 9.662 9.417 9.440 12.203 9.911 9.678 9.380 9.371 12.540 10.191 9.863 9.766 9.761 10.275 10.299 9.931 9.793 9.691 07/04/2009
13.108 12.893 12.782 12.328 12.248 12.969 12.801 12.977 13.315 12.693 12.995 13.033 13.333 13.058 12.924 13.248 13.814 13.441 12.981 12.965 13.618 13.986 13.586 13.476 13.478 13.644 14.336 13.764 13.543 13.267 08/04/2009
14.172 14.234 14.187 13.942 14.477 14.022 14.141 14.230 14.801 15.043 14.036 14.265 14.559 14.941 15.218 14.900 15.197 14.736 14.906 15.126 15.134 15.503 15.003 15.206 15.213 15.181 15.387 15.136 15.296 15.072 09/04/2009
16.591 16.140 16.120 15.807 16.265 16.304 15.813 15.885 16.099 16.279 16.311 15.915 16.608 16.002 16.118 16.532 16.704 16.538 15.961 16.127 16.624 16.814 16.688 16.428 16.431 16.717 17.093 16.844 16.484 16.292 10/04/2009
20.019 19.536 19.488 18.444 19.033 19.514 19.124 19.231 19.073 19.056 19.540 19.263 19.349 19.019 18.997 20.062 19.967 19.376 18.953 18.923 20.194 20.042 19.493 19.299 19.296 20.318 20.436 19.586 19.315 19.148 11/04/2009
16.561 16.404 16.366 16.316 16.313 16.285 15.865 16.044 15.851 16.120 16.281 16.087 15.954 15.928 16.254 16.748 16.806 16.329 15.920 15.986 16.938 16.838 16.438 16.260 16.265 17.160 16.907 16.519 16.343 16.062 12/04/2009
14.126 13.974 13.925 13.071 13.798 14.256 14.141 14.233 13.674 13.896 14.271 14.270 14.031 14.402 14.674 14.164 14.495 14.167 14.334 14.701 14.561 14.842 14.508 14.862 14.874 14.765 14.634 14.807 15.025 14.528 13/04/2009
15.626 15.451 15.398 14.103 14.240 15.489 15.296 15.421 14.793 14.439 15.510 15.460 14.932 15.296 14.956 13.475 13.963 15.046 15.201 15.305 13.680 14.185 15.221 15.450 15.456 13.826 14.108 15.518 15.577 15.158 14/04/2009
17.603 17.435 17.392 16.770 16.819 17.490 17.388 17.492 17.291 17.360 17.506 17.508 17.723 17.226 17.236 16.701 16.946 17.569 17.174 17.407 16.846 16.987 17.638 17.611 17.616 16.942 16.965 17.799 17.717 17.400 15/04/2009
15.519 15.400 15.393 14.919 15.173 15.233 15.548 15.613 15.222 15.397 15.231 15.616 15.277 14.889 15.331 15.126 15.585 15.034 14.875 15.270 15.071 15.260 14.788 15.415 15.416 15.217 15.043 14.926 15.472 15.270 16/04/2009
15.637 15.978 15.960 15.543 14.497 15.971 15.862 15.941 15.026 14.586 15.983 15.957 15.021 14.871 14.837 15.094 15.577 15.122 14.834 14.900 14.969 15.422 14.907 15.184 15.188 15.081 14.581 15.108 15.266 14.988 17/04/2009
12.024 11.970 11.935 12.005 11.844 12.046 11.829 11.914 12.669 12.063 12.060 11.938 12.585 12.852 12.613 12.045 12.997 13.074 12.805 12.777 12.575 12.933 12.984 12.991 12.995 12.621 12.758 13.201 13.073 12.799 18/04/2009
10.572 10.268 10.248 9.515 10.036 10.354 10.074 10.144 10.076 9.809 10.371 10.169 10.219 9.950 9.854 9.852 10.262 10.057 9.908 9.877 10.165 10.366 10.142 10.034 10.040 10.394 10.473 10.278 10.117 9.912 19/04/2009
11.029 10.559 10.459 10.969 11.527 10.662 10.125 10.380 11.079 11.520 10.703 10.466 11.411 10.913 11.281 10.368 11.395 11.370 10.817 10.673 10.840 11.270 11.262 11.127 11.137 11.381 11.666 11.670 11.308 10.736 20/04/2009
12.083 11.944 11.888 11.276 10.865 11.729 11.356 11.483 11.574 10.928 11.760 11.538 11.695 11.191 10.960 11.832 10.954 11.578 11.128 11.115 12.458 11.223 11.756 11.750 11.756 12.663 12.619 12.004 11.880 11.544 21/04/2009
12.246 11.883 11.816 11.340 11.159 11.868 11.264 11.398 11.828 11.301 11.875 11.429 11.743 11.461 11.099 12.165 12.319 11.892 11.405 11.078 13.002 12.681 12.280 12.117 12.128 13.196 13.300 12.487 12.207 11.946 22/04/2009
14.814 14.445 14.356 13.858 14.094 14.762 14.218 14.381 14.934 14.190 14.772 14.446 15.140 15.128 14.557 14.862 15.910 15.626 15.060 14.607 15.427 15.905 15.577 15.889 15.896 15.609 15.885 15.736 15.976 15.737 23/04/2009
17.333 17.159 17.096 16.661 16.750 17.311 17.175 17.304 17.490 16.752 17.315 17.331 17.759 17.542 16.892 17.260 17.189 17.797 17.492 17.282 17.470 17.004 17.647 17.849 17.855 17.699 17.244 17.833 17.953 17.668 24/04/2009
18.240 18.317 18.297 17.685 17.597 18.793 18.672 18.618 17.801 17.606 18.770 18.617 18.387 17.973 17.787 18.461 18.221 17.938 17.957 17.917 18.348 18.144 17.917 18.013 18.015 18.312 18.665 17.975 18.072 17.986 25/04/2009
14.032 13.598 13.526 14.495 14.156 13.932 13.460 13.650 14.509 14.350 13.961 13.673 14.136 14.470 14.251 14.215 13.963 14.197 14.453 14.620 14.291 14.183 14.480 14.713 14.718 14.399 14.269 14.614 14.765 14.585 26/04/2009
10.864 10.660 10.613 10.311 10.520 10.792 10.421 10.555 11.012 10.497 10.810 10.591 11.138 11.218 10.625 11.399 11.553 11.176 11.182 11.078 11.512 11.625 11.241 11.656 11.663 11.529 11.856 11.436 11.702 11.473 27/04/2009
14.276 14.083 13.978 13.259 14.198 13.984 13.667 13.926 14.255 14.369 14.026 14.002 14.034 14.193 14.345 14.789 15.070 14.019 14.213 14.294 14.654 14.958 13.989 14.090 14.094 14.839 14.974 14.014 14.095 14.085 28/04/2009
16.231 16.342 16.270 16.029 15.824 16.091 16.022 16.173 16.319 16.047 16.118 16.221 16.231 15.968 15.688 16.463 16.465 16.003 15.916 16.098 16.453 16.445 15.983 16.066 16.073 16.550 16.477 16.180 16.161 15.904 29/04/2009
18.679 18.701 18.597 18.207 18.712 18.175 18.065 18.221 18.513 18.792 18.217 18.295 18.414 18.167 18.671 17.954 18.298 18.407 18.111 18.604 17.787 18.341 18.425 18.441 18.448 17.752 18.449 18.645 18.556 18.232 30/04/2009
20.076 19.891 19.849 18.486 18.648 19.634 19.574 19.660 19.224 18.860 19.640 19.686 19.328 19.130 18.845 20.062 20.102 19.237 19.094 19.075 19.651 20.002 19.124 19.161 19.163 19.630 20.036 19.277 19.248 19.111 01/05/2009
19.174 19.474 19.435 20.105 19.437 19.133 19.385 19.444 19.839 19.625 19.135 19.456 20.030 19.836 19.633 19.080 19.018 19.811 19.828 19.840 18.479 18.852 19.664 19.594 19.596 18.554 18.539 19.772 19.636 19.532 02/05/2009
17.639 17.658 17.617 18.504 18.475 17.689 17.756 17.826 17.853 18.037 17.693 17.848 18.637 17.681 17.564 17.417 17.650 18.130 17.655 17.536 16.431 16.686 17.220 17.403 17.408 16.449 16.507 17.359 17.488 17.246 03/05/2009
15.871 15.919 15.871 15.552 16.652 15.760 15.986 16.107 16.853 16.369 15.776 16.147 17.422 16.748 16.288 15.969 16.573 16.954 16.719 16.801 16.112 16.324 16.585 16.737 16.745 16.166 16.308 16.823 16.871 16.574 04/05/2009
15.423 15.413 15.362 14.788 15.201 15.318 15.110 15.246 15.222 15.404 15.336 15.275 15.859 15.316 15.407 15.695 15.612 15.620 15.252 15.484 16.079 15.720 15.773 15.430 15.435 16.249 16.324 15.979 15.510 15.265 05/05/2009
15.996 16.711 16.659 15.744 15.890 15.651 16.489 16.623 16.246 15.983 15.679 16.659 16.850 16.273 16.180 16.074 16.748 16.732 16.196 16.214 16.364 16.426 16.412 16.472 16.480 16.510 16.388 16.693 16.617 16.225 06/05/2009
13.024 12.736 12.679 12.231 12.250 12.545 12.656 12.772 12.815 12.656 12.566 12.809 12.961 12.788 13.085 12.812 13.005 12.934 12.746 12.873 13.250 13.009 12.899 13.085 13.094 13.377 13.398 13.144 13.206 12.903 07/05/2009
13.892 13.169 13.136 12.364 11.839 13.107 12.837 12.983 12.685 12.053 13.125 13.025 12.730 12.778 12.629 13.100 12.803 12.631 12.733 12.408 13.564 12.677 12.430 12.226 12.229 13.681 13.432 12.674 12.324 12.030 08/05/2009
11.948 11.755 11.699 10.860 10.279 11.607 11.391 11.531 11.468 10.561 11.634 11.573 11.541 11.177 10.919 11.975 11.809 11.583 11.133 10.982 12.296 11.856 11.614 11.345 11.352 12.448 12.311 11.861 11.433 11.192 09/05/2009
11.497 11.371 11.303 10.598 10.298 11.107 10.807 10.916 10.875 10.062 11.128 10.963 11.012 10.617 10.295 11.399 11.403 11.136 10.570 10.344 11.601 11.495 11.185 11.445 11.452 11.779 11.686 11.353 11.527 11.253 10/05/2009
12.479 12.233 12.190 11.528 11.501 11.870 11.625 11.760 11.745 11.468 11.896 11.800 11.888 11.475 11.280 12.293 12.348 12.043 11.430 11.401 12.590 12.516 12.189 11.908 11.916 12.795 12.729 12.438 12.017 11.699 11/05/2009
12.651 12.936 12.866 12.827 13.117 13.064 12.948 13.093 13.105 12.957 13.084 13.132 13.366 12.884 12.940 13.084 13.517 13.355 12.839 12.884 13.487 13.540 13.338 13.234 13.240 13.675 13.696 13.559 13.343 13.011 12/05/2009
13.245 13.358 13.307 13.250 12.711 13.253 13.286 13.391 12.625 12.671 13.273 13.429 12.938 12.477 12.571 13.504 13.661 12.669 12.417 12.419 13.940 13.893 12.921 12.951 12.958 14.100 13.932 13.171 13.070 12.723 13/05/2009
12.611 12.658 12.598 12.145 11.951 12.390 12.671 12.809 12.561 12.383 12.415 12.845 12.574 12.050 12.392 12.757 12.657 12.113 11.999 12.215 13.243 13.010 12.469 12.643 12.645 13.391 12.925 12.698 12.739 12.455 14/05/2009
15.946 15.696 15.616 14.513 15.024 15.571 15.432 15.565 14.925 15.093 15.594 15.612 15.176 14.399 14.851 14.754 14.725 14.702 14.345 14.902 14.799 14.643 14.697 14.816 14.821 14.990 14.583 14.872 14.907 14.629 15/05/2009
17.290 16.541 16.503 16.105 16.182 17.220 16.379 16.474 16.370 16.438 17.224 16.499 16.544 16.227 16.497 16.895 16.869 16.463 16.180 16.594 17.347 17.095 16.748 16.504 16.507 17.482 17.580 16.932 16.569 16.319 16/05/2009
14.107 13.532 13.490 12.992 13.002 13.983 13.555 13.657 13.766 13.940 14.007 13.685 13.931 13.634 13.799 14.148 14.009 13.848 13.593 13.708 14.456 14.225 14.053 14.247 14.251 14.604 14.564 14.300 14.358 14.023 17/05/2009
15.605 14.986 14.926 14.292 14.291 15.246 14.962 15.050 14.972 14.692 15.277 15.062 15.086 14.765 14.770 15.071 15.122 14.934 14.698 14.791 15.317 15.134 14.956 15.018 15.024 15.467 15.490 15.210 15.146 14.812 18/05/2009
17.899 17.627 17.567 16.652 16.953 17.516 17.497 17.623 17.553 17.201 17.537 17.635 17.916 17.765 17.354 17.558 17.937 18.030 17.713 17.699 17.589 17.759 17.902 17.972 17.977 17.540 17.990 18.048 18.033 17.790 19/05/2009
19.926 19.814 19.768 18.443 19.003 19.840 19.885 19.906 19.787 19.180 19.852 19.927 20.253 19.890 19.403 18.890 20.282 20.342 19.868 19.934 19.093 20.166 20.182 20.006 20.008 19.243 20.340 20.350 20.103 19.876 20/05/2009
23.408 23.010 22.949 21.668 21.262 23.318 22.842 23.010 22.237 21.689 23.339 23.049 22.402 22.265 21.899 22.719 22.616 22.540 22.244 22.141 23.408 22.906 22.812 22.600 22.610 23.578 23.306 23.092 22.749 22.484 21/05/2009
22.077 21.645 21.615 19.498 20.318 22.067 21.828 21.946 20.709 20.667 22.072 21.978 21.009 20.606 20.919 21.863 21.418 21.171 20.590 20.610 22.526 21.830 21.581 21.317 21.318 22.500 22.316 21.651 21.332 21.276 22/05/2009
17.782 17.042 17.001 15.517 15.668 17.570 17.326 17.426 16.885 16.440 17.572 17.451 16.998 16.668 16.496 17.954 17.252 17.066 16.636 16.710 18.545 17.744 17.519 17.350 17.356 18.667 18.157 17.710 17.414 17.232 23/05/2009
15.848 15.192 15.120 14.396 14.439 15.629 15.437 15.558 15.526 14.906 15.651 15.605 15.677 15.025 15.029 16.684 16.140 15.496 14.978 15.155 17.278 16.622 15.970 15.818 15.824 17.446 17.065 16.226 15.938 15.596 24/05/2009
17.404 16.764 16.699 15.430 14.930 17.336 16.979 17.087 16.415 15.036 17.366 17.115 16.683 15.983 15.471 17.988 17.302 16.521 15.938 16.230 18.137 17.581 16.871 16.871 16.881 18.246 17.850 17.153 17.003 16.658 25/05/2009
18.711 18.278 18.263 17.655 17.024 18.627 18.041 18.157 17.291 17.216 18.642 18.196 17.431 17.079 17.436 18.836 18.569 17.424 17.028 17.046 19.021 18.682 17.509 17.495 17.504 19.182 19.059 17.725 17.602 17.264 26/05/2009
20.367 20.361 20.358 19.248 19.532 20.580 20.246 20.333 20.236 19.700 20.577 20.328 20.326 19.962 19.873 20.235 20.862 20.273 19.910 19.944 20.844 21.180 20.594 20.590 20.599 20.940 21.468 20.836 20.688 20.412 27/05/2009
18.433 18.283 18.226 19.183 17.799 18.486 18.394 18.534 19.668 18.342 18.510 18.569 19.751 19.953 19.073 19.978 19.168 20.035 19.898 19.739 20.233 19.362 20.210 20.235 20.241 20.165 19.782 20.410 20.275 20.056 28/05/2009
18.669 17.831 17.756 16.634 16.981 18.645 17.965 18.063 18.409 17.634 18.654 18.078 18.736 18.621 18.066 20.200 19.733 19.309 18.609 18.487 20.315 19.844 19.633 19.406 19.406 20.485 20.227 19.811 19.487 19.241 29/05/2009
16.264 15.691 15.611 14.233 14.817 15.866 15.874 16.053 14.756 14.990 15.887 16.103 15.386 15.233 15.548 16.918 16.969 16.028 15.173 14.851 16.926 17.108 16.170 15.649 15.655 17.117 17.150 16.402 15.731 15.470 30/05/2009
14.863 14.681 14.625 14.252 14.760 14.715 14.487 14.584 14.332 14.668 14.720 14.606 14.766 14.350 14.977 14.925 15.199 14.876 14.318 14.314 15.017 15.290 14.832 14.817 14.821 15.166 15.315 15.007 14.907 14.712 31/05/2009
15.349 14.956 14.905 13.910 14.232 15.073 14.926 15.057 15.168 14.663 15.095 15.093 15.234 15.269 14.975 15.272 15.434 15.414 15.216 15.043 15.480 15.445 15.428 15.482 15.486 15.625 15.741 15.589 15.574 15.338 01/06/2009
14.601 14.417 14.358 13.759 13.925 14.540 13.746 13.894 14.326 14.045 14.565 13.915 13.968 13.772 13.854 14.818 14.662 14.360 13.734 13.726 14.905 14.616 14.321 14.019 14.025 15.057 15.117 14.544 14.135 13.886 02/06/2009
17.242 17.277 17.240 16.907 16.918 17.181 17.084 17.196 17.537 17.044 17.198 17.227 17.490 17.828 17.246 17.925 18.433 17.951 17.802 17.509 18.310 18.694 18.230 18.196 18.203 18.407 18.837 18.383 18.272 18.072 03/06/2009
18.782 18.735 18.637 18.585 18.480 19.007 18.648 18.839 18.843 18.524 19.043 18.882 18.806 18.877 18.908 19.060 19.236 19.140 18.833 19.003 19.480 19.474 19.314 19.283 19.293 19.720 19.802 19.598 19.447 19.078 04/06/2009
18.416 18.224 18.118 18.018 18.134 18.382 18.282 18.499 18.856 18.811 18.419 18.565 18.877 19.181 19.441 19.189 19.237 19.212 19.127 19.398 19.543 19.415 19.373 19.240 19.245 19.697 19.721 19.568 19.341 19.108 05/06/2009
17.669 17.706 17.665 17.653 17.289 18.147 18.179 18.234 18.180 18.028 18.162 18.238 18.120 18.727 18.733 18.693 19.002 18.607 18.728 18.861 19.343 19.304 18.928 18.840 18.841 19.363 19.614 18.930 18.845 18.842 06/06/2009
18.079 17.832 17.771 17.281 16.940 17.902 17.727 17.920 17.785 17.234 17.942 17.977 17.883 17.931 17.738 17.543 17.507 18.008 17.844 17.875 17.712 17.484 17.989 18.325 18.335 17.943 18.037 18.369 18.494 17.936 07/06/2009
18.408 18.084 18.006 17.948 17.374 18.182 17.909 18.106 18.129 17.617 18.221 18.161 18.357 18.181 17.912 18.303 18.424 18.453 18.083 18.031 18.684 18.283 18.302 18.371 18.382 18.953 18.961 18.680 18.537 18.029 08/06/2009
19.228 18.942 18.892 18.477 18.563 18.871 18.741 18.852 18.867 18.732 18.893 18.880 18.892 18.767 18.900 19.658 19.717 19.018 18.707 19.071 19.673 19.465 18.704 18.944 18.952 19.815 19.825 18.929 19.043 18.776 09/06/2009
15.763 15.620 15.558 15.468 15.067 15.398 15.397 15.543 15.550 15.369 15.430 15.592 15.669 15.843 15.739 15.778 16.152 15.708 15.771 15.769 16.117 16.328 15.880 16.056 16.065 16.269 16.360 16.118 16.168 15.860 10/06/2009
16.709 16.640 16.570 15.962 15.913 16.538 16.485 16.635 16.459 16.186 16.567 16.698 16.759 16.643 16.546 16.915 17.444 16.765 16.574 16.582 16.970 17.473 16.800 16.938 16.945 17.048 17.498 17.044 17.054 16.702 11/06/2009
14.914 14.862 14.784 14.634 15.455 14.759 14.797 14.911 15.418 15.835 14.789 14.962 15.584 15.586 16.168 14.964 15.704 15.747 15.548 15.586 15.040 15.565 15.622 15.815 15.821 15.114 15.818 15.843 15.879 15.575 12/06/2009
16.444 16.387 16.309 15.743 15.643 16.292 16.040 16.206 16.047 15.802 16.332 16.256 16.105 16.166 16.154 16.559 17.076 16.298 16.098 16.080 16.681 16.846 16.098 16.226 16.230 16.881 17.135 16.340 16.315 15.975 13/06/2009
15.897 15.589 15.503 14.217 14.113 15.167 14.912 15.177 14.667 13.764 15.216 15.236 15.116 14.756 14.207 15.368 15.927 15.050 14.677 14.570 15.500 15.622 14.664 14.468 14.477 15.783 16.269 15.048 14.642 14.227 14/06/2009
14.712 14.225 14.156 12.739 13.055 13.993 13.962 14.134 14.416 13.363 14.035 14.180 14.769 14.316 13.372 14.636 14.536 14.618 14.249 14.176 14.860 14.524 14.607 14.650 14.660 15.103 14.800 14.898 14.779 14.430 15/06/2009
17.231 16.605 16.533 15.256 16.374 16.702 16.274 16.460 16.524 16.638 16.734 16.499 17.488 16.416 16.842 17.599 16.692 16.818 16.386 16.245 17.960 17.221 17.284 16.844 16.852 18.233 17.467 17.554 16.954 16.587 16/06/2009
16.805 16.484 16.407 15.788 16.534 16.265 15.874 16.063 16.704 16.563 16.315 16.123 16.781 16.256 16.417 16.398 16.845 16.459 16.182 16.076 16.674 17.067 16.686 16.754 16.760 16.818 17.290 16.938 16.879 16.570 17/06/2009
14.629 14.042 13.857 13.483 14.678 14.106 13.631 13.886 14.075 14.530 14.152 13.983 14.321 13.993 14.112 15.258 14.040 14.090 13.990 13.460 15.742 14.529 14.531 14.486 14.489 16.159 14.668 14.710 14.560 14.367 18/06/2009
17.709 17.471 17.379 16.961 17.475 17.381 17.193 17.390 17.848 17.523 17.420 17.456 17.900 17.291 17.111 16.670 17.010 17.344 17.230 17.149 16.474 17.039 17.124 17.461 17.468 16.733 16.675 17.392 17.585 17.242 19/06/2009
19.730 19.462 19.391 18.952 20.112 19.543 19.195 19.338 19.825 19.985 19.577 19.391 20.052 19.995 20.027 19.554 19.711 19.884 19.913 19.835 19.601 19.775 19.889 19.800 19.800 19.793 19.863 20.098 19.879 19.595 20/06/2009
18.794 18.613 18.527 16.457 16.554 18.215 18.241 18.432 16.476 16.764 18.264 18.506 17.347 16.357 16.284 18.181 17.844 16.785 16.258 16.302 18.530 17.532 16.534 16.762 16.771 18.901 18.224 16.824 16.890 16.470 21/06/2009
19.096 18.676 18.637 17.753 18.451 18.570 18.611 18.689 18.442 18.432 18.584 18.716 18.932 18.411 18.589 18.066 18.447 18.746 18.364 18.296 18.154 18.379 18.699 18.536 18.539 18.322 18.550 18.793 18.574 18.403 22/06/2009
18.181 17.975 17.938 18.059 18.923 17.939 17.995 18.064 18.641 18.937 17.967 18.076 18.764 18.820 19.027 18.120 18.740 18.766 18.761 18.643 18.403 19.017 19.023 19.074 19.078 18.506 18.843 19.211 19.142 18.923 23/06/2009
19.188 18.993 18.985 19.017 19.193 18.818 18.432 18.503 19.082 18.987 18.838 18.515 19.325 19.176 19.166 18.935 19.801 19.673 19.126 19.374 19.319 19.746 19.605 19.523 19.527 19.499 19.887 19.800 19.590 19.360 24/06/2009
18.283 18.129 18.067 17.708 18.271 17.894 17.746 17.867 18.209 18.113 17.925 17.916 18.427 18.190 18.230 18.480 18.830 18.480 18.140 18.176 18.609 18.717 18.372 18.371 18.376 18.770 18.832 18.557 18.450 18.199 25/06/2009
16.181 15.725 15.635 15.199 15.915 15.636 15.049 15.302 15.735 15.830 15.681 15.404 15.878 15.784 15.873 16.575 16.662 16.025 15.706 15.789 16.856 16.566 15.943 15.943 15.953 17.124 17.144 16.215 16.035 15.659 26/06/2009
15.118 15.287 15.245 14.808 15.869 14.867 14.677 14.860 15.092 15.647 14.903 14.938 15.165 14.754 15.166 15.458 15.589 15.207 14.700 14.877 15.420 15.464 15.014 14.884 14.895 15.723 15.692 15.284 15.050 14.647 27/06/2009
19.351 19.006 18.917 18.673 18.907 18.584 18.557 18.722 18.652 18.683 18.606 18.782 18.982 18.358 18.391 18.878 19.842 18.782 18.342 18.254 18.674 19.250 18.316 18.245 18.250 18.744 19.495 18.467 18.298 18.143 28/06/2009
18.609 18.540 18.462 17.856 18.346 18.159 18.137 18.256 18.004 18.250 18.181 18.315 18.056 17.887 18.312 18.635 19.218 18.006 17.878 18.111 18.648 18.958 17.903 17.982 17.988 18.829 19.100 18.037 18.045 17.860 29/06/2009
19.406 19.593 19.569 19.251 19.876 19.193 19.535 19.565 19.613 19.453 19.198 19.565 19.756 19.141 19.213 19.679 20.359 19.162 19.119 18.965 19.334 20.177 19.089 19.323 19.329 19.366 20.143 19.228 19.396 19.189 30/06/2009
22.307 22.466 22.435 21.548 22.430 22.294 22.508 22.651 22.736 22.497 22.305 22.667 22.828 22.569 22.480 22.887 23.152 22.564 22.526 22.583 22.641 22.906 22.307 22.478 22.480 22.695 22.871 22.520 22.585 22.332 01/07/2009
22.400 22.409 22.362 21.919 22.139 21.882 21.955 22.128 22.699 22.180 21.895 22.171 22.670 22.472 22.137 22.485 22.487 22.493 22.372 22.590 22.361 22.168 22.257 22.387 22.388 22.450 22.350 22.340 22.396 22.090 02/07/2009
22.012 21.782 21.713 21.262 21.503 21.569 21.453 21.570 21.718 21.559 21.588 21.630 22.005 21.758 21.834 21.501 22.103 21.825 21.737 21.922 21.349 21.910 21.645 21.775 21.781 21.497 21.701 21.702 21.804 21.702 03/07/2009
20.046 20.020 20.016 19.494 19.619 20.078 20.046 20.069 19.793 19.715 20.085 20.066 20.372 19.948 20.056 20.660 20.173 20.237 19.904 20.203 20.516 19.966 19.955 19.961 19.968 20.641 20.043 20.050 19.993 19.829 04/07/2009
20.581 20.520 20.457 20.306 20.640 20.053 20.011 20.163 20.813 20.347 20.076 20.211 20.735 20.467 20.657 19.806 20.435 20.396 20.408 20.649 19.705 20.041 20.101 20.453 20.459 19.830 20.127 20.339 20.557 20.275 05/07/2009
22.610 22.308 22.254 21.706 22.009 22.094 22.052 22.179 22.236 22.105 22.121 22.232 22.396 22.117 22.272 21.888 22.230 22.133 22.070 22.205 21.857 22.130 22.061 22.242 22.250 21.979 22.100 22.281 22.348 22.072 06/07/2009
22.896 22.490 22.434 21.311 21.402 22.407 22.084 22.244 22.110 21.549 22.418 22.294 22.305 22.035 22.022 22.307 22.493 22.308 21.985 22.087 22.338 22.480 22.293 22.109 22.116 22.374 22.658 22.431 22.182 21.952 07/07/2009
26.098 25.693 25.629 24.054 24.517 25.723 25.375 25.474 25.068 24.602 25.729 25.464 25.154 25.011 24.570 25.160 25.265 25.137 25.018 24.933 25.057 25.048 24.962 24.857 24.863 24.988 25.403 24.953 24.843 24.838 08/07/2009
25.303 24.673 24.633 22.910 23.515 24.857 24.609 24.675 23.996 23.471 24.877 24.682 24.384 24.191 23.599 24.254 24.219 24.154 24.138 23.883 24.418 24.211 24.123 24.104 24.102 24.443 24.622 24.233 24.150 23.985 09/07/2009
22.483 22.389 22.347 21.467 21.211 22.335 22.287 22.392 22.037 21.630 22.366 22.419 22.294 22.181 21.789 22.437 22.978 22.374 22.140 21.798 22.615 23.069 22.422 22.330 22.334 22.703 23.200 22.574 22.419 22.209 10/07/2009
25.715 25.293 25.190 23.700 23.208 25.159 24.885 25.022 23.532 23.134 25.200 25.084 23.835 23.641 23.361 24.443 24.571 23.796 23.591 23.457 24.721 24.605 23.776 23.686 23.688 24.929 24.885 23.939 23.740 23.525 11/07/2009
24.304 24.040 23.978 23.482 23.540 23.968 23.955 24.036 24.154 23.654 23.991 24.068 24.265 24.757 23.944 24.095 24.838 24.531 24.688 24.162 25.352 25.142 24.933 24.737 24.738 25.283 25.550 25.013 24.821 24.466 12/07/2009
24.508 23.989 23.890 22.348 22.923 24.076 23.808 24.010 24.260 23.127 24.112 24.062 24.605 24.024 23.570 24.008 24.258 23.840 23.965 23.900 24.557 24.758 24.413 24.084 24.090 24.795 25.420 24.637 24.213 23.848 13/07/2009
22.843 22.341 22.313 22.066 22.571 22.604 22.599 22.661 23.117 22.816 22.624 22.688 23.656 23.186 23.180 23.152 23.316 23.237 23.155 23.076 23.452 23.497 23.485 23.325 23.327 23.537 24.036 23.626 23.390 23.172 14/07/2009
21.834 21.415 21.392 21.126 21.892 21.637 21.397 21.481 22.666 22.162 21.639 21.505 22.789 22.549 22.314 22.119 22.483 22.566 22.524 22.571 22.268 22.538 22.660 22.531 22.534 22.368 23.005 22.742 22.578 22.440 15/07/2009
22.301 21.893 21.810 20.938 21.348 22.085 21.518 21.665 22.022 21.521 22.113 21.722 22.260 22.091 21.765 22.346 22.549 22.238 22.027 21.909 22.762 22.603 22.284 22.136 22.141 22.935 23.300 22.521 22.262 21.922 16/07/2009
23.475 23.000 22.951 21.840 22.254 23.174 22.712 22.807 22.926 22.478 23.185 22.845 23.484 22.926 22.683 23.568 23.589 23.531 22.885 22.769 23.736 23.486 23.365 23.189 23.192 23.854 24.215 23.508 23.238 23.043 17/07/2009
22.087 21.453 21.375 20.565 20.074 21.839 21.294 21.440 21.084 20.574 21.869 21.481 21.661 21.448 21.070 21.993 21.854 21.832 21.402 21.060 22.267 21.826 21.825 21.650 21.657 22.413 22.473 22.029 21.752 21.428 18/07/2009
21.560 21.109 21.047 19.988 19.753 21.207 20.846 21.007 20.730 20.146 21.223 21.058 21.394 20.999 20.634 21.599 21.540 21.412 20.936 20.539 21.871 21.451 21.322 21.386 21.392 22.028 22.243 21.546 21.482 21.152 19/07/2009
19.660 18.907 18.860 17.664 17.583 19.338 18.781 18.896 18.542 17.879 19.353 18.926 19.118 18.434 18.273 19.545 19.232 19.024 18.366 18.251 20.048 19.465 19.162 19.129 19.137 20.192 20.253 19.461 19.260 18.869 20/07/2009
21.085 20.464 20.381 18.793 18.897 20.787 20.139 20.354 19.812 19.306 20.814 20.430 20.422 19.654 19.592 20.888 20.812 20.429 19.587 19.511 21.341 21.025 20.663 20.477 20.485 21.595 21.673 20.922 20.606 20.247 21/07/2009
21.841 21.444 21.375 20.104 20.033 21.742 21.241 21.434 21.290 20.704 21.767 21.492 21.843 21.063 20.933 21.719 21.725 21.735 20.989 20.875 22.034 21.937 21.950 21.714 21.720 22.221 22.386 22.170 21.831 21.473 22/07/2009
21.996 21.669 21.598 20.799 20.732 22.061 21.499 21.635 22.690 21.234 22.075 21.682 23.044 22.652 21.831 22.697 23.032 23.142 22.596 22.120 22.982 23.185 23.286 23.217 23.222 23.017 23.624 23.475 23.310 22.992 23/07/2009
22.652 22.321 22.271 21.213 20.476 22.574 22.173 22.303 22.184 20.919 22.589 22.347 22.600 22.097 21.569 23.097 22.954 22.781 22.042 21.711 23.223 23.000 22.832 22.639 22.644 23.278 23.386 23.004 22.719 22.431 24/07/2009
23.048 22.515 22.445 21.461 20.681 22.852 22.312 22.471 22.323 21.087 22.878 22.508 22.722 22.053 21.564 22.866 22.905 22.633 22.003 21.732 23.152 23.013 22.734 22.620 22.628 23.279 23.454 22.988 22.733 22.392 25/07/2009
22.547 22.240 22.173 21.360 20.605 22.361 21.976 22.138 22.001 21.093 22.381 22.178 22.517 21.995 21.580 22.463 22.636 22.585 21.937 21.572 22.624 22.613 22.552 22.342 22.351 22.820 22.897 22.792 22.467 22.149 26/07/2009
23.201 22.999 22.921 22.451 21.818 23.049 22.637 22.798 23.125 22.366 23.076 22.833 23.237 23.169 22.863 23.183 23.327 23.248 23.107 22.894 23.223 23.216 23.132 23.255 23.263 23.439 23.569 23.354 23.367 23.026 27/07/2009
24.387 24.361 24.338 23.272 21.552 24.369 23.907 24.218 23.247 22.119 24.428 24.305 23.577 23.134 22.742 24.403 24.257 23.395 23.030 23.090 24.745 24.307 23.483 23.705 23.716 25.077 24.599 23.853 23.882 23.331 28/07/2009
22.215 22.135 22.074 20.952 20.585 22.128 21.944 22.070 22.085 21.163 22.173 22.138 22.484 21.911 21.613 21.844 22.357 22.263 21.844 21.836 21.934 22.331 22.226 22.304 22.310 22.071 22.372 22.464 22.438 22.099 29/07/2009
27.772 27.447 27.377 27.022 24.948 27.494 27.141 27.230 27.715 26.117 27.499 27.267 27.584 27.683 26.332 27.832 27.145 27.618 27.631 27.440 27.691 26.940 27.375 27.610 27.616 27.802 27.007 27.479 27.674 27.476 30/07/2009
25.923 25.874 25.809 25.618 23.407 25.672 25.482 25.618 24.986 24.358 25.705 25.676 24.896 25.046 24.828 24.913 25.680 25.042 24.992 24.944 24.895 25.512 24.891 25.095 25.099 25.022 25.440 25.097 25.189 24.951 31/07/2009
