# 6448 6449 6450 6451 6452 6528 6529 6530 6531 6532 6610 6611 6612 6613 6614 6693 6694 6695 6696 6697 6776 6777 6778 6779 6780 6859 6860 6861 6862 6863 Date
3.967 3.883 3.747 3.386 3.380 3.852 3.829 3.748 3.362 3.282 3.812 3.821 3.733 3.707 3.309 3.749 3.675 3.589 3.555 3.476 3.721 3.672 3.665 3.594 3.427 3.793 3.727 3.729 3.651 3.383 01/08/2052
3.995 3.862 3.836 3.814 3.761 3.852 3.862 3.828 3.875 3.736 4.035 3.899 3.715 3.698 3.759 4.008 3.848 3.669 3.647 3.662 3.892 3.843 3.729 3.679 3.635 3.795 3.751 3.685 3.607 3.592 02/08/2052
3.501 3.416 3.337 3.151 3.460 3.330 3.249 3.289 3.654 3.520 3.349 3.372 3.629 3.612 3.554 3.651 3.624 3.538 3.513 3.533 3.593 3.616 3.543 3.547 3.488 3.567 3.589 3.557 3.524 3.447 03/08/2052
2.690 2.656 2.571 2.010 2.001 2.611 2.571 2.549 2.028 1.967 2.841 2.622 2.495 2.459 2.012 2.803 2.486 2.377 2.318 2.326 2.608 2.484 2.470 2.399 2.478 2.480 2.457 2.442 2.398 2.395 04/08/2052
3.308 3.325 3.290 3.025 3.112 3.294 3.261 3.271 3.226 3.148 3.340 3.325 3.331 3.306 3.172 3.355 3.335 3.270 3.252 3.301 3.276 3.328 3.271 3.285 3.369 3.233 3.296 3.226 3.261 3.323 05/08/2052
2.754 2.610 2.616 2.217 2.276 2.603 2.588 2.609 2.519 2.443 2.728 2.614 2.472 2.443 2.465 2.789 2.661 2.454 2.423 2.519 2.788 2.660 2.581 2.466 2.701 2.825 2.721 2.652 2.765 2.651 06/08/2052
2.781 2.831 2.780 2.633 2.784 2.772 2.715 2.739 2.985 2.854 2.918 2.882 2.958 2.920 2.883 2.790 2.900 2.788 2.751 2.776 2.702 2.891 2.812 2.810 2.720 2.635 2.816 2.753 2.691 2.658 07/08/2052
3.950 4.037 3.929 3.841 3.848 4.016 3.989 3.907 4.055 3.899 4.130 4.050 3.995 3.960 3.918 4.087 3.992 3.936 3.894 3.830 3.971 3.990 3.985 3.953 3.891 4.028 3.977 4.026 3.986 3.842 08/08/2052
3.171 3.186 3.093 2.670 2.746 3.168 3.145 3.075 2.937 2.805 3.104 3.001 2.943 2.907 2.834 3.106 3.080 2.798 2.760 2.922 3.045 3.072 2.999 2.820 2.969 3.029 3.038 3.013 2.918 2.919 09/08/2052
3.321 3.317 3.209 2.820 2.853 3.281 3.250 3.189 3.419 3.294 3.367 3.279 3.137 3.101 3.324 3.346 3.132 3.108 3.075 3.135 3.179 3.127 3.099 3.119 3.251 3.085 3.121 3.117 3.221 3.201 10/08/2052
3.527 3.579 3.499 3.448 3.449 3.560 3.541 3.479 3.483 3.358 3.557 3.557 3.434 3.397 3.397 3.559 3.440 3.403 3.362 3.336 3.455 3.435 3.400 3.420 3.351 3.531 3.539 3.517 3.483 3.317 11/08/2052
3.377 3.321 3.262 2.724 2.749 3.315 3.279 3.240 2.890 2.782 3.457 3.377 3.296 3.249 2.819 3.353 3.253 3.200 3.167 3.227 3.197 3.250 3.229 3.225 3.392 3.252 3.316 3.327 3.308 3.338 12/08/2052
2.840 2.685 2.630 2.081 2.095 2.642 2.608 2.604 2.180 2.098 2.860 2.727 2.566 2.517 2.114 2.853 2.858 2.522 2.470 2.439 2.854 2.850 2.738 2.545 2.566 2.767 2.808 2.745 2.610 2.498 13/08/2052
3.114 3.090 3.048 2.935 2.977 3.066 3.043 3.032 3.064 2.958 3.023 2.944 2.903 2.874 2.984 3.034 2.839 2.836 2.803 2.914 2.908 2.834 2.769 2.853 2.902 2.796 2.814 2.769 2.851 2.852 14/08/2052
2.981 2.889 2.936 2.525 2.539 2.870 2.853 2.921 2.768 2.678 2.891 2.914 2.880 2.857 2.706 2.969 2.976 2.859 2.831 2.960 2.981 2.969 2.882 2.875 3.001 2.911 3.010 2.962 2.946 2.959 15/08/2052
2.850 2.783 2.737 2.311 2.360 2.760 2.752 2.717 2.414 2.355 2.855 2.756 2.647 2.631 2.377 2.867 2.867 2.609 2.580 2.598 2.905 2.859 2.773 2.617 2.668 2.824 2.790 2.755 2.669 2.637 16/08/2052
3.327 3.341 3.271 3.225 3.236 3.320 3.292 3.260 3.387 3.281 3.365 3.364 3.267 3.243 3.310 3.346 3.322 3.223 3.193 3.237 3.276 3.320 3.270 3.234 3.203 3.247 3.275 3.261 3.232 3.161 17/08/2052
3.755 3.697 3.670 3.626 3.638 3.673 3.663 3.655 3.735 3.609 3.660 3.674 3.722 3.698 3.641 3.628 3.648 3.711 3.685 3.684 3.614 3.642 3.734 3.721 3.697 3.639 3.642 3.749 3.712 3.640 18/08/2052
3.709 3.682 3.589 3.432 3.407 3.667 3.635 3.568 3.527 3.385 3.624 3.586 3.584 3.550 3.420 3.561 3.461 3.516 3.483 3.512 3.502 3.459 3.521 3.528 3.552 3.474 3.507 3.585 3.569 3.507 19/08/2052
3.447 3.534 3.575 3.469 3.520 3.556 3.556 3.591 3.738 3.602 3.600 3.621 3.485 3.455 3.621 3.622 3.558 3.476 3.456 3.583 3.551 3.559 3.471 3.484 3.521 3.415 3.538 3.478 3.499 3.485 20/08/2052
3.383 3.315 3.286 3.284 3.267 3.321 3.319 3.297 3.509 3.451 3.524 3.465 3.273 3.252 3.478 3.510 3.410 3.349 3.320 3.397 3.489 3.404 3.395 3.352 3.343 3.407 3.316 3.350 3.351 3.329 21/08/2052
2.776 2.793 2.754 2.779 2.732 2.771 2.753 2.739 2.749 2.632 2.757 2.675 2.679 2.658 2.666 2.764 2.713 2.753 2.721 2.794 2.717 2.706 2.669 2.763 2.926 2.839 2.875 2.862 2.891 2.914 22/08/2052
2.660 2.612 2.641 2.548 2.545 2.594 2.580 2.633 2.502 2.390 2.803 2.696 2.527 2.489 2.429 2.813 2.631 2.450 2.419 2.523 2.807 2.622 2.563 2.479 2.409 2.783 2.648 2.629 2.439 2.342 23/08/2052
3.395 3.326 3.279 3.164 3.117 3.331 3.340 3.282 3.248 3.122 3.416 3.328 3.212 3.194 3.160 3.368 3.235 3.171 3.153 3.210 3.321 3.240 3.225 3.186 3.169 3.246 3.223 3.230 3.154 3.138 24/08/2052
1.932 1.890 1.757 1.440 1.486 1.863 1.842 1.735 1.582 1.553 2.277 2.125 1.995 1.967 1.581 2.295 2.211 2.073 2.043 2.071 2.356 2.211 2.142 2.089 2.435 2.456 2.421 2.348 2.334 2.406 25/08/2052
2.629 2.690 2.569 2.462 2.470 2.682 2.668 2.566 2.597 2.491 2.877 2.758 2.646 2.610 2.520 2.917 2.706 2.616 2.573 2.563 2.745 2.705 2.637 2.634 2.604 2.834 2.780 2.734 2.709 2.553 26/08/2052
3.298 3.297 3.108 3.153 3.169 3.291 3.271 3.096 3.126 3.046 3.327 3.120 3.043 3.026 3.068 3.310 3.032 3.029 3.010 3.045 3.141 3.027 3.001 3.039 3.011 3.081 2.979 2.924 2.940 2.979 27/08/2052
3.198 3.208 3.099 3.090 3.061 3.176 3.151 3.077 3.149 3.005 3.248 3.207 3.087 3.058 3.038 3.215 3.127 3.131 3.091 3.100 3.138 3.122 3.104 3.160 3.138 3.248 3.248 3.233 3.208 3.081 28/08/2052
2.916 2.954 2.901 2.582 2.611 2.941 2.917 2.890 2.833 2.728 2.997 2.959 2.869 2.843 2.749 2.999 2.877 2.833 2.801 2.901 2.900 2.871 2.836 2.841 2.837 2.932 2.971 2.964 2.911 2.788 29/08/2052
2.987 3.008 2.954 2.879 2.904 2.997 2.998 2.945 3.005 2.919 2.938 2.984 2.887 2.869 2.937 2.965 2.852 2.738 2.706 2.791 2.951 2.848 2.801 2.752 2.755 2.936 2.893 2.880 2.816 2.713 30/08/2052
3.284 3.305 3.237 3.094 3.101 3.297 3.290 3.235 3.126 3.056 3.312 3.291 3.490 3.476 3.077 3.324 3.400 3.534 3.518 3.425 3.402 3.395 3.394 3.541 3.582 3.430 3.438 3.480 3.428 3.554 31/08/2052
3.022 2.869 2.843 2.686 2.544 2.854 2.835 2.828 2.835 2.562 2.825 2.874 2.851 2.840 2.625 2.859 2.796 2.836 2.812 2.852 2.880 2.783 2.841 2.848 2.964 2.973 2.906 2.970 2.978 2.914 01/09/2052
2.063 1.975 2.036 1.833 1.996 1.948 1.925 2.020 1.938 1.921 1.885 1.930 2.013 2.000 1.937 1.934 2.113 1.873 1.855 1.847 1.965 2.110 1.967 1.882 1.717 1.991 2.030 1.873 1.777 1.694 02/09/2052
2.392 2.420 2.309 2.562 2.584 2.380 2.349 2.289 2.659 2.581 2.429 2.434 2.556 2.531 2.599 2.668 2.623 2.599 2.577 2.600 2.641 2.621 2.626 2.607 2.586 2.675 2.586 2.625 2.634 2.562 03/09/2052
2.616 2.656 2.628 2.519 2.548 2.626 2.610 2.612 2.632 2.549 2.646 2.609 2.626 2.610 2.577 2.665 2.614 2.637 2.612 2.617 2.647 2.614 2.661 2.644 2.652 2.698 2.631 2.705 2.680 2.631 04/09/2052
2.028 1.880 1.878 1.720 1.804 1.854 1.835 1.862 1.895 1.813 1.966 1.882 1.944 1.916 1.834 2.083 2.056 1.938 1.906 1.897 2.110 2.051 2.011 1.953 1.912 2.124 2.070 2.062 1.983 1.873 05/09/2052
2.710 2.701 2.626 2.475 2.529 2.674 2.659 2.611 2.678 2.597 2.755 2.712 2.637 2.620 2.624 2.706 2.639 2.582 2.555 2.551 2.677 2.638 2.624 2.599 2.567 2.699 2.676 2.688 2.655 2.532 06/09/2052
2.820 2.817 2.704 2.910 2.883 2.798 2.791 2.691 2.809 2.771 2.785 2.703 2.651 2.635 2.779 2.789 2.708 2.660 2.646 2.654 2.811 2.707 2.729 2.671 2.682 2.859 2.768 2.814 2.728 2.657 07/09/2052
2.257 2.109 2.119 1.716 1.825 2.082 2.061 2.107 1.706 1.648 2.004 1.960 2.002 1.977 1.664 2.045 1.933 1.769 1.725 1.863 1.914 1.928 1.917 1.785 1.785 1.792 1.763 1.797 1.761 1.734 08/09/2052
2.412 2.270 2.270 2.226 2.284 2.246 2.200 2.254 2.461 2.288 2.370 2.243 2.241 2.211 2.319 2.397 2.240 2.198 2.168 2.197 2.370 2.236 2.254 2.213 2.080 2.317 2.242 2.252 2.158 2.053 09/09/2052
2.221 2.236 2.246 2.294 2.324 2.228 2.220 2.239 2.496 2.417 2.313 2.313 2.295 2.276 2.443 2.327 2.305 2.273 2.269 2.324 2.335 2.300 2.287 2.292 2.232 2.365 2.271 2.257 2.256 2.208 10/09/2052
2.120 2.077 2.090 2.072 2.040 2.055 2.042 2.074 2.128 2.044 2.029 2.045 2.132 2.117 2.056 2.069 2.153 2.148 2.131 2.133 2.087 2.155 2.151 2.160 2.168 2.079 2.151 2.164 2.157 2.146 11/09/2052
2.089 2.067 2.068 2.066 2.014 2.052 2.039 2.058 2.114 2.044 2.062 2.055 2.085 2.074 2.058 2.082 2.085 2.064 2.048 2.056 2.108 2.086 2.095 2.071 2.030 2.109 2.083 2.111 2.045 2.008 12/09/2052
1.934 1.851 1.876 1.762 1.774 1.836 1.824 1.869 1.838 1.799 1.859 1.856 1.905 1.891 1.810 1.868 1.902 1.922 1.903 1.881 1.912 1.899 1.922 1.930 1.899 1.907 1.909 1.933 1.924 1.881 13/09/2052
1.943 1.930 1.883 1.797 1.886 1.907 1.893 1.873 1.984 1.903 1.927 1.910 2.014 2.001 1.922 1.938 1.984 1.987 1.968 1.947 1.960 1.984 2.020 1.996 1.969 2.020 2.007 2.062 2.040 1.953 14/09/2052
1.972 1.950 1.969 1.998 1.998 1.939 1.930 1.956 2.161 2.059 1.993 1.961 1.965 1.953 2.066 2.005 1.955 1.985 1.970 2.030 1.974 1.957 1.971 1.990 2.048 1.963 1.986 1.999 2.018 2.029 15/09/2052
1.989 1.961 1.919 1.958 1.972 1.950 1.940 1.915 2.154 2.043 2.054 1.989 1.898 1.882 2.073 2.051 1.996 1.908 1.896 2.062 2.005 2.000 2.014 1.911 2.039 1.864 1.956 1.980 1.916 2.013 16/09/2052
1.780 1.630 1.671 1.561 1.601 1.622 1.609 1.663 1.719 1.641 1.749 1.675 1.642 1.621 1.655 1.701 1.652 1.635 1.631 1.705 1.714 1.652 1.710 1.643 1.727 1.681 1.688 1.743 1.705 1.710 17/09/2052
1.838 1.819 1.799 1.783 1.784 1.806 1.798 1.795 1.874 1.799 1.825 1.815 1.747 1.749 1.811 1.773 1.752 1.746 1.734 1.797 1.723 1.752 1.819 1.748 1.760 1.651 1.736 1.771 1.746 1.749 18/09/2052
1.582 1.590 1.477 1.299 1.269 1.572 1.559 1.470 1.370 1.305 1.606 1.573 1.488 1.467 1.313 1.592 1.563 1.482 1.456 1.333 1.602 1.560 1.539 1.494 1.319 1.611 1.546 1.554 1.492 1.303 19/09/2052
1.593 1.571 1.660 1.689 1.674 1.557 1.544 1.652 1.803 1.706 1.552 1.590 1.662 1.655 1.736 1.586 1.678 1.697 1.685 1.781 1.621 1.677 1.616 1.709 1.830 1.632 1.707 1.662 1.726 1.805 20/09/2052
1.962 1.949 1.932 1.924 1.977 1.939 1.928 1.927 1.979 1.931 1.950 1.944 2.061 2.050 1.942 1.988 2.012 1.963 1.948 1.926 1.983 2.014 1.986 1.973 1.966 2.035 2.045 2.034 2.003 1.951 21/09/2052
2.528 2.493 2.514 2.569 2.561 2.488 2.486 2.511 2.656 2.564 2.556 2.510 2.455 2.449 2.580 2.510 2.499 2.499 2.487 2.522 2.473 2.497 2.512 2.501 2.578 2.479 2.525 2.546 2.536 2.559 22/09/2052
2.914 2.884 3.031 2.900 2.785 2.876 2.868 3.026 2.896 2.803 2.895 2.869 2.858 2.857 2.827 2.856 2.738 2.844 2.840 2.796 2.803 2.742 2.776 2.846 2.785 2.781 2.705 2.771 2.824 2.781 23/09/2052
2.449 2.502 2.551 2.553 2.320 2.482 2.475 2.546 2.477 2.375 2.552 2.516 2.380 2.359 2.418 2.544 2.558 2.436 2.396 2.350 2.535 2.551 2.372 2.456 2.373 2.556 2.534 2.396 2.390 2.335 24/09/2052
2.325 2.448 2.580 2.617 2.508 2.446 2.441 2.570 2.710 2.607 2.535 2.530 2.538 2.539 2.626 2.527 2.526 2.546 2.545 2.564 2.582 2.528 2.565 2.556 2.510 2.485 2.547 2.580 2.535 2.506 25/09/2052
2.604 2.848 2.987 2.937 2.753 2.851 2.845 2.989 2.934 2.825 2.745 2.707 2.942 2.907 2.856 2.694 2.647 2.738 2.699 2.825 2.687 2.652 2.697 2.755 2.890 2.750 2.771 2.884 2.887 2.847 26/09/2052
2.243 2.228 2.231 2.255 2.221 2.221 2.213 2.227 2.353 2.292 2.308 2.254 2.207 2.205 2.313 2.337 2.334 2.263 2.252 2.309 2.376 2.328 2.304 2.265 2.354 2.371 2.383 2.332 2.316 2.338 27/09/2052
2.035 2.033 2.130 2.093 2.035 2.040 2.048 2.132 2.246 2.133 2.176 2.121 2.076 2.061 2.162 2.081 2.125 2.108 2.094 2.175 2.100 2.121 2.112 2.107 2.164 2.171 2.164 2.179 2.179 2.159 28/09/2052
2.961 2.724 2.992 3.057 3.012 2.727 2.712 2.997 3.136 3.023 2.799 2.689 2.872 2.846 3.046 2.817 2.647 2.742 2.720 2.868 2.752 2.649 2.715 2.757 2.784 2.634 2.628 2.703 2.734 2.751 29/09/2052
2.484 2.635 2.763 2.740 2.666 2.629 2.616 2.762 2.837 2.734 2.671 2.631 2.708 2.700 2.752 2.649 2.678 2.733 2.703 2.755 2.670 2.687 2.718 2.749 2.786 2.722 2.679 2.735 2.720 2.749 30/09/2052
2.385 2.473 2.667 2.598 2.539 2.465 2.457 2.661 2.787 2.690 2.524 2.500 2.594 2.588 2.712 2.502 2.549 2.645 2.629 2.711 2.494 2.553 2.587 2.650 2.689 2.516 2.546 2.540 2.546 2.671 01/10/2052
1.581 1.773 1.976 2.051 2.171 1.793 1.803 1.988 2.445 2.373 1.717 1.757 2.349 2.336 2.401 1.710 1.886 2.291 2.258 2.409 1.673 1.885 2.153 2.299 2.273 1.623 1.822 2.066 2.116 2.240 02/10/2052
1.801 1.827 1.949 1.897 1.822 1.812 1.791 1.942 2.063 1.912 1.836 1.913 2.056 2.019 1.942 1.884 1.909 2.119 2.084 2.012 1.858 1.908 1.895 2.137 1.982 1.750 1.834 1.834 2.073 1.939 03/10/2052
0.983 1.030 1.025 0.972 1.001 1.013 1.001 1.018 1.062 1.014 0.837 0.987 1.060 1.048 1.023 0.952 1.051 1.025 1.013 1.028 0.863 1.048 0.986 1.036 0.969 0.786 1.018 0.960 0.913 0.946 04/10/2052
1.352 1.409 1.377 1.397 1.397 1.394 1.392 1.377 1.521 1.428 1.562 1.475 1.389 1.385 1.446 1.596 1.529 1.483 1.467 1.423 1.683 1.535 1.543 1.492 1.479 1.688 1.591 1.623 1.541 1.460 05/10/2052
0.826 0.854 0.844 0.808 0.841 0.851 0.856 0.835 0.874 0.861 1.018 0.924 0.900 0.890 0.871 1.039 0.958 0.922 0.905 0.890 0.985 0.955 0.921 0.930 0.896 0.918 0.962 0.933 0.907 0.883 06/10/2052
1.094 1.045 1.001 0.865 0.884 1.032 1.020 1.003 0.877 0.814 0.949 0.992 0.978 0.965 0.830 1.064 1.099 0.899 0.881 0.880 0.968 1.102 0.932 0.906 0.886 0.943 0.929 0.794 0.837 0.851 07/10/2052
1.055 1.079 1.074 1.038 1.074 1.070 1.088 1.074 1.139 1.100 1.124 1.063 1.141 1.133 1.114 1.117 1.176 1.146 1.132 1.160 1.139 1.174 1.161 1.149 1.107 1.141 1.164 1.134 1.107 1.097 08/10/2052
1.329 1.394 1.331 1.163 1.144 1.397 1.386 1.328 1.344 1.256 1.507 1.436 1.381 1.377 1.272 1.475 1.445 1.468 1.469 1.413 1.531 1.448 1.473 1.481 1.497 1.567 1.465 1.483 1.514 1.492 09/10/2052
1.159 1.135 1.158 1.015 1.088 1.125 1.118 1.147 1.098 1.013 1.117 1.129 1.202 1.190 1.036 1.112 1.133 1.112 1.106 1.055 1.122 1.136 1.130 1.124 1.071 1.110 1.104 1.103 1.096 1.050 10/10/2052
1.360 1.357 1.389 1.409 1.517 1.355 1.346 1.391 1.518 1.504 1.369 1.359 1.462 1.455 1.512 1.399 1.417 1.480 1.469 1.480 1.410 1.421 1.466 1.488 1.540 1.444 1.470 1.528 1.518 1.525 11/10/2052
1.225 1.230 1.173 1.187 1.310 1.226 1.231 1.176 1.305 1.298 1.243 1.238 1.290 1.291 1.307 1.193 1.203 1.298 1.305 1.273 1.203 1.205 1.339 1.305 1.262 1.244 1.219 1.375 1.314 1.253 12/10/2052
1.094 1.069 1.036 0.955 0.964 1.066 1.052 1.034 1.001 0.979 1.126 1.083 1.109 1.108 0.985 1.115 1.118 1.092 1.093 1.070 1.109 1.115 1.144 1.095 1.096 1.113 1.125 1.131 1.106 1.094 13/10/2052
1.052 1.081 1.042 1.112 1.157 1.079 1.086 1.036 1.251 1.214 1.173 1.144 1.166 1.160 1.221 1.174 1.171 1.215 1.202 1.224 1.231 1.166 1.252 1.222 1.242 1.198 1.199 1.282 1.256 1.229 14/10/2052
1.000 1.067 1.043 0.984 1.048 1.061 1.055 1.045 1.061 1.030 1.070 1.007 1.027 1.025 1.036 1.064 1.010 1.019 1.007 1.046 1.030 1.009 1.052 1.027 1.050 1.031 1.009 1.059 1.037 1.031 15/10/2052
0.682 0.682 0.685 0.633 0.613 0.674 0.667 0.691 0.682 0.608 0.712 0.740 0.669 0.672 0.620 0.672 0.737 0.736 0.739 0.727 0.693 0.736 0.732 0.734 0.794 0.727 0.747 0.737 0.795 0.799 16/10/2052
0.712 0.716 0.724 0.710 0.741 0.711 0.705 0.721 0.719 0.703 0.685 0.682 0.714 0.708 0.711 0.734 0.730 0.685 0.678 0.680 0.726 0.731 0.692 0.689 0.658 0.744 0.740 0.700 0.675 0.652 17/10/2052
1.118 1.056 1.053 0.894 0.956 1.046 1.022 1.041 1.003 0.950 1.070 1.059 1.090 1.089 0.957 1.091 1.026 1.039 1.037 1.059 1.066 1.028 1.092 1.047 1.083 1.038 1.013 1.075 1.048 1.079 18/10/2052
1.055 1.047 1.073 0.906 0.900 1.041 1.033 1.081 1.000 0.941 1.065 1.119 1.120 1.097 0.945 1.115 1.063 1.087 1.060 1.013 1.125 1.064 1.110 1.104 1.058 1.084 1.049 1.122 1.104 1.042 19/10/2052
0.941 0.924 0.965 0.754 0.795 0.923 0.934 0.967 0.788 0.779 0.949 0.946 0.875 0.877 0.775 0.896 0.901 0.909 0.899 0.923 0.916 0.903 0.928 0.905 0.971 0.933 0.979 0.985 0.985 0.978 20/10/2052
0.994 0.956 0.962 0.921 0.921 0.962 0.956 0.964 0.848 0.845 0.945 0.914 0.885 0.878 0.852 0.947 0.876 0.837 0.832 0.850 0.896 0.878 0.886 0.840 0.837 0.826 0.821 0.833 0.828 0.844 21/10/2052
0.860 0.895 0.889 0.875 0.899 0.903 0.912 0.898 0.861 0.848 0.910 0.894 0.857 0.858 0.854 0.895 0.877 0.846 0.845 0.836 0.888 0.881 0.876 0.849 0.856 0.897 0.876 0.871 0.862 0.858 22/10/2052
0.836 0.846 0.838 0.683 0.800 0.834 0.806 0.834 0.786 0.787 0.839 0.862 0.889 0.886 0.794 0.764 0.781 0.844 0.839 0.840 0.748 0.786 0.884 0.843 0.882 0.766 0.783 0.871 0.867 0.872 23/10/2052
0.910 0.887 0.809 0.770 0.790 0.877 0.889 0.798 0.785 0.755 0.847 0.831 0.808 0.796 0.762 0.826 0.791 0.762 0.767 0.716 0.788 0.797 0.816 0.765 0.768 0.763 0.773 0.789 0.788 0.772 24/10/2052
0.976 0.969 0.965 0.992 0.993 0.975 0.974 0.971 0.939 0.901 0.975 0.957 0.949 0.942 0.902 0.930 0.920 0.945 0.946 0.958 0.927 0.924 0.962 0.947 0.970 0.935 0.919 0.973 0.982 0.967 25/10/2052
1.057 1.043 1.036 1.086 1.038 1.047 1.047 1.037 1.047 1.008 1.080 1.023 0.992 0.985 1.014 1.063 0.986 0.971 0.966 0.994 1.033 0.990 1.007 0.976 1.005 1.066 1.025 1.056 1.030 1.001 26/10/2052
1.076 1.301 1.243 1.260 1.199 1.303 1.302 1.246 1.163 1.101 1.342 1.302 1.201 1.199 1.106 1.296 1.192 1.145 1.139 1.072 1.231 1.193 1.228 1.149 1.165 1.244 1.229 1.278 1.247 1.165 27/10/2052
1.307 1.322 1.324 1.363 1.396 1.334 1.338 1.341 1.357 1.333 1.334 1.309 1.293 1.288 1.347 1.269 1.201 1.286 1.286 1.297 1.215 1.205 1.278 1.290 1.294 1.246 1.236 1.319 1.301 1.297 28/10/2052
1.101 1.120 1.165 1.292 1.244 1.137 1.149 1.181 1.229 1.182 1.117 1.110 1.105 1.107 1.200 1.102 1.061 1.076 1.078 1.142 1.069 1.068 1.055 1.076 1.138 1.102 1.104 1.102 1.123 1.137 29/10/2052
1.539 1.568 1.597 1.843 1.754 1.563 1.560 1.600 1.729 1.668 1.625 1.485 1.508 1.492 1.679 1.533 1.306 1.453 1.444 1.530 1.437 1.309 1.413 1.460 1.506 1.534 1.399 1.523 1.480 1.502 30/10/2052
0.610 0.625 0.606 0.569 0.619 0.623 0.622 0.609 0.597 0.593 0.642 0.618 0.603 0.603 0.600 0.660 0.614 0.587 0.580 0.582 0.640 0.618 0.627 0.584 0.555 0.648 0.611 0.600 0.551 0.552 31/10/2052
0.855 0.881 0.860 0.772 0.809 0.879 0.878 0.864 0.792 0.766 0.888 0.867 0.835 0.830 0.771 0.867 0.760 0.810 0.805 0.756 0.802 0.766 0.819 0.815 0.776 0.846 0.792 0.842 0.799 0.777 01/11/2052
0.588 0.574 0.578 0.544 0.551 0.567 0.554 0.577 0.576 0.567 0.576 0.599 0.630 0.621 0.570 0.567 0.571 0.623 0.624 0.615 0.580 0.573 0.614 0.624 0.614 0.598 0.578 0.621 0.615 0.627 02/11/2052
0.892 0.910 1.033 1.003 1.044 0.923 0.932 1.038 1.127 1.100 0.940 0.944 1.034 1.035 1.105 0.922 0.919 1.034 1.023 1.066 0.939 0.920 0.987 1.036 1.008 0.929 0.924 1.000 1.013 1.019 03/11/2052
0.790 0.820 0.904 1.007 1.006 0.834 0.835 0.904 1.037 1.024 0.890 0.864 0.862 0.863 1.031 0.849 0.804 0.841 0.845 0.899 0.839 0.808 0.840 0.840 0.818 0.764 0.753 0.796 0.799 0.816 04/11/2052
0.644 0.646 0.768 0.915 0.923 0.653 0.659 0.774 1.008 1.020 0.686 0.688 0.788 0.789 1.021 0.664 0.686 0.784 0.783 0.907 0.676 0.689 0.752 0.787 0.868 0.676 0.682 0.758 0.783 0.868 05/11/2052
0.651 0.671 0.704 0.817 0.891 0.668 0.659 0.700 0.923 0.915 0.697 0.680 0.796 0.792 0.923 0.793 0.769 0.819 0.809 0.861 0.793 0.772 0.784 0.826 0.852 0.793 0.782 0.813 0.829 0.841 06/11/2052
0.834 0.906 0.896 0.889 0.968 0.913 0.915 0.913 0.933 0.953 0.880 0.870 0.919 0.921 0.953 0.793 0.850 0.900 0.890 0.904 0.780 0.857 0.864 0.907 0.945 0.812 0.883 0.904 0.911 0.944 07/11/2052
0.704 0.672 0.678 0.783 0.879 0.680 0.691 0.685 0.756 0.782 0.618 0.606 0.711 0.715 0.780 0.576 0.598 0.661 0.667 0.711 0.540 0.604 0.622 0.662 0.721 0.563 0.617 0.626 0.673 0.719 08/11/2052
0.673 0.658 0.650 0.679 0.831 0.668 0.664 0.655 0.740 0.763 0.609 0.587 0.715 0.714 0.769 0.591 0.579 0.672 0.672 0.690 0.567 0.579 0.654 0.674 0.688 0.612 0.615 0.685 0.682 0.694 09/11/2052
0.368 0.371 0.363 0.349 0.363 0.369 0.368 0.363 0.370 0.371 0.383 0.378 0.381 0.380 0.373 0.394 0.408 0.395 0.389 0.381 0.405 0.409 0.394 0.400 0.399 0.415 0.416 0.428 0.439 0.398 10/11/2052
0.455 0.507 0.453 0.358 0.371 0.504 0.492 0.446 0.455 0.442 0.480 0.531 0.581 0.583 0.442 0.449 0.517 0.558 0.553 0.476 0.484 0.519 0.577 0.556 0.535 0.503 0.543 0.597 0.571 0.535 11/11/2052
0.674 0.659 0.554 0.306 0.385 0.663 0.650 0.556 0.359 0.354 0.495 0.493 0.498 0.505 0.352 0.450 0.390 0.399 0.411 0.376 0.352 0.395 0.442 0.407 0.418 0.387 0.394 0.457 0.411 0.421 12/11/2052
0.333 0.311 0.317 0.218 0.237 0.326 0.335 0.316 0.221 0.229 0.291 0.329 0.340 0.354 0.228 0.229 0.246 0.327 0.329 0.295 0.231 0.254 0.328 0.328 0.345 0.235 0.259 0.330 0.295 0.373 13/11/2052
0.901 0.959 0.907 0.769 0.783 0.973 0.962 0.912 0.874 0.875 1.067 1.059 1.029 1.031 0.889 1.027 1.119 1.068 1.054 0.958 1.128 1.115 1.100 1.066 1.043 1.067 1.016 1.016 1.032 1.042 14/11/2052
0.506 0.497 0.508 0.456 0.457 0.514 0.518 0.520 0.432 0.461 0.408 0.444 0.465 0.469 0.457 0.405 0.408 0.420 0.423 0.447 0.388 0.410 0.418 0.421 0.421 0.362 0.376 0.393 0.418 0.425 15/11/2052
0.359 0.341 0.346 0.309 0.322 0.351 0.353 0.353 0.308 0.304 0.323 0.315 0.309 0.312 0.309 0.306 0.289 0.283 0.285 0.306 0.282 0.292 0.291 0.283 0.291 0.287 0.289 0.285 0.287 0.292 16/11/2052
0.433 0.468 0.498 0.503 0.511 0.478 0.472 0.503 0.541 0.554 0.456 0.499 0.512 0.511 0.558 0.439 0.459 0.534 0.531 0.581 0.454 0.461 0.496 0.537 0.579 0.451 0.498 0.538 0.561 0.572 17/11/2052
0.292 0.241 0.290 0.299 0.507 0.252 0.251 0.298 0.379 0.451 0.237 0.235 0.363 0.366 0.457 0.240 0.252 0.337 0.321 0.332 0.240 0.254 0.363 0.336 0.288 0.386 0.284 0.385 0.317 0.286 18/11/2052
0.275 0.273 0.271 0.255 0.270 0.275 0.276 0.271 0.271 0.275 0.275 0.277 0.277 0.279 0.276 0.279 0.289 0.279 0.282 0.279 0.285 0.291 0.280 0.280 0.284 0.283 0.290 0.280 0.282 0.287 19/11/2052
0.289 0.279 0.293 0.294 0.298 0.282 0.282 0.295 0.298 0.299 0.276 0.277 0.290 0.291 0.301 0.284 0.289 0.288 0.289 0.297 0.289 0.292 0.284 0.292 0.294 0.297 0.300 0.293 0.288 0.297 20/11/2052
0.359 0.398 0.531 0.484 0.584 0.404 0.420 0.523 0.604 0.622 0.365 0.362 0.430 0.420 0.645 0.340 0.396 0.371 0.383 0.494 0.382 0.401 0.367 0.378 0.481 0.424 0.445 0.406 0.412 0.465 21/11/2052
0.257 0.249 0.246 0.253 0.264 0.248 0.247 0.247 0.262 0.264 0.251 0.249 0.257 0.256 0.267 0.267 0.276 0.260 0.260 0.264 0.272 0.279 0.263 0.264 0.269 0.276 0.287 0.269 0.270 0.270 22/11/2052
0.469 0.534 0.500 0.247 0.267 0.551 0.575 0.492 0.264 0.267 0.550 0.513 0.264 0.264 0.269 0.446 0.278 0.269 0.270 0.269 0.511 0.280 0.270 0.270 0.272 0.533 0.313 0.282 0.283 0.305 23/11/2052
0.314 0.315 0.311 0.295 0.314 0.316 0.315 0.313 0.324 0.325 0.319 0.320 0.326 0.326 0.325 0.323 0.340 0.329 0.366 0.324 0.330 0.342 0.387 0.331 0.378 0.339 0.348 0.381 0.419 0.422 24/11/2052
0.698 0.753 0.695 0.437 0.495 0.760 0.746 0.696 0.580 0.452 0.987 0.820 0.717 0.711 0.491 0.882 0.872 0.746 0.737 0.592 1.051 0.874 0.954 0.747 0.646 1.223 1.001 1.089 0.928 0.642 25/11/2052
0.711 0.728 0.729 0.657 0.305 0.740 0.752 0.736 0.291 0.303 0.372 0.782 0.349 0.353 0.303 0.739 0.356 0.349 0.355 0.328 0.367 0.358 0.376 0.351 0.341 0.375 0.369 0.385 0.367 0.344 26/11/2052
0.225 0.228 0.224 0.229 0.275 0.233 0.234 0.227 0.250 0.234 0.319 0.250 0.264 0.272 0.233 0.229 0.309 0.360 0.363 0.361 0.342 0.308 0.347 0.359 0.409 0.290 0.283 0.274 0.344 0.412 27/11/2052
0.327 0.356 0.338 0.304 0.302 0.370 0.376 0.348 0.300 0.300 0.384 0.376 0.349 0.355 0.305 0.357 0.341 0.326 0.332 0.321 0.375 0.342 0.353 0.326 0.312 0.372 0.343 0.341 0.332 0.327 28/11/2052
0.277 0.274 0.272 0.249 0.257 0.272 0.270 0.272 0.257 0.256 0.264 0.267 0.261 0.261 0.258 0.275 0.282 0.256 0.255 0.256 0.270 0.283 0.262 0.258 0.258 0.274 0.280 0.263 0.261 0.258 29/11/2052
0.362 0.386 0.294 0.218 0.239 0.390 0.397 0.298 0.228 0.235 0.423 0.370 0.256 0.258 0.235 0.390 0.300 0.246 0.247 0.233 0.359 0.302 0.293 0.247 0.240 0.308 0.318 0.295 0.308 0.244 30/11/2052
0.658 0.684 0.754 0.659 0.748 0.719 0.767 0.775 0.750 0.735 0.697 0.715 0.727 0.752 0.739 0.659 0.620 0.734 0.768 0.806 0.663 0.626 0.746 0.722 0.748 0.649 0.645 0.721 0.735 0.799 01/12/2052
0.207 0.239 0.213 0.149 0.290 0.262 0.278 0.235 0.219 0.298 0.345 0.321 0.353 0.358 0.283 0.299 0.337 0.373 0.377 0.320 0.279 0.338 0.440 0.372 0.321 0.237 0.296 0.365 0.340 0.350 02/12/2052
0.539 0.559 0.579 0.589 0.629 0.565 0.567 0.584 0.583 0.596 0.548 0.563 0.625 0.628 0.599 0.480 0.488 0.613 0.611 0.632 0.481 0.493 0.596 0.612 0.657 0.468 0.486 0.600 0.630 0.658 03/12/2052
1.139 1.220 1.088 1.209 1.287 1.253 1.281 1.110 1.150 1.152 1.363 1.234 1.141 1.155 1.126 1.258 1.060 1.105 1.106 1.003 1.162 1.060 1.267 1.101 1.040 1.308 1.157 1.395 1.183 1.056 04/12/2052
0.921 0.849 0.901 1.121 0.950 0.871 0.897 0.916 0.829 0.798 0.776 0.765 0.720 0.731 0.792 0.653 0.520 0.625 0.635 0.678 0.623 0.523 0.667 0.622 0.622 0.676 0.603 0.740 0.654 0.645 05/12/2052
1.050 1.076 0.915 0.996 0.903 1.087 1.096 0.926 0.891 0.833 1.105 1.024 0.887 0.893 0.830 0.976 0.834 0.888 0.891 0.799 0.929 0.839 0.965 0.890 0.854 0.981 0.913 1.063 1.007 0.859 06/12/2052
0.671 0.710 0.600 0.469 0.424 0.696 0.691 0.597 0.523 0.503 0.787 0.703 0.590 0.598 0.510 0.705 0.547 0.610 0.609 0.619 0.685 0.549 0.657 0.601 0.637 0.623 0.555 0.639 0.625 0.649 07/12/2052
0.161 0.157 0.156 0.162 0.166 0.157 0.158 0.157 0.164 0.162 0.156 0.157 0.162 0.162 0.163 0.161 0.163 0.163 0.164 0.162 0.160 0.165 0.164 0.164 0.166 0.167 0.167 0.164 0.166 0.167 08/12/2052
0.151 0.148 0.152 0.158 0.161 0.148 0.149 0.152 0.160 0.162 0.157 0.154 0.158 0.158 0.162 0.162 0.171 0.164 0.165 0.167 0.167 0.172 0.169 0.166 0.172 0.168 0.172 0.165 0.167 0.173 09/12/2052
0.774 0.761 0.734 0.556 0.532 0.730 0.709 0.718 0.655 0.544 0.774 0.753 0.738 0.734 0.549 0.853 0.802 0.730 0.704 0.694 0.803 0.798 0.701 0.742 0.690 0.765 0.773 0.731 0.743 0.658 10/12/2052
0.424 0.402 0.375 0.388 0.319 0.394 0.401 0.379 0.301 0.264 0.412 0.395 0.278 0.278 0.262 0.368 0.363 0.283 0.279 0.335 0.389 0.365 0.355 0.294 0.290 0.377 0.332 0.334 0.329 0.285 11/12/2052
0.286 0.307 0.260 0.262 0.301 0.309 0.320 0.263 0.336 0.313 0.317 0.321 0.329 0.327 0.314 0.321 0.341 0.349 0.347 0.362 0.377 0.343 0.376 0.349 0.369 0.402 0.399 0.415 0.382 0.370 12/12/2052
0.553 0.553 0.497 0.415 0.504 0.528 0.538 0.489 0.539 0.513 0.533 0.535 0.576 0.572 0.511 0.569 0.614 0.583 0.574 0.546 0.442 0.610 0.609 0.581 0.561 0.519 0.552 0.553 0.552 0.535 13/12/2052
0.287 0.316 0.291 0.306 0.323 0.326 0.327 0.298 0.311 0.319 0.345 0.332 0.319 0.319 0.313 0.347 0.306 0.303 0.313 0.314 0.300 0.309 0.316 0.302 0.278 0.269 0.280 0.286 0.288 0.287 14/12/2052
0.351 0.363 0.347 0.322 0.314 0.370 0.371 0.351 0.324 0.320 0.374 0.371 0.319 0.319 0.319 0.350 0.333 0.344 0.339 0.349 0.344 0.335 0.342 0.347 0.332 0.336 0.321 0.313 0.335 0.335 15/12/2052
0.316 0.339 0.297 0.251 0.166 0.348 0.344 0.310 0.307 0.256 0.354 0.381 0.347 0.351 0.257 0.364 0.377 0.376 0.385 0.407 0.378 0.382 0.378 0.375 0.339 0.390 0.406 0.405 0.370 0.356 16/12/2052
0.353 0.377 0.292 0.261 0.267 0.376 0.365 0.302 0.268 0.275 0.418 0.377 0.330 0.332 0.274 0.441 0.369 0.347 0.346 0.298 0.411 0.375 0.394 0.345 0.303 0.403 0.369 0.396 0.366 0.310 17/12/2052
0.485 0.505 0.389 0.291 0.312 0.508 0.509 0.396 0.331 0.316 0.505 0.509 0.426 0.429 0.322 0.498 0.398 0.411 0.410 0.385 0.440 0.401 0.419 0.404 0.409 0.399 0.416 0.430 0.410 0.416 18/12/2052
0.392 0.366 0.413 0.339 0.338 0.372 0.373 0.417 0.377 0.369 0.329 0.333 0.399 0.391 0.367 0.356 0.341 0.351 0.353 0.387 0.314 0.341 0.356 0.351 0.313 0.307 0.294 0.312 0.309 0.314 19/12/2052
0.208 0.203 0.222 0.213 0.218 0.203 0.207 0.223 0.218 0.218 0.200 0.202 0.211 0.212 0.221 0.208 0.212 0.204 0.209 0.225 0.206 0.215 0.212 0.206 0.201 0.198 0.207 0.193 0.197 0.208 20/12/2052
0.263 0.199 0.195 0.134 0.099 0.206 0.220 0.200 0.106 0.096 0.191 0.187 0.121 0.115 0.097 0.224 0.172 0.115 0.114 0.140 0.229 0.175 0.122 0.117 0.134 0.191 0.171 0.125 0.119 0.134 21/12/2052
0.358 0.374 0.381 0.239 0.277 0.378 0.393 0.384 0.341 0.344 0.400 0.404 0.366 0.372 0.347 0.438 0.433 0.428 0.432 0.432 0.444 0.433 0.415 0.429 0.416 0.464 0.435 0.409 0.420 0.428 22/12/2052
0.154 0.148 0.145 0.131 0.136 0.146 0.145 0.144 0.135 0.135 0.148 0.148 0.136 0.136 0.137 0.171 0.163 0.140 0.139 0.134 0.180 0.164 0.140 0.141 0.136 0.181 0.167 0.143 0.141 0.138 23/12/2052
0.323 0.442 0.469 0.360 0.478 0.453 0.437 0.470 0.532 0.503 0.477 0.507 0.535 0.533 0.494 0.360 0.474 0.528 0.528 0.565 0.396 0.473 0.506 0.527 0.577 0.312 0.431 0.474 0.547 0.577 24/12/2052
0.362 0.373 0.408 0.429 0.430 0.377 0.376 0.413 0.366 0.355 0.373 0.389 0.407 0.408 0.353 0.330 0.321 0.426 0.354 0.380 0.349 0.324 0.371 0.419 0.368 0.316 0.334 0.381 0.348 0.362 25/12/2052
0.281 0.267 0.258 0.295 0.327 0.266 0.266 0.259 0.265 0.288 0.277 0.285 0.267 0.264 0.278 0.272 0.286 0.265 0.260 0.252 0.272 0.288 0.273 0.268 0.260 0.274 0.273 0.266 0.264 0.266 26/12/2052
0.538 0.566 0.536 0.443 0.527 0.533 0.534 0.523 0.533 0.524 0.559 0.529 0.555 0.569 0.520 0.587 0.627 0.600 0.617 0.576 0.623 0.625 0.621 0.595 0.547 0.642 0.641 0.623 0.588 0.560 27/12/2052
0.513 0.495 0.457 0.468 0.376 0.495 0.482 0.464 0.383 0.340 0.517 0.513 0.405 0.400 0.342 0.460 0.387 0.400 0.396 0.359 0.427 0.384 0.419 0.400 0.326 0.364 0.317 0.346 0.336 0.312 28/12/2052
0.548 0.507 0.422 0.439 0.439 0.524 0.534 0.433 0.344 0.361 0.438 0.398 0.368 0.371 0.363 0.410 0.295 0.353 0.355 0.325 0.326 0.298 0.361 0.354 0.353 0.335 0.323 0.387 0.377 0.360 29/12/2052
0.289 0.274 0.236 0.199 0.245 0.281 0.287 0.241 0.202 0.199 0.295 0.287 0.260 0.265 0.201 0.284 0.253 0.277 0.282 0.256 0.285 0.257 0.323 0.275 0.313 0.286 0.280 0.328 0.346 0.329 30/12/2052
0.166 0.195 0.183 0.197 0.251 0.207 0.209 0.188 0.236 0.305 0.244 0.247 0.261 0.269 0.300 0.222 0.234 0.309 0.319 0.327 0.256 0.237 0.298 0.313 0.344 0.242 0.235 0.297 0.323 0.351 31/12/2052
0.067 0.064 0.060 0.059 0.066 0.068 0.068 0.063 0.062 0.072 0.073 0.069 0.065 0.066 0.073 0.079 0.076 0.068 0.069 0.068 0.081 0.079 0.071 0.070 0.072 0.079 0.079 0.079 0.082 0.083 01/01/2053
0.228 0.223 0.246 0.257 0.309 0.239 0.249 0.253 0.202 0.224 0.174 0.214 0.230 0.244 0.219 0.184 0.185 0.180 0.193 0.211 0.189 0.188 0.189 0.184 0.190 0.196 0.193 0.198 0.197 0.186 02/01/2053
0.168 0.166 0.167 0.176 0.192 0.168 0.168 0.169 0.173 0.194 0.164 0.163 0.163 0.163 0.194 0.171 0.173 0.166 0.165 0.173 0.172 0.176 0.163 0.168 0.176 0.176 0.177 0.165 0.169 0.179 03/01/2053
0.561 0.548 0.540 0.363 0.348 0.551 0.559 0.546 0.439 0.411 0.574 0.510 0.440 0.451 0.414 0.497 0.418 0.379 0.382 0.384 0.492 0.434 0.440 0.373 0.322 0.394 0.365 0.379 0.291 0.342 04/01/2053
0.163 0.230 0.204 0.207 0.187 0.226 0.229 0.202 0.192 0.180 0.318 0.321 0.304 0.299 0.175 0.214 0.396 0.413 0.411 0.352 0.321 0.399 0.422 0.415 0.463 0.318 0.394 0.424 0.409 0.462 05/01/2053
0.529 0.564 0.497 0.383 0.387 0.571 0.571 0.500 0.460 0.428 0.624 0.606 0.530 0.526 0.426 0.635 0.579 0.558 0.552 0.488 0.681 0.589 0.591 0.563 0.515 0.713 0.592 0.635 0.583 0.517 06/01/2053
0.621 0.608 0.567 0.362 0.304 0.611 0.608 0.567 0.351 0.304 0.633 0.624 0.404 0.400 0.317 0.586 0.512 0.399 0.388 0.367 0.554 0.512 0.417 0.399 0.366 0.512 0.519 0.424 0.408 0.363 07/01/2053
0.212 0.208 0.207 0.214 0.228 0.212 0.238 0.209 0.205 0.210 0.207 0.206 0.211 0.212 0.207 0.202 0.207 0.227 0.220 0.215 0.203 0.208 0.208 0.224 0.211 0.212 0.211 0.209 0.219 0.228 08/01/2053
0.309 0.237 0.237 0.242 0.245 0.254 0.282 0.256 0.234 0.237 0.273 0.243 0.235 0.237 0.237 0.231 0.242 0.232 0.235 0.234 0.229 0.244 0.239 0.233 0.242 0.239 0.249 0.244 0.244 0.244 09/01/2053
0.387 0.392 0.374 0.325 0.299 0.392 0.399 0.372 0.308 0.305 0.470 0.490 0.357 0.367 0.296 0.375 0.400 0.344 0.364 0.298 0.401 0.407 0.424 0.338 0.327 0.377 0.383 0.390 0.350 0.339 10/01/2053
0.285 0.304 0.290 0.245 0.293 0.313 0.319 0.298 0.280 0.319 0.263 0.307 0.291 0.294 0.320 0.297 0.272 0.284 0.284 0.299 0.347 0.276 0.266 0.285 0.290 0.260 0.238 0.238 0.268 0.296 11/01/2053
0.512 0.525 0.474 0.471 0.529 0.528 0.533 0.478 0.501 0.504 0.526 0.523 0.518 0.520 0.510 0.505 0.435 0.504 0.504 0.484 0.470 0.437 0.525 0.503 0.403 0.443 0.415 0.489 0.436 0.414 12/01/2053
0.363 0.332 0.313 0.310 0.306 0.331 0.332 0.314 0.274 0.292 0.335 0.323 0.286 0.287 0.295 0.300 0.258 0.287 0.289 0.276 0.331 0.257 0.303 0.291 0.281 0.347 0.281 0.318 0.309 0.289 13/01/2053
0.960 0.906 0.828 0.767 0.781 0.902 0.924 0.828 0.776 0.762 0.904 0.909 0.891 0.880 0.766 0.903 0.889 0.874 0.866 0.766 0.910 0.896 0.937 0.878 0.796 0.909 0.862 0.906 0.865 0.786 14/01/2053
0.347 0.346 0.347 0.392 0.424 0.354 0.360 0.348 0.415 0.412 0.333 0.360 0.364 0.373 0.418 0.336 0.329 0.351 0.345 0.378 0.309 0.333 0.329 0.352 0.328 0.247 0.290 0.286 0.290 0.333 15/01/2053
0.627 0.717 0.672 0.729 0.770 0.725 0.725 0.681 0.844 0.839 0.812 0.819 0.790 0.798 0.849 0.822 0.787 0.833 0.830 0.829 0.852 0.792 0.877 0.836 0.795 0.787 0.743 0.808 0.807 0.802 16/01/2053
0.500 0.532 0.483 0.442 0.468 0.545 0.541 0.488 0.474 0.486 0.527 0.522 0.474 0.475 0.484 0.495 0.387 0.430 0.431 0.468 0.411 0.390 0.442 0.427 0.403 0.359 0.347 0.400 0.389 0.405 17/01/2053
0.266 0.262 0.226 0.191 0.195 0.281 0.279 0.224 0.179 0.183 0.223 0.184 0.185 0.185 0.185 0.194 0.186 0.178 0.177 0.182 0.195 0.188 0.228 0.185 0.215 0.274 0.273 0.298 0.248 0.218 18/01/2053
0.277 0.306 0.248 0.270 0.328 0.327 0.323 0.254 0.320 0.302 0.280 0.263 0.208 0.207 0.303 0.270 0.230 0.213 0.212 0.224 0.245 0.232 0.245 0.214 0.231 0.306 0.278 0.295 0.257 0.248 19/01/2053
0.322 0.287 0.282 0.318 0.352 0.276 0.277 0.284 0.358 0.333 0.218 0.259 0.346 0.338 0.340 0.231 0.288 0.257 0.244 0.253 0.278 0.295 0.318 0.264 0.250 0.288 0.330 0.360 0.297 0.262 20/01/2053
0.574 0.654 0.560 0.529 0.518 0.658 0.661 0.566 0.584 0.586 0.652 0.656 0.622 0.625 0.584 0.624 0.602 0.589 0.586 0.583 0.625 0.604 0.633 0.588 0.578 0.583 0.592 0.604 0.614 0.574 21/01/2053
0.682 0.719 0.671 0.571 0.629 0.711 0.724 0.667 0.746 0.678 0.737 0.732 0.820 0.818 0.690 0.803 0.802 0.838 0.838 0.828 0.828 0.802 0.870 0.837 0.822 0.801 0.793 0.823 0.810 0.824 22/01/2053
0.362 0.363 0.277 0.214 0.225 0.394 0.412 0.321 0.249 0.216 0.395 0.370 0.332 0.364 0.216 0.436 0.399 0.295 0.306 0.303 0.411 0.393 0.367 0.272 0.219 0.379 0.399 0.324 0.222 0.247 23/01/2053
0.381 0.347 0.382 0.265 0.276 0.339 0.352 0.380 0.259 0.257 0.315 0.323 0.256 0.258 0.257 0.308 0.252 0.254 0.257 0.261 0.274 0.253 0.251 0.255 0.258 0.249 0.255 0.252 0.253 0.260 24/01/2053
0.572 0.582 0.684 0.555 0.590 0.585 0.588 0.685 0.673 0.633 0.637 0.648 0.686 0.690 0.642 0.559 0.590 0.646 0.648 0.651 0.492 0.593 0.633 0.646 0.569 0.502 0.547 0.575 0.547 0.574 25/01/2053
0.677 0.653 0.691 0.654 0.641 0.655 0.663 0.682 0.637 0.607 0.667 0.639 0.665 0.676 0.609 0.629 0.631 0.666 0.664 0.625 0.544 0.631 0.657 0.667 0.609 0.424 0.511 0.538 0.569 0.609 26/01/2053
0.585 0.569 0.586 0.603 0.598 0.565 0.565 0.582 0.600 0.599 0.541 0.553 0.583 0.584 0.597 0.514 0.506 0.572 0.570 0.588 0.468 0.506 0.537 0.573 0.480 0.420 0.437 0.457 0.486 0.479 27/01/2053
0.516 0.532 0.498 0.430 0.477 0.533 0.541 0.506 0.511 0.525 0.588 0.554 0.550 0.563 0.531 0.597 0.553 0.545 0.560 0.513 0.618 0.554 0.575 0.544 0.501 0.591 0.532 0.536 0.534 0.472 28/01/2053
0.636 0.599 0.558 0.561 0.566 0.613 0.608 0.562 0.513 0.515 0.641 0.578 0.528 0.522 0.521 0.652 0.521 0.513 0.513 0.499 0.614 0.525 0.546 0.517 0.514 0.650 0.542 0.567 0.533 0.514 29/01/2053
0.727 0.727 0.650 0.514 0.529 0.726 0.730 0.647 0.590 0.541 0.737 0.726 0.657 0.640 0.554 0.761 0.708 0.654 0.644 0.586 0.819 0.707 0.696 0.662 0.670 0.851 0.756 0.781 0.737 0.663 30/01/2053
0.377 0.442 0.471 0.354 0.437 0.440 0.437 0.468 0.528 0.501 0.465 0.438 0.587 0.562 0.513 0.515 0.581 0.574 0.556 0.584 0.553 0.583 0.584 0.585 0.560 0.584 0.621 0.663 0.597 0.530 31/01/2053
0.553 0.541 0.553 0.510 0.553 0.528 0.520 0.551 0.624 0.581 0.419 0.486 0.581 0.569 0.602 0.442 0.494 0.527 0.520 0.598 0.393 0.495 0.489 0.536 0.492 0.385 0.482 0.516 0.491 0.495 01/02/2053
0.330 0.323 0.323 0.318 0.324 0.322 0.319 0.323 0.349 0.340 0.322 0.322 0.327 0.325 0.343 0.331 0.420 0.339 0.339 0.326 0.351 0.420 0.368 0.334 0.336 0.349 0.448 0.365 0.373 0.336 02/02/2053
0.822 0.825 0.782 0.751 0.746 0.827 0.844 0.785 0.796 0.775 0.855 0.847 0.809 0.793 0.777 0.875 0.831 0.807 0.804 0.812 0.850 0.832 0.842 0.811 0.841 0.846 0.809 0.827 0.837 0.835 03/02/2053
1.062 1.047 0.927 0.902 0.948 1.041 1.035 0.929 0.957 0.940 1.022 0.956 0.950 0.948 0.954 1.069 0.966 0.943 0.939 0.885 1.027 0.966 0.984 0.946 0.915 1.147 0.977 1.009 0.961 0.905 04/02/2053
0.338 0.330 0.336 0.331 0.337 0.328 0.325 0.335 0.329 0.327 0.313 0.324 0.334 0.332 0.331 0.320 0.338 0.327 0.326 0.324 0.319 0.340 0.327 0.330 0.325 0.323 0.337 0.327 0.326 0.326 05/02/2053
0.654 0.645 0.675 0.741 0.749 0.654 0.659 0.684 0.738 0.753 0.644 0.643 0.660 0.660 0.748 0.611 0.603 0.650 0.653 0.730 0.623 0.608 0.652 0.653 0.717 0.611 0.603 0.657 0.681 0.724 06/02/2053
0.398 0.394 0.401 0.392 0.564 0.391 0.388 0.402 0.508 0.607 0.401 0.396 0.511 0.504 0.631 0.414 0.424 0.514 0.510 0.549 0.419 0.425 0.467 0.518 0.558 0.427 0.433 0.485 0.524 0.545 07/02/2053
0.416 0.417 0.463 0.491 0.511 0.417 0.415 0.466 0.537 0.543 0.421 0.432 0.491 0.496 0.546 0.433 0.447 0.476 0.485 0.563 0.443 0.449 0.457 0.469 0.526 0.462 0.466 0.453 0.453 0.534 08/02/2053
0.927 0.976 1.069 1.089 1.092 0.991 0.998 1.076 1.158 1.155 0.964 0.998 1.113 1.111 1.154 0.893 0.966 1.117 1.117 1.158 0.921 0.973 1.072 1.118 1.152 0.934 0.979 1.099 1.117 1.159 09/02/2053
1.291 1.309 1.449 1.541 1.567 1.330 1.344 1.459 1.623 1.573 1.285 1.320 1.503 1.506 1.565 1.272 1.283 1.431 1.432 1.559 1.332 1.285 1.408 1.429 1.514 1.316 1.256 1.372 1.387 1.524 10/02/2053
1.409 1.407 1.479 1.552 1.533 1.428 1.461 1.492 1.494 1.454 1.369 1.386 1.451 1.454 1.454 1.286 1.193 1.373 1.378 1.403 1.209 1.198 1.357 1.370 1.390 1.182 1.166 1.301 1.297 1.402 11/02/2053
1.187 1.166 1.227 1.376 1.416 1.172 1.172 1.229 1.394 1.344 1.067 1.100 1.356 1.332 1.345 1.171 1.196 1.258 1.222 1.235 1.146 1.200 1.250 1.263 1.188 1.261 1.262 1.298 1.230 1.185 12/02/2053
0.840 0.836 0.841 0.852 0.887 0.844 0.848 0.845 1.006 0.967 0.877 0.865 0.949 0.948 0.974 0.905 0.923 0.949 0.942 0.971 0.918 0.928 0.963 0.955 0.945 0.892 0.909 0.938 0.936 0.941 13/02/2053
0.870 0.828 0.829 0.954 0.892 0.829 0.820 0.832 0.870 0.874 0.770 0.783 0.832 0.826 0.881 0.759 0.770 0.801 0.799 0.793 0.751 0.773 0.788 0.806 0.792 0.782 0.778 0.798 0.794 0.799 14/02/2053
0.907 0.900 0.925 1.001 1.020 0.900 0.890 0.928 1.113 1.108 0.907 0.918 1.007 1.002 1.119 0.913 0.953 0.996 0.999 1.103 0.964 0.954 0.961 1.004 1.060 0.926 0.959 0.965 0.968 1.060 15/02/2053
0.823 0.795 0.803 0.785 0.793 0.793 0.786 0.804 0.822 0.776 0.673 0.686 0.795 0.790 0.779 0.661 0.768 0.837 0.833 0.829 0.753 0.771 0.829 0.842 0.870 0.839 0.818 0.873 0.860 0.868 16/02/2053
0.722 0.720 0.673 0.722 0.737 0.715 0.709 0.676 0.780 0.756 0.734 0.736 0.703 0.699 0.764 0.726 0.743 0.774 0.773 0.776 0.771 0.745 0.777 0.780 0.789 0.820 0.773 0.819 0.790 0.792 17/02/2053
0.886 0.917 0.888 0.939 0.971 0.916 0.912 0.889 0.985 0.981 0.876 0.885 0.953 0.948 0.993 0.932 0.911 0.949 0.943 0.961 0.936 0.913 0.933 0.953 0.971 0.988 0.943 0.976 0.959 0.974 18/02/2053
1.039 1.036 1.082 1.160 1.155 1.043 1.044 1.082 1.156 1.132 0.995 1.013 1.106 1.107 1.130 0.982 0.987 1.091 1.094 1.108 0.960 0.992 1.052 1.093 1.087 0.980 1.004 1.062 1.067 1.090 19/02/2053
1.043 1.059 1.173 1.333 1.286 1.061 1.065 1.170 1.338 1.308 1.009 1.104 1.232 1.233 1.308 0.962 1.082 1.158 1.162 1.220 0.991 1.084 1.112 1.164 1.190 1.054 1.102 1.127 1.131 1.198 20/02/2053
1.089 1.033 1.158 1.232 1.136 1.027 1.027 1.153 1.125 1.106 0.994 1.053 1.155 1.164 1.104 0.958 1.029 1.108 1.104 1.196 0.972 1.031 1.049 1.114 1.094 0.985 1.078 1.111 1.098 1.095 21/02/2053
0.886 0.881 0.825 0.698 0.735 0.879 0.870 0.828 0.748 0.741 0.847 0.897 0.932 0.935 0.740 0.788 0.918 0.899 0.911 0.811 0.831 0.921 0.965 0.897 0.811 0.868 0.916 0.972 0.831 0.825 22/02/2053
1.117 1.083 1.027 0.944 0.871 1.091 1.093 1.039 0.920 0.903 1.056 1.111 1.025 1.028 0.914 0.959 0.997 1.027 1.026 0.978 0.997 1.002 1.064 1.031 1.020 1.062 1.035 1.098 1.022 1.020 23/02/2053
0.684 0.670 0.761 0.743 0.700 0.675 0.675 0.768 0.767 0.722 0.631 0.632 0.698 0.699 0.724 0.628 0.590 0.642 0.648 0.789 0.599 0.593 0.561 0.641 0.710 0.615 0.626 0.603 0.643 0.723 24/02/2053
0.580 0.645 0.595 0.458 0.566 0.653 0.660 0.602 0.596 0.607 0.708 0.680 0.726 0.726 0.605 0.687 0.746 0.682 0.686 0.744 0.655 0.744 0.728 0.679 0.693 0.641 0.732 0.708 0.665 0.710 25/02/2053
1.039 1.005 0.974 0.931 0.924 1.013 1.005 0.984 1.015 0.990 1.041 1.014 0.988 0.986 0.991 1.083 1.059 1.026 1.019 1.051 1.048 1.064 0.991 1.026 1.091 1.062 1.098 1.039 1.054 1.096 26/02/2053
1.122 1.110 1.045 0.859 0.885 1.105 1.101 1.043 0.874 0.876 1.122 1.107 0.996 1.001 0.877 1.074 1.094 1.034 1.031 0.920 1.095 1.098 1.095 1.044 1.003 1.114 1.119 1.112 1.099 1.003 27/02/2053
0.988 0.969 0.993 1.013 1.037 0.969 0.965 0.994 1.021 1.024 0.962 0.977 0.983 0.982 1.029 0.953 0.952 1.020 1.019 1.020 0.968 0.953 0.975 1.023 1.043 1.031 1.009 1.061 1.080 1.036 28/02/2053
1.247 1.231 1.247 1.222 1.223 1.218 1.219 1.243 1.305 1.266 1.236 1.242 1.240 1.237 1.264 1.231 1.223 1.235 1.240 1.334 1.228 1.225 1.249 1.242 1.309 1.207 1.212 1.256 1.254 1.299 01/03/2053
1.043 1.032 1.076 1.062 1.077 1.037 1.033 1.076 1.151 1.121 1.103 1.089 1.127 1.117 1.127 1.113 1.137 1.161 1.148 1.165 1.134 1.137 1.166 1.166 1.160 1.154 1.129 1.165 1.171 1.150 02/03/2053
1.110 1.089 1.143 1.150 1.167 1.074 1.066 1.137 1.211 1.187 1.113 1.099 1.134 1.132 1.191 1.131 1.138 1.129 1.129 1.176 1.140 1.141 1.147 1.132 1.158 1.161 1.159 1.171 1.159 1.156 03/03/2053
0.987 1.022 1.033 1.044 1.063 1.012 1.001 1.029 1.078 1.089 1.064 1.051 1.060 1.051 1.098 1.074 1.087 1.075 1.061 1.113 1.095 1.087 1.072 1.083 1.112 1.100 1.096 1.097 1.093 1.103 04/03/2053
0.967 0.933 0.897 0.855 0.849 0.931 0.936 0.905 0.754 0.800 0.926 0.893 0.820 0.815 0.804 0.979 1.034 0.808 0.804 0.789 0.975 1.037 0.831 0.811 0.804 1.004 1.054 0.854 0.833 0.801 05/03/2053
1.136 1.115 1.045 0.945 0.939 1.098 1.099 1.036 0.808 0.796 1.090 1.053 1.058 1.044 0.806 1.060 1.018 1.029 1.021 0.971 1.044 1.020 1.028 1.033 1.008 1.007 0.994 1.032 1.044 1.006 06/03/2053
1.242 1.296 1.290 1.304 1.276 1.279 1.272 1.280 1.351 1.361 1.259 1.285 1.351 1.336 1.376 1.333 1.375 1.405 1.385 1.469 1.355 1.376 1.324 1.415 1.452 1.365 1.404 1.377 1.442 1.436 07/03/2053
1.095 1.123 1.027 1.156 1.136 1.118 1.110 1.022 1.173 1.150 1.089 1.130 1.109 1.100 1.170 1.102 1.149 1.121 1.107 1.182 1.103 1.150 1.128 1.126 1.174 1.084 1.115 1.090 1.115 1.175 08/03/2053
1.532 1.557 1.533 1.539 1.549 1.547 1.544 1.528 1.617 1.619 1.533 1.560 1.588 1.572 1.629 1.541 1.605 1.638 1.620 1.645 1.564 1.604 1.613 1.650 1.608 1.558 1.600 1.628 1.649 1.586 09/03/2053
1.477 1.446 1.338 1.286 1.283 1.436 1.424 1.335 1.248 1.247 1.432 1.410 1.321 1.313 1.252 1.439 1.375 1.305 1.295 1.254 1.402 1.375 1.396 1.312 1.284 1.395 1.343 1.383 1.334 1.270 10/03/2053
1.050 1.068 1.095 1.081 1.156 1.072 1.077 1.100 1.182 1.177 1.028 1.051 1.152 1.152 1.186 1.019 1.049 1.149 1.149 1.227 0.971 1.054 1.080 1.153 1.174 0.935 1.033 1.073 1.150 1.171 11/03/2053
1.165 1.223 1.250 1.295 1.270 1.220 1.214 1.244 1.343 1.336 1.269 1.270 1.259 1.249 1.356 1.270 1.284 1.301 1.292 1.347 1.315 1.285 1.309 1.311 1.312 1.291 1.277 1.312 1.318 1.298 12/03/2053
1.293 1.307 1.304 1.312 1.337 1.291 1.281 1.290 1.308 1.307 1.311 1.299 1.294 1.287 1.317 1.291 1.295 1.287 1.281 1.287 1.305 1.294 1.317 1.292 1.331 1.392 1.380 1.400 1.327 1.326 13/03/2053
1.200 0.430 1.268 1.101 1.109 0.415 0.379 1.262 1.208 1.141 1.348 0.396 0.502 0.502 1.160 1.391 1.494 0.421 0.402 0.427 1.440 1.490 1.459 0.428 1.438 1.473 0.453 1.500 1.482 1.414 14/03/2053
0.828 0.773 0.719 0.654 0.702 0.807 0.822 0.717 0.646 0.685 0.755 0.772 0.700 0.728 0.674 0.773 0.765 0.699 0.737 0.693 0.763 0.775 0.744 0.688 0.658 0.748 0.735 0.695 0.681 0.706 15/03/2053
0.807 0.759 0.733 0.644 0.674 0.787 0.806 0.748 0.665 0.714 0.728 0.727 0.730 0.756 0.705 0.702 0.795 0.770 0.794 0.739 0.783 0.796 0.776 0.767 0.765 0.833 0.817 0.771 0.799 0.792 16/03/2053
1.058 0.950 0.947 0.931 0.938 0.927 0.904 0.939 0.877 0.819 0.883 0.803 0.814 0.796 0.832 0.906 0.770 0.701 0.651 0.753 0.738 0.762 0.696 0.524 0.632 0.538 0.486 0.479 0.552 0.768 17/03/2053
1.265 1.387 1.423 1.434 1.476 1.379 1.366 1.418 1.469 1.446 1.369 1.372 1.457 1.443 1.465 1.415 1.385 1.415 1.400 1.415 1.382 1.382 1.373 1.422 1.328 1.389 1.364 1.378 1.361 1.304 18/03/2053
1.470 1.416 1.516 1.481 1.530 1.405 1.397 1.510 1.493 1.464 1.336 1.385 1.527 1.509 1.478 1.376 1.404 1.440 1.418 1.444 1.325 1.404 1.375 1.450 1.425 1.439 1.424 1.427 1.437 1.392 19/03/2053
2.110 2.093 2.115 2.109 2.143 2.086 2.077 2.111 2.144 2.100 2.038 2.041 2.134 2.133 2.105 2.032 2.062 2.120 2.116 2.154 2.000 2.064 2.080 2.126 2.126 2.007 2.074 2.100 2.117 2.123 20/03/2053
1.469 1.465 1.478 1.378 1.381 1.435 1.419 1.467 1.465 1.415 1.426 1.405 1.556 1.541 1.434 1.452 1.468 1.522 1.499 1.528 1.446 1.462 1.489 1.532 1.563 1.526 1.496 1.527 1.540 1.522 21/03/2053
1.822 1.847 1.793 1.771 1.733 1.835 1.814 1.785 1.793 1.730 1.785 1.826 1.771 1.755 1.744 1.765 1.773 1.815 1.791 1.780 1.797 1.767 1.815 1.825 1.813 1.845 1.777 1.845 1.845 1.779 22/03/2053
1.341 1.559 1.514 1.346 1.391 1.547 1.526 1.508 1.741 1.707 1.745 1.751 1.881 1.867 1.731 1.733 1.955 2.055 2.057 2.018 1.877 1.947 1.987 2.072 2.110 2.020 2.034 2.097 2.118 2.086 23/03/2053
1.015 1.060 1.071 1.080 1.047 1.047 1.031 1.061 1.132 1.082 1.101 1.113 1.128 1.117 1.094 1.122 1.145 1.139 1.121 1.141 1.121 1.141 1.135 1.148 1.096 1.129 1.129 1.134 1.106 1.073 24/03/2053
1.595 1.600 1.558 1.540 1.507 1.602 1.599 1.558 1.492 1.457 1.730 1.633 1.567 1.550 1.468 1.734 1.691 1.610 1.595 1.568 1.737 1.690 1.687 1.618 1.584 1.726 1.664 1.672 1.640 1.567 25/03/2053
1.624 1.692 1.668 1.430 1.416 1.666 1.665 1.661 1.581 1.511 1.784 1.776 1.738 1.726 1.535 1.652 1.728 1.790 1.773 1.689 1.704 1.719 1.761 1.809 1.738 1.795 1.790 1.849 1.860 1.718 26/03/2053
1.472 1.478 1.433 1.086 1.121 1.464 1.470 1.418 1.126 1.076 1.478 1.456 1.463 1.445 1.084 1.456 1.466 1.414 1.388 1.358 1.511 1.460 1.473 1.424 1.351 1.619 1.501 1.539 1.430 1.345 27/03/2053
1.650 1.629 1.614 1.251 1.272 1.608 1.600 1.597 1.366 1.317 1.609 1.593 1.598 1.581 1.333 1.598 1.586 1.571 1.564 1.569 1.598 1.576 1.541 1.588 1.592 1.678 1.637 1.612 1.617 1.566 28/03/2053
1.371 1.301 1.216 0.915 1.029 1.274 1.254 1.199 1.104 1.110 1.279 1.249 1.212 1.209 1.123 1.283 1.314 1.294 1.292 1.207 1.338 1.302 1.287 1.304 1.357 1.564 1.468 1.428 1.438 1.345 29/03/2053
1.050 0.952 0.975 0.905 0.951 0.932 0.921 0.967 0.992 0.971 0.885 1.015 1.075 1.067 0.981 0.923 1.081 1.156 1.161 1.091 0.997 1.076 1.091 1.152 1.099 1.068 1.119 1.116 1.136 1.112 30/03/2053
2.143 2.258 2.052 1.665 1.754 2.233 2.214 2.043 1.896 1.994 2.431 2.253 1.959 1.947 1.995 2.499 2.545 1.979 1.981 1.844 2.444 2.536 2.214 1.984 1.950 2.450 2.436 2.069 2.020 1.949 31/03/2053
1.627 1.566 1.525 1.463 1.580 1.529 1.508 1.504 1.610 1.594 1.471 1.471 1.604 1.564 1.615 1.570 1.621 1.701 1.661 1.622 1.633 1.613 1.618 1.720 1.614 1.653 1.589 1.618 1.655 1.577 01/04/2053
1.548 1.469 1.461 1.305 1.276 1.436 1.411 1.450 1.373 1.320 1.489 1.453 1.511 1.504 1.336 1.501 1.575 1.551 1.543 1.541 1.505 1.573 1.555 1.557 1.531 1.541 1.594 1.573 1.574 1.515 02/04/2053
1.593 1.596 1.562 1.535 1.606 1.585 1.582 1.559 1.497 1.474 1.637 1.528 1.553 1.557 1.493 1.636 1.531 1.494 1.498 1.444 1.568 1.524 1.465 1.492 1.414 1.536 1.512 1.436 1.480 1.415 03/04/2053
2.003 2.006 1.958 1.935 1.967 1.974 1.959 1.941 2.025 1.967 1.983 1.988 2.033 2.013 1.983 2.021 2.057 2.077 2.057 1.992 2.074 2.051 2.060 2.082 2.011 2.149 2.115 2.108 2.094 1.995 04/04/2053
1.198 1.166 1.112 1.093 0.908 1.154 1.153 1.104 0.966 0.891 1.012 0.985 0.993 0.965 0.907 0.938 1.031 0.978 0.947 0.964 0.956 1.028 0.999 0.991 0.820 0.982 1.012 1.045 0.976 0.738 05/04/2053
1.863 1.880 1.809 1.697 1.776 1.871 1.859 1.800 1.893 1.844 1.871 1.862 1.860 1.856 1.849 1.908 1.917 1.878 1.870 1.868 1.959 1.916 1.896 1.886 1.856 1.956 1.919 1.910 1.898 1.845 06/04/2053
1.964 1.945 1.954 2.000 1.979 1.934 1.920 1.948 1.995 2.003 1.936 1.930 1.952 1.946 2.016 1.933 1.955 1.973 1.968 1.988 1.982 1.954 1.952 1.976 1.983 2.016 1.985 1.981 1.989 1.972 07/04/2053
2.788 2.561 2.690 2.733 2.730 2.555 2.543 2.684 2.622 2.581 2.559 2.533 2.642 2.640 2.601 2.566 2.513 2.621 2.606 2.562 2.500 2.517 2.530 2.628 2.667 2.484 2.497 2.505 2.614 2.649 08/04/2053
1.458 1.460 1.456 1.239 1.272 1.430 1.411 1.437 1.395 1.286 1.322 1.411 1.548 1.538 1.316 1.347 1.492 1.519 1.506 1.454 1.395 1.484 1.520 1.531 1.559 1.352 1.497 1.509 1.548 1.521 09/04/2053
1.508 1.595 1.683 1.708 1.745 1.584 1.574 1.679 1.799 1.771 1.544 1.618 1.770 1.755 1.773 1.583 1.522 1.632 1.610 1.762 1.460 1.523 1.532 1.637 1.647 1.482 1.497 1.522 1.568 1.635 10/04/2053
1.970 2.031 2.061 1.797 1.795 2.024 2.005 2.045 1.760 1.718 1.972 1.989 2.076 2.074 1.731 2.000 1.973 2.013 1.982 2.038 1.965 1.971 1.973 2.021 1.958 2.000 1.922 1.940 1.944 1.939 11/04/2053
1.828 1.783 1.895 1.809 1.884 1.768 1.750 1.871 1.838 1.803 1.659 1.688 1.926 1.919 1.814 1.731 1.804 1.835 1.814 1.876 1.629 1.805 1.763 1.846 1.924 1.694 1.823 1.784 1.829 1.899 12/04/2053
2.375 2.345 2.301 2.433 2.471 2.350 2.343 2.304 2.561 2.511 2.391 2.355 2.421 2.396 2.522 2.473 2.359 2.410 2.388 2.417 2.446 2.355 2.385 2.418 2.384 2.410 2.338 2.377 2.391 2.366 13/04/2053
2.968 3.012 2.803 2.773 2.773 3.002 2.989 2.784 2.851 2.761 3.034 2.956 2.903 2.886 2.781 3.035 2.925 2.982 2.959 2.784 3.077 2.920 2.986 2.990 2.807 3.411 2.942 3.041 3.003 2.789 14/04/2053
2.141 2.127 2.153 2.178 2.337 2.110 2.092 2.144 2.419 2.373 2.073 2.099 2.350 2.337 2.394 2.029 2.148 2.399 2.385 2.343 2.112 2.138 2.395 2.408 2.340 2.115 2.118 2.344 2.367 2.322 15/04/2053
2.083 2.086 2.039 1.790 1.928 2.075 2.046 2.022 2.077 2.053 2.130 2.097 2.286 2.275 2.065 2.109 2.290 2.301 2.284 2.225 2.196 2.283 2.350 2.307 2.267 2.343 2.367 2.387 2.380 2.245 16/04/2053
2.314 2.275 2.195 2.261 2.265 2.265 2.243 2.187 2.351 2.301 2.302 2.248 2.263 2.248 2.324 2.280 2.211 2.265 2.244 2.233 2.292 2.203 2.291 2.275 2.152 2.218 2.169 2.294 2.209 2.139 17/04/2053
1.705 1.855 1.694 1.594 1.611 1.840 1.832 1.692 1.665 1.629 1.728 1.606 1.690 1.682 1.643 1.755 1.797 1.691 1.688 1.678 1.838 1.792 1.737 1.696 1.694 1.946 1.855 1.852 1.734 1.690 18/04/2053
2.198 2.124 2.051 2.020 2.147 2.114 2.105 2.045 2.112 2.133 2.172 2.117 2.116 2.099 2.146 2.167 2.259 2.155 2.136 2.058 2.178 2.256 2.209 2.153 2.077 2.151 2.225 2.187 2.199 2.053 19/04/2053
2.528 2.331 2.432 2.413 2.431 2.330 2.322 2.434 2.455 2.423 2.508 2.398 2.481 2.461 2.453 2.501 2.490 2.537 2.521 2.475 2.600 2.482 2.497 2.555 2.466 2.601 2.532 2.574 2.518 2.437 20/04/2053
2.776 2.774 2.719 2.683 2.703 2.762 2.750 2.708 2.903 2.847 2.789 2.760 2.781 2.762 2.862 2.814 2.922 2.810 2.782 2.826 2.914 2.919 2.910 2.820 2.860 2.916 2.960 2.994 2.910 2.829 21/04/2053
3.499 3.521 3.564 3.532 3.518 3.510 3.493 3.555 4.032 3.846 3.587 3.567 3.843 3.834 3.861 3.579 3.716 3.889 3.857 3.990 3.643 3.719 3.812 3.901 3.980 3.632 3.753 3.869 3.904 3.945 22/04/2053
4.130 3.993 3.804 3.864 3.817 4.000 4.000 3.789 3.857 3.718 3.810 3.924 3.757 3.743 3.737 3.848 3.959 4.011 4.007 3.848 4.007 3.962 4.101 4.023 3.811 3.943 3.883 4.000 4.124 3.783 23/04/2053
1.960 2.008 1.925 1.744 1.803 1.986 1.957 1.916 1.800 1.756 1.857 1.862 1.948 1.930 1.785 1.851 1.806 1.785 1.755 1.834 1.793 1.802 1.790 1.796 1.795 1.682 1.753 1.774 1.750 1.754 24/04/2053
2.498 2.504 2.522 2.578 2.622 2.505 2.488 2.518 2.720 2.633 2.472 2.495 2.588 2.571 2.653 2.526 2.572 2.519 2.483 2.556 2.532 2.568 2.575 2.530 2.525 2.509 2.634 2.645 2.554 2.487 25/04/2053
2.780 2.703 2.729 2.437 2.466 2.693 2.680 2.721 2.486 2.404 2.686 2.695 2.740 2.716 2.436 2.706 2.734 2.680 2.656 2.556 2.745 2.731 2.774 2.690 2.540 2.732 2.748 2.802 2.617 2.500 26/04/2053
2.810 2.733 2.697 2.671 2.767 2.699 2.672 2.683 2.839 2.804 2.691 2.717 2.849 2.821 2.819 2.723 2.811 2.946 2.928 2.739 2.789 2.797 2.868 2.959 2.812 2.834 2.845 2.895 2.887 2.771 27/04/2053
2.040 1.952 1.859 1.419 1.514 1.919 1.903 1.848 1.505 1.494 1.840 1.801 1.871 1.868 1.517 1.837 1.762 1.822 1.825 1.843 1.803 1.764 1.800 1.821 1.792 1.737 1.764 1.759 1.687 1.801 28/04/2053
2.286 2.530 2.354 1.983 2.050 2.510 2.502 2.341 2.266 2.226 2.353 2.341 2.414 2.387 2.237 2.383 2.435 2.412 2.387 2.378 2.380 2.433 2.384 2.418 2.392 2.326 2.440 2.441 2.455 2.355 29/04/2053
2.477 2.414 2.352 2.359 2.422 2.386 2.367 2.332 2.536 2.499 2.340 2.342 2.504 2.469 2.516 2.304 2.472 2.473 2.435 2.395 2.294 2.468 2.513 2.486 2.432 2.333 2.495 2.565 2.514 2.383 30/04/2053
2.180 2.109 2.112 1.767 1.870 2.090 2.065 2.091 2.180 2.129 2.105 2.113 2.216 2.192 2.153 2.147 2.193 2.179 2.154 2.159 2.171 2.188 2.161 2.194 2.201 2.243 2.292 2.290 2.258 2.166 01/05/2053
2.439 2.400 2.382 2.145 2.255 2.375 2.347 2.366 2.310 2.225 2.402 2.336 2.456 2.436 2.243 2.500 2.447 2.353 2.332 2.329 2.508 2.447 2.428 2.359 2.327 2.450 2.448 2.437 2.312 2.289 02/05/2053
3.008 2.928 2.864 2.735 2.808 2.916 2.891 2.846 3.003 2.880 2.693 2.771 2.970 2.952 2.894 2.715 2.730 2.910 2.885 2.980 2.686 2.728 2.774 2.917 3.096 2.515 2.695 2.745 2.969 3.062 03/05/2053
3.050 3.075 3.134 3.086 3.170 3.059 3.043 3.125 3.267 3.232 3.077 3.129 3.333 3.334 3.254 3.094 3.316 3.336 3.335 3.345 3.234 3.324 3.246 3.342 3.423 3.266 3.438 3.387 3.388 3.424 04/05/2053
3.709 3.655 3.693 3.643 3.735 3.626 3.611 3.677 3.953 3.869 3.604 3.630 3.830 3.799 3.907 3.673 3.815 3.804 3.781 3.900 3.735 3.809 3.734 3.831 3.876 3.664 3.845 3.765 3.858 3.843 05/05/2053
3.810 3.769 3.756 3.708 3.765 3.750 3.744 3.746 3.976 3.899 3.797 3.761 3.769 3.729 3.920 3.811 3.893 3.740 3.705 3.804 3.894 3.889 3.829 3.757 3.822 3.838 3.909 3.860 3.821 3.765 06/05/2053
3.692 3.689 3.649 3.507 3.538 3.666 3.662 3.640 3.701 3.585 3.691 3.656 3.675 3.649 3.623 3.743 3.812 3.642 3.610 3.621 3.794 3.806 3.738 3.656 3.643 3.748 3.835 3.806 3.758 3.606 07/05/2053
3.269 3.179 3.394 3.476 3.434 3.165 3.146 3.382 3.584 3.457 3.001 3.170 3.394 3.373 3.482 3.021 3.349 3.395 3.370 3.474 3.121 3.345 3.329 3.401 3.382 3.231 3.334 3.343 3.420 3.354 08/05/2053
2.789 2.695 2.567 2.283 2.375 2.667 2.648 2.545 2.299 2.221 2.463 2.472 2.575 2.550 2.238 2.527 2.372 2.294 2.264 2.187 2.447 2.360 2.373 2.313 1.980 2.438 2.199 2.242 2.144 1.910 09/05/2053
4.409 4.397 4.519 4.537 4.529 4.379 4.362 4.513 4.788 4.627 4.368 4.391 4.545 4.521 4.666 4.375 4.422 4.477 4.441 4.552 4.451 4.423 4.427 4.490 4.645 4.333 4.373 4.373 4.499 4.615 10/05/2053
3.808 3.734 3.719 3.699 3.702 3.727 3.721 3.715 3.876 3.726 3.782 3.748 3.819 3.812 3.748 3.772 3.783 3.780 3.767 3.722 3.768 3.781 3.868 3.783 3.676 3.624 3.713 3.753 3.726 3.664 11/05/2053
3.699 3.671 3.638 3.642 3.644 3.677 3.665 3.629 3.820 3.691 3.764 3.668 3.667 3.639 3.712 3.794 3.769 3.636 3.601 3.564 3.860 3.762 3.826 3.645 3.544 3.719 3.702 3.784 3.653 3.490 12/05/2053
3.391 3.359 3.418 3.572 3.550 3.332 3.307 3.406 3.818 3.667 3.381 3.384 3.567 3.539 3.699 3.373 3.446 3.554 3.524 3.680 3.395 3.447 3.528 3.566 3.665 3.375 3.496 3.598 3.599 3.616 13/05/2053
4.205 4.210 4.279 4.308 4.234 4.221 4.218 4.278 4.679 4.524 4.300 4.271 4.353 4.330 4.553 4.175 4.247 4.418 4.409 4.522 4.258 4.243 4.372 4.425 4.540 4.246 4.314 4.510 4.492 4.527 14/05/2053
4.313 4.329 4.384 4.348 4.176 4.318 4.307 4.388 4.536 4.303 4.560 4.485 4.367 4.368 4.341 4.415 4.428 4.353 4.363 4.218 4.536 4.411 4.492 4.359 4.430 4.453 4.478 4.528 4.383 4.443 15/05/2053
4.298 4.225 4.335 4.411 4.409 4.198 4.190 4.339 4.668 4.523 4.432 4.419 4.461 4.438 4.547 4.450 4.486 4.433 4.396 4.342 4.677 4.477 4.569 4.452 4.444 4.634 4.538 4.665 4.464 4.399 16/05/2053
3.285 3.201 3.273 3.519 3.658 3.173 3.147 3.260 3.754 3.734 3.294 3.252 3.624 3.605 3.756 3.157 3.236 3.652 3.640 3.610 3.297 3.239 3.681 3.657 3.628 3.289 3.232 3.699 3.597 3.605 17/05/2053
3.703 3.545 3.533 3.132 3.178 3.500 3.482 3.516 3.394 3.344 3.519 3.456 3.584 3.562 3.365 3.453 3.585 3.552 3.525 3.368 3.383 3.572 3.596 3.555 3.405 3.431 3.445 3.510 3.552 3.358 18/05/2053
3.631 3.933 3.492 3.540 3.464 3.920 3.907 3.482 3.401 3.303 3.730 3.976 3.514 3.486 3.323 3.644 3.455 3.607 3.545 3.386 3.728 3.443 3.494 3.628 3.357 3.744 3.545 3.617 3.471 3.296 19/05/2053
5.024 4.785 4.745 4.818 4.724 4.783 4.811 4.751 5.207 4.975 4.991 4.598 4.661 4.627 5.012 4.854 4.801 4.604 4.577 4.646 5.216 4.796 4.826 4.628 4.790 5.127 5.409 5.509 4.965 4.739 20/05/2053
3.588 3.626 3.630 3.556 3.605 3.623 3.608 3.620 3.870 3.706 3.642 3.617 3.733 3.702 3.752 3.722 3.756 3.697 3.666 3.681 3.824 3.737 3.776 3.704 3.712 3.679 3.709 3.758 3.691 3.676 21/05/2053
3.923 4.223 3.921 4.125 4.158 4.252 4.302 3.920 4.132 4.046 4.040 4.151 3.977 3.964 4.061 4.087 3.932 3.967 3.967 4.062 4.334 3.915 4.008 3.977 4.017 4.468 4.207 4.255 4.033 4.003 22/05/2053
3.467 3.490 3.373 3.441 3.400 3.436 3.419 3.353 3.472 3.396 3.561 3.531 3.464 3.446 3.424 3.454 3.760 3.566 3.542 3.305 3.619 3.755 3.733 3.573 3.401 3.730 3.786 3.768 3.771 3.370 23/05/2053
2.826 2.835 2.829 2.749 2.779 2.821 2.798 2.813 2.822 2.761 2.801 2.810 2.804 2.775 2.785 2.732 2.819 2.739 2.697 2.701 2.784 2.811 2.847 2.753 2.762 2.886 2.917 2.999 2.880 2.690 24/05/2053
3.502 3.414 3.188 3.106 2.970 3.361 3.331 3.170 3.261 3.166 3.592 3.539 3.248 3.243 3.195 3.503 3.646 3.287 3.265 3.201 3.632 3.627 3.671 3.297 3.174 3.753 3.731 3.770 3.469 3.143 25/05/2053
2.959 2.764 2.699 2.399 2.433 2.725 2.689 2.673 2.491 2.381 2.733 2.681 2.798 2.768 2.399 2.834 2.784 2.736 2.695 2.652 2.730 2.778 2.777 2.747 2.569 2.741 2.766 2.774 2.680 2.505 26/05/2053
1.956 1.807 1.771 1.339 1.326 1.760 1.727 1.743 1.298 1.216 1.877 1.756 1.537 1.514 1.240 1.836 1.790 1.534 1.507 1.352 1.855 1.781 1.740 1.554 1.283 1.909 1.773 1.743 1.553 1.216 27/05/2053
2.671 2.592 2.576 2.597 2.734 2.568 2.535 2.560 2.852 2.807 2.539 2.574 2.716 2.685 2.817 2.841 2.953 2.738 2.688 2.613 2.886 2.934 2.783 2.751 2.705 2.771 2.868 2.748 2.750 2.646 28/05/2053
3.522 3.577 3.451 3.487 3.537 3.575 3.543 3.432 3.553 3.535 3.662 3.644 3.757 3.751 3.553 3.808 3.576 3.496 3.489 3.442 3.653 3.575 3.667 3.501 3.479 3.756 3.706 3.841 3.547 3.463 29/05/2053
3.430 3.401 3.292 3.088 3.038 3.369 3.355 3.273 3.358 3.285 3.312 3.249 3.309 3.283 3.313 3.281 3.429 3.400 3.366 3.330 3.270 3.429 3.461 3.409 3.376 3.437 3.438 3.492 3.407 3.331 30/05/2053
3.948 3.867 3.853 3.703 3.673 3.828 3.792 3.829 4.047 3.942 3.899 3.858 3.847 3.834 3.968 3.973 3.893 3.782 3.749 3.798 4.000 3.886 3.938 3.788 3.817 4.030 3.930 4.015 3.895 3.776 31/05/2053
4.557 4.239 3.854 3.870 3.839 4.226 4.202 3.835 3.991 3.891 3.743 3.796 4.272 4.256 3.916 3.770 3.756 4.023 4.009 3.643 3.836 3.751 3.719 4.031 3.727 3.895 3.800 3.807 3.819 3.697 01/06/2053
4.814 4.727 4.936 5.039 5.021 4.707 4.697 4.920 5.260 5.153 4.760 4.702 4.809 4.782 5.176 4.776 4.835 4.770 4.728 5.140 4.874 4.828 4.835 4.776 4.932 4.825 4.863 4.886 4.812 4.874 02/06/2053
5.281 5.166 5.344 5.354 5.247 5.158 5.164 5.351 5.540 5.359 5.176 5.159 5.258 5.216 5.407 5.144 5.128 5.192 5.143 5.176 5.200 5.130 5.262 5.208 5.247 5.113 5.065 5.252 5.211 5.188 03/06/2053
5.157 4.994 4.935 5.002 4.859 4.947 4.935 4.905 4.965 4.841 4.972 4.904 4.826 4.771 4.899 4.889 4.880 4.813 4.757 4.745 4.875 4.869 4.901 4.843 4.809 4.824 4.859 4.947 4.890 4.737 04/06/2053
4.646 4.694 4.603 4.326 4.252 4.692 4.690 4.606 4.506 4.344 4.620 4.641 4.544 4.521 4.405 4.459 4.469 4.433 4.389 4.398 4.462 4.459 4.556 4.456 4.460 4.458 4.421 4.563 4.521 4.400 05/06/2053
4.095 4.018 3.908 4.251 4.202 3.945 3.905 3.885 4.327 4.184 3.873 3.903 4.215 4.196 4.228 3.998 4.129 4.150 4.108 4.059 3.970 4.136 4.198 4.169 4.138 3.979 4.162 4.269 4.223 4.091 06/06/2053
3.782 3.766 3.785 3.918 3.910 3.724 3.680 3.768 4.148 4.070 4.052 3.880 3.944 3.908 4.116 3.967 3.842 3.961 3.910 4.013 3.898 3.830 3.946 3.981 3.990 3.655 3.725 3.891 3.904 3.922 07/06/2053
4.770 4.634 4.792 4.908 4.917 4.605 4.574 4.782 5.239 5.068 4.544 4.620 4.778 4.743 5.098 4.450 4.555 4.847 4.785 4.877 4.444 4.560 4.670 4.861 4.902 4.448 4.676 4.812 4.808 4.836 08/06/2053
5.033 4.975 5.148 5.343 5.309 4.962 4.948 5.133 5.625 5.437 4.969 5.022 5.329 5.297 5.479 4.965 5.106 5.329 5.268 5.310 5.045 5.088 5.290 5.359 5.403 5.035 5.168 5.358 5.265 5.337 09/06/2053
5.677 5.656 5.790 5.775 5.564 5.599 5.554 5.764 6.125 5.829 5.692 5.723 5.723 5.686 5.851 5.533 5.603 5.666 5.618 5.735 5.643 5.595 5.719 5.685 5.913 5.802 5.728 5.932 5.833 5.816 10/06/2053
5.973 5.878 6.174 6.240 6.135 5.861 5.846 6.150 6.632 6.349 6.013 6.022 6.154 6.104 6.368 5.837 5.957 6.055 6.013 6.144 5.943 5.952 6.132 6.065 6.312 6.091 6.080 6.316 6.199 6.239 11/06/2053
5.738 5.713 5.918 5.940 5.798 5.682 5.670 5.909 6.295 6.018 5.783 5.804 5.890 5.860 6.070 5.624 5.703 5.791 5.759 5.807 5.697 5.675 5.828 5.810 5.925 5.719 5.736 5.884 5.835 5.857 12/06/2053
5.331 5.186 5.469 5.398 5.353 5.165 5.125 5.474 5.652 5.411 5.105 5.146 5.424 5.368 5.463 5.050 5.350 5.533 5.461 5.495 5.388 5.354 5.516 5.558 5.526 5.415 5.353 5.607 5.480 5.415 13/06/2053
5.014 4.989 5.107 5.133 5.110 4.997 4.989 5.108 5.134 4.973 4.985 5.000 5.029 4.980 5.015 4.895 4.898 5.037 4.979 4.967 4.894 4.901 4.983 5.059 5.061 4.924 4.902 5.074 5.021 4.980 14/06/2053
4.931 4.837 5.083 5.179 5.212 4.857 4.823 5.096 5.300 5.173 5.025 4.863 5.028 5.000 5.213 4.880 4.801 5.022 4.972 5.022 4.826 4.803 4.884 5.047 5.116 4.831 4.853 4.995 5.047 5.050 15/06/2053
5.269 5.337 5.534 6.056 6.008 5.349 5.353 5.525 6.123 5.919 5.327 5.371 5.447 5.424 5.954 5.259 5.293 5.470 5.442 5.494 5.297 5.289 5.387 5.474 5.607 5.317 5.304 5.425 5.516 5.556 16/06/2053
5.783 5.817 5.984 6.616 6.450 5.807 5.809 5.984 6.755 6.412 5.848 5.879 6.045 6.043 6.486 5.726 5.893 6.044 6.049 6.050 5.748 5.884 6.080 6.039 6.298 5.924 5.830 6.058 5.930 6.278 17/06/2053
5.569 5.518 5.659 5.992 5.874 5.478 5.454 5.647 6.185 5.933 5.434 5.482 5.675 5.635 5.974 5.382 5.607 5.916 5.861 6.051 5.444 5.607 5.695 5.943 6.240 5.450 5.712 5.903 5.986 6.163 18/06/2053
5.479 5.487 5.649 5.749 5.814 5.459 5.453 5.640 6.146 5.944 5.569 5.559 5.767 5.721 5.968 5.620 5.777 5.866 5.801 5.864 5.627 5.781 5.823 5.900 5.968 5.600 5.782 5.952 5.916 5.869 19/06/2053
5.148 5.088 5.101 5.355 5.348 5.027 5.016 5.071 5.292 5.047 5.040 4.978 5.007 5.025 5.117 4.996 5.205 5.422 5.375 5.377 4.874 5.207 5.304 5.457 5.803 5.062 5.168 5.394 5.533 5.749 20/06/2053
5.862 5.737 5.847 6.769 6.369 5.697 5.638 5.834 6.417 6.203 5.627 5.599 5.694 5.648 6.246 5.457 5.482 5.686 5.642 5.708 5.473 5.470 5.678 5.700 5.862 5.591 5.476 5.706 5.652 5.810 21/06/2053
5.338 5.393 5.375 5.531 5.500 5.357 5.319 5.340 5.785 5.541 5.382 5.341 5.754 5.696 5.580 5.399 5.657 5.785 5.717 5.726 5.581 5.659 5.786 5.812 5.750 5.482 5.734 5.945 5.839 5.645 22/06/2053
5.103 5.099 5.210 5.223 5.175 5.056 4.984 5.198 5.228 5.064 4.950 5.109 5.140 5.098 5.107 4.917 5.038 4.936 4.888 5.042 4.932 5.030 4.966 4.955 5.033 5.149 5.071 5.052 4.914 4.977 23/06/2053
5.633 5.750 5.741 5.769 5.581 5.668 5.581 5.695 6.080 5.858 5.462 5.262 5.626 5.598 5.911 5.524 5.253 5.767 5.728 6.066 5.491 5.245 5.305 5.764 5.408 5.476 5.233 5.306 5.122 5.370 24/06/2053
5.423 5.318 5.406 6.996 6.757 5.298 5.257 5.385 5.540 5.417 5.306 5.386 5.196 5.157 5.472 5.248 5.154 5.209 5.158 5.026 5.250 5.147 5.257 5.227 5.294 5.285 5.153 5.317 5.272 5.231 25/06/2053
6.144 6.111 6.283 6.667 6.339 6.127 6.150 6.272 6.548 6.279 5.911 6.104 5.926 5.903 6.306 5.627 5.800 5.928 5.903 5.819 5.607 5.790 5.983 5.933 6.061 5.828 5.867 6.119 5.972 6.018 26/06/2053
7.945 7.718 8.238 8.816 8.415 7.684 7.663 8.207 8.744 8.535 7.925 7.966 7.570 7.506 8.561 7.248 7.689 7.564 7.482 7.438 7.435 7.676 8.156 7.596 7.759 7.519 7.718 8.181 7.720 7.618 27/06/2053
6.966 7.000 7.630 8.929 8.523 6.930 6.875 7.620 8.884 8.463 6.853 7.089 7.158 7.121 8.531 6.628 6.854 7.129 7.087 7.279 6.668 6.859 7.133 7.135 7.468 6.646 6.715 7.026 7.143 7.398 28/06/2053
6.084 6.060 6.053 5.890 6.024 5.833 5.601 5.916 6.153 5.868 5.724 5.850 5.997 5.932 5.937 5.511 6.372 6.010 5.910 5.766 5.873 6.357 6.543 6.014 5.681 5.861 6.018 6.181 6.028 5.612 29/06/2053
5.779 5.647 5.704 5.912 5.702 5.626 5.594 5.703 5.876 5.598 5.646 5.592 5.458 5.431 5.638 5.598 5.512 5.521 5.497 5.418 5.556 5.506 5.530 5.517 5.538 5.571 5.515 5.496 5.437 5.528 30/06/2053
5.735 5.708 5.664 5.949 5.753 5.674 5.620 5.663 6.018 5.743 5.529 5.550 5.694 5.669 5.790 5.544 5.578 5.659 5.627 5.969 5.498 5.572 5.620 5.662 5.791 5.577 5.927 5.972 5.666 5.759 01/07/2053
4.376 4.354 4.251 4.171 4.066 4.308 4.285 4.220 4.273 4.057 4.372 4.310 4.233 4.208 4.112 4.166 4.069 4.164 4.117 4.129 4.097 4.063 4.222 4.173 4.111 4.085 3.996 4.191 4.098 4.079 02/07/2053
4.992 4.951 4.925 4.516 4.484 4.940 4.910 4.925 4.680 4.504 4.817 4.873 4.724 4.666 4.567 4.644 4.585 4.767 4.731 4.798 4.696 4.576 4.815 4.780 4.680 4.662 4.526 4.764 4.717 4.637 03/07/2053
5.717 5.444 5.737 6.840 6.738 5.416 5.417 5.688 6.339 6.298 5.415 5.381 5.282 5.250 6.314 5.147 5.400 6.129 6.074 5.323 5.618 5.392 5.536 6.155 5.348 5.245 5.242 5.413 5.406 5.281 04/07/2053
4.262 4.252 4.270 4.336 4.311 4.200 4.181 4.251 4.310 4.298 4.167 4.193 4.216 4.167 4.328 4.047 4.161 4.257 4.231 4.228 4.097 4.165 4.186 4.260 4.342 4.117 4.203 4.266 4.251 4.293 05/07/2053
4.962 4.937 4.846 4.876 4.767 4.902 4.873 4.830 4.999 4.763 4.797 4.792 4.668 4.632 4.835 4.638 4.644 4.697 4.652 4.595 4.623 4.639 4.731 4.708 4.670 4.615 4.620 4.743 4.768 4.626 06/07/2053
5.000 4.949 4.915 4.874 4.822 4.915 4.881 4.894 5.049 4.847 4.936 4.897 4.791 4.785 4.906 4.844 4.807 4.841 4.808 4.806 4.852 4.796 4.889 4.844 4.853 4.810 4.748 4.844 4.813 4.822 07/07/2053
4.797 4.607 4.785 4.527 4.488 4.567 4.556 4.764 4.711 4.556 4.630 4.512 4.617 4.622 4.584 4.571 4.614 4.594 4.588 4.610 4.673 4.607 4.652 4.601 4.596 4.627 4.632 4.667 4.646 4.549 08/07/2053
4.349 4.238 4.315 4.089 4.066 4.229 4.213 4.308 4.249 4.061 3.979 4.076 4.187 4.151 4.102 3.920 3.898 4.086 4.055 4.092 3.885 3.894 3.981 4.102 4.086 3.938 3.944 4.059 4.027 4.050 09/07/2053
4.375 4.188 4.005 3.562 3.553 4.136 4.097 3.987 3.420 3.305 4.005 3.815 3.786 3.764 3.347 3.918 3.555 3.512 3.459 3.721 3.766 3.537 3.566 3.548 3.437 3.533 3.450 3.505 3.460 3.365 10/07/2053
3.417 3.258 3.439 3.593 3.402 3.237 3.216 3.423 3.397 3.354 3.060 3.147 3.162 3.139 3.402 2.861 3.051 3.182 3.141 3.281 3.064 3.050 3.025 3.196 3.328 3.231 3.325 3.314 3.344 3.271 11/07/2053
3.654 3.554 3.501 3.245 3.259 3.515 3.485 3.481 3.535 3.417 3.520 3.458 3.541 3.510 3.450 3.531 3.422 3.366 3.315 3.501 3.498 3.412 3.306 3.393 3.379 3.429 3.365 3.322 3.344 3.307 12/07/2053
4.527 4.411 4.341 4.071 4.028 4.395 4.376 4.335 4.291 4.167 4.331 4.313 4.305 4.280 4.190 4.328 4.306 4.233 4.193 4.178 4.302 4.301 4.265 4.251 4.282 4.476 4.396 4.386 4.311 4.228 13/07/2053
4.165 4.007 4.049 3.797 3.751 3.959 3.933 4.026 3.979 3.805 3.903 3.950 4.023 3.989 3.839 3.890 3.919 3.928 3.900 3.901 3.925 3.918 3.911 3.939 3.991 4.002 3.981 4.001 3.933 3.951 14/07/2053
3.610 3.514 3.542 3.232 3.186 3.475 3.447 3.532 3.397 3.245 3.436 3.463 3.599 3.545 3.298 3.301 3.433 3.567 3.504 3.537 3.251 3.428 3.491 3.605 3.656 3.344 3.529 3.643 3.622 3.551 15/07/2053
3.906 3.954 4.003 3.721 3.801 3.962 3.955 3.990 3.949 3.828 3.812 3.786 3.870 3.842 3.868 3.655 3.772 4.019 3.990 3.845 3.722 3.768 3.916 4.042 3.956 3.864 3.867 4.022 3.898 3.929 16/07/2053
4.102 4.158 4.083 4.046 4.085 4.145 4.126 4.065 4.186 4.094 4.187 4.134 4.194 4.162 4.121 4.196 4.210 4.163 4.122 4.055 4.164 4.207 4.175 4.170 4.082 4.206 4.201 4.197 4.143 4.028 17/07/2053
5.156 5.161 5.189 5.098 4.969 5.147 5.134 5.164 5.148 4.994 5.143 5.097 5.029 4.989 5.037 4.954 4.948 5.098 5.047 5.065 4.938 4.936 5.067 5.117 5.128 4.963 4.930 5.099 5.101 5.093 18/07/2053
4.937 4.817 4.834 4.638 4.546 4.793 4.784 4.830 4.701 4.523 4.735 4.714 4.715 4.668 4.564 4.608 4.497 4.619 4.571 4.638 4.514 4.491 4.621 4.644 4.671 4.486 4.528 4.699 4.675 4.592 19/07/2053
4.296 4.202 4.140 4.077 4.131 4.175 4.154 4.125 4.098 4.057 4.027 4.057 4.111 4.095 4.087 4.029 4.054 4.034 4.019 3.993 3.992 4.052 4.018 4.042 3.989 3.974 4.103 4.069 3.981 3.988 20/07/2053
4.461 4.394 4.391 4.080 4.078 4.383 4.370 4.380 4.167 4.065 4.329 4.299 4.241 4.212 4.090 4.306 4.253 4.150 4.126 4.151 4.275 4.259 4.271 4.160 4.153 4.184 4.166 4.189 4.145 4.123 21/07/2053
4.666 4.634 4.547 4.491 4.458 4.615 4.593 4.543 4.627 4.503 4.623 4.595 4.582 4.572 4.530 4.617 4.670 4.658 4.639 4.645 4.706 4.667 4.693 4.666 4.704 4.767 4.717 4.755 4.708 4.691 22/07/2053
5.524 5.408 5.601 5.510 5.405 5.387 5.354 5.580 5.641 5.402 5.342 5.490 5.612 5.585 5.438 5.315 5.459 5.472 5.442 5.410 5.395 5.446 5.518 5.479 5.559 5.538 5.453 5.569 5.617 5.509 23/07/2053
4.923 4.826 4.855 4.755 4.720 4.827 4.812 4.864 4.833 4.694 4.637 4.704 4.706 4.687 4.721 4.588 4.515 4.650 4.630 4.679 4.631 4.513 4.581 4.660 4.682 4.629 4.549 4.657 4.680 4.662 24/07/2053
4.456 4.443 4.423 4.317 4.216 4.439 4.424 4.412 4.596 4.390 4.355 4.377 4.329 4.295 4.418 4.332 4.252 4.266 4.218 4.494 4.297 4.244 4.242 4.284 4.429 4.246 4.210 4.232 4.259 4.392 25/07/2053
4.815 4.850 4.848 4.765 4.708 4.824 4.826 4.830 5.024 4.820 4.770 4.824 4.834 4.818 4.857 4.737 4.776 4.832 4.809 4.913 4.760 4.773 4.816 4.846 4.859 4.711 4.739 4.790 4.780 4.818 26/07/2053
4.941 4.963 4.967 4.778 4.683 4.946 4.950 4.951 5.031 4.804 4.824 4.922 4.870 4.845 4.842 4.731 4.801 4.876 4.839 4.913 4.829 4.796 4.889 4.891 4.835 4.843 4.801 4.903 4.839 4.790 27/07/2053
4.522 4.594 4.604 4.564 4.481 4.579 4.587 4.591 4.755 4.552 4.532 4.570 4.575 4.568 4.577 4.487 4.493 4.599 4.583 4.684 4.524 4.491 4.549 4.610 4.625 4.511 4.493 4.572 4.562 4.597 28/07/2053
4.323 4.156 4.165 4.114 4.054 4.140 4.115 4.164 4.193 4.025 3.905 3.962 4.109 4.061 4.048 3.896 3.917 4.105 4.064 4.172 3.869 3.914 3.943 4.132 4.121 3.822 3.906 3.983 4.031 4.076 29/07/2053
4.348 4.302 4.290 4.059 3.982 4.319 4.283 4.314 4.126 3.942 4.158 4.123 4.105 4.063 3.956 4.132 4.089 4.113 4.061 4.096 4.090 4.091 4.044 4.118 4.113 4.232 4.178 4.193 4.103 4.049 30/07/2053
3.755 3.573 3.756 3.252 3.184 3.555 3.535 3.758 3.484 3.380 3.522 3.560 3.516 3.500 3.410 3.529 3.525 3.482 3.456 3.447 3.731 3.526 3.522 3.489 3.312 3.607 3.433 3.458 3.275 3.265 31/07/2053
