# 6448 6449 6450 6451 6452 6528 6529 6530 6531 6532 6610 6611 6612 6613 6614 6693 6694 6695 6696 6697 6776 6777 6778 6779 6780 6859 6860 6861 6862 6863 Date
6.074 6.136 5.935 5.782 5.520 6.081 6.030 5.891 5.920 5.692 6.135 6.002 5.937 5.864 5.745 5.402 5.179 5.912 5.826 5.986 5.389 5.168 5.854 5.936 5.694 5.486 5.235 5.984 5.961 5.597 01/08/2090
6.032 6.198 5.842 5.564 5.263 6.151 6.139 5.825 5.450 5.303 6.060 5.982 5.601 5.565 5.340 5.746 5.541 5.580 5.544 5.582 5.706 5.537 5.654 5.598 5.423 5.735 5.526 5.663 5.501 5.357 02/08/2090
5.024 5.302 5.141 5.038 4.960 5.280 5.240 5.108 4.982 4.930 5.287 5.260 5.117 5.119 4.953 5.145 5.094 4.988 4.993 4.941 5.054 5.087 5.159 4.984 4.803 4.920 4.913 4.975 4.949 4.770 03/08/2090
4.794 4.820 4.702 4.503 4.553 4.764 4.753 4.681 4.637 4.514 4.818 4.810 4.816 4.790 4.534 4.628 4.600 4.815 4.780 4.780 4.670 4.593 4.821 4.830 4.824 4.687 4.714 4.927 4.902 4.778 04/08/2090
4.546 4.637 4.546 4.225 4.268 4.605 4.603 4.531 4.437 4.348 4.480 4.598 4.651 4.636 4.371 4.443 4.411 4.545 4.522 4.640 4.531 4.419 4.409 4.553 4.559 4.546 4.559 4.583 4.579 4.497 05/08/2090
4.573 4.698 4.586 4.300 4.524 4.696 4.701 4.594 4.790 4.601 4.591 4.673 5.013 5.010 4.617 4.503 4.655 4.924 4.902 5.005 4.542 4.655 4.823 4.940 4.892 4.492 4.707 4.914 4.946 4.860 06/08/2090
2.404 2.311 2.147 1.437 1.232 2.257 2.211 2.124 1.760 1.572 3.207 2.748 2.214 2.168 1.644 3.097 2.747 2.304 2.274 2.196 3.240 2.739 2.696 2.310 2.841 3.350 3.304 3.333 3.222 2.813 07/08/2090
3.199 3.282 3.306 3.045 3.033 3.242 3.233 3.269 3.160 3.066 3.384 3.390 3.483 3.481 3.107 3.256 3.343 3.518 3.497 3.486 3.326 3.342 3.439 3.532 3.460 3.389 3.365 3.499 3.480 3.399 08/08/2090
4.312 4.337 4.304 3.455 3.210 4.315 4.292 4.288 3.642 3.239 4.281 4.277 3.906 3.874 3.306 4.195 4.054 3.954 3.891 3.884 4.293 4.045 3.929 3.977 4.013 4.337 4.223 4.162 4.087 3.934 09/08/2090
4.417 4.440 4.421 3.977 3.955 4.425 4.402 4.418 4.212 3.970 4.329 4.385 4.345 4.311 4.011 4.264 4.226 4.309 4.268 4.280 4.365 4.220 4.286 4.327 4.267 4.322 4.303 4.399 4.357 4.220 10/08/2090
3.666 3.666 3.512 3.230 3.153 3.647 3.649 3.519 3.363 3.243 3.609 3.627 3.485 3.476 3.257 3.488 3.494 3.479 3.447 3.478 3.426 3.497 3.406 3.494 3.338 3.387 3.455 3.401 3.396 3.312 11/08/2090
5.415 5.467 5.339 4.945 4.788 5.468 5.495 5.352 5.089 4.911 5.544 5.573 5.271 5.217 4.934 5.266 5.150 5.327 5.320 5.215 5.271 5.158 5.256 5.347 5.242 5.258 5.260 5.389 5.357 5.210 12/08/2090
6.658 6.390 6.607 6.369 6.097 6.364 6.336 6.584 6.507 6.285 6.491 6.493 6.510 6.512 6.296 5.935 6.202 6.456 6.448 6.405 6.199 6.202 6.532 6.444 6.537 6.053 6.410 6.809 6.769 6.537 13/08/2090
7.476 7.520 7.805 7.481 7.072 7.535 7.534 7.803 7.359 7.195 7.189 7.361 7.505 7.465 7.208 6.665 6.906 7.260 7.237 7.154 6.578 6.904 7.325 7.272 7.260 6.435 6.912 7.321 7.377 7.242 14/08/2090
5.638 5.478 5.569 5.914 5.793 5.474 5.464 5.563 5.596 5.610 5.438 5.532 5.445 5.423 5.643 5.086 5.177 5.254 5.224 5.376 5.165 5.167 5.424 5.270 5.543 5.105 5.186 5.491 5.316 5.505 15/08/2090
4.917 5.075 5.013 4.952 4.736 5.058 5.003 4.982 4.869 4.867 4.958 5.020 4.968 4.914 4.916 4.573 4.581 4.955 4.890 4.977 4.712 4.564 4.815 4.984 5.081 4.773 4.784 5.109 5.157 4.985 16/08/2090
4.288 4.382 4.457 4.420 4.476 4.381 4.377 4.459 4.739 4.571 4.446 4.454 5.044 5.006 4.579 4.529 4.569 4.783 4.736 4.853 4.517 4.570 4.702 4.809 4.808 4.365 4.553 4.792 4.822 4.751 17/08/2090
5.274 5.172 5.273 4.990 5.064 5.180 5.178 5.288 5.199 4.979 5.025 5.017 5.253 5.228 4.987 4.993 4.845 5.210 5.199 5.396 5.121 4.845 5.032 5.233 5.274 5.000 4.871 5.107 5.286 5.243 18/08/2090
5.375 5.385 5.488 5.094 5.136 5.422 5.429 5.496 5.438 5.157 5.438 5.390 5.533 5.508 5.181 5.398 5.269 5.507 5.488 5.656 5.553 5.274 5.495 5.529 5.486 5.589 5.362 5.665 5.674 5.465 19/08/2090
5.404 5.529 5.832 5.353 5.449 5.535 5.516 5.847 5.805 5.567 5.418 5.575 5.975 5.949 5.584 5.459 5.456 5.912 5.890 5.853 5.457 5.460 5.702 5.937 5.688 5.290 5.446 5.763 5.930 5.653 20/08/2090
4.860 4.942 4.925 4.700 4.614 4.882 4.795 4.889 4.775 4.857 4.849 4.905 4.761 4.697 4.906 4.734 4.676 4.833 4.750 4.731 4.860 4.675 4.755 4.863 4.787 4.841 4.720 4.911 4.913 4.686 21/08/2090
4.848 4.814 4.811 4.524 4.273 4.833 4.836 4.824 4.412 4.396 4.826 4.843 4.491 4.448 4.428 4.571 4.387 4.647 4.599 4.572 4.725 4.384 4.502 4.665 4.654 4.820 4.528 4.744 4.697 4.594 22/08/2090
4.456 4.471 4.453 4.262 4.091 4.485 4.481 4.455 4.348 4.180 4.475 4.398 4.343 4.331 4.215 4.375 4.327 4.356 4.339 4.465 4.423 4.322 4.282 4.368 4.398 4.438 4.353 4.388 4.352 4.371 23/08/2090
4.775 4.853 4.702 4.291 4.191 4.854 4.854 4.703 4.415 4.338 4.844 4.740 4.587 4.567 4.369 4.755 4.581 4.639 4.615 4.515 4.902 4.585 4.663 4.651 4.566 4.794 4.622 4.748 4.703 4.545 24/08/2090
4.152 4.208 4.246 3.931 3.796 4.196 4.188 4.231 4.056 3.859 4.161 4.134 4.272 4.240 3.899 3.986 3.922 4.303 4.270 4.391 4.064 3.923 4.120 4.331 4.410 4.064 4.041 4.329 4.361 4.347 25/08/2090
4.196 4.189 4.091 3.772 3.696 4.201 4.201 4.096 3.781 3.676 4.109 4.031 3.984 3.988 3.697 4.031 3.746 3.865 3.859 3.878 3.908 3.755 3.814 3.876 3.869 3.851 3.803 3.862 3.896 3.854 26/08/2090
4.497 4.645 4.683 4.183 4.097 4.648 4.651 4.686 4.467 4.292 4.635 4.702 4.687 4.674 4.316 4.521 4.634 4.761 4.751 4.835 4.717 4.639 4.693 4.770 4.844 4.847 4.825 4.891 4.896 4.822 27/08/2090
5.247 5.333 5.458 4.974 4.734 5.368 5.396 5.456 5.159 4.947 5.323 5.402 5.373 5.372 4.973 5.060 5.175 5.412 5.389 5.511 5.160 5.177 5.275 5.417 5.412 5.262 5.359 5.519 5.443 5.377 28/08/2090
4.446 4.562 4.628 4.489 4.347 4.545 4.517 4.620 4.540 4.486 4.589 4.410 4.670 4.653 4.500 4.478 4.343 4.643 4.611 4.863 4.716 4.348 4.487 4.662 4.850 4.696 4.704 4.917 4.858 4.850 29/08/2090
3.913 3.990 3.913 3.652 3.583 3.998 3.999 3.912 3.749 3.674 4.110 3.968 3.877 3.873 3.707 4.031 3.712 3.871 3.874 4.017 4.066 3.712 3.828 3.884 4.146 3.958 3.719 3.861 3.926 4.113 30/08/2090
4.134 4.260 4.299 3.807 3.739 4.223 4.232 4.294 3.980 3.900 4.294 4.293 4.451 4.414 3.929 4.222 4.216 4.504 4.464 4.525 4.324 4.213 4.342 4.523 4.552 4.360 4.323 4.449 4.529 4.509 31/08/2090
3.640 3.744 3.751 3.468 3.432 3.741 3.759 3.769 3.700 3.608 3.795 3.822 3.864 3.855 3.644 3.762 3.719 3.978 3.970 4.072 3.884 3.719 3.823 3.985 3.910 3.875 3.766 3.887 3.937 3.913 01/09/2090
4.207 4.268 4.528 4.294 4.139 4.283 4.289 4.521 4.082 3.993 4.405 4.547 4.394 4.363 4.017 4.185 4.298 4.280 4.249 4.271 4.242 4.297 4.334 4.296 4.187 4.033 4.220 4.260 4.189 4.145 02/09/2090
4.631 4.688 4.801 4.436 4.313 4.707 4.692 4.798 4.313 4.297 4.816 4.791 4.701 4.679 4.319 4.661 4.752 4.821 4.811 4.795 4.824 4.752 4.793 4.828 4.917 4.784 4.800 4.864 4.923 4.891 03/09/2090
4.466 4.503 4.788 4.626 4.507 4.502 4.493 4.800 4.504 4.443 4.444 4.561 4.772 4.741 4.468 4.461 4.576 4.793 4.757 4.782 4.694 4.586 4.702 4.818 4.844 4.759 4.639 4.817 4.797 4.791 04/09/2090
4.699 5.026 5.127 4.730 4.515 5.042 5.036 5.156 4.554 4.490 4.978 4.990 4.845 4.835 4.520 4.818 4.820 5.008 4.976 5.085 5.026 4.831 4.926 5.026 5.146 4.929 4.850 4.964 5.178 5.092 05/09/2090
4.797 4.904 4.993 4.681 4.489 4.940 4.958 5.015 4.469 4.404 4.942 4.975 4.860 4.833 4.431 4.775 4.872 5.039 4.998 5.032 4.967 4.876 5.022 5.053 5.124 4.980 4.948 5.139 5.223 5.107 06/09/2090
4.940 4.988 5.116 4.743 4.532 5.029 5.049 5.160 4.487 4.423 5.057 5.057 4.842 4.810 4.438 4.897 4.873 4.967 4.930 4.992 5.079 4.876 5.006 4.981 5.091 5.076 4.969 5.137 5.160 5.069 07/09/2090
5.154 5.045 5.167 4.837 4.604 5.112 5.143 5.197 4.623 4.534 5.135 5.115 4.939 4.915 4.555 4.961 4.857 5.042 5.018 5.070 5.020 4.857 4.976 5.058 5.086 4.995 4.963 5.145 5.093 5.031 08/09/2090
5.245 5.317 5.476 4.845 4.605 5.354 5.381 5.501 4.839 4.722 5.287 5.336 5.292 5.255 4.752 5.040 5.025 5.417 5.368 5.443 5.231 5.031 5.223 5.445 5.426 5.109 5.065 5.335 5.386 5.359 09/09/2090
4.819 4.796 4.992 4.637 4.414 4.805 4.802 5.023 4.543 4.476 4.877 4.708 4.765 4.740 4.503 4.629 4.525 4.860 4.813 4.981 4.668 4.540 4.705 4.876 5.004 4.580 4.546 4.798 4.923 4.958 10/09/2090
4.409 4.501 4.791 4.667 4.402 4.530 4.537 4.803 4.863 4.730 4.853 4.641 4.824 4.818 4.771 4.731 4.356 4.911 4.903 5.133 4.524 4.363 4.621 4.923 5.172 4.551 4.493 4.770 4.982 5.171 11/09/2090
4.400 4.744 5.223 4.796 4.555 4.799 4.819 5.266 5.011 4.845 4.672 4.843 5.182 5.170 4.894 4.572 4.626 5.297 5.319 5.422 4.751 4.637 4.869 5.322 5.442 5.115 4.858 5.206 5.389 5.439 12/09/2090
5.097 5.152 5.601 5.368 5.118 5.235 5.264 5.643 5.374 5.251 4.712 5.053 5.374 5.371 5.287 4.599 4.694 5.519 5.518 5.683 4.587 4.696 4.976 5.535 5.600 4.673 5.016 5.411 5.606 5.606 13/09/2090
4.158 4.148 4.688 4.853 4.590 4.176 4.176 4.710 4.932 4.791 4.136 4.144 4.603 4.592 4.826 4.126 3.895 4.573 4.554 5.241 3.938 3.899 4.045 4.581 4.962 3.926 3.951 4.104 4.552 4.935 14/09/2090
3.808 3.781 3.981 3.897 3.723 3.805 3.815 3.993 3.872 3.779 3.663 3.839 3.890 3.882 3.812 3.635 3.507 3.740 3.730 3.960 3.534 3.508 3.563 3.754 3.834 3.561 3.580 3.644 3.739 3.831 15/09/2090
3.423 3.651 3.843 3.687 3.521 3.670 3.675 3.854 3.774 3.670 3.605 3.775 3.803 3.803 3.705 3.554 3.408 3.752 3.746 3.992 3.419 3.410 3.531 3.760 3.929 3.431 3.450 3.579 3.727 3.925 16/09/2090
5.527 5.587 5.582 5.226 4.932 5.639 5.673 5.638 5.130 5.025 5.376 5.456 5.301 5.284 5.059 5.202 4.923 5.313 5.296 5.296 5.131 4.930 5.225 5.331 5.252 5.172 5.025 5.332 5.292 5.233 17/09/2090
3.028 3.036 3.099 2.941 2.961 3.055 3.066 3.111 3.067 2.956 3.052 3.126 3.142 3.115 2.970 3.023 2.910 3.113 3.103 3.117 2.971 2.916 3.103 3.122 3.257 2.999 2.988 3.191 3.263 3.234 18/09/2090
3.169 3.248 3.278 2.948 2.956 3.244 3.238 3.272 3.191 3.083 3.311 3.394 3.423 3.405 3.100 3.239 3.388 3.501 3.457 3.389 3.393 3.387 3.569 3.513 3.486 3.380 3.447 3.610 3.566 3.439 19/09/2090
2.673 2.759 2.770 2.501 2.290 2.755 2.757 2.787 2.532 2.417 2.831 2.869 2.692 2.679 2.424 2.779 2.824 2.808 2.807 2.765 2.884 2.833 2.870 2.822 2.841 2.860 2.808 2.873 2.901 2.819 20/09/2090
2.078 2.102 2.223 1.963 2.168 2.118 2.103 2.219 2.124 2.128 2.079 2.105 2.091 2.100 2.149 2.059 2.211 2.118 2.116 2.226 2.117 2.210 2.111 2.123 2.146 2.083 2.192 2.096 2.123 2.155 21/09/2090
1.969 1.933 1.937 1.722 1.736 1.884 1.835 1.911 1.729 1.775 1.969 1.914 1.756 1.754 1.872 1.986 1.776 1.758 1.756 1.787 2.003 1.778 1.764 1.764 1.831 1.967 1.790 1.905 1.866 1.826 22/09/2090
1.374 1.340 1.436 1.374 1.222 1.311 1.297 1.421 1.568 1.354 1.350 1.481 1.598 1.567 1.354 1.434 1.803 1.672 1.641 1.705 1.739 1.802 1.664 1.689 1.854 1.894 1.952 1.830 1.836 1.784 23/09/2090
1.588 1.421 1.432 1.616 1.618 1.357 1.294 1.399 1.699 1.646 1.520 1.457 1.751 1.754 1.648 1.875 1.905 1.745 1.748 1.744 2.039 1.905 1.864 1.744 2.162 2.284 2.161 2.208 2.217 2.139 24/09/2090
1.944 1.952 1.852 1.829 1.743 1.945 1.935 1.856 2.280 2.153 2.154 2.168 2.072 2.064 2.177 2.103 2.176 2.207 2.154 2.290 2.186 2.174 2.305 2.216 2.358 2.344 2.314 2.478 2.401 2.337 25/09/2090
2.229 2.199 2.226 2.174 2.135 2.206 2.207 2.235 2.215 2.135 2.259 2.249 2.293 2.271 2.150 2.249 2.234 2.265 2.244 2.340 2.247 2.233 2.324 2.276 2.431 2.308 2.289 2.429 2.406 2.413 26/09/2090
3.337 3.353 3.594 3.391 3.308 3.374 3.392 3.613 3.563 3.435 3.362 3.405 3.547 3.530 3.460 3.286 3.211 3.536 3.509 3.540 3.252 3.216 3.439 3.547 3.622 3.255 3.288 3.558 3.634 3.573 27/09/2090
5.120 5.110 5.638 5.576 5.009 5.118 5.124 5.640 5.145 4.943 4.972 5.105 5.118 5.079 5.013 4.672 4.523 4.809 4.764 4.918 4.670 4.521 4.803 4.830 4.733 4.619 4.493 4.840 4.743 4.673 28/09/2090
2.526 2.403 2.541 2.507 2.297 2.403 2.410 2.530 2.442 2.275 2.271 2.442 2.436 2.419 2.307 2.199 2.251 2.400 2.385 2.424 2.269 2.256 2.366 2.405 2.505 2.366 2.353 2.501 2.497 2.490 29/09/2090
2.201 2.238 2.302 1.995 1.986 2.245 2.244 2.303 2.059 1.993 2.376 2.308 2.250 2.241 2.007 2.321 2.242 2.230 2.219 2.222 2.374 2.245 2.289 2.235 2.283 2.321 2.240 2.287 2.273 2.270 30/09/2090
2.744 2.805 2.860 2.772 2.721 2.831 2.846 2.885 3.007 2.921 2.987 2.955 2.932 2.940 2.938 2.893 2.941 3.067 3.073 3.080 3.053 2.951 3.142 3.076 3.212 3.090 3.041 3.263 3.238 3.201 01/10/2090
2.812 2.876 3.013 2.972 2.863 2.901 2.912 3.024 2.976 2.898 2.831 2.893 2.966 2.943 2.916 2.799 2.712 2.912 2.889 2.982 2.797 2.714 2.815 2.928 2.989 2.810 2.788 2.940 2.999 2.960 02/10/2090
2.251 2.004 1.910 1.494 1.568 2.001 1.993 1.906 1.672 1.589 2.025 1.895 1.858 1.846 1.612 1.978 1.937 1.855 1.837 1.734 1.996 1.938 1.928 1.858 1.772 2.035 1.975 1.974 1.867 1.755 03/10/2090
2.551 2.463 2.564 2.430 2.285 2.478 2.492 2.584 2.290 2.247 2.481 2.447 2.352 2.346 2.263 2.363 2.294 2.388 2.386 2.297 2.407 2.300 2.387 2.395 2.424 2.382 2.320 2.409 2.456 2.423 04/10/2090
4.253 4.181 4.324 3.993 3.805 4.194 4.195 4.332 3.744 3.617 4.184 4.206 3.993 3.959 3.652 3.982 3.969 4.002 3.961 3.880 3.961 3.971 4.065 4.013 3.955 3.915 3.864 4.014 3.956 3.920 05/10/2090
4.232 3.965 3.893 3.870 3.669 3.975 3.999 3.911 3.551 3.469 3.618 3.675 3.584 3.582 3.498 3.556 3.265 3.500 3.496 3.483 3.367 3.272 3.417 3.511 3.535 3.460 3.373 3.556 3.511 3.534 06/10/2090
2.363 2.302 2.340 2.111 2.034 2.304 2.298 2.345 2.132 1.982 2.363 2.330 2.281 2.261 2.001 2.298 2.132 2.198 2.165 2.125 2.266 2.133 2.276 2.209 2.054 2.133 2.039 2.141 2.076 2.041 07/10/2090
3.266 3.242 3.312 3.185 3.067 3.269 3.292 3.339 3.092 3.038 3.166 3.247 3.168 3.162 3.065 3.124 3.003 3.198 3.191 3.126 3.125 3.009 3.124 3.207 3.234 3.228 3.129 3.245 3.257 3.223 08/10/2090
3.412 3.378 3.670 3.758 3.462 3.401 3.418 3.681 3.529 3.396 3.360 3.405 3.477 3.453 3.427 3.159 2.991 3.402 3.386 3.501 3.282 2.998 3.233 3.419 3.721 3.282 3.177 3.468 3.601 3.689 09/10/2090
3.789 3.751 4.073 4.127 3.840 3.760 3.757 4.085 3.739 3.598 3.602 3.769 3.796 3.773 3.628 3.338 3.500 3.793 3.757 3.789 3.446 3.512 3.765 3.810 3.940 3.597 3.671 3.941 3.896 3.909 10/10/2090
2.591 2.507 2.561 2.540 2.462 2.534 2.552 2.570 2.401 2.332 2.358 2.391 2.343 2.351 2.345 2.293 2.179 2.325 2.321 2.398 2.272 2.186 2.318 2.324 2.438 2.364 2.241 2.419 2.391 2.431 11/10/2090
1.754 1.756 1.800 1.653 1.638 1.744 1.742 1.792 1.769 1.664 1.795 1.785 1.846 1.836 1.677 1.797 1.858 1.865 1.849 1.826 1.864 1.859 1.949 1.873 1.896 1.855 1.851 1.955 1.903 1.878 12/10/2090
2.170 2.128 2.230 2.021 2.136 2.132 2.137 2.230 2.393 2.279 2.225 2.185 2.314 2.289 2.307 2.195 2.275 2.376 2.357 2.460 2.341 2.277 2.417 2.381 2.543 2.316 2.310 2.490 2.499 2.528 13/10/2090
2.392 2.181 2.615 2.356 2.416 2.191 2.189 2.637 2.497 2.411 2.233 2.121 2.347 2.338 2.426 2.239 2.075 2.041 2.026 2.210 2.264 2.077 2.153 2.045 2.012 2.090 1.970 2.042 1.939 1.997 14/10/2090
2.150 2.192 2.298 2.010 2.093 2.206 2.232 2.311 2.384 2.314 2.355 2.346 2.406 2.388 2.314 2.290 2.361 2.393 2.388 2.486 2.465 2.367 2.496 2.400 2.408 2.361 2.296 2.445 2.408 2.406 15/10/2090
2.002 1.928 2.006 1.821 1.876 1.939 1.941 2.006 2.078 1.971 1.948 1.953 2.027 2.012 1.986 1.922 1.902 2.011 2.007 2.057 1.956 1.905 2.054 2.023 2.030 1.914 1.895 2.016 1.994 2.024 16/10/2090
2.650 2.651 2.762 2.642 2.581 2.670 2.689 2.769 2.713 2.605 2.523 2.653 2.779 2.776 2.613 2.408 2.460 2.773 2.757 2.774 2.358 2.461 2.704 2.778 2.831 2.389 2.456 2.705 2.781 2.834 17/10/2090
1.861 1.728 1.871 1.798 1.812 1.741 1.745 1.889 1.935 1.850 1.631 1.696 1.860 1.846 1.868 1.641 1.691 1.846 1.823 1.908 1.641 1.694 1.771 1.858 1.787 1.560 1.611 1.688 1.735 1.765 18/10/2090
2.531 2.493 2.710 2.504 2.388 2.499 2.510 2.708 2.583 2.476 2.486 2.535 2.624 2.628 2.483 2.340 2.354 2.599 2.613 2.610 2.359 2.362 2.564 2.602 2.549 2.333 2.377 2.590 2.573 2.557 19/10/2090
3.795 3.749 4.123 3.942 3.612 3.775 3.787 4.135 3.830 3.612 3.491 3.714 3.905 3.891 3.641 3.284 3.351 3.769 3.761 3.704 3.122 3.361 3.617 3.778 3.753 3.201 3.308 3.613 3.659 3.753 20/10/2090
3.523 3.268 3.376 3.262 3.108 3.304 3.333 3.410 3.034 2.960 2.925 3.021 3.041 3.045 2.969 2.702 2.485 2.850 2.850 2.940 2.449 2.499 2.774 2.851 2.881 2.390 2.375 2.648 2.724 2.890 21/10/2090
1.972 1.946 2.070 2.090 2.048 1.943 1.957 2.075 2.046 1.993 1.746 1.833 2.019 2.017 2.007 1.687 1.603 1.933 1.930 2.045 1.623 1.609 1.806 1.936 2.058 1.752 1.716 1.957 1.949 2.060 22/10/2090
1.829 1.744 1.742 1.663 1.701 1.767 1.774 1.769 1.572 1.510 1.597 1.639 1.690 1.685 1.524 1.574 1.646 1.719 1.709 1.665 1.646 1.654 1.793 1.726 1.967 1.842 1.880 2.145 2.093 1.953 23/10/2090
1.740 1.713 1.757 1.578 1.628 1.715 1.721 1.750 1.818 1.741 1.772 1.795 1.873 1.874 1.760 1.787 1.919 1.949 1.942 1.919 1.939 1.923 2.015 1.952 2.009 2.002 1.965 2.105 2.050 1.975 24/10/2090
2.223 2.168 2.312 2.337 2.278 2.202 2.199 2.332 2.519 2.443 2.377 2.277 2.470 2.447 2.483 2.267 2.436 2.571 2.574 2.604 2.514 2.438 2.645 2.583 2.630 2.549 2.476 2.719 2.675 2.615 25/10/2090
1.432 1.490 1.653 1.636 1.664 1.496 1.495 1.659 1.770 1.748 1.445 1.539 1.748 1.742 1.763 1.387 1.471 1.752 1.749 1.778 1.442 1.476 1.689 1.755 1.710 1.450 1.491 1.701 1.700 1.704 26/10/2090
1.989 1.979 2.203 2.068 1.997 1.986 1.990 2.211 2.122 2.044 1.827 1.935 2.115 2.097 2.068 1.726 1.744 2.009 1.991 2.071 1.702 1.749 1.946 2.018 2.047 1.748 1.705 1.927 1.941 2.031 27/10/2090
2.359 2.281 2.423 2.318 2.137 2.288 2.297 2.442 2.192 2.116 1.995 2.112 2.205 2.179 2.142 1.828 1.754 2.031 2.006 2.034 1.752 1.758 1.968 2.040 1.951 1.773 1.730 1.975 1.946 1.931 28/10/2090
2.254 2.217 2.361 2.174 2.013 2.232 2.243 2.383 2.164 2.057 2.014 2.074 2.142 2.127 2.080 1.901 1.706 2.012 1.999 2.072 1.754 1.715 1.881 2.015 1.939 1.696 1.631 1.814 1.842 1.929 29/10/2090
2.305 2.226 2.450 2.265 2.097 2.251 2.263 2.469 2.274 2.200 2.048 2.153 2.264 2.256 2.216 1.879 1.829 2.128 2.114 2.195 1.776 1.838 1.992 2.139 2.023 1.744 1.723 1.880 1.916 2.029 30/10/2090
2.276 2.162 2.327 2.104 1.978 2.172 2.182 2.338 2.056 1.944 2.002 2.038 2.090 2.086 1.956 1.875 1.819 1.936 1.928 1.982 1.775 1.824 1.904 1.937 1.869 1.836 1.798 1.886 1.799 1.866 31/10/2090
3.024 2.870 3.001 2.866 2.701 2.862 2.854 3.008 2.489 2.602 2.588 2.644 2.598 2.554 2.635 2.365 2.102 2.333 2.286 2.341 2.181 2.108 2.302 2.349 2.198 2.190 1.994 2.265 2.181 2.164 01/11/2090
2.455 2.236 2.536 2.349 2.280 2.246 2.258 2.545 2.225 2.113 2.018 2.090 2.246 2.246 2.139 1.961 2.023 2.058 2.055 2.090 1.853 2.029 1.991 2.051 1.949 2.010 2.059 2.041 1.919 1.957 02/11/2090
1.279 1.431 1.482 1.020 1.003 1.440 1.450 1.488 1.015 0.955 1.353 1.553 1.577 1.566 0.964 1.242 1.447 1.510 1.497 1.114 1.365 1.451 1.568 1.512 1.142 1.536 1.526 1.655 1.346 1.133 03/11/2090
1.712 1.782 1.664 1.328 1.236 1.770 1.775 1.665 1.423 1.329 1.863 1.874 1.811 1.789 1.343 1.716 1.827 1.961 1.943 1.664 1.847 1.828 2.035 1.967 1.820 1.951 1.932 2.147 2.058 1.806 04/11/2090
1.401 1.420 1.380 1.161 1.168 1.412 1.402 1.363 1.303 1.215 1.392 1.356 1.462 1.435 1.228 1.341 1.244 1.394 1.368 1.345 1.293 1.238 1.342 1.409 1.360 1.387 1.321 1.455 1.444 1.325 05/11/2090
1.012 1.028 1.007 0.988 0.977 1.035 1.029 1.009 1.043 1.015 1.028 1.047 1.043 1.036 1.022 1.017 0.967 1.044 1.044 1.084 1.038 0.969 1.024 1.053 1.049 1.037 1.008 1.081 1.057 1.044 06/11/2090
0.902 0.884 0.852 0.765 0.807 0.898 0.902 0.866 0.814 0.809 0.839 0.865 0.890 0.891 0.822 0.872 0.801 0.859 0.848 0.827 0.835 0.805 0.851 0.864 0.791 0.811 0.766 0.831 0.807 0.795 07/11/2090
0.840 1.054 1.090 1.013 1.039 1.044 1.034 1.082 1.050 1.001 0.995 1.055 1.133 1.121 1.011 0.961 1.081 1.079 1.069 1.072 1.060 1.084 1.156 1.089 1.120 1.124 1.132 1.236 1.203 1.104 08/11/2090
0.336 0.313 0.347 0.342 0.391 0.497 0.502 0.348 0.362 0.366 0.316 0.491 0.339 0.336 0.368 0.376 0.382 0.338 0.500 0.354 0.378 0.383 0.344 0.340 0.707 0.383 0.388 0.377 0.672 0.704 09/11/2090
1.935 1.955 1.638 1.098 1.062 2.031 2.030 1.620 1.233 1.179 1.900 2.084 1.804 1.806 1.189 1.789 1.738 1.796 1.844 1.532 1.742 1.742 1.820 1.807 1.713 1.843 1.867 1.991 2.004 1.702 10/11/2090
0.637 0.759 0.790 0.563 0.570 0.752 0.769 0.786 0.786 0.735 0.967 1.160 1.066 1.067 0.736 0.933 1.351 1.310 1.322 1.063 1.342 1.349 1.478 1.310 1.631 1.508 1.445 1.595 1.448 1.629 11/11/2090
1.870 1.997 1.836 1.702 1.556 1.988 1.998 1.844 1.723 1.594 2.170 2.084 1.946 1.934 1.620 2.024 2.036 2.055 2.053 1.855 2.261 2.035 2.186 2.067 2.206 2.529 2.245 2.402 2.263 2.185 12/11/2090
2.286 2.642 2.479 2.714 2.283 2.669 2.679 2.492 2.645 2.470 3.026 2.989 2.749 2.728 2.494 2.744 2.844 3.120 3.113 2.888 3.084 2.855 3.109 3.138 3.452 3.527 3.258 3.567 3.543 3.425 13/11/2090
1.922 1.973 2.003 2.145 1.996 1.992 2.013 2.017 1.974 1.912 2.029 2.062 1.989 1.975 1.924 1.829 1.963 2.125 2.109 1.877 1.924 1.979 2.205 2.126 2.164 2.204 2.163 2.425 2.407 2.147 14/11/2090
0.832 0.882 0.814 0.629 0.580 0.882 0.879 0.813 0.580 0.506 0.762 0.842 0.786 0.775 0.509 0.694 0.827 0.827 0.814 0.702 0.751 0.828 0.884 0.829 0.759 0.809 0.877 0.946 0.931 0.771 15/11/2090
1.240 1.221 1.107 0.864 0.817 1.235 1.235 1.115 0.808 0.796 1.140 1.185 1.031 1.034 0.812 1.031 1.079 1.042 1.038 0.917 1.082 1.079 1.125 1.042 1.005 1.076 1.120 1.158 1.155 1.021 16/11/2090
1.073 1.169 1.025 0.700 0.712 1.182 1.176 1.041 0.891 0.786 1.136 1.111 1.125 1.127 0.806 1.125 0.982 1.141 1.149 1.088 1.091 0.983 1.169 1.138 1.183 1.155 1.051 1.217 1.242 1.197 17/11/2090
0.535 0.524 0.495 0.360 0.296 0.534 0.526 0.506 0.346 0.280 0.591 0.562 0.536 0.529 0.284 0.506 0.569 0.546 0.549 0.439 0.595 0.569 0.610 0.545 0.502 0.597 0.588 0.610 0.582 0.501 18/11/2090
0.616 0.614 0.569 0.455 0.492 0.624 0.636 0.572 0.499 0.497 0.627 0.636 0.596 0.592 0.501 0.594 0.565 0.597 0.597 0.516 0.602 0.568 0.616 0.599 0.534 0.523 0.527 0.553 0.547 0.540 19/11/2090
0.261 0.255 0.260 0.260 0.277 0.254 0.257 0.261 0.258 0.267 0.256 0.256 0.261 0.262 0.268 0.270 0.276 0.263 0.265 0.262 0.271 0.278 0.267 0.263 0.263 0.273 0.279 0.265 0.264 0.268 20/11/2090
0.392 0.422 0.370 0.269 0.278 0.427 0.422 0.382 0.281 0.285 0.506 0.438 0.312 0.324 0.287 0.465 0.402 0.323 0.332 0.294 0.459 0.405 0.385 0.320 0.324 0.389 0.382 0.371 0.337 0.339 21/11/2090
0.503 0.484 0.400 0.295 0.319 0.501 0.508 0.410 0.317 0.326 0.540 0.499 0.391 0.400 0.323 0.473 0.399 0.420 0.427 0.373 0.454 0.405 0.445 0.424 0.444 0.407 0.390 0.430 0.426 0.450 22/11/2090
0.915 0.869 0.907 0.783 0.752 0.886 0.906 0.912 0.771 0.753 0.819 0.861 0.813 0.823 0.748 0.784 0.738 0.802 0.809 0.803 0.800 0.743 0.793 0.803 0.819 0.870 0.743 0.787 0.782 0.829 23/11/2090
1.689 1.551 1.691 1.643 1.644 1.552 1.558 1.687 1.582 1.524 1.353 1.416 1.616 1.618 1.530 1.313 1.257 1.456 1.450 1.464 1.223 1.259 1.355 1.455 1.480 1.463 1.323 1.432 1.391 1.474 24/11/2090
1.416 1.380 1.408 1.274 1.356 1.379 1.366 1.400 1.172 1.191 1.208 1.241 1.228 1.234 1.206 1.088 1.089 1.132 1.130 1.100 1.088 1.092 1.173 1.141 1.133 1.309 1.232 1.296 1.213 1.127 25/11/2090
1.116 1.073 1.112 0.854 1.013 1.103 1.120 1.125 0.960 0.946 0.927 0.987 0.995 1.004 0.954 0.914 0.940 0.945 0.944 0.935 0.861 0.944 0.921 0.949 0.963 0.901 0.956 0.946 0.967 0.963 26/11/2090
0.813 0.816 0.867 0.899 0.859 0.830 0.839 0.877 0.843 0.819 0.788 0.795 0.836 0.839 0.825 0.725 0.718 0.786 0.781 0.786 0.685 0.725 0.790 0.789 0.760 0.685 0.721 0.787 0.772 0.756 27/11/2090
0.741 0.819 0.954 1.059 0.958 0.826 0.833 0.960 0.994 0.975 0.731 0.809 0.870 0.871 0.978 0.653 0.707 0.900 0.894 0.913 0.689 0.715 0.806 0.906 0.889 0.750 0.745 0.849 0.870 0.886 28/11/2090
0.782 0.820 1.047 1.012 0.974 0.842 0.858 1.050 1.117 1.076 0.875 0.969 1.089 1.093 1.089 0.796 0.895 1.111 1.101 1.095 0.839 0.903 1.061 1.115 1.074 0.895 0.894 1.074 1.064 1.072 29/11/2090
1.204 1.208 1.541 1.722 1.585 1.230 1.243 1.559 1.849 1.727 1.365 1.381 1.593 1.599 1.741 1.271 1.244 1.609 1.614 1.722 1.298 1.254 1.492 1.615 1.597 1.193 1.207 1.462 1.496 1.610 30/11/2090
1.222 1.246 1.450 1.382 1.365 1.265 1.278 1.455 1.598 1.628 1.419 1.369 1.495 1.521 1.607 1.305 1.227 1.483 1.507 1.662 1.295 1.234 1.380 1.481 1.428 1.154 1.214 1.343 1.377 1.445 01/12/2090
0.721 0.695 0.822 0.854 0.953 0.721 0.736 0.838 0.996 1.069 0.868 0.822 0.855 0.865 1.055 0.799 0.842 0.931 0.949 1.063 0.924 0.849 0.929 0.932 1.077 0.903 0.881 0.978 0.993 1.089 02/12/2090
0.787 0.660 0.798 0.803 0.841 0.676 0.672 0.805 0.903 0.882 0.714 0.645 0.802 0.806 0.885 0.630 0.600 0.770 0.771 0.866 0.657 0.603 0.737 0.770 0.762 0.648 0.641 0.781 0.763 0.773 03/12/2090
1.030 0.913 1.165 1.231 1.256 0.908 0.903 1.154 1.434 1.409 0.960 0.989 1.249 1.234 1.411 0.965 0.989 1.228 1.216 1.356 1.005 0.986 1.085 1.240 1.240 0.973 0.996 1.101 1.151 1.229 04/12/2090
0.683 0.708 0.843 0.943 0.976 0.719 0.723 0.845 1.037 1.053 0.770 0.781 0.954 0.943 1.059 0.809 0.873 0.971 0.968 0.988 0.842 0.874 0.944 0.979 0.959 0.880 0.905 1.001 0.978 0.952 05/12/2090
1.087 1.033 1.056 0.943 0.945 1.049 1.060 1.062 0.961 0.933 0.986 1.032 0.990 0.987 0.931 0.929 0.837 0.938 0.937 0.912 0.849 0.844 0.918 0.937 0.861 0.897 0.842 0.921 0.881 0.864 06/12/2090
0.210 0.211 0.216 0.195 0.186 0.213 0.216 0.219 0.229 0.215 0.257 0.249 0.239 0.238 0.215 0.252 0.269 0.284 0.282 0.271 0.276 0.273 0.291 0.287 0.292 0.252 0.254 0.290 0.286 0.293 07/12/2090
0.463 0.521 0.555 0.597 0.602 0.532 0.536 0.564 0.646 0.628 0.633 0.612 0.560 0.563 0.633 0.636 0.580 0.641 0.648 0.683 0.686 0.587 0.641 0.640 0.674 0.655 0.577 0.643 0.668 0.678 08/12/2090
0.515 0.487 0.473 0.446 0.457 0.496 0.510 0.479 0.387 0.407 0.482 0.470 0.418 0.412 0.413 0.472 0.383 0.398 0.397 0.361 0.434 0.386 0.417 0.402 0.392 0.461 0.399 0.440 0.426 0.391 09/12/2090
0.342 0.346 0.295 0.211 0.234 0.350 0.356 0.300 0.252 0.262 0.414 0.354 0.334 0.337 0.258 0.386 0.299 0.342 0.343 0.327 0.303 0.302 0.339 0.343 0.346 0.278 0.299 0.330 0.372 0.350 10/12/2090
0.369 0.351 0.343 0.289 0.351 0.375 0.392 0.363 0.306 0.347 0.375 0.359 0.296 0.311 0.337 0.327 0.281 0.305 0.321 0.340 0.298 0.287 0.309 0.299 0.313 0.236 0.235 0.239 0.269 0.343 11/12/2090
0.328 0.347 0.326 0.291 0.289 0.360 0.370 0.333 0.287 0.289 0.365 0.372 0.272 0.281 0.293 0.332 0.291 0.270 0.280 0.293 0.330 0.294 0.305 0.268 0.285 0.305 0.262 0.265 0.254 0.299 12/12/2090
0.416 0.422 0.388 0.371 0.445 0.412 0.400 0.380 0.393 0.399 0.419 0.404 0.418 0.411 0.401 0.424 0.383 0.385 0.382 0.414 0.416 0.383 0.427 0.384 0.357 0.410 0.366 0.358 0.346 0.360 13/12/2090
0.222 0.158 0.199 0.177 0.234 0.164 0.167 0.199 0.201 0.243 0.153 0.179 0.214 0.223 0.237 0.147 0.216 0.255 0.261 0.287 0.225 0.221 0.263 0.256 0.250 0.195 0.203 0.232 0.247 0.256 14/12/2090
0.419 0.447 0.463 0.525 0.564 0.462 0.474 0.477 0.588 0.652 0.564 0.555 0.523 0.531 0.646 0.509 0.534 0.624 0.636 0.706 0.628 0.539 0.641 0.624 0.675 0.564 0.521 0.607 0.604 0.693 15/12/2090
0.138 0.166 0.190 0.244 0.244 0.176 0.181 0.197 0.281 0.308 0.225 0.227 0.246 0.250 0.311 0.184 0.219 0.287 0.291 0.291 0.208 0.224 0.284 0.289 0.308 0.198 0.227 0.286 0.300 0.314 16/12/2090
0.712 0.707 0.829 0.774 0.790 0.727 0.729 0.839 0.743 0.773 0.628 0.687 0.645 0.655 0.767 0.445 0.432 0.615 0.631 0.682 0.421 0.437 0.562 0.614 0.623 0.469 0.432 0.551 0.568 0.641 17/12/2090
0.789 0.762 0.826 1.041 0.920 0.779 0.786 0.842 0.889 0.892 0.715 0.681 0.843 0.842 0.898 0.666 0.624 0.781 0.786 0.823 0.672 0.626 0.807 0.783 0.756 0.800 0.709 0.917 0.751 0.757 18/12/2090
1.761 1.600 1.808 1.998 1.771 1.618 1.643 1.826 1.749 1.667 1.368 1.457 1.701 1.699 1.694 1.324 1.254 1.482 1.485 1.481 1.150 1.256 1.456 1.485 1.395 1.293 1.219 1.443 1.346 1.389 19/12/2090
0.683 0.613 0.743 0.598 0.585 0.608 0.603 0.739 0.580 0.534 0.526 0.598 0.569 0.568 0.534 0.445 0.474 0.553 0.559 0.530 0.482 0.477 0.642 0.555 0.557 0.676 0.639 0.820 0.687 0.567 20/12/2090
0.982 0.841 0.891 0.904 0.760 0.849 0.854 0.897 0.795 0.747 0.766 0.770 0.763 0.760 0.761 0.656 0.575 0.700 0.698 0.728 0.548 0.582 0.664 0.704 0.647 0.656 0.621 0.731 0.652 0.653 21/12/2090
1.684 1.552 1.653 1.592 1.341 1.563 1.578 1.665 1.404 1.296 1.300 1.378 1.407 1.403 1.293 1.079 0.957 1.258 1.249 1.354 0.963 0.963 1.196 1.265 1.265 1.036 0.929 1.176 1.173 1.256 22/12/2090
1.710 1.503 1.641 1.784 1.641 1.519 1.524 1.649 1.685 1.565 1.403 1.388 1.514 1.493 1.578 1.233 1.082 1.301 1.293 1.430 1.062 1.086 1.247 1.310 1.256 1.011 1.079 1.237 1.208 1.245 23/12/2090
1.873 1.708 1.744 1.960 1.712 1.739 1.754 1.759 1.692 1.561 1.656 1.657 1.654 1.645 1.558 1.533 1.559 1.567 1.555 1.543 1.560 1.563 1.691 1.575 1.605 1.722 1.666 1.810 1.670 1.589 24/12/2090
1.201 1.178 1.141 1.014 1.235 1.210 1.230 1.168 1.108 1.170 1.254 1.252 1.149 1.162 1.156 1.191 1.203 1.164 1.196 1.166 1.156 1.213 1.306 1.156 1.223 1.162 1.223 1.289 1.211 1.266 25/12/2090
1.387 1.336 1.502 1.542 1.453 1.354 1.367 1.511 1.459 1.473 1.216 1.331 1.478 1.468 1.482 1.107 1.147 1.361 1.348 1.397 1.006 1.151 1.312 1.360 1.352 1.079 1.155 1.316 1.289 1.340 26/12/2090
1.407 1.323 1.428 1.490 1.269 1.318 1.315 1.425 1.304 1.231 1.190 1.254 1.306 1.286 1.245 1.030 0.901 1.230 1.202 1.250 0.957 0.904 1.116 1.242 1.323 1.018 0.996 1.224 1.274 1.280 27/12/2090
0.761 0.770 0.792 0.790 0.742 0.784 0.797 0.806 0.750 0.731 0.768 0.775 0.821 0.817 0.744 0.674 0.693 0.808 0.811 0.780 0.667 0.697 0.820 0.807 0.757 0.688 0.694 0.813 0.795 0.773 28/12/2090
0.997 0.945 0.999 1.076 0.935 0.964 0.974 1.009 0.958 0.918 0.845 0.877 0.911 0.925 0.894 0.721 0.613 0.812 0.804 0.897 0.646 0.618 0.768 0.813 0.866 0.676 0.608 0.769 0.779 0.871 29/12/2090
0.456 0.411 0.447 0.528 0.553 0.402 0.394 0.446 0.596 0.531 0.420 0.405 0.613 0.606 0.539 0.397 0.439 0.618 0.610 0.591 0.437 0.438 0.621 0.621 0.596 0.526 0.466 0.662 0.621 0.593 30/12/2090
0.265 0.268 0.288 0.317 0.302 0.272 0.275 0.294 0.329 0.318 0.347 0.318 0.338 0.339 0.318 0.339 0.351 0.387 0.383 0.351 0.342 0.353 0.406 0.390 0.369 0.332 0.343 0.393 0.372 0.374 31/12/2090
0.260 0.231 0.269 0.337 0.337 0.242 0.248 0.278 0.378 0.379 0.265 0.260 0.315 0.316 0.380 0.257 0.280 0.326 0.330 0.346 0.258 0.284 0.307 0.329 0.302 0.253 0.287 0.304 0.306 0.309 01/01/2091
0.449 0.500 0.642 0.689 0.689 0.513 0.521 0.648 0.681 0.704 0.438 0.521 0.591 0.593 0.701 0.389 0.429 0.611 0.612 0.645 0.352 0.434 0.501 0.613 0.601 0.336 0.398 0.473 0.535 0.607 02/01/2091
0.583 0.569 0.582 0.671 0.602 0.561 0.555 0.580 0.585 0.551 0.490 0.485 0.563 0.556 0.564 0.527 0.445 0.519 0.512 0.516 0.465 0.447 0.500 0.520 0.447 0.450 0.415 0.444 0.442 0.446 03/01/2091
0.355 0.337 0.367 0.421 0.404 0.338 0.340 0.369 0.338 0.312 0.261 0.281 0.308 0.307 0.321 0.267 0.277 0.300 0.299 0.306 0.250 0.281 0.294 0.306 0.319 0.316 0.319 0.350 0.348 0.318 04/01/2091
0.274 0.297 0.291 0.231 0.261 0.290 0.305 0.298 0.226 0.214 0.322 0.288 0.287 0.280 0.210 0.292 0.257 0.278 0.278 0.228 0.234 0.258 0.288 0.281 0.265 0.183 0.224 0.274 0.289 0.258 05/01/2091
0.642 0.638 0.654 0.554 0.575 0.634 0.636 0.648 0.667 0.579 0.633 0.642 0.693 0.680 0.582 0.653 0.676 0.585 0.579 0.552 0.644 0.680 0.728 0.590 0.563 0.672 0.628 0.727 0.586 0.548 06/01/2091
0.343 0.348 0.347 0.296 0.331 0.348 0.345 0.347 0.380 0.368 0.356 0.362 0.375 0.359 0.387 0.334 0.350 0.365 0.349 0.380 0.321 0.350 0.377 0.375 0.363 0.320 0.341 0.403 0.364 0.342 07/01/2091
0.521 0.507 0.425 0.274 0.471 0.510 0.506 0.427 0.479 0.480 0.555 0.513 0.568 0.556 0.482 0.565 0.555 0.619 0.622 0.576 0.572 0.556 0.696 0.620 0.640 0.619 0.598 0.770 0.676 0.642 08/01/2091
0.495 0.518 0.430 0.391 0.388 0.512 0.513 0.431 0.414 0.387 0.466 0.481 0.501 0.501 0.391 0.480 0.456 0.503 0.496 0.435 0.458 0.458 0.491 0.506 0.417 0.437 0.415 0.453 0.497 0.435 09/01/2091
0.398 0.376 0.363 0.359 0.335 0.380 0.380 0.368 0.353 0.337 0.353 0.363 0.369 0.366 0.339 0.340 0.323 0.364 0.363 0.365 0.320 0.327 0.359 0.366 0.354 0.299 0.310 0.340 0.361 0.358 10/01/2091
0.537 0.571 0.645 0.633 0.643 0.588 0.598 0.658 0.681 0.688 0.614 0.630 0.614 0.623 0.684 0.558 0.558 0.637 0.645 0.651 0.592 0.563 0.639 0.637 0.536 0.521 0.498 0.567 0.558 0.551 11/01/2091
0.448 0.502 0.575 0.696 0.646 0.517 0.530 0.587 0.656 0.652 0.486 0.517 0.603 0.604 0.647 0.456 0.465 0.611 0.615 0.656 0.465 0.470 0.562 0.613 0.620 0.472 0.472 0.566 0.599 0.638 12/01/2091
0.556 0.564 0.650 0.795 0.716 0.573 0.580 0.655 0.720 0.679 0.481 0.509 0.614 0.604 0.693 0.472 0.477 0.574 0.567 0.636 0.432 0.481 0.525 0.577 0.569 0.441 0.462 0.490 0.512 0.565 13/01/2091
0.418 0.432 0.504 0.614 0.643 0.431 0.431 0.507 0.583 0.574 0.359 0.411 0.544 0.532 0.578 0.391 0.362 0.470 0.464 0.502 0.359 0.365 0.451 0.477 0.483 0.395 0.376 0.465 0.452 0.484 14/01/2091
0.196 0.195 0.199 0.210 0.209 0.199 0.200 0.203 0.202 0.206 0.202 0.199 0.200 0.200 0.207 0.204 0.205 0.198 0.200 0.200 0.201 0.207 0.202 0.200 0.196 0.200 0.203 0.195 0.197 0.199 15/01/2091
0.485 0.526 0.406 0.395 0.413 0.525 0.529 0.403 0.346 0.388 0.623 0.573 0.390 0.401 0.385 0.562 0.508 0.473 0.475 0.420 0.521 0.506 0.509 0.469 0.513 0.493 0.531 0.514 0.495 0.531 16/01/2091
0.473 0.494 0.473 0.487 0.514 0.499 0.499 0.478 0.508 0.515 0.555 0.517 0.480 0.485 0.512 0.571 0.469 0.487 0.488 0.502 0.485 0.473 0.496 0.488 0.431 0.415 0.421 0.438 0.426 0.428 17/01/2091
0.351 0.360 0.315 0.273 0.366 0.363 0.361 0.323 0.369 0.393 0.372 0.428 0.385 0.387 0.399 0.414 0.444 0.439 0.444 0.408 0.396 0.448 0.432 0.444 0.401 0.410 0.467 0.455 0.422 0.403 18/01/2091
0.326 0.345 0.335 0.317 0.345 0.337 0.327 0.332 0.344 0.328 0.317 0.341 0.339 0.346 0.328 0.304 0.306 0.327 0.337 0.340 0.298 0.308 0.320 0.326 0.308 0.278 0.325 0.330 0.341 0.321 19/01/2091
0.447 0.464 0.405 0.404 0.364 0.479 0.488 0.413 0.351 0.350 0.506 0.480 0.344 0.345 0.353 0.499 0.430 0.353 0.354 0.352 0.489 0.434 0.383 0.355 0.358 0.467 0.445 0.405 0.376 0.361 20/01/2091
0.606 0.624 0.564 0.541 0.524 0.640 0.651 0.579 0.438 0.454 0.678 0.617 0.507 0.508 0.456 0.624 0.416 0.462 0.464 0.411 0.532 0.421 0.513 0.459 0.408 0.482 0.411 0.490 0.460 0.419 21/01/2091
0.524 0.516 0.436 0.390 0.458 0.527 0.543 0.449 0.366 0.390 0.482 0.458 0.433 0.445 0.389 0.434 0.310 0.403 0.411 0.370 0.390 0.315 0.465 0.401 0.367 0.376 0.313 0.460 0.414 0.382 22/01/2091
0.416 0.351 0.470 0.509 0.483 0.365 0.381 0.479 0.408 0.465 0.359 0.363 0.381 0.394 0.461 0.331 0.354 0.398 0.419 0.404 0.339 0.359 0.455 0.392 0.375 0.356 0.394 0.492 0.417 0.409 23/01/2091
0.365 0.352 0.381 0.376 0.396 0.360 0.362 0.384 0.351 0.362 0.359 0.349 0.353 0.356 0.361 0.365 0.366 0.348 0.349 0.344 0.367 0.368 0.356 0.351 0.354 0.381 0.377 0.367 0.364 0.357 24/01/2091
0.402 0.453 0.469 0.471 0.490 0.463 0.469 0.475 0.503 0.529 0.498 0.490 0.490 0.494 0.531 0.477 0.445 0.511 0.515 0.521 0.464 0.447 0.513 0.511 0.501 0.461 0.454 0.533 0.523 0.512 25/01/2091
0.323 0.327 0.366 0.392 0.396 0.327 0.324 0.368 0.372 0.382 0.338 0.337 0.362 0.366 0.386 0.352 0.363 0.346 0.345 0.376 0.361 0.366 0.351 0.350 0.347 0.367 0.371 0.356 0.353 0.350 26/01/2091
0.594 0.569 0.568 0.584 0.593 0.551 0.538 0.554 0.614 0.595 0.550 0.576 0.598 0.604 0.592 0.596 0.620 0.631 0.630 0.670 0.619 0.622 0.614 0.632 0.641 0.670 0.638 0.641 0.626 0.639 27/01/2091
0.827 0.887 0.764 0.647 0.621 0.889 0.887 0.777 0.684 0.619 0.990 0.925 0.756 0.753 0.616 1.021 0.858 0.765 0.759 0.755 0.999 0.860 0.842 0.770 0.739 0.869 0.809 0.806 0.779 0.732 28/01/2091
0.633 0.640 0.567 0.447 0.545 0.642 0.642 0.581 0.678 0.690 0.743 0.760 0.742 0.742 0.697 0.742 0.690 0.735 0.742 0.803 0.715 0.699 0.694 0.749 0.724 0.629 0.635 0.683 0.715 0.725 29/01/2091
0.584 0.571 0.466 0.334 0.428 0.578 0.583 0.468 0.469 0.457 0.689 0.623 0.586 0.588 0.459 0.655 0.591 0.634 0.638 0.556 0.642 0.599 0.714 0.635 0.595 0.593 0.566 0.693 0.624 0.594 30/01/2091
0.495 0.498 0.465 0.428 0.505 0.501 0.513 0.469 0.504 0.534 0.552 0.515 0.548 0.548 0.532 0.507 0.513 0.605 0.612 0.569 0.518 0.517 0.607 0.608 0.630 0.525 0.555 0.645 0.651 0.634 31/01/2091
0.536 0.532 0.500 0.463 0.492 0.536 0.533 0.503 0.485 0.516 0.561 0.573 0.542 0.549 0.513 0.519 0.522 0.597 0.596 0.563 0.548 0.527 0.604 0.597 0.603 0.523 0.516 0.587 0.595 0.610 01/02/2091
0.679 0.692 0.728 0.714 0.676 0.689 0.676 0.727 0.706 0.693 0.715 0.714 0.729 0.729 0.698 0.685 0.665 0.721 0.720 0.684 0.723 0.667 0.724 0.726 0.691 0.704 0.660 0.724 0.674 0.692 02/02/2091
1.115 1.077 1.159 1.223 1.196 1.103 1.110 1.167 1.301 1.304 1.261 1.300 1.301 1.300 1.313 1.153 1.178 1.365 1.369 1.358 1.241 1.180 1.326 1.363 1.322 1.137 1.150 1.289 1.309 1.318 03/02/2091
0.612 0.660 0.658 0.576 0.505 0.666 0.666 0.659 0.660 0.681 0.848 0.845 0.732 0.719 0.683 0.764 0.838 0.856 0.838 0.752 0.942 0.837 0.880 0.868 0.896 0.936 0.894 0.942 0.927 0.866 04/02/2091
0.615 0.615 0.661 0.675 0.651 0.629 0.632 0.668 0.664 0.678 0.642 0.645 0.695 0.689 0.682 0.606 0.603 0.725 0.725 0.676 0.614 0.605 0.674 0.731 0.727 0.564 0.591 0.655 0.713 0.722 05/02/2091
1.027 1.084 1.117 1.091 1.061 1.096 1.096 1.115 1.103 1.093 1.014 1.093 1.158 1.149 1.089 0.956 0.971 1.160 1.159 1.149 0.936 0.975 1.101 1.167 1.198 1.009 0.914 1.062 1.129 1.190 06/02/2091
1.051 1.021 1.169 1.064 1.134 1.039 1.046 1.177 1.283 1.241 1.117 1.106 1.228 1.234 1.235 1.126 1.141 1.273 1.280 1.305 1.190 1.145 1.267 1.271 1.233 1.178 1.125 1.232 1.206 1.254 07/02/2091
0.697 0.698 0.736 0.761 0.800 0.706 0.705 0.743 0.898 0.903 0.748 0.743 0.840 0.840 0.899 0.737 0.817 0.880 0.882 0.940 0.807 0.817 0.854 0.875 0.889 0.764 0.796 0.826 0.845 0.893 08/02/2091
0.631 0.626 0.644 0.687 0.727 0.630 0.631 0.645 0.737 0.773 0.652 0.658 0.703 0.707 0.772 0.643 0.650 0.740 0.744 0.760 0.654 0.653 0.696 0.737 0.736 0.654 0.664 0.712 0.715 0.747 09/02/2091
1.273 1.260 1.271 1.239 1.223 1.265 1.270 1.278 1.233 1.244 1.223 1.272 1.253 1.258 1.246 1.144 1.121 1.265 1.271 1.241 1.170 1.124 1.248 1.261 1.246 1.143 1.100 1.209 1.213 1.259 10/02/2091
1.607 1.645 1.676 1.794 1.638 1.668 1.679 1.693 1.658 1.633 1.609 1.639 1.637 1.637 1.646 1.516 1.411 1.609 1.620 1.620 1.458 1.416 1.584 1.609 1.597 1.395 1.364 1.523 1.551 1.607 11/02/2091
1.752 1.668 1.702 1.812 1.758 1.678 1.689 1.714 1.587 1.564 1.496 1.523 1.647 1.629 1.566 1.506 1.337 1.497 1.480 1.415 1.350 1.343 1.447 1.514 1.392 1.402 1.320 1.454 1.381 1.386 12/02/2091
0.878 0.892 0.819 0.803 0.869 0.905 0.913 0.826 0.914 0.920 0.856 0.874 0.889 0.889 0.922 0.844 0.745 0.874 0.872 0.948 0.774 0.748 0.845 0.878 0.874 0.725 0.731 0.824 0.847 0.880 13/02/2091
0.856 0.861 0.881 0.931 0.994 0.858 0.866 0.876 1.039 1.064 0.909 0.904 1.036 1.047 1.070 0.981 1.181 1.124 1.133 1.175 1.097 1.180 1.141 1.124 1.158 1.129 1.225 1.212 1.223 1.149 14/02/2091
1.343 1.344 1.400 1.461 1.521 1.345 1.350 1.400 1.742 1.749 1.468 1.499 1.617 1.632 1.746 1.458 1.748 1.826 1.791 1.859 1.603 1.753 1.768 1.836 1.860 1.685 1.807 1.853 1.857 1.799 15/02/2091
1.587 1.497 1.526 1.649 1.662 1.493 1.496 1.525 1.835 1.889 1.643 1.623 1.712 1.711 1.861 1.645 1.839 1.857 1.844 1.932 1.798 1.844 1.927 1.862 1.935 1.895 1.879 2.022 2.000 1.911 16/02/2091
1.621 1.578 1.625 1.699 1.721 1.577 1.585 1.631 2.045 1.995 1.660 1.652 1.961 1.941 2.001 1.658 1.831 1.992 1.940 1.992 1.769 1.838 1.930 2.009 1.996 1.717 1.829 1.975 1.990 1.930 17/02/2091
1.196 1.108 1.125 1.216 1.234 1.118 1.122 1.134 1.288 1.256 1.116 1.082 1.171 1.182 1.255 1.109 1.086 1.151 1.141 1.167 1.055 1.091 1.148 1.156 1.141 0.999 1.061 1.133 1.160 1.140 18/02/2091
1.064 1.020 1.056 1.117 1.094 1.022 1.027 1.061 1.173 1.135 1.033 1.030 1.026 1.032 1.139 1.031 0.996 1.068 1.073 1.087 1.038 1.000 1.053 1.069 1.052 1.026 1.000 1.051 1.051 1.043 19/02/2091
1.230 1.150 1.248 1.410 1.333 1.161 1.165 1.257 1.416 1.358 1.088 1.095 1.257 1.250 1.355 1.042 1.085 1.220 1.214 1.288 1.061 1.088 1.113 1.229 1.214 1.014 1.070 1.104 1.158 1.210 20/02/2091
1.725 1.800 1.848 1.917 1.765 1.818 1.829 1.862 1.883 1.787 1.760 1.790 1.837 1.827 1.776 1.594 1.615 1.803 1.800 1.841 1.579 1.618 1.762 1.812 1.764 1.585 1.600 1.759 1.735 1.757 21/02/2091
2.083 2.040 2.040 2.141 1.970 2.062 2.079 2.053 1.999 1.909 1.893 1.924 1.938 1.930 1.900 1.719 1.644 1.844 1.841 1.906 1.648 1.651 1.808 1.853 1.810 1.656 1.618 1.782 1.779 1.807 22/02/2091
1.630 1.593 1.583 1.629 1.634 1.602 1.610 1.596 1.526 1.521 1.426 1.444 1.545 1.515 1.528 1.494 1.367 1.478 1.440 1.428 1.341 1.375 1.430 1.487 1.421 1.311 1.344 1.424 1.401 1.392 23/02/2091
1.144 1.195 1.153 1.149 1.236 1.192 1.198 1.153 1.279 1.260 1.209 1.239 1.413 1.375 1.259 1.369 1.511 1.489 1.438 1.344 1.394 1.514 1.516 1.504 1.501 1.460 1.576 1.620 1.602 1.443 24/02/2091
0.950 0.853 0.821 0.646 0.801 0.855 0.862 0.821 0.781 0.696 0.816 0.817 0.917 0.911 0.703 0.765 0.770 0.912 0.896 0.852 0.662 0.761 0.848 0.922 0.737 0.639 0.684 0.736 0.698 0.706 25/02/2091
0.994 0.977 0.963 0.916 0.940 0.963 0.956 0.962 0.962 0.935 1.001 0.979 1.037 1.023 0.944 0.983 1.005 1.037 1.022 1.038 0.976 1.005 1.059 1.046 1.067 0.979 0.990 1.036 1.050 1.059 26/02/2091
0.910 0.916 0.875 0.898 0.906 0.903 0.895 0.873 0.998 0.961 0.919 0.903 0.931 0.929 0.964 0.916 0.955 0.953 0.948 1.026 0.919 0.956 0.974 0.951 1.044 0.839 0.929 0.930 1.026 1.058 27/02/2091
0.860 0.775 0.734 0.686 0.698 0.757 0.757 0.735 0.847 0.794 0.742 0.757 0.809 0.803 0.802 0.777 0.835 0.892 0.884 0.939 0.823 0.835 0.843 0.896 1.038 0.880 0.888 0.894 0.952 1.028 28/02/2091
1.784 1.743 1.833 1.704 1.709 1.735 1.732 1.825 1.860 1.775 1.707 1.791 1.951 1.943 1.797 1.775 1.759 1.830 1.806 1.937 1.757 1.758 1.746 1.839 1.705 1.685 1.661 1.668 1.704 1.715 01/03/2091
1.567 1.584 1.602 1.540 1.598 1.579 1.576 1.600 1.596 1.582 1.512 1.560 1.665 1.657 1.591 1.513 1.539 1.682 1.669 1.672 1.502 1.537 1.608 1.687 1.696 1.525 1.579 1.660 1.705 1.688 02/03/2091
1.816 1.827 1.830 1.784 1.825 1.829 1.825 1.837 1.885 1.895 1.864 1.845 1.906 1.895 1.901 1.836 1.871 1.990 1.971 2.049 1.880 1.875 1.945 1.999 2.069 1.906 1.894 1.972 1.981 2.048 03/03/2091
1.928 1.943 1.994 1.871 1.874 1.968 1.967 2.007 2.019 1.990 1.983 1.978 2.091 2.087 2.005 1.989 1.990 2.108 2.100 2.085 1.974 1.994 2.076 2.117 2.097 1.982 2.007 2.106 2.097 2.086 04/03/2091
3.056 3.044 2.800 2.614 2.610 3.025 3.008 2.793 2.609 2.486 2.932 2.877 2.805 2.791 2.512 2.884 2.634 2.721 2.690 2.593 2.770 2.632 2.719 2.734 2.652 2.863 2.719 2.854 2.756 2.614 05/03/2091
1.924 2.040 1.860 1.610 1.642 2.028 2.025 1.854 1.684 1.681 2.147 2.156 2.023 2.023 1.700 2.161 2.143 2.196 2.183 1.988 2.130 2.145 2.188 2.200 2.199 2.232 2.220 2.290 2.331 2.182 06/03/2091
2.185 2.209 2.014 1.830 1.882 2.210 2.200 2.013 1.851 1.829 2.171 2.147 2.087 2.079 1.844 2.169 2.033 2.057 2.051 1.915 2.136 2.035 2.114 2.062 1.994 2.114 2.105 2.206 2.163 1.994 07/03/2091
1.179 1.263 1.225 0.939 1.055 1.252 1.265 1.229 0.982 0.953 1.194 1.215 1.230 1.225 0.954 1.204 1.223 1.238 1.234 1.225 1.185 1.224 1.241 1.238 1.278 1.198 1.276 1.318 1.338 1.287 08/03/2091
4.370 4.437 4.247 4.289 3.856 4.435 4.426 4.255 3.989 3.787 4.366 4.319 4.033 4.016 3.820 4.335 4.082 3.954 3.908 3.814 4.203 4.081 4.138 3.970 4.007 4.486 4.213 4.295 4.010 3.955 09/03/2091
5.056 5.154 4.814 4.703 4.627 5.151 5.115 4.795 4.511 4.348 5.056 5.231 4.839 4.806 4.411 5.044 5.360 5.031 4.994 4.458 5.170 5.353 5.384 5.061 4.856 5.486 5.421 5.550 5.345 4.809 10/03/2091
4.664 4.632 4.291 4.767 4.630 4.619 4.584 4.277 4.520 4.400 4.535 4.486 4.297 4.277 4.417 4.548 4.737 4.687 4.655 4.379 4.600 4.731 4.779 4.721 4.867 5.134 5.187 5.282 5.203 4.771 11/03/2091
2.877 3.127 3.026 2.939 2.841 3.138 3.118 3.023 2.831 2.748 3.035 3.177 3.084 3.062 2.774 2.932 2.958 3.100 3.079 2.900 2.909 2.961 3.012 3.110 3.076 3.049 3.071 3.121 3.169 3.066 12/03/2091
3.804 3.762 3.485 3.382 3.324 3.756 3.784 3.488 3.234 3.173 3.634 3.542 3.431 3.417 3.194 3.629 3.427 3.486 3.474 3.305 3.460 3.435 3.486 3.500 3.494 3.654 3.626 3.726 3.683 3.500 13/03/2091
1.853 1.828 1.803 1.833 1.852 1.835 1.834 1.812 1.876 1.813 1.702 1.740 1.928 1.921 1.820 1.751 1.696 1.838 1.835 1.882 1.549 1.699 1.677 1.848 1.838 1.700 1.713 1.715 1.777 1.826 14/03/2091
1.946 2.014 1.919 1.809 1.795 2.011 2.006 1.920 1.880 1.825 2.101 2.058 1.978 1.970 1.837 2.086 2.045 2.092 2.084 2.061 2.080 2.043 2.091 2.095 2.145 2.022 2.076 2.126 2.181 2.137 15/03/2091
2.135 2.230 2.124 2.045 2.098 2.234 2.228 2.130 2.187 2.159 2.278 2.321 2.270 2.264 2.179 2.210 2.260 2.364 2.359 2.306 2.238 2.260 2.369 2.369 2.317 2.214 2.257 2.362 2.388 2.308 16/03/2091
1.949 1.957 1.868 1.721 1.762 1.950 1.942 1.862 1.811 1.771 1.963 1.956 1.950 1.946 1.780 1.963 1.936 1.949 1.939 1.885 1.976 1.938 2.003 1.953 1.919 1.908 1.888 1.955 1.963 1.908 17/03/2091
2.014 2.034 1.947 1.838 1.891 2.021 2.016 1.943 1.858 1.837 2.017 2.015 1.998 1.990 1.859 2.023 1.942 1.989 1.973 1.913 1.934 1.940 1.994 1.999 1.958 1.889 1.928 1.981 2.048 1.945 18/03/2091
1.824 1.886 1.794 1.761 1.798 1.878 1.870 1.787 1.841 1.820 1.894 1.873 1.881 1.877 1.835 1.926 1.909 1.942 1.937 1.932 1.924 1.913 1.925 1.951 1.955 1.909 1.921 1.943 1.985 1.950 19/03/2091
3.281 3.406 3.455 3.338 3.226 3.392 3.369 3.456 3.410 3.263 3.356 3.349 3.361 3.351 3.285 3.321 3.225 3.259 3.242 3.311 3.330 3.231 3.282 3.275 3.246 3.288 3.199 3.285 3.241 3.234 20/03/2091
5.237 5.328 5.443 5.275 5.140 5.314 5.329 5.446 5.220 5.119 5.121 5.283 5.123 5.102 5.143 4.905 4.902 4.988 4.965 4.968 4.757 4.903 4.867 5.010 5.059 4.870 4.959 5.020 5.002 5.019 21/03/2091
6.522 6.370 6.285 6.210 6.215 6.355 6.355 6.262 5.982 5.774 6.059 6.209 6.022 5.975 5.817 5.987 5.803 5.772 5.707 5.659 5.683 5.803 5.793 5.786 5.679 5.862 5.831 5.988 5.785 5.615 22/03/2091
5.333 5.231 5.270 5.040 4.995 5.257 5.263 5.303 4.853 4.819 4.889 5.042 4.822 4.807 4.847 4.609 4.507 4.572 4.551 4.475 4.304 4.512 4.542 4.596 4.571 4.492 4.598 4.720 4.588 4.534 23/03/2091
3.705 3.674 3.680 3.470 3.416 3.679 3.669 3.679 3.626 3.530 3.724 3.737 3.493 3.482 3.550 3.643 3.718 3.611 3.600 3.538 3.708 3.725 3.712 3.622 3.634 3.600 3.708 3.782 3.711 3.607 24/03/2091
4.119 4.154 4.101 3.993 3.868 4.160 4.162 4.100 4.189 4.058 4.371 4.314 4.236 4.226 4.094 4.203 4.216 4.389 4.374 4.251 4.324 4.207 4.380 4.403 4.311 4.314 4.285 4.473 4.415 4.295 25/03/2091
4.915 4.912 5.016 5.087 4.951 4.916 4.915 4.992 5.268 5.091 5.243 5.194 5.153 5.110 5.142 5.171 5.114 5.197 5.151 5.140 5.388 5.108 5.212 5.213 5.154 5.485 5.319 5.471 5.312 5.104 26/03/2091
3.868 4.135 4.106 3.777 3.714 4.137 4.114 4.106 4.000 3.900 4.244 4.218 4.152 4.141 3.921 4.257 4.165 4.161 4.130 4.001 4.183 4.158 4.200 4.174 3.958 4.074 4.127 4.201 4.102 3.940 27/03/2091
5.461 5.446 5.318 5.184 5.021 5.396 5.365 5.302 5.099 4.884 5.282 5.346 5.275 5.232 4.917 5.275 5.116 5.119 5.042 4.861 5.015 5.105 5.118 5.150 4.944 4.905 5.033 5.144 5.041 4.821 28/03/2091
5.094 5.057 5.007 4.968 4.940 5.029 5.016 4.989 4.888 4.688 4.691 4.882 5.105 5.052 4.719 4.731 4.697 4.903 4.853 4.671 4.480 4.694 4.777 4.937 4.716 4.388 4.526 4.654 4.667 4.619 29/03/2091
4.446 4.376 4.360 4.216 4.116 4.357 4.367 4.359 4.091 3.944 3.944 4.150 4.223 4.207 3.970 3.977 3.956 4.072 4.043 4.003 3.799 3.950 4.023 4.085 3.973 3.802 3.896 4.000 4.023 3.940 30/03/2091
3.392 3.438 3.430 3.152 3.148 3.459 3.465 3.429 3.355 3.326 3.456 3.495 3.452 3.442 3.351 3.414 3.514 3.509 3.498 3.531 3.456 3.519 3.541 3.514 3.526 3.391 3.481 3.537 3.536 3.505 31/03/2091
3.880 3.881 3.829 3.623 3.583 3.875 3.844 3.804 3.932 3.769 3.983 3.892 3.892 3.885 3.804 3.990 3.871 3.985 3.951 4.009 3.982 3.870 3.963 3.998 3.980 3.887 3.902 4.024 4.073 3.954 01/04/2091
5.057 5.291 5.344 5.130 4.864 5.292 5.299 5.340 5.011 4.886 5.277 5.347 4.991 4.979 4.913 5.173 5.103 5.057 5.043 4.865 5.016 5.110 5.106 5.074 4.997 5.084 5.200 5.296 5.158 4.978 02/04/2091
6.644 6.728 6.833 6.727 6.526 6.687 6.684 6.796 6.559 6.447 6.475 6.668 6.262 6.242 6.514 6.287 6.166 6.192 6.165 6.162 5.940 6.173 6.117 6.221 6.276 5.975 6.180 6.219 6.213 6.214 03/04/2091
3.192 3.244 3.170 2.928 3.099 3.242 3.256 3.185 3.065 3.047 3.242 3.337 3.317 3.310 3.057 3.078 3.378 3.361 3.346 3.282 3.153 3.373 3.367 3.366 3.420 3.113 3.458 3.374 3.466 3.412 04/04/2091
2.881 2.969 2.789 2.593 2.674 2.962 2.961 2.769 2.826 2.819 3.033 2.978 3.034 3.028 2.827 3.056 3.056 3.169 3.163 3.036 3.025 3.057 3.194 3.181 3.047 2.955 3.046 3.205 3.216 3.035 05/04/2091
2.747 2.725 2.656 2.563 2.540 2.724 2.718 2.658 2.725 2.648 2.698 2.769 2.816 2.803 2.646 2.719 2.752 2.941 2.928 2.891 2.697 2.750 2.819 2.947 2.936 2.752 2.756 2.816 2.954 2.918 06/04/2091
4.756 4.796 4.631 4.718 4.492 4.786 4.784 4.633 4.716 4.532 4.649 4.770 4.638 4.622 4.554 4.566 4.520 4.809 4.771 4.559 4.562 4.519 4.725 4.825 4.608 4.704 4.749 4.997 4.773 4.589 07/04/2091
2.452 2.471 2.402 1.935 1.953 2.460 2.464 2.392 2.048 1.965 2.389 2.437 2.395 2.381 1.982 2.406 2.436 2.331 2.324 2.222 2.353 2.433 2.375 2.339 2.248 2.318 2.359 2.309 2.293 2.247 08/04/2091
3.569 3.668 3.567 3.372 3.413 3.653 3.652 3.569 3.485 3.392 3.606 3.595 3.557 3.551 3.410 3.643 3.524 3.559 3.551 3.481 3.547 3.523 3.533 3.566 3.611 3.440 3.547 3.564 3.579 3.589 09/04/2091
2.599 2.637 2.542 2.017 2.071 2.602 2.577 2.525 2.199 2.094 2.567 2.630 2.630 2.611 2.117 2.660 2.688 2.643 2.618 2.456 2.640 2.693 2.628 2.652 2.291 2.476 2.567 2.543 2.496 2.253 10/04/2091
2.396 2.401 2.235 1.797 1.805 2.397 2.387 2.226 2.004 1.930 2.394 2.361 2.344 2.318 1.954 2.400 2.459 2.442 2.419 2.352 2.396 2.453 2.354 2.454 2.365 2.371 2.491 2.427 2.502 2.332 11/04/2091
1.719 1.821 1.738 1.147 1.311 1.789 1.786 1.732 1.530 1.525 1.975 1.926 1.910 1.896 1.531 1.977 1.956 1.896 1.889 1.848 1.730 1.953 1.864 1.914 1.820 1.732 1.861 1.798 1.879 1.798 12/04/2091
2.585 2.571 2.339 1.976 2.088 2.546 2.536 2.342 2.100 2.109 2.481 2.463 2.414 2.384 2.120 2.492 2.453 2.386 2.375 2.285 2.359 2.450 2.354 2.392 2.323 2.361 2.446 2.366 2.444 2.326 13/04/2091
2.846 2.894 2.786 2.583 2.592 2.881 2.867 2.768 2.749 2.691 2.920 2.954 2.852 2.819 2.716 2.930 2.944 2.948 2.914 2.842 2.963 2.936 2.926 2.969 2.892 2.933 2.947 2.961 3.020 2.850 14/04/2091
2.163 2.180 2.239 1.865 1.836 2.173 2.165 2.220 1.820 1.802 2.184 2.196 1.950 1.927 1.822 2.223 2.181 2.149 2.136 2.049 2.282 2.177 2.062 2.162 1.802 1.862 1.791 1.736 1.843 1.770 15/04/2091
1.905 1.880 1.610 1.522 1.613 1.865 1.847 1.599 1.634 1.572 1.877 1.840 1.737 1.713 1.596 1.870 1.855 1.784 1.761 1.673 1.883 1.856 1.885 1.800 1.726 1.869 1.868 1.906 1.884 1.694 16/04/2091
2.397 2.389 2.320 2.167 2.196 2.369 2.352 2.309 2.364 2.290 2.211 2.378 2.453 2.436 2.309 2.280 2.287 2.275 2.257 2.324 2.275 2.287 2.267 2.286 2.243 2.068 2.147 2.178 2.280 2.197 17/04/2091
2.891 2.938 2.818 2.801 2.536 2.874 2.788 2.769 2.898 2.719 2.981 2.948 2.909 2.818 2.831 3.050 3.016 2.975 2.831 2.865 3.052 3.011 2.960 3.022 2.974 3.006 3.038 3.101 3.107 2.797 18/04/2091
2.883 2.919 2.855 2.758 2.805 2.910 2.898 2.844 2.951 2.903 3.000 2.986 2.999 2.981 2.911 3.055 3.092 3.132 3.112 3.043 3.088 3.094 3.145 3.132 3.092 3.060 3.070 3.147 3.207 3.067 19/04/2091
3.819 3.930 3.825 3.665 3.645 3.920 3.899 3.824 3.847 3.777 3.938 3.875 4.061 4.036 3.793 3.959 3.984 4.036 4.017 4.068 4.029 3.988 4.038 4.044 4.089 4.102 4.147 4.170 4.208 4.073 20/04/2091
6.140 6.397 6.511 6.417 6.129 6.349 6.315 6.495 6.497 6.279 6.277 6.340 6.350 6.295 6.355 6.220 6.166 6.268 6.227 6.218 5.989 6.151 6.121 6.294 6.238 5.962 6.101 6.104 6.162 6.177 21/04/2091
5.450 5.350 5.181 5.062 4.863 5.348 5.291 5.168 5.219 4.990 5.322 5.259 5.049 5.072 5.025 5.235 4.838 4.991 4.993 4.923 4.961 4.839 4.967 4.995 4.969 4.909 4.940 5.073 5.036 4.986 22/04/2091
3.342 3.365 3.289 3.118 3.203 3.347 3.346 3.281 3.315 3.227 3.364 3.328 3.355 3.325 3.259 3.373 3.395 3.381 3.366 3.355 3.356 3.389 3.395 3.399 3.403 3.360 3.412 3.399 3.442 3.380 23/04/2091
4.292 4.305 4.232 4.110 4.082 4.288 4.279 4.227 4.053 4.002 4.269 4.262 4.150 4.126 4.026 4.207 4.113 4.061 4.041 3.973 4.152 4.111 4.097 4.067 3.952 4.115 4.086 4.087 4.051 3.935 24/04/2091
3.349 3.485 3.314 3.195 3.235 3.460 3.447 3.313 3.526 3.390 3.557 3.537 3.654 3.639 3.397 3.547 3.650 3.775 3.751 3.708 3.567 3.641 3.778 3.794 3.749 3.509 3.654 3.823 3.883 3.719 25/04/2091
3.590 3.791 3.616 3.512 3.542 3.782 3.779 3.617 3.696 3.571 3.859 3.819 3.832 3.818 3.587 3.886 3.836 3.912 3.905 3.816 3.908 3.833 3.919 3.917 3.837 3.911 3.833 3.941 3.917 3.816 26/04/2091
4.232 4.257 4.156 4.053 3.988 4.249 4.233 4.148 4.057 3.998 4.197 4.185 4.189 4.187 4.006 4.228 4.063 4.127 4.118 3.974 3.972 4.066 4.148 4.130 4.015 4.036 4.096 4.124 4.119 4.004 27/04/2091
3.760 3.862 3.853 3.733 3.702 3.867 3.856 3.861 3.970 3.851 3.943 3.954 3.888 3.866 3.876 3.910 3.918 3.966 3.922 4.021 3.969 3.910 3.957 3.976 4.042 3.992 4.000 4.042 4.070 3.990 28/04/2091
5.327 5.373 5.424 5.212 5.153 5.369 5.338 5.405 5.394 5.314 5.562 5.566 5.185 5.157 5.342 5.468 5.464 5.297 5.276 5.277 5.433 5.478 5.342 5.321 5.574 5.454 5.627 5.631 5.608 5.523 29/04/2091
4.636 4.542 4.531 4.220 4.142 4.527 4.515 4.518 4.250 4.194 4.731 4.751 4.264 4.248 4.216 4.547 4.642 4.275 4.246 4.206 4.562 4.652 4.484 4.290 4.338 4.557 4.661 4.607 4.490 4.290 30/04/2091
4.187 4.332 4.188 4.139 4.043 4.319 4.328 4.183 4.417 4.230 4.418 4.504 4.338 4.311 4.250 4.417 4.527 4.441 4.392 4.429 4.546 4.511 4.530 4.460 4.512 4.405 4.507 4.567 4.568 4.456 01/05/2091
4.397 4.540 4.422 4.259 4.121 4.546 4.539 4.429 4.593 4.388 4.751 4.696 4.674 4.662 4.413 4.819 4.880 4.942 4.923 4.877 4.966 4.874 4.924 4.942 4.980 4.983 5.057 5.114 5.095 4.929 02/05/2091
5.249 5.292 5.349 4.999 4.939 5.267 5.271 5.331 5.297 5.223 5.604 5.586 5.073 5.067 5.265 5.485 5.545 5.210 5.185 5.126 5.658 5.552 5.369 5.236 5.316 5.675 5.657 5.615 5.446 5.252 03/05/2091
5.555 5.532 5.640 5.350 5.271 5.502 5.474 5.627 5.611 5.530 5.962 5.864 5.278 5.271 5.575 5.878 5.820 5.460 5.448 5.400 6.044 5.826 5.685 5.483 5.577 6.093 5.978 5.962 5.730 5.528 04/05/2091
6.177 6.123 6.226 5.715 5.747 6.097 6.079 6.206 6.052 5.990 6.666 6.537 5.720 5.702 6.045 6.458 6.462 5.947 5.924 5.768 6.696 6.470 6.253 5.973 6.066 6.700 6.627 6.564 6.259 6.010 05/05/2091
6.079 6.017 6.090 5.667 5.610 6.020 6.004 6.090 5.933 5.847 6.541 6.430 5.667 5.634 5.901 6.263 6.377 5.934 5.892 5.636 6.559 6.380 6.251 5.967 5.950 6.598 6.577 6.628 6.300 5.874 06/05/2091
5.442 5.804 5.594 5.110 4.889 5.793 5.779 5.582 5.353 5.014 5.963 5.903 5.675 5.662 5.035 5.890 5.731 5.638 5.607 5.342 5.819 5.728 5.697 5.649 5.477 5.896 5.909 5.912 5.792 5.441 07/05/2091
4.928 5.264 5.033 4.648 4.471 5.267 5.263 5.036 4.928 4.605 5.595 5.487 5.241 5.223 4.620 5.527 5.448 5.381 5.360 5.121 5.513 5.449 5.490 5.392 5.265 5.664 5.635 5.664 5.573 5.237 08/05/2091
6.225 6.422 6.044 5.885 5.652 6.429 6.449 6.051 6.393 6.056 6.861 6.443 6.176 6.144 6.100 6.721 6.519 6.333 6.308 6.106 6.874 6.505 6.666 6.354 6.291 7.035 6.815 7.041 6.733 6.249 09/05/2091
6.618 6.678 6.412 6.238 6.006 6.706 6.733 6.428 6.704 6.366 6.827 6.577 6.417 6.393 6.405 6.668 6.599 6.532 6.502 6.426 6.801 6.592 6.661 6.553 6.466 6.950 6.840 6.957 6.885 6.435 10/05/2091
5.930 6.788 6.888 6.810 6.279 6.788 6.799 6.888 6.946 6.459 6.776 7.185 7.012 6.993 6.492 6.774 6.769 7.064 7.044 6.916 6.670 6.773 6.828 7.075 7.016 6.811 6.908 6.977 7.180 6.967 11/05/2091
8.114 8.407 8.210 8.085 7.355 8.395 8.369 8.186 7.855 7.266 7.976 8.281 8.090 8.042 7.338 7.812 7.472 7.774 7.748 7.532 7.445 7.463 7.586 7.793 7.634 7.677 7.678 7.755 7.786 7.572 12/05/2091
6.623 7.120 7.160 6.973 6.359 7.109 7.109 7.147 6.868 6.347 6.910 7.205 7.091 7.057 6.395 6.852 6.696 6.941 6.916 6.747 6.592 6.696 6.750 6.953 6.774 6.712 6.744 6.820 6.912 6.741 13/05/2091
5.941 6.264 6.245 5.936 5.452 6.283 6.288 6.261 6.121 5.665 6.263 6.445 6.393 6.388 5.705 6.182 6.182 6.459 6.449 6.224 6.123 6.196 6.263 6.474 6.414 6.245 6.356 6.454 6.616 6.392 14/05/2091
7.027 7.248 7.100 6.602 6.111 7.244 7.208 7.093 6.635 6.090 7.212 7.320 7.064 7.053 6.140 7.163 6.886 7.091 7.064 6.771 6.936 6.883 6.991 7.108 6.860 7.388 7.109 7.235 7.155 6.820 15/05/2091
7.511 7.241 7.006 6.400 5.823 7.215 7.201 6.997 6.244 5.658 7.171 7.060 6.718 6.710 5.695 7.083 6.793 6.795 6.769 6.382 7.052 6.793 6.878 6.809 6.563 7.259 7.084 7.162 6.977 6.536 16/05/2091
7.850 8.499 8.122 7.383 6.762 8.501 8.467 8.109 7.559 7.010 8.762 8.664 8.173 8.124 7.062 8.546 8.322 8.272 8.218 7.767 8.414 8.318 8.321 8.297 7.979 8.802 8.610 8.564 8.392 7.922 17/05/2091
7.762 8.316 8.013 7.152 7.097 8.281 8.266 7.999 7.426 7.339 8.755 8.574 7.822 7.798 7.393 8.474 8.391 8.032 7.996 7.570 8.451 8.383 8.341 8.062 7.923 8.660 8.597 8.648 8.310 7.848 18/05/2091
7.943 8.053 8.289 7.290 7.201 8.054 8.053 8.266 7.342 7.245 7.540 8.166 7.787 7.752 7.298 7.389 7.679 7.740 7.705 7.407 7.230 7.684 7.669 7.763 7.622 7.484 7.824 7.933 7.883 7.563 19/05/2091
7.802 7.995 8.364 7.694 7.522 7.978 7.968 8.342 7.596 7.476 7.422 7.937 7.808 7.806 7.527 7.212 7.440 7.930 7.902 7.830 6.948 7.446 7.367 7.947 8.159 7.112 7.844 7.907 8.236 8.088 20/05/2091
8.259 8.209 8.405 7.654 7.501 8.188 8.145 8.371 7.747 7.630 8.057 8.311 7.871 7.818 7.693 7.838 7.818 7.912 7.871 7.924 7.999 7.815 7.721 7.958 7.979 8.092 7.828 7.920 7.846 7.902 21/05/2091
6.167 6.286 7.029 6.297 6.273 6.249 6.208 7.014 5.992 5.905 6.252 6.491 6.416 6.388 5.933 5.856 6.187 5.984 5.957 5.861 5.924 6.194 6.066 6.003 5.995 5.994 6.121 6.129 6.088 5.943 22/05/2091
6.608 6.490 6.592 5.914 5.895 6.459 6.418 6.563 6.150 6.011 6.644 6.431 6.253 6.248 6.031 6.571 6.394 6.355 6.328 6.345 6.403 6.405 6.294 6.366 6.534 6.332 6.498 6.486 6.515 6.486 23/05/2091
6.848 6.578 6.987 6.495 6.467 6.619 6.606 6.983 6.704 6.650 6.323 6.263 6.371 6.370 6.678 6.253 6.285 6.277 6.265 7.077 6.302 6.292 6.287 6.295 6.601 6.196 6.400 6.484 6.418 6.555 24/05/2091
6.142 6.058 5.850 5.297 5.393 6.052 6.035 5.841 5.268 5.293 6.311 6.092 5.451 5.436 5.316 6.206 6.050 5.447 5.413 5.292 6.145 6.059 5.902 5.465 5.605 6.059 6.136 6.121 5.763 5.557 25/05/2091
5.621 5.678 5.639 5.070 5.123 5.659 5.627 5.610 5.285 5.264 5.882 5.824 5.382 5.364 5.289 5.758 5.752 5.405 5.370 5.294 5.766 5.758 5.627 5.418 5.540 5.784 5.910 5.908 5.722 5.492 26/05/2091
7.464 7.356 7.337 6.562 6.412 7.334 7.312 7.312 6.694 6.615 7.560 7.513 6.818 6.771 6.669 7.431 6.951 6.596 6.559 6.578 7.100 6.955 6.704 6.623 6.420 6.660 6.750 6.751 6.512 6.363 27/05/2091
8.500 8.275 8.269 7.419 7.192 8.220 8.202 8.223 7.593 7.473 8.605 8.448 7.764 7.723 7.517 8.372 8.303 7.991 7.945 7.877 8.582 8.312 8.168 8.022 7.974 8.453 8.325 8.341 8.093 7.895 28/05/2091
8.261 8.063 8.062 7.014 6.901 8.019 7.989 8.035 7.132 7.002 8.233 8.027 7.443 7.428 7.066 7.960 7.633 7.513 7.480 7.396 7.802 7.637 7.537 7.540 7.325 7.640 7.663 7.719 7.499 7.258 29/05/2091
8.797 8.629 8.656 7.628 7.467 8.550 8.538 8.621 7.801 7.708 8.784 8.671 8.129 8.102 7.763 8.585 8.181 8.022 7.978 8.024 8.326 8.187 8.034 8.047 7.945 7.973 8.175 8.206 8.039 7.865 30/05/2091
7.900 7.766 7.755 6.690 6.613 7.698 7.687 7.705 6.939 6.836 8.090 7.902 7.300 7.255 6.903 7.923 7.704 7.440 7.410 7.347 7.873 7.705 7.568 7.472 7.525 7.982 7.905 7.914 7.669 7.435 31/05/2091
7.391 7.376 7.276 6.666 6.682 7.382 7.388 7.292 6.950 6.673 7.426 7.371 7.511 7.436 6.698 7.519 7.665 7.656 7.576 7.477 7.658 7.660 7.658 7.682 7.658 7.700 7.794 7.946 7.797 7.545 01/06/2091
7.652 7.573 7.517 6.916 6.808 7.557 7.522 7.511 7.133 6.815 7.765 7.636 7.503 7.443 6.833 7.696 7.763 7.678 7.630 7.477 7.906 7.756 7.828 7.712 7.589 8.058 7.871 8.054 7.782 7.514 02/06/2091
7.226 7.257 7.124 6.620 6.568 7.292 7.302 7.135 6.830 6.656 7.239 7.247 7.255 7.173 6.676 7.350 7.435 7.341 7.267 7.229 7.455 7.429 7.349 7.375 7.302 7.459 7.436 7.447 7.283 7.206 03/06/2091
6.768 6.839 6.907 6.436 6.390 6.870 6.911 6.905 6.656 6.398 6.957 6.920 7.017 6.990 6.438 6.941 6.812 7.080 7.045 7.014 6.987 6.811 7.021 7.100 6.901 6.931 6.855 7.088 6.999 6.848 04/06/2091
6.209 6.248 6.399 5.896 5.955 6.256 6.236 6.394 6.226 6.094 6.256 6.444 6.529 6.496 6.120 6.319 6.490 6.527 6.490 6.542 6.448 6.486 6.584 6.533 6.420 6.618 6.545 6.657 6.426 6.356 05/06/2091
6.598 6.598 6.654 5.915 5.900 6.591 6.593 6.667 6.264 5.994 6.642 6.618 6.852 6.807 6.031 6.656 6.749 6.930 6.886 6.825 6.803 6.739 6.852 6.932 6.834 6.840 6.798 6.966 6.956 6.798 06/06/2091
6.600 6.680 6.736 6.179 6.045 6.649 6.630 6.717 6.359 6.207 6.765 6.745 6.935 6.857 6.225 6.710 6.789 6.898 6.829 6.716 6.883 6.780 6.907 6.931 6.775 6.885 6.816 6.987 6.928 6.702 07/06/2091
6.246 6.215 6.215 5.723 5.690 6.193 6.201 6.207 5.950 5.717 6.176 6.201 6.354 6.316 5.768 6.211 6.142 6.318 6.268 6.286 6.219 6.141 6.293 6.337 6.320 6.209 6.102 6.246 6.340 6.244 08/06/2091
5.820 5.840 6.123 5.191 5.231 5.836 5.852 6.121 5.455 5.302 5.701 5.779 5.927 5.897 5.365 5.674 5.731 6.016 5.980 5.835 5.852 5.730 5.808 6.033 6.109 5.986 5.858 6.003 6.116 6.067 09/06/2091
5.185 5.177 5.487 5.180 5.176 5.135 5.072 5.462 5.307 5.147 4.900 5.163 5.325 5.294 5.187 4.775 5.023 6.021 5.950 5.385 4.778 5.020 5.146 6.050 5.383 4.887 5.079 5.276 5.297 5.307 10/06/2091
4.432 4.322 4.298 3.652 3.650 4.292 4.276 4.269 3.982 3.829 3.997 4.284 4.427 4.376 3.867 3.958 4.374 4.348 4.298 4.183 4.129 4.363 4.312 4.381 4.074 4.066 4.288 4.270 4.270 3.991 11/06/2091
5.003 5.012 5.135 4.594 4.562 4.947 4.926 5.104 4.593 4.382 4.777 5.031 5.102 5.055 4.418 4.694 4.886 5.009 4.974 4.905 4.731 4.879 4.943 5.028 5.009 4.657 4.799 4.897 5.005 4.921 12/06/2091
5.608 5.616 5.648 5.248 5.149 5.628 5.615 5.668 5.324 5.141 5.457 5.557 5.483 5.456 5.158 5.374 5.333 5.479 5.452 5.431 5.354 5.332 5.451 5.494 5.297 5.285 5.255 5.387 5.401 5.255 13/06/2091
5.087 5.175 5.244 4.851 4.727 5.137 5.129 5.236 4.953 4.667 4.972 5.062 5.078 5.051 4.711 4.891 4.864 4.950 4.927 4.920 4.861 4.856 4.955 4.957 4.846 4.803 4.796 4.862 4.854 4.828 14/06/2091
5.185 5.182 5.161 4.770 4.814 5.160 5.157 5.157 4.901 4.832 4.992 5.070 5.093 5.076 4.859 4.946 4.880 4.978 4.935 4.921 4.893 4.888 4.962 4.990 4.965 4.839 4.884 5.002 5.007 4.930 15/06/2091
5.991 5.984 6.004 5.558 5.373 5.970 5.984 5.988 5.660 5.432 5.965 6.009 5.871 5.840 5.485 5.762 5.848 5.853 5.826 5.736 5.817 5.838 5.925 5.867 5.798 5.832 5.876 5.985 5.842 5.762 16/06/2091
7.271 7.228 7.170 6.812 6.620 7.205 7.180 7.151 6.882 6.674 7.177 7.035 7.175 7.124 6.715 6.861 6.658 7.001 6.958 6.817 6.728 6.654 7.033 7.021 6.610 6.661 6.675 7.101 6.941 6.600 17/06/2091
8.164 7.888 8.070 7.803 7.510 7.875 7.852 8.074 7.859 7.695 7.891 8.089 7.954 7.930 7.710 7.271 7.643 7.662 7.626 7.574 7.377 7.628 8.066 7.678 7.750 7.072 7.491 7.953 7.856 7.700 18/06/2091
6.986 6.306 6.661 6.552 6.469 6.284 6.260 6.660 6.504 6.371 6.154 6.329 6.405 6.376 6.390 5.909 6.095 6.264 6.221 6.188 6.006 6.079 6.223 6.282 6.301 5.837 6.204 6.482 6.435 6.242 19/06/2091
4.750 4.792 4.756 4.327 4.346 4.679 4.606 4.671 4.461 4.388 4.517 4.636 4.651 4.621 4.435 4.220 4.305 4.558 4.523 4.578 4.283 4.277 4.549 4.564 4.471 4.279 4.316 4.544 4.563 4.443 20/06/2091
5.386 5.326 5.378 5.674 5.565 5.308 5.291 5.379 5.833 5.788 5.299 5.294 5.305 5.273 5.812 5.136 5.230 5.263 5.226 5.539 5.042 5.229 5.286 5.284 5.230 5.180 5.338 5.459 5.324 5.187 21/06/2091
5.563 5.482 5.461 5.098 5.033 5.473 5.479 5.448 5.271 5.058 5.433 5.452 5.315 5.276 5.093 5.325 5.348 5.403 5.374 5.243 5.274 5.351 5.426 5.429 5.391 5.196 5.322 5.439 5.484 5.340 22/06/2091
5.044 4.954 4.784 4.605 4.560 4.944 4.935 4.785 4.511 4.556 4.933 4.903 4.706 4.675 4.589 4.704 4.671 4.718 4.686 4.535 4.610 4.664 4.846 4.733 4.590 4.636 4.613 4.836 4.823 4.536 23/06/2091
4.882 4.690 4.675 4.383 4.347 4.660 4.626 4.652 4.290 4.097 4.506 4.402 4.367 4.324 4.139 4.397 4.288 4.251 4.217 4.261 4.434 4.283 4.319 4.264 4.419 4.362 4.427 4.534 4.565 4.343 24/06/2091
5.375 5.223 5.272 5.035 4.989 5.209 5.199 5.263 5.195 5.032 5.198 5.253 5.189 5.171 5.063 5.186 5.185 5.177 5.154 5.161 5.198 5.176 5.220 5.184 5.266 5.209 5.218 5.304 5.322 5.235 25/06/2091
4.539 4.436 4.498 4.508 4.420 4.424 4.394 4.485 4.567 4.402 4.328 4.466 4.459 4.435 4.452 4.334 4.490 4.428 4.394 4.448 4.427 4.482 4.404 4.437 4.603 4.411 4.479 4.468 4.557 4.554 26/06/2091
5.372 5.241 5.251 5.036 4.928 5.210 5.184 5.234 5.144 4.910 5.006 5.155 5.154 5.123 4.936 4.933 5.108 5.186 5.153 5.043 4.964 5.098 5.174 5.201 5.071 4.914 5.008 5.117 5.193 5.016 27/06/2091
5.433 5.328 5.357 5.129 5.010 5.297 5.264 5.328 5.225 4.999 5.141 5.308 5.244 5.210 5.029 5.054 5.216 5.284 5.240 5.184 5.128 5.204 5.298 5.302 5.338 5.085 5.198 5.308 5.402 5.275 28/06/2091
5.076 5.026 5.132 5.039 4.960 5.023 5.016 5.140 5.149 5.005 5.120 5.070 5.037 5.022 5.016 5.045 4.978 5.047 5.031 5.103 5.034 4.968 5.044 5.058 5.118 4.979 4.943 5.039 5.104 5.104 29/06/2091
4.713 4.836 4.762 4.509 4.849 4.840 4.824 4.763 5.045 4.905 4.875 4.903 4.972 4.951 4.941 4.941 5.206 5.142 5.123 5.040 5.094 5.201 5.279 5.156 5.229 4.950 5.148 5.288 5.330 5.193 30/06/2091
5.271 5.185 5.216 4.716 4.664 5.171 5.170 5.207 4.886 4.684 5.354 5.317 5.097 5.087 4.710 5.032 4.964 5.163 5.149 5.010 5.041 4.964 5.329 5.164 5.223 4.972 4.877 5.280 5.352 5.197 01/07/2091
5.246 5.034 5.043 4.786 4.680 5.023 4.997 5.040 4.872 4.667 4.954 4.975 5.007 4.992 4.697 4.873 4.900 4.982 4.953 4.903 4.798 4.896 4.938 4.996 4.978 4.771 4.887 4.975 5.052 4.916 02/07/2091
5.437 5.368 5.350 4.968 4.823 5.341 5.314 5.340 5.149 4.904 5.269 5.367 5.329 5.304 4.930 5.119 5.061 5.318 5.281 5.276 5.144 5.055 5.292 5.331 5.393 5.168 5.067 5.343 5.457 5.344 03/07/2091
4.733 4.517 4.205 3.373 3.452 4.487 4.462 4.175 3.883 3.754 4.617 4.642 4.414 4.384 3.788 4.512 4.722 4.544 4.504 4.218 4.584 4.715 4.694 4.564 4.969 4.636 4.765 4.800 4.900 4.929 04/07/2091
4.981 4.806 4.693 4.141 4.251 4.730 4.687 4.632 4.367 4.221 4.641 4.700 4.731 4.697 4.258 4.566 4.784 4.939 4.894 4.638 4.644 4.771 4.867 4.964 5.074 4.863 4.963 5.106 5.154 4.994 05/07/2091
4.781 4.753 4.720 4.427 4.377 4.728 4.699 4.705 4.419 4.274 4.535 4.698 4.632 4.606 4.288 4.479 4.669 4.683 4.639 4.585 4.628 4.660 4.665 4.705 4.656 4.591 4.608 4.675 4.578 4.599 06/07/2091
5.008 5.046 4.879 4.162 4.368 5.009 4.965 4.852 4.307 4.484 4.974 5.116 4.496 4.460 4.506 4.294 4.517 4.642 4.618 4.436 4.341 4.504 4.581 4.653 4.624 4.293 4.477 4.574 4.642 4.588 07/07/2091
5.597 5.554 5.536 5.286 5.190 5.548 5.522 5.536 5.421 5.231 5.517 5.561 5.498 5.475 5.240 5.376 5.476 5.582 5.544 5.400 5.384 5.465 5.591 5.594 5.594 5.366 5.434 5.590 5.626 5.540 08/07/2091
5.305 5.301 5.236 4.957 4.913 5.289 5.272 5.240 5.286 5.063 5.350 5.389 5.377 5.350 5.077 5.243 5.346 5.557 5.524 5.407 5.264 5.346 5.505 5.578 5.626 5.237 5.319 5.524 5.628 5.565 09/07/2091
5.263 5.252 5.233 5.044 4.873 5.227 5.229 5.220 5.191 4.945 5.115 5.205 5.327 5.302 4.979 5.050 5.130 5.382 5.352 5.345 5.076 5.128 5.264 5.393 5.420 5.108 5.217 5.366 5.445 5.384 10/07/2091
4.292 4.406 4.132 3.281 3.278 4.368 4.364 4.152 3.510 3.414 4.486 4.393 3.936 3.892 3.455 4.425 4.288 3.985 3.941 3.861 4.446 4.287 4.227 4.001 4.019 4.481 4.278 4.273 4.095 3.954 11/07/2091
5.463 5.528 5.457 5.065 5.057 5.543 5.535 5.464 5.338 5.184 5.586 5.576 5.478 5.418 5.192 5.391 5.252 5.404 5.357 5.383 5.285 5.252 5.415 5.423 5.351 4.969 5.201 5.442 5.464 5.270 12/07/2091
5.141 5.155 5.075 4.743 4.644 5.151 5.138 5.077 4.837 4.621 5.178 5.159 5.078 5.035 4.668 5.127 5.106 5.113 5.064 5.059 5.139 5.105 5.117 5.122 5.150 5.102 5.138 5.180 5.227 5.103 13/07/2091
4.985 5.055 4.993 4.648 4.579 5.072 5.077 5.009 4.814 4.613 4.992 5.040 4.914 4.847 4.647 4.887 4.765 4.855 4.780 4.773 4.839 4.759 4.864 4.879 4.629 4.908 4.738 4.888 4.773 4.566 14/07/2091
5.281 5.286 5.162 4.905 4.940 5.299 5.323 5.170 5.116 5.003 5.269 5.309 5.132 5.117 5.016 5.176 5.036 5.194 5.181 5.192 5.106 5.031 5.221 5.226 5.229 5.054 5.055 5.220 5.190 5.191 15/07/2091
4.984 5.069 5.052 4.822 4.846 5.073 5.048 5.054 5.031 4.877 5.209 5.169 5.090 5.074 4.917 5.118 5.044 5.161 5.146 5.156 5.017 5.044 5.159 5.168 5.185 5.013 5.085 5.223 5.168 5.151 16/07/2091
5.597 5.708 5.593 5.230 5.263 5.715 5.710 5.600 5.472 5.327 5.702 5.816 5.646 5.632 5.351 5.626 5.640 5.755 5.717 5.626 5.738 5.641 5.828 5.763 5.594 5.633 5.532 5.740 5.741 5.573 17/07/2091
5.624 5.658 5.624 5.205 5.158 5.652 5.635 5.613 5.440 5.259 5.699 5.670 5.539 5.518 5.300 5.524 5.473 5.600 5.590 5.524 5.495 5.472 5.547 5.608 5.472 5.442 5.389 5.558 5.517 5.441 18/07/2091
4.955 4.653 4.728 4.339 4.245 4.648 4.626 4.692 4.446 4.238 4.661 4.652 4.778 4.737 4.284 4.618 4.669 4.784 4.737 4.661 4.696 4.664 4.763 4.798 4.707 4.577 4.581 4.733 4.758 4.636 19/07/2091
4.417 4.329 4.252 3.944 3.851 4.351 4.330 4.247 3.878 3.787 4.146 4.151 4.100 4.084 3.813 4.045 3.939 4.076 4.030 4.023 4.022 3.940 4.032 4.086 4.058 3.981 3.965 4.073 4.083 4.013 20/07/2091
4.663 4.387 4.423 4.211 4.237 4.397 4.404 4.437 4.251 4.056 4.317 4.313 4.441 4.423 4.090 4.330 4.346 4.535 4.474 4.471 4.275 4.344 4.374 4.540 4.601 4.260 4.404 4.464 4.520 4.542 21/07/2091
4.234 4.192 4.173 3.981 3.885 4.190 4.210 4.180 4.125 3.951 3.842 4.147 4.406 4.368 3.991 3.779 4.192 4.433 4.381 4.428 3.912 4.180 4.286 4.438 4.456 4.140 4.372 4.419 4.454 4.391 22/07/2091
5.108 5.108 5.137 4.854 4.903 5.091 5.070 5.125 5.066 4.910 4.975 5.101 5.293 5.258 4.931 4.935 5.029 5.315 5.257 5.176 4.971 5.017 5.249 5.340 5.184 4.954 5.044 5.245 5.358 5.114 23/07/2091
5.114 5.157 5.093 4.678 4.645 5.149 5.139 5.090 4.855 4.636 5.132 5.118 5.195 5.164 4.668 5.118 5.095 5.256 5.201 5.200 5.088 5.094 5.238 5.268 5.333 5.112 5.132 5.313 5.389 5.274 24/07/2091
5.380 5.330 5.352 4.913 4.830 5.313 5.312 5.338 4.992 4.830 5.233 5.237 5.151 5.137 4.853 5.137 5.118 5.154 5.127 5.211 5.210 5.111 5.080 5.165 5.240 5.230 5.236 5.266 5.249 5.218 25/07/2091
5.219 5.189 5.173 4.937 4.870 5.190 5.179 5.177 5.078 4.922 5.154 5.182 5.236 5.212 4.940 5.135 5.171 5.302 5.270 5.252 5.148 5.159 5.252 5.312 5.309 5.142 5.148 5.278 5.311 5.268 26/07/2091
5.142 5.133 5.149 5.018 4.965 5.116 5.081 5.137 5.284 5.109 5.210 5.283 5.375 5.348 5.149 5.179 5.403 5.444 5.403 5.374 5.330 5.395 5.467 5.456 5.518 5.371 5.449 5.549 5.553 5.459 27/07/2091
5.294 5.238 5.287 4.907 4.784 5.251 5.245 5.305 5.051 4.833 5.215 5.233 5.211 5.175 4.849 5.051 5.139 5.295 5.257 5.181 5.074 5.129 5.270 5.311 5.291 5.137 5.168 5.356 5.391 5.231 28/07/2091
5.429 5.450 5.480 5.065 4.830 5.404 5.394 5.445 4.961 4.722 5.132 5.250 5.273 5.246 4.756 4.962 5.136 5.213 5.179 5.187 5.058 5.126 5.199 5.228 5.315 5.118 5.148 5.272 5.330 5.275 29/07/2091
4.830 4.793 4.819 4.375 4.276 4.791 4.799 4.825 4.471 4.284 4.716 4.793 4.816 4.788 4.325 4.528 4.783 4.826 4.788 4.868 4.490 4.773 4.788 4.837 4.968 4.540 4.811 4.825 4.904 4.906 30/07/2091
5.012 5.066 5.059 4.725 4.646 5.055 5.034 5.056 4.904 4.726 4.952 5.025 5.163 5.143 4.755 4.945 4.954 5.171 5.139 5.255 4.985 4.953 5.018 5.186 5.240 5.022 5.055 5.137 5.240 5.196 31/07/2091
