# 6448 6449 6450 6451 6452 6528 6529 6530 6531 6532 6610 6611 6612 6613 6614 6693 6694 6695 6696 6697 6776 6777 6778 6779 6780 6859 6860 6861 6862 6863 Date
0.000 0.000 0.000 0.000 0.000 0.000 0.000 0.000 0.000 0.000 0.000 0.000 0.000 0.000 0.000 0.000 0.000 0.000 0.000 0.000 0.000 0.000 0.000 0.000 0.000 0.000 0.000 0.000 0.000 0.000 01/08/2055
0.000 0.000 0.000 0.000 0.000 0.000 0.000 0.000 0.000 0.000 0.000 0.000 0.000 0.000 0.000 0.000 0.000 0.000 0.000 0.000 0.000 0.000 0.000 0.000 0.000 0.000 0.000 0.000 0.000 0.000 02/08/2055
0.000 0.000 0.000 0.000 0.000 0.000 0.000 0.000 0.000 0.000 0.000 0.000 0.000 0.000 0.000 0.000 0.000 0.000 0.000 0.000 0.000 0.000 0.000 0.000 0.000 0.000 0.000 0.000 0.000 0.000 03/08/2055
0.000 0.000 0.000 0.000 0.000 0.000 0.000 0.000 0.000 0.000 0.000 0.000 0.000 0.000 0.000 0.000 0.000 0.000 0.000 0.000 0.000 0.000 0.000 0.000 0.000 0.000 0.000 0.000 0.000 0.000 04/08/2055
0.000 0.000 0.000 0.000 0.000 0.000 0.000 0.000 0.000 0.000 0.000 0.000 0.000 0.000 0.000 0.000 0.000 0.000 0.000 0.000 0.000 0.000 0.000 0.000 0.000 0.000 0.000 0.000 0.000 0.000 05/08/2055
0.000 0.000 0.000 0.000 0.000 0.000 0.000 0.000 0.000 0.000 0.000 0.000 0.000 0.000 0.000 0.000 0.000 0.000 0.000 0.000 0.000 0.000 0.000 0.000 0.551 2.236 1.824 2.008 1.695 0.556 06/08/2055
0.000 0.000 0.000 0.000 0.000 0.000 0.000 0.000 0.000 0.000 0.000 0.000 0.000 0.000 0.000 0.000 0.000 0.000 0.000 0.000 0.133 0.000 0.000 0.000 0.000 0.000 0.000 0.000 0.000 0.000 07/08/2055
0.000 0.000 0.000 0.000 0.000 0.000 0.000 0.000 0.000 0.000 0.000 0.000 0.000 0.000 0.000 0.000 0.000 0.000 0.000 0.000 0.000 0.000 0.000 0.000 0.000 0.000 0.000 0.000 0.000 0.000 08/08/2055
11.324 3.622 5.919 6.544 6.353 3.668 3.705 5.966 15.931 13.823 7.974 7.279 13.073 13.192 13.708 6.612 8.257 15.066 15.225 16.729 6.634 8.276 10.748 15.000 10.223 5.848 5.655 6.467 7.285 10.385 09/08/2055
15.216 11.841 10.179 9.046 10.782 11.991 12.113 10.257 6.654 8.333 8.626 7.174 6.589 6.646 8.264 8.202 13.845 7.533 7.614 6.737 18.939 13.878 13.645 7.500 11.305 20.056 14.884 14.980 9.848 11.479 10/08/2055
25.060 25.182 25.124 23.652 26.645 25.502 25.758 25.323 22.944 25.203 27.662 26.249 26.205 26.439 24.989 29.528 29.096 27.210 27.500 25.432 28.170 29.165 28.720 27.089 23.242 25.993 27.715 25.469 25.187 23.607 11/08/2055
25.566 25.246 25.262 22.724 25.682 25.566 25.824 25.463 22.357 24.481 23.994 23.816 25.173 25.401 24.273 25.985 27.306 24.469 24.736 22.897 26.434 27.371 24.581 24.357 21.452 24.236 26.796 23.348 22.291 21.791 12/08/2055
0.000 0.000 0.000 0.000 0.000 0.000 0.000 0.000 0.102 0.000 0.700 0.678 0.000 0.000 0.000 0.478 0.000 0.000 0.000 0.168 0.170 0.000 0.117 0.000 1.041 0.354 0.122 0.170 0.226 1.055 13/08/2055
0.000 0.000 0.000 0.000 0.000 0.000 0.000 0.000 0.000 0.000 0.000 0.000 0.000 0.000 0.000 0.000 0.000 0.000 0.000 0.000 0.000 0.000 0.000 0.000 0.000 0.000 0.000 0.000 0.000 0.000 14/08/2055
0.000 0.000 0.000 0.000 0.000 0.000 0.000 0.000 0.000 0.000 0.000 0.000 0.000 0.000 0.000 0.000 0.000 0.000 0.000 0.000 0.000 0.000 0.000 0.000 0.000 0.000 0.000 0.000 0.000 0.000 15/08/2055
0.000 0.302 0.170 0.000 0.000 0.306 0.309 0.171 0.221 0.449 0.556 0.627 0.544 0.546 0.443 0.489 0.703 1.740 1.759 2.912 0.112 0.705 0.880 1.732 2.036 0.330 0.000 0.117 1.111 2.068 16/08/2055
0.000 0.000 0.000 0.000 0.000 0.000 0.000 0.000 0.000 0.000 0.000 0.000 0.000 0.000 0.000 0.000 0.000 0.000 0.000 0.000 0.000 0.000 0.000 0.000 0.000 0.000 0.000 0.000 0.000 0.000 17/08/2055
0.000 0.000 0.000 0.000 0.000 0.000 0.000 0.000 0.000 0.000 0.000 0.000 0.000 0.000 0.000 0.000 0.000 0.000 0.000 0.000 0.000 0.000 0.000 0.000 0.000 0.000 0.000 0.000 0.000 0.000 18/08/2055
0.000 0.000 0.000 0.000 0.000 0.000 0.000 0.000 0.000 0.000 0.000 0.000 0.000 0.000 0.000 0.000 0.000 0.000 0.000 0.000 0.000 0.000 0.000 0.000 0.000 0.000 0.000 0.000 0.000 0.000 19/08/2055
0.197 0.588 0.659 1.013 1.177 0.592 0.596 0.660 2.832 3.082 2.757 2.587 3.019 3.043 3.057 2.654 4.301 4.969 5.023 4.995 4.058 4.311 5.110 4.947 6.363 5.276 5.791 7.250 7.028 6.459 20/08/2055
0.000 0.000 0.000 0.000 0.000 0.000 0.000 0.000 0.000 0.000 0.000 0.000 0.000 0.000 0.000 0.000 0.000 0.000 0.000 0.000 0.000 0.000 0.000 0.000 0.000 0.000 0.000 0.000 0.000 0.000 21/08/2055
1.312 2.391 1.681 1.518 1.752 2.418 2.440 1.694 1.229 1.729 2.653 1.195 0.770 0.776 1.714 2.470 1.156 0.831 0.835 0.287 1.055 1.158 1.368 0.829 0.000 0.418 0.817 1.084 0.338 0.000 22/08/2055
3.782 4.832 4.342 5.281 4.574 4.894 4.944 4.377 4.461 4.775 7.863 7.633 6.511 6.567 4.735 6.548 7.524 13.114 13.257 16.618 5.470 7.542 8.451 13.055 7.711 6.656 6.449 6.975 7.002 7.823 23/08/2055
1.989 2.908 4.184 5.830 5.226 2.939 2.968 4.217 4.821 5.347 2.555 3.812 5.626 5.673 5.302 2.388 4.720 6.074 6.136 7.457 2.813 4.731 4.818 6.048 6.478 3.711 4.721 4.834 5.596 6.573 24/08/2055
0.101 0.000 0.000 0.131 0.107 0.000 0.000 0.000 0.141 0.153 0.000 0.000 0.103 0.103 0.152 0.000 0.000 0.100 0.100 0.367 0.000 0.000 0.000 0.100 0.239 0.000 0.000 0.000 0.100 0.244 25/08/2055
0.000 0.000 0.000 0.000 0.000 0.000 0.000 0.000 0.000 0.000 0.000 0.000 0.000 0.000 0.000 0.000 0.000 0.000 0.000 0.000 0.000 0.000 0.000 0.000 0.000 0.000 0.000 0.000 0.000 0.000 26/08/2055
0.000 0.000 0.000 0.000 0.000 0.000 0.000 0.000 0.000 0.000 0.000 0.000 0.000 0.000 0.000 0.000 0.000 0.000 0.000 0.000 0.000 0.000 0.000 0.000 0.000 0.000 0.000 0.000 0.000 0.000 27/08/2055
0.000 0.000 0.000 0.000 0.000 0.000 0.000 0.000 0.000 0.000 0.000 0.000 0.000 0.000 0.000 0.000 0.000 0.000 0.000 0.000 0.000 0.000 0.000 0.000 0.000 0.000 0.000 0.000 0.000 0.000 28/08/2055
5.904 7.801 5.275 6.195 5.708 7.900 7.981 5.317 6.434 6.924 8.036 7.258 5.890 5.940 6.865 6.648 5.510 5.995 6.056 6.578 6.115 5.523 6.456 5.969 6.936 5.956 5.362 6.279 6.711 7.037 29/08/2055
0.000 0.000 0.000 0.000 0.000 0.000 0.000 0.000 0.000 0.000 0.000 0.000 0.000 0.000 0.000 0.000 0.000 0.000 0.000 0.000 0.000 0.000 0.000 0.000 0.000 0.000 0.000 0.000 0.000 0.000 30/08/2055
19.297 18.986 12.986 7.515 8.904 19.217 19.406 13.087 9.082 9.256 20.130 20.607 15.731 15.870 9.178 18.803 18.190 17.058 17.247 12.038 15.792 18.233 20.125 16.979 11.778 13.519 18.390 19.946 17.871 11.964 31/08/2055
0.883 0.753 0.215 0.172 0.075 0.758 0.762 0.216 0.178 0.071 0.197 0.638 0.271 0.273 0.068 0.189 0.613 0.257 0.259 0.177 0.174 0.615 0.647 0.257 0.187 0.179 0.568 0.596 0.255 0.191 01/09/2055
0.000 0.000 0.000 0.000 0.000 0.000 0.000 0.000 0.000 0.000 0.000 0.000 0.000 0.000 0.000 0.000 0.000 0.000 0.000 0.000 0.000 0.000 0.000 0.000 0.000 0.000 0.000 0.000 0.000 0.000 02/09/2055
0.000 0.000 0.000 0.000 0.000 0.000 0.000 0.000 0.000 0.000 0.000 0.000 0.000 0.000 0.000 0.000 0.000 0.000 0.000 0.000 0.000 0.000 0.000 0.000 0.000 0.000 0.000 0.000 0.000 0.000 03/09/2055
0.000 0.000 0.000 0.000 0.000 0.000 0.000 0.000 0.000 0.000 0.000 0.000 0.000 0.000 0.000 0.000 0.000 0.000 0.000 0.000 0.000 0.000 0.000 0.000 0.000 0.000 0.000 0.000 0.000 0.000 04/09/2055
0.000 0.000 0.000 0.000 0.000 0.000 0.000 0.000 0.000 0.000 0.000 0.000 0.000 0.000 0.000 0.000 0.000 0.000 0.000 0.000 0.000 0.000 0.000 0.000 0.000 0.000 0.000 0.000 0.000 0.000 05/09/2055
0.000 0.000 0.000 0.000 0.000 0.000 0.000 0.000 0.000 0.000 0.000 0.000 0.000 0.000 0.000 0.000 0.000 0.000 0.000 0.000 0.000 0.000 0.000 0.000 0.000 0.000 0.000 0.000 0.000 0.000 06/09/2055
0.000 0.000 0.000 0.000 0.000 0.000 0.000 0.000 0.000 0.000 0.000 0.000 0.000 0.000 0.000 0.000 0.000 0.000 0.000 0.000 0.000 0.000 0.000 0.000 0.000 0.000 0.000 0.000 0.000 0.000 07/09/2055
0.000 0.000 0.000 0.000 0.000 0.000 0.000 0.000 0.000 0.000 0.000 0.000 0.000 0.000 0.000 0.000 0.000 0.000 0.000 0.000 0.000 0.000 0.000 0.000 0.000 0.000 0.000 0.000 0.000 0.000 08/09/2055
0.000 0.000 0.000 0.000 0.000 0.000 0.000 0.000 0.000 0.000 0.000 0.000 0.000 0.000 0.000 0.000 0.000 0.000 0.000 0.000 0.000 0.000 0.000 0.000 0.000 0.000 0.000 0.000 0.000 0.000 09/09/2055
0.000 0.100 0.462 1.283 1.562 0.100 0.100 0.466 2.137 2.508 0.184 0.460 1.368 1.370 2.464 0.176 1.033 2.155 2.187 3.567 0.783 1.035 1.493 2.145 6.720 1.475 2.023 2.267 4.201 6.829 10/09/2055
3.049 2.254 1.642 1.783 1.954 2.247 2.264 1.708 2.773 3.366 1.522 1.088 1.679 1.695 3.339 1.624 0.765 1.496 1.522 1.834 0.696 0.767 1.109 1.481 0.857 1.207 0.594 0.855 0.656 0.871 11/09/2055
0.113 0.114 0.135 0.780 0.631 0.117 0.122 0.137 1.520 1.742 0.134 0.163 0.810 0.818 1.732 0.126 0.167 0.626 0.623 1.322 0.165 0.167 0.234 0.623 0.155 0.000 0.000 0.000 0.108 0.157 12/09/2055
1.489 2.328 2.010 4.887 6.028 2.358 2.382 2.025 3.242 3.406 3.320 4.515 3.261 3.289 3.379 3.592 4.610 2.823 2.853 1.125 6.258 4.623 5.336 2.811 0.896 6.219 2.191 2.538 0.808 0.901 13/09/2055
2.614 2.381 4.355 5.266 5.599 2.407 2.428 4.388 4.796 6.012 1.041 2.996 4.078 4.116 5.963 1.032 2.394 5.014 5.069 6.631 1.451 2.398 2.893 4.991 7.993 3.210 3.393 3.836 4.814 8.118 14/09/2055
0.123 0.000 0.105 0.205 0.100 0.000 0.000 0.105 0.000 0.000 0.000 0.000 0.000 0.000 0.000 0.000 0.000 0.000 0.000 0.118 0.000 0.000 0.000 0.000 0.156 0.000 0.000 0.000 0.125 0.164 15/09/2055
0.407 0.859 0.746 0.579 0.369 0.870 0.880 0.751 0.627 0.886 0.875 0.538 0.260 0.262 0.883 0.865 0.415 0.414 0.419 0.761 0.873 0.417 0.512 0.412 0.770 0.854 0.542 0.719 0.663 0.775 16/09/2055
0.000 0.000 0.000 0.000 0.000 0.000 0.000 0.000 0.000 0.000 0.000 0.000 0.000 0.000 0.000 0.000 0.000 0.000 0.000 0.000 0.000 0.000 0.000 0.000 0.155 0.160 0.139 0.140 0.117 0.163 17/09/2055
1.158 0.747 0.818 1.168 1.185 0.755 0.762 0.824 0.645 0.917 0.365 0.365 0.356 0.359 0.913 0.430 0.000 0.135 0.137 0.244 0.000 0.000 0.000 0.135 0.000 0.000 0.000 0.000 0.000 0.000 18/09/2055
2.961 3.364 3.436 4.560 4.655 3.406 3.440 3.461 4.893 6.104 4.410 4.681 5.156 5.204 6.055 4.747 7.127 7.602 7.686 6.893 7.215 7.144 8.353 7.567 4.472 4.421 4.415 5.016 4.827 4.533 19/09/2055
7.651 7.457 6.501 6.137 6.813 7.552 7.625 6.551 5.317 6.478 7.802 7.053 6.161 6.218 6.427 7.924 4.299 4.225 4.266 3.927 5.388 4.309 4.956 4.208 2.382 2.998 2.396 2.863 2.648 2.414 20/09/2055
25.786 8.159 7.928 7.309 8.087 8.262 8.347 7.991 5.589 6.601 7.791 5.663 5.914 5.964 6.547 7.906 2.878 3.723 3.764 3.859 5.137 2.885 3.529 3.706 2.135 3.686 2.399 2.870 2.219 2.170 21/09/2055
0.000 0.208 0.275 0.413 0.178 0.209 0.210 0.277 0.326 0.335 0.207 0.325 0.173 0.175 0.332 0.211 0.202 0.180 0.181 0.330 0.325 0.202 0.230 0.180 0.178 0.630 0.285 0.318 0.187 0.180 22/09/2055
0.000 0.000 0.000 0.000 0.000 0.000 0.000 0.000 0.000 0.000 0.000 0.000 0.000 0.000 0.000 0.000 0.000 0.000 0.000 0.000 0.000 0.000 0.000 0.000 0.000 0.000 0.000 0.000 0.000 0.000 23/09/2055
4.326 5.390 7.210 6.598 7.348 5.459 5.514 7.268 6.067 6.825 4.667 4.899 6.423 6.480 6.769 5.042 3.935 4.077 4.121 4.073 4.691 3.944 4.464 4.058 3.035 4.116 3.432 3.851 3.238 3.082 24/09/2055
2.897 2.501 3.189 2.928 3.112 2.530 2.554 3.214 2.316 2.934 2.476 2.264 2.635 2.658 2.910 2.618 1.661 2.231 2.256 2.841 1.720 1.664 1.940 2.220 1.985 1.359 1.367 1.724 1.792 2.009 25/09/2055
8.321 7.439 8.083 13.179 15.894 7.535 7.607 8.147 9.695 11.121 7.298 7.259 8.497 8.576 11.029 7.240 6.904 8.164 8.253 9.199 7.553 6.920 7.930 8.126 8.707 8.948 8.136 9.023 8.358 8.845 26/09/2055
0.000 0.000 0.000 0.000 0.000 0.000 0.000 0.000 0.000 0.000 0.000 0.000 0.000 0.000 0.000 0.000 0.000 0.000 0.000 0.000 0.000 0.000 0.000 0.000 0.000 0.000 0.000 0.000 0.000 0.000 27/09/2055
0.000 0.000 0.000 0.000 0.000 0.000 0.000 0.000 0.000 0.000 0.000 0.000 0.000 0.000 0.000 0.000 0.000 0.000 0.000 0.000 0.000 0.000 0.000 0.000 0.000 0.000 0.000 0.000 0.000 0.000 28/09/2055
2.226 1.981 1.974 2.380 2.682 1.989 2.002 2.015 2.055 2.430 1.825 1.884 2.057 2.076 2.346 1.950 1.596 2.003 2.025 2.064 1.698 1.598 1.866 1.994 1.727 1.454 1.260 1.616 1.851 1.759 29/09/2055
0.000 0.000 0.000 0.000 0.000 0.000 0.000 0.000 0.000 0.000 0.000 0.000 0.000 0.000 0.000 0.000 0.000 0.000 0.000 0.000 0.000 0.000 0.000 0.000 0.000 0.000 0.000 0.000 0.000 0.000 30/09/2055
0.000 0.000 0.000 0.000 0.000 0.000 0.000 0.000 0.000 0.000 0.000 0.000 0.000 0.000 0.000 0.000 0.000 0.000 0.000 0.000 0.000 0.000 0.000 0.000 0.000 0.000 0.000 0.000 0.000 0.000 01/10/2055
0.000 0.000 0.000 0.000 0.000 0.000 0.000 0.000 0.000 0.000 0.000 0.000 0.000 0.000 0.000 0.000 0.000 0.000 0.000 0.000 0.000 0.000 0.000 0.000 0.000 0.000 0.000 0.000 0.000 0.000 02/10/2055
0.000 0.000 0.000 0.000 0.000 0.000 0.000 0.000 0.000 0.000 0.000 0.000 0.000 0.000 0.000 0.000 0.000 0.000 0.000 0.000 0.000 0.000 0.000 0.000 0.000 0.000 0.000 0.000 0.000 0.000 03/10/2055
0.000 0.000 0.000 0.000 0.000 0.000 0.000 0.000 0.000 0.000 0.000 0.000 0.000 0.000 0.000 0.000 0.000 0.000 0.000 0.000 0.000 0.000 0.000 0.000 0.000 0.000 0.000 0.000 0.000 0.000 04/10/2055
0.000 0.000 0.000 0.000 0.000 0.000 0.000 0.000 0.000 0.000 0.000 0.000 0.000 0.000 0.000 0.000 0.000 0.000 0.000 0.000 0.000 0.000 0.000 0.000 0.000 0.000 0.000 0.000 0.000 0.000 05/10/2055
0.000 0.000 0.000 0.000 0.000 0.000 0.000 0.000 0.000 0.000 0.000 0.000 0.000 0.000 0.000 0.000 0.000 0.000 0.000 0.000 0.000 0.000 0.000 0.000 0.000 0.000 0.000 0.000 0.000 0.000 06/10/2055
0.000 0.000 0.000 0.000 0.000 0.000 0.000 0.000 0.000 0.000 0.000 0.000 0.000 0.000 0.000 0.000 0.000 0.000 0.000 0.000 0.000 0.000 0.000 0.000 0.000 0.000 0.000 0.000 0.000 0.000 07/10/2055
0.000 0.000 0.000 0.000 0.000 0.000 0.000 0.000 0.000 0.000 0.000 0.000 0.000 0.000 0.000 0.000 0.000 0.000 0.000 0.000 0.000 0.000 0.000 0.000 0.000 0.000 0.000 0.000 0.000 0.000 08/10/2055
0.000 0.000 0.000 0.000 0.000 0.000 0.000 0.000 0.000 0.000 0.000 0.000 0.000 0.000 0.000 0.000 0.000 0.000 0.000 0.000 0.000 0.000 0.000 0.000 0.000 0.000 0.000 0.000 0.000 0.000 09/10/2055
4.731 4.423 4.030 4.549 5.198 4.485 4.535 4.062 3.727 4.416 4.777 4.135 4.038 4.077 4.380 5.062 4.179 4.353 4.405 4.122 5.209 4.189 5.012 4.331 4.605 6.268 5.411 5.954 4.890 4.676 10/10/2055
0.774 1.127 0.403 0.280 0.100 1.138 1.146 0.400 0.140 0.000 1.251 1.094 0.582 0.574 0.000 1.294 0.971 0.962 0.973 0.224 1.209 0.973 1.400 0.958 0.436 0.918 1.048 1.452 0.829 0.436 11/10/2055
2.332 2.440 1.309 0.740 0.485 2.464 2.442 1.315 2.273 2.816 4.440 2.311 2.306 2.323 2.793 4.973 2.570 3.234 3.263 5.166 4.524 2.576 3.274 3.221 5.009 4.152 3.229 4.208 4.126 5.081 12/10/2055
1.278 1.247 1.979 4.757 5.455 1.262 1.274 2.020 4.264 4.930 1.502 1.913 4.133 4.172 4.888 1.563 1.312 2.503 2.619 4.221 1.616 1.315 1.683 2.494 2.423 2.116 1.621 1.876 1.876 2.447 13/10/2055
8.728 9.208 8.808 8.471 10.325 9.320 9.411 8.876 6.443 7.209 8.934 8.582 8.150 8.214 7.139 9.211 6.323 5.463 5.517 4.365 8.668 6.338 7.349 5.441 3.616 5.367 3.851 4.732 4.164 3.666 14/10/2055
24.488 37.020 33.977 34.001 35.358 37.439 37.780 34.240 45.075 38.108 37.896 39.462 43.815 44.180 37.830 33.563 35.498 30.491 30.830 27.968 30.951 35.575 41.106 30.350 17.401 22.165 15.555 17.243 18.065 17.666 15/10/2055
4.439 3.926 4.099 5.405 6.104 3.975 4.015 4.131 6.590 7.466 3.391 4.292 6.342 6.390 7.389 3.853 3.839 4.929 4.979 5.601 2.984 3.846 4.799 4.908 4.820 3.202 2.873 3.507 4.417 4.889 16/10/2055
1.710 2.617 2.753 3.571 4.218 2.633 2.623 2.767 1.699 1.894 3.021 3.303 3.265 3.291 1.890 3.216 3.038 2.124 2.152 1.925 4.182 3.045 3.933 2.114 2.278 4.082 2.131 2.369 2.503 2.309 17/10/2055
4.356 7.206 7.091 7.247 8.821 7.287 7.353 7.143 7.962 9.011 7.486 8.114 8.544 8.618 8.934 7.660 8.826 8.982 9.077 9.053 8.697 8.847 9.427 8.942 6.105 8.324 8.023 8.710 8.819 6.182 18/10/2055
0.000 0.000 0.000 0.000 0.000 0.000 0.000 0.000 0.000 0.000 0.000 0.000 0.000 0.000 0.000 0.000 0.000 0.000 0.000 0.000 0.000 0.000 0.000 0.000 0.000 0.000 0.000 0.000 0.000 0.000 19/10/2055
0.000 0.000 0.000 0.000 0.000 0.000 0.000 0.000 0.000 0.000 0.000 0.000 0.000 0.000 0.000 0.000 0.000 0.000 0.000 0.000 0.000 0.000 0.000 0.000 0.000 0.000 0.000 0.000 0.000 0.000 20/10/2055
0.000 0.000 0.000 0.000 0.000 0.000 0.000 0.000 0.000 0.000 0.000 0.000 0.000 0.000 0.000 0.000 0.000 0.100 0.100 0.000 0.000 0.000 0.113 0.100 0.159 0.000 0.105 0.132 0.137 0.160 21/10/2055
0.000 0.000 0.000 0.000 0.000 0.000 0.000 0.000 0.000 0.000 0.000 0.000 0.000 0.000 0.000 0.000 0.000 0.000 0.000 0.000 0.000 0.000 0.000 0.000 0.000 0.000 0.000 0.000 0.000 0.000 22/10/2055
2.873 2.899 2.338 2.340 2.571 2.917 2.939 2.356 2.034 2.403 3.533 2.681 2.402 2.416 2.317 4.038 2.635 2.393 2.445 2.005 4.396 2.641 3.354 2.385 1.963 4.168 2.506 3.169 2.371 1.994 23/10/2055
4.449 4.385 6.136 6.247 7.783 4.447 4.497 6.193 7.828 8.906 4.682 6.915 8.616 8.691 8.830 5.052 6.881 10.893 11.009 11.622 5.529 6.898 7.940 10.844 10.630 6.334 7.228 8.114 10.216 10.790 24/10/2055
0.469 0.256 0.497 1.010 0.943 0.251 0.256 0.501 0.902 0.816 0.101 0.224 0.684 0.686 0.809 0.114 0.688 1.375 1.383 1.569 0.198 0.688 1.027 1.371 1.931 0.525 0.903 1.268 1.753 1.960 25/10/2055
11.326 11.016 8.468 7.919 9.672 11.155 11.269 8.534 5.940 6.331 10.925 9.457 7.982 8.043 6.279 11.175 11.143 10.689 10.803 4.946 11.514 11.170 13.253 10.642 6.462 10.599 10.748 12.583 13.299 6.555 26/10/2055
17.865 16.771 17.102 16.180 20.092 16.984 17.158 17.238 17.867 18.677 15.032 16.026 19.351 19.529 18.518 15.386 18.996 22.794 23.047 21.543 14.141 19.041 20.948 22.689 24.665 14.932 22.817 24.022 25.056 25.055 27/10/2055
1.132 0.491 0.632 0.821 0.684 0.496 0.500 0.633 0.532 0.427 0.492 0.466 0.849 0.857 0.422 0.592 0.443 0.648 0.647 0.402 0.605 0.418 0.682 0.645 0.244 0.567 0.272 0.381 0.291 0.250 28/10/2055
0.210 0.194 0.218 0.735 0.732 0.194 0.195 0.220 0.504 0.719 0.000 0.129 0.261 0.262 0.717 0.000 0.156 0.254 0.256 0.494 0.106 0.157 0.186 0.254 0.376 0.219 0.220 0.281 0.252 0.381 29/10/2055
0.000 0.000 0.000 0.000 0.000 0.000 0.000 0.000 0.000 0.000 0.000 0.000 0.000 0.000 0.000 0.000 0.000 0.000 0.000 0.000 0.000 0.000 0.000 0.000 0.000 0.000 0.000 0.000 0.000 0.000 30/10/2055
0.000 0.000 0.000 0.000 0.000 0.000 0.000 0.000 0.000 0.000 0.000 0.000 0.000 0.000 0.000 0.000 0.000 0.000 0.000 0.000 0.000 0.000 0.000 0.000 0.000 0.000 0.000 0.000 0.000 0.000 31/10/2055
1.555 0.896 0.410 0.239 0.100 0.905 0.913 0.413 0.132 0.000 0.591 0.230 0.198 0.200 0.000 0.715 0.115 0.115 0.116 0.000 0.150 0.115 0.151 0.114 0.000 0.000 0.000 0.000 0.000 0.000 01/11/2055
0.100 0.195 0.465 1.065 1.093 0.195 0.195 0.469 1.526 2.056 0.307 0.658 1.213 1.224 2.042 0.275 1.394 2.407 2.430 2.475 1.265 1.396 2.296 2.397 1.788 1.665 1.441 2.463 1.846 1.817 02/11/2055
0.363 0.166 0.359 1.007 0.937 0.168 0.170 0.361 0.248 0.199 0.106 0.118 0.149 0.151 0.198 0.111 0.000 0.103 0.103 0.150 0.107 0.000 0.000 0.103 0.112 0.128 0.110 0.102 0.103 0.113 03/11/2055
0.187 0.166 0.582 0.803 0.595 0.168 0.171 0.587 0.662 0.946 0.210 0.375 0.875 0.878 0.941 0.225 0.178 0.628 0.636 0.615 0.275 0.178 0.186 0.629 0.491 0.178 0.141 0.143 0.236 0.500 04/11/2055
0.000 0.000 0.000 0.000 0.000 0.000 0.000 0.000 0.000 0.000 0.000 0.000 0.000 0.000 0.000 0.000 0.000 0.000 0.000 0.000 0.000 0.000 0.000 0.000 0.000 0.000 0.000 0.000 0.000 0.000 05/11/2055
0.000 0.000 0.000 0.000 0.000 0.000 0.000 0.000 0.000 0.000 0.000 0.000 0.000 0.000 0.000 0.000 0.000 0.000 0.000 0.000 0.000 0.000 0.000 0.000 0.000 0.000 0.000 0.000 0.000 0.000 06/11/2055
0.000 0.000 0.000 0.000 0.000 0.000 0.000 0.000 0.000 0.000 0.000 0.000 0.000 0.000 0.000 0.000 0.000 0.000 0.000 0.000 0.000 0.000 0.000 0.000 0.000 0.000 0.000 0.000 0.000 0.000 07/11/2055
0.000 0.000 0.000 0.000 0.000 0.000 0.000 0.000 0.000 0.000 0.000 0.000 0.000 0.000 0.000 0.000 0.000 0.000 0.000 0.000 0.000 0.000 0.000 0.000 0.000 0.000 0.000 0.000 0.000 0.000 08/11/2055
0.000 0.000 0.000 0.000 0.000 0.000 0.000 0.000 0.000 0.000 0.000 0.000 0.000 0.000 0.000 0.000 0.000 0.000 0.000 0.000 0.000 0.000 0.000 0.000 0.000 0.000 0.000 0.000 0.000 0.000 09/11/2055
0.000 0.000 0.000 0.000 0.000 0.000 0.000 0.000 0.000 0.000 0.000 0.000 0.000 0.000 0.000 0.000 0.000 0.000 0.000 0.000 0.000 0.000 0.000 0.000 0.000 0.000 0.000 0.000 0.000 0.000 10/11/2055
0.000 0.000 0.000 0.000 0.000 0.000 0.000 0.000 0.000 0.000 0.000 0.000 0.000 0.000 0.000 0.000 0.000 0.000 0.000 0.000 0.000 0.000 0.000 0.000 0.000 0.000 0.000 0.000 0.000 0.000 11/11/2055
0.000 0.000 0.000 0.000 0.000 0.000 0.000 0.000 0.000 0.000 0.000 0.000 0.000 0.000 0.000 0.000 0.000 0.000 0.000 0.000 0.000 0.000 0.000 0.000 0.000 0.000 0.000 0.000 0.000 0.000 12/11/2055
0.805 0.708 0.655 0.818 0.624 0.716 0.722 0.660 0.435 0.552 0.922 0.834 0.489 0.494 0.547 0.893 0.280 0.258 0.260 0.219 0.689 0.281 0.315 0.257 0.149 0.360 0.176 0.187 0.150 0.153 13/11/2055
0.000 0.000 0.000 0.000 0.000 0.000 0.000 0.000 0.000 0.000 0.000 0.000 0.000 0.000 0.000 0.000 0.000 0.000 0.000 0.000 0.000 0.000 0.000 0.000 0.000 0.000 0.000 0.000 0.000 0.000 14/11/2055
0.000 0.000 0.000 0.000 0.000 0.000 0.000 0.000 0.000 0.000 0.000 0.000 0.000 0.000 0.000 0.000 0.000 0.000 0.000 0.000 0.000 0.000 0.000 0.000 0.000 0.000 0.000 0.000 0.000 0.000 15/11/2055
11.441 7.322 9.237 11.977 14.782 7.417 7.490 9.309 6.600 7.485 3.782 4.250 5.983 6.035 7.421 4.128 2.154 2.955 2.967 3.601 2.417 2.159 2.562 2.942 1.990 1.025 1.136 1.424 1.647 2.013 16/11/2055
0.000 0.000 0.000 0.000 0.000 0.000 0.000 0.000 0.000 0.000 0.000 0.000 0.000 0.000 0.000 0.000 0.000 0.000 0.000 0.000 0.000 0.000 0.000 0.000 0.000 0.000 0.000 0.000 0.000 0.000 17/11/2055
0.847 1.134 1.216 1.259 1.513 1.143 1.152 1.222 1.498 1.690 1.482 1.405 1.554 1.573 1.680 1.541 1.480 1.764 1.785 1.783 1.705 1.483 1.777 1.755 1.854 1.853 1.650 1.910 1.933 1.880 18/11/2055
0.310 0.450 0.373 0.606 0.601 0.456 0.460 0.376 0.531 0.756 0.649 0.580 0.512 0.515 0.753 0.817 0.663 0.635 0.640 0.603 0.841 0.664 0.688 0.633 0.608 0.742 0.572 0.601 0.558 0.614 19/11/2055
0.295 0.267 0.750 0.879 0.780 0.270 0.273 0.755 0.443 0.576 0.134 0.374 0.459 0.464 0.571 0.127 0.205 0.416 0.421 0.441 0.173 0.206 0.234 0.414 0.337 0.155 0.182 0.206 0.310 0.342 20/11/2055
0.456 0.918 1.052 1.473 1.459 0.929 0.938 1.058 1.548 1.873 0.883 0.932 1.386 1.398 1.859 0.869 0.602 1.779 1.795 1.906 0.921 0.603 0.846 1.772 1.929 0.901 0.685 0.922 1.482 1.950 21/11/2055
22.842 25.115 26.176 26.650 28.779 25.435 25.695 26.385 29.839 29.701 28.878 27.697 31.193 31.482 29.448 26.291 25.147 28.527 28.841 28.047 23.454 25.207 28.083 28.396 22.396 20.849 20.879 23.230 22.650 22.740 22/11/2055
1.626 3.058 2.872 2.450 2.894 3.098 3.130 2.894 3.977 5.082 5.664 4.725 4.046 4.084 5.040 5.756 8.038 6.802 6.885 6.571 8.739 8.057 9.260 6.771 10.086 11.383 10.214 11.804 10.829 10.234 23/11/2055
2.465 2.598 2.362 2.177 2.489 2.629 2.654 2.378 2.006 2.747 2.518 2.396 2.076 2.093 2.724 2.655 1.671 1.983 1.997 1.819 1.899 1.674 1.947 1.977 1.813 1.758 1.546 1.844 1.781 1.828 24/11/2055
22.676 23.001 25.021 21.918 24.519 23.293 23.531 25.220 29.281 29.282 7.463 19.742 30.671 30.956 29.033 7.508 10.297 24.942 25.212 31.214 5.104 10.321 12.036 24.830 23.081 5.077 6.519 7.225 15.553 23.435 25/11/2055
0.000 0.000 0.000 0.000 0.000 0.000 0.000 0.000 0.000 0.000 0.000 0.000 0.000 0.000 0.000 0.000 0.000 0.000 0.000 0.000 0.000 0.000 0.000 0.000 0.000 0.000 0.000 0.000 0.000 0.000 26/11/2055
0.000 0.000 0.000 0.000 0.000 0.000 0.000 0.000 0.000 0.000 0.000 0.000 0.000 0.000 0.000 0.000 0.000 0.000 0.000 0.000 0.000 0.000 0.000 0.000 0.000 0.000 0.000 0.000 0.000 0.000 27/11/2055
0.000 0.000 0.000 0.000 0.000 0.000 0.000 0.000 0.000 0.000 0.000 0.000 0.000 0.000 0.000 0.000 0.000 0.000 0.000 0.000 0.000 0.000 0.000 0.000 0.000 0.000 0.000 0.000 0.000 0.000 28/11/2055
4.438 4.650 5.504 6.895 7.584 4.709 4.757 5.548 5.410 6.520 3.969 4.039 4.422 4.457 6.468 4.236 4.140 5.247 5.305 5.544 4.707 4.149 4.740 5.223 5.297 4.881 4.347 4.932 5.012 5.411 29/11/2055
0.000 0.000 0.000 0.000 0.000 0.000 0.000 0.000 0.000 0.000 0.000 0.000 0.000 0.000 0.000 0.000 0.000 0.000 0.000 0.000 0.000 0.000 0.000 0.000 0.000 0.000 0.000 0.000 0.000 0.000 30/11/2055
4.447 4.989 4.792 5.648 6.763 4.998 5.055 4.878 9.081 9.200 5.584 5.856 6.660 6.685 9.127 5.975 7.712 9.445 9.550 11.541 7.610 7.729 8.964 9.400 11.735 12.041 13.645 14.867 13.805 11.913 01/12/2055
20.715 21.189 16.576 12.361 14.040 21.370 21.592 17.166 17.540 18.536 19.363 22.324 22.482 22.685 18.380 18.617 18.334 16.304 16.485 12.626 15.063 18.374 21.561 16.218 11.960 11.620 11.984 13.285 12.474 12.129 02/12/2055
4.572 4.176 4.048 4.947 6.160 4.227 4.286 4.093 4.511 5.047 4.473 3.237 3.861 3.897 5.058 4.344 2.831 4.217 4.374 5.856 4.221 2.827 3.666 4.207 5.823 4.496 4.688 5.057 6.154 5.887 03/12/2055
0.142 0.218 0.098 0.128 0.000 0.251 0.268 0.113 0.159 0.115 0.839 0.533 0.245 0.253 0.105 1.012 0.842 0.706 0.720 0.189 1.197 0.857 1.103 0.716 0.307 1.442 0.623 0.906 0.711 0.389 04/12/2055
32.543 32.839 31.752 25.860 31.922 33.236 33.558 32.005 30.620 34.428 38.573 40.396 33.059 33.329 34.149 35.912 37.433 36.538 36.852 36.304 40.117 37.501 38.014 36.408 37.928 39.245 37.200 37.447 37.229 38.391 05/12/2055
0.000 0.103 0.000 0.127 0.000 0.118 0.111 0.074 0.000 0.000 0.000 0.000 0.000 0.000 0.000 0.000 0.684 0.915 1.036 1.028 0.970 0.706 0.956 0.913 1.621 2.014 1.406 1.647 1.729 1.626 06/12/2055
0.000 0.000 0.000 0.000 0.000 0.000 0.000 0.000 0.000 0.000 0.000 0.000 0.080 0.000 0.000 0.000 0.000 0.000 0.000 0.000 0.000 0.000 0.000 0.000 0.000 0.000 0.000 0.000 0.000 0.000 07/12/2055
1.131 0.975 1.020 1.429 1.450 0.986 0.994 1.027 1.373 1.550 1.061 1.023 1.185 1.198 1.536 0.991 1.184 1.707 1.726 1.890 1.133 1.189 1.479 1.699 2.296 1.449 1.625 2.061 2.330 2.329 08/12/2055
2.680 4.947 4.792 6.247 7.178 5.009 5.056 4.828 6.811 8.022 4.531 5.867 6.691 6.747 7.944 4.945 5.761 6.780 6.839 7.339 5.995 5.791 6.768 6.754 11.433 8.667 7.614 9.676 9.770 11.608 09/12/2055
0.000 0.000 0.000 0.000 0.000 0.000 0.000 0.000 0.000 0.000 0.000 0.000 0.000 0.000 0.000 0.000 0.000 0.000 0.000 0.000 0.000 0.000 0.000 0.000 0.000 0.000 0.000 0.000 0.000 0.000 10/12/2055
4.088 7.047 6.801 7.297 8.380 7.014 7.068 6.731 8.493 10.538 11.622 10.277 9.442 9.508 10.446 10.601 3.133 3.944 3.947 3.371 4.575 3.149 3.951 3.926 1.741 1.130 1.294 1.668 1.567 1.769 11/12/2055
7.816 3.712 4.004 2.446 3.605 3.802 3.837 4.072 2.406 3.134 2.510 1.656 1.188 1.177 3.112 2.527 1.262 1.188 1.212 1.157 1.221 1.259 1.336 1.208 2.193 2.889 2.263 2.509 2.322 2.253 12/12/2055
0.000 0.000 0.000 0.000 0.000 0.000 0.000 0.000 0.000 0.000 0.000 0.000 0.000 0.000 0.000 0.000 0.000 0.000 0.000 0.000 0.000 0.000 0.000 0.000 0.000 0.000 0.000 0.000 0.000 0.000 13/12/2055
24.422 25.753 23.257 18.958 23.422 26.080 26.346 23.439 23.184 26.720 29.157 28.761 24.946 25.178 26.492 26.569 24.393 26.945 27.244 26.706 24.466 24.450 27.445 26.821 27.763 23.933 24.538 27.143 27.479 28.201 14/12/2055
25.247 28.516 23.498 19.663 24.793 28.873 29.164 23.682 22.609 25.940 34.389 29.574 23.983 24.206 25.719 31.436 25.228 25.071 25.350 22.785 28.708 25.286 27.948 24.955 22.678 27.689 26.622 28.456 24.503 23.036 15/12/2055
13.490 18.040 18.668 19.186 23.717 18.265 18.448 18.812 22.801 26.188 23.474 23.849 23.322 23.538 25.965 21.390 21.396 26.192 26.483 26.838 21.946 21.447 25.637 26.071 31.076 23.648 25.663 27.814 30.144 31.527 16/12/2055
3.861 4.477 4.345 5.332 6.411 4.532 4.554 4.380 5.808 7.085 5.533 4.739 5.261 5.305 7.028 5.788 4.110 5.158 5.203 5.413 5.505 4.130 4.971 5.142 4.569 4.696 3.523 4.398 4.479 4.633 17/12/2055
0.983 0.515 1.290 2.279 2.215 0.510 0.514 1.296 1.645 1.805 0.220 0.448 0.953 0.960 1.793 0.219 0.164 0.541 0.553 0.818 0.212 0.164 0.371 0.507 0.217 0.206 0.150 0.322 0.334 0.219 18/12/2055
0.334 0.570 1.111 2.158 2.077 0.572 0.577 1.118 0.833 0.902 0.194 0.316 0.500 0.511 0.889 0.202 0.158 0.397 0.401 0.514 0.172 0.158 0.348 0.403 0.430 0.120 0.110 0.201 0.348 0.435 19/12/2055
0.000 0.000 0.000 0.000 0.000 0.100 0.000 0.000 0.000 0.000 0.000 0.000 0.000 0.000 0.000 0.000 0.000 0.000 0.000 0.000 0.000 0.000 0.000 0.000 0.000 0.000 0.000 0.000 0.000 0.000 20/12/2055
1.421 1.487 1.126 1.449 1.466 1.501 1.532 1.134 1.108 1.288 1.293 1.050 1.042 1.052 1.279 1.084 0.745 1.005 1.012 0.997 1.035 0.747 1.035 1.000 1.001 1.082 0.873 1.100 1.045 1.004 21/12/2055
6.138 5.188 5.343 5.833 6.877 5.252 5.300 5.384 3.646 4.488 3.870 3.744 3.973 4.038 4.460 3.936 2.384 2.484 2.512 2.344 2.976 2.379 2.935 2.472 1.749 1.788 1.593 2.019 1.923 1.777 22/12/2055
0.556 0.417 0.689 1.255 1.268 0.413 0.416 0.702 0.845 0.922 0.525 0.474 0.814 0.817 0.906 0.606 0.675 0.759 0.760 0.786 0.617 0.677 0.944 0.727 0.479 0.837 0.666 0.904 0.663 0.488 23/12/2055
0.000 0.000 0.110 0.000 0.000 0.000 0.000 0.111 0.162 0.000 0.000 0.000 0.135 0.143 0.000 0.000 0.000 0.132 0.141 0.144 0.000 0.000 0.116 0.134 0.156 0.000 0.000 0.121 0.127 0.147 24/12/2055
4.376 4.311 3.585 3.296 3.471 4.366 4.403 3.613 2.187 2.466 3.937 2.980 2.624 2.646 2.445 4.118 2.505 2.375 2.405 2.209 3.467 2.510 3.172 2.363 2.708 3.775 2.823 3.479 3.130 2.745 25/12/2055
1.558 1.925 1.629 2.070 2.007 1.944 1.959 1.647 2.160 2.445 3.060 2.358 2.149 2.165 2.423 3.052 2.534 2.348 2.374 2.343 3.450 2.539 3.222 2.336 2.942 3.937 2.947 3.677 3.329 2.962 26/12/2055
4.885 6.404 8.345 12.015 13.936 6.407 6.469 8.411 12.412 15.067 5.166 7.145 8.515 8.298 14.943 5.609 6.212 9.407 9.512 12.369 5.671 6.229 7.387 9.388 11.611 5.781 7.040 7.863 9.726 11.792 27/12/2055
1.833 1.829 1.895 3.529 3.950 1.847 1.862 1.906 2.921 3.327 1.892 1.729 2.059 2.077 3.299 1.722 1.558 2.183 2.202 2.947 1.608 1.560 2.017 2.176 3.342 1.389 1.583 2.005 2.527 3.391 28/12/2055
2.119 2.548 1.632 1.171 1.237 2.568 2.594 1.649 1.351 1.536 3.430 2.877 2.238 2.252 1.523 3.365 3.121 2.720 2.747 1.863 3.623 3.138 3.934 2.747 2.282 4.014 3.246 4.059 3.346 2.312 29/12/2055
0.000 0.000 0.000 0.000 0.000 0.000 0.000 0.000 0.000 0.000 0.000 0.000 0.000 0.000 0.000 0.000 0.000 0.000 0.000 0.000 0.000 0.000 0.000 0.000 0.000 0.000 0.000 0.109 0.075 0.000 30/12/2055
7.630 7.669 8.805 10.441 13.641 7.767 7.846 8.867 10.749 13.174 7.106 7.690 10.699 10.794 13.025 6.727 7.048 9.453 9.531 10.108 6.355 7.065 8.854 9.421 9.729 6.409 7.112 9.207 9.609 9.824 31/12/2055
9.354 10.774 4.895 4.150 5.480 10.908 11.127 4.953 4.563 5.454 10.853 10.024 6.407 6.454 5.404 10.062 9.641 7.167 7.256 4.770 8.974 9.662 11.270 7.142 5.842 7.859 10.159 11.965 7.110 5.916 01/01/2056
2.223 1.819 3.032 3.016 4.255 1.855 1.890 3.082 3.070 3.957 1.311 1.701 2.916 2.933 3.921 1.188 1.633 2.390 2.400 2.975 1.013 1.670 1.866 2.378 2.669 0.920 1.389 1.504 2.168 2.724 02/01/2056
0.000 0.000 0.000 0.000 0.000 0.000 0.000 0.000 0.000 0.000 0.000 0.000 0.000 0.000 0.000 0.000 0.000 0.000 0.000 0.000 0.000 0.000 0.000 0.000 0.000 0.000 0.000 0.000 0.000 0.000 03/01/2056
0.000 0.000 0.000 0.206 0.221 0.000 0.000 0.000 0.200 0.331 0.000 0.000 0.168 0.174 0.330 0.000 0.000 0.166 0.177 0.195 0.000 0.000 0.115 0.165 0.199 0.000 0.000 0.111 0.115 0.216 04/01/2056
4.057 5.172 5.308 5.157 7.262 5.196 5.224 5.329 6.725 8.458 5.231 5.667 6.470 6.524 8.390 5.164 5.841 7.674 7.903 8.270 5.275 5.855 6.496 7.624 7.690 5.215 5.228 6.131 6.951 7.941 05/01/2056
0.000 0.000 0.000 0.000 0.000 0.000 0.000 0.000 0.000 0.000 0.000 0.000 0.000 0.000 0.000 0.000 0.000 0.000 0.000 0.000 0.000 0.000 0.000 0.000 0.000 0.000 0.000 0.000 0.000 0.000 06/01/2056
0.207 0.174 0.000 0.000 0.000 0.178 0.180 0.000 0.000 0.000 0.000 0.104 0.000 0.000 0.000 0.000 0.000 0.000 0.000 0.000 0.000 0.000 0.139 0.000 0.000 0.000 0.000 0.139 0.000 0.000 07/01/2056
3.732 3.538 3.561 4.015 5.948 3.668 3.705 3.636 5.090 5.910 3.547 3.539 4.410 4.356 5.855 3.672 3.542 4.191 4.195 4.580 3.715 3.550 4.194 4.177 3.852 3.490 3.443 3.837 3.655 3.913 08/01/2056
1.262 1.162 1.384 2.202 3.371 1.112 1.122 1.400 2.291 2.938 0.740 0.979 1.533 1.534 2.917 0.654 0.954 1.464 1.468 2.251 0.697 0.953 1.146 1.485 1.958 0.908 0.987 1.145 1.418 1.961 09/01/2056
9.902 8.397 9.854 11.680 14.744 8.497 8.615 9.932 11.639 13.685 7.693 8.286 11.200 11.305 13.568 7.500 6.677 8.824 8.920 9.688 6.208 6.692 8.523 8.779 8.493 5.528 5.836 6.491 7.879 8.803 10/01/2056
0.387 0.862 0.732 1.097 1.119 0.931 0.929 0.734 1.458 1.736 2.278 1.630 1.254 1.392 1.648 2.506 2.568 2.292 2.368 2.441 4.149 2.574 3.170 2.283 4.434 5.757 4.859 5.222 4.551 4.572 11/01/2056
13.362 15.890 14.453 12.754 14.356 16.140 16.934 14.566 15.307 15.784 18.794 18.559 17.356 17.384 15.650 17.884 18.650 19.242 19.488 17.286 18.035 18.691 21.866 19.152 19.361 17.290 19.660 22.284 22.271 19.723 12/01/2056
19.147 18.299 19.923 21.780 26.201 18.579 18.767 19.946 23.880 24.137 16.133 17.912 22.106 22.307 23.932 15.341 16.049 19.713 19.983 23.946 14.725 16.085 17.906 19.621 21.199 14.092 14.532 16.190 18.006 21.583 13/01/2056
43.355 41.594 42.553 36.274 42.206 41.990 42.313 42.814 40.179 43.987 39.875 46.433 41.910 42.181 43.709 37.213 36.666 40.178 40.491 41.724 33.731 36.734 37.246 40.047 39.784 27.278 30.434 30.681 35.376 40.247 14/01/2056
1.148 2.062 1.639 1.704 2.161 2.134 2.126 1.620 2.608 3.486 5.034 3.702 3.542 3.576 3.456 4.910 4.905 5.334 5.421 4.654 6.069 4.915 5.874 5.314 5.516 7.575 6.795 8.488 6.135 5.597 15/01/2056
4.752 4.833 3.634 5.571 4.863 5.226 4.336 3.887 4.519 4.512 3.631 4.860 4.662 4.726 4.149 5.388 5.901 3.940 3.526 4.305 5.102 5.154 4.192 5.033 2.985 5.535 4.697 3.653 4.077 3.236 16/01/2056
41.973 36.985 45.007 42.202 48.133 37.381 37.704 45.268 46.457 50.266 39.135 40.274 37.129 37.399 49.987 36.474 40.560 40.262 40.575 39.225 40.314 40.628 41.140 40.131 41.021 41.920 42.983 43.231 42.250 41.484 17/01/2056
20.425 18.178 15.456 16.715 18.825 18.462 18.648 15.717 10.801 12.266 20.999 18.846 11.669 11.775 12.162 20.526 17.173 17.286 17.308 9.760 14.699 17.207 20.014 17.276 17.021 14.344 14.887 16.563 28.998 17.073 18/01/2056
0.000 0.000 0.086 0.000 0.000 0.000 0.000 0.087 0.000 0.000 0.000 0.000 0.034 0.035 0.000 0.107 0.000 0.116 0.119 0.097 0.170 0.000 0.000 0.116 0.159 0.175 0.000 0.110 0.186 0.178 19/01/2056
2.907 4.324 4.347 4.609 5.407 4.372 4.408 4.384 4.633 5.253 5.003 4.608 4.492 4.568 5.209 5.116 4.712 4.505 4.668 4.659 5.645 4.723 5.095 4.466 6.008 5.838 5.259 5.915 5.667 6.007 20/01/2056
4.984 2.670 3.631 4.645 5.503 2.744 2.770 3.661 4.660 5.275 1.819 1.817 2.656 2.760 5.231 2.122 4.999 6.424 6.535 8.009 4.884 5.010 5.300 6.406 12.338 10.780 8.835 10.466 10.746 12.528 21/01/2056
0.434 1.009 1.541 2.410 3.050 1.031 1.046 1.681 4.232 4.747 2.393 3.849 4.637 4.703 4.760 2.578 1.527 2.378 2.399 2.442 2.044 1.530 1.758 2.370 1.203 1.346 0.865 1.094 0.883 1.248 22/01/2056
2.732 6.331 5.518 5.161 6.280 6.411 6.477 5.553 5.995 6.519 7.993 7.346 6.232 6.155 6.497 7.628 5.308 5.502 5.557 5.588 5.676 5.321 5.894 5.480 4.162 3.618 3.741 4.216 4.311 4.311 23/01/2056
0.000 0.384 0.000 0.000 0.000 0.409 0.413 0.000 0.000 0.000 0.977 1.037 0.593 0.571 0.000 1.154 1.543 1.819 1.820 0.324 2.184 1.547 1.796 1.773 2.396 1.226 1.465 1.695 2.743 2.405 24/01/2056
14.324 13.962 14.155 14.293 16.050 14.139 14.752 14.265 15.781 15.979 16.367 16.866 16.807 16.874 15.855 15.432 16.653 17.813 17.904 16.975 15.970 16.688 19.016 17.769 16.938 16.246 16.542 18.181 17.493 17.014 25/01/2056
17.331 17.981 18.614 19.807 23.962 18.274 18.456 18.762 24.826 24.937 18.451 19.371 23.915 24.132 24.726 17.339 23.126 25.147 25.426 25.740 19.157 23.180 24.909 25.019 25.029 23.940 26.421 25.327 25.035 25.425 26/01/2056
1.791 1.251 2.482 1.498 1.690 1.290 1.373 2.499 0.368 0.252 3.640 3.851 1.303 1.436 0.258 3.827 4.360 0.917 1.040 0.411 5.046 4.371 4.843 0.914 1.138 9.641 7.837 9.091 2.613 1.162 27/01/2056
1.319 3.165 2.212 1.996 2.316 3.206 3.249 2.119 1.936 2.405 4.789 3.660 2.580 2.627 2.341 4.742 3.437 3.107 3.176 2.591 4.926 3.445 4.149 3.095 3.645 5.729 4.682 5.031 4.235 3.689 28/01/2056
6.840 6.374 6.542 7.245 8.452 6.455 6.521 6.594 8.098 8.682 8.816 8.240 7.575 7.692 8.611 8.353 9.713 10.436 10.640 9.880 11.337 9.734 11.426 10.388 11.416 11.551 11.029 12.377 11.804 11.596 29/01/2056
0.000 0.000 0.000 0.000 0.000 0.000 0.000 0.000 0.000 0.000 0.000 0.000 0.000 0.000 0.000 0.000 0.000 0.000 0.000 0.000 0.000 0.000 0.000 0.000 0.000 0.000 0.000 0.000 0.000 0.000 30/01/2056
9.856 11.086 9.599 7.875 9.089 11.676 11.910 9.670 9.929 11.219 15.112 13.556 12.141 12.241 11.123 14.538 13.549 12.881 13.025 11.864 14.892 13.581 15.214 12.822 12.623 14.722 14.532 16.190 15.068 12.834 31/01/2056
0.000 0.000 0.000 0.000 0.000 0.000 0.000 0.000 0.000 0.000 0.000 0.000 0.000 0.000 0.000 0.000 0.000 0.000 0.000 0.000 0.000 0.000 0.000 0.000 0.000 0.000 0.000 0.000 0.000 0.000 01/02/2056
0.000 0.000 0.000 0.000 0.000 0.000 0.000 0.000 0.000 0.000 0.000 0.000 0.000 0.000 0.000 0.000 0.000 0.000 0.000 0.000 0.000 0.000 0.000 0.000 0.000 0.000 0.000 0.000 0.000 0.000 02/02/2056
0.000 0.000 0.000 0.000 0.000 0.000 0.000 0.000 0.000 0.000 0.000 0.000 0.000 0.000 0.000 0.000 0.000 0.000 0.000 0.000 0.000 0.000 0.000 0.000 0.000 0.000 0.000 0.000 0.000 0.000 03/02/2056
0.000 0.000 0.000 0.000 0.000 0.000 0.000 0.000 0.000 0.000 0.000 0.000 0.000 0.000 0.000 0.000 0.000 0.000 0.000 0.000 0.000 0.000 0.000 0.000 0.000 0.000 0.000 0.000 0.000 0.000 04/02/2056
1.035 0.925 1.104 2.067 2.449 0.966 0.966 1.122 1.311 1.828 0.897 0.866 0.853 0.922 1.738 1.080 0.489 0.901 0.926 1.112 0.920 0.510 0.752 0.905 0.920 0.852 0.378 0.715 0.860 0.948 05/02/2056
0.000 0.000 0.000 0.000 0.000 0.000 0.000 0.000 0.000 0.000 0.000 0.000 0.000 0.000 0.000 0.000 0.000 0.000 0.000 0.000 0.000 0.000 0.000 0.000 0.000 0.000 0.000 0.000 0.000 0.000 06/02/2056
0.000 0.000 0.152 0.961 0.946 0.000 0.000 0.141 0.932 0.948 0.000 0.101 0.453 0.485 1.012 0.000 0.104 0.417 0.411 0.952 0.069 0.105 0.177 0.419 0.556 0.000 0.000 0.209 0.255 0.533 07/02/2056
0.000 0.000 0.000 0.000 0.000 0.000 0.000 0.000 0.000 0.000 0.000 0.000 0.079 0.070 0.000 0.000 0.000 0.000 0.000 0.000 0.000 0.000 0.138 0.000 0.000 0.000 0.000 0.125 0.000 0.000 08/02/2056
0.000 0.000 0.000 0.000 0.000 0.000 0.000 0.000 0.000 0.000 0.000 0.000 0.000 0.000 0.000 0.000 0.000 0.000 0.000 0.000 0.000 0.000 0.000 0.000 0.000 0.000 0.000 0.000 0.000 0.000 09/02/2056
0.102 0.000 0.000 0.000 0.000 0.000 0.000 0.000 0.000 0.000 0.126 0.000 0.000 0.000 0.000 0.143 0.000 0.000 0.000 0.000 0.089 0.000 0.000 0.000 0.000 0.060 0.000 0.110 0.020 0.000 10/02/2056
0.000 0.000 0.000 0.000 0.000 0.000 0.000 0.000 0.000 0.000 0.000 0.000 0.000 0.000 0.000 0.000 0.000 0.000 0.000 0.000 0.000 0.000 0.000 0.000 0.000 0.000 0.000 0.000 0.000 0.000 11/02/2056
9.705 10.999 12.540 12.881 14.562 11.419 11.661 12.760 17.158 18.044 16.012 16.802 17.121 17.133 17.890 15.295 14.583 14.481 14.642 14.411 15.544 14.614 16.498 14.388 15.486 14.200 13.874 15.105 15.595 15.741 12/02/2056
20.314 22.029 21.096 21.341 25.452 22.248 22.479 21.167 25.232 26.297 23.374 23.116 25.761 26.000 26.073 23.352 29.948 29.016 29.329 27.337 31.426 30.016 30.529 28.885 25.822 23.025 26.467 25.351 25.848 26.230 13/02/2056
12.405 9.267 12.189 11.730 13.509 9.380 9.532 12.312 17.107 17.980 8.787 9.893 14.461 14.594 17.827 8.317 11.038 15.147 15.311 13.975 11.723 11.064 12.447 14.953 9.991 12.070 12.084 13.365 10.050 10.119 14/02/2056
12.942 13.333 13.618 14.872 16.725 13.510 13.715 13.724 14.961 15.697 15.266 15.480 14.696 14.829 15.545 14.970 14.529 16.650 16.770 15.016 14.795 14.560 16.456 16.600 16.593 14.470 14.640 16.304 16.163 16.771 15/02/2056
17.611 13.368 7.715 4.887 6.080 13.542 13.750 7.775 4.541 5.128 4.582 3.268 4.763 4.824 5.110 4.557 1.521 2.315 2.390 4.476 2.806 1.524 1.746 2.306 3.653 3.009 2.219 2.690 2.567 3.696 16/02/2056
5.010 3.484 3.785 7.097 8.210 3.536 3.578 3.808 10.045 11.320 2.395 1.850 5.164 5.210 11.223 2.580 7.792 9.795 9.901 10.094 6.725 7.811 9.137 9.788 9.781 7.354 7.079 7.638 10.833 9.882 17/02/2056
0.384 0.239 0.097 0.550 0.354 0.278 0.299 0.109 0.157 0.115 0.000 0.000 0.005 0.018 0.104 0.000 0.000 0.000 0.000 0.000 0.000 0.000 0.000 0.000 0.000 0.000 0.000 0.000 0.000 0.000 18/02/2056
8.554 8.050 6.498 4.756 5.799 8.224 8.353 6.549 7.842 8.478 10.630 8.363 8.831 8.911 8.406 10.026 8.632 9.987 10.153 9.835 10.935 8.651 9.875 9.966 9.239 10.644 5.067 5.328 7.787 9.395 19/02/2056
16.963 14.595 14.324 12.002 13.764 14.780 15.250 14.436 13.129 14.038 9.893 13.984 15.216 15.351 13.917 9.583 12.293 13.881 14.031 12.353 8.889 12.322 13.809 13.818 12.600 7.137 10.700 12.111 13.521 12.810 20/02/2056
1.827 2.311 2.610 3.889 4.468 2.262 2.261 2.631 3.964 4.433 2.363 2.586 2.760 2.963 4.392 2.559 3.022 3.666 3.678 4.341 4.042 3.024 3.756 3.652 8.034 4.892 4.688 5.056 6.205 8.159 21/02/2056
3.448 6.432 7.467 4.816 5.947 6.514 6.580 7.525 5.291 5.839 10.098 9.480 6.339 6.289 5.791 9.741 8.578 7.848 7.924 7.441 11.396 8.597 9.852 7.815 6.075 11.508 8.614 9.988 8.999 6.050 22/02/2056
0.000 0.000 0.000 0.000 0.000 0.000 0.000 0.000 0.000 0.000 0.000 0.000 0.000 0.000 0.000 0.000 0.000 0.000 0.000 0.000 0.202 0.000 0.000 0.000 0.000 0.233 0.000 0.115 0.000 0.000 23/02/2056
0.232 0.169 0.142 0.122 0.000 0.190 0.190 0.156 0.111 0.000 0.205 0.135 0.109 0.124 0.000 0.420 0.000 0.093 0.086 0.019 0.168 0.000 0.078 0.095 0.000 0.000 0.000 0.000 0.000 0.000 24/02/2056
0.000 0.000 0.000 0.000 0.000 0.000 0.000 0.000 0.000 0.100 0.000 0.000 0.000 0.000 0.000 0.000 0.000 0.000 0.000 0.000 0.000 0.000 0.000 0.000 0.000 0.000 0.000 0.000 0.000 0.000 25/02/2056
0.000 0.000 0.000 0.000 0.000 0.000 0.000 0.000 0.000 0.000 0.000 0.000 0.000 0.000 0.088 0.000 0.000 0.000 0.000 0.000 0.000 0.000 0.000 0.000 0.000 0.000 0.000 0.000 0.000 0.000 26/02/2056
0.000 0.000 0.000 0.000 0.000 0.000 0.000 0.000 0.000 0.000 0.000 0.000 0.000 0.000 0.000 0.000 0.000 0.000 0.000 0.000 0.000 0.000 0.000 0.000 0.000 0.000 0.000 0.000 0.000 0.000 27/02/2056
0.000 0.000 0.000 0.000 0.000 0.000 0.000 0.000 0.000 0.000 0.000 0.000 0.000 0.000 0.000 0.000 0.000 0.000 0.000 0.000 0.000 0.000 0.000 0.000 0.000 0.000 0.000 0.000 0.000 0.000 28/02/2056
0.000 0.000 0.000 0.000 0.000 0.000 0.000 0.000 0.000 0.000 0.000 0.000 0.000 0.000 0.000 0.000 0.000 0.000 0.000 0.000 0.000 0.000 0.000 0.000 0.000 0.000 0.000 0.000 0.000 0.000 29/02/2056
4.308 3.608 3.619 3.644 4.777 3.653 3.677 3.647 3.480 3.702 3.164 2.770 3.150 3.179 3.670 3.160 2.362 2.549 2.557 3.064 2.482 2.367 2.621 2.554 2.816 2.080 1.965 2.248 2.269 2.860 01/03/2056
0.000 0.000 0.000 0.000 0.000 0.000 0.000 0.000 0.000 0.000 0.118 0.000 0.000 0.000 0.000 0.145 0.000 0.099 0.102 0.000 0.182 0.000 0.007 0.099 0.137 0.411 0.143 0.221 0.137 0.153 02/03/2056
4.140 3.754 2.600 2.428 2.514 3.798 3.823 2.607 1.990 2.102 4.285 3.605 2.711 2.736 2.084 4.320 3.361 2.578 2.593 2.087 4.749 3.331 3.730 2.580 2.597 4.462 3.130 3.568 2.754 2.615 03/03/2056
0.000 0.000 0.000 0.000 0.000 0.000 0.000 0.000 0.000 0.000 0.000 0.000 0.000 0.000 0.000 0.000 0.000 0.000 0.000 0.000 0.000 0.000 0.000 0.000 0.000 0.000 0.000 0.000 0.000 0.000 04/03/2056
0.972 0.000 1.521 2.128 2.232 0.000 0.000 1.529 2.421 2.693 0.412 0.756 1.299 1.290 2.684 0.493 0.640 0.952 0.946 1.821 0.744 0.622 0.751 0.955 1.082 0.391 0.866 0.996 0.992 1.057 05/03/2056
12.137 12.001 10.187 8.070 10.363 12.154 12.278 10.268 7.640 7.847 11.045 8.681 7.641 7.712 7.782 9.781 5.871 5.382 5.432 4.353 6.778 5.886 6.239 5.361 3.783 3.981 3.099 3.552 3.844 3.848 06/03/2056
4.965 4.633 4.892 4.839 5.927 4.690 4.739 4.930 4.114 4.901 4.632 4.584 4.535 4.567 4.860 5.005 4.064 3.805 3.842 2.613 3.895 4.074 4.286 3.787 2.416 3.879 2.843 3.380 2.486 2.410 07/03/2056
1.797 0.134 0.000 0.512 0.523 0.135 0.137 0.000 0.884 1.041 0.185 0.000 0.043 0.045 1.041 0.263 0.000 0.146 0.157 0.545 0.000 0.000 0.000 0.145 0.721 0.000 0.000 0.018 0.029 0.728 08/03/2056
0.130 0.101 0.134 0.000 0.000 0.096 0.089 0.134 0.135 0.103 0.138 0.128 0.429 0.414 0.104 0.187 0.350 0.246 0.246 1.261 0.124 0.368 0.485 0.233 1.080 0.000 0.000 0.110 0.700 1.055 09/03/2056
4.209 7.265 11.589 12.198 15.171 7.358 7.433 11.681 16.667 17.194 3.542 11.006 16.618 16.761 17.048 3.368 12.645 17.303 17.482 18.050 5.760 12.675 13.293 17.229 20.502 8.290 15.081 15.033 20.924 20.817 10/03/2056
4.287 3.284 4.004 3.667 4.682 3.328 3.364 4.023 4.186 4.947 3.212 3.442 2.736 2.761 4.904 3.187 4.156 5.416 5.469 6.463 3.884 4.166 4.428 5.394 3.955 6.838 5.046 5.386 4.439 3.928 11/03/2056
0.685 0.556 0.962 0.256 0.193 0.563 0.572 0.956 0.091 0.100 0.925 0.742 1.297 1.288 0.100 1.011 1.649 1.043 1.026 0.508 1.184 1.649 1.850 1.057 0.221 1.006 0.869 1.000 0.732 0.230 12/03/2056
0.000 0.000 0.000 0.000 0.000 0.000 0.000 0.000 0.000 0.000 0.000 0.000 0.000 0.000 0.000 0.000 0.000 0.000 0.000 0.000 0.000 0.000 0.000 0.000 0.000 0.000 0.000 0.000 0.000 0.000 13/03/2056
0.000 0.000 0.000 0.000 0.000 0.000 0.000 0.000 0.000 0.000 0.000 0.000 0.000 0.000 0.000 0.000 0.000 0.000 0.000 0.000 0.000 0.000 0.000 0.000 0.000 0.000 0.000 0.000 0.000 0.000 14/03/2056
0.000 0.000 0.000 0.000 0.000 0.000 0.000 0.000 0.000 0.000 0.000 0.000 0.000 0.000 0.000 0.000 0.000 0.000 0.000 0.000 0.000 0.000 0.000 0.000 0.000 0.000 0.000 0.000 0.000 0.000 15/03/2056
0.000 0.000 0.000 0.000 0.000 0.000 0.000 0.000 0.000 0.000 0.000 0.000 0.000 0.000 0.000 0.000 0.000 0.000 0.000 0.000 0.000 0.000 0.000 0.000 0.000 0.000 0.000 0.000 0.000 0.000 16/03/2056
0.550 0.633 0.421 1.013 1.032 0.664 0.671 0.431 0.725 0.806 0.158 0.718 0.642 0.623 0.808 0.222 0.850 0.707 0.709 0.522 0.182 0.854 0.993 0.709 0.586 0.825 0.614 0.738 0.141 0.549 17/03/2056
18.911 17.203 17.837 21.348 22.673 17.416 17.590 17.975 19.186 20.810 12.745 13.839 17.661 17.814 20.637 11.614 14.268 14.390 14.542 17.500 9.711 14.300 14.301 14.326 12.396 9.591 10.199 10.545 10.412 12.591 18/03/2056
2.030 1.410 1.139 1.523 1.490 1.411 1.414 1.087 0.505 0.614 0.971 1.037 0.671 0.663 0.616 1.058 0.679 0.595 0.589 0.449 0.946 0.679 0.810 0.627 0.850 0.996 0.434 0.536 0.626 0.850 19/03/2056
0.000 0.000 0.000 0.000 0.000 0.000 0.000 0.000 0.000 0.000 0.000 0.000 0.000 0.000 0.000 0.000 0.000 0.000 0.000 0.000 0.000 0.000 0.000 0.000 0.000 0.000 0.000 0.000 0.000 0.000 20/03/2056
0.000 0.000 0.000 0.000 0.000 0.000 0.000 0.000 0.000 0.000 0.000 0.000 0.000 0.000 0.000 0.000 0.000 0.000 0.000 0.000 0.000 0.000 0.000 0.000 0.000 0.000 0.000 0.000 0.000 0.000 21/03/2056
3.133 4.844 3.958 3.077 3.286 4.906 4.955 3.978 7.533 7.728 11.040 8.926 8.237 8.313 7.667 9.780 10.260 9.653 9.760 9.255 10.009 10.283 10.723 9.609 9.943 9.948 10.162 10.519 10.277 10.099 22/03/2056
7.343 7.229 5.405 3.325 3.779 7.321 7.396 5.443 3.365 3.431 7.006 6.181 5.396 5.437 3.408 7.238 1.713 2.128 2.101 1.772 2.239 1.711 1.982 2.119 0.876 1.297 0.458 0.567 1.617 0.881 23/03/2056
4.416 4.356 2.849 2.764 2.923 4.410 4.395 2.871 3.470 3.686 4.532 4.563 4.063 4.097 3.654 4.807 3.296 3.824 3.860 4.535 2.937 3.277 3.686 3.907 6.943 2.600 3.222 3.607 4.348 7.052 24/03/2056
0.100 0.100 0.108 0.635 0.636 0.100 0.100 0.109 0.000 0.000 0.000 0.000 0.000 0.000 0.000 0.000 0.000 0.000 0.000 0.000 0.000 0.000 0.000 0.000 0.000 0.000 0.000 0.000 0.000 0.000 25/03/2056
0.782 0.229 0.712 1.217 1.347 0.235 0.233 0.718 0.856 1.232 0.253 0.233 0.381 0.384 1.214 0.298 0.116 0.285 0.286 0.249 0.426 0.116 0.178 0.284 0.262 0.897 0.663 0.725 0.629 0.262 26/03/2056
17.236 13.879 13.492 14.437 18.048 14.055 14.198 13.599 12.976 15.925 12.768 11.783 12.806 12.924 15.792 13.122 8.049 8.507 8.600 10.739 7.531 8.068 7.857 8.467 6.855 4.685 4.946 5.782 6.266 6.962 27/03/2056
3.919 3.790 3.751 4.933 5.338 3.837 3.874 3.780 3.987 4.083 4.074 4.439 3.636 3.669 4.049 3.583 3.634 4.427 4.476 4.048 3.610 3.638 4.506 4.407 3.851 3.662 3.603 4.442 4.400 3.912 28/03/2056
0.973 0.904 1.047 3.743 3.836 0.911 0.916 1.055 1.285 1.556 0.202 0.264 0.455 0.456 1.543 0.204 0.282 0.501 0.486 0.494 0.227 0.283 0.405 0.499 0.385 0.396 0.451 0.565 0.372 0.391 29/03/2056
2.735 1.387 3.249 6.509 7.103 1.406 1.419 3.275 4.683 4.916 0.622 1.284 2.357 2.377 4.875 0.724 0.823 2.180 2.199 3.363 0.210 0.816 0.853 2.172 2.791 0.215 0.939 1.041 2.008 2.831 30/03/2056
0.602 0.712 0.428 0.802 0.910 0.722 0.729 0.429 0.345 0.530 0.253 0.717 1.609 1.631 0.527 0.298 0.963 0.956 0.965 0.542 0.845 0.963 1.073 0.951 0.214 0.681 0.839 0.873 0.585 0.219 31/03/2056
6.637 5.566 4.948 4.040 5.235 5.630 5.685 4.983 3.512 4.387 5.149 4.118 3.840 3.875 4.350 4.836 2.597 2.659 2.680 2.133 3.234 2.604 3.038 2.650 1.461 1.834 1.639 1.872 1.520 1.475 01/04/2056
0.000 0.000 0.000 0.000 0.000 0.000 0.000 0.000 0.000 0.000 0.122 0.000 0.000 0.000 0.000 0.074 0.000 0.000 0.000 0.000 0.000 0.000 0.000 0.000 0.000 0.000 0.000 0.000 0.000 0.000 02/04/2056
2.713 2.399 2.676 3.967 5.197 2.429 2.454 2.697 3.669 4.577 2.417 2.016 2.866 2.886 4.539 2.095 2.278 3.314 3.350 3.420 2.215 2.284 2.852 3.298 3.190 2.686 3.032 3.339 3.477 3.240 03/04/2056
9.079 8.444 10.550 12.876 15.422 8.550 8.636 10.634 13.279 14.516 8.280 9.251 11.845 11.943 14.392 7.584 8.141 11.599 11.724 12.226 6.747 8.160 8.715 11.546 9.512 5.279 6.324 6.385 7.448 9.662 04/04/2056
0.000 0.000 0.000 0.000 0.000 0.000 0.000 0.000 0.000 0.000 0.000 0.000 0.000 0.000 0.000 0.000 0.000 0.000 0.000 0.000 0.000 0.000 0.000 0.000 0.000 0.000 0.000 0.000 0.000 0.000 05/04/2056
0.000 0.000 0.000 0.000 0.000 0.000 0.000 0.000 0.000 0.000 0.000 0.000 0.000 0.000 0.000 0.000 0.000 0.000 0.000 0.000 0.000 0.000 0.000 0.000 0.000 0.000 0.000 0.000 0.000 0.000 06/04/2056
0.000 0.000 0.000 0.000 0.000 0.000 0.000 0.000 0.000 0.000 0.000 0.000 0.000 0.000 0.000 0.000 0.000 0.000 0.000 0.000 0.000 0.000 0.000 0.000 0.000 0.000 0.000 0.000 0.000 0.000 07/04/2056
0.000 0.100 0.210 0.704 0.731 0.100 0.100 0.212 1.974 2.367 0.283 0.632 0.960 0.967 2.348 0.339 1.501 2.196 2.217 2.508 1.658 1.505 1.973 2.188 2.951 2.114 2.001 2.380 2.852 2.995 08/04/2056
3.431 3.933 2.927 2.532 2.818 3.979 4.016 2.950 4.758 5.036 5.436 5.045 5.085 5.128 4.995 5.467 5.134 6.453 6.525 7.181 6.946 5.145 5.970 6.423 9.734 7.786 6.679 6.741 7.597 9.886 09/04/2056
5.029 4.979 4.593 5.420 5.935 5.042 5.060 4.629 6.118 6.859 5.202 5.021 5.798 5.851 6.802 4.978 4.451 5.870 5.936 6.054 5.181 4.462 5.280 5.843 6.088 5.902 4.603 5.378 5.367 6.184 10/04/2056
10.055 13.320 11.972 12.466 15.385 13.481 13.612 12.067 17.488 18.007 13.820 13.925 16.229 16.370 17.856 13.296 13.716 16.720 16.893 17.776 9.781 13.747 13.980 16.648 17.367 9.617 10.288 10.605 14.269 17.624 11/04/2056
0.327 0.146 0.154 1.834 1.791 0.146 0.151 0.154 3.028 3.190 0.252 0.269 1.972 1.997 3.166 0.347 1.216 3.516 3.652 5.148 1.479 1.217 1.358 3.504 4.811 1.770 1.693 1.919 3.335 4.872 12/04/2056
2.000 1.329 1.793 2.286 2.186 1.341 1.350 1.807 4.191 3.554 2.682 2.935 2.405 2.427 3.524 2.629 3.062 4.090 4.135 4.573 2.707 3.070 3.953 4.071 4.588 2.847 2.588 2.944 3.913 4.644 13/04/2056
1.904 3.416 2.977 3.716 3.808 3.459 3.493 2.999 4.466 3.795 4.413 3.861 4.885 4.924 3.769 4.460 3.874 4.522 4.564 4.590 3.186 3.883 4.903 4.505 5.074 2.529 3.074 3.960 4.687 5.118 14/04/2056
2.541 2.621 2.505 2.936 3.221 2.654 2.681 2.525 3.950 3.382 1.971 2.188 3.272 3.300 3.354 1.926 2.084 2.787 2.812 3.591 1.839 2.129 2.510 2.778 2.577 1.623 1.798 2.012 1.932 2.616 15/04/2056
17.065 26.930 16.721 10.663 11.658 27.267 27.542 16.855 12.742 14.155 29.556 29.498 22.199 22.402 14.039 27.579 21.896 27.412 27.714 13.132 28.477 21.948 26.602 27.286 19.255 30.734 24.640 29.358 20.605 19.549 16/04/2056
8.698 8.797 10.088 10.868 11.934 8.846 8.930 10.144 10.841 11.459 8.437 8.064 10.521 10.618 11.365 9.010 7.762 8.805 8.897 9.596 8.250 7.779 9.410 8.767 7.079 7.921 7.491 8.658 7.152 7.194 17/04/2056
0.887 1.267 0.000 0.000 0.000 1.278 1.286 0.000 0.000 0.000 1.723 1.068 0.000 0.000 0.000 1.838 1.111 0.000 0.000 0.000 1.715 1.113 1.127 0.000 0.000 1.509 1.056 1.062 0.000 0.000 18/04/2056
1.937 2.677 2.902 2.805 2.899 2.711 2.739 2.925 3.022 2.933 2.101 3.147 3.730 3.765 2.908 2.042 3.249 4.376 4.421 3.762 1.908 3.244 4.462 4.357 3.917 2.192 3.086 3.989 4.408 3.979 19/04/2056
3.135 2.528 2.646 3.411 4.187 2.560 2.586 2.668 3.333 4.117 1.977 1.933 2.539 2.556 4.083 1.755 2.134 2.746 2.769 3.273 2.186 2.138 2.518 2.735 2.009 2.178 2.106 2.456 2.156 2.035 20/04/2056
1.322 1.217 1.890 2.063 2.037 1.227 1.234 1.904 0.817 0.836 0.220 0.349 1.035 1.044 0.828 0.194 0.209 0.846 0.855 0.862 0.176 0.209 0.308 0.842 0.930 0.293 0.241 0.348 0.707 0.943 21/04/2056
0.000 0.000 0.000 0.000 0.000 0.000 0.000 0.000 0.000 0.000 0.000 0.000 0.000 0.000 0.000 0.000 0.000 0.000 0.000 0.000 0.000 0.000 0.000 0.000 0.000 0.000 0.000 0.000 0.000 0.000 22/04/2056
0.000 0.000 0.000 0.000 0.000 0.000 0.000 0.000 0.000 0.000 0.000 0.000 0.000 0.000 0.000 0.000 0.000 0.000 0.000 0.000 0.000 0.000 0.000 0.000 0.000 0.000 0.000 0.000 0.000 0.000 23/04/2056
0.000 0.000 0.000 0.000 0.000 0.000 0.000 0.000 0.000 0.000 0.000 0.000 0.000 0.000 0.000 0.000 0.000 0.000 0.000 0.000 0.000 0.000 0.000 0.000 0.000 0.000 0.000 0.000 0.000 0.000 24/04/2056
0.000 0.000 0.000 0.000 0.000 0.000 0.000 0.000 0.000 0.000 0.000 0.000 0.000 0.000 0.000 0.000 0.000 0.000 0.000 0.000 0.000 0.000 0.000 0.000 0.000 0.000 0.000 0.000 0.000 0.000 25/04/2056
0.000 0.000 0.000 0.000 0.000 0.000 0.000 0.000 0.000 0.000 0.000 0.000 0.000 0.000 0.000 0.000 0.000 0.000 0.000 0.000 0.000 0.000 0.000 0.000 0.000 0.000 0.000 0.000 0.000 0.000 26/04/2056
0.000 0.000 0.000 0.000 0.000 0.000 0.000 0.000 0.000 0.000 0.000 0.000 0.000 0.000 0.000 0.000 0.000 0.000 0.000 0.000 0.000 0.000 0.000 0.000 0.000 0.000 0.000 0.000 0.000 0.000 27/04/2056
0.000 0.000 0.000 0.000 0.000 0.000 0.000 0.000 0.000 0.000 0.000 0.000 0.000 0.000 0.000 0.000 0.000 0.000 0.000 0.000 0.000 0.000 0.000 0.000 0.000 0.000 0.000 0.000 0.000 0.000 28/04/2056
0.000 0.000 0.000 0.000 0.000 0.000 0.000 0.000 0.000 0.000 0.000 0.000 0.000 0.000 0.000 0.000 0.000 0.000 0.000 0.000 0.000 0.000 0.000 0.000 0.000 0.000 0.000 0.000 0.000 0.000 29/04/2056
0.000 0.000 0.000 0.000 0.000 0.000 0.000 0.000 0.000 0.000 0.180 0.000 0.000 0.000 0.000 0.191 0.000 0.000 0.000 0.000 0.458 0.000 0.128 0.000 0.105 0.437 0.117 0.188 0.123 0.105 30/04/2056
10.033 10.792 13.344 16.733 20.182 10.929 11.041 13.450 15.774 18.286 8.456 10.393 13.768 13.894 18.134 8.666 8.812 11.704 11.834 15.231 7.388 8.833 8.733 11.650 12.652 5.747 6.105 6.288 10.346 12.851 01/05/2056
0.000 0.000 0.000 0.000 0.000 0.000 0.000 0.000 0.000 0.000 0.000 0.000 0.000 0.000 0.000 0.000 0.000 0.000 0.000 0.000 0.000 0.000 0.000 0.000 0.000 0.000 0.000 0.000 0.000 0.000 02/05/2056
0.000 0.000 0.000 0.000 0.000 0.000 0.000 0.000 0.000 0.000 0.000 0.000 0.000 0.000 0.000 0.000 0.000 0.000 0.000 0.000 0.000 0.000 0.000 0.000 0.000 0.000 0.000 0.000 0.000 0.000 03/05/2056
7.996 7.132 7.870 8.696 10.570 7.206 7.268 7.932 7.553 9.344 5.698 6.212 7.221 7.286 9.266 5.569 5.453 6.271 6.340 6.872 4.804 5.465 5.921 6.243 6.402 4.847 5.264 5.732 6.158 6.501 04/05/2056
0.000 0.000 0.000 0.000 0.000 0.000 0.000 0.000 0.000 0.000 0.000 0.000 0.000 0.000 0.000 0.000 0.000 0.000 0.000 0.000 0.000 0.000 0.000 0.000 0.000 0.000 0.000 0.000 0.000 0.000 05/05/2056
0.000 0.000 0.000 0.000 0.000 0.000 0.000 0.000 0.000 0.000 0.000 0.000 0.000 0.000 0.000 0.000 0.000 0.000 0.000 0.000 0.000 0.000 0.000 0.000 0.000 0.000 0.000 0.000 0.000 0.000 06/05/2056
0.000 0.000 0.000 0.000 0.000 0.000 0.000 0.000 0.000 0.000 0.000 0.000 0.000 0.000 0.000 0.000 0.000 0.000 0.000 0.000 0.000 0.000 0.000 0.000 0.000 0.000 0.000 0.000 0.000 0.000 07/05/2056
0.000 0.000 0.000 0.000 0.000 0.000 0.000 0.000 0.000 0.000 0.000 0.000 0.000 0.000 0.000 0.000 0.000 0.000 0.000 0.000 0.000 0.000 0.000 0.000 0.000 0.000 0.000 0.000 0.000 0.000 08/05/2056
0.128 0.115 0.349 0.755 0.863 0.118 0.120 0.352 0.654 0.888 0.141 0.137 0.567 0.557 0.881 0.146 0.391 0.748 0.750 0.768 0.122 0.392 0.501 0.743 1.106 0.210 0.489 0.601 1.029 1.112 09/05/2056
0.000 0.000 0.000 0.000 0.000 0.000 0.000 0.000 0.000 0.000 0.000 0.000 0.000 0.000 0.000 0.000 0.000 0.000 0.000 0.000 0.000 0.000 0.000 0.000 0.000 0.000 0.000 0.000 0.000 0.000 10/05/2056
0.000 0.000 0.000 0.000 0.000 0.000 0.000 0.000 0.000 0.000 0.000 0.000 0.000 0.000 0.000 0.000 0.000 0.000 0.000 0.000 0.000 0.000 0.000 0.000 0.000 0.000 0.000 0.000 0.000 0.000 11/05/2056
0.000 0.000 0.000 0.000 0.000 0.000 0.000 0.000 0.000 0.000 0.000 0.000 0.000 0.000 0.000 0.000 0.000 0.000 0.000 0.000 0.000 0.000 0.000 0.000 0.000 0.000 0.000 0.000 0.000 0.000 12/05/2056
0.000 0.000 0.000 0.000 0.000 0.000 0.000 0.000 0.000 0.000 0.000 0.000 0.000 0.000 0.000 0.000 0.000 0.000 0.000 0.000 0.000 0.000 0.000 0.000 0.000 0.000 0.000 0.000 0.000 0.000 13/05/2056
0.258 0.149 0.100 0.107 0.000 0.154 0.155 0.100 0.000 0.000 0.000 0.000 0.000 0.000 0.000 0.000 0.000 0.000 0.000 0.000 0.000 0.000 0.000 0.000 1.623 1.012 1.038 1.356 1.592 1.648 14/05/2056
0.000 0.000 0.000 0.101 0.000 0.000 0.000 0.000 0.000 0.000 0.000 0.000 0.000 0.000 0.000 0.000 0.000 0.000 0.000 0.000 0.000 0.000 0.000 0.000 0.102 0.000 0.000 0.000 0.131 0.102 15/05/2056
0.196 0.100 0.233 0.208 0.116 0.100 0.100 0.235 0.000 0.000 0.000 0.000 0.000 0.000 0.000 0.000 0.000 0.112 0.113 0.252 0.000 0.000 0.000 0.111 0.416 0.000 0.000 0.000 0.101 0.424 16/05/2056
0.245 0.000 0.100 0.000 0.000 0.000 0.000 0.100 0.000 0.000 0.102 0.147 0.000 0.000 0.000 0.118 0.000 0.121 0.122 0.000 0.000 0.000 0.108 0.120 0.197 0.000 0.000 0.000 0.136 0.201 17/05/2056
0.000 0.000 0.000 0.000 0.000 0.000 0.000 0.000 0.000 0.000 0.000 0.000 0.000 0.000 0.000 0.000 0.000 0.000 0.000 0.000 0.000 0.000 0.000 0.000 0.000 0.000 0.000 0.000 0.000 0.000 18/05/2056
0.000 0.000 0.000 0.000 0.000 0.000 0.000 0.000 0.000 0.000 0.000 0.000 0.000 0.000 0.000 0.000 0.000 0.000 0.000 0.000 0.000 0.000 0.000 0.000 0.000 0.000 0.000 0.000 0.000 0.000 19/05/2056
3.283 3.313 4.105 2.692 2.734 3.353 3.378 4.138 3.142 3.037 2.910 3.278 4.465 4.502 3.012 2.804 3.166 3.179 3.211 1.868 2.461 3.171 4.226 3.166 1.435 2.169 3.029 3.844 2.692 1.457 20/05/2056
3.361 3.183 3.866 4.111 4.187 3.218 3.242 3.897 5.589 5.829 4.731 3.892 5.754 5.749 5.807 4.697 3.928 4.724 4.768 8.026 6.412 3.937 5.065 4.706 4.868 7.761 6.146 6.793 4.720 4.924 21/05/2056
4.737 5.067 5.412 5.032 5.451 5.130 5.169 5.455 2.286 2.623 1.405 2.627 1.927 1.916 2.601 1.353 0.158 0.579 0.570 4.031 0.393 0.158 0.251 0.592 0.474 1.045 0.259 0.363 0.153 0.468 22/05/2056
1.780 1.505 1.623 1.779 2.141 1.528 1.546 1.637 0.574 0.756 0.621 0.865 0.710 0.715 0.752 0.721 0.685 0.580 0.571 0.351 0.210 0.685 0.758 0.593 0.237 0.000 0.107 0.157 0.265 0.404 23/05/2056
0.000 0.000 0.000 0.000 0.000 0.000 0.000 0.000 0.000 0.000 0.000 0.000 0.000 0.000 0.000 0.000 0.000 0.000 0.000 0.000 0.000 0.000 0.000 0.000 0.000 0.000 0.000 0.000 0.000 0.000 24/05/2056
0.000 0.000 0.000 0.000 0.000 0.000 0.000 0.000 0.000 0.000 0.000 0.000 0.000 0.000 0.000 0.000 0.000 0.000 0.000 0.000 0.000 0.000 0.000 0.000 0.000 0.000 0.000 0.000 0.000 0.000 25/05/2056
5.376 5.069 4.799 5.062 5.485 5.132 5.172 4.838 4.904 5.266 5.688 5.133 5.126 5.169 5.226 5.974 5.011 5.848 5.914 5.253 5.824 5.022 5.888 5.821 5.796 6.395 5.574 6.048 5.906 5.888 26/05/2056
16.544 16.368 15.850 16.003 19.683 16.575 16.744 15.976 14.580 16.995 17.108 15.219 16.336 16.486 16.856 16.686 11.995 12.732 12.872 12.786 15.218 12.023 13.953 12.674 11.561 10.350 10.551 11.548 11.661 11.744 27/05/2056
0.151 0.228 0.235 0.420 0.448 0.234 0.232 0.236 0.359 0.543 0.328 0.345 0.336 0.336 0.539 0.402 0.423 0.492 0.481 0.502 0.541 0.424 0.531 0.489 0.568 0.504 0.420 0.546 0.453 0.540 28/05/2056
0.000 0.225 0.347 1.200 1.302 0.230 0.229 0.350 2.622 3.048 0.355 0.318 0.990 0.997 3.024 0.437 0.873 3.148 3.182 4.777 0.500 0.859 0.944 3.134 3.931 1.124 3.402 4.215 5.099 3.993 29/05/2056
0.000 0.000 0.000 0.000 0.000 0.000 0.000 0.000 0.000 0.000 0.000 0.000 0.000 0.000 0.000 0.000 0.000 0.000 0.000 0.000 0.000 0.000 0.000 0.000 0.110 0.000 0.000 0.000 0.000 0.110 30/05/2056
0.000 0.000 0.000 0.000 0.000 0.000 0.000 0.000 0.000 0.000 0.000 0.000 0.000 0.000 0.000 0.000 0.000 0.000 0.000 0.000 0.000 0.000 0.000 0.000 0.000 0.000 0.000 0.000 0.000 0.000 31/05/2056
0.000 0.000 0.000 0.000 0.000 0.000 0.000 0.000 0.000 0.000 0.000 0.000 0.000 0.000 0.000 0.000 0.000 0.000 0.000 0.000 0.000 0.000 0.000 0.000 0.000 0.000 0.000 0.000 0.000 0.000 01/06/2056
7.154 4.154 4.984 3.992 4.461 4.202 4.241 5.023 2.908 3.067 2.573 2.206 2.000 2.011 3.046 2.773 0.936 1.134 1.146 1.601 1.562 0.939 1.244 1.129 0.318 1.190 0.511 0.723 0.323 0.343 02/06/2056
1.400 1.309 1.969 1.489 1.727 1.324 1.337 1.983 1.742 2.383 1.958 1.622 1.384 1.397 2.364 1.821 2.130 1.408 1.423 0.870 2.177 2.135 2.159 1.401 1.365 1.241 1.719 1.878 2.007 1.386 03/06/2056
3.696 0.193 2.987 3.430 3.439 0.196 0.198 3.009 1.735 2.353 0.151 0.000 0.107 0.107 2.334 0.202 0.000 0.224 0.228 1.071 0.000 0.000 0.100 0.223 0.199 0.000 0.000 0.104 0.104 0.200 04/06/2056
0.000 0.000 0.000 0.000 0.000 0.000 0.000 0.000 0.000 0.000 0.132 0.000 0.000 0.000 0.000 0.178 0.000 0.000 0.000 0.000 0.134 0.000 0.000 0.000 0.000 0.000 0.000 0.000 0.000 0.000 05/06/2056
0.000 0.000 0.000 0.000 0.000 0.000 0.000 0.000 0.000 0.000 0.000 0.000 0.000 0.000 0.000 0.000 0.000 0.000 0.000 0.000 0.000 0.000 0.000 0.000 0.000 0.000 0.000 0.000 0.000 0.000 06/06/2056
1.661 2.532 2.916 3.899 3.858 2.563 2.589 2.939 1.866 2.505 5.199 3.909 2.497 2.516 2.483 4.852 2.625 1.713 1.732 0.642 7.289 2.631 3.074 1.705 0.558 7.964 1.950 2.163 0.400 0.567 07/06/2056
6.107 8.947 10.779 8.881 8.890 9.061 9.154 10.865 3.464 3.959 7.925 14.592 10.869 10.970 3.926 7.334 11.087 3.786 3.827 0.941 10.333 11.116 11.848 3.769 1.264 3.276 3.878 4.323 2.979 1.283 08/06/2056
0.000 0.000 0.000 0.000 0.000 0.000 0.000 0.000 0.000 0.000 0.000 0.000 0.000 0.000 0.000 0.000 0.000 0.000 0.000 0.000 0.000 0.000 0.000 0.000 0.000 0.000 0.000 0.000 0.000 0.000 09/06/2056
0.000 0.000 0.000 0.000 0.000 0.000 0.000 0.000 0.000 0.000 0.000 0.000 0.000 0.000 0.000 0.000 0.000 0.000 0.000 0.000 0.000 0.000 0.000 0.000 0.000 0.000 0.000 0.000 0.000 0.000 10/06/2056
0.000 0.000 0.000 0.000 0.000 0.000 0.000 0.000 0.000 0.000 0.000 0.000 0.000 0.000 0.000 0.000 0.000 0.000 0.000 0.000 0.000 0.000 0.000 0.000 0.000 0.000 0.000 0.000 0.000 0.000 11/06/2056
0.000 0.000 0.000 0.000 0.000 0.000 0.000 0.000 0.000 0.000 0.000 0.000 0.000 0.000 0.000 0.000 0.000 0.000 0.000 0.000 0.000 0.000 0.000 0.000 0.000 0.000 0.000 0.000 0.000 0.000 12/06/2056
0.000 0.000 0.000 0.000 0.000 0.000 0.000 0.000 0.000 0.000 0.000 0.000 0.000 0.000 0.000 0.000 0.000 0.000 0.000 0.000 0.000 0.000 0.000 0.000 0.000 0.000 0.000 0.000 0.000 0.000 13/06/2056
0.000 0.000 0.000 0.000 0.000 0.000 0.000 0.000 0.000 0.000 0.000 0.000 0.000 0.000 0.000 0.000 0.000 0.000 0.000 0.000 0.000 0.000 0.000 0.000 0.000 0.000 0.000 0.000 0.000 0.000 14/06/2056
0.000 0.000 0.000 0.000 0.000 0.000 0.000 0.000 0.000 0.000 0.000 0.000 0.000 0.000 0.000 0.000 0.000 0.000 0.000 0.000 0.000 0.000 0.000 0.000 0.000 0.000 0.000 0.000 0.000 0.000 15/06/2056
0.000 0.000 0.000 0.000 0.000 0.000 0.000 0.000 0.000 0.000 0.137 0.000 0.000 0.000 0.000 0.122 0.000 0.000 0.000 0.000 0.000 0.000 0.000 0.000 0.000 0.000 0.000 0.000 0.000 0.000 16/06/2056
0.697 0.315 0.553 0.235 0.168 0.320 0.326 0.556 0.179 0.234 0.000 0.104 0.126 0.128 0.232 0.000 0.000 0.000 0.000 0.102 0.000 0.000 0.000 0.000 0.000 0.000 0.000 0.000 0.000 0.000 17/06/2056
0.000 0.000 0.104 2.254 2.335 0.000 0.000 0.105 1.144 1.435 0.000 0.000 0.000 0.000 1.422 0.000 0.000 0.000 0.000 0.220 0.000 0.000 0.000 0.000 0.000 0.000 0.000 0.000 0.000 0.000 18/06/2056
0.000 0.000 0.000 0.000 0.000 0.000 0.000 0.000 0.000 0.000 0.000 0.000 0.000 0.000 0.000 0.000 0.000 0.000 0.000 0.000 0.000 0.000 0.000 0.000 0.000 0.000 0.000 0.000 0.000 0.000 19/06/2056
0.000 0.000 0.000 0.000 0.000 0.000 0.000 0.000 0.000 0.000 0.000 0.000 0.000 0.000 0.000 0.000 0.000 0.000 0.000 0.000 0.000 0.000 0.000 0.000 0.000 0.000 0.000 0.000 0.000 0.000 20/06/2056
0.000 0.000 0.000 0.000 0.000 0.000 0.000 0.000 0.000 0.000 0.000 0.000 0.000 0.000 0.000 0.000 0.000 0.000 0.000 0.000 0.000 0.000 0.000 0.000 0.000 0.000 0.000 0.000 0.000 0.000 21/06/2056
0.000 0.000 0.000 0.000 0.000 0.000 0.000 0.000 0.000 0.000 0.000 0.000 0.000 0.000 0.000 0.000 0.000 0.000 0.000 0.000 0.000 0.000 0.000 0.000 0.000 0.000 0.000 0.000 0.000 0.000 22/06/2056
0.000 0.000 0.000 0.000 0.000 0.000 0.000 0.000 0.000 0.000 0.000 0.000 0.000 0.000 0.000 0.000 0.000 0.000 0.000 0.000 0.000 0.000 0.000 0.000 0.000 0.000 0.000 0.000 0.000 0.000 23/06/2056
0.000 0.000 0.000 0.000 0.000 0.000 0.000 0.000 0.000 0.000 0.000 0.000 0.000 0.000 0.000 0.000 0.000 0.000 0.000 0.000 0.000 0.000 0.000 0.000 0.000 0.000 0.000 0.000 0.000 0.000 24/06/2056
0.000 0.000 0.000 0.000 0.000 0.000 0.000 0.000 0.000 0.000 0.000 0.000 0.000 0.000 0.000 0.000 0.000 0.000 0.000 0.000 0.000 0.000 0.110 0.000 0.000 0.112 0.000 0.102 0.103 0.000 25/06/2056
5.034 4.220 2.846 3.241 3.521 4.273 4.317 2.869 2.091 2.697 3.726 2.841 2.159 2.179 2.679 3.528 1.698 1.773 1.792 1.875 2.915 1.702 1.727 1.766 0.957 1.837 1.258 1.333 1.400 0.973 26/06/2056
1.302 1.077 0.935 0.694 0.988 1.089 1.099 0.940 0.190 0.309 1.007 0.902 0.965 0.974 0.308 0.805 0.511 0.977 0.988 0.803 0.400 0.512 0.756 0.972 0.727 0.504 0.484 0.698 0.639 0.734 27/06/2056
0.000 0.000 0.000 0.000 0.000 0.000 0.000 0.000 0.000 0.000 0.000 0.000 0.000 0.000 0.000 0.000 0.000 0.000 0.000 0.000 0.000 0.000 0.000 0.000 0.000 0.000 0.000 0.000 0.000 0.000 28/06/2056
0.000 0.000 0.000 0.000 0.000 0.000 0.000 0.000 0.000 0.000 0.000 0.000 0.000 0.000 0.000 0.000 0.000 0.000 0.000 0.000 0.000 0.000 0.000 0.000 0.000 0.000 0.000 0.000 0.000 0.000 29/06/2056
0.000 0.000 0.000 0.000 0.000 0.000 0.000 0.000 0.000 0.000 0.000 0.000 0.000 0.000 0.000 0.000 0.000 0.000 0.000 0.000 0.000 0.000 0.000 0.000 0.000 0.000 0.000 0.000 0.000 0.000 30/06/2056
0.000 0.000 0.000 0.000 0.000 0.000 0.000 0.000 0.000 0.000 0.000 0.000 0.000 0.000 0.000 0.000 0.000 0.000 0.000 0.000 0.000 0.000 0.000 0.000 0.000 0.000 0.000 0.000 0.000 0.000 01/07/2056
0.000 0.000 0.000 0.000 0.000 0.000 0.000 0.000 0.000 0.000 0.000 0.000 0.000 0.000 0.000 0.000 0.000 0.000 0.000 0.000 0.000 0.000 0.000 0.000 0.000 0.000 0.000 0.000 0.000 0.000 02/07/2056
0.000 0.000 0.000 0.000 0.000 0.000 0.000 0.000 0.000 0.000 0.000 0.000 0.000 0.000 0.000 0.000 0.000 0.000 0.000 0.000 0.000 0.000 0.000 0.000 0.000 0.000 0.000 0.000 0.000 0.000 03/07/2056
0.000 0.000 0.000 0.000 0.000 0.000 0.000 0.000 0.000 0.000 0.000 0.000 0.000 0.000 0.000 0.000 0.000 0.000 0.000 0.000 0.000 0.000 0.000 0.000 0.000 0.000 0.000 0.000 0.000 0.000 04/07/2056
0.000 0.000 0.000 0.000 0.000 0.000 0.000 0.000 0.000 0.000 0.000 0.000 0.000 0.000 0.000 0.000 0.000 0.000 0.000 0.000 0.000 0.000 0.000 0.000 0.000 0.000 0.000 0.000 0.000 0.000 05/07/2056
0.836 0.480 0.468 0.845 0.932 0.487 0.492 0.472 0.142 0.156 0.524 0.204 0.142 0.145 0.155 0.463 0.000 0.111 0.111 0.199 0.154 0.000 0.165 0.111 0.207 0.181 0.000 0.109 0.103 0.211 06/07/2056
7.197 7.928 5.953 6.004 5.455 8.029 8.111 6.000 4.904 5.497 5.498 6.183 7.310 7.372 5.451 5.014 4.630 5.236 5.288 4.661 4.622 4.641 4.542 5.214 3.092 3.200 2.788 2.620 3.501 3.141 07/07/2056
0.295 0.129 0.000 0.111 0.000 0.130 0.132 0.000 0.000 0.000 0.170 0.000 0.103 0.103 0.000 0.248 0.000 0.000 0.000 0.000 0.389 0.000 0.000 0.000 0.000 0.419 0.000 0.000 0.000 0.000 08/07/2056
0.000 0.000 0.000 0.000 0.000 0.000 0.000 0.000 0.000 0.000 0.000 0.000 0.000 0.000 0.000 0.000 0.000 0.000 0.000 0.000 0.000 0.000 0.000 0.000 0.000 0.000 0.000 0.000 0.000 0.000 09/07/2056
0.000 0.000 0.000 0.000 0.000 0.000 0.000 0.000 0.000 0.000 0.000 0.000 0.000 0.000 0.000 0.000 0.000 0.000 0.000 0.000 0.000 0.000 0.000 0.000 0.000 0.000 0.000 0.000 0.000 0.000 10/07/2056
0.000 0.000 0.000 0.000 0.000 0.000 0.000 0.000 0.000 0.000 0.000 0.000 0.000 0.000 0.000 0.000 0.000 0.000 0.000 0.000 0.000 0.000 0.000 0.000 0.000 0.000 0.000 0.000 0.000 0.000 11/07/2056
0.000 0.000 0.000 0.000 0.000 0.000 0.000 0.000 0.000 0.000 0.000 0.000 0.000 0.000 0.000 0.000 0.000 0.000 0.000 0.000 0.000 0.000 0.000 0.000 0.000 0.000 0.000 0.000 0.000 0.000 12/07/2056
0.000 0.000 0.000 0.000 0.000 0.000 0.000 0.000 0.000 0.000 0.000 0.000 0.000 0.000 0.000 0.000 0.000 0.000 0.000 0.000 0.000 0.000 0.000 0.000 0.000 0.000 0.000 0.000 0.000 0.000 13/07/2056
1.219 1.000 0.899 1.011 1.174 1.009 1.016 0.905 0.555 0.773 0.835 0.711 0.636 0.641 0.766 0.619 0.132 0.221 0.223 0.297 0.194 0.132 0.178 0.221 0.100 0.104 0.000 0.103 0.110 0.100 14/07/2056
0.252 0.831 0.849 1.453 1.687 0.840 0.848 0.854 1.913 2.698 2.481 2.087 1.700 1.715 2.676 2.292 1.435 1.759 1.778 2.045 1.907 1.438 1.718 1.751 1.122 0.751 0.747 0.940 1.002 1.139 15/07/2056
0.000 0.000 0.000 0.000 0.000 0.000 0.000 0.000 0.000 0.000 0.000 0.000 0.000 0.000 0.000 0.000 0.000 0.000 0.000 0.000 0.000 0.000 0.000 0.000 0.000 0.000 0.000 0.000 0.000 0.000 16/07/2056
0.000 0.000 0.000 0.000 0.000 0.000 0.000 0.000 0.000 0.000 0.000 0.000 0.000 0.000 0.000 0.000 0.000 0.000 0.000 0.000 0.000 0.000 0.000 0.000 0.000 0.000 0.000 0.000 0.000 0.000 17/07/2056
0.000 0.000 0.000 0.000 0.000 0.000 0.000 0.000 0.000 0.000 0.000 0.000 0.000 0.000 0.000 0.000 0.000 0.000 0.000 0.000 0.000 0.000 0.000 0.000 0.000 0.000 0.000 0.000 0.000 0.000 18/07/2056
0.000 0.000 0.000 0.000 0.000 0.000 0.000 0.000 0.000 0.000 0.000 0.000 0.000 0.000 0.000 0.000 0.000 0.000 0.000 0.000 0.000 0.000 0.000 0.000 0.000 0.000 0.000 0.000 0.000 0.000 19/07/2056
0.000 0.000 0.000 0.000 0.000 0.000 0.000 0.000 0.000 0.000 0.000 0.000 0.000 0.000 0.000 0.000 0.000 0.000 0.000 0.000 0.000 0.000 0.000 0.000 0.000 0.000 0.000 0.000 0.000 0.000 20/07/2056
0.000 0.000 0.000 0.000 0.000 0.000 0.000 0.000 0.000 0.000 0.000 0.000 0.000 0.000 0.000 0.000 0.000 0.000 0.000 0.000 0.000 0.000 0.000 0.000 0.000 0.000 0.000 0.000 0.000 0.000 21/07/2056
0.000 0.000 0.000 0.000 0.000 0.000 0.000 0.000 0.000 0.000 0.000 0.000 0.000 0.000 0.000 0.000 0.000 0.000 0.000 0.000 0.000 0.000 0.000 0.000 0.000 0.000 0.000 0.000 0.000 0.000 22/07/2056
0.000 0.000 0.000 0.000 0.000 0.000 0.000 0.000 0.000 0.000 0.000 0.000 0.000 0.000 0.000 0.000 0.000 0.000 0.000 0.000 0.000 0.000 0.000 0.000 0.000 0.000 0.000 0.000 0.000 0.000 23/07/2056
0.000 0.000 0.000 0.000 0.000 0.000 0.000 0.000 0.000 0.000 0.000 0.000 0.000 0.000 0.000 0.000 0.000 0.000 0.000 0.000 0.000 0.000 0.000 0.000 0.000 0.000 0.000 0.000 0.000 0.000 24/07/2056
0.000 0.000 0.000 0.000 0.000 0.000 0.000 0.000 0.000 0.000 0.000 0.000 0.000 0.000 0.000 0.000 0.000 0.000 0.000 0.000 0.000 0.000 0.000 0.000 0.000 0.000 0.000 0.000 0.000 0.000 25/07/2056
0.000 0.000 0.000 0.000 0.000 0.000 0.000 0.000 0.000 0.000 0.000 0.000 0.000 0.000 0.000 0.000 0.000 0.000 0.000 0.000 0.000 0.000 0.000 0.000 0.000 0.000 0.000 0.000 0.000 0.000 26/07/2056
15.223 13.032 10.164 6.432 8.070 13.197 13.331 10.242 4.648 4.796 14.280 11.920 8.904 8.986 4.755 13.067 11.808 8.966 9.065 5.851 11.250 11.835 11.272 8.924 2.862 4.572 5.733 5.816 4.965 2.908 27/07/2056
1.509 0.776 1.846 1.649 1.869 0.785 0.793 1.861 1.510 2.050 0.714 1.268 1.489 1.502 2.033 0.606 0.350 0.635 0.644 0.241 0.492 0.351 0.577 0.624 0.206 0.559 0.000 0.112 0.000 0.209 28/07/2056
8.450 8.335 7.056 5.352 4.646 8.441 8.528 7.112 3.886 4.480 4.220 3.725 3.757 3.791 4.445 3.970 1.741 2.487 2.515 4.769 2.496 1.745 1.993 2.476 4.073 3.632 2.877 2.768 3.139 4.133 29/07/2056
0.000 0.000 0.000 0.000 0.000 0.000 0.000 0.000 0.000 0.000 0.000 0.000 0.000 0.000 0.000 0.000 0.000 0.000 0.000 0.000 0.000 0.000 0.000 0.000 0.000 0.000 0.000 0.000 0.000 0.000 30/07/2056
0.000 0.000 0.000 0.000 0.000 0.000 0.000 0.000 0.000 0.000 0.000 0.000 0.000 0.000 0.000 0.000 0.000 0.000 0.000 0.000 0.000 0.000 0.000 0.000 0.000 0.000 0.000 0.000 0.000 0.000 31/07/2056
