# 6448 6449 6450 6451 6452 6528 6529 6530 6531 6532 6610 6611 6612 6613 6614 6693 6694 6695 6696 6697 6776 6777 6778 6779 6780 6859 6860 6861 6862 6863 Date
21.471 21.513 21.400 20.557 21.059 21.438 21.371 21.346 21.647 21.176 21.475 21.485 21.974 21.801 21.239 21.913 21.205 21.997 21.771 21.727 22.020 21.150 21.989 22.097 22.068 22.189 21.267 22.269 22.236 21.745 01/08/2034
22.843 22.840 22.751 22.117 21.656 22.697 22.593 22.663 22.766 21.829 22.657 22.676 22.682 22.595 21.917 22.521 22.221 22.834 22.710 22.913 22.713 22.177 22.646 22.867 23.037 23.067 22.402 23.005 22.973 22.911 02/08/2034
19.821 19.704 19.634 19.263 19.725 19.534 19.388 19.537 19.976 19.866 19.561 19.622 20.216 20.070 20.006 20.080 20.131 20.221 20.030 20.042 20.512 20.096 20.293 20.301 20.226 20.656 20.198 20.623 20.409 19.965 03/08/2034
18.918 19.300 18.905 18.360 18.883 19.094 18.919 18.791 18.907 18.819 19.129 18.879 19.351 19.261 18.932 20.036 19.527 19.155 19.036 19.378 19.726 19.503 19.251 19.216 19.370 20.068 19.450 19.285 19.253 19.206 04/08/2034
19.160 19.097 18.609 18.153 18.840 18.924 18.780 18.500 19.084 18.979 18.690 18.892 19.290 19.106 19.151 18.849 20.095 19.109 18.886 18.992 19.108 20.067 19.494 19.204 19.043 19.473 19.959 19.594 19.566 18.740 05/08/2034
19.406 19.516 19.703 19.231 20.302 19.371 19.253 19.602 20.480 20.514 19.682 19.431 20.708 20.679 20.540 20.611 21.127 20.880 20.788 20.759 21.200 21.069 20.672 20.929 20.928 21.514 21.401 21.011 20.979 20.798 06/08/2034
18.826 18.720 19.030 18.528 18.561 18.579 18.442 18.921 18.970 18.638 18.708 18.826 19.207 19.085 18.736 19.087 19.657 19.153 19.012 19.042 19.306 19.645 19.120 19.217 19.068 19.620 19.744 19.383 19.284 18.901 07/08/2034
19.267 19.304 19.137 17.754 18.376 19.106 18.967 18.990 18.731 18.570 19.395 19.294 19.121 19.047 18.693 19.109 19.535 19.203 19.119 19.137 19.334 19.496 19.223 19.242 19.175 19.507 19.743 19.481 19.409 19.094 08/08/2034
23.646 23.533 23.380 22.923 23.208 23.329 23.155 23.241 23.329 23.426 23.326 23.311 23.598 23.504 23.650 23.159 23.563 23.564 23.395 23.590 23.268 23.535 23.393 23.602 23.615 23.306 23.571 23.600 23.633 23.434 09/08/2034
26.009 26.014 25.896 24.191 25.677 25.894 25.772 25.826 25.996 25.786 25.837 25.886 26.212 26.059 25.799 25.814 25.714 26.233 26.065 26.237 25.986 25.705 26.147 26.288 26.324 26.180 25.660 26.341 26.351 26.121 10/08/2034
29.734 29.775 29.905 29.364 29.360 29.705 29.686 29.845 29.679 29.393 30.018 29.821 29.781 29.675 29.409 29.863 29.715 29.781 29.669 29.811 29.986 29.723 29.661 29.810 29.595 29.876 29.638 29.724 29.820 29.442 11/08/2034
29.474 29.949 30.191 30.177 30.103 29.857 29.890 30.104 31.006 30.658 30.316 30.428 30.975 30.891 30.688 30.075 30.653 31.402 31.296 31.390 30.531 30.650 31.008 31.435 31.764 30.644 30.864 31.345 31.648 31.622 12/08/2034
30.921 30.901 31.013 29.960 30.050 30.727 30.636 30.866 30.153 30.375 30.783 30.826 30.347 30.230 30.426 29.888 30.387 30.550 30.370 30.410 30.272 30.331 30.171 30.618 30.547 30.415 30.695 30.629 30.637 30.296 13/08/2034
24.935 24.911 24.805 25.482 24.744 24.752 24.671 24.695 24.734 25.042 24.655 24.719 24.662 24.553 25.102 23.836 24.651 24.707 24.557 25.006 23.904 24.630 24.496 24.753 25.040 24.049 24.684 24.639 24.849 24.804 14/08/2034
25.950 26.273 26.485 25.050 25.057 26.135 26.065 26.439 26.450 25.249 25.808 26.262 26.863 26.786 25.282 25.300 26.101 26.815 26.735 27.330 25.698 26.065 26.169 26.886 27.480 26.126 26.470 26.635 27.105 27.339 15/08/2034
25.459 26.021 26.077 24.113 23.997 25.879 25.750 26.005 26.007 24.550 26.031 26.159 25.912 25.899 24.655 25.891 25.648 26.136 26.097 26.719 26.093 25.650 25.415 26.175 27.075 26.124 25.619 25.475 26.489 26.873 16/08/2034
20.159 20.565 20.283 19.751 19.924 20.477 20.350 20.226 20.531 20.222 20.345 20.558 20.885 20.874 20.315 20.231 20.861 21.023 20.975 21.089 20.582 20.838 20.935 21.058 21.259 20.618 20.832 20.962 21.204 21.114 17/08/2034
21.700 22.038 21.662 21.069 21.487 21.937 21.836 21.596 21.756 21.647 21.768 21.782 22.315 22.215 21.781 21.766 22.244 22.715 22.589 22.507 21.963 22.233 22.249 22.755 22.944 21.979 22.354 22.597 23.067 22.787 18/08/2034
22.467 22.674 22.410 21.749 22.108 22.529 22.398 22.316 22.207 22.199 22.420 22.407 22.697 22.607 22.332 22.133 22.619 22.747 22.646 22.711 22.299 22.590 22.498 22.796 23.056 22.388 22.766 22.756 23.081 22.923 19/08/2034
24.514 24.909 24.517 24.398 24.261 24.740 24.607 24.385 24.751 24.336 24.479 24.617 25.370 25.270 24.425 24.347 24.833 25.449 25.303 25.308 24.559 24.801 25.022 25.505 25.663 24.694 24.865 25.148 25.645 25.523 20/08/2034
24.720 24.946 24.760 24.685 24.720 24.863 24.806 24.727 25.399 24.873 24.768 24.840 25.771 25.675 24.965 24.936 25.425 25.978 25.845 25.858 25.135 25.391 25.608 26.021 26.570 25.376 25.658 25.918 26.482 26.344 21/08/2034
19.726 20.063 20.191 19.783 19.945 19.943 19.816 20.125 20.641 20.147 19.850 20.019 20.741 20.643 20.252 20.242 20.660 21.125 20.995 21.239 20.472 20.602 20.467 21.166 21.896 20.884 21.015 20.913 21.652 21.729 22/08/2034
20.930 21.030 20.908 20.162 20.234 20.828 20.681 20.787 20.944 20.343 20.771 20.855 21.378 21.354 20.472 20.916 21.576 21.569 21.538 21.540 21.138 21.548 21.170 21.570 21.974 21.416 21.761 21.370 21.897 21.904 23/08/2034
18.929 19.071 18.963 18.649 18.633 18.979 18.921 18.920 19.231 18.787 19.148 19.187 19.419 19.319 18.922 19.280 19.615 19.488 19.406 19.557 19.446 19.592 19.396 19.525 20.126 19.675 19.814 19.923 20.078 19.966 24/08/2034
17.834 18.047 18.140 17.987 18.186 17.925 17.829 18.047 18.463 18.370 17.932 18.055 18.616 18.500 18.468 18.451 19.015 18.607 18.470 18.435 18.781 18.967 18.506 18.684 19.126 19.043 19.358 19.060 19.260 18.898 25/08/2034
16.822 16.744 17.122 16.870 16.686 16.523 16.361 16.985 17.167 16.970 16.596 16.853 17.060 16.906 17.148 17.012 17.513 17.035 16.845 17.104 17.853 17.462 16.666 17.112 17.397 17.851 17.849 17.275 17.473 17.121 26/08/2034
18.497 18.436 18.445 17.921 18.496 18.271 18.126 18.332 18.519 18.671 18.267 18.297 18.716 18.596 18.795 18.581 18.946 18.795 18.649 18.779 19.037 18.929 18.545 18.860 19.128 19.370 19.310 19.147 19.180 18.907 27/08/2034
19.632 19.259 19.133 18.589 19.147 19.080 18.924 19.032 18.745 18.821 19.032 18.855 19.015 18.915 18.914 19.439 19.412 19.094 18.982 18.647 19.688 19.400 19.066 19.137 19.566 19.782 19.563 19.370 19.405 19.414 28/08/2034
19.480 19.396 19.170 18.984 20.035 19.161 18.973 19.017 20.425 20.173 19.182 19.179 20.583 20.466 20.306 20.101 20.697 20.803 20.597 20.531 20.574 20.660 20.727 20.851 21.009 20.844 20.975 21.015 21.046 20.734 29/08/2034
18.986 19.171 19.061 18.522 19.309 19.063 18.956 18.984 19.493 19.452 19.157 19.192 19.932 19.830 19.552 19.308 20.256 19.970 19.837 19.686 19.497 20.253 19.864 20.018 20.023 19.603 20.389 20.114 20.158 19.844 30/08/2034
18.958 19.004 18.930 18.395 17.463 18.820 18.651 18.813 17.973 17.634 18.876 18.918 18.297 18.202 17.783 18.340 18.435 18.339 18.219 18.086 18.695 18.410 18.113 18.403 18.305 19.055 18.667 18.484 18.557 18.109 31/08/2034
18.013 17.916 17.768 17.849 16.511 17.679 17.467 17.625 16.983 16.683 17.814 17.814 17.249 17.041 16.847 18.318 18.893 17.254 17.000 16.943 18.590 18.859 17.193 17.355 17.487 18.732 18.998 17.588 17.576 17.132 01/09/2034
16.490 16.556 16.552 16.099 16.342 16.502 16.501 16.516 16.760 16.542 16.548 16.597 16.652 16.555 16.632 16.593 16.917 16.454 16.334 16.395 16.719 16.913 16.568 16.512 16.512 16.653 16.773 16.576 16.537 16.335 02/09/2034
16.243 15.819 16.169 15.455 15.745 15.638 15.486 16.081 15.930 15.736 15.917 15.961 16.162 16.005 15.832 15.958 16.104 16.177 15.980 15.625 16.077 16.079 16.223 16.256 16.197 16.352 16.450 16.727 16.472 15.914 03/09/2034
15.075 14.735 14.539 13.929 13.943 14.572 14.420 14.447 14.239 13.935 14.871 14.588 14.544 14.443 14.066 15.167 15.041 14.550 14.433 14.425 15.201 15.034 14.623 14.601 14.711 15.346 15.200 14.928 14.730 14.517 04/09/2034
14.049 14.122 14.097 13.013 13.795 14.045 13.977 14.063 13.904 13.843 14.493 14.525 14.642 14.504 13.888 15.171 15.586 14.755 14.585 14.144 15.435 15.579 14.942 14.823 14.642 15.786 15.651 15.288 14.800 14.437 05/09/2034
15.800 15.754 15.508 15.319 15.659 15.669 15.593 15.468 15.989 15.742 15.850 15.808 16.132 16.009 15.855 16.505 16.915 16.385 16.206 16.101 16.587 16.880 16.423 16.470 16.555 17.067 17.234 16.968 16.714 16.275 06/09/2034
17.535 17.490 17.308 17.374 17.565 17.321 17.199 17.192 18.136 17.688 17.277 17.303 17.987 17.844 17.852 17.866 18.351 18.009 17.854 17.862 17.925 18.293 17.911 18.085 17.987 18.142 18.488 18.180 18.166 17.750 07/09/2034
17.341 17.374 17.254 16.803 16.970 17.234 17.133 17.197 17.397 16.978 17.294 17.329 17.711 17.616 17.069 17.829 17.701 17.402 17.303 17.264 17.742 17.652 17.475 17.445 16.995 17.724 17.396 17.340 17.151 16.841 08/09/2034
17.100 17.107 17.067 16.417 16.786 17.031 16.903 17.027 16.997 16.722 17.144 17.084 17.263 17.199 16.787 17.525 17.438 16.967 16.922 16.789 17.428 17.421 17.115 17.011 16.649 17.116 17.091 16.936 16.760 16.533 09/09/2034
15.983 15.915 15.935 16.032 16.145 15.852 15.771 15.950 16.858 16.199 15.849 15.895 16.890 16.680 16.346 17.082 17.437 16.786 16.565 16.558 17.244 17.387 16.698 16.886 16.824 17.506 17.427 16.957 16.909 16.477 10/09/2034
17.825 17.542 17.536 17.173 17.331 17.405 17.293 17.457 18.056 17.473 17.375 17.415 17.970 17.811 17.637 18.020 18.675 18.050 17.865 17.961 18.111 18.643 17.997 18.107 18.081 18.376 18.714 18.107 18.012 17.838 11/09/2034
17.456 17.209 17.212 16.254 16.780 16.991 16.859 17.091 17.188 16.713 17.021 16.962 17.396 17.301 16.819 17.897 17.889 17.364 17.221 17.148 18.025 17.866 17.426 17.391 17.425 17.986 17.879 17.521 17.410 17.191 12/09/2034
14.160 14.103 14.088 13.104 13.547 14.066 14.110 14.050 13.548 13.565 14.358 14.169 13.773 13.785 13.606 14.276 14.629 13.754 13.735 13.534 14.156 14.630 13.891 13.762 13.821 13.982 14.565 13.867 13.756 13.775 13/09/2034
13.256 13.344 13.321 13.420 13.402 13.332 13.280 13.324 13.547 13.435 13.758 13.494 13.686 13.705 13.448 13.666 14.014 13.833 13.825 13.573 13.770 14.009 13.844 13.867 13.676 13.879 14.029 13.892 13.931 13.638 14/09/2034
15.863 15.899 15.832 15.554 15.616 15.795 15.746 15.779 16.101 15.815 15.850 15.818 16.013 15.881 15.908 15.519 15.732 16.160 16.011 15.917 15.593 15.717 16.036 16.246 16.072 15.825 15.906 16.399 16.406 15.846 15/09/2034
15.788 15.885 15.572 15.103 14.813 15.747 15.644 15.504 15.352 14.975 15.719 15.962 15.466 15.324 15.077 15.409 15.733 15.573 15.410 15.363 15.672 15.704 15.468 15.644 15.618 15.865 15.981 15.889 15.761 15.380 16/09/2034
15.860 15.688 15.621 15.226 15.395 15.613 15.578 15.566 15.587 15.700 15.596 15.677 15.792 15.603 15.843 15.771 16.159 15.490 15.324 15.103 15.992 16.110 15.714 15.598 15.405 16.353 16.133 15.918 15.802 15.103 17/09/2034
13.994 13.843 13.727 13.007 13.896 13.596 13.403 13.551 14.332 13.981 13.687 13.702 14.471 14.304 14.125 14.060 14.551 14.447 14.271 14.148 14.231 14.501 14.484 14.537 14.630 14.367 14.558 14.728 14.733 14.306 18/09/2034
15.298 15.447 15.527 14.101 15.335 15.432 15.420 15.499 15.978 15.313 15.581 15.537 16.165 16.114 15.356 15.951 16.723 16.213 16.127 16.117 16.042 16.712 16.499 16.234 16.378 16.006 16.661 16.548 16.354 16.267 19/09/2034
13.073 13.234 13.068 12.305 13.414 13.171 13.136 13.018 14.354 14.073 13.876 13.606 14.331 14.334 14.050 14.799 15.474 14.708 14.660 14.612 15.107 15.472 15.124 14.736 15.204 15.277 15.850 15.528 15.602 15.150 20/09/2034
12.691 12.692 12.807 12.255 12.143 12.632 12.589 12.754 12.443 12.346 12.168 12.569 12.492 12.402 12.405 12.497 13.235 12.553 12.416 12.456 13.086 13.208 12.583 12.629 12.771 13.023 13.165 12.562 12.737 12.566 21/09/2034
10.443 10.375 10.451 9.638 9.442 10.268 10.146 10.373 9.592 9.560 10.596 10.528 10.001 9.907 9.590 10.464 10.740 10.105 10.007 9.882 10.750 10.711 10.037 10.163 10.273 10.878 10.943 10.432 10.422 10.122 22/09/2034
12.172 12.087 12.083 11.565 11.585 11.924 11.767 11.971 11.998 11.725 12.314 12.186 12.194 12.099 11.829 12.485 12.639 12.216 12.094 12.040 12.704 12.586 12.357 12.275 12.373 12.969 12.768 12.608 12.491 12.196 23/09/2034
15.991 15.931 16.072 16.259 15.142 15.861 15.785 16.011 15.439 14.915 16.049 15.917 15.126 15.046 14.952 16.180 15.561 15.068 14.974 15.005 16.284 15.559 14.991 15.132 15.043 16.278 15.567 15.100 15.246 14.865 24/09/2034
15.772 15.709 15.826 14.720 14.493 15.565 15.380 15.738 14.968 14.311 15.586 15.657 15.139 14.990 14.437 15.512 16.218 15.045 14.901 14.662 15.575 16.177 15.042 15.131 14.906 15.744 16.282 15.238 15.100 14.673 25/09/2034
14.112 14.021 13.892 13.293 13.644 13.905 13.780 13.848 13.670 13.426 13.157 13.847 13.802 13.666 13.496 13.721 13.941 13.530 13.412 13.129 14.251 13.909 13.387 13.577 13.060 13.804 13.779 13.419 13.211 12.865 26/09/2034
13.742 13.810 13.447 12.618 12.897 13.687 13.547 13.333 13.212 12.955 13.614 13.749 13.615 13.534 13.061 13.977 13.820 13.431 13.328 12.961 14.164 13.807 13.790 13.495 13.080 14.090 13.588 13.663 13.300 12.907 27/09/2034
13.522 13.385 12.645 12.227 12.563 13.226 13.106 12.558 12.729 12.371 12.671 13.250 12.305 12.184 12.458 13.215 13.715 12.498 12.335 12.641 13.196 13.695 13.128 12.561 12.654 13.182 13.493 13.112 12.977 12.463 28/09/2034
14.413 14.203 13.992 13.995 13.687 14.110 14.026 13.925 13.667 13.529 13.981 14.109 13.962 13.891 13.573 14.092 14.450 13.972 13.871 13.562 14.062 14.449 14.191 14.015 13.673 14.022 14.304 14.207 13.943 13.533 29/09/2034
14.899 14.759 14.602 14.829 14.450 14.597 14.502 14.511 14.739 14.386 14.614 14.567 14.845 14.723 14.488 14.895 15.877 14.796 14.654 14.518 14.961 15.856 14.875 14.853 14.647 15.013 15.815 14.971 14.879 14.413 30/09/2034
18.316 18.257 18.183 18.057 17.718 18.169 18.138 18.126 18.225 17.763 18.096 18.093 18.320 18.182 17.854 17.999 18.308 18.082 17.869 17.833 17.806 18.296 18.103 18.144 17.881 17.787 18.093 18.232 18.107 17.594 01/10/2034
18.871 18.970 18.816 18.640 18.364 18.763 18.677 18.708 18.553 18.497 18.662 18.732 18.636 18.532 18.613 18.264 18.262 18.536 18.488 18.566 18.274 18.224 18.345 18.598 18.705 18.348 18.348 18.515 18.639 18.585 02/10/2034
19.033 18.968 18.964 18.603 18.603 18.849 18.709 18.880 18.825 18.616 19.031 19.067 18.893 18.825 18.669 19.176 19.419 19.004 18.921 18.788 19.383 19.425 19.011 19.036 19.043 19.454 19.498 19.170 19.157 18.937 03/10/2034
19.530 19.181 19.242 19.517 19.322 19.114 19.046 19.189 19.129 19.258 19.322 19.360 19.093 18.899 19.422 19.825 20.366 19.532 19.253 19.184 19.926 20.411 19.657 19.623 19.881 19.992 20.637 20.243 20.233 19.565 04/10/2034
17.204 17.146 17.214 17.119 16.399 17.013 16.932 17.173 16.492 16.580 17.203 17.314 16.518 16.331 16.786 17.319 17.107 16.538 16.318 16.332 17.382 17.151 16.573 16.625 16.693 17.358 17.114 16.921 16.859 16.392 05/10/2034
17.151 17.012 17.177 16.729 16.790 16.736 16.533 17.023 17.043 16.781 16.900 17.016 17.064 16.834 16.960 16.918 17.115 16.749 16.506 16.553 17.037 17.074 16.796 16.871 16.608 16.862 16.670 16.620 16.550 16.241 06/10/2034
17.530 17.458 17.617 17.402 17.715 17.268 17.134 17.542 18.088 17.853 17.463 17.580 17.955 17.799 17.927 17.409 17.781 17.983 17.831 18.096 17.554 17.735 17.893 18.040 18.567 17.704 17.860 18.164 18.190 18.325 07/10/2034
17.370 17.373 17.336 17.254 17.140 17.254 17.151 17.260 18.391 18.083 17.225 17.315 17.422 17.340 18.138 16.983 16.881 17.784 17.682 17.769 16.978 16.860 17.287 17.819 17.990 17.042 16.997 17.548 18.237 17.849 08/10/2034
19.349 19.269 19.333 19.422 19.313 19.113 18.980 19.232 19.698 19.409 18.974 19.230 19.352 19.253 19.501 19.352 19.821 19.348 19.223 19.277 19.496 19.827 19.220 19.382 19.436 19.401 19.566 19.297 19.364 19.274 09/10/2034
20.584 20.440 20.534 20.825 20.658 20.291 20.204 20.472 21.252 20.823 20.379 20.463 20.974 20.858 20.866 20.892 21.376 21.112 21.007 21.091 21.116 21.356 20.973 21.181 21.428 21.275 21.406 21.191 21.338 21.213 10/10/2034
22.031 21.789 21.753 20.764 20.874 21.636 21.527 21.673 21.120 20.775 21.702 21.712 20.998 20.898 20.825 21.257 21.340 20.904 20.758 20.781 21.376 21.314 21.037 20.944 20.888 21.468 21.241 21.045 20.948 20.657 11/10/2034
21.081 21.027 21.168 20.907 20.945 20.952 20.865 21.112 21.411 20.928 21.183 21.013 21.174 21.120 20.953 21.846 21.379 20.945 20.914 20.991 21.693 21.378 21.172 20.983 20.825 21.520 21.260 21.084 20.985 20.786 12/10/2034
17.203 17.483 17.400 16.870 17.278 17.338 17.254 17.298 17.548 17.429 17.692 17.509 17.537 17.407 17.554 17.737 17.936 17.559 17.419 17.481 17.863 17.920 17.781 17.622 17.642 17.976 18.020 18.019 17.870 17.457 13/10/2034
17.676 17.722 17.893 17.982 17.962 17.598 17.504 17.820 18.558 17.844 17.647 17.564 18.637 18.442 17.956 18.237 19.185 18.454 18.194 18.306 18.212 19.164 18.523 18.564 18.356 18.207 19.117 18.752 18.655 17.993 14/10/2034
17.070 17.084 17.110 17.215 17.113 16.915 16.795 17.031 17.616 17.047 17.002 17.005 17.917 17.766 17.103 18.289 18.301 17.649 17.478 17.457 18.427 18.272 17.708 17.705 17.618 18.409 18.180 17.698 17.714 17.423 15/10/2034
18.541 18.672 18.832 18.731 18.157 18.648 18.589 18.784 18.468 17.958 18.588 18.581 18.695 18.592 17.995 19.802 19.259 18.508 18.401 18.381 19.852 19.231 18.563 18.560 18.579 19.910 19.281 18.749 18.725 18.399 16/10/2034
17.408 17.386 17.342 17.161 17.565 17.303 17.231 17.278 17.630 17.489 17.362 17.224 17.767 17.721 17.544 17.676 18.000 17.653 17.594 17.654 17.791 17.972 17.782 17.669 17.704 17.812 18.000 17.902 17.823 17.614 17/10/2034
18.247 18.146 18.108 18.301 18.484 18.104 18.112 18.088 18.624 18.397 18.046 17.951 18.678 18.585 18.507 18.407 18.368 18.533 18.424 18.520 18.338 18.348 18.570 18.583 18.549 18.327 18.325 18.777 18.655 18.372 18/10/2034
19.507 19.508 19.555 19.350 19.348 19.432 19.368 19.504 19.980 19.429 19.298 19.437 19.929 19.845 19.562 20.482 20.608 19.845 19.700 19.848 20.689 20.563 19.761 19.882 19.748 20.899 20.770 20.019 19.842 19.553 19/10/2034
19.711 19.654 19.642 19.314 19.299 19.546 19.428 19.600 19.709 19.297 19.333 19.472 19.772 19.679 19.382 19.541 19.880 19.643 19.508 19.577 19.605 19.850 19.598 19.672 19.606 19.671 19.861 19.664 19.665 19.460 20/10/2034
19.782 19.666 19.663 19.343 19.542 19.606 19.537 19.608 19.606 19.497 19.562 19.488 19.714 19.622 19.556 20.191 19.757 19.500 19.433 19.534 20.121 19.762 19.536 19.573 19.514 20.094 19.743 19.622 19.574 19.395 21/10/2034
19.612 19.590 19.558 19.619 19.141 19.549 19.439 19.519 19.314 19.072 19.416 19.390 19.361 19.312 19.121 19.953 20.036 19.246 19.189 19.172 19.960 20.030 19.404 19.273 19.194 20.044 20.009 19.482 19.308 19.093 22/10/2034
18.570 18.497 18.412 17.980 18.564 18.370 18.081 18.310 18.708 18.740 18.333 18.353 18.955 18.872 18.800 18.269 18.606 18.818 18.706 18.670 18.538 18.562 18.907 18.853 18.603 18.923 18.685 18.991 18.837 18.515 23/10/2034
14.434 14.382 14.276 13.691 15.851 14.177 13.983 14.158 15.569 15.922 14.217 14.246 15.595 15.500 16.006 13.857 14.351 15.509 15.389 15.358 14.052 14.306 15.422 15.563 15.538 14.270 14.389 15.541 15.615 15.369 24/10/2034
11.575 11.640 11.559 11.297 11.007 11.506 11.376 11.490 11.314 11.096 11.625 11.546 11.496 11.459 11.114 11.449 10.566 11.495 11.472 11.318 11.621 10.557 11.506 11.520 11.493 11.752 10.669 11.613 11.552 11.453 25/10/2034
10.795 10.833 10.650 9.986 10.034 10.756 10.676 10.608 10.267 10.025 10.794 10.727 10.494 10.425 10.130 11.139 10.810 10.435 10.345 10.106 11.228 10.795 10.485 10.480 10.246 11.277 10.763 10.556 10.503 10.119 26/10/2034
15.596 15.486 15.290 13.846 14.489 15.264 15.106 15.168 15.001 14.553 15.323 15.284 15.087 14.966 14.620 15.267 15.290 15.024 14.858 14.749 15.377 15.247 15.030 15.087 14.916 15.560 15.316 15.190 15.141 14.698 27/10/2034
14.806 14.728 14.870 14.992 14.765 14.564 14.467 14.781 15.256 14.835 14.610 14.725 15.001 14.876 14.926 14.749 15.228 14.997 14.872 14.851 14.897 15.190 14.896 15.067 15.037 14.976 15.299 15.118 15.169 14.833 28/10/2034
13.984 14.115 14.179 13.778 14.000 13.927 13.734 14.037 14.618 14.256 14.078 14.171 14.532 14.386 14.380 14.280 14.974 14.560 14.396 14.426 14.499 14.920 14.439 14.627 14.670 14.868 15.152 14.768 14.764 14.440 29/10/2034
12.150 12.299 12.174 11.638 11.894 12.256 12.183 12.140 12.316 12.197 12.404 12.405 12.379 12.291 12.240 12.855 13.370 12.520 12.426 12.427 12.947 13.365 12.443 12.542 12.534 13.175 13.483 12.663 12.632 12.415 30/10/2034
11.049 11.243 11.066 11.041 11.138 11.236 11.233 11.058 11.285 11.277 11.455 11.414 11.543 11.524 11.282 12.418 12.560 11.607 11.619 11.520 12.527 12.588 11.703 11.613 11.463 12.870 12.431 11.716 11.586 11.503 31/10/2034
13.395 13.370 13.328 13.081 12.445 13.222 13.150 13.215 12.463 12.521 13.123 13.214 12.574 12.495 12.657 12.444 13.005 12.410 12.333 12.446 12.384 13.033 12.349 12.427 12.092 12.367 12.763 12.274 12.166 12.002 01/11/2034
8.525 8.546 8.296 7.370 6.179 8.399 8.292 8.180 7.292 6.597 8.254 8.299 7.774 7.185 7.054 7.288 7.729 7.638 6.998 7.095 7.343 7.710 7.395 7.915 7.957 7.458 7.767 8.132 8.115 7.072 02/11/2034
2.352 2.396 2.093 1.357 2.149 2.097 1.921 1.925 2.826 2.375 2.192 2.155 3.256 3.039 2.530 2.527 3.016 3.236 2.957 2.952 2.841 2.966 3.210 3.342 3.364 3.220 3.130 3.570 3.509 3.002 03/11/2034
1.013 1.135 1.115 0.219 0.531 1.195 1.235 1.174 0.447 0.610 1.088 1.164 0.566 0.595 0.661 1.145 1.172 0.512 0.622 0.635 1.224 1.161 0.439 0.596 0.511 1.234 1.114 0.476 0.504 0.536 04/11/2034
-0.554 -0.384 -0.173 -0.735 0.180 -0.336 -0.278 -0.077 0.309 0.626 -0.277 -0.174 0.358 0.346 0.731 -0.285 0.110 0.680 0.784 0.742 0.269 0.051 0.543 0.826 1.239 1.068 0.743 1.239 1.268 1.095 05/11/2034
2.087 2.891 3.071 2.671 2.930 2.915 2.995 3.129 3.608 3.650 2.454 3.180 3.609 3.589 3.699 2.414 3.136 3.435 3.472 3.762 2.707 3.103 3.060 3.487 3.647 2.898 3.239 3.147 3.487 3.695 06/11/2034
7.963 8.154 8.189 8.050 8.285 8.118 8.128 8.173 8.536 8.530 7.683 8.028 8.495 8.480 8.578 7.630 8.281 8.281 8.250 8.510 7.857 8.262 8.225 8.303 8.370 8.028 8.282 8.247 8.389 8.322 07/11/2034
8.324 8.272 8.833 8.957 8.730 8.189 8.096 8.805 8.832 8.618 8.066 8.175 8.573 8.479 8.678 8.527 8.378 8.134 8.060 8.519 8.696 8.354 8.110 8.189 8.499 8.931 8.422 8.298 8.290 8.372 08/11/2034
11.058 10.908 10.755 10.918 10.653 10.728 10.588 10.649 10.776 10.604 10.869 10.776 10.839 10.756 10.694 11.030 10.938 10.872 10.740 10.652 11.211 10.932 11.020 10.937 10.889 11.436 11.004 11.254 11.056 10.724 09/11/2034
11.596 11.612 11.664 12.008 11.102 11.717 11.806 11.733 11.311 11.070 11.944 11.720 11.307 11.289 11.177 11.930 11.246 11.298 11.276 11.175 11.872 11.213 11.392 11.275 11.185 12.082 11.371 11.401 11.229 11.188 10/11/2034
10.208 10.089 10.012 9.689 9.728 9.976 9.908 9.961 9.897 9.696 10.059 9.941 9.978 9.865 9.784 10.032 10.140 9.785 9.665 9.757 10.117 10.088 9.870 9.845 9.794 10.306 10.212 10.085 9.913 9.618 11/11/2034
11.398 11.203 11.085 10.658 10.345 10.971 10.813 10.933 10.461 10.192 11.116 11.007 10.481 10.350 10.310 11.292 11.170 10.425 10.257 10.223 11.402 11.124 10.452 10.498 10.463 11.637 11.374 10.805 10.660 10.223 12/11/2034
12.865 12.796 12.843 12.555 12.499 12.560 12.398 12.693 12.815 12.656 12.821 12.840 12.767 12.660 12.753 12.655 13.038 12.950 12.800 12.809 13.103 13.009 12.922 12.994 13.057 13.194 13.141 13.128 13.097 12.843 13/11/2034
10.281 10.182 10.512 10.399 10.032 10.052 9.978 10.440 10.316 10.210 10.088 10.186 10.071 9.974 10.261 10.148 10.504 10.230 10.116 10.332 10.470 10.472 9.847 10.269 10.614 10.640 10.726 10.147 10.552 10.469 14/11/2034
8.855 8.737 8.906 8.603 8.570 8.620 8.527 8.814 8.935 8.558 8.305 8.465 8.872 8.734 8.653 8.482 8.909 8.611 8.461 8.489 8.489 8.879 8.298 8.680 8.507 8.655 9.055 8.665 8.766 8.233 15/11/2034
10.526 10.406 10.449 10.453 10.376 10.134 9.914 10.285 10.802 10.392 9.971 10.140 10.688 10.528 10.480 10.253 10.662 10.556 10.401 10.292 10.437 10.609 10.427 10.621 10.328 10.770 10.834 10.669 10.584 10.078 16/11/2034
12.225 11.991 11.814 11.610 11.441 11.784 11.620 11.693 11.693 11.297 11.680 11.630 11.816 11.662 11.430 11.734 11.780 11.884 11.686 11.796 11.755 11.740 11.701 11.976 12.006 12.106 12.049 12.148 12.161 11.708 17/11/2034
10.664 10.377 10.313 10.132 9.974 10.295 10.226 10.284 10.156 10.027 10.349 10.317 10.254 10.092 10.154 10.581 10.720 10.294 10.163 10.203 10.716 10.695 10.276 10.358 10.359 10.864 10.747 10.487 10.457 10.158 18/11/2034
10.466 10.251 10.209 10.067 10.067 10.164 10.078 10.181 10.575 10.221 9.585 9.769 10.535 10.363 10.285 9.779 10.080 10.136 9.971 10.243 9.612 10.046 9.812 10.219 10.281 9.507 10.024 9.913 9.985 10.022 19/11/2034
14.326 14.119 13.941 13.260 13.651 13.915 13.742 13.819 13.780 13.683 13.886 13.881 14.119 13.968 13.775 14.387 14.637 14.076 13.907 13.663 14.444 14.559 14.033 14.154 14.066 14.795 14.833 14.364 14.292 13.836 20/11/2034
12.593 12.512 12.415 11.913 11.937 12.308 12.166 12.299 12.518 12.243 12.296 12.459 12.546 12.417 12.363 12.285 12.883 12.628 12.459 12.473 12.606 12.843 12.422 12.695 12.705 12.806 13.065 12.664 12.751 12.464 21/11/2034
7.213 7.205 7.100 6.528 6.628 7.145 7.035 7.015 7.097 6.929 7.167 7.247 7.146 7.069 6.987 7.381 7.443 7.222 7.141 7.200 7.432 7.426 7.067 7.243 7.319 7.467 7.440 7.162 7.332 7.219 22/11/2034
4.333 4.251 4.015 3.739 3.481 4.169 4.080 3.955 3.914 3.754 4.310 4.146 3.857 3.817 3.793 4.489 4.789 4.112 4.038 4.123 4.620 4.784 4.090 4.104 4.462 4.742 4.796 4.239 4.180 4.361 23/11/2034
5.087 5.089 4.943 4.859 4.793 4.977 4.889 4.912 5.168 4.937 5.276 5.245 4.952 4.927 5.002 5.069 5.429 5.129 5.090 5.111 5.227 5.420 5.121 5.129 5.403 5.247 5.546 5.283 5.293 5.365 24/11/2034
7.799 7.642 7.471 7.456 7.338 7.532 7.444 7.448 7.527 7.335 7.661 7.614 7.632 7.617 7.378 7.769 7.749 7.782 7.735 7.663 7.826 7.741 7.811 7.809 7.926 7.903 7.730 7.878 7.884 7.837 25/11/2034
8.944 8.644 8.381 8.134 7.953 8.522 8.401 8.278 8.044 7.868 8.507 8.526 8.164 8.200 7.879 8.681 8.911 8.332 8.325 8.206 8.583 8.928 8.359 8.350 8.396 8.639 8.973 8.451 8.452 8.380 26/11/2034
8.793 8.678 8.539 8.605 7.886 8.553 8.427 8.483 8.177 7.860 8.495 8.557 8.246 8.210 7.889 8.421 8.820 8.292 8.222 8.163 8.490 8.800 8.305 8.345 8.420 9.020 9.405 8.876 8.645 8.312 27/11/2034
8.745 8.870 8.643 8.406 8.630 8.746 8.647 8.599 8.904 8.794 8.862 8.978 9.019 8.961 8.829 8.765 9.119 9.082 9.032 8.980 8.675 9.090 9.094 9.121 9.231 8.620 9.020 9.111 9.151 9.119 28/11/2034
9.049 8.972 8.902 8.831 8.517 8.846 8.713 8.839 8.787 8.492 8.783 8.923 8.864 8.741 8.570 9.294 9.293 8.661 8.584 8.569 9.345 9.269 8.761 8.722 8.724 9.412 9.082 8.758 8.716 8.555 29/11/2034
8.546 8.435 8.240 7.907 8.315 8.295 8.171 8.128 7.759 8.345 8.088 8.102 7.854 7.745 8.362 8.556 7.487 7.634 7.461 7.569 8.530 7.490 7.601 7.696 7.625 8.723 7.171 7.611 7.605 7.417 30/11/2034
11.253 11.386 11.341 10.636 11.398 11.437 11.488 11.389 12.086 11.682 11.311 11.308 11.923 11.844 11.711 11.156 11.376 11.649 11.551 11.728 11.283 11.331 11.478 11.720 11.552 11.472 11.370 11.585 11.564 11.381 01/12/2034
13.269 13.119 13.166 13.077 11.327 12.957 12.829 13.077 12.840 11.723 12.897 13.175 13.060 12.739 12.111 12.218 11.992 13.096 12.714 12.726 12.284 11.992 12.877 13.270 13.295 12.272 11.735 13.277 13.417 12.731 02/12/2034
11.303 11.178 11.031 10.439 10.336 11.049 10.970 10.937 10.852 10.413 11.294 11.137 11.183 11.098 10.446 11.497 11.305 11.156 11.025 10.865 11.623 11.279 11.263 11.191 11.003 11.660 11.158 11.270 11.019 10.872 03/12/2034
10.269 10.251 10.184 10.092 10.161 10.098 10.009 10.087 10.796 10.413 10.282 10.261 10.975 10.863 10.531 11.033 10.870 10.987 10.890 10.715 11.194 10.829 10.883 11.037 10.673 11.337 10.931 11.124 10.981 10.460 04/12/2034
7.350 7.215 7.121 6.643 7.089 7.028 6.889 7.013 7.301 7.211 6.927 6.956 7.330 7.258 7.285 7.311 7.243 7.322 7.234 7.185 7.442 7.215 7.295 7.367 7.423 7.729 7.388 7.510 7.481 7.303 05/12/2034
9.386 9.599 9.448 8.967 9.025 9.450 9.333 9.361 9.640 9.277 9.574 9.552 9.497 9.409 9.346 9.169 8.777 9.496 9.403 9.634 9.385 8.775 9.514 9.525 9.713 9.565 8.775 9.632 9.621 9.596 06/12/2034
12.898 12.841 12.589 12.156 11.844 12.478 12.247 12.395 12.620 12.152 12.708 12.657 12.796 12.550 12.293 12.849 12.727 12.792 12.498 12.569 13.401 12.686 12.772 12.919 12.894 13.730 13.097 13.241 13.080 12.483 07/12/2034
7.437 7.587 7.548 6.633 6.760 7.400 7.304 7.439 7.294 6.791 7.693 7.608 7.473 7.354 6.855 7.361 7.586 7.422 7.223 7.214 7.498 7.585 7.519 7.471 7.523 7.618 7.585 7.663 7.632 7.284 08/12/2034
4.253 4.223 4.028 3.156 4.227 4.109 3.998 3.946 4.330 4.334 4.347 4.192 4.560 4.479 4.391 4.561 4.552 4.632 4.499 4.383 4.660 4.550 4.703 4.658 4.621 4.862 4.603 4.849 4.764 4.480 09/12/2034
1.562 1.552 1.472 0.858 1.688 1.427 1.323 1.403 2.039 1.876 1.246 1.472 2.059 1.968 1.976 1.573 1.880 2.124 1.990 2.043 1.739 1.885 1.935 2.166 2.279 1.951 1.965 2.128 2.263 2.100 10/12/2034
-0.317 -0.157 -0.176 -0.453 -0.312 -0.206 -0.281 -0.205 0.307 -0.008 -0.275 -0.117 0.358 0.096 0.223 -0.231 0.141 0.485 0.154 0.360 -0.016 0.081 0.190 0.609 0.929 0.503 0.369 0.878 1.010 0.401 11/12/2034
-0.543 -0.854 -0.958 -1.149 -1.082 -0.957 -1.065 -1.035 -1.260 -1.347 -1.597 -1.516 -1.263 -1.395 -1.243 -1.621 -1.805 -1.463 -1.615 -1.416 -1.755 -1.843 -1.701 -1.400 -1.396 -1.809 -2.114 -1.768 -1.517 -1.572 12/12/2034
0.774 0.340 0.246 -0.124 0.135 0.193 0.068 0.153 0.095 0.013 -0.133 -0.086 0.450 0.360 0.103 -0.034 -0.130 0.359 0.247 0.177 0.028 -0.160 0.255 0.399 0.498 0.096 -0.257 0.299 0.358 0.326 13/12/2034
2.137 2.157 2.438 1.655 1.729 2.017 1.887 2.332 2.770 2.286 1.850 2.210 2.414 2.296 2.350 1.902 2.464 3.032 2.879 3.506 2.283 2.443 2.251 3.109 4.004 2.920 3.024 3.217 3.641 3.749 14/12/2034
-1.303 -1.028 -0.803 -0.755 -1.066 -1.138 -1.209 -0.920 -0.431 -0.663 -1.133 -0.747 -0.694 -0.750 -0.577 -0.644 0.049 -0.393 -0.479 -0.265 -0.115 0.022 -0.704 -0.333 -0.034 0.275 0.316 -0.386 -0.140 -0.237 15/12/2034
0.333 0.425 0.635 0.606 0.078 0.331 0.244 0.538 1.279 0.146 0.071 0.383 0.978 0.932 0.320 0.859 1.198 0.940 0.876 1.137 0.948 1.156 0.595 0.977 1.111 1.013 1.276 0.721 0.960 0.955 16/12/2034
2.296 2.300 2.350 1.706 1.298 2.065 1.909 2.205 2.715 1.662 2.005 2.200 2.453 2.302 1.805 2.672 3.049 2.620 2.389 2.849 2.927 3.005 2.205 2.700 3.054 3.353 3.289 2.750 2.942 2.761 17/12/2034
2.593 2.632 2.741 2.301 1.756 2.418 2.261 2.579 2.674 2.032 2.396 2.575 2.447 2.298 2.186 2.728 3.116 2.538 2.336 2.627 3.053 3.072 2.351 2.619 2.811 3.313 3.345 2.776 2.826 2.512 18/12/2034
2.639 2.638 2.842 3.178 2.720 2.510 2.404 2.754 2.976 2.581 2.509 2.521 2.638 2.473 2.739 2.486 2.827 2.481 2.307 2.520 2.646 2.782 2.549 2.545 2.615 2.810 2.953 2.856 2.762 2.397 19/12/2034
3.587 3.809 4.304 4.586 3.731 3.711 3.641 4.215 4.321 3.723 3.527 3.893 3.996 3.878 3.832 3.973 3.947 3.645 3.526 3.927 3.938 3.919 3.474 3.711 3.713 3.852 3.830 3.506 3.554 3.525 20/12/2034
3.787 3.786 4.061 3.927 3.970 3.617 3.470 3.926 4.115 3.874 3.664 3.684 3.800 3.715 3.899 4.034 4.071 3.524 3.418 3.686 3.837 4.061 3.429 3.563 3.555 3.697 4.016 3.514 3.560 3.406 21/12/2034
7.676 7.603 7.522 7.180 7.438 7.439 7.301 7.428 7.845 7.543 7.429 7.476 7.845 7.766 7.608 7.953 8.190 7.674 7.535 7.679 7.981 8.163 7.617 7.728 7.706 8.001 8.150 7.671 7.728 7.530 22/12/2034
11.909 11.752 11.590 11.188 11.192 11.626 11.555 11.522 11.401 11.002 11.434 11.334 11.654 11.503 11.081 11.928 11.645 11.324 11.178 11.225 11.634 11.643 11.194 11.398 11.085 11.302 11.256 10.825 11.092 10.895 23/12/2034
12.073 12.000 12.181 11.294 11.598 11.825 11.675 12.073 11.683 11.542 11.531 11.827 11.713 11.609 11.537 11.846 11.523 11.501 11.443 11.555 11.892 11.517 11.142 11.541 11.582 11.953 11.438 11.102 11.451 11.495 24/12/2034
9.204 9.036 9.187 8.497 8.530 8.864 8.734 9.094 8.636 8.529 8.664 8.734 8.660 8.568 8.612 8.920 9.033 8.606 8.503 8.567 9.117 9.011 8.420 8.653 8.463 9.217 8.919 8.365 8.486 8.321 25/12/2034
8.315 8.147 8.265 7.686 7.465 7.980 7.821 8.156 7.762 7.447 7.245 7.755 7.760 7.652 7.586 7.177 7.713 7.439 7.283 7.550 7.307 7.690 7.352 7.510 7.517 7.453 7.498 7.325 7.357 7.308 26/12/2034
9.038 8.955 8.921 9.211 8.787 8.821 8.829 8.830 9.267 8.789 8.643 8.758 9.218 9.180 8.836 9.698 9.832 9.237 9.153 9.278 9.670 9.809 9.182 9.263 9.320 9.647 9.696 9.094 9.250 9.200 27/12/2034
7.544 7.437 7.421 7.376 7.129 7.282 7.187 7.343 7.687 7.254 7.133 7.201 7.669 7.538 7.371 7.523 7.779 7.667 7.481 7.681 7.866 7.742 7.560 7.742 7.832 8.159 7.873 7.857 7.923 7.579 28/12/2034
6.095 5.980 5.879 5.608 5.456 5.822 5.697 5.767 5.596 5.384 5.875 5.820 5.848 5.754 5.380 5.966 5.874 5.753 5.643 5.490 6.163 5.861 5.876 5.805 5.738 6.449 5.967 6.164 5.927 5.522 29/12/2034
6.930 7.060 6.563 5.756 5.697 6.909 6.785 6.488 6.383 5.792 7.116 6.977 6.783 6.666 5.852 7.521 7.461 6.771 6.638 6.413 7.747 7.437 6.950 6.840 6.637 7.787 7.470 7.103 6.918 6.425 30/12/2034
10.203 9.886 9.790 9.180 10.033 9.699 9.554 9.672 10.379 10.074 9.668 9.768 10.630 10.468 10.203 10.017 10.258 10.738 10.551 10.476 10.280 10.222 10.737 10.816 10.734 10.520 10.342 10.990 10.911 10.453 31/12/2034
8.770 8.898 8.734 8.021 8.849 8.718 8.580 8.625 9.436 8.998 8.835 8.778 9.647 9.522 9.117 8.884 9.087 9.635 9.498 9.443 9.181 9.051 9.679 9.694 9.639 9.315 9.271 10.001 9.858 9.420 01/01/2035
6.621 6.531 6.309 5.451 5.623 6.425 6.318 6.266 5.777 5.669 6.307 6.299 6.127 6.050 5.698 6.647 6.889 6.103 5.988 5.877 6.717 6.863 6.142 6.142 6.147 6.808 6.993 6.306 6.274 5.985 02/01/2035
8.986 8.902 8.769 8.442 7.507 8.759 8.603 8.687 8.034 7.642 8.811 8.763 8.108 7.983 7.713 8.967 8.954 8.127 7.972 8.034 9.140 8.936 8.071 8.197 8.369 9.211 9.083 8.322 8.387 8.206 03/01/2035
7.260 7.195 6.969 6.403 6.255 7.020 6.866 6.857 6.756 6.456 7.047 7.101 6.970 6.867 6.543 7.181 7.350 7.039 6.926 6.778 7.141 7.328 7.024 7.110 6.866 7.252 7.010 6.789 6.781 6.702 04/01/2035
9.514 9.445 9.202 8.696 8.400 9.242 9.089 9.074 8.891 8.624 9.438 9.373 9.200 9.046 8.745 9.679 9.659 9.218 9.064 8.909 9.807 9.604 9.291 9.295 9.183 10.048 9.661 9.472 9.383 8.960 05/01/2035
11.737 11.578 11.476 11.043 10.643 11.402 11.273 11.344 11.175 10.631 11.293 11.248 11.269 11.109 10.744 11.446 11.551 11.067 10.922 10.936 11.505 11.520 11.145 11.136 11.251 11.707 11.561 11.380 11.146 11.006 06/01/2035
6.597 6.520 6.443 6.347 6.022 6.355 6.233 6.335 6.268 6.210 6.614 6.446 6.299 6.179 6.272 6.735 6.850 6.401 6.316 6.404 6.957 6.833 6.388 6.435 6.730 7.151 7.087 6.688 6.634 6.594 07/01/2035
6.762 6.640 6.585 5.802 5.717 6.476 6.320 6.466 6.183 5.822 6.577 6.468 6.227 6.126 5.891 7.094 7.135 6.193 6.103 6.124 7.134 7.118 6.202 6.238 6.213 7.423 7.231 6.416 6.346 6.058 08/01/2035
7.421 7.333 7.406 6.627 6.394 7.175 7.040 7.285 6.960 6.502 7.082 7.157 6.977 6.853 6.627 7.599 7.412 6.898 6.737 6.854 7.660 7.368 6.680 6.959 7.029 7.746 7.418 6.869 7.027 6.810 09/01/2035
-0.069 -0.163 -0.137 -0.381 -0.168 -0.201 -0.268 -0.159 -0.034 -0.258 -0.144 -0.199 -0.042 -0.053 -0.233 0.355 0.681 -0.031 -0.127 -0.137 0.396 0.669 0.017 -0.066 -0.125 0.471 0.773 0.131 0.018 -0.192 10/01/2035
9.377 9.399 9.247 9.378 7.629 9.285 9.210 9.175 7.968 7.697 9.413 9.267 8.112 8.043 7.798 8.457 7.862 8.125 8.017 7.929 8.581 7.845 8.196 8.151 8.007 8.626 7.901 8.349 8.237 7.860 11/01/2035
11.635 11.629 11.526 11.325 10.548 11.444 11.295 11.419 10.718 10.597 11.537 11.517 10.904 10.867 10.729 10.337 11.119 10.886 10.845 11.069 10.441 11.068 10.872 10.894 11.171 10.742 11.409 11.003 11.058 11.200 12/01/2035
7.672 7.470 7.429 7.301 6.821 7.326 7.168 7.337 7.082 7.010 7.357 7.296 7.114 7.064 7.118 7.112 7.362 7.015 6.918 7.092 7.104 7.353 6.970 7.041 7.374 7.151 7.369 7.015 7.118 7.239 13/01/2035
6.590 6.395 6.164 4.964 4.888 6.145 5.951 5.999 5.497 5.002 6.062 5.847 5.590 5.475 5.096 6.363 5.985 5.537 5.406 5.481 6.486 5.955 5.242 5.597 5.683 6.617 6.050 5.438 5.640 5.492 14/01/2035
4.294 4.005 3.679 3.158 3.240 3.698 3.460 3.507 3.363 3.124 3.617 3.590 3.470 3.382 3.221 3.726 3.825 3.345 3.238 3.182 3.885 3.754 3.492 3.388 3.339 4.037 3.824 3.539 3.518 3.127 15/01/2035
5.095 4.926 4.749 4.379 4.441 4.670 4.484 4.588 4.815 4.551 4.647 4.633 4.864 4.727 4.710 4.752 4.714 4.824 4.653 4.674 4.795 4.662 4.832 4.918 4.856 5.015 4.843 5.134 5.042 4.555 16/01/2035
4.001 3.809 3.871 3.482 3.332 3.601 3.404 3.728 3.691 3.405 3.639 3.658 3.741 3.593 3.527 3.986 4.179 3.809 3.610 3.687 4.272 4.143 3.673 3.860 3.949 4.612 4.530 4.108 4.037 3.717 17/01/2035
3.437 3.309 3.127 3.150 2.884 3.104 2.902 3.006 3.273 2.840 3.138 3.114 3.355 3.240 2.943 3.104 3.351 3.283 3.201 3.163 3.155 3.304 3.342 3.327 3.251 3.234 3.357 3.458 3.381 3.124 18/01/2035
0.657 0.607 0.314 0.000 0.761 0.532 0.461 0.242 0.397 0.781 0.573 0.518 0.487 0.444 0.818 0.760 0.944 0.518 0.475 0.421 0.804 0.938 0.648 0.527 0.577 0.921 0.929 0.694 0.594 0.476 19/01/2035
1.111 1.036 0.871 0.317 0.871 0.979 0.916 0.815 0.738 0.811 1.026 0.992 0.941 0.847 0.896 1.276 1.354 0.811 0.769 0.678 1.271 1.325 1.168 0.833 0.779 1.137 1.286 1.146 0.971 0.737 20/01/2035
5.708 5.736 5.701 5.643 5.526 5.591 5.477 5.626 5.108 5.675 5.718 5.769 5.061 5.012 5.816 5.631 6.381 5.103 5.072 5.038 5.633 6.397 5.150 5.135 5.168 5.553 6.439 5.360 5.261 5.089 21/01/2035
6.073 6.157 6.479 6.406 7.254 6.374 6.492 6.587 7.081 7.239 6.329 6.339 6.821 6.841 7.718 7.254 7.759 6.702 6.698 6.782 7.028 7.743 6.738 6.697 6.558 7.391 7.694 6.607 6.517 6.563 22/01/2035
6.948 7.045 7.331 7.369 8.781 7.275 7.418 7.470 8.040 8.577 7.256 7.223 7.682 7.815 8.601 7.607 8.700 7.576 7.731 7.777 7.405 8.663 7.700 7.526 7.479 7.266 8.729 7.394 7.342 7.674 23/01/2035
9.290 8.974 9.076 8.953 9.373 8.760 8.574 8.905 9.387 9.151 8.956 8.916 9.169 9.130 9.224 9.071 8.416 9.251 9.068 8.975 9.171 8.384 9.342 9.235 9.358 9.293 8.574 9.428 9.368 9.204 24/01/2035
7.398 7.245 7.267 7.520 7.709 7.102 7.003 7.163 7.799 7.711 7.301 7.149 7.630 7.615 7.692 7.402 7.460 7.768 7.690 7.680 7.495 7.449 7.761 7.753 7.882 7.667 7.680 7.971 7.921 7.851 25/01/2035
4.630 4.274 4.578 5.420 6.255 4.194 4.160 4.509 6.220 6.281 3.967 4.060 5.992 5.930 6.345 4.777 5.661 6.157 6.052 6.255 5.248 5.638 5.923 6.204 6.678 5.837 5.998 6.344 6.511 6.516 26/01/2035
2.665 2.603 2.522 1.556 1.988 2.452 2.326 2.426 2.432 2.211 2.385 2.440 2.467 2.387 2.246 3.184 3.358 2.444 2.364 2.496 3.485 3.357 2.364 2.485 2.798 3.733 3.622 2.760 2.724 2.619 27/01/2035
0.459 0.126 0.009 -0.392 -0.167 -0.008 -0.167 -0.089 -0.035 -0.162 0.005 -0.098 -0.010 -0.064 -0.106 0.106 0.097 -0.114 -0.141 -0.137 0.116 0.085 -0.098 -0.111 -0.091 0.051 0.030 -0.180 -0.146 -0.129 28/01/2035
0.246 -0.012 -0.125 -0.175 -0.097 -0.316 -0.613 -0.328 0.182 -0.117 -0.282 -0.304 0.303 0.133 0.031 0.043 -0.137 0.194 0.009 -0.010 0.247 -0.186 0.143 0.261 0.250 0.449 -0.078 0.294 0.289 -0.007 29/01/2035
5.818 5.422 5.225 4.665 4.800 5.366 5.280 5.158 4.784 4.813 5.430 5.184 4.999 4.962 4.814 4.970 4.831 4.811 4.772 4.868 4.991 4.808 4.999 4.870 4.840 4.977 4.803 4.917 4.787 4.738 30/01/2035
5.342 5.472 5.531 5.449 5.254 5.425 5.358 5.531 5.432 5.363 5.469 5.566 5.491 5.474 5.365 5.873 6.057 5.406 5.373 5.421 5.893 6.061 5.400 5.430 5.342 5.846 5.898 5.286 5.324 5.263 31/01/2035
4.217 4.256 4.297 3.844 3.769 4.078 3.917 4.202 4.168 3.821 4.079 4.224 4.219 4.148 3.884 4.648 4.538 4.194 4.093 4.140 4.721 4.549 4.125 4.231 4.241 4.738 4.432 4.146 4.216 4.122 01/02/2035
2.305 2.294 2.246 1.939 2.371 2.137 2.028 2.162 2.527 2.561 2.161 2.234 2.549 2.480 2.580 2.650 2.736 2.584 2.501 2.588 2.749 2.742 2.470 2.606 2.720 2.866 2.814 2.569 2.643 2.603 02/02/2035
1.998 1.722 1.684 1.084 1.608 1.498 1.336 1.559 1.911 1.835 1.401 1.578 1.849 1.814 1.963 1.630 1.987 1.822 1.782 1.943 1.841 1.965 1.675 1.848 1.942 2.097 2.070 1.788 1.935 1.836 03/02/2035
0.758 0.688 0.695 0.248 0.492 0.541 0.399 0.573 1.337 0.766 0.520 0.644 1.344 1.293 0.827 0.534 1.018 1.419 1.325 1.402 0.850 0.984 1.277 1.449 1.599 1.136 1.148 1.581 1.607 1.448 04/02/2035
2.112 2.290 2.305 2.065 2.066 2.193 2.122 2.245 2.908 2.362 2.081 2.228 2.889 2.846 2.434 2.245 2.687 2.891 2.866 2.872 2.423 2.660 2.781 2.925 3.031 2.676 2.777 2.913 2.904 2.955 05/02/2035
5.611 5.523 5.688 4.820 5.054 5.354 5.218 5.570 5.722 5.067 5.218 5.370 5.582 5.566 5.112 5.137 5.203 5.462 5.407 5.629 5.254 5.156 5.356 5.427 5.484 5.417 5.208 5.314 5.349 5.444 06/02/2035
7.847 7.596 8.257 8.014 8.059 7.551 7.482 8.213 8.413 7.679 7.214 7.355 7.763 7.668 7.686 7.731 7.349 7.313 7.149 7.749 7.657 7.340 7.087 7.362 7.395 7.587 7.207 7.083 7.183 7.237 07/02/2035
5.444 5.313 6.044 6.299 5.924 5.188 5.081 5.971 5.885 5.618 4.981 5.327 5.285 5.132 5.759 5.186 6.142 5.056 4.833 5.269 5.486 6.128 4.849 5.150 5.137 5.725 6.182 5.164 5.197 4.845 08/02/2035
5.583 5.630 6.284 6.077 5.948 5.826 5.973 6.411 6.990 5.561 5.301 5.564 6.477 6.447 5.608 6.180 6.452 6.128 6.107 6.462 6.467 6.435 5.822 6.142 6.013 6.798 6.282 5.603 5.727 5.953 09/02/2035
4.491 4.588 5.082 4.712 5.672 4.772 4.905 5.173 5.689 5.354 4.325 4.577 5.465 5.518 5.347 5.107 5.988 5.053 5.107 5.506 5.024 5.957 4.842 5.005 4.722 4.923 5.783 4.510 4.586 4.824 10/02/2035
6.662 6.821 6.991 6.764 6.602 6.823 6.800 6.952 6.860 6.415 6.446 6.593 6.956 6.925 6.457 6.219 6.386 6.584 6.524 6.677 6.217 6.360 6.415 6.590 6.104 6.342 6.334 6.448 6.359 6.048 11/02/2035
7.604 7.678 7.791 7.862 7.847 7.645 7.604 7.742 8.168 7.726 6.914 7.346 8.210 8.081 7.821 6.802 7.368 7.991 7.858 8.108 6.971 7.328 7.791 8.060 7.813 7.253 7.423 7.979 8.008 7.668 12/02/2035
9.979 10.022 10.180 9.524 9.880 10.049 10.061 10.174 9.898 9.904 9.670 9.851 9.786 9.881 9.831 9.742 9.669 9.734 9.846 9.901 9.751 9.671 9.427 9.677 9.502 9.817 9.708 9.267 9.462 9.663 13/02/2035
12.193 12.120 12.191 11.264 11.863 12.138 12.164 12.201 12.350 11.954 11.918 11.981 12.246 12.242 11.972 11.626 11.334 12.219 12.159 12.462 11.592 11.343 11.991 12.210 12.129 11.596 11.326 11.931 12.004 12.084 14/02/2035
13.172 13.199 13.189 13.113 12.543 13.139 13.093 13.132 13.185 12.797 12.898 13.088 13.274 13.225 12.872 12.741 12.715 13.268 13.199 13.420 12.683 12.703 12.955 13.289 13.445 12.826 12.712 13.004 13.265 13.359 15/02/2035
13.226 13.292 13.275 12.790 12.746 13.222 13.169 13.210 13.499 13.003 13.071 13.206 13.583 13.511 13.127 12.991 13.402 13.624 13.537 13.814 12.964 13.396 13.304 13.658 13.859 13.172 13.525 13.503 13.744 13.741 16/02/2035
11.706 11.592 11.427 11.062 10.651 11.404 11.268 11.294 11.185 10.736 11.475 11.516 11.342 11.225 10.803 11.380 11.405 11.410 11.271 11.154 11.459 11.383 11.433 11.479 11.641 11.691 11.640 11.768 11.688 11.457 17/02/2035
12.581 12.385 12.424 12.138 11.824 12.273 12.176 12.357 12.509 11.946 12.293 12.420 12.530 12.430 11.956 12.749 12.758 12.534 12.404 12.507 12.834 12.749 12.529 12.596 12.776 12.927 12.710 12.613 12.651 12.603 18/02/2035
15.220 15.030 15.013 15.256 14.301 15.009 14.992 15.012 15.064 14.391 14.956 15.013 15.231 15.076 14.464 15.267 14.877 15.111 14.923 14.927 15.261 14.865 15.131 15.190 15.121 15.339 14.793 15.275 15.257 14.879 19/02/2035
15.535 15.307 15.171 16.491 14.754 15.125 14.980 15.061 15.781 14.697 15.057 15.104 16.187 15.989 14.873 15.376 15.562 16.003 15.765 15.636 15.374 15.534 16.028 16.102 15.873 15.444 15.395 16.178 16.105 15.541 20/02/2035
10.719 10.732 10.319 9.851 9.712 10.566 10.523 10.255 10.041 9.680 10.673 10.532 10.473 10.373 9.763 10.859 10.755 10.366 10.218 9.906 11.029 10.766 10.576 10.397 10.149 11.253 10.674 10.673 10.500 9.939 21/02/2035
12.832 12.656 12.648 12.023 11.337 12.506 12.430 12.530 12.164 11.468 12.365 12.472 12.248 12.151 11.584 11.663 11.462 12.107 12.003 11.989 11.699 11.450 12.050 12.157 11.973 11.702 11.322 12.092 12.018 11.837 22/02/2035
12.025 11.898 11.908 11.572 11.356 11.673 11.551 11.793 12.003 11.407 11.848 11.881 12.012 11.906 11.517 11.956 12.225 12.094 11.961 11.919 12.206 12.173 12.079 12.156 12.071 12.368 12.253 12.260 12.189 11.882 23/02/2035
11.256 11.335 11.320 10.849 10.059 11.300 11.267 11.293 10.777 10.148 11.086 11.153 10.812 10.712 10.253 11.107 10.836 10.848 10.752 10.764 11.062 10.828 10.661 10.905 10.939 10.815 10.696 10.689 10.854 10.788 24/02/2035
9.901 9.910 9.848 9.109 9.078 9.777 9.676 9.763 9.564 9.259 9.848 9.770 10.106 10.014 9.406 11.179 11.151 9.979 9.926 9.847 11.200 11.099 9.943 10.061 9.685 11.293 11.334 10.003 9.969 9.574 25/02/2035
11.660 11.665 11.650 11.297 10.938 11.503 11.375 11.553 11.719 11.106 11.594 11.603 11.868 11.746 11.252 12.246 12.745 11.915 11.805 11.887 12.470 12.690 11.839 11.985 12.088 12.899 13.087 12.287 12.200 11.905 26/02/2035
10.816 10.746 10.832 11.299 10.143 10.520 10.327 10.672 10.561 10.315 10.293 10.653 10.556 10.431 10.386 10.451 10.743 10.542 10.407 10.635 10.663 10.702 10.233 10.622 10.966 10.857 10.892 10.508 10.710 10.726 27/02/2035
8.485 8.267 8.624 7.788 8.350 8.245 8.228 8.572 8.505 8.427 7.979 8.263 8.461 8.498 8.425 8.380 8.621 8.327 8.377 8.560 8.472 8.637 8.115 8.305 8.532 8.693 8.640 8.028 8.215 8.648 28/02/2035
7.994 7.908 7.805 6.589 5.532 7.777 7.688 7.713 6.520 5.708 7.718 7.785 6.456 6.387 5.863 7.267 7.132 6.687 6.592 6.805 7.328 7.110 6.503 6.723 7.129 6.999 7.349 6.694 6.913 6.948 01/03/2035
8.117 8.029 8.033 7.427 6.819 7.836 7.676 7.908 7.548 6.929 7.684 7.806 7.374 7.293 6.988 7.618 7.341 7.324 7.191 7.270 7.805 7.299 7.264 7.376 7.409 7.959 7.445 7.440 7.417 7.254 02/03/2035
6.596 6.769 6.513 6.245 6.405 6.658 6.549 6.430 6.707 6.904 6.859 6.848 6.681 6.587 7.027 7.132 7.501 6.859 6.767 6.920 7.174 7.474 6.556 6.904 6.754 7.374 7.583 6.681 6.767 6.615 03/03/2035
7.178 7.142 6.995 5.951 6.193 7.054 6.938 6.947 6.342 6.264 7.200 7.093 6.531 6.425 6.331 7.376 7.087 6.446 6.296 6.500 7.192 7.074 6.406 6.505 6.866 7.306 7.257 6.706 6.557 6.670 04/03/2035
6.933 6.776 6.612 6.191 6.167 6.646 6.549 6.508 6.570 6.259 6.515 6.443 6.597 6.504 6.345 6.793 6.854 6.492 6.364 6.282 6.738 6.819 6.447 6.547 6.314 6.743 6.889 6.597 6.556 6.138 05/03/2035
6.443 6.332 6.198 5.522 5.730 6.216 6.110 6.125 5.920 5.858 6.054 6.070 5.976 5.864 5.945 6.575 6.971 5.868 5.733 5.749 6.661 6.926 5.808 5.919 5.867 6.918 7.045 5.923 5.956 5.692 06/03/2035
6.027 5.886 5.647 4.913 4.947 5.780 5.661 5.608 5.778 5.118 5.893 5.729 5.677 5.511 5.265 6.259 6.016 5.726 5.545 5.576 6.371 6.002 5.621 5.815 5.801 6.535 6.032 5.900 5.907 5.557 07/03/2035
7.277 7.200 7.035 6.597 6.762 7.025 6.865 6.942 7.402 6.894 6.991 6.959 7.326 7.187 7.067 7.682 6.950 7.293 7.100 7.160 7.888 6.919 7.219 7.375 7.319 8.249 7.114 7.659 7.446 7.072 08/03/2035
8.449 8.238 8.058 7.589 7.315 7.998 7.812 7.899 7.844 7.493 7.915 7.937 7.790 7.639 7.670 8.635 7.948 7.829 7.675 7.698 8.910 7.903 7.717 7.888 7.883 9.226 8.005 7.941 7.904 7.623 09/03/2035
7.752 7.534 7.434 7.294 7.320 7.386 7.264 7.333 7.834 7.473 7.170 7.378 7.787 7.650 7.571 7.631 8.255 7.768 7.602 7.756 7.892 8.251 7.813 7.814 8.114 7.857 8.120 7.913 8.066 7.825 10/03/2035
7.365 7.314 7.157 7.379 7.031 7.174 7.068 7.068 7.216 7.041 6.879 7.105 7.251 7.124 7.074 7.003 7.445 7.170 7.093 7.082 6.843 7.454 7.067 7.240 7.434 6.951 7.103 6.943 7.032 7.231 11/03/2035
6.745 6.668 6.561 6.027 6.290 6.541 6.464 6.486 6.304 6.125 6.339 6.449 6.496 6.393 6.186 6.701 6.948 6.349 6.269 6.182 6.725 6.968 6.206 6.416 6.425 6.930 6.823 6.352 6.543 6.247 12/03/2035
7.455 7.271 7.144 6.964 7.009 7.079 6.937 7.028 7.162 6.851 7.043 7.175 7.337 7.207 6.974 7.483 7.688 7.318 7.171 7.169 7.563 7.664 7.236 7.396 7.595 7.673 7.876 7.630 7.626 7.398 13/03/2035
7.824 7.652 7.744 7.455 7.799 7.513 7.343 7.670 7.859 7.571 7.507 7.567 7.810 7.745 7.686 8.109 8.478 7.708 7.590 7.630 8.110 8.486 7.728 7.751 7.868 8.225 8.576 8.003 7.843 7.726 14/03/2035
11.410 11.457 11.433 11.896 12.472 11.379 11.316 11.414 11.918 12.084 11.625 11.409 11.680 11.649 12.039 11.936 11.986 11.384 11.327 11.461 11.794 11.978 11.640 11.391 11.415 11.829 12.122 11.868 11.554 11.369 15/03/2035
9.481 9.666 9.493 9.543 9.656 9.587 9.515 9.463 9.670 9.656 9.730 9.603 9.880 9.840 9.684 10.205 10.560 9.866 9.821 9.826 10.226 10.552 9.895 9.888 9.916 10.312 10.610 10.004 9.974 9.845 16/03/2035
10.004 10.066 9.853 8.945 9.295 9.945 9.835 9.768 9.941 9.511 9.795 9.916 10.268 10.197 9.617 10.054 10.674 10.402 10.351 10.391 10.319 10.660 10.411 10.421 10.254 10.373 10.577 10.341 10.486 10.170 17/03/2035
8.034 7.910 7.560 7.701 6.515 7.644 7.443 7.399 7.068 6.536 7.617 7.560 7.394 7.178 6.670 7.456 7.456 7.332 7.087 6.876 7.482 7.455 7.428 7.431 7.239 7.567 7.540 7.813 7.514 6.872 18/03/2035
7.332 7.389 7.276 6.902 6.285 7.269 7.174 7.199 6.355 6.363 7.266 7.269 6.358 6.378 6.458 7.888 8.306 6.463 6.481 6.469 8.245 8.308 6.528 6.453 6.539 8.533 8.471 6.512 6.520 6.543 19/03/2035
9.420 9.506 9.749 10.071 9.379 9.292 9.108 9.592 10.094 9.605 9.777 9.847 9.666 9.491 9.828 10.493 10.533 10.156 9.968 9.904 10.970 10.481 9.830 10.254 10.580 11.672 10.920 10.322 10.324 10.297 20/03/2035
9.051 8.993 9.215 9.528 8.675 8.835 8.685 9.100 9.524 8.998 9.008 9.165 9.323 9.163 9.192 9.469 9.792 9.517 9.334 9.608 9.723 9.766 9.389 9.589 9.988 10.068 10.008 9.721 9.801 9.721 21/03/2035
8.496 8.702 8.715 8.439 8.399 8.530 8.439 8.604 8.716 8.492 8.772 8.856 8.782 8.665 8.679 9.284 9.052 8.694 8.581 8.590 9.391 9.015 8.649 8.743 8.749 9.594 9.236 8.965 8.834 8.593 22/03/2035
12.093 12.290 12.251 12.238 12.620 12.002 11.787 12.069 12.803 12.720 11.948 12.078 12.866 12.752 12.848 11.608 11.640 13.083 12.953 12.960 11.706 11.610 12.698 13.145 13.349 11.765 11.777 13.069 13.369 13.130 23/03/2035
10.978 10.882 10.865 10.400 10.005 10.621 10.422 10.708 10.334 10.063 10.753 10.740 10.394 10.240 10.205 10.321 9.918 10.406 10.232 10.144 10.253 9.879 10.050 10.460 9.949 10.333 10.042 10.436 10.513 9.709 24/03/2035
9.607 9.402 9.444 8.961 9.085 9.342 9.230 9.401 9.604 9.367 9.513 9.546 9.510 9.471 9.563 9.713 9.904 9.642 9.612 9.603 9.761 9.902 9.432 9.669 9.533 9.805 9.916 9.637 9.793 9.459 25/03/2035
8.505 8.394 8.201 7.660 7.902 8.312 8.226 8.151 7.955 7.934 8.419 8.306 8.106 8.047 8.033 8.910 9.006 8.192 8.144 7.993 8.943 9.007 8.142 8.239 8.001 8.998 9.034 8.303 8.305 7.881 26/03/2035
8.416 8.276 7.965 7.418 7.535 8.134 8.050 7.860 7.665 7.524 8.364 8.176 7.878 7.790 7.629 8.451 8.679 7.895 7.806 7.643 8.502 8.657 7.960 7.925 7.835 8.487 8.684 8.006 7.983 7.680 27/03/2035
8.430 8.212 8.096 7.971 8.465 8.062 7.906 7.937 8.139 8.295 8.399 8.111 8.201 8.098 8.411 8.479 8.762 8.142 7.996 8.052 8.641 8.734 8.375 8.166 8.172 8.695 8.702 8.471 8.279 7.996 28/03/2035
10.290 10.178 10.074 9.534 9.903 10.092 10.021 9.989 10.316 9.847 9.988 10.025 10.170 10.092 9.945 9.924 9.854 10.220 10.078 10.133 9.992 9.819 10.093 10.256 9.866 10.038 9.910 10.261 10.333 9.684 29/03/2035
9.583 9.232 9.409 9.204 9.380 9.094 9.004 9.339 9.560 9.336 9.069 9.018 9.406 9.280 9.464 9.445 9.468 9.128 8.965 9.109 9.486 9.432 8.995 9.192 9.826 9.650 9.866 9.632 9.783 9.620 30/03/2035
10.530 10.367 10.440 9.856 10.264 10.342 10.314 10.425 10.248 10.076 10.223 10.143 10.059 10.023 10.166 10.502 10.336 9.949 9.828 9.803 10.296 10.330 9.685 9.983 9.785 10.000 10.194 9.568 9.783 9.634 31/03/2035
10.979 10.875 10.772 10.079 9.980 10.820 10.769 10.744 10.508 9.897 11.001 10.731 10.600 10.462 10.011 11.558 11.677 10.771 10.619 10.216 11.648 11.614 10.864 10.841 10.376 11.660 11.825 11.043 10.786 10.116 01/04/2035
9.180 8.935 8.718 7.941 7.865 8.807 8.688 8.653 7.995 7.776 9.059 8.780 8.518 8.413 7.891 9.444 9.459 8.335 8.197 7.803 9.633 9.409 8.608 8.391 8.093 9.688 9.538 8.808 8.459 7.852 02/04/2035
8.082 8.067 7.940 7.393 7.619 7.986 7.949 7.895 7.717 7.637 8.134 8.031 8.015 7.959 7.725 8.443 8.837 8.031 7.966 7.573 8.706 8.839 8.246 8.055 7.925 8.824 9.090 8.642 8.240 7.840 03/04/2035
10.374 10.287 10.057 9.537 9.442 10.237 10.224 10.023 9.541 9.481 10.767 10.371 9.819 9.824 9.551 10.968 10.551 9.869 9.886 9.656 10.921 10.581 10.093 9.863 9.710 10.953 10.566 10.124 9.901 9.700 04/04/2035
9.131 9.198 9.181 9.027 9.191 9.140 9.116 9.147 9.294 9.188 8.971 9.054 9.473 9.378 9.288 9.597 9.694 9.356 9.278 9.262 9.463 9.665 9.351 9.409 9.202 9.554 9.475 9.312 9.224 9.081 05/04/2035
9.271 9.380 9.404 8.895 8.897 9.340 9.310 9.390 8.916 8.807 9.183 9.465 9.535 9.429 8.927 9.573 9.087 8.842 8.792 8.879 9.244 9.044 8.700 8.892 8.866 9.434 9.186 8.878 8.921 8.755 06/04/2035
9.484 9.338 9.507 9.902 8.911 9.293 9.238 9.439 8.970 8.915 8.961 9.193 8.818 8.809 8.927 9.150 9.036 8.511 8.530 8.856 8.974 9.020 8.201 8.532 8.690 9.028 9.079 8.274 8.539 8.660 07/04/2035
15.185 15.107 14.885 15.097 14.860 14.962 14.850 14.770 15.033 14.879 15.146 15.097 15.358 15.285 14.951 15.372 15.723 15.511 15.420 15.297 15.783 15.688 15.646 15.544 15.744 16.131 15.695 15.668 15.784 15.601 08/04/2035
12.247 11.907 11.832 12.251 11.780 11.580 11.307 11.621 11.977 11.946 11.543 11.647 12.151 11.853 12.214 10.994 10.545 11.867 11.534 11.750 11.017 10.470 11.523 12.023 11.960 11.370 10.449 11.990 12.185 11.480 09/04/2035
8.290 8.310 8.093 7.936 7.841 8.169 8.061 8.000 8.326 8.010 8.071 8.223 8.163 8.050 8.113 8.493 8.512 8.033 7.907 7.951 8.065 8.512 8.014 8.064 7.982 8.059 8.389 8.053 8.028 7.839 10/04/2035
8.123 7.892 7.749 7.118 7.232 7.684 7.508 7.615 7.229 7.163 7.421 7.417 7.165 7.047 7.276 7.767 7.908 7.155 7.042 7.086 7.681 7.893 7.017 7.179 7.193 7.887 8.028 7.244 7.271 7.034 11/04/2035
9.245 9.055 9.045 9.616 9.530 8.900 8.785 8.950 9.244 9.379 8.139 8.556 8.852 8.771 9.459 8.401 8.706 8.724 8.633 8.960 7.934 8.680 8.226 8.763 8.462 7.765 8.160 7.730 8.312 8.297 12/04/2035
8.497 8.060 8.128 7.608 8.354 7.822 7.657 8.028 8.131 8.004 7.982 7.859 8.198 8.019 8.165 8.435 9.055 8.125 7.936 8.020 8.548 8.991 8.151 8.211 8.102 8.620 9.053 8.270 8.077 7.831 13/04/2035
8.895 8.622 8.530 7.869 8.098 8.430 8.327 8.418 8.200 8.058 8.536 8.571 8.484 8.373 8.179 8.905 9.107 8.422 8.289 8.104 8.864 9.072 8.679 8.481 8.426 8.919 9.086 8.796 8.644 8.185 14/04/2035
11.550 11.487 11.608 10.178 9.871 11.409 11.370 11.574 10.603 9.775 11.654 11.468 10.962 10.949 9.885 11.839 11.951 10.845 10.810 10.449 11.741 11.946 11.366 10.873 10.826 11.500 11.850 11.310 11.108 10.772 15/04/2035
13.331 13.132 13.453 12.837 12.783 13.043 12.988 13.405 13.014 12.720 13.041 13.082 13.244 13.202 12.750 13.270 13.639 13.174 13.127 12.809 13.455 13.635 13.039 13.201 12.982 13.535 13.712 13.170 13.221 12.893 16/04/2035
12.313 12.121 12.684 12.418 12.468 12.006 11.899 12.606 12.716 12.399 12.101 12.111 12.718 12.608 12.481 12.587 13.089 12.628 12.507 12.432 12.716 13.067 12.378 12.683 12.620 12.621 13.117 12.500 12.720 12.417 17/04/2035
12.324 12.184 12.218 11.669 11.916 12.020 11.936 12.111 12.169 11.738 12.275 12.144 12.257 12.172 11.796 12.407 12.534 12.031 11.930 11.832 12.462 12.503 12.202 12.072 12.063 12.387 12.585 12.383 12.187 11.884 18/04/2035
15.027 14.725 14.870 14.288 14.488 14.544 14.449 14.754 14.963 14.736 14.660 14.692 15.147 15.083 14.798 14.643 15.124 15.019 14.840 15.235 15.036 15.095 15.049 15.055 15.542 15.088 15.269 15.307 15.392 15.364 19/04/2035
14.216 14.008 13.868 13.655 13.386 13.927 13.883 13.813 13.366 13.405 14.199 13.916 13.513 13.421 13.479 14.851 14.592 13.438 13.313 13.148 14.933 14.572 13.720 13.483 13.332 14.810 14.518 13.757 13.511 13.121 20/04/2035
12.840 12.832 12.680 12.809 12.514 12.712 12.653 12.599 12.758 12.631 12.745 12.698 12.561 12.446 12.762 12.882 12.902 12.688 12.553 12.703 13.031 12.871 12.494 12.752 13.395 13.094 13.034 12.802 12.990 13.211 21/04/2035
13.797 13.736 13.941 14.164 14.157 13.640 13.604 13.876 14.715 14.386 13.622 14.356 14.776 14.671 14.522 14.128 15.044 14.279 14.137 14.725 14.489 15.021 14.623 14.356 15.468 14.921 15.434 15.259 14.920 15.290 22/04/2035
12.274 12.065 11.909 11.686 11.900 11.890 11.743 11.819 12.259 11.931 11.508 11.864 12.437 12.317 12.017 11.886 12.458 12.160 12.038 12.261 12.425 12.428 12.110 12.211 12.680 12.303 12.831 12.670 12.581 12.480 23/04/2035
12.703 12.601 12.487 12.011 12.351 12.472 12.366 12.403 12.472 12.394 12.782 12.531 12.771 12.727 12.454 13.083 13.153 12.393 12.314 12.183 13.227 13.115 12.936 12.416 12.323 13.191 13.041 12.945 12.423 12.156 24/04/2035
14.130 14.034 13.926 13.905 13.688 13.889 13.780 13.840 14.037 13.725 13.721 13.685 13.803 13.754 13.778 13.672 13.668 13.330 13.252 13.781 13.688 13.649 13.620 13.347 13.654 13.537 13.438 13.439 13.483 13.483 25/04/2035
12.346 12.291 12.298 11.812 11.827 12.124 12.045 12.212 12.034 11.790 12.069 12.078 11.956 11.845 11.891 12.285 12.478 11.841 11.729 11.723 12.337 12.451 11.825 11.888 12.020 12.708 12.758 12.137 12.156 11.857 26/04/2035
13.459 13.030 13.025 12.570 12.785 12.868 12.772 12.929 12.775 12.491 12.161 12.475 12.525 12.408 12.594 12.645 12.705 12.353 12.186 12.287 12.777 12.678 12.125 12.430 12.317 12.730 12.652 12.178 12.250 12.117 27/04/2035
12.108 11.961 11.699 11.204 11.257 11.789 11.684 11.587 11.168 11.224 11.788 11.662 11.323 11.224 11.325 11.993 11.954 11.316 11.241 11.147 12.158 11.934 11.322 11.362 11.291 12.265 12.089 11.520 11.404 11.163 28/04/2035
11.890 11.760 11.662 11.187 10.835 11.535 11.377 11.523 11.420 10.857 11.631 11.566 11.556 11.387 11.064 12.169 12.528 11.543 11.359 11.191 12.356 12.511 11.668 11.624 11.564 12.526 12.620 11.996 11.764 11.284 29/04/2035
14.922 14.491 14.547 14.437 14.055 14.286 14.167 14.413 14.515 13.952 14.635 14.390 14.467 14.330 14.136 14.793 15.162 14.353 14.165 14.102 14.934 15.123 14.649 14.417 14.368 14.991 15.177 14.858 14.582 14.101 30/04/2035
15.188 14.956 14.976 15.027 15.051 14.822 14.687 14.850 14.849 14.787 14.832 14.817 14.923 14.839 14.931 15.065 15.451 14.725 14.608 14.620 15.155 15.412 14.869 14.798 14.883 15.162 15.412 14.967 14.916 14.710 01/05/2035
15.049 14.834 14.857 14.121 14.212 14.586 14.383 14.693 14.721 14.456 14.785 14.957 14.919 14.786 14.565 15.096 15.523 14.790 14.636 14.827 15.374 15.492 14.818 14.849 15.000 15.542 15.776 15.232 15.240 14.798 02/05/2035
11.874 11.864 12.049 11.581 11.884 11.670 11.535 11.915 12.104 11.945 11.553 11.872 12.121 11.991 12.025 11.781 12.387 12.159 11.997 11.925 12.227 12.368 11.932 12.248 11.931 12.472 12.672 12.317 11.981 11.736 03/05/2035
10.862 11.258 10.946 10.942 10.962 11.081 10.945 10.843 11.611 11.395 11.363 11.465 11.516 11.398 11.509 11.507 11.958 11.481 11.312 11.163 12.201 11.936 11.458 11.543 11.522 12.212 12.113 11.740 11.582 11.299 04/05/2035
11.374 11.309 11.246 10.835 11.016 11.113 10.971 11.147 10.405 10.932 11.230 11.247 10.703 10.606 11.030 11.700 11.452 10.772 10.647 10.287 12.080 11.403 10.928 10.806 10.692 12.151 11.476 11.032 10.818 10.529 05/05/2035
12.372 12.061 12.060 11.542 11.888 11.891 11.758 11.952 11.587 11.668 12.116 11.919 11.919 11.804 11.713 12.521 12.619 11.978 11.850 11.649 12.762 12.578 12.086 12.020 12.002 13.053 12.849 12.465 12.214 11.833 06/05/2035
13.987 13.760 13.798 12.843 12.942 13.635 13.583 13.735 13.091 12.867 13.846 13.701 13.218 13.112 12.931 14.194 14.431 13.173 13.052 12.857 14.231 14.444 13.374 13.208 13.118 14.243 14.407 13.549 13.231 12.978 07/05/2035
16.820 16.585 16.578 16.128 15.577 16.364 16.256 16.463 15.742 15.678 16.853 16.702 15.799 15.736 15.736 16.806 17.031 15.861 15.767 15.650 16.857 17.034 16.059 15.887 16.082 16.886 17.078 16.214 15.981 15.963 08/05/2035
13.084 12.980 12.981 13.115 12.986 12.684 12.538 12.797 13.163 13.172 12.936 13.127 12.625 12.452 13.346 13.282 13.612 12.945 12.714 12.977 13.769 13.594 12.873 13.048 13.286 13.770 13.998 13.568 13.337 13.003 09/05/2035
13.056 12.708 12.947 12.125 12.257 12.475 12.327 12.789 12.483 12.104 12.165 12.363 12.471 12.296 12.232 12.335 12.867 12.308 12.122 12.512 12.405 12.844 12.126 12.385 12.743 12.800 13.111 12.585 12.624 12.466 10/05/2035
13.099 12.980 12.925 12.927 12.339 12.749 12.599 12.786 13.279 12.370 12.898 13.107 13.124 12.978 12.486 12.949 13.573 13.932 13.771 13.423 13.260 13.554 13.504 14.002 13.842 14.049 13.932 14.148 14.106 13.652 11/05/2035
12.355 12.200 12.101 12.521 11.894 12.082 11.958 12.008 12.206 11.735 12.118 12.129 12.303 12.173 11.874 12.266 12.455 12.236 12.044 12.062 12.273 12.425 12.258 12.319 12.453 12.351 12.482 12.538 12.504 12.182 12/05/2035
12.988 12.899 12.897 13.003 12.701 12.701 12.538 12.767 12.813 12.600 12.569 12.914 12.736 12.600 12.688 13.061 13.857 12.744 12.568 12.586 13.247 13.826 12.778 12.796 13.185 13.461 13.677 12.864 13.202 12.951 13/05/2035
15.274 15.138 15.361 15.143 14.966 14.929 14.860 15.257 14.296 14.959 14.911 15.152 13.781 13.718 14.985 15.475 15.276 14.300 14.215 14.199 15.535 15.254 13.994 14.343 13.858 14.730 15.660 14.466 14.613 13.760 14/05/2035
13.278 13.264 13.316 12.925 13.352 13.056 12.892 13.176 13.166 13.331 12.994 13.164 12.927 12.855 13.372 13.706 13.951 13.038 12.951 13.056 13.864 13.892 12.738 13.059 13.200 13.795 13.937 12.778 13.180 13.105 15/05/2035
11.948 12.054 11.853 11.932 11.701 11.953 11.880 11.794 11.965 11.661 11.758 11.829 12.116 12.016 11.737 11.924 12.679 11.996 11.881 11.915 12.199 12.642 12.058 12.044 12.012 12.169 12.581 12.111 12.173 11.856 16/05/2035
10.130 9.983 9.817 9.582 10.765 9.830 9.720 9.717 10.982 10.694 10.007 9.903 11.017 10.963 10.775 10.044 10.821 11.029 10.964 10.752 10.121 10.826 11.134 11.068 10.921 10.163 10.829 11.259 11.082 10.816 17/05/2035
12.364 12.275 12.157 12.299 12.828 12.081 11.941 12.032 12.552 12.873 12.298 12.142 12.697 12.542 12.968 12.472 13.504 12.642 12.471 12.367 12.475 13.489 12.705 12.739 12.730 12.443 13.742 13.111 12.969 12.455 18/05/2035
15.569 15.494 15.472 14.794 15.233 15.298 15.086 15.343 15.632 15.303 15.418 15.333 15.578 15.529 15.475 16.115 16.450 15.447 15.330 15.336 16.207 16.446 15.586 15.507 15.379 16.224 16.467 15.795 15.590 15.204 19/05/2035
16.307 16.176 16.233 15.910 16.829 16.109 16.023 16.183 16.751 16.924 16.387 16.253 16.604 16.571 16.964 16.753 17.298 16.532 16.453 16.502 16.785 17.286 16.687 16.567 16.522 16.900 17.307 16.855 16.658 16.385 20/05/2035
16.868 16.690 16.658 16.917 16.711 16.493 16.302 16.547 16.588 16.762 16.790 16.683 16.639 16.445 16.839 17.775 18.096 16.607 16.362 16.295 17.950 18.083 16.746 16.703 16.690 18.140 18.066 17.119 16.929 16.318 21/05/2035
17.328 17.227 17.398 17.666 17.351 17.067 16.908 17.309 17.369 17.457 16.863 17.216 17.630 17.528 17.543 17.636 18.095 17.534 17.428 17.449 17.837 18.079 17.113 17.578 17.513 18.143 18.220 17.434 17.483 17.366 22/05/2035
16.958 16.781 17.167 16.621 17.260 16.592 16.463 17.082 17.624 17.226 16.755 16.818 17.538 17.390 17.378 16.880 17.215 17.932 17.791 17.615 16.687 17.159 17.467 17.992 17.887 16.930 17.570 18.002 18.309 17.639 23/05/2035
13.680 12.825 13.514 12.472 13.055 12.608 12.455 13.413 12.913 12.744 12.490 13.256 13.807 13.674 12.854 12.928 13.861 13.217 13.113 13.087 12.988 13.836 13.603 13.262 13.433 13.167 13.401 13.279 13.436 13.265 24/05/2035
13.762 13.510 13.826 13.644 13.703 13.401 13.301 13.792 13.780 13.589 13.488 13.594 14.146 14.067 13.690 14.071 15.072 13.973 13.878 13.563 14.164 15.064 14.022 14.026 13.765 14.266 15.054 14.162 13.977 13.592 25/05/2035
12.150 11.954 11.959 11.513 11.476 11.789 11.673 11.883 11.925 11.616 11.751 11.770 12.057 11.946 11.740 12.290 12.519 11.876 11.781 11.910 12.524 12.495 11.757 11.920 11.894 12.933 12.623 12.013 12.108 11.746 26/05/2035
13.008 13.012 12.818 12.520 12.662 12.823 12.686 12.708 12.911 12.753 12.929 12.862 13.061 12.999 12.864 13.355 14.221 13.038 12.990 12.888 13.518 14.190 13.094 13.060 13.156 13.604 14.285 13.243 13.242 12.981 27/05/2035
14.718 14.037 14.392 14.506 14.629 13.942 13.844 14.313 14.381 14.061 14.487 14.456 14.568 14.519 14.133 15.684 15.299 14.967 14.900 14.605 15.694 15.271 14.474 15.003 14.913 15.662 15.459 14.892 15.070 14.774 28/05/2035
17.350 17.140 17.095 17.602 16.848 17.043 16.977 17.050 17.260 16.754 17.349 17.284 17.340 17.200 16.884 18.453 17.834 17.389 17.211 17.049 18.380 17.800 17.448 17.474 17.470 18.181 17.771 17.549 17.400 17.230 29/05/2035
19.804 19.662 19.514 19.397 19.353 19.563 19.502 19.492 19.430 19.251 19.636 19.595 19.670 19.588 19.308 20.271 20.387 19.615 19.532 19.414 20.322 20.352 19.865 19.667 19.774 20.315 20.317 19.887 19.766 19.737 30/05/2035
21.997 21.885 21.804 21.769 21.846 21.823 21.711 21.769 22.077 21.839 21.907 21.771 22.133 22.011 21.838 22.139 22.223 21.996 21.850 21.867 22.143 22.209 22.151 22.052 22.033 22.262 22.247 22.254 22.106 21.846 31/05/2035
22.494 22.164 22.394 22.309 23.021 21.989 21.817 22.301 23.017 22.848 21.586 21.748 22.741 22.550 22.978 21.394 22.117 22.365 22.166 22.335 21.326 22.106 22.202 22.451 22.366 21.324 21.945 22.310 22.391 22.084 01/06/2035
23.274 22.960 23.216 23.352 23.582 22.897 22.811 23.155 23.823 23.458 22.642 22.740 23.508 23.347 23.657 21.818 22.706 23.218 23.011 23.277 21.964 22.693 23.152 23.310 23.342 22.243 22.764 23.459 23.391 23.015 02/06/2035
16.826 16.606 16.558 16.514 16.942 16.483 16.361 16.499 17.072 17.022 16.443 16.452 16.932 16.842 17.169 16.294 17.015 16.715 16.590 17.006 16.327 17.000 16.545 16.756 16.935 16.364 16.857 16.466 16.811 16.830 03/06/2035
16.684 16.489 16.537 16.344 16.511 16.295 16.138 16.431 16.513 16.465 16.147 16.398 16.283 16.186 16.554 16.437 16.851 16.295 16.179 16.341 16.527 16.835 16.244 16.319 16.313 16.550 16.878 16.334 16.290 16.197 04/06/2035
16.266 16.030 16.098 16.106 16.531 15.899 15.780 16.017 16.322 16.459 15.972 15.991 16.177 16.183 16.510 16.425 16.690 16.188 16.180 16.056 16.564 16.648 16.278 16.191 16.069 16.640 16.670 16.219 16.104 16.059 05/06/2035
17.542 17.059 17.017 16.722 16.963 16.913 16.768 16.915 16.877 16.986 17.177 16.986 16.903 16.770 17.143 17.102 17.734 16.801 16.643 16.482 17.320 17.708 17.042 16.853 16.680 17.308 17.620 17.107 16.967 16.475 06/06/2035
15.251 15.070 14.680 14.310 14.440 14.806 14.586 14.503 14.864 14.509 14.729 14.400 14.731 14.498 14.671 15.026 15.376 14.944 14.727 14.543 15.151 15.338 14.835 15.015 14.844 15.066 14.928 14.811 14.747 14.534 07/06/2035
14.492 14.246 14.297 14.049 13.897 14.150 14.111 14.216 14.524 13.804 14.021 14.057 14.575 14.455 13.917 13.947 15.126 14.476 14.317 14.286 13.976 15.094 14.431 14.549 14.524 13.809 15.065 14.393 14.521 14.274 08/06/2035
17.073 16.915 17.076 16.050 16.072 16.767 16.656 16.955 16.616 15.971 16.940 16.909 16.722 16.548 16.154 16.220 17.366 16.684 16.576 16.345 16.308 17.366 16.853 16.787 16.720 16.405 17.143 17.063 16.907 16.523 09/06/2035
20.041 19.661 19.639 18.236 18.618 19.469 19.343 19.533 20.179 18.438 19.635 19.487 20.165 19.910 18.717 20.272 19.911 19.978 19.717 19.602 20.489 19.851 20.125 20.088 19.897 20.531 19.851 20.359 20.145 19.558 10/06/2035
17.268 16.896 16.821 15.778 16.542 16.638 16.490 16.687 16.920 16.333 16.803 16.737 16.948 16.877 16.490 17.402 17.137 16.960 16.874 16.702 17.591 17.142 17.148 17.003 16.867 17.655 17.227 17.372 17.029 16.766 11/06/2035
17.147 16.803 16.961 16.805 16.861 16.549 16.353 16.829 17.117 16.713 16.910 16.774 16.891 16.794 16.879 16.651 16.987 17.105 16.960 16.806 16.812 16.957 17.288 17.152 16.950 17.122 16.985 17.434 17.143 16.771 12/06/2035
19.168 18.666 18.704 18.739 18.405 18.549 18.429 18.618 18.745 18.298 18.721 18.417 18.533 18.382 18.500 18.727 18.820 18.336 18.127 18.163 18.619 18.794 18.405 18.417 18.200 18.603 18.826 18.673 18.466 17.959 13/06/2035
18.994 18.560 18.361 17.643 17.951 18.325 18.153 18.239 18.584 18.140 18.365 18.304 18.526 18.410 18.270 18.910 19.420 18.793 18.656 18.407 19.284 19.391 18.935 18.867 18.027 19.274 19.239 18.936 18.507 17.788 14/06/2035
20.431 20.083 19.993 19.528 19.715 19.948 19.801 19.914 19.485 19.745 20.004 19.929 19.545 19.433 19.834 19.813 20.165 19.504 19.368 19.216 20.025 20.103 19.482 19.583 19.375 20.068 20.230 19.795 19.560 19.106 15/06/2035
23.191 22.906 22.774 22.635 23.148 22.847 22.772 22.746 23.020 22.967 22.992 22.729 23.005 22.880 23.084 22.565 23.070 22.879 22.737 22.530 22.554 23.032 23.146 22.948 22.769 22.494 23.085 23.348 23.010 22.534 16/06/2035
24.271 24.112 24.111 24.327 24.410 24.018 23.904 24.070 24.510 24.456 24.337 24.175 24.495 24.394 24.555 24.160 24.775 24.623 24.487 24.244 24.289 24.745 24.712 24.673 24.470 24.346 24.863 24.890 24.715 24.304 17/06/2035
25.912 25.691 25.558 25.363 25.382 25.558 25.497 25.486 25.544 25.160 25.536 25.553 25.566 25.484 25.241 24.821 25.520 25.544 25.428 25.167 25.029 25.480 25.785 25.601 25.453 25.124 25.507 25.841 25.714 25.248 18/06/2035
26.106 26.000 25.679 25.006 25.256 25.840 25.738 25.571 25.557 25.111 25.791 25.860 25.821 25.673 25.194 25.806 25.838 25.799 25.700 25.233 25.540 25.842 25.873 25.866 25.371 25.640 25.602 25.934 25.812 25.177 19/06/2035
23.996 23.714 23.282 22.376 22.310 23.419 23.206 23.116 22.865 22.155 23.569 23.345 23.173 22.960 22.290 23.732 23.863 23.051 22.851 22.575 23.572 23.794 23.352 23.165 23.041 23.328 23.808 23.538 23.377 22.727 20/06/2035
22.208 22.179 21.874 21.391 21.912 22.018 21.880 21.798 22.468 22.271 22.035 22.026 22.503 22.380 22.374 22.254 22.630 22.470 22.352 22.311 22.432 22.603 22.518 22.525 22.626 22.524 22.674 22.705 22.719 22.456 21/06/2035
24.303 24.215 23.906 23.838 24.065 24.111 23.944 23.857 24.225 24.121 24.186 24.041 24.215 24.095 24.243 24.105 24.227 24.207 24.089 24.169 24.196 24.191 24.434 24.261 24.247 24.145 24.185 24.493 24.362 24.069 22/06/2035
26.166 25.932 25.771 25.724 25.779 25.847 25.744 25.731 25.949 25.569 25.737 25.728 25.990 25.855 25.616 25.535 25.836 25.778 25.598 25.669 25.587 25.809 25.850 25.832 26.019 25.714 25.801 26.004 26.098 25.790 23/06/2035
25.787 25.694 25.570 25.634 25.724 25.692 25.645 25.599 26.045 25.655 25.562 25.545 26.044 25.954 25.722 25.840 26.329 25.913 25.843 25.874 25.979 26.289 25.964 25.944 25.967 26.165 26.426 26.084 26.088 25.876 24/06/2035
18.126 18.033 18.067 18.067 18.221 17.948 17.796 17.979 18.612 18.329 17.724 17.847 18.401 18.335 18.456 18.127 18.357 18.390 18.236 18.474 18.216 18.335 18.080 18.453 18.750 18.305 18.496 18.362 18.573 18.603 25/06/2035
18.251 17.833 17.854 17.411 17.931 17.596 17.393 17.704 18.112 17.954 17.533 17.407 17.986 17.852 18.071 17.654 17.734 17.928 17.771 17.783 17.815 17.683 18.015 18.020 18.020 18.096 17.942 18.476 18.277 17.769 26/06/2035
19.894 19.615 19.644 19.420 19.637 19.393 19.195 19.516 19.970 19.524 19.537 19.396 19.862 19.664 19.665 20.192 20.177 19.610 19.356 19.361 20.366 20.116 19.798 19.718 19.696 20.559 20.265 20.147 19.892 19.304 27/06/2035
21.577 21.264 21.343 21.835 21.790 21.043 20.807 21.167 23.523 21.703 21.474 21.243 23.424 23.212 21.824 22.124 22.062 23.295 23.043 23.031 22.380 22.035 23.568 23.424 23.422 22.504 22.142 23.908 23.697 23.044 28/06/2035
22.779 22.475 22.444 21.823 21.822 22.338 22.216 22.353 22.456 21.916 22.399 22.354 22.367 22.268 21.963 22.236 22.128 22.322 22.213 22.209 22.228 22.124 22.318 22.393 22.339 22.381 22.178 22.542 22.416 22.174 29/06/2035
21.649 21.579 21.589 21.428 21.672 21.447 21.298 21.512 22.077 21.790 21.396 21.535 21.896 21.779 21.878 21.096 21.495 21.902 21.821 21.994 21.430 21.473 21.742 21.944 22.038 21.669 21.605 21.928 21.922 21.910 30/06/2035
17.794 17.859 17.877 17.667 17.988 17.752 17.620 17.829 18.451 18.004 17.571 17.843 18.299 18.171 18.105 17.531 18.496 18.306 18.191 18.376 17.752 18.477 18.181 18.372 18.765 17.982 18.529 18.401 18.585 18.673 01/07/2035
19.850 19.777 19.781 19.819 19.785 19.636 19.494 19.677 20.175 19.896 19.801 19.752 20.111 19.989 20.046 19.926 20.192 20.096 19.950 20.070 20.113 20.174 20.113 20.173 20.379 20.158 20.198 20.321 20.330 20.195 02/07/2035
24.993 24.913 25.016 24.830 25.079 24.806 24.755 24.986 25.271 24.953 24.795 24.819 25.076 24.987 25.003 24.607 24.718 24.927 24.813 24.975 24.594 24.653 24.901 24.973 25.008 24.665 24.659 24.920 24.911 24.830 03/07/2035
21.613 21.405 22.061 22.104 22.585 21.336 21.292 22.000 22.665 22.419 20.656 21.583 22.513 22.482 22.517 20.646 22.499 22.635 22.528 22.257 20.888 22.493 22.383 22.673 22.001 20.919 22.947 23.052 22.654 21.837 04/07/2035
19.648 19.677 19.786 19.298 19.093 19.528 19.376 19.713 19.564 19.173 19.024 19.662 19.441 19.266 19.280 18.870 19.816 19.337 19.113 19.550 19.190 19.773 19.151 19.406 19.598 19.598 19.963 19.559 19.402 19.302 05/07/2035
16.869 16.397 16.366 16.506 16.503 16.194 16.077 16.245 16.963 16.635 15.998 16.218 16.575 16.461 16.792 16.104 16.553 16.344 16.245 16.836 16.172 16.499 16.209 16.419 17.021 16.900 16.740 16.628 16.774 16.773 06/07/2035
17.615 17.614 17.668 17.317 17.556 17.647 17.692 17.681 18.102 17.627 17.554 17.670 18.100 18.028 17.732 17.840 18.489 17.992 17.911 18.050 17.962 18.473 18.008 18.018 18.052 18.183 18.418 18.040 18.044 17.949 07/07/2035
17.377 16.341 16.308 15.821 16.216 16.179 16.017 16.199 16.625 16.409 16.137 16.430 16.633 16.487 16.541 16.298 16.914 16.690 16.524 17.287 16.764 16.877 16.581 16.754 18.508 17.112 17.571 17.351 18.176 18.271 08/07/2035
18.638 18.127 18.069 17.640 17.819 17.924 17.744 17.939 18.402 17.592 17.651 17.761 18.657 18.436 17.777 17.988 18.973 18.142 17.865 18.685 18.050 18.918 18.319 18.249 19.124 18.236 19.230 18.816 18.788 18.773 09/07/2035
17.007 17.092 17.014 15.973 16.215 16.909 16.758 16.892 16.492 16.398 17.022 16.909 16.648 16.512 16.520 17.478 18.263 17.209 17.013 17.123 18.118 18.229 17.004 17.267 17.561 18.259 18.674 17.526 17.510 17.338 10/07/2035
18.813 18.442 18.441 17.599 17.855 18.227 18.032 18.293 17.775 17.685 18.359 18.411 17.982 17.876 17.778 17.992 18.831 18.132 17.968 17.930 17.999 18.793 17.997 18.185 18.099 18.287 18.920 18.175 17.980 17.879 11/07/2035
19.192 18.886 18.670 18.256 18.069 18.664 18.458 18.516 18.350 18.056 18.842 18.799 18.541 18.418 18.160 19.006 19.197 18.578 18.411 18.481 19.315 19.152 18.493 18.649 18.763 19.454 19.310 18.783 18.838 18.462 12/07/2035
23.152 22.949 22.802 22.353 21.817 22.782 22.633 22.696 22.872 21.888 22.824 22.828 23.001 22.861 22.004 23.700 22.313 22.976 22.796 22.784 23.808 22.259 22.951 23.045 22.978 23.928 22.341 23.135 23.135 22.702 13/07/2035
25.345 25.238 25.202 24.926 25.160 25.104 25.137 25.133 25.211 25.105 25.129 25.116 25.131 25.011 25.198 24.464 25.037 25.028 24.871 24.809 24.684 25.011 25.147 25.089 25.064 24.840 25.049 25.339 25.200 24.826 14/07/2035
20.376 20.234 20.443 19.183 20.645 20.150 20.148 20.396 20.594 20.717 19.957 20.184 20.606 20.431 20.811 18.882 20.888 20.514 20.251 20.298 18.981 20.897 20.270 20.608 20.591 19.059 20.959 20.735 20.807 20.235 15/07/2035
18.827 18.296 18.327 17.491 17.603 18.108 17.940 18.205 17.393 17.155 18.123 18.153 17.829 17.682 17.297 18.432 18.429 17.606 17.423 17.476 18.660 18.393 17.517 17.683 17.645 18.778 18.619 17.990 17.858 17.396 16/07/2035
19.158 19.082 18.915 18.688 18.325 18.978 18.882 18.852 18.929 18.543 19.150 19.126 19.073 18.939 18.666 19.132 19.552 19.173 19.044 19.130 19.329 19.530 19.101 19.232 19.363 19.578 19.721 19.456 19.481 19.130 17/07/2035
19.383 19.196 19.245 18.687 19.125 19.062 18.950 19.162 19.049 18.890 18.584 18.833 18.925 18.810 18.945 18.581 18.946 19.056 18.912 19.089 18.711 18.923 18.806 19.089 18.983 18.882 19.030 19.006 19.149 18.770 18/07/2035
19.281 19.173 19.240 18.869 19.150 19.007 18.918 19.173 19.319 19.203 19.033 19.156 19.290 19.197 19.316 19.006 19.234 19.349 19.254 19.473 19.219 19.212 19.254 19.421 19.804 19.476 19.509 19.660 19.665 19.580 19/07/2035
20.446 20.003 19.876 19.543 19.909 19.868 19.784 19.825 19.899 19.425 19.394 19.470 20.135 20.001 19.589 19.658 19.948 19.647 19.450 19.664 19.896 19.925 19.787 19.743 20.458 20.144 20.239 20.262 20.393 20.205 20/07/2035
19.597 19.367 19.229 18.587 19.540 19.143 18.958 19.092 19.903 19.948 19.114 19.223 19.882 19.725 20.109 19.451 20.137 19.948 19.757 19.983 19.646 20.099 19.716 20.047 20.807 20.210 20.597 20.470 20.784 20.429 21/07/2035
19.336 19.267 19.172 18.521 18.904 19.189 19.134 19.112 19.448 19.190 19.149 19.228 19.275 19.254 19.330 18.763 19.052 19.379 19.318 19.488 18.866 19.046 19.155 19.384 19.665 19.110 19.397 19.532 19.678 19.578 22/07/2035
20.454 20.414 20.262 19.655 19.343 20.312 20.263 20.185 20.144 19.528 20.235 20.205 20.040 20.011 19.603 19.607 20.843 20.068 20.026 20.140 19.692 20.849 19.961 20.114 20.269 20.122 21.129 20.246 20.278 20.179 23/07/2035
20.574 20.418 20.315 19.599 20.391 20.324 20.247 20.254 20.581 20.396 20.393 20.323 20.585 20.487 20.574 20.497 21.339 20.604 20.473 20.480 20.754 21.307 20.610 20.654 20.659 21.115 21.573 20.913 20.857 20.473 24/07/2035
23.470 23.286 23.124 21.554 21.985 23.129 22.961 22.967 23.085 22.038 23.327 23.110 23.275 23.053 22.220 24.003 24.096 23.177 22.924 22.928 24.236 24.065 23.351 23.280 23.333 24.334 24.189 23.748 23.512 22.960 25/07/2035
25.928 25.756 25.543 23.866 24.144 25.658 25.580 25.490 25.574 24.303 25.715 25.642 25.966 25.836 24.498 25.724 25.976 25.951 25.804 25.613 25.990 25.943 26.028 25.998 25.863 26.092 26.166 26.340 26.243 25.663 26/07/2035
24.738 24.557 24.263 23.396 23.909 24.383 24.238 24.167 24.298 23.996 24.722 24.415 24.732 24.664 24.043 24.957 25.181 24.843 24.758 24.575 25.229 25.133 25.168 24.868 25.001 25.527 25.389 25.420 25.294 24.863 27/07/2035
26.925 26.892 26.594 25.325 25.400 26.718 26.583 26.484 25.817 25.449 27.086 26.919 26.430 26.315 25.505 26.951 27.054 26.503 26.343 26.045 27.278 27.045 26.803 26.545 26.393 27.554 27.212 27.091 26.729 26.180 28/07/2035
25.370 25.172 25.142 24.566 24.837 25.130 25.064 25.113 24.909 24.766 25.341 25.251 25.029 25.009 24.742 25.659 25.502 25.172 25.170 25.116 25.932 25.472 25.259 25.193 25.349 26.157 25.720 25.505 25.404 25.305 29/07/2035
24.043 23.838 23.803 23.152 23.591 23.734 23.642 23.744 23.914 23.626 23.701 23.583 24.109 24.013 23.641 23.781 24.280 24.124 24.057 24.091 23.987 24.242 24.126 24.196 24.249 24.453 24.276 24.277 24.129 24.113 30/07/2035
21.125 20.646 20.690 19.931 20.735 20.501 20.379 20.645 21.088 20.998 20.804 20.522 21.242 21.082 21.108 21.103 21.332 21.366 21.207 21.238 21.215 21.273 21.011 21.444 21.472 21.361 21.405 21.270 21.594 21.253 31/07/2035
