# 6448 6449 6450 6451 6452 6528 6529 6530 6531 6532 6610 6611 6612 6613 6614 6693 6694 6695 6696 6697 6776 6777 6778 6779 6780 6859 6860 6861 6862 6863 Date
22.932 23.582 23.159 22.295 22.195 23.389 23.282 23.063 23.280 22.935 23.251 23.408 23.386 23.271 23.074 23.533 24.259 23.803 23.671 23.601 23.938 24.244 23.449 23.868 24.182 24.392 24.588 24.155 24.367 24.063 01/08/2044
21.163 21.176 21.075 20.396 20.494 21.037 20.877 20.991 20.882 20.650 20.978 21.102 21.091 21.016 20.761 21.258 21.537 21.273 21.226 21.260 21.483 21.528 21.053 21.316 21.451 21.813 21.797 21.422 21.470 21.365 02/08/2044
21.352 21.247 21.051 20.184 21.060 21.046 20.887 20.936 20.828 21.181 20.789 20.948 21.182 21.018 21.309 20.791 21.279 20.953 20.782 20.849 20.661 21.257 20.558 21.032 20.984 20.820 21.446 21.008 20.997 20.738 03/08/2044
20.606 20.537 20.371 19.633 20.205 20.369 20.238 20.265 20.239 20.297 20.379 20.370 20.540 20.459 20.417 20.693 20.972 20.568 20.427 20.469 20.775 20.963 20.386 20.609 20.632 21.060 21.066 20.686 20.687 20.457 04/08/2044
24.276 24.281 24.138 24.170 23.442 24.205 24.135 24.081 23.949 23.567 24.055 24.023 24.256 24.157 23.694 24.663 24.897 24.148 24.043 24.057 24.605 24.902 24.050 24.209 24.009 24.583 24.833 24.181 24.174 23.833 05/08/2044
25.314 25.512 25.637 25.279 26.335 25.494 25.412 25.645 26.037 26.632 25.275 25.444 26.088 26.033 26.578 25.761 26.370 26.176 26.169 26.241 25.741 26.363 25.633 26.199 26.286 25.781 26.399 25.804 26.147 26.164 06/08/2044
25.862 26.155 26.115 25.457 25.637 26.135 26.093 26.090 26.029 25.920 25.755 25.955 26.368 26.276 26.030 25.769 26.188 26.425 26.336 26.364 25.898 26.177 25.918 26.457 26.495 26.174 26.308 26.157 26.395 26.365 07/08/2044
24.320 24.551 24.704 23.795 24.277 24.529 24.471 24.693 24.744 24.625 24.264 24.793 24.972 24.969 24.646 24.646 25.177 25.267 25.186 25.366 24.934 25.156 24.610 25.303 25.634 25.243 25.313 24.843 25.472 25.464 08/08/2044
23.582 23.893 24.187 23.499 24.341 23.918 23.848 24.193 24.139 24.467 23.688 24.079 24.366 24.353 24.433 23.651 23.990 24.436 24.392 24.662 23.689 23.990 24.040 24.474 24.622 24.260 24.267 24.406 24.664 24.572 09/08/2044
23.847 23.713 23.838 23.848 22.865 23.668 23.626 23.830 23.962 23.247 23.683 23.854 23.963 23.874 23.203 23.610 23.619 24.362 24.278 24.558 23.503 23.624 23.768 24.400 24.723 23.892 23.774 24.027 24.555 24.627 10/08/2044
25.190 25.420 25.521 24.993 24.867 25.481 25.506 25.577 25.879 25.229 25.182 25.473 26.007 25.890 25.287 24.728 25.355 26.024 25.984 26.081 24.814 25.329 25.583 26.063 26.032 25.201 25.577 25.956 26.192 25.776 11/08/2044
24.252 24.403 24.550 23.368 24.183 24.365 24.346 24.518 24.911 24.555 24.276 24.545 25.090 24.963 24.570 23.998 24.695 25.173 25.096 25.207 24.282 24.699 24.730 25.240 25.402 24.535 24.833 25.007 25.348 25.203 12/08/2044
23.916 24.036 23.893 22.712 23.379 24.015 24.003 23.879 23.913 23.706 23.740 23.974 24.256 24.142 23.817 23.558 24.510 24.503 24.372 24.269 23.739 24.478 24.065 24.568 24.844 23.988 24.807 24.425 24.902 24.675 13/08/2044
24.315 24.676 24.469 23.893 24.127 24.566 24.478 24.387 24.849 24.622 24.607 24.694 25.184 25.087 24.735 24.155 25.110 25.457 25.320 25.263 24.581 25.082 25.239 25.524 25.787 25.248 25.728 25.816 26.095 25.639 14/08/2044
24.971 25.367 25.062 24.172 24.156 25.286 25.206 24.983 25.008 24.492 25.427 25.327 25.545 25.445 24.553 25.080 25.750 25.752 25.620 25.560 25.333 25.730 25.536 25.809 26.059 25.858 26.276 26.108 26.280 25.934 15/08/2044
24.816 25.315 25.194 24.260 24.227 25.266 25.238 25.174 24.609 24.383 25.516 25.507 25.168 25.127 24.489 25.502 26.131 25.360 25.321 25.149 25.683 26.117 25.351 25.366 25.574 25.889 26.373 25.571 25.649 25.504 16/08/2044
26.933 26.912 26.908 27.231 26.395 26.759 26.660 26.815 26.734 26.383 26.708 26.763 26.796 26.652 26.489 26.889 27.189 26.597 26.445 26.572 26.952 27.190 26.438 26.669 26.623 27.077 27.228 26.739 26.766 26.412 17/08/2044
29.824 30.015 29.935 29.292 27.767 29.627 29.328 29.652 28.853 28.557 29.740 30.082 28.804 28.727 28.607 29.313 29.761 29.397 29.328 29.626 29.631 29.726 28.794 29.433 30.110 29.911 30.172 29.698 30.062 29.954 18/08/2044
25.636 26.095 26.042 25.831 25.180 26.005 25.988 25.978 26.224 25.936 26.101 26.345 26.469 26.247 25.999 25.752 27.069 26.742 26.601 26.668 26.117 27.045 26.511 26.804 27.752 26.457 27.482 27.105 27.794 27.450 19/08/2044
24.170 24.341 24.105 23.017 22.947 24.174 24.053 23.995 24.420 23.392 24.355 24.356 24.562 24.435 23.525 24.023 24.375 24.827 24.669 24.680 24.247 24.338 24.770 24.895 25.200 24.635 24.688 25.235 25.482 25.012 20/08/2044
23.150 23.452 22.953 22.151 22.417 23.262 23.110 22.842 23.285 22.774 23.784 23.688 23.705 23.532 22.871 23.642 24.020 23.908 23.752 23.480 23.953 23.983 24.197 23.950 23.953 24.304 24.273 24.573 24.606 23.774 21/08/2044
22.728 22.519 22.289 21.041 22.174 22.303 22.134 22.150 22.692 22.329 22.196 22.311 22.859 22.577 22.510 23.356 23.420 22.710 22.395 22.425 23.382 23.371 22.643 22.835 22.800 23.456 23.426 23.093 23.127 22.347 22/08/2044
23.731 23.318 23.391 22.585 23.646 23.168 23.014 23.282 23.791 23.632 22.977 23.270 23.792 23.681 23.706 23.090 23.720 23.725 23.561 23.641 23.269 23.663 23.597 23.774 23.859 23.531 23.778 23.843 23.913 23.653 23/08/2044
21.943 21.824 21.728 21.327 21.563 21.675 21.547 21.628 22.096 21.795 21.368 21.628 22.173 22.069 21.852 21.302 21.756 22.254 22.095 22.264 21.384 21.718 21.987 22.309 22.278 21.451 21.513 21.891 22.182 22.051 24/08/2044
21.506 21.348 21.341 20.949 21.531 21.157 21.019 21.212 21.490 21.613 20.951 21.134 21.489 21.356 21.660 20.432 20.842 21.481 21.302 21.421 20.488 20.818 21.261 21.545 21.635 20.696 20.820 21.454 21.635 21.406 25/08/2044
20.257 20.279 20.132 19.300 20.129 20.009 19.789 19.977 20.623 20.564 19.804 20.040 20.677 20.503 20.631 19.834 20.178 20.617 20.446 20.623 20.181 20.143 20.444 20.701 20.659 20.504 20.087 20.622 20.712 20.458 26/08/2044
19.049 18.470 18.344 17.946 17.756 18.212 17.988 18.178 18.238 17.808 18.019 18.173 18.373 18.224 17.913 18.256 18.450 18.185 18.035 18.032 18.379 18.429 18.178 18.279 18.178 18.481 18.389 18.333 18.351 17.965 27/08/2044
20.216 20.042 19.836 18.800 19.432 19.844 19.722 19.749 19.993 19.531 19.842 19.886 20.063 19.974 19.650 20.465 21.089 20.070 19.975 19.872 20.624 21.080 20.034 20.130 19.915 20.840 21.126 20.094 20.048 19.807 28/08/2044
19.348 19.197 19.087 18.104 18.847 18.999 18.856 18.963 19.182 18.969 18.983 19.073 19.283 19.111 19.134 19.294 19.459 19.267 19.043 19.059 19.363 19.436 19.203 19.328 19.372 19.665 19.634 19.529 19.475 19.109 29/08/2044
20.468 20.200 20.170 19.582 19.870 20.020 19.960 20.071 20.475 19.900 19.903 20.039 20.393 20.295 20.046 20.288 20.470 20.144 20.006 20.077 20.294 20.435 20.103 20.201 20.174 20.275 20.383 20.209 20.187 19.977 30/08/2044
19.052 18.878 18.732 18.340 18.571 18.676 18.512 18.585 19.126 18.702 18.547 18.625 19.224 19.068 18.879 19.057 19.302 19.210 19.022 18.999 19.320 19.272 19.116 19.294 19.162 19.356 19.051 19.103 19.058 18.908 31/08/2044
16.484 16.419 16.280 16.700 17.376 16.118 15.895 16.100 18.560 17.505 16.082 16.143 18.711 18.458 17.715 17.719 19.125 18.614 18.308 18.279 18.237 19.056 18.508 18.729 18.665 18.516 19.027 18.598 18.615 18.257 01/09/2044
16.033 15.879 15.820 15.339 15.516 15.688 15.542 15.725 15.706 15.544 15.695 15.689 15.856 15.752 15.611 16.117 16.900 15.841 15.700 15.770 16.217 16.880 15.878 15.900 15.962 16.153 16.781 15.947 15.966 15.767 02/09/2044
19.948 19.896 19.728 19.393 19.277 19.747 19.626 19.641 19.609 19.298 19.822 19.804 20.055 19.938 19.385 19.777 20.311 20.010 19.834 19.575 19.881 20.288 20.036 20.076 19.651 19.921 20.255 20.130 19.985 19.437 03/09/2044
24.393 24.424 24.434 25.022 24.312 24.209 24.025 24.292 24.838 24.374 24.332 24.367 24.574 24.424 24.447 24.303 24.878 24.530 24.337 24.356 24.482 24.830 24.534 24.584 24.500 24.772 25.011 24.843 24.792 24.269 04/09/2044
23.098 23.209 23.245 23.134 23.010 22.888 22.627 23.044 24.160 23.405 22.810 23.354 23.899 23.866 23.411 22.905 23.888 23.792 23.779 24.012 23.325 23.858 23.518 23.759 24.066 23.498 23.918 23.540 23.907 24.020 05/09/2044
23.394 23.392 23.366 23.549 23.146 23.334 23.318 23.352 22.778 23.119 23.172 23.239 22.843 22.762 23.129 22.633 22.853 22.707 22.635 22.728 22.667 22.819 22.647 22.751 22.987 22.725 23.010 22.825 22.895 22.865 06/09/2044
24.789 24.881 25.013 25.046 25.261 24.808 24.771 24.968 24.962 25.300 24.707 24.889 24.834 24.820 25.361 24.017 24.525 24.753 24.741 24.835 24.115 24.517 24.731 24.729 24.804 24.170 24.530 24.643 24.658 24.820 07/09/2044
20.603 20.581 20.507 20.703 20.482 20.468 20.396 20.445 20.660 20.499 20.397 20.445 20.774 20.648 20.634 20.291 21.211 20.620 20.493 20.503 20.287 21.183 20.696 20.668 20.546 20.257 21.024 20.643 20.579 20.425 08/09/2044
20.828 20.946 20.999 20.901 20.201 20.805 20.708 20.907 21.205 20.229 20.788 20.915 21.340 21.295 20.352 20.578 21.530 21.199 21.153 21.201 20.693 21.490 21.273 21.223 21.237 20.839 21.628 21.242 21.231 21.165 09/09/2044
21.276 21.376 21.339 20.755 20.842 21.264 21.129 21.276 21.692 20.949 20.904 21.088 21.546 21.469 21.002 21.073 21.407 21.353 21.256 21.526 21.140 21.382 21.245 21.396 22.010 21.417 21.515 21.424 21.840 21.882 10/09/2044
17.905 17.713 17.546 16.911 17.833 17.556 17.431 17.445 17.887 17.771 17.368 17.417 18.005 17.918 17.842 17.458 17.823 17.829 17.707 17.664 17.433 17.779 17.807 17.892 17.824 17.470 17.717 17.835 17.737 17.662 11/09/2044
16.419 16.294 16.035 15.667 16.120 16.179 16.050 15.951 16.115 15.750 16.234 16.129 16.386 16.305 15.799 16.770 16.763 16.004 15.916 16.227 16.664 16.734 16.067 16.054 16.475 16.719 16.960 16.415 16.294 16.339 12/09/2044
17.165 17.015 16.400 15.646 15.734 16.853 16.730 16.306 16.217 15.924 16.992 16.765 16.393 16.255 16.011 17.230 17.203 16.069 15.909 15.889 17.301 17.165 16.776 16.138 16.263 17.489 16.962 16.734 16.207 16.010 13/09/2044
15.643 15.593 15.170 14.565 14.493 15.463 15.339 15.063 14.818 14.575 15.566 15.514 15.107 14.955 14.686 15.589 15.613 15.113 14.965 14.756 15.586 15.578 15.354 15.191 15.085 15.899 15.758 15.666 15.296 14.844 14/09/2044
15.760 15.635 15.376 15.267 15.464 15.483 15.369 15.294 15.184 15.457 15.487 15.451 15.303 15.187 15.550 15.640 15.794 15.328 15.228 15.185 15.638 15.780 15.388 15.377 15.420 15.791 15.744 15.463 15.544 15.263 15/09/2044
14.598 14.532 14.274 13.693 14.095 14.330 14.156 14.134 14.529 14.201 14.413 14.362 14.776 14.644 14.296 14.806 15.236 14.966 14.798 14.615 15.088 15.208 15.117 15.042 15.259 15.196 15.334 15.351 15.279 15.013 16/09/2044
15.498 15.387 15.207 14.417 14.519 15.224 15.097 15.123 14.683 14.499 15.384 15.279 14.977 14.763 14.672 15.122 15.203 14.913 14.645 14.448 15.376 15.151 15.092 14.995 14.941 15.575 15.194 15.433 15.169 14.586 17/09/2044
18.136 17.908 17.433 16.701 16.687 17.795 17.664 17.344 16.840 16.526 18.103 17.782 16.994 16.896 16.690 18.266 18.365 16.962 16.824 16.634 18.342 18.335 17.349 17.011 16.941 18.432 18.431 17.478 17.221 16.724 18/09/2044
18.892 19.032 19.115 18.941 19.147 18.898 18.800 19.025 19.555 19.231 18.952 19.229 19.622 19.489 19.314 19.344 20.185 19.836 19.707 19.489 19.535 20.197 19.627 19.867 19.771 19.693 20.354 19.937 20.109 19.545 19/09/2044
15.250 14.734 14.516 14.477 14.716 14.565 14.461 14.396 15.271 14.861 14.714 14.458 15.190 15.102 14.937 15.277 15.214 15.360 15.248 15.313 15.142 15.208 15.023 15.443 15.533 15.360 15.463 15.378 15.594 15.398 20/09/2044
13.529 13.336 13.365 14.253 14.925 13.403 13.445 13.428 14.677 14.999 13.330 13.361 14.429 14.400 15.077 13.311 13.677 14.412 14.370 14.882 13.418 13.678 14.269 14.433 15.251 13.583 13.701 14.318 14.769 15.210 21/09/2044
13.765 13.609 13.812 13.609 14.055 13.626 13.652 13.818 14.396 14.048 13.697 13.807 14.379 14.416 14.084 14.255 14.521 14.129 14.128 14.440 14.609 14.504 14.186 14.111 14.283 14.393 14.570 14.158 14.254 14.289 22/09/2044
15.304 15.139 15.130 14.337 15.019 14.990 14.846 15.045 14.585 14.705 15.020 14.947 14.443 14.415 14.759 14.859 14.369 14.244 14.180 14.346 14.829 14.361 14.477 14.252 14.334 14.550 14.145 14.306 14.260 14.260 23/09/2044
19.371 19.148 19.380 19.463 19.553 19.013 18.898 19.310 19.903 19.525 18.907 18.900 19.615 19.502 19.599 19.521 19.182 19.509 19.361 19.551 19.657 19.145 19.370 19.567 19.658 19.786 19.272 19.597 19.626 19.457 24/09/2044
19.180 19.213 19.242 19.237 19.597 19.053 18.927 19.156 19.666 19.793 18.972 19.179 19.620 19.537 19.861 18.862 19.010 19.650 19.554 19.598 19.034 18.975 19.450 19.694 19.884 19.229 19.082 19.577 19.682 19.738 25/09/2044
15.334 15.233 15.562 15.279 16.086 15.122 15.065 15.515 16.358 16.115 15.372 15.503 16.407 16.316 16.143 15.444 15.871 16.276 16.192 16.244 15.626 15.831 16.338 16.309 16.379 15.578 15.775 16.354 16.308 16.277 26/09/2044
15.449 15.250 15.311 14.954 15.486 15.163 15.100 15.272 15.586 15.374 15.222 15.193 15.630 15.555 15.411 15.454 15.845 15.542 15.436 15.385 15.478 15.857 15.649 15.553 15.505 15.369 15.745 15.668 15.524 15.445 27/09/2044
14.381 14.253 14.426 14.509 14.764 14.216 14.156 14.412 15.170 14.762 14.131 14.275 14.730 14.680 14.827 14.357 15.001 14.823 14.778 14.958 14.462 14.988 14.730 14.849 14.970 14.535 14.975 14.752 14.865 14.879 28/09/2044
13.016 12.901 12.991 12.895 13.644 12.856 12.752 12.954 13.751 13.813 12.835 12.920 13.557 13.533 13.818 13.040 13.586 13.742 13.708 14.239 13.233 13.595 13.572 13.748 14.560 13.365 13.680 13.676 14.056 14.426 29/09/2044
13.950 13.870 14.110 13.916 14.524 13.717 13.592 14.043 14.687 14.588 13.772 13.897 14.542 14.438 14.641 13.664 14.896 14.561 14.495 14.624 13.792 14.906 14.422 14.594 14.892 13.802 14.666 14.401 14.538 14.801 30/09/2044
15.394 15.260 15.428 15.365 15.720 15.113 15.043 15.350 16.025 15.687 15.083 15.126 15.731 15.730 15.756 16.291 16.171 15.664 15.657 15.724 16.384 16.190 15.668 15.651 15.731 16.438 16.076 15.587 15.606 15.743 01/10/2044
16.037 16.007 15.994 15.706 16.017 15.844 15.765 15.914 16.015 16.079 15.980 15.937 16.002 15.868 16.170 16.180 16.387 15.871 15.738 15.652 16.208 16.374 16.050 15.906 15.847 16.249 16.372 16.233 16.095 15.681 02/10/2044
16.987 16.904 16.907 16.563 16.529 16.775 16.681 16.825 17.084 16.626 16.774 16.783 17.031 16.868 16.709 17.124 17.112 16.819 16.676 16.792 17.142 17.081 16.816 16.886 17.005 17.169 17.101 17.025 16.993 16.783 03/10/2044
17.837 17.657 17.623 17.394 17.533 17.391 17.185 17.475 18.448 17.605 17.429 17.460 18.362 18.220 17.694 18.000 18.354 18.260 18.115 18.177 18.129 18.346 18.229 18.300 18.467 18.241 18.325 18.280 18.359 18.305 04/10/2044
14.174 14.279 14.044 14.419 13.916 14.141 14.005 13.938 14.509 13.942 14.413 14.391 14.692 14.578 14.037 14.810 15.016 14.787 14.664 14.620 14.903 15.009 14.787 14.827 15.012 15.191 15.152 15.081 15.111 14.862 05/10/2044
12.501 12.467 12.415 12.100 12.322 12.281 12.201 12.284 13.796 12.577 12.564 12.575 13.820 13.717 12.651 13.384 13.983 13.966 13.815 13.831 13.495 14.003 14.002 14.036 14.273 13.703 14.099 14.397 14.324 14.059 06/10/2044
15.422 15.680 16.043 12.747 14.428 15.997 16.186 16.210 16.676 14.673 16.105 16.139 16.727 16.216 14.935 18.133 18.693 16.615 16.037 16.160 18.075 18.703 16.535 16.909 17.014 17.743 18.651 17.691 17.504 16.128 07/10/2044
14.015 14.075 13.947 13.848 13.891 13.918 13.861 13.866 14.600 14.167 14.071 14.026 14.597 14.481 14.336 14.158 14.439 14.600 14.454 14.452 14.246 14.457 14.648 14.630 14.819 14.545 14.561 15.027 14.976 14.623 08/10/2044
11.552 11.672 11.724 11.354 11.535 11.530 11.436 11.633 12.245 11.959 11.703 11.782 12.312 12.211 12.076 11.805 12.238 12.330 12.221 12.230 12.056 12.228 12.353 12.379 12.548 12.372 12.368 12.638 12.551 12.360 09/10/2044
11.160 11.382 11.556 11.621 11.686 11.250 11.155 11.450 12.063 11.833 11.066 11.303 11.876 11.817 11.917 11.327 11.876 11.689 11.580 11.713 11.423 11.869 11.693 11.731 11.755 11.604 11.714 11.748 11.599 11.602 10/10/2044
14.490 14.453 14.665 14.204 14.719 14.307 14.225 14.550 15.137 14.749 14.182 14.273 14.932 14.831 14.825 14.781 15.452 14.589 14.489 14.803 14.831 15.420 14.577 14.655 14.584 14.936 15.359 14.644 14.549 14.424 11/10/2044
18.660 18.561 18.710 17.780 17.390 18.325 18.183 18.558 18.032 17.194 18.179 18.335 17.907 17.775 17.300 18.977 19.142 17.696 17.519 17.694 19.233 19.092 17.540 17.753 17.547 19.611 19.283 17.806 17.749 17.368 12/10/2044
18.202 18.106 18.081 17.772 17.761 17.977 17.881 17.989 18.016 17.676 17.684 17.850 18.026 17.965 17.750 18.055 18.279 17.850 17.748 17.897 18.064 18.245 17.722 17.873 17.879 18.085 18.184 17.736 17.864 17.758 13/10/2044
11.000 11.477 11.514 11.260 11.347 11.366 11.245 11.440 11.745 11.514 11.555 11.667 11.760 11.687 11.592 11.707 12.414 11.909 11.820 12.055 12.012 12.393 11.749 11.926 12.358 12.398 12.693 12.059 12.287 12.289 14/10/2044
5.537 5.583 5.393 4.855 4.946 5.468 5.392 5.343 5.385 5.156 5.517 5.591 5.650 5.617 5.228 5.683 6.042 5.828 5.754 5.830 5.867 6.037 5.672 5.863 6.014 6.076 6.173 5.823 6.016 5.912 15/10/2044
6.411 6.312 5.999 4.833 4.623 6.235 6.149 5.934 5.197 4.968 6.311 6.268 5.487 5.431 5.025 6.086 5.674 5.564 5.491 5.526 6.150 5.654 5.487 5.603 5.715 6.354 5.832 5.735 5.692 5.608 16/10/2044
4.921 4.844 4.464 4.143 3.584 4.739 4.656 4.435 4.335 3.854 4.857 4.807 4.603 4.519 3.913 5.053 5.270 4.703 4.618 4.576 5.155 5.254 4.877 4.754 4.799 5.294 5.305 5.018 4.908 4.655 17/10/2044
8.826 8.518 8.196 7.408 7.288 8.191 7.946 8.005 6.327 7.140 8.178 8.110 6.589 6.489 7.169 7.922 8.353 6.482 6.364 6.248 7.990 8.309 6.648 6.541 6.324 8.368 8.644 6.897 6.639 6.160 18/10/2044
11.098 11.220 10.918 9.152 10.935 11.031 10.867 10.802 10.504 11.353 11.470 11.274 10.825 10.810 11.403 12.169 12.862 10.863 10.847 10.774 12.381 12.850 11.283 10.895 10.890 12.534 13.072 11.386 11.230 10.856 19/10/2044
10.807 11.667 11.324 10.633 10.450 11.546 11.412 11.236 10.893 10.815 12.148 11.886 11.017 10.942 10.888 12.946 12.681 11.197 11.129 10.961 13.135 12.665 11.417 11.251 11.249 13.360 12.745 11.618 11.485 11.086 20/10/2044
12.546 12.944 12.601 12.338 13.144 12.779 12.645 12.481 13.192 13.319 13.494 13.279 13.414 13.316 13.399 14.135 14.618 13.638 13.507 13.488 14.259 14.577 13.680 13.699 13.937 14.557 14.763 13.938 14.029 13.801 21/10/2044
14.545 14.651 14.534 14.277 14.634 14.498 14.380 14.433 14.835 14.688 14.655 14.617 14.785 14.682 14.798 14.713 15.046 14.871 14.694 14.730 14.874 14.991 14.783 14.908 15.124 15.082 15.185 15.109 15.178 14.960 22/10/2044
18.319 18.273 18.146 17.482 18.104 18.171 18.068 18.073 18.734 18.193 18.140 18.110 18.858 18.587 18.374 18.485 17.665 18.754 18.411 18.419 18.637 17.603 18.672 18.839 18.853 18.753 17.782 19.006 18.970 18.441 23/10/2044
17.528 17.299 17.194 16.806 17.417 17.159 17.029 17.117 17.743 17.320 17.263 17.196 17.967 17.818 17.444 18.995 18.045 17.793 17.605 17.453 19.098 18.010 17.914 17.871 17.808 19.220 17.968 18.131 18.034 17.547 24/10/2044
16.028 16.198 15.960 15.030 15.916 15.898 15.702 15.782 16.279 16.170 16.142 16.090 16.514 16.377 16.317 16.967 16.644 16.371 16.197 16.254 16.787 16.600 16.313 16.433 16.600 16.975 16.722 16.584 16.654 16.368 25/10/2044
12.105 12.110 11.766 11.241 11.518 11.949 11.844 11.707 12.288 11.887 12.385 12.264 12.760 12.625 11.967 12.925 13.506 12.918 12.736 12.575 13.089 13.491 13.056 12.997 13.077 13.235 13.616 13.326 13.263 12.811 26/10/2044
10.988 10.879 10.705 9.921 10.375 10.607 10.450 10.554 10.576 10.615 10.855 10.779 10.875 10.784 10.710 10.828 10.922 10.902 10.776 10.622 10.976 10.894 11.062 10.953 10.862 11.028 10.900 11.179 11.036 10.676 27/10/2044
12.461 12.383 11.969 11.042 11.038 11.983 11.685 11.749 11.749 11.090 11.990 11.883 12.073 11.854 11.221 13.020 13.254 11.934 11.670 11.455 13.052 13.245 12.148 12.005 11.718 13.227 13.178 12.444 12.262 11.353 28/10/2044
12.554 12.479 12.509 11.960 12.069 12.291 12.156 12.400 12.552 12.226 12.140 12.327 12.549 12.413 12.335 11.963 12.560 12.536 12.405 12.345 12.325 12.545 12.452 12.599 12.563 12.527 12.646 12.748 12.783 12.352 29/10/2044
7.205 7.161 7.128 6.972 7.277 7.126 7.099 7.096 7.306 7.748 7.269 7.188 7.221 7.169 7.709 8.307 8.179 7.346 7.337 7.431 8.374 8.200 7.227 7.356 7.578 8.637 8.190 7.332 7.398 7.502 30/10/2044
6.610 6.643 6.386 6.526 6.148 6.482 6.342 6.258 6.712 6.574 6.693 6.557 6.710 6.566 6.718 6.446 6.667 6.707 6.570 6.669 6.695 6.642 6.583 6.782 6.966 6.914 6.884 7.004 6.867 6.713 31/10/2044
11.805 11.718 11.600 11.011 11.200 11.543 11.380 11.481 11.830 11.515 11.829 11.744 11.932 11.803 11.642 12.138 12.414 11.985 11.817 11.771 12.507 12.385 12.139 12.048 12.233 12.740 12.582 12.450 12.243 11.959 01/11/2044
12.047 11.919 11.766 12.138 12.156 11.727 11.600 11.659 12.381 12.237 11.877 11.854 12.344 12.250 12.308 11.804 12.352 12.240 12.117 12.167 11.971 12.315 12.260 12.277 12.202 12.139 12.373 12.400 12.306 12.036 02/11/2044
9.292 9.242 9.168 7.717 7.790 9.112 9.084 9.114 8.072 7.820 9.329 9.244 8.028 7.977 7.807 9.308 9.010 8.078 7.982 7.964 9.467 9.024 8.102 8.117 7.961 9.483 9.047 8.347 8.180 7.810 03/11/2044
11.294 11.166 11.101 10.356 9.093 11.012 10.913 10.992 9.581 8.833 11.174 11.052 9.551 9.488 8.824 10.547 9.856 9.598 9.531 9.449 10.488 9.840 9.711 9.631 9.398 10.427 9.783 9.758 9.626 9.279 04/11/2044
9.192 9.046 8.938 8.385 8.500 9.009 8.978 8.882 8.501 8.472 9.085 8.880 8.634 8.609 8.492 9.094 9.424 8.578 8.567 8.434 9.040 9.408 8.724 8.601 8.379 8.985 9.323 8.708 8.538 8.400 05/11/2044
8.671 8.613 8.583 8.897 8.918 8.544 8.473 8.542 9.523 8.959 8.550 8.533 9.627 9.434 9.177 8.841 8.553 9.599 9.378 9.343 8.818 8.524 9.565 9.703 9.634 8.824 8.663 9.981 9.892 9.318 06/11/2044
12.465 12.433 12.217 12.480 11.964 12.256 12.154 12.116 12.809 12.069 12.248 12.212 12.873 12.748 12.233 12.268 12.839 12.797 12.672 12.676 12.387 12.809 12.710 12.864 13.063 12.571 12.863 12.885 12.988 12.870 07/11/2044
11.385 11.298 11.200 11.330 11.492 11.197 11.129 11.152 11.756 11.589 11.132 10.991 11.625 11.578 11.675 11.383 12.083 11.440 11.410 11.561 11.152 12.060 11.325 11.466 11.625 11.063 11.972 11.360 11.481 11.535 08/11/2044
7.894 7.880 7.721 7.545 7.805 7.730 7.598 7.606 8.007 8.166 8.060 7.906 7.985 7.921 8.211 8.219 8.284 8.031 7.956 8.004 8.375 8.225 7.967 8.062 8.168 8.316 8.294 8.042 8.073 8.029 09/11/2044
9.041 8.986 8.789 7.985 6.930 8.789 8.673 8.672 7.463 6.998 8.964 8.909 7.866 7.726 7.114 8.966 8.394 7.789 7.652 7.507 9.112 8.351 7.982 7.856 7.764 9.157 8.405 8.124 7.864 7.562 10/11/2044
7.978 8.145 7.624 7.163 8.180 8.107 8.117 7.608 8.476 8.221 8.408 8.251 8.991 8.911 8.306 8.995 9.153 9.046 8.937 8.691 9.109 9.156 9.378 9.101 8.937 8.935 9.065 9.525 9.306 8.773 11/11/2044
11.345 10.964 10.838 10.396 11.020 10.934 10.840 10.738 10.916 10.770 11.272 11.003 11.243 11.147 10.871 11.810 11.909 10.996 10.862 10.511 11.816 11.889 11.434 11.024 10.572 11.847 11.736 11.546 11.111 10.381 12/11/2044
11.170 10.896 10.698 10.436 10.168 10.856 10.843 10.620 10.712 10.278 11.055 10.758 11.083 11.119 10.376 10.886 10.684 10.906 10.935 10.690 10.763 10.683 11.105 10.885 10.541 10.710 10.543 10.778 10.766 10.581 13/11/2044
5.498 5.700 5.751 5.621 6.042 5.609 5.509 5.693 5.781 6.105 5.453 5.692 5.890 5.873 6.166 5.564 5.854 5.824 5.802 5.837 5.712 5.840 5.733 5.836 5.896 5.956 5.753 5.817 5.816 5.828 14/11/2044
4.657 4.487 4.672 4.726 5.631 4.316 4.160 4.550 4.930 5.256 4.265 4.382 4.682 4.543 5.420 3.943 3.936 4.425 4.222 4.360 3.996 3.893 4.345 4.538 4.344 3.923 3.637 4.458 4.437 4.060 15/11/2044
5.357 5.166 5.461 5.290 4.924 5.002 4.893 5.370 4.524 4.489 4.860 4.903 3.918 3.820 4.532 5.099 4.210 3.476 3.439 3.576 5.161 4.185 3.563 3.560 3.482 4.974 4.066 3.523 3.446 3.372 16/11/2044
6.140 6.086 7.414 7.984 8.517 6.151 6.160 7.447 8.050 8.160 6.329 6.303 7.067 7.049 8.180 6.889 6.540 6.155 6.171 6.864 6.730 6.538 5.991 6.177 6.013 6.070 6.131 5.659 5.686 6.028 17/11/2044
7.680 7.651 8.645 9.147 9.443 7.716 7.756 8.696 8.489 8.568 7.365 7.663 7.414 7.404 8.596 7.277 7.264 6.694 6.681 7.375 7.044 7.253 6.574 6.696 6.596 6.584 7.133 6.384 6.350 6.572 18/11/2044
5.623 5.686 6.225 7.259 7.336 5.687 5.695 6.209 6.536 6.683 5.575 5.622 5.847 5.914 6.786 7.038 6.308 5.348 5.411 5.744 6.858 6.300 5.546 5.310 5.306 6.624 6.315 5.301 5.134 5.383 19/11/2044
5.731 5.781 6.138 8.466 7.385 5.808 5.772 6.096 7.741 7.091 5.643 5.748 7.814 7.502 7.342 6.416 6.981 7.493 7.106 7.195 6.175 6.960 7.425 7.672 7.539 6.017 6.933 7.898 8.009 6.986 20/11/2044
7.502 7.419 7.400 7.529 7.560 7.399 7.316 7.365 7.653 7.740 7.460 7.550 7.692 7.633 7.796 7.685 7.976 7.536 7.453 7.426 7.731 7.975 7.468 7.591 7.466 7.313 7.708 7.307 7.464 7.345 21/11/2044
6.227 6.055 6.310 5.582 5.137 5.930 5.809 6.194 5.985 5.537 6.361 6.253 5.825 5.688 5.654 6.112 6.375 5.951 5.801 6.002 6.303 6.367 6.084 6.033 6.339 6.368 6.464 6.329 6.290 6.187 22/11/2044
3.723 3.566 3.828 3.634 2.291 3.520 3.343 3.772 2.844 2.025 3.542 3.548 2.625 2.436 2.157 3.352 3.452 2.619 2.403 2.596 3.639 3.417 2.622 2.727 2.827 3.705 3.516 3.026 2.915 2.521 23/11/2044
9.632 9.636 9.788 9.635 8.566 9.386 9.113 9.599 8.988 8.326 9.568 9.445 8.624 8.499 8.518 8.557 9.622 8.438 8.265 8.568 8.921 9.575 8.586 8.518 8.639 9.253 9.961 9.202 8.733 8.403 24/11/2044
14.867 14.766 14.728 14.448 14.537 14.599 14.438 14.568 14.598 14.473 14.273 14.386 14.592 14.451 14.597 14.151 14.640 14.273 14.093 14.193 14.383 14.604 14.594 14.320 14.335 14.723 14.721 14.846 14.510 14.108 25/11/2044
13.765 13.829 13.647 13.471 13.427 13.572 13.410 13.515 13.793 13.479 13.320 13.477 13.792 13.694 13.581 13.462 13.964 13.923 13.794 13.695 13.743 13.942 13.657 13.966 13.984 14.202 14.168 13.980 14.109 13.830 26/11/2044
12.187 12.142 12.063 11.603 11.769 11.969 11.817 11.955 12.522 11.994 11.674 12.090 12.557 12.375 12.141 13.221 13.811 12.677 12.469 12.459 13.542 13.773 12.525 12.756 12.857 13.881 13.947 12.874 12.927 12.559 27/11/2044
7.661 7.404 7.305 6.789 6.610 7.124 6.898 7.132 6.840 6.621 7.027 7.230 6.881 6.826 6.704 7.298 7.759 6.907 6.870 6.813 7.616 7.707 7.010 6.939 7.039 7.947 7.880 7.106 7.028 6.965 28/11/2044
7.547 7.457 7.445 6.962 7.353 7.338 7.210 7.379 7.873 7.545 7.064 7.386 7.750 7.718 7.648 7.105 7.958 7.810 7.756 7.935 7.108 7.954 7.559 7.838 7.971 7.262 8.009 7.679 7.848 7.894 29/11/2044
6.132 6.258 6.464 6.175 6.251 6.090 6.003 6.361 6.767 6.425 5.894 6.260 6.566 6.501 6.504 5.813 6.392 6.551 6.490 6.798 5.996 6.386 6.339 6.585 6.975 6.145 6.343 6.478 6.606 6.853 30/11/2044
5.043 4.892 5.003 4.389 5.297 4.587 4.340 4.819 5.337 5.277 4.424 4.693 5.324 5.254 5.403 4.789 5.342 5.251 5.193 5.154 5.025 5.326 5.198 5.285 5.191 5.253 5.372 5.288 5.315 5.147 01/12/2044
6.817 6.579 6.347 5.816 6.129 6.405 6.239 6.224 6.209 6.123 6.287 6.031 6.113 6.029 6.191 7.073 7.041 6.015 5.949 5.996 6.926 7.027 5.906 6.057 5.857 6.889 7.020 5.980 6.006 5.738 02/12/2044
7.956 7.895 7.900 6.511 6.398 7.780 7.650 7.843 7.653 6.484 7.415 7.658 7.610 7.604 6.622 7.338 7.784 7.558 7.560 7.715 7.443 7.738 7.326 7.586 7.607 7.591 7.840 7.343 7.577 7.600 03/12/2044
11.473 11.437 11.400 10.626 9.976 11.340 11.297 11.352 11.321 10.247 11.196 11.390 11.357 11.238 10.407 10.989 11.703 11.339 11.201 11.341 11.283 11.709 11.169 11.404 11.475 11.421 11.690 11.327 11.448 11.281 04/12/2044
12.717 12.735 12.603 12.271 12.768 12.610 12.504 12.553 12.874 12.957 12.660 12.604 12.910 12.845 13.085 12.807 12.969 12.918 12.843 12.943 12.889 12.948 12.861 12.955 13.209 12.982 13.131 13.018 13.061 13.115 05/12/2044
10.866 11.074 10.847 10.432 10.769 11.044 10.985 10.809 11.144 10.978 11.036 11.002 11.381 11.379 11.048 11.360 11.396 11.360 11.348 11.365 11.302 11.380 11.300 11.364 11.369 11.346 11.454 11.311 11.346 11.369 06/12/2044
6.983 6.988 6.668 6.113 6.062 6.822 6.714 6.585 6.623 6.092 7.131 6.997 7.153 7.072 6.130 7.854 8.303 7.224 7.125 6.783 7.886 8.285 7.284 7.250 7.221 7.842 8.251 7.376 7.386 7.080 07/12/2044
4.794 4.757 4.664 4.193 3.966 4.608 4.447 4.599 4.286 3.985 4.693 4.661 4.581 4.513 4.083 5.152 5.250 4.543 4.458 4.107 5.274 5.214 4.640 4.587 4.484 5.376 5.335 4.723 4.643 4.286 08/12/2044
3.929 3.889 3.803 3.428 2.887 3.760 3.612 3.741 3.580 3.117 3.870 3.863 3.795 3.704 3.262 4.135 4.180 3.768 3.684 3.475 4.293 4.134 3.740 3.811 3.764 4.405 4.336 3.974 3.879 3.606 09/12/2044
1.470 1.195 1.179 1.217 1.351 1.117 1.051 1.149 1.087 1.344 1.201 1.197 1.223 1.159 1.366 1.335 0.725 1.118 1.066 1.052 1.356 0.705 1.177 1.140 1.094 1.458 0.619 1.144 1.059 1.010 10/12/2044
-0.512 -0.603 -0.740 -0.956 -1.663 -0.771 -0.872 -0.843 -1.453 -1.567 -0.817 -0.763 -1.391 -1.417 -1.577 -0.929 -1.441 -1.372 -1.395 -1.387 -0.848 -1.460 -1.352 -1.368 -1.371 -0.786 -1.475 -1.359 -1.398 -1.393 11/12/2044
-0.415 -0.435 -0.389 -0.676 -0.821 -0.595 -0.774 -0.519 0.095 -0.535 -0.571 -0.525 -0.082 -0.224 -0.467 -0.703 -1.420 -0.201 -0.402 -0.192 -0.537 -1.457 -0.383 -0.123 -0.012 -0.531 -1.313 -0.338 -0.261 -0.258 12/12/2044
-0.186 -0.216 -0.165 -0.566 0.422 -0.346 -0.461 -0.263 -0.348 0.584 -0.335 -0.261 -0.447 -0.472 0.525 -0.347 0.302 -0.395 -0.416 -0.212 -0.135 0.271 -0.543 -0.374 -0.314 0.014 0.382 -0.500 -0.367 -0.347 13/12/2044
0.400 0.436 0.288 -0.905 0.650 0.253 0.126 0.200 0.295 0.811 0.232 0.340 0.473 0.396 0.840 0.631 1.405 0.484 0.412 0.532 0.842 1.377 0.270 0.512 0.143 0.962 1.294 0.144 0.189 -0.009 14/12/2044
-1.048 -0.781 -0.761 -1.133 -0.630 -0.973 -1.153 -0.857 0.202 -0.071 -0.558 -0.366 0.310 0.202 -0.004 -0.729 0.058 0.935 0.859 0.789 0.090 0.036 0.662 0.950 1.373 0.800 0.443 1.068 1.330 1.270 15/12/2044
-2.490 -2.504 -2.512 -2.986 -2.980 -2.657 -2.805 -2.601 -2.638 -2.777 -2.661 -2.550 -2.660 -2.717 -2.731 -3.152 -3.137 -2.533 -2.571 -2.497 -2.972 -3.171 -2.691 -2.495 -2.296 -2.652 -2.954 -2.474 -2.326 -2.391 16/12/2044
-1.743 -1.838 -1.569 -1.905 -1.522 -1.981 -2.174 -1.692 -1.059 -1.454 -2.080 -1.851 -1.329 -1.492 -1.396 -2.344 -1.943 -1.437 -1.582 -1.290 -2.179 -1.961 -1.727 -1.359 -0.985 -2.037 -1.907 -1.499 -1.219 -1.280 17/12/2044
2.013 2.327 2.712 2.422 2.869 2.180 2.034 2.633 3.243 2.878 2.001 2.319 3.202 3.134 2.921 2.336 2.449 3.103 3.023 3.206 2.525 2.429 2.805 3.127 3.170 2.788 2.548 3.030 3.169 3.048 18/12/2044
2.077 2.033 2.293 2.191 2.453 1.907 1.863 2.243 2.285 2.301 1.658 1.786 2.027 1.983 2.319 1.637 1.710 1.679 1.650 1.912 1.617 1.691 1.590 1.718 1.604 1.658 1.727 1.642 1.601 1.571 19/12/2044
2.802 3.041 3.046 3.768 2.801 3.001 2.980 3.044 3.105 2.849 3.074 3.044 3.007 2.925 2.920 2.841 3.922 2.916 2.842 2.850 3.004 3.917 3.045 2.955 2.828 3.204 4.019 3.248 2.988 2.725 20/12/2044
1.302 1.246 1.109 0.975 1.412 1.098 0.856 0.992 1.567 1.636 1.237 1.235 1.668 1.531 1.788 1.501 2.194 1.680 1.542 1.630 1.646 2.163 1.645 1.730 1.804 1.880 2.232 1.879 1.853 1.626 21/12/2044
0.821 0.761 0.466 0.184 0.258 0.560 0.317 0.317 0.828 0.513 0.789 0.383 0.872 0.771 0.692 1.174 1.391 0.949 0.795 0.891 1.214 1.345 0.977 0.990 1.030 1.635 1.530 1.339 1.319 0.846 22/12/2044
1.595 1.625 1.196 1.211 1.343 1.549 1.441 1.157 1.676 1.402 1.596 1.455 1.806 1.677 1.565 1.813 2.067 1.910 1.783 1.977 1.909 2.065 1.874 1.962 2.495 2.126 2.314 2.227 2.393 2.294 23/12/2044
2.343 2.249 1.935 1.308 1.762 2.087 1.967 1.853 2.493 2.201 2.162 2.083 2.530 2.434 2.338 2.542 2.902 2.600 2.482 2.652 2.631 2.880 2.536 2.649 2.777 2.932 2.997 2.754 2.776 2.623 24/12/2044
5.466 5.482 5.274 3.020 2.683 5.389 5.313 5.195 3.120 2.822 5.511 5.298 3.414 3.278 2.906 5.199 5.230 3.266 3.142 3.137 5.029 5.183 3.468 3.331 3.187 4.924 5.139 3.611 3.374 3.024 25/12/2044
6.873 6.422 6.406 6.524 6.003 5.764 5.219 5.953 6.504 5.699 5.855 5.790 6.305 6.206 5.829 5.402 5.008 6.373 6.220 6.239 6.030 4.988 6.053 6.429 6.372 6.351 5.112 6.334 6.555 6.190 26/12/2044
8.280 8.162 8.591 9.760 9.109 8.010 7.876 8.478 9.831 9.092 7.797 7.917 8.995 8.902 9.224 7.841 8.575 8.939 8.819 9.595 7.835 8.566 8.518 8.982 9.815 8.173 8.911 9.127 9.451 9.628 27/12/2044
6.928 6.913 7.046 7.884 7.221 6.747 6.605 6.938 7.860 7.610 6.882 6.767 6.890 6.781 7.751 6.672 6.772 6.803 6.648 7.750 6.799 6.765 6.693 6.857 7.321 6.918 6.968 7.096 7.083 7.156 28/12/2044
10.907 10.708 10.325 10.221 10.035 10.481 10.325 10.196 10.641 10.271 10.971 10.660 10.627 10.578 10.331 11.177 11.350 10.496 10.428 10.571 11.337 11.367 10.856 10.546 10.190 11.388 11.049 10.774 10.563 10.098 29/12/2044
10.059 10.232 9.922 9.298 9.157 10.043 9.891 9.809 9.917 9.386 10.213 10.109 10.094 10.000 9.513 10.573 10.739 10.109 10.000 9.912 10.644 10.737 10.187 10.151 10.087 10.685 10.714 10.347 10.279 9.948 30/12/2044
11.670 11.677 11.501 10.464 10.890 11.432 11.276 11.353 11.650 11.133 11.789 11.697 11.911 11.788 11.233 12.201 12.541 11.816 11.706 11.629 12.448 12.519 12.088 11.873 11.818 12.664 12.576 12.357 12.013 11.655 31/12/2044
12.484 12.033 12.232 12.074 12.140 11.834 11.657 12.079 12.595 12.089 11.916 11.789 12.284 12.146 12.212 12.234 12.955 12.512 12.344 12.103 12.649 12.920 12.526 12.590 12.224 12.408 12.416 12.039 12.236 11.980 01/01/2045
12.768 12.624 12.580 12.574 12.180 12.472 12.338 12.468 12.651 12.042 12.271 12.408 12.612 12.509 12.138 12.577 13.061 12.628 12.508 12.369 12.889 13.035 12.609 12.690 12.469 12.948 12.852 12.515 12.517 12.278 02/01/2045
10.984 10.835 10.819 10.911 10.552 10.645 10.521 10.703 10.816 10.367 10.602 10.638 10.818 10.690 10.397 11.004 11.176 10.574 10.472 10.590 11.065 11.169 10.675 10.598 10.546 11.107 11.121 10.784 10.680 10.407 03/01/2045
10.971 11.020 10.826 10.425 10.004 10.855 10.715 10.694 10.441 9.997 10.806 10.876 10.639 10.546 10.085 10.877 10.527 10.436 10.338 10.305 10.645 10.515 10.284 10.488 10.472 10.839 10.595 10.505 10.526 10.390 04/01/2045
8.588 8.474 8.454 8.376 7.927 8.322 8.188 8.353 8.414 7.779 8.284 8.280 8.307 8.190 7.904 8.921 9.066 8.198 8.039 8.146 9.059 9.034 8.180 8.261 8.580 9.320 9.193 8.462 8.480 8.379 05/01/2045
8.161 8.049 7.881 7.614 7.206 7.950 7.851 7.801 7.722 7.255 7.596 7.649 7.835 7.701 7.351 7.785 7.760 7.781 7.609 7.675 7.726 7.730 7.531 7.863 8.013 7.620 7.721 7.704 7.890 7.754 06/01/2045
4.274 4.111 4.184 4.009 4.144 3.945 3.849 4.078 4.287 3.884 3.768 3.851 4.302 4.169 3.955 4.257 4.733 4.084 3.926 3.970 4.563 4.679 4.179 4.158 3.914 4.725 4.771 4.315 4.176 3.786 07/01/2045
7.454 7.375 7.193 6.983 6.814 7.173 7.078 7.067 7.208 6.813 7.482 7.423 7.323 7.252 6.849 7.999 8.383 7.421 7.342 7.286 8.385 8.352 7.680 7.465 7.460 8.894 8.530 7.818 7.687 7.383 08/01/2045
9.800 9.642 9.849 9.830 9.574 9.457 9.319 9.753 9.891 9.458 9.166 9.501 9.616 9.522 9.535 9.354 9.958 9.506 9.395 9.672 9.521 9.937 9.313 9.577 9.729 9.733 9.970 9.407 9.571 9.528 09/01/2045
8.387 8.383 8.338 7.896 7.798 8.240 8.119 8.261 8.067 7.839 8.133 8.293 8.092 8.027 7.893 8.442 8.449 8.053 7.985 8.049 8.596 8.431 7.963 8.094 8.065 8.782 8.416 7.999 8.059 7.938 10/01/2045
8.125 8.034 8.073 7.690 7.979 7.866 7.747 7.990 8.066 7.931 7.955 8.023 8.097 7.994 7.989 8.149 8.200 8.064 7.969 7.829 8.333 8.177 8.050 8.103 7.861 8.610 8.244 8.205 8.058 7.749 11/01/2045
6.297 6.611 6.536 5.906 6.453 6.516 6.437 6.468 7.051 7.035 7.075 7.068 7.241 7.147 7.146 7.389 7.834 7.300 7.188 7.184 7.669 7.830 7.400 7.333 7.672 7.791 7.971 7.605 7.615 7.518 12/01/2045
9.861 9.868 9.578 8.778 8.727 9.741 9.639 9.480 8.825 8.801 9.765 9.517 8.954 8.822 8.844 9.930 9.945 8.992 8.861 8.793 9.849 9.921 9.078 9.046 9.108 9.786 10.305 9.571 9.395 8.880 13/01/2045
10.282 9.997 9.904 8.796 8.950 9.746 9.531 9.735 9.308 8.876 9.652 9.504 9.424 9.190 9.059 9.591 9.475 9.142 8.874 8.903 9.669 9.427 9.110 9.257 9.178 9.903 9.678 9.589 9.426 8.799 14/01/2045
6.878 6.728 6.907 6.842 6.576 6.537 6.389 6.797 6.885 6.288 6.771 6.457 6.687 6.575 6.396 6.972 6.696 6.319 6.162 6.498 7.045 6.673 6.423 6.368 6.650 7.142 6.685 6.593 6.326 6.433 15/01/2045
9.984 10.080 9.837 9.432 8.837 9.860 9.689 9.710 9.740 8.933 9.875 9.976 9.787 9.628 9.053 10.152 10.139 9.679 9.511 9.593 10.316 10.103 9.682 9.747 9.709 10.316 9.879 9.727 9.703 9.447 16/01/2045
12.460 12.424 12.287 11.867 11.350 12.261 12.117 12.171 11.914 11.344 12.461 12.365 12.090 11.987 11.407 12.588 12.463 12.080 11.958 11.878 12.637 12.456 12.160 12.141 12.013 12.815 12.585 12.438 12.193 11.815 17/01/2045
12.176 12.011 11.943 11.728 10.927 11.944 11.908 11.899 11.301 10.880 12.181 11.907 11.448 11.347 10.915 11.964 11.833 11.278 11.183 11.189 11.954 11.820 11.370 11.308 11.243 11.877 11.745 11.438 11.347 11.115 18/01/2045
11.564 11.257 11.155 10.773 10.408 11.121 11.020 11.056 10.988 10.325 10.950 11.022 11.031 10.901 10.428 11.294 11.369 10.886 10.734 10.786 11.299 11.338 10.746 10.938 10.955 11.389 11.367 10.974 10.984 10.748 19/01/2045
12.113 11.847 11.795 11.713 11.442 11.669 11.516 11.691 11.926 11.516 11.746 11.759 11.903 11.805 11.628 12.013 12.212 11.882 11.759 11.809 12.129 12.188 11.903 11.939 11.950 12.281 12.281 12.131 12.074 11.767 20/01/2045
12.456 12.230 12.284 11.920 11.685 12.029 11.884 12.150 12.529 11.928 12.140 12.353 12.603 12.615 11.926 12.322 12.906 12.646 12.636 12.568 12.677 12.894 12.728 12.663 12.737 12.850 12.922 12.784 12.738 12.706 21/01/2045
11.573 11.540 11.520 11.271 11.283 11.312 11.175 11.375 12.164 11.469 11.390 11.545 12.229 12.119 11.533 11.870 12.438 12.233 12.122 12.064 12.171 12.403 12.225 12.304 12.315 12.505 12.557 12.477 12.353 12.134 22/01/2045
9.763 9.778 9.636 9.111 8.951 9.562 9.390 9.506 9.663 9.219 9.824 9.802 9.830 9.666 9.353 9.954 9.846 9.831 9.649 9.704 9.986 9.826 9.859 9.919 9.932 10.133 9.869 10.132 10.063 9.669 23/01/2045
8.541 8.454 8.308 7.847 7.358 8.251 8.122 8.190 7.706 7.498 8.335 8.363 7.807 7.736 7.551 8.522 8.256 7.798 7.733 7.730 8.598 8.240 7.855 7.848 7.798 8.705 8.214 7.930 7.910 7.703 24/01/2045
9.352 9.549 9.484 8.906 8.453 9.391 9.278 9.379 9.442 8.751 9.600 9.608 9.485 9.396 8.820 10.034 10.125 9.702 9.617 9.677 10.343 10.114 9.670 9.755 9.883 10.594 10.273 9.942 9.899 9.741 25/01/2045
8.759 8.540 8.521 6.961 6.457 8.330 8.218 8.403 7.068 6.578 8.776 8.768 7.134 7.063 6.577 9.197 8.378 7.568 7.467 7.435 9.472 8.328 7.609 7.619 7.740 9.981 8.694 7.939 7.711 7.618 26/01/2045
6.781 6.852 6.783 5.536 5.398 6.879 6.920 6.790 5.708 5.520 6.836 6.950 5.911 5.885 5.533 6.951 6.330 5.939 5.918 5.855 6.740 6.364 5.714 5.956 5.899 6.657 6.339 5.747 5.786 5.914 27/01/2045
7.146 7.060 6.844 6.264 7.056 7.029 6.998 6.830 7.417 6.913 7.108 6.946 7.692 7.619 6.960 7.270 6.901 7.611 7.535 7.409 7.089 6.903 7.611 7.646 7.396 6.892 6.880 7.674 7.568 7.314 28/01/2045
9.930 9.800 9.692 9.375 9.652 9.642 9.539 9.588 9.944 9.595 9.639 9.589 10.100 9.979 9.719 9.958 9.973 9.963 9.792 9.706 9.960 9.953 9.908 10.050 9.712 9.858 9.954 10.108 10.001 9.460 29/01/2045
10.758 10.609 10.519 10.372 9.724 10.406 10.257 10.389 10.568 9.911 10.527 10.497 10.589 10.469 10.025 10.907 10.736 10.613 10.468 10.498 11.033 10.701 10.620 10.676 10.686 10.899 10.603 10.668 10.627 10.487 30/01/2045
9.295 9.150 9.305 9.346 8.626 8.985 8.861 9.195 9.241 8.653 9.110 9.077 9.075 8.970 8.718 9.224 9.465 8.926 8.817 8.966 9.392 9.445 9.128 8.987 9.071 9.474 9.433 9.245 9.071 8.895 31/01/2045
6.965 6.846 6.841 6.980 6.782 6.690 6.584 6.755 6.891 6.575 6.906 6.792 6.866 6.778 6.594 7.309 7.828 6.746 6.660 6.708 7.487 7.830 6.989 6.803 6.851 7.497 7.826 7.098 6.942 6.717 01/02/2045
9.244 9.165 9.367 9.154 9.289 9.018 8.881 9.262 9.762 9.358 9.165 9.110 9.487 9.395 9.442 9.740 9.775 9.132 9.059 9.325 9.774 9.757 9.256 9.171 9.126 9.810 9.762 9.372 9.237 9.027 02/02/2045
7.904 7.721 8.186 8.652 8.441 7.557 7.441 8.048 8.331 8.066 7.371 7.416 7.916 7.783 8.106 8.093 8.487 7.470 7.339 7.674 8.127 8.465 7.358 7.528 7.342 8.238 8.662 7.672 7.481 7.218 03/02/2045
7.883 7.709 7.799 7.637 7.741 7.690 7.655 7.760 7.749 7.559 7.899 7.739 7.986 7.995 7.575 8.168 8.345 7.802 7.862 7.747 8.080 8.336 8.216 7.784 7.468 8.069 8.290 8.129 7.858 7.555 04/02/2045
7.574 7.359 7.564 7.576 7.752 7.222 7.122 7.433 7.545 7.501 7.370 7.282 7.434 7.414 7.530 7.694 7.969 7.345 7.297 7.265 7.872 7.951 7.628 7.331 7.283 8.022 7.983 7.636 7.315 7.242 05/02/2045
5.831 5.744 6.009 6.112 6.184 5.674 5.559 5.941 5.997 5.898 5.700 5.722 5.800 5.822 5.901 6.001 6.170 5.727 5.751 5.814 6.098 6.171 5.753 5.721 5.653 6.186 6.207 5.785 5.770 5.701 06/02/2045
9.608 9.386 9.654 8.993 8.745 9.187 9.030 9.510 8.977 8.571 8.875 9.106 8.845 8.793 8.611 8.692 8.920 8.609 8.588 8.718 8.866 8.915 8.421 8.647 8.671 9.120 9.035 8.587 8.675 8.619 07/02/2045
10.847 10.673 10.857 10.884 10.279 10.513 10.402 10.747 10.720 10.198 10.255 10.482 10.542 10.440 10.286 10.623 10.873 10.399 10.306 10.555 10.673 10.873 10.196 10.450 10.641 10.824 10.879 10.338 10.530 10.464 08/02/2045
12.374 12.280 12.505 12.220 11.626 12.081 11.943 12.392 12.287 11.794 11.677 12.105 11.892 11.876 11.796 11.515 11.922 11.870 11.849 12.094 11.502 11.915 11.586 11.887 12.204 11.582 11.967 11.759 11.993 12.158 09/02/2045
10.783 10.830 10.998 10.684 10.460 10.649 10.537 10.913 10.654 10.293 10.666 10.841 10.620 10.581 10.372 10.978 10.989 10.677 10.599 10.604 11.198 10.963 10.647 10.692 10.948 11.563 11.079 10.776 10.803 10.884 10/02/2045
12.607 12.513 12.602 12.410 12.501 12.360 12.246 12.533 13.288 12.641 12.344 12.432 13.050 12.956 12.686 12.328 12.590 12.894 12.779 13.134 12.496 12.555 12.758 12.954 13.263 12.684 12.646 12.917 12.998 13.074 11/02/2045
13.660 13.703 13.850 13.395 13.396 13.557 13.424 13.789 13.906 13.682 13.245 13.577 13.573 13.591 13.724 12.633 12.986 13.492 13.543 13.688 12.705 12.947 13.254 13.499 13.780 12.881 13.115 13.325 13.589 13.782 12/02/2045
9.972 9.765 9.885 9.234 9.456 9.628 9.508 9.769 9.349 9.627 9.438 9.579 9.338 9.235 9.767 9.644 10.330 9.186 9.084 9.253 9.862 10.297 9.090 9.236 9.430 10.068 10.461 9.266 9.322 9.274 13/02/2045
5.485 5.399 5.380 5.330 4.677 5.302 5.246 5.313 4.986 4.659 5.080 5.274 4.951 4.951 4.725 4.817 5.243 4.889 4.926 4.956 4.779 5.235 4.826 4.894 4.977 4.805 5.190 4.701 4.855 4.977 14/02/2045
5.733 5.689 5.737 5.638 5.227 5.583 5.520 5.688 5.426 5.377 5.535 5.701 5.472 5.464 5.383 5.663 5.554 5.515 5.500 5.466 5.766 5.571 5.414 5.516 5.574 5.835 5.529 5.430 5.472 5.569 15/02/2045
5.935 5.910 5.347 5.063 5.439 5.824 5.748 5.329 5.180 5.275 5.689 5.591 5.749 5.802 5.243 5.775 5.666 5.780 5.754 5.779 5.841 5.680 5.679 5.781 6.071 6.318 5.994 5.945 5.910 6.079 16/02/2045
5.407 5.345 5.264 4.492 4.222 5.330 5.312 5.258 4.469 4.360 5.558 5.375 4.596 4.560 4.350 5.655 5.550 4.682 4.668 4.639 5.842 5.571 4.829 4.687 4.835 6.198 5.773 5.094 4.839 4.861 17/02/2045
6.727 6.884 6.546 6.916 6.732 6.829 6.801 6.537 6.756 6.800 6.988 6.839 6.952 6.967 6.818 7.257 6.916 6.989 7.034 6.742 7.339 6.941 7.317 6.983 6.701 7.585 6.983 7.408 7.138 6.720 18/02/2045
7.219 7.190 7.152 7.535 6.811 7.030 6.894 7.066 6.966 6.836 7.039 7.063 6.982 6.911 6.912 7.491 7.521 6.765 6.690 6.686 7.666 7.499 6.933 6.804 6.898 8.048 7.603 7.112 6.985 6.774 19/02/2045
7.178 7.063 7.135 7.276 7.131 7.015 6.973 7.095 7.022 7.108 6.976 7.012 7.003 6.939 7.180 7.473 7.152 6.838 6.756 6.789 7.663 7.126 6.908 6.869 6.840 7.865 7.237 7.028 6.965 6.721 20/02/2045
7.565 7.701 7.317 7.286 7.430 7.563 7.482 7.251 7.330 7.512 8.100 7.835 7.387 7.259 7.591 8.438 7.559 7.691 7.494 7.269 8.601 7.546 7.698 7.752 7.683 8.765 7.602 7.939 7.820 7.390 21/02/2045
8.805 8.797 8.842 8.122 9.131 8.746 8.761 8.799 9.094 8.765 8.592 8.754 9.318 9.278 8.670 8.989 9.088 9.132 9.061 8.777 8.804 9.064 9.182 9.141 8.820 8.749 8.854 8.949 8.859 8.785 22/02/2045
8.567 8.437 8.572 8.546 8.658 8.391 8.350 8.531 8.669 8.451 8.176 8.260 8.559 8.529 8.424 8.349 8.450 8.446 8.410 8.372 8.280 8.438 8.400 8.467 8.353 8.373 8.342 8.374 8.397 8.311 23/02/2045
9.834 9.602 9.631 9.264 9.367 9.443 9.342 9.515 9.595 9.328 9.409 9.501 9.658 9.578 9.326 9.553 9.847 9.589 9.478 9.565 9.673 9.805 9.552 9.640 9.726 9.829 9.889 9.729 9.750 9.580 24/02/2045
12.767 12.738 12.870 12.794 12.809 12.657 12.552 12.822 13.211 13.109 12.686 12.721 13.132 13.105 13.121 12.587 13.063 13.091 13.022 13.134 12.765 13.014 13.113 13.123 13.448 12.974 13.068 13.289 13.204 13.368 25/02/2045
12.129 12.085 11.865 11.350 10.313 11.980 11.880 11.786 11.612 10.579 12.286 12.100 11.974 11.899 10.580 11.470 11.390 11.968 11.900 11.668 11.642 11.395 12.166 12.012 11.626 11.872 11.397 12.316 12.011 11.449 26/02/2045
6.354 6.304 6.193 5.767 6.151 6.152 6.051 6.118 6.530 6.414 6.485 6.312 6.590 6.538 6.448 6.861 7.090 6.765 6.703 6.719 7.187 7.069 6.865 6.800 6.998 7.530 7.308 7.123 7.041 6.877 27/02/2045
4.793 4.851 4.979 5.256 5.454 4.744 4.641 4.923 5.716 5.675 4.895 4.973 5.674 5.610 5.659 5.098 5.910 5.848 5.766 5.826 5.377 5.883 5.727 5.872 6.130 5.739 6.139 6.014 6.045 6.013 28/02/2045
5.439 5.418 5.289 4.736 5.390 5.228 5.027 5.177 5.456 5.462 5.439 5.460 5.751 5.597 5.542 6.112 6.873 5.863 5.669 5.162 6.223 6.804 5.730 5.930 5.498 6.324 6.981 5.837 5.977 5.222 01/03/2045
3.776 3.523 3.764 3.292 3.201 3.281 3.099 3.631 3.461 3.238 3.448 3.493 3.580 3.458 3.293 4.165 4.036 3.516 3.378 3.331 4.287 4.006 3.030 3.580 3.525 4.336 4.159 3.193 3.582 3.317 02/03/2045
3.990 3.906 3.945 4.061 4.485 3.791 3.684 3.875 4.596 4.617 3.849 3.854 4.584 4.475 4.712 5.297 5.493 4.693 4.531 4.664 5.256 5.494 4.470 4.750 4.968 5.234 5.632 4.778 4.952 4.735 03/03/2045
6.397 6.647 6.758 5.736 5.911 6.480 6.301 6.650 6.270 6.055 6.385 6.708 6.187 6.033 6.207 6.843 6.779 6.215 6.069 6.297 7.119 6.776 5.926 6.298 6.281 7.318 6.808 6.274 6.387 6.056 04/03/2045
10.504 10.681 10.724 9.369 10.432 10.527 10.379 10.623 9.685 10.340 10.181 10.494 9.629 9.515 10.355 10.187 9.931 9.416 9.342 9.575 10.214 9.925 9.107 9.467 9.365 10.362 9.912 9.224 9.408 9.213 05/03/2045
10.142 10.530 10.578 9.253 9.681 10.406 10.283 10.474 9.990 10.129 10.533 10.822 10.015 9.952 10.168 10.487 11.137 10.197 10.118 10.292 10.873 11.109 9.891 10.245 10.294 11.177 11.233 10.134 10.243 10.180 06/03/2045
9.642 9.625 9.817 8.463 8.870 9.558 9.480 9.760 8.593 8.854 9.396 9.467 8.566 8.474 8.918 9.742 9.236 8.340 8.244 8.506 9.845 9.227 8.224 8.385 8.311 9.953 9.263 8.369 8.382 8.147 07/03/2045
10.506 10.379 10.591 10.315 9.779 10.261 10.133 10.515 9.565 9.657 9.808 10.063 9.480 9.396 9.719 10.104 10.347 9.124 9.072 9.413 10.220 10.302 8.896 9.153 9.021 10.240 10.312 8.929 9.033 8.918 08/03/2045
9.714 9.554 9.559 9.275 9.541 9.400 9.269 9.477 9.500 9.505 9.332 9.336 9.473 9.337 9.612 9.742 10.004 9.269 9.140 9.292 9.799 9.969 9.054 9.310 9.416 9.813 10.015 9.220 9.297 9.239 09/03/2045
5.882 5.647 5.289 4.701 4.959 5.456 5.350 5.155 4.946 4.992 5.421 5.407 4.945 4.916 5.017 5.399 5.365 5.008 4.953 4.896 5.452 5.358 5.001 5.025 5.023 5.563 5.386 5.092 5.054 4.975 10/03/2045
3.530 3.479 3.296 3.312 3.094 3.393 3.309 3.259 3.467 3.079 3.428 3.387 3.668 3.554 3.131 4.152 4.597 3.642 3.522 3.435 4.148 4.588 3.518 3.688 3.424 4.228 4.582 3.608 3.528 3.278 11/03/2045
8.182 8.138 7.978 7.431 7.891 7.978 7.855 7.876 8.296 7.995 8.124 7.964 8.568 8.424 8.122 8.792 9.189 8.593 8.448 8.109 8.826 9.167 8.381 8.654 8.174 8.728 9.141 8.490 8.488 7.915 12/03/2045
7.424 7.541 7.315 6.772 7.037 7.372 7.245 7.214 7.405 7.209 7.769 7.611 7.706 7.630 7.308 8.151 8.354 8.075 7.949 7.844 8.640 8.331 8.055 8.106 8.367 9.047 8.753 8.618 8.539 8.149 13/03/2045
10.504 10.467 10.502 10.112 10.081 10.310 10.160 10.412 10.439 10.335 10.612 10.596 10.447 10.348 10.408 10.817 11.238 10.637 10.531 10.549 11.370 11.206 10.693 10.663 11.022 11.547 11.579 11.144 11.037 10.862 14/03/2045
12.947 12.873 12.959 12.750 12.349 12.678 12.528 12.832 12.311 12.172 12.725 12.753 12.150 12.008 12.310 12.484 12.303 11.974 11.806 11.801 12.795 12.294 12.049 12.030 11.988 12.942 12.384 12.331 12.212 11.752 15/03/2045
15.000 14.844 14.577 13.174 14.426 14.501 14.245 14.398 14.587 14.364 14.340 14.460 14.772 14.626 14.466 14.520 14.655 14.661 14.484 14.343 14.814 14.607 14.690 14.724 14.389 14.952 14.696 14.948 14.817 14.183 16/03/2045
11.494 11.604 11.424 10.940 11.109 11.385 11.229 11.278 11.467 11.365 11.442 11.551 11.432 11.281 11.504 11.707 12.159 11.367 11.188 11.357 12.104 12.132 11.345 11.448 11.503 12.266 12.273 11.628 11.577 11.260 17/03/2045
10.797 10.966 10.976 10.820 11.719 10.789 10.685 10.847 11.640 11.781 10.997 10.999 11.494 11.404 11.855 11.397 12.033 11.576 11.441 11.418 11.593 12.003 11.627 11.654 11.793 11.739 12.146 11.824 11.726 11.608 18/03/2045
11.431 11.689 11.480 10.993 10.568 11.471 11.319 11.357 11.200 10.499 11.458 11.494 11.097 11.020 10.638 11.553 11.568 10.870 10.789 10.697 11.819 11.521 10.837 10.910 10.786 11.655 11.515 10.867 10.740 10.615 19/03/2045
11.362 11.241 11.233 10.268 10.430 11.030 10.844 11.105 10.875 10.618 11.147 11.062 10.810 10.724 10.678 11.688 11.569 10.711 10.659 10.659 12.052 11.535 10.678 10.749 10.572 12.281 11.601 10.874 10.639 10.428 20/03/2045
8.972 8.738 8.624 7.773 7.770 8.512 8.353 8.475 8.311 7.838 8.670 8.580 8.341 8.183 7.989 9.088 8.892 8.290 8.079 8.237 9.146 8.840 8.233 8.356 8.494 9.357 9.009 8.511 8.553 8.246 21/03/2045
6.508 6.502 6.491 5.757 6.027 6.340 6.214 6.391 6.444 6.277 6.207 6.516 6.477 6.345 6.392 6.446 7.350 6.612 6.440 6.457 7.105 7.314 6.664 6.684 6.915 7.566 7.682 7.054 7.030 6.668 22/03/2045
5.109 4.968 4.829 4.805 5.023 4.808 4.669 4.763 5.440 5.515 5.019 5.120 5.335 5.254 5.581 5.410 6.316 5.865 5.766 5.852 5.979 6.269 5.785 5.897 5.752 6.320 6.603 6.165 6.026 5.635 23/03/2045
5.078 4.748 4.877 4.199 4.023 4.536 4.383 4.725 4.515 4.093 4.581 4.719 4.670 4.494 4.189 5.704 5.874 4.580 4.404 4.660 6.004 5.835 4.621 4.658 5.366 6.120 6.051 5.034 5.241 5.127 24/03/2045
5.084 4.968 4.879 3.902 4.720 4.697 4.513 4.693 4.745 5.026 4.978 4.949 4.678 4.630 5.103 6.261 6.319 4.813 4.760 4.888 6.683 6.302 4.703 4.825 5.037 7.100 6.648 5.052 5.065 4.953 25/03/2045
3.498 3.476 3.403 3.042 3.170 3.324 3.175 3.306 3.288 3.303 3.322 3.398 3.310 3.226 3.407 3.544 3.503 3.208 3.153 3.265 3.596 3.499 3.085 3.218 3.259 3.694 3.473 3.006 3.152 3.180 26/03/2045
4.167 4.118 3.874 2.840 3.213 3.970 3.826 3.796 2.548 3.062 3.820 3.934 2.690 2.987 2.702 5.090 5.113 2.807 3.215 3.253 5.205 5.177 2.774 2.682 2.855 5.161 5.090 2.705 2.824 3.310 27/03/2045
5.201 5.240 4.951 4.224 5.009 5.068 4.960 4.832 4.776 4.996 5.277 4.914 4.968 4.880 5.024 5.653 5.372 4.917 4.800 4.843 5.635 5.374 4.832 4.933 4.975 5.769 5.399 5.065 4.981 4.840 28/03/2045
6.751 6.563 6.307 5.250 5.577 6.335 6.222 6.204 5.624 5.548 6.522 6.338 6.044 5.971 5.622 7.283 6.513 5.866 5.722 5.286 7.177 6.479 6.066 5.915 5.491 7.295 6.429 6.176 5.890 5.243 29/03/2045
5.719 5.664 5.441 4.604 6.253 5.439 5.322 5.373 6.501 6.513 5.559 5.532 6.789 6.742 6.606 6.299 6.051 6.856 6.790 6.576 6.392 6.050 6.855 6.880 6.717 6.449 6.052 6.850 6.913 6.601 30/03/2045
5.958 6.234 6.028 6.655 5.799 6.196 6.163 6.017 6.226 6.494 6.487 6.532 6.380 6.388 6.516 8.676 8.106 6.623 6.610 6.640 9.185 8.075 6.675 6.637 6.741 9.429 8.379 6.900 6.851 6.664 31/03/2045
8.580 8.784 8.763 9.247 8.769 8.732 8.694 8.739 9.328 9.429 8.831 9.011 9.350 9.325 9.497 8.976 9.741 9.805 9.749 9.867 9.527 9.734 9.558 9.813 9.786 9.583 9.774 9.670 9.827 9.791 01/04/2045
9.851 10.294 10.179 10.687 10.364 9.868 9.695 9.887 11.027 11.016 10.558 10.662 11.191 11.032 11.160 11.710 11.921 11.521 11.402 11.331 12.425 11.886 11.559 11.604 11.555 12.438 11.990 11.938 11.803 11.338 02/04/2045
9.453 9.416 9.158 8.856 8.738 9.209 9.123 9.011 9.328 8.965 9.335 9.370 9.420 9.269 9.126 8.926 9.846 9.436 9.298 9.267 9.168 9.802 9.632 9.514 9.515 9.515 9.992 9.904 9.618 9.367 03/04/2045
8.607 8.560 8.173 7.524 7.579 8.330 8.178 8.060 8.109 7.909 8.579 8.440 8.498 8.375 7.995 8.415 8.928 8.431 8.340 8.262 8.563 8.906 8.691 8.514 8.421 8.820 8.967 8.898 8.636 8.305 04/04/2045
8.290 8.148 7.927 7.385 7.355 8.019 7.922 7.881 7.551 7.389 8.379 8.172 7.746 7.683 7.472 9.014 10.062 7.858 7.778 7.592 8.983 10.039 8.116 7.881 7.836 9.096 10.232 8.228 8.001 7.760 05/04/2045
11.803 11.947 12.001 11.057 11.938 11.942 11.930 12.042 12.148 12.069 12.121 12.120 12.222 12.326 12.158 10.922 11.464 12.225 12.361 12.290 11.133 11.430 12.273 12.157 12.222 10.932 11.534 12.119 12.198 12.466 06/04/2045
10.507 10.701 10.734 9.864 9.628 10.633 10.542 10.693 9.993 9.995 10.454 10.648 9.743 9.753 10.080 10.461 10.788 10.138 10.131 10.289 10.705 10.765 9.901 10.141 10.385 11.128 11.109 10.210 10.306 10.430 07/04/2045
8.465 8.197 8.089 7.334 7.690 7.943 7.759 7.932 8.008 7.689 7.932 7.918 8.073 7.915 7.792 8.253 8.457 7.974 7.816 7.719 8.317 8.427 7.938 8.055 7.741 8.528 8.485 8.083 8.064 7.537 08/04/2045
9.017 8.922 8.816 8.346 8.276 8.804 8.684 8.717 8.841 8.397 8.800 8.868 8.846 8.750 8.512 9.183 9.468 8.864 8.742 8.518 9.357 9.437 8.910 8.893 8.899 9.452 9.537 9.089 8.848 8.767 09/04/2045
10.300 10.280 10.420 9.958 10.320 10.103 9.933 10.295 9.830 10.060 10.180 10.039 9.862 9.815 10.153 10.157 10.243 9.631 9.569 9.346 10.124 10.191 9.903 9.668 9.697 10.182 10.256 9.915 9.610 9.596 10/04/2045
7.530 7.587 7.579 7.171 7.426 7.427 7.279 7.478 7.357 7.430 7.248 7.347 7.399 7.272 7.541 7.945 8.206 7.216 7.061 7.109 8.024 8.184 7.202 7.282 7.467 8.155 8.284 7.447 7.449 7.254 11/04/2045
6.493 6.270 5.901 4.977 5.006 6.069 5.903 5.766 5.517 5.182 6.180 6.056 5.768 5.630 5.360 7.261 7.298 5.855 5.686 5.600 7.107 7.276 5.838 5.926 5.850 7.117 7.076 5.877 5.779 5.596 12/04/2045
4.749 4.509 4.327 3.505 3.791 4.288 4.123 4.164 4.231 4.018 4.335 4.219 4.362 4.226 4.138 5.087 4.950 4.349 4.189 4.184 5.173 4.896 4.192 4.403 4.372 5.183 5.023 4.351 4.355 4.176 13/04/2045
5.920 5.766 5.628 4.861 5.098 5.665 5.542 5.558 5.132 5.219 5.781 5.636 5.175 5.093 5.347 6.183 5.893 5.094 4.984 4.914 6.243 5.871 5.260 5.095 5.019 6.332 5.963 5.374 5.081 4.908 14/04/2045
8.692 8.495 8.231 7.778 7.949 8.234 8.005 8.071 8.391 8.148 8.417 8.231 8.528 8.366 8.319 8.648 8.621 8.530 8.268 8.224 8.883 8.609 8.532 8.577 8.318 9.112 8.550 8.748 8.563 8.029 15/04/2045
11.309 11.311 11.132 10.028 10.694 11.175 11.080 11.052 11.634 11.033 11.175 11.204 11.837 11.743 11.187 11.647 12.567 11.848 11.702 11.631 12.039 12.530 11.890 11.880 11.373 12.393 12.243 11.653 11.895 11.225 16/04/2045
10.757 10.689 10.442 9.735 10.296 10.489 10.273 10.298 10.928 10.527 10.756 10.543 11.139 10.973 10.679 11.039 11.402 11.231 11.012 10.828 11.316 11.342 11.395 11.329 11.083 11.739 11.591 11.726 11.485 10.835 17/04/2045
10.398 10.425 10.210 9.381 9.619 10.268 10.143 10.120 9.895 9.605 10.430 10.182 10.191 10.021 9.728 10.991 10.850 10.300 10.102 9.896 11.193 10.834 10.492 10.390 10.177 11.177 11.147 11.079 10.653 9.917 18/04/2045
11.584 11.173 11.065 10.744 10.769 11.037 10.907 10.999 10.977 10.802 11.545 11.179 11.587 11.509 10.904 11.852 11.757 11.315 11.182 11.205 11.554 11.738 11.604 11.376 11.249 11.740 12.155 12.147 11.408 11.082 19/04/2045
14.980 14.768 14.227 13.735 13.441 14.576 14.428 14.130 13.350 13.132 14.755 14.490 14.081 13.905 13.256 14.992 15.586 13.844 13.694 13.307 15.239 15.556 14.803 13.904 13.591 15.432 15.568 15.043 14.373 13.428 20/04/2045
14.799 14.517 14.382 13.666 14.125 14.296 14.210 14.268 14.423 14.091 14.491 14.243 14.451 14.406 14.155 16.508 16.171 14.265 14.193 14.310 16.853 16.165 14.747 14.290 14.346 17.071 16.180 14.920 14.521 14.256 21/04/2045
15.108 15.101 15.158 14.658 14.903 14.994 14.934 15.072 15.481 14.914 15.233 15.151 15.698 15.567 15.036 15.777 16.084 15.600 15.369 15.526 15.966 16.060 15.644 15.669 14.895 16.437 16.182 15.948 15.444 14.676 22/04/2045
15.912 16.084 16.057 15.391 14.283 16.057 16.020 16.048 16.138 14.291 16.244 16.181 16.381 15.953 14.269 17.188 16.306 16.411 15.869 15.872 17.337 16.273 16.336 16.619 16.562 17.407 16.540 17.252 17.021 15.812 23/04/2045
14.252 13.877 13.917 13.345 13.440 13.828 13.765 13.890 13.693 13.295 13.983 13.866 13.559 13.459 13.265 14.567 14.320 13.432 13.304 13.202 14.793 14.302 13.665 13.486 13.259 14.664 14.415 13.916 13.741 13.090 24/04/2045
15.386 15.464 15.388 14.465 15.424 15.391 15.337 15.359 15.878 15.375 15.000 15.174 15.846 15.687 15.482 15.817 16.007 15.783 15.626 15.794 15.637 15.969 15.729 15.862 16.030 15.639 15.799 15.696 15.928 15.772 25/04/2045
13.834 13.651 13.592 12.749 12.864 13.551 13.451 13.542 13.305 13.138 13.712 13.628 13.474 13.347 13.236 13.960 14.000 13.502 13.384 13.474 14.050 13.971 13.597 13.563 13.774 14.251 14.242 13.917 13.851 13.615 26/04/2045
12.902 12.800 12.794 12.572 12.656 12.705 12.598 12.759 13.757 12.769 12.939 12.958 13.839 13.736 12.926 13.320 13.858 13.802 13.715 13.766 13.345 13.825 14.025 13.830 13.697 13.706 13.627 13.802 13.640 13.570 27/04/2045
12.257 12.177 11.532 11.020 10.977 11.998 11.855 11.426 11.625 10.996 11.704 11.327 11.594 11.489 11.111 12.034 12.125 11.737 11.641 11.540 12.054 12.096 11.683 11.791 11.476 11.947 11.841 11.367 11.604 11.279 28/04/2045
10.162 10.217 10.195 9.279 9.221 10.044 9.882 10.071 9.910 9.440 10.382 9.903 9.835 9.712 9.534 10.752 11.142 10.225 10.109 10.134 10.668 11.099 10.061 10.280 10.137 11.010 11.299 10.328 10.358 9.914 29/04/2045
10.590 10.426 10.537 9.965 10.004 10.304 10.169 10.453 10.312 10.027 9.958 10.263 10.414 10.243 10.145 10.306 10.759 10.299 10.121 10.137 10.526 10.719 10.012 10.372 10.177 10.692 10.721 10.145 10.141 9.960 30/04/2045
9.253 8.885 8.518 7.543 7.639 8.682 8.504 8.412 7.920 7.746 8.524 8.870 8.500 8.374 7.880 8.807 9.210 8.714 8.554 7.830 9.152 9.199 8.384 8.801 8.247 9.060 8.881 8.117 8.608 8.018 01/05/2045
10.544 10.083 10.035 9.489 9.485 9.871 9.702 9.900 9.886 9.740 10.336 10.538 10.377 10.248 9.851 10.867 10.823 9.540 9.400 10.055 10.880 10.791 10.035 9.625 10.107 10.957 10.838 10.197 10.227 9.900 02/05/2045
11.728 11.432 11.882 11.631 12.071 11.300 11.122 11.741 11.862 11.820 11.542 11.784 11.970 11.833 12.040 11.503 11.853 11.943 11.773 11.711 11.502 11.844 11.807 12.000 11.856 11.540 11.637 11.767 12.239 11.620 03/05/2045
16.170 16.083 16.017 15.660 16.257 15.929 15.804 15.885 16.352 16.240 16.226 16.213 16.570 16.455 16.342 16.229 17.122 16.640 16.530 16.331 16.494 17.109 16.660 16.712 16.612 16.728 17.114 16.810 16.847 16.418 04/05/2045
20.429 20.244 20.249 19.683 19.790 19.997 19.808 20.088 20.080 19.701 20.257 20.153 19.976 19.962 19.745 19.992 20.155 20.130 20.090 19.881 20.125 20.125 20.118 20.161 19.930 20.272 20.128 20.062 20.126 19.836 05/05/2045
14.964 14.867 14.582 14.571 14.756 14.666 14.464 14.444 14.915 14.705 14.890 14.737 15.055 14.937 14.838 15.128 15.444 15.074 14.928 14.831 15.329 15.426 15.183 15.118 14.716 15.525 15.504 15.344 15.138 14.485 06/05/2045
15.398 15.252 14.954 14.967 14.932 15.073 14.895 14.849 15.339 15.162 15.096 15.066 15.170 15.047 15.267 15.229 15.415 15.026 14.886 14.972 15.117 15.385 15.002 15.078 14.787 15.167 15.202 14.993 14.795 14.569 07/05/2045
14.497 14.047 13.931 13.611 14.004 13.893 13.780 13.813 14.054 14.052 14.444 13.927 14.159 14.091 14.179 14.423 14.245 13.924 13.750 13.681 14.410 14.199 14.174 13.997 13.852 14.605 14.181 14.243 13.972 13.670 08/05/2045
14.266 13.847 14.391 14.804 14.679 13.670 13.511 14.299 14.616 14.554 13.863 13.830 14.318 14.244 14.667 14.159 14.308 14.203 14.015 14.285 14.695 14.260 14.267 14.243 14.190 14.871 14.391 14.509 14.389 14.007 09/05/2045
15.207 14.967 15.115 15.272 15.225 14.762 14.582 15.001 15.947 15.191 14.711 14.718 15.695 15.605 15.282 15.587 15.931 15.438 15.314 15.382 15.690 15.865 15.402 15.461 15.144 15.858 15.856 15.368 15.326 15.059 10/05/2045
18.416 18.226 18.251 17.340 17.310 18.093 17.970 18.180 17.535 17.339 17.718 17.820 17.413 17.351 17.423 17.692 17.479 16.916 16.859 16.775 17.308 17.453 16.631 16.964 16.669 16.839 17.141 16.355 16.401 16.636 11/05/2045
18.934 18.928 18.842 18.217 18.118 19.005 19.083 18.898 18.248 18.274 19.041 19.029 18.301 18.441 18.287 19.197 19.972 18.335 18.475 18.473 19.092 19.929 18.379 18.286 18.290 19.014 19.960 18.228 18.268 18.485 12/05/2045
18.942 18.829 18.910 17.801 18.204 18.774 18.727 18.885 18.744 18.163 18.896 18.902 18.792 18.691 18.308 19.986 20.416 18.796 18.645 18.553 20.115 20.371 18.778 18.811 18.788 20.246 20.523 19.011 18.913 18.607 13/05/2045
14.231 13.960 13.762 13.466 13.879 13.713 13.538 13.627 14.039 13.780 13.839 13.805 14.139 13.982 13.901 14.390 14.797 14.354 14.178 13.865 14.469 14.755 14.310 14.404 14.102 14.444 14.909 14.631 14.487 13.864 14/05/2045
14.411 14.210 13.846 13.106 13.495 13.926 13.694 13.706 13.936 13.455 13.853 13.798 14.088 13.968 13.595 14.508 15.067 14.081 13.940 13.915 14.705 15.010 14.238 14.154 13.877 14.565 14.838 14.251 14.122 13.603 15/05/2045
13.320 13.276 12.810 12.320 13.190 13.150 13.059 12.724 13.328 13.335 13.228 13.381 13.278 13.141 13.445 13.832 14.305 13.651 13.530 13.214 14.111 14.263 13.831 13.705 13.752 13.979 14.232 13.881 13.898 13.518 16/05/2045
12.783 12.698 12.507 12.188 12.405 12.543 12.441 12.379 12.785 12.559 12.606 12.360 12.601 12.507 12.704 13.328 13.381 12.824 12.666 12.931 13.432 13.368 12.908 12.860 12.967 13.328 13.266 12.907 13.028 12.771 17/05/2045
12.515 12.823 12.605 11.852 12.410 12.626 12.456 12.480 12.451 12.124 12.271 12.242 12.478 12.318 12.233 12.546 12.452 12.419 12.236 12.233 12.442 12.444 12.189 12.477 12.551 12.352 12.464 12.511 12.708 12.250 18/05/2045
12.194 12.171 12.015 12.001 12.370 12.023 11.924 11.948 12.347 12.033 12.106 11.899 12.639 12.495 12.130 12.567 12.941 12.662 12.520 12.358 12.523 12.916 12.692 12.707 12.672 12.472 12.832 12.746 12.826 12.462 19/05/2045
14.427 14.213 14.210 14.026 14.087 13.981 13.745 14.062 13.870 13.994 14.093 13.914 14.154 14.012 14.214 14.826 14.832 13.986 13.789 13.756 14.791 14.775 13.832 14.073 13.996 15.032 14.925 14.138 14.224 13.688 20/05/2045
14.369 14.120 14.503 14.067 14.175 13.930 13.725 14.379 15.027 14.282 14.402 14.070 14.904 14.779 14.469 14.810 14.988 14.948 14.813 14.668 14.788 14.953 14.810 15.041 14.084 14.784 14.955 14.935 14.461 13.870 21/05/2045
18.749 18.686 18.660 18.384 18.331 18.532 18.431 18.571 18.637 18.402 18.825 18.654 18.625 18.549 18.459 18.623 18.769 18.721 18.623 18.642 18.849 18.749 18.744 18.765 18.589 19.015 18.931 18.990 18.939 18.450 22/05/2045
18.778 18.776 18.732 18.216 18.378 18.587 18.465 18.628 19.135 18.490 18.577 18.669 19.135 19.046 18.526 18.952 18.988 19.095 18.970 18.960 18.985 18.968 19.131 19.117 19.187 19.173 18.971 19.198 19.187 19.014 23/05/2045
16.551 16.539 16.545 15.953 16.340 16.337 16.237 16.420 17.074 16.562 16.514 16.414 17.009 16.922 16.591 17.009 16.920 17.123 16.974 17.194 16.937 16.888 16.965 17.165 17.328 17.246 17.148 17.276 17.325 17.101 24/05/2045
21.622 21.802 21.685 21.414 21.654 21.612 21.580 21.562 21.261 21.919 21.787 21.848 21.220 21.199 21.974 22.492 21.554 21.332 21.313 21.395 22.621 21.531 21.338 21.384 21.659 22.724 21.717 21.596 21.663 21.546 25/05/2045
23.828 24.049 23.985 23.823 23.121 23.970 23.975 23.909 22.606 23.108 23.871 24.162 22.903 22.852 23.041 24.069 24.088 22.836 22.765 22.532 24.187 24.084 22.917 22.815 22.552 24.141 24.025 22.753 22.746 22.504 26/05/2045
18.583 18.577 18.468 18.209 18.596 18.399 18.292 18.360 19.022 18.994 18.280 18.527 18.728 18.656 19.025 18.608 18.977 18.793 18.693 19.214 18.831 18.954 18.495 18.841 19.640 18.668 19.011 18.624 18.975 19.478 27/05/2045
18.454 18.285 18.201 17.986 18.650 18.100 17.951 18.068 18.909 18.781 17.907 18.102 18.905 18.796 18.838 18.527 18.858 18.984 18.891 18.913 18.473 18.848 18.743 18.977 19.698 18.619 19.048 18.958 19.410 19.528 28/05/2045
16.061 16.076 15.960 15.924 15.288 15.889 15.744 15.851 16.158 15.662 16.050 16.257 16.144 15.957 15.840 16.274 16.674 16.649 16.491 16.286 16.943 16.635 16.508 16.724 16.958 17.457 17.353 17.378 17.124 16.688 29/05/2045
16.437 16.191 16.248 15.590 15.617 15.981 15.830 16.117 16.050 15.845 16.172 16.228 16.025 15.961 15.852 16.861 17.148 16.199 16.114 16.084 17.182 17.104 16.293 16.233 16.515 17.728 17.499 16.740 16.546 16.397 30/05/2045
19.516 19.501 19.668 18.226 19.586 19.464 19.369 19.638 19.469 19.666 19.919 19.808 19.539 19.395 19.643 19.967 20.746 19.734 19.622 19.580 20.226 20.732 19.911 19.794 19.925 20.491 20.967 20.355 20.084 19.732 31/05/2045
21.141 20.954 20.871 20.078 20.222 20.752 20.594 20.741 20.528 20.221 21.055 20.932 20.587 20.459 20.282 21.251 21.358 20.523 20.380 20.221 21.231 21.304 20.738 20.567 20.326 21.177 21.408 20.858 20.579 20.092 01/06/2045
22.346 21.872 21.890 21.567 22.051 21.715 21.538 21.781 22.143 21.950 21.900 21.701 22.066 21.957 22.038 22.020 22.232 21.857 21.750 21.661 22.071 22.196 22.104 21.909 21.768 21.998 22.149 22.172 21.927 21.551 02/06/2045
23.120 22.720 22.662 22.852 23.211 22.573 22.447 22.566 23.140 23.123 22.501 22.496 23.050 22.944 23.205 22.357 22.724 22.880 22.748 22.750 22.325 22.696 22.900 22.920 22.802 22.392 22.597 22.942 22.845 22.629 03/06/2045
24.759 24.496 24.375 24.174 24.227 24.368 24.255 24.301 24.493 24.177 24.487 24.330 24.435 24.350 24.300 24.347 24.460 24.353 24.223 24.134 24.247 24.425 24.555 24.385 24.247 24.239 24.493 24.683 24.402 24.076 04/06/2045
26.313 26.013 26.005 25.808 25.796 25.987 26.013 25.967 25.694 25.609 26.096 25.950 25.472 25.418 25.620 25.441 25.331 25.303 25.274 25.246 25.307 25.303 25.548 25.300 25.311 25.323 25.155 25.500 25.245 25.243 05/06/2045
21.593 21.420 21.467 21.882 22.283 21.311 21.245 21.393 22.091 22.290 21.332 21.224 22.004 21.885 22.360 21.555 21.908 21.844 21.741 21.800 21.549 21.885 22.008 21.908 21.837 21.658 21.781 22.036 21.905 21.723 06/06/2045
20.902 20.546 20.508 20.425 20.544 20.370 20.246 20.367 21.091 20.460 20.206 20.172 20.973 20.855 20.543 20.520 20.808 20.750 20.668 20.859 20.418 20.755 20.587 20.797 20.993 20.333 20.891 20.775 20.976 20.794 07/06/2045
18.504 18.190 18.265 18.354 18.680 17.958 17.757 18.117 19.200 18.762 17.899 17.992 18.968 18.793 18.929 18.871 19.850 18.880 18.690 19.012 19.003 19.826 18.657 18.961 19.240 19.289 19.778 18.918 18.978 18.957 08/06/2045
16.809 15.983 16.312 16.449 15.967 15.928 15.853 16.247 16.418 16.301 15.979 16.025 16.103 15.979 16.374 16.299 16.820 15.795 15.656 15.700 16.175 16.813 15.692 15.839 16.053 16.240 16.727 15.887 15.974 15.870 09/06/2045
16.531 15.588 15.819 15.515 15.694 15.400 15.246 15.692 15.512 15.289 15.269 15.129 15.762 15.659 15.379 15.400 15.559 15.528 15.397 15.665 15.753 15.528 15.309 15.581 16.167 16.344 16.309 16.135 16.323 16.019 10/06/2045
16.823 16.610 16.518 16.848 16.826 16.402 16.226 16.365 16.823 16.992 16.468 16.408 16.866 16.784 17.128 15.784 16.231 16.981 16.876 16.728 15.992 16.213 16.956 17.018 17.026 16.265 16.525 17.326 17.202 16.917 11/06/2045
20.444 20.281 20.285 20.118 20.577 20.193 20.116 20.241 20.720 20.661 20.410 20.291 20.685 20.647 20.753 19.805 19.857 20.735 20.650 20.599 19.902 19.882 20.836 20.741 20.870 19.971 19.927 20.956 20.880 20.795 12/06/2045
24.279 24.082 23.971 23.822 24.339 23.819 23.631 23.826 24.379 24.279 24.021 24.001 24.328 24.186 24.328 23.878 24.055 24.311 24.150 24.050 24.013 24.034 24.569 24.368 24.481 24.126 24.028 24.638 24.533 24.269 13/06/2045
26.094 25.974 25.908 26.157 26.372 25.902 25.838 25.873 26.354 26.294 26.077 25.940 26.238 26.206 26.282 26.085 26.213 26.191 26.168 26.072 26.093 26.207 26.405 26.205 26.205 26.146 26.171 26.408 26.278 26.181 14/06/2045
25.466 25.428 25.480 25.268 25.333 25.335 25.299 25.460 25.763 25.443 25.395 25.583 25.683 25.620 25.485 25.417 26.383 25.769 25.692 25.605 25.793 26.373 25.779 25.796 25.811 26.113 26.508 26.015 25.969 25.713 15/06/2045
19.300 19.119 19.277 18.648 18.784 18.993 18.930 19.227 18.827 18.825 18.981 19.103 18.763 18.705 18.899 18.779 19.244 18.776 18.733 18.720 19.030 19.224 18.814 18.815 18.968 19.071 19.235 18.922 18.913 18.874 16/06/2045
18.026 17.668 17.697 17.492 17.171 17.419 17.203 17.548 17.418 17.208 17.534 17.507 17.485 17.303 17.351 17.411 17.988 17.785 17.604 17.651 17.584 17.955 17.663 17.868 18.139 17.974 18.379 18.277 18.176 17.873 17/06/2045
19.134 18.497 18.631 18.519 18.561 18.297 18.121 18.489 18.276 18.117 17.724 17.826 18.140 17.987 18.247 17.846 18.326 18.159 18.026 18.094 17.886 18.290 17.931 18.238 18.818 18.524 18.627 18.476 18.585 18.570 18/06/2045
18.682 18.236 18.379 17.364 18.065 18.142 18.052 18.340 17.963 17.962 18.112 18.108 18.041 17.960 18.031 17.723 17.665 17.547 17.539 17.513 17.528 17.654 17.418 17.653 17.689 17.766 17.789 17.777 17.707 17.572 19/06/2045
17.002 16.657 16.909 17.050 16.580 16.453 16.339 16.788 16.759 16.418 16.421 16.382 16.763 16.578 16.549 16.796 16.358 16.525 16.382 16.460 16.929 16.346 16.329 16.636 16.747 17.285 16.462 16.660 16.802 16.520 20/06/2045
18.714 18.498 18.506 18.254 18.271 18.352 18.284 18.425 17.956 18.036 18.523 18.383 17.973 17.885 18.133 18.468 18.879 17.859 17.751 17.698 18.515 18.848 18.047 17.903 17.940 18.535 18.907 18.208 18.064 17.796 21/06/2045
22.612 22.261 22.281 21.839 22.534 21.912 21.673 22.058 22.433 22.570 22.092 22.114 22.355 22.241 22.684 22.103 22.489 22.343 22.205 22.313 22.352 22.441 22.411 22.410 22.609 22.581 22.640 22.648 22.534 22.364 22/06/2045
21.164 21.335 21.313 20.789 21.399 21.105 20.891 21.166 22.026 21.773 21.449 21.493 22.010 21.875 21.907 21.528 22.233 22.224 22.085 22.100 21.956 22.182 22.181 22.286 22.540 22.324 22.430 22.639 22.591 22.319 23/06/2045
22.471 22.405 22.389 22.020 22.716 22.205 22.068 22.266 23.080 22.888 22.261 22.336 23.100 22.987 22.966 22.589 23.143 23.084 22.971 23.011 22.785 23.111 23.121 23.123 22.940 22.698 23.031 23.073 23.035 22.840 24/06/2045
22.848 22.782 22.913 22.915 23.862 22.637 22.558 22.809 23.923 24.261 22.891 23.119 23.799 23.705 24.231 23.700 24.390 23.976 23.876 23.901 24.187 24.336 23.944 24.024 24.051 24.515 24.691 24.244 24.152 23.918 25/06/2045
26.768 26.872 27.096 26.832 26.303 26.713 26.590 27.022 27.291 26.657 26.968 27.178 27.159 27.072 26.699 26.555 27.562 27.293 27.163 27.183 27.182 27.521 27.316 27.350 27.461 27.529 27.643 27.537 27.511 27.296 26/06/2045
21.731 21.819 22.010 22.035 22.465 21.686 21.549 21.932 22.212 22.720 21.714 21.975 22.163 22.135 22.790 21.883 22.886 22.353 22.297 22.480 22.370 22.864 22.163 22.442 22.742 22.658 23.061 22.528 22.672 22.677 27/06/2045
20.110 20.008 20.263 19.751 20.076 19.877 19.775 20.192 20.273 20.023 20.269 20.005 20.329 20.215 20.138 20.381 20.633 20.402 20.268 20.170 20.636 20.599 20.248 20.462 20.567 20.807 20.999 20.801 20.693 20.372 28/06/2045
20.241 20.083 20.008 19.513 19.396 19.806 19.616 19.836 19.390 19.512 19.921 19.887 19.520 19.422 19.603 20.289 20.422 19.573 19.442 19.426 20.598 20.399 19.522 19.646 19.715 20.742 20.538 19.822 19.733 19.560 29/06/2045
19.384 19.141 18.983 18.996 18.708 18.844 18.603 18.803 19.119 18.691 18.753 18.718 19.055 18.882 18.808 18.921 19.286 19.058 18.870 19.153 19.053 19.239 18.889 19.134 19.088 19.332 19.322 19.098 19.102 18.822 30/06/2045
16.453 16.561 16.846 16.720 16.434 16.299 16.087 16.693 17.164 16.834 17.116 17.240 17.320 17.169 16.947 17.116 17.094 16.918 16.750 17.326 17.275 17.038 16.638 16.985 17.843 17.495 17.437 17.069 17.500 17.602 01/07/2045
17.573 17.457 17.423 16.942 17.167 17.257 17.140 17.310 17.412 17.199 17.232 17.365 17.612 17.466 17.348 17.954 18.130 17.908 17.745 17.762 18.414 18.114 17.876 17.958 18.099 18.816 18.278 18.179 18.214 17.881 02/07/2045
16.105 16.204 15.962 15.274 15.538 16.095 16.034 15.914 15.918 15.635 16.250 16.062 16.164 16.073 15.798 16.893 17.146 16.339 16.257 16.203 17.214 17.110 16.375 16.424 16.508 17.332 17.334 16.775 16.718 16.335 03/07/2045
16.277 16.148 15.932 14.933 14.909 15.959 15.830 15.837 15.434 14.901 16.033 15.751 15.634 15.480 15.077 16.422 16.699 15.538 15.365 15.236 16.429 16.652 15.657 15.629 15.582 16.452 16.729 15.971 15.805 15.260 04/07/2045
18.095 17.985 17.871 16.476 16.539 17.722 17.498 17.659 16.774 16.617 18.608 17.758 16.948 16.744 16.827 18.914 17.816 17.151 16.938 16.624 19.011 17.780 17.462 17.232 17.032 19.209 17.848 17.784 17.337 16.696 05/07/2045
18.420 18.446 18.113 16.370 16.080 18.338 18.250 18.010 16.793 16.093 18.388 18.090 17.392 17.239 16.283 18.778 17.333 17.294 17.164 16.730 18.738 17.317 17.337 17.384 17.114 18.723 17.444 17.623 17.465 16.899 06/07/2045
17.787 17.704 17.611 16.468 16.206 17.647 17.657 17.568 16.980 16.269 17.681 17.587 17.188 17.073 16.435 17.872 17.869 17.068 16.932 16.835 17.859 17.837 17.160 17.141 17.096 17.808 17.925 17.452 17.256 16.854 07/07/2045
17.809 17.687 17.508 16.942 17.386 17.505 17.353 17.402 17.667 17.644 17.619 17.520 17.552 17.503 17.733 17.625 17.704 17.710 17.640 17.650 17.752 17.660 17.647 17.730 17.726 17.886 18.024 18.024 17.873 17.661 08/07/2045
20.601 20.403 20.264 19.466 19.395 20.209 20.057 20.153 19.652 19.518 20.357 20.285 19.678 19.601 19.676 19.460 19.247 19.746 19.619 19.621 19.770 19.209 19.840 19.783 19.855 20.051 19.405 20.153 19.977 19.668 09/07/2045
23.373 23.335 23.297 22.993 22.961 23.215 23.080 23.211 23.647 23.185 23.589 23.478 23.729 23.600 23.299 23.446 23.900 23.908 23.766 23.769 23.830 23.875 23.939 23.987 24.197 24.200 24.281 24.420 24.272 23.960 10/07/2045
26.772 26.617 26.648 26.606 26.393 26.438 26.319 26.533 28.062 26.547 26.799 26.754 28.058 27.973 26.648 26.999 27.537 28.147 28.035 27.963 27.369 27.493 28.233 28.185 28.220 27.666 27.738 28.522 28.361 28.049 11/07/2045
27.243 27.252 26.848 26.443 26.344 27.188 27.203 26.781 26.809 26.509 27.488 27.415 27.147 27.042 26.589 27.187 27.633 27.355 27.222 26.993 27.437 27.596 27.640 27.424 27.391 27.371 27.693 27.824 27.568 27.189 12/07/2045
23.841 23.709 23.588 23.542 24.053 23.575 23.484 23.518 23.716 24.012 23.371 23.557 23.722 23.627 24.096 23.205 23.921 23.920 23.765 23.872 23.457 23.877 23.733 23.974 24.243 23.636 24.125 24.102 24.276 24.028 13/07/2045
25.322 25.304 25.304 24.597 24.123 25.186 25.087 25.246 24.948 24.357 25.190 25.279 25.066 24.894 24.483 25.024 25.087 25.220 24.980 25.040 25.307 25.054 25.015 25.325 25.542 25.816 25.346 25.555 25.547 25.292 14/07/2045
30.689 30.470 30.465 30.323 29.135 30.260 30.141 30.331 29.710 29.303 30.519 30.341 29.735 29.607 29.396 29.403 30.208 30.037 29.920 29.906 29.921 30.180 29.973 30.086 30.313 30.192 30.565 30.364 30.397 30.169 15/07/2045
32.130 32.009 32.315 31.132 30.996 31.779 31.634 32.173 30.855 31.544 31.911 32.064 30.654 30.459 31.538 28.736 29.438 30.958 30.746 31.193 29.255 29.381 30.306 31.066 31.805 29.728 30.031 30.988 31.621 31.614 16/07/2045
23.005 22.811 22.740 22.458 24.166 22.589 22.472 22.603 24.337 24.468 22.552 22.636 24.305 24.246 24.596 22.454 23.628 24.423 24.357 24.507 22.650 23.620 24.147 24.448 24.602 22.717 23.671 24.270 24.448 24.542 17/07/2045
20.183 19.875 19.743 19.323 20.063 19.638 19.454 19.600 20.524 20.333 19.498 19.594 20.667 20.538 20.452 19.576 20.630 20.808 20.684 20.784 19.737 20.597 20.537 20.888 21.117 20.142 20.839 20.942 21.075 20.963 18/07/2045
17.640 17.350 17.171 15.910 16.696 16.992 16.619 16.889 16.416 16.709 17.250 17.125 16.615 16.503 16.771 17.288 17.451 16.639 16.523 16.425 17.505 17.417 16.715 16.687 16.661 17.483 17.441 16.861 16.782 16.488 19/07/2045
21.743 21.575 21.470 20.645 20.888 21.413 21.298 21.368 21.074 20.846 21.249 21.364 21.307 21.185 20.974 21.688 21.810 21.277 21.147 21.104 21.814 21.795 21.165 21.315 21.362 21.845 21.810 21.378 21.365 21.179 20/07/2045
24.298 24.179 24.222 23.151 22.379 24.131 24.069 24.194 22.336 22.249 23.991 24.073 22.464 22.433 22.295 23.300 23.996 22.342 22.263 22.198 23.222 23.949 22.462 22.353 22.316 23.113 23.961 22.368 22.312 22.201 21/07/2045
23.286 23.746 23.660 23.057 24.035 23.627 23.524 23.622 23.917 24.601 23.916 23.833 23.995 23.845 24.626 23.822 24.671 23.786 23.640 23.543 23.852 24.638 23.973 23.869 24.024 23.949 24.807 24.319 24.326 23.775 22/07/2045
25.023 24.970 24.955 23.777 24.599 24.953 24.896 24.949 24.659 24.750 24.982 24.977 24.728 24.622 24.859 24.435 24.879 24.818 24.676 24.715 24.736 24.858 24.774 24.886 25.157 25.242 25.183 25.382 25.305 24.982 23/07/2045
25.290 25.235 25.202 24.114 24.316 24.962 24.797 25.030 24.445 24.422 25.040 25.074 24.538 24.416 24.494 24.566 24.965 24.604 24.503 24.659 24.796 24.937 24.448 24.691 25.184 25.161 25.231 24.979 25.155 24.952 24/07/2045
21.698 21.311 21.632 20.839 21.184 21.118 20.938 21.486 21.635 21.371 21.263 21.549 21.716 21.615 21.463 21.242 21.745 21.764 21.675 22.160 21.594 21.728 21.347 21.827 22.608 22.123 22.358 22.091 22.355 22.474 25/07/2045
20.488 20.366 20.288 19.792 19.751 20.164 19.984 20.140 20.038 19.812 19.868 19.807 20.024 19.921 19.910 19.763 20.347 19.794 19.649 19.904 19.783 20.306 19.611 19.846 19.973 20.191 20.582 19.936 20.051 19.765 26/07/2045
19.905 19.684 19.632 19.387 19.599 19.512 19.392 19.547 19.669 19.631 19.527 19.528 19.786 19.645 19.684 19.765 20.101 19.708 19.569 19.742 19.797 20.052 19.590 19.767 19.749 20.005 20.160 19.803 19.758 19.516 27/07/2045
18.800 19.232 18.691 17.694 17.688 19.050 18.958 18.627 17.962 17.855 19.075 19.171 18.666 18.534 17.964 19.143 19.551 18.608 18.468 18.233 19.015 19.524 18.844 18.691 18.452 19.180 19.346 18.972 18.832 18.134 28/07/2045
18.556 18.570 18.669 18.119 18.257 18.366 18.202 18.554 18.607 18.339 18.008 18.266 18.740 18.580 18.505 18.190 18.738 18.584 18.403 18.792 18.137 18.710 18.358 18.673 18.860 18.150 18.740 18.582 18.687 18.545 29/07/2045
19.166 19.174 18.863 18.106 18.209 18.893 18.681 18.704 18.859 18.446 18.492 18.721 19.145 19.033 18.544 18.275 18.458 18.751 18.680 18.925 18.141 18.402 18.405 18.774 18.805 18.356 18.331 18.336 18.529 18.649 30/07/2045
17.659 17.603 17.477 16.793 16.741 17.469 17.366 17.370 17.142 16.728 17.649 17.450 17.322 17.179 16.874 17.870 17.921 17.257 17.132 17.129 17.912 17.886 17.442 17.337 17.317 18.150 17.989 17.677 17.595 17.092 31/07/2045
