# 6448 6449 6450 6451 6452 6528 6529 6530 6531 6532 6610 6611 6612 6613 6614 6693 6694 6695 6696 6697 6776 6777 6778 6779 6780 6859 6860 6861 6862 6863 Date
18.186 18.313 18.020 18.014 17.442 18.205 18.105 17.981 17.589 17.384 18.323 18.174 18.067 17.991 17.482 18.663 19.053 17.995 17.901 17.586 18.640 19.029 18.201 18.025 17.844 18.882 19.106 18.348 17.939 17.735 01/08/2043
18.847 19.052 18.775 18.483 18.436 18.993 18.929 18.709 18.714 18.505 19.317 19.031 18.909 18.807 18.577 19.985 20.086 19.047 18.896 18.676 20.009 20.094 19.154 19.085 19.034 19.950 20.287 19.411 19.222 18.853 02/08/2043
18.679 18.985 18.924 18.802 19.320 18.899 18.824 18.864 19.473 19.285 19.220 19.113 19.447 19.358 19.364 20.448 20.367 19.461 19.355 19.271 20.387 20.364 19.302 19.479 19.270 20.298 20.239 19.257 19.335 19.151 03/08/2043
22.083 22.243 22.324 21.314 21.444 22.060 21.973 22.273 22.718 21.568 22.103 22.193 22.965 22.823 21.735 22.299 22.771 22.917 22.772 22.600 22.453 22.742 22.836 22.961 22.917 22.744 22.842 23.013 23.036 22.710 04/08/2043
23.328 23.571 23.684 23.405 23.874 23.420 23.323 23.642 23.992 23.988 23.852 23.874 24.119 24.018 24.045 23.870 24.189 24.215 24.078 23.941 24.185 24.139 24.308 24.259 24.281 24.305 24.306 24.525 24.322 24.085 05/08/2043
25.936 26.355 26.110 25.898 26.092 26.270 26.260 26.143 26.149 26.116 26.567 26.430 26.334 26.301 26.075 26.273 26.488 26.559 26.483 26.226 26.513 26.466 26.956 26.586 26.797 26.705 26.658 27.156 26.875 26.663 06/08/2043
27.130 27.239 27.305 26.532 27.057 27.177 27.109 27.261 27.327 26.980 27.341 27.228 27.486 27.440 27.015 27.412 27.600 27.642 27.575 27.441 27.502 27.577 27.799 27.662 27.805 27.592 27.618 27.875 27.805 27.699 07/08/2043
25.072 25.073 25.045 24.921 24.980 25.034 25.044 25.019 24.964 24.944 24.807 24.904 25.060 25.010 24.954 24.967 25.256 25.103 25.018 24.955 24.911 25.242 24.939 25.151 24.811 24.892 25.111 24.953 24.956 24.693 08/08/2043
22.999 23.098 22.996 22.263 22.656 23.001 22.927 22.941 23.703 22.930 22.996 23.080 23.912 23.728 23.068 23.066 23.092 23.913 23.676 23.666 23.212 23.062 23.734 24.013 23.899 23.308 23.192 24.098 24.116 23.659 09/08/2043
23.396 23.435 23.117 22.312 22.705 23.393 23.312 23.077 23.036 22.772 23.375 23.259 23.413 23.231 22.852 23.165 23.289 23.319 23.163 23.125 23.110 23.258 23.313 23.385 23.059 23.078 23.084 23.329 23.360 22.848 10/08/2043
22.895 23.059 22.708 22.444 22.622 23.032 22.986 22.701 23.207 22.746 23.026 23.020 23.429 23.266 22.858 23.035 23.126 23.408 23.244 23.239 22.928 23.109 23.341 23.461 23.348 22.809 22.910 23.368 23.394 23.124 11/08/2043
24.006 24.251 24.092 23.755 24.271 24.284 24.310 24.128 24.286 24.358 24.391 24.302 24.555 24.537 24.430 24.105 24.666 24.594 24.632 24.470 23.971 24.666 24.572 24.597 24.421 23.950 24.603 24.504 24.477 24.400 12/08/2043
25.529 25.772 25.651 25.506 25.165 25.653 25.523 25.575 25.972 25.278 25.757 25.765 26.176 26.097 25.375 26.008 26.387 26.147 26.071 26.111 26.119 26.357 26.236 26.192 26.342 26.247 26.626 26.416 26.430 26.250 13/08/2043
26.647 26.645 26.679 26.567 27.276 26.717 26.752 26.742 27.375 27.212 26.675 26.679 27.501 27.420 27.199 26.668 27.811 27.460 27.374 27.314 26.797 27.802 27.502 27.504 27.369 26.845 27.844 27.532 27.462 27.229 14/08/2043
26.691 26.721 26.718 26.916 25.834 26.573 26.466 26.668 27.692 25.957 26.668 26.752 27.674 27.563 26.042 26.017 26.308 27.775 27.648 27.779 26.056 26.321 27.663 27.827 28.203 26.186 26.408 27.989 28.145 27.957 15/08/2043
19.925 19.864 19.643 19.270 19.472 19.634 19.464 19.498 20.189 19.829 19.697 19.707 20.021 19.891 19.939 19.818 20.069 20.254 20.136 20.476 19.764 20.048 19.953 20.309 21.030 20.134 20.464 20.445 20.828 20.788 16/08/2043
21.702 21.618 21.449 20.535 20.872 21.435 21.290 21.311 21.154 20.917 21.428 21.384 21.551 21.364 21.075 21.966 22.040 21.407 21.210 21.375 21.889 22.022 21.236 21.470 21.551 21.890 22.144 21.502 21.633 21.316 17/08/2043
20.831 20.784 20.517 20.070 20.298 20.549 20.403 20.408 20.534 20.240 20.165 20.302 20.754 20.618 20.348 20.651 20.619 20.618 20.442 20.485 20.953 20.597 20.482 20.705 20.854 20.816 20.666 20.701 20.881 20.614 18/08/2043
18.956 18.898 18.666 17.899 18.421 18.721 18.602 18.572 18.980 18.758 18.632 18.572 18.881 18.805 18.898 19.086 18.939 18.482 18.342 18.571 19.121 18.881 18.587 18.550 18.613 19.089 18.895 18.678 18.709 18.366 19/08/2043
20.711 20.574 20.344 19.847 19.419 20.405 20.278 20.223 20.225 19.257 20.323 20.279 20.501 20.386 19.364 20.457 20.625 20.254 20.074 19.990 20.439 20.601 20.409 20.318 20.202 20.376 20.516 20.571 20.342 19.961 20/08/2043
22.862 23.050 22.996 22.649 22.411 22.865 22.696 22.886 22.882 22.223 22.979 23.006 23.111 22.994 22.339 22.956 22.961 22.944 22.796 22.831 22.940 22.926 23.090 23.010 23.007 22.780 22.971 23.194 23.093 22.782 21/08/2043
19.086 19.202 19.080 18.627 18.639 19.065 18.989 18.970 18.880 18.662 18.992 19.069 19.040 18.911 18.802 19.419 19.022 18.927 18.774 18.771 19.589 19.018 18.921 18.995 18.779 19.619 18.978 19.012 18.988 18.614 22/08/2043
19.518 19.473 19.263 18.561 18.879 19.362 19.336 19.178 19.556 18.945 19.255 19.273 19.749 19.675 19.056 19.767 19.782 19.685 19.627 19.456 19.746 19.780 19.542 19.702 19.260 19.631 19.621 19.416 19.455 19.181 23/08/2043
22.349 22.387 22.039 21.905 21.901 22.142 21.900 21.860 22.689 22.176 22.090 22.141 23.020 22.818 22.237 22.971 21.665 22.919 22.713 22.742 22.996 21.636 22.766 23.012 22.857 23.128 21.635 22.984 23.061 22.522 24/08/2043
22.786 22.411 22.183 21.685 22.031 22.301 22.187 22.109 22.318 22.038 22.270 22.181 22.649 22.507 22.125 22.590 22.110 22.635 22.502 22.337 22.571 22.096 22.652 22.687 22.511 22.677 22.124 22.785 22.793 22.325 25/08/2043
24.110 24.079 23.979 23.918 24.668 23.918 23.753 23.840 24.415 24.567 23.875 23.883 24.579 24.487 24.607 24.439 24.635 24.500 24.356 24.226 24.706 24.611 24.539 24.537 24.431 24.879 24.751 24.838 24.653 24.247 26/08/2043
19.427 19.370 19.443 18.819 18.914 19.136 18.993 19.313 19.507 19.473 19.252 19.507 19.560 19.403 19.626 19.086 19.495 19.590 19.409 19.487 19.540 19.436 19.430 19.654 19.933 19.781 19.637 19.734 19.868 19.673 27/08/2043
18.609 18.569 18.472 17.675 17.225 18.455 18.359 18.394 17.971 17.453 18.499 18.517 18.142 17.835 17.748 19.042 19.069 18.045 17.702 17.854 19.179 19.027 18.097 18.188 18.341 19.475 19.185 18.656 18.487 17.869 28/08/2043
20.810 20.919 20.937 20.865 21.779 20.766 20.641 20.843 22.284 22.148 20.891 21.076 22.331 22.176 22.280 21.140 21.830 21.684 21.456 22.106 21.284 21.822 22.111 21.791 22.764 21.432 21.669 22.220 21.789 22.504 29/08/2043
22.961 22.645 23.091 23.345 23.919 22.576 22.462 23.058 24.253 23.626 21.957 22.319 23.987 23.854 23.687 22.602 23.416 23.774 23.555 23.870 22.479 23.388 23.374 23.847 24.011 22.717 23.323 23.533 23.833 23.790 30/08/2043
21.124 20.942 21.169 20.841 21.601 20.875 20.773 21.119 21.643 21.449 20.245 20.585 21.406 21.308 21.475 20.703 21.056 21.183 21.076 21.311 20.558 21.035 20.768 21.222 21.338 20.819 20.923 20.765 21.020 21.207 31/08/2043
20.757 20.534 20.465 21.087 19.606 20.555 20.544 20.483 20.159 19.669 20.415 20.408 20.177 20.075 19.749 20.485 20.752 20.109 19.933 19.931 20.275 20.725 20.114 20.146 19.971 20.256 20.614 20.059 20.056 19.806 01/09/2043
17.870 17.838 17.908 18.132 17.480 17.679 17.533 17.809 17.930 17.658 17.627 17.640 17.701 17.638 17.707 17.882 18.031 17.782 17.677 17.799 18.155 17.993 17.625 17.829 18.390 18.491 18.353 18.063 18.079 18.210 02/09/2043
16.307 16.348 16.396 16.194 16.301 16.249 16.189 16.321 16.654 16.517 16.265 16.302 16.606 16.590 16.616 16.229 16.695 16.689 16.650 16.747 16.441 16.654 16.654 16.708 17.055 16.633 16.893 16.864 16.945 16.959 03/09/2043
17.230 17.201 17.334 16.968 16.745 17.022 16.896 17.246 17.839 16.899 17.291 17.271 17.790 17.686 17.004 17.488 18.018 17.605 17.501 17.580 17.671 17.986 17.804 17.651 17.666 17.665 18.033 17.936 17.744 17.486 04/09/2043
18.842 18.808 18.836 18.385 18.592 18.702 18.547 18.763 19.323 18.623 18.788 18.868 19.374 19.272 18.748 19.046 19.742 19.369 19.279 19.268 19.203 19.706 19.478 19.435 19.444 19.478 19.823 19.687 19.578 19.294 05/09/2043
19.781 19.848 19.949 20.201 20.266 19.745 19.651 19.882 20.231 20.220 19.846 19.932 20.288 20.182 20.291 19.858 20.368 20.318 20.217 20.179 19.960 20.333 20.310 20.369 20.407 20.151 20.415 20.449 20.462 20.254 06/09/2043
16.273 16.070 16.015 16.059 15.758 15.925 15.827 15.934 16.049 15.788 15.948 15.882 16.001 15.858 15.885 15.928 15.891 15.960 15.794 15.930 15.931 15.866 15.792 16.020 16.147 15.980 15.858 15.946 16.142 15.919 07/09/2043
16.242 16.083 15.595 15.333 15.465 15.981 15.927 15.550 15.695 15.390 15.783 15.935 15.523 15.454 15.423 15.787 15.793 15.880 15.773 15.452 15.813 15.771 15.512 15.908 15.757 15.372 16.045 15.865 15.676 15.614 08/09/2043
18.495 18.499 18.364 17.445 17.351 18.343 18.228 18.275 17.781 17.315 18.422 18.499 17.944 17.831 17.432 18.159 18.257 18.193 18.050 17.808 18.206 18.231 18.215 18.253 18.109 18.306 18.205 18.270 18.200 17.972 09/09/2043
17.823 17.760 17.668 17.304 17.452 17.674 17.610 17.632 17.664 17.312 17.747 17.676 17.775 17.677 17.409 17.983 18.368 17.724 17.621 17.553 17.983 18.344 17.824 17.755 17.718 18.052 18.331 17.971 17.897 17.581 10/09/2043
21.578 21.467 21.356 21.253 21.736 21.430 21.419 21.343 21.622 21.707 21.570 21.385 21.684 21.621 21.814 21.483 21.930 21.634 21.551 21.538 21.559 21.929 21.759 21.672 21.633 21.631 22.044 21.899 21.735 21.515 11/09/2043
20.692 20.601 20.603 20.946 20.976 20.631 20.641 20.625 21.428 20.967 20.979 20.629 21.384 21.330 21.067 21.054 21.230 21.271 21.201 21.247 21.099 21.222 21.311 21.325 21.269 21.154 21.337 21.525 21.296 21.111 12/09/2043
21.221 21.439 21.550 20.948 21.125 21.461 21.455 21.566 22.468 21.482 21.636 21.656 22.393 22.449 21.545 21.802 21.720 22.489 22.548 22.609 22.236 21.699 22.433 22.475 22.667 22.611 21.983 22.569 22.634 22.709 13/09/2043
22.692 22.756 23.203 23.251 23.300 22.659 22.574 23.152 24.123 23.611 22.951 23.239 23.988 23.922 23.648 22.793 23.464 24.075 24.003 24.064 23.003 23.437 23.808 24.099 24.243 23.176 23.637 23.999 24.194 24.166 14/09/2043
22.329 22.394 22.897 22.619 22.644 22.276 22.195 22.818 23.878 23.215 22.485 22.834 23.745 23.609 23.306 22.932 23.441 23.905 23.745 23.889 23.194 23.398 23.268 23.960 24.051 23.626 23.809 23.826 24.023 23.824 15/09/2043
19.060 18.981 19.160 19.313 19.098 18.942 18.909 19.138 20.191 19.206 18.934 19.212 20.218 20.113 19.326 19.507 19.760 20.392 20.156 20.398 19.737 19.746 19.960 20.478 20.964 19.770 19.774 20.175 20.643 20.670 16/09/2043
16.825 17.020 17.128 16.573 17.268 16.997 16.972 17.097 17.413 17.353 17.036 17.026 17.592 17.539 17.412 17.306 17.214 17.520 17.457 17.446 17.364 17.210 17.435 17.557 17.429 17.448 17.180 17.427 17.528 17.347 17/09/2043
16.739 17.020 17.171 17.137 17.091 16.845 16.711 17.143 17.674 17.452 17.012 16.917 17.525 17.419 17.496 17.283 17.560 17.574 17.433 17.662 17.403 17.545 17.409 17.632 17.892 17.456 17.659 17.676 17.790 17.730 18/09/2043
17.414 17.763 17.867 17.312 17.573 17.561 17.398 17.746 18.307 17.920 17.684 17.855 18.190 18.030 18.056 18.039 18.122 18.551 18.317 18.547 18.301 18.128 18.100 18.623 19.019 18.698 18.329 18.470 18.938 18.692 19/09/2043
18.827 18.796 18.988 18.797 18.707 18.696 18.606 18.939 19.115 18.877 18.686 18.782 18.852 18.752 18.890 20.084 19.871 19.036 18.905 19.238 20.211 19.863 18.828 19.109 19.109 20.479 19.935 18.961 19.364 18.898 20/09/2043
17.163 16.946 17.051 17.450 17.033 16.795 16.708 16.951 16.945 17.113 16.777 16.793 16.910 16.834 17.105 17.263 17.401 16.819 16.727 16.778 17.288 17.385 16.805 16.864 16.921 17.435 17.411 16.889 16.912 16.790 21/09/2043
16.042 15.989 16.086 16.084 16.186 15.829 15.740 15.971 16.242 16.235 15.686 15.797 16.180 16.076 16.325 15.834 15.840 15.983 15.855 16.003 15.699 15.824 15.838 16.006 16.019 15.677 15.727 15.863 15.967 15.889 22/09/2043
18.743 18.709 18.675 18.293 18.415 18.644 18.607 18.653 19.122 18.482 18.515 18.612 19.046 19.049 18.552 18.109 18.830 19.075 19.073 19.158 18.023 18.860 18.843 19.078 19.101 17.975 18.701 18.713 18.946 19.095 23/09/2043
17.337 17.290 17.402 17.524 17.302 17.217 17.166 17.364 17.712 17.185 17.088 17.171 17.374 17.364 17.220 17.100 17.611 17.272 17.258 17.420 17.148 17.606 17.259 17.249 17.317 17.269 17.640 17.263 17.189 17.325 24/09/2043
17.115 17.019 16.968 16.977 18.696 16.884 16.796 16.889 19.328 18.832 16.745 16.765 19.314 19.260 19.243 16.707 16.945 19.233 18.995 19.190 16.634 16.935 19.080 19.225 19.187 16.592 16.890 19.180 19.203 18.993 25/09/2043
16.325 16.369 16.295 15.872 16.964 16.196 16.069 16.176 17.573 17.031 16.420 16.278 17.800 17.712 17.147 16.759 17.034 17.902 17.757 17.652 16.785 16.995 17.824 17.927 17.900 17.078 17.131 18.084 18.034 17.738 26/09/2043
15.032 15.066 15.007 14.718 14.729 14.910 14.781 14.915 15.686 14.819 15.142 15.012 15.830 15.689 14.986 15.747 16.208 15.860 15.710 15.541 15.987 16.192 15.959 15.944 15.970 16.272 16.362 16.317 16.176 15.730 27/09/2043
13.657 13.727 13.773 12.955 12.849 13.628 13.555 13.684 13.586 12.992 13.931 13.829 13.696 13.623 13.079 13.975 14.114 13.674 13.564 13.518 14.244 14.108 13.783 13.695 13.746 14.611 14.283 14.070 13.933 13.612 28/09/2043
12.119 12.246 12.279 11.492 11.557 12.145 12.092 12.205 12.123 11.770 12.465 12.447 12.239 12.212 11.848 13.048 12.934 12.431 12.348 12.380 13.172 12.928 12.507 12.446 12.659 13.336 13.127 12.839 12.712 12.553 29/09/2043
11.533 11.611 11.761 11.287 12.152 11.465 11.468 11.661 12.190 12.327 11.568 11.602 12.093 12.027 12.377 13.055 12.710 12.030 11.943 12.038 13.196 12.702 12.077 12.060 12.165 13.338 12.764 12.184 12.079 12.044 30/09/2043
13.682 13.582 13.776 13.705 14.029 13.462 13.372 13.731 14.415 14.004 13.321 13.410 14.122 14.084 14.152 14.300 14.895 13.992 13.984 14.081 14.450 14.874 13.938 14.007 13.941 14.610 14.923 13.962 13.965 13.892 01/10/2043
17.792 17.688 17.545 16.470 16.601 17.482 17.284 17.423 18.198 16.776 17.426 17.508 18.305 18.137 17.049 17.479 17.937 18.258 18.073 18.050 17.544 17.910 18.136 18.354 18.240 17.808 18.021 18.418 18.426 17.961 02/10/2043
18.559 18.299 18.163 18.503 18.145 18.146 18.012 18.056 18.558 18.224 18.436 18.288 18.609 18.515 18.387 18.841 18.802 18.814 18.698 18.517 18.799 18.841 18.743 18.853 18.961 18.894 18.858 18.995 19.038 18.824 03/10/2043
17.910 17.617 17.568 17.442 16.894 17.472 17.348 17.480 17.244 16.974 17.578 17.337 17.264 17.138 17.130 17.908 17.410 17.215 17.070 17.152 17.668 17.398 17.063 17.273 17.415 17.936 17.516 17.253 17.387 17.230 04/10/2043
17.497 17.407 17.365 16.514 16.951 17.380 17.367 17.341 17.175 16.925 17.628 17.398 17.159 17.109 16.938 17.567 17.948 17.245 17.213 17.163 17.553 17.931 17.262 17.257 17.335 17.713 18.048 17.376 17.436 17.297 05/10/2043
18.468 18.623 18.774 17.639 17.536 18.484 18.376 18.709 17.822 17.583 18.551 18.532 17.908 17.820 17.640 18.000 18.185 17.901 17.810 17.709 18.069 18.185 17.774 17.939 17.908 18.221 18.215 17.938 18.023 17.787 06/10/2043
17.248 17.315 17.455 16.792 17.403 17.160 17.003 17.333 17.583 17.569 17.097 17.232 17.229 17.085 17.684 16.710 17.373 17.350 17.195 17.384 16.872 17.364 17.137 17.422 17.777 17.204 17.679 17.562 17.740 17.557 07/10/2043
16.588 16.612 16.684 16.427 16.771 16.445 16.302 16.596 17.044 16.855 16.393 16.547 17.161 17.081 16.955 16.882 17.542 17.123 17.004 16.906 17.078 17.539 17.124 17.162 17.115 17.398 17.646 17.438 17.363 16.945 08/10/2043
16.553 16.676 16.766 16.738 17.376 16.434 16.227 16.638 17.699 17.485 16.443 16.516 17.705 17.571 17.638 16.949 17.378 17.674 17.510 17.543 17.086 17.325 17.538 17.743 17.759 17.368 17.477 17.818 17.904 17.517 09/10/2043
16.828 16.707 16.676 16.141 15.328 16.480 16.306 16.538 15.411 15.199 16.462 16.526 15.356 15.333 15.207 16.574 16.393 15.241 15.218 15.218 16.470 16.382 15.266 15.252 15.228 16.452 16.415 15.518 15.489 15.190 10/10/2043
16.904 16.833 16.771 16.071 15.761 16.734 16.641 16.705 15.657 15.566 16.776 16.680 15.719 15.741 15.560 16.617 16.280 15.661 15.700 15.577 16.512 16.291 15.807 15.659 15.519 16.388 16.216 15.724 15.608 15.565 11/10/2043
15.683 15.696 15.762 15.316 15.495 15.602 15.565 15.726 15.524 15.405 15.640 15.541 15.594 15.463 15.537 15.750 15.931 15.463 15.321 15.258 15.716 15.920 15.527 15.523 15.388 15.674 15.875 15.688 15.588 15.205 12/10/2043
18.022 18.040 17.934 17.714 17.612 17.896 17.800 17.868 17.940 17.736 17.959 17.919 18.095 17.987 17.845 18.053 18.202 17.943 17.831 17.844 18.273 18.153 18.068 17.990 17.972 18.474 18.180 18.198 18.109 17.803 13/10/2043
19.947 19.956 19.827 19.566 19.388 19.820 19.748 19.764 19.658 19.377 19.798 19.742 19.709 19.648 19.475 20.081 20.113 19.650 19.579 19.598 20.211 20.089 19.675 19.684 19.737 20.405 20.195 19.837 19.805 19.613 14/10/2043
19.608 19.567 19.759 19.536 19.377 19.444 19.317 19.695 19.815 19.396 19.328 19.456 19.848 19.790 19.491 19.333 19.705 19.907 19.855 19.915 19.521 19.704 19.584 19.942 19.964 19.797 19.945 19.931 20.007 19.891 15/10/2043
20.731 20.712 20.689 19.217 19.573 20.563 20.407 20.600 19.925 19.654 20.606 20.671 20.341 20.216 19.746 20.986 21.365 20.358 20.190 20.163 21.342 21.320 20.253 20.416 20.345 21.688 21.481 20.374 20.389 20.119 16/10/2043
18.291 18.316 18.395 17.610 17.680 18.214 18.117 18.335 17.944 17.695 18.060 18.184 18.179 18.163 17.777 18.436 18.655 18.139 18.132 18.135 18.620 18.640 17.958 18.152 18.235 18.704 18.664 17.935 18.106 18.176 17/10/2043
15.537 15.507 15.403 14.580 14.607 15.381 15.288 15.317 14.470 14.605 15.400 15.388 14.814 14.704 14.691 15.758 15.714 14.749 14.626 14.487 15.776 15.696 14.844 14.806 14.816 15.867 15.748 15.062 14.921 14.616 18/10/2043
13.346 13.167 13.167 12.653 13.289 13.055 12.976 13.077 13.565 13.225 13.231 13.101 13.817 13.754 13.274 14.241 14.795 13.763 13.677 13.409 14.264 14.791 13.917 13.781 13.549 14.210 14.733 14.000 13.767 13.441 19/10/2043
15.091 14.992 14.809 14.719 14.987 14.784 14.632 14.719 15.286 15.144 14.756 14.778 15.412 15.311 15.250 14.685 15.439 15.559 15.447 15.447 14.986 15.426 15.406 15.607 15.408 15.072 15.557 15.717 15.758 15.239 20/10/2043
15.077 14.974 14.964 14.645 14.273 14.782 14.630 14.840 14.592 14.526 14.696 14.844 14.525 14.419 14.621 14.386 14.684 14.554 14.425 14.622 14.559 14.652 14.396 14.599 14.692 14.674 14.757 14.646 14.688 14.501 21/10/2043
12.890 12.879 12.873 12.569 13.343 12.678 12.533 12.752 13.516 13.332 12.758 12.733 13.445 13.365 13.388 12.979 13.273 13.388 13.272 13.361 13.177 13.259 13.369 13.439 13.457 13.359 13.302 13.513 13.524 13.287 22/10/2043
12.121 12.176 12.033 11.702 11.517 12.074 11.960 11.955 11.731 11.714 12.219 12.081 11.615 11.532 11.798 12.371 12.343 11.789 11.675 11.612 12.453 12.346 11.685 11.828 11.713 12.601 12.424 11.937 11.842 11.560 23/10/2043
11.752 11.812 11.752 11.487 11.528 11.671 11.555 11.657 11.932 11.668 11.657 11.712 11.912 11.789 11.813 11.687 12.250 12.000 11.850 11.895 11.818 12.237 12.026 12.072 12.125 11.855 12.238 12.252 12.274 11.917 24/10/2043
11.881 11.814 11.828 11.489 12.041 11.711 11.665 11.755 11.935 11.974 11.411 11.577 11.897 11.867 12.005 11.781 12.306 11.895 11.825 11.803 11.814 12.292 11.711 11.909 11.882 11.798 12.343 11.776 11.897 11.823 25/10/2043
13.177 13.209 13.314 12.826 12.414 13.119 13.091 13.279 12.365 12.341 13.273 13.383 12.593 12.547 12.371 13.852 13.982 12.466 12.405 12.462 13.882 13.971 12.454 12.481 12.489 13.947 14.154 12.585 12.554 12.407 26/10/2043
11.476 11.378 11.446 11.395 11.738 11.245 11.144 11.377 11.617 11.548 11.311 11.291 11.542 11.451 11.669 12.074 12.062 11.412 11.300 11.296 12.337 12.031 11.600 11.431 11.369 12.528 12.119 11.748 11.647 11.219 27/10/2043
14.049 14.004 13.793 13.812 14.084 13.874 13.752 13.707 14.029 13.979 14.223 13.879 13.942 13.865 14.041 14.419 14.504 13.894 13.787 13.677 14.514 14.463 14.083 13.941 13.792 14.561 14.575 14.206 14.110 13.664 28/10/2043
15.849 15.807 15.776 15.615 15.693 15.637 15.503 15.684 16.003 15.594 15.776 15.688 15.654 15.509 15.722 16.225 16.474 15.576 15.378 15.449 16.399 16.437 15.696 15.660 15.758 16.601 16.698 16.086 16.005 15.451 29/10/2043
16.012 16.013 15.918 15.787 15.171 15.801 15.634 15.802 15.386 15.086 15.622 15.569 15.345 15.269 15.168 15.983 15.755 15.172 15.088 15.110 16.015 15.748 15.203 15.217 15.018 16.112 15.755 15.327 15.346 14.950 30/10/2043
14.175 14.640 14.744 14.297 14.060 14.482 14.391 14.635 15.312 14.255 14.472 14.692 15.414 15.178 14.362 14.837 15.291 15.457 15.162 15.278 15.209 15.269 15.230 15.576 15.573 15.477 15.389 15.707 15.730 15.172 31/10/2043
9.220 9.550 9.334 8.323 8.182 9.481 9.438 9.320 8.531 8.444 9.702 9.721 8.893 8.928 8.462 11.228 11.409 9.414 9.403 9.338 11.712 11.377 9.303 9.410 9.697 12.164 11.942 9.525 9.686 9.711 01/11/2043
11.299 11.415 11.290 10.722 10.363 11.261 11.124 11.203 10.825 10.322 11.512 11.270 11.117 11.051 10.421 12.076 12.082 11.178 11.062 11.076 12.394 12.058 11.195 11.184 11.110 12.625 12.354 11.497 11.398 10.989 02/11/2043
11.688 11.843 11.894 12.046 10.887 11.648 11.476 11.761 10.917 11.154 11.623 11.783 11.078 10.973 11.252 11.757 11.230 11.208 11.090 11.061 12.044 11.209 10.900 11.238 11.178 12.402 11.425 11.234 11.264 11.021 03/11/2043
11.439 11.536 11.612 11.106 11.927 11.493 11.400 11.568 11.246 12.074 11.348 11.497 11.614 11.470 12.138 12.377 12.624 11.634 11.480 11.391 12.355 12.598 11.487 11.693 11.646 12.322 12.673 11.731 11.808 11.440 04/11/2043
15.704 15.559 15.460 15.415 15.131 15.414 15.290 15.369 15.266 15.237 15.307 15.338 15.392 15.208 15.431 15.574 15.776 15.264 14.987 14.981 15.484 15.747 15.142 15.359 15.344 15.371 15.759 15.461 15.467 14.991 05/11/2043
15.524 15.450 15.383 15.504 14.326 15.228 15.054 15.237 15.300 14.501 15.235 15.280 15.362 15.192 14.741 15.579 15.813 15.284 15.088 15.151 15.612 15.767 15.125 15.363 15.272 15.804 15.821 15.434 15.467 14.993 06/11/2043
11.840 11.779 11.741 11.304 11.911 11.544 11.381 11.591 11.751 12.085 11.718 11.843 11.867 11.684 12.215 12.168 12.994 12.061 11.869 11.878 12.451 12.967 12.022 12.147 12.488 12.926 13.249 12.677 12.592 12.192 07/11/2043
9.612 9.718 9.697 9.278 9.170 9.508 9.367 9.590 9.558 9.247 9.698 9.791 9.768 9.657 9.308 9.856 10.149 9.956 9.814 9.649 10.249 10.126 9.794 10.000 10.087 10.329 10.241 10.079 10.068 9.894 08/11/2043
9.671 9.888 9.599 8.665 8.778 9.666 9.492 9.465 9.070 9.060 9.618 9.805 9.260 9.189 9.162 9.461 9.754 9.499 9.407 9.242 9.643 9.738 9.079 9.539 9.572 9.713 9.925 9.388 9.548 9.453 09/11/2043
8.795 8.687 8.565 8.074 7.733 8.539 8.463 8.488 8.177 7.766 9.269 9.062 8.501 8.395 7.865 9.349 9.525 8.732 8.635 8.322 9.576 9.507 9.039 8.755 8.662 9.863 9.888 9.450 9.067 8.557 10/11/2043
9.911 9.514 9.499 9.468 8.886 9.350 9.205 9.393 8.899 8.609 9.831 9.535 8.955 8.875 8.688 9.973 9.723 8.987 8.899 8.574 10.178 9.698 9.277 9.013 8.850 10.370 9.924 9.511 9.161 8.700 11/11/2043
13.767 13.540 13.203 12.907 12.372 13.368 13.214 13.103 12.235 12.177 13.641 13.431 12.390 12.317 12.243 14.118 13.653 12.434 12.334 12.042 14.213 13.629 12.811 12.474 12.229 14.391 13.722 12.931 12.614 12.118 12/11/2043
13.587 13.497 13.389 13.563 13.199 13.380 13.263 13.319 13.304 13.135 13.327 13.389 13.339 13.265 13.210 13.569 13.934 13.297 13.189 13.239 13.651 13.896 13.293 13.335 13.281 13.880 13.959 13.357 13.287 13.151 13/11/2043
13.571 13.374 13.229 13.213 13.515 13.189 13.024 13.121 13.855 13.393 12.988 13.059 13.871 13.717 13.455 13.669 13.394 13.680 13.511 13.622 13.642 13.349 13.596 13.743 13.725 13.772 13.361 13.705 13.734 13.476 14/11/2043
15.201 15.092 14.978 15.134 15.208 14.912 14.783 14.871 15.688 15.226 14.752 14.816 15.672 15.569 15.307 15.079 14.999 15.492 15.344 15.386 15.118 14.965 15.422 15.549 15.542 15.205 15.028 15.562 15.591 15.328 15/11/2043
16.005 15.951 15.961 15.337 16.454 15.720 15.581 15.842 16.657 16.572 15.638 15.744 16.611 16.502 16.675 15.732 15.937 16.546 16.395 16.444 15.971 15.926 16.423 16.611 16.749 16.206 16.065 16.712 16.759 16.504 16/11/2043
15.782 15.676 15.396 14.203 14.464 15.344 15.070 15.200 14.836 14.675 15.221 15.381 15.112 14.883 14.831 14.369 14.316 15.077 14.815 14.764 14.541 14.289 14.988 15.178 15.079 14.618 14.386 15.267 15.315 14.720 17/11/2043
13.534 13.471 13.409 13.166 13.567 13.357 13.295 13.347 13.707 13.569 13.327 13.353 13.766 13.621 13.652 13.548 13.522 13.612 13.465 13.503 13.581 13.495 13.534 13.669 13.544 13.537 13.454 13.596 13.612 13.325 18/11/2043
11.127 11.140 11.002 10.552 10.751 10.995 10.904 10.958 11.368 11.055 11.277 11.249 11.587 11.471 11.134 11.631 12.176 11.780 11.660 11.598 11.858 12.170 11.791 11.828 11.722 11.984 12.053 11.898 11.838 11.538 19/11/2043
9.861 10.107 9.963 10.057 9.156 10.037 9.958 9.950 9.537 9.370 10.381 10.379 9.844 9.769 9.442 10.307 10.754 10.110 10.026 9.975 10.570 10.741 10.240 10.123 10.450 11.015 11.006 10.637 10.558 10.298 20/11/2043
8.248 8.173 8.056 7.955 7.830 7.962 7.791 7.922 8.124 7.764 7.854 7.935 8.218 8.069 7.898 8.005 8.042 8.086 7.914 7.810 7.845 8.007 7.788 8.147 8.135 8.097 8.132 8.055 8.142 7.882 21/11/2043
7.663 7.527 7.355 6.704 6.957 7.384 7.243 7.277 7.539 7.236 7.415 7.446 7.320 7.195 7.338 7.645 8.067 7.496 7.351 7.362 7.557 8.037 7.338 7.566 7.524 7.617 8.009 7.520 7.533 7.318 22/11/2043
6.536 6.357 6.418 6.055 6.238 6.243 6.177 6.358 6.548 6.360 5.855 6.172 6.440 6.337 6.410 5.921 6.623 6.395 6.285 6.357 5.855 6.602 6.225 6.439 6.340 5.785 6.523 6.264 6.416 6.216 23/11/2043
8.464 8.454 8.464 8.249 8.237 8.339 8.223 8.403 8.626 8.354 8.153 8.309 8.550 8.422 8.441 8.327 8.583 8.496 8.321 8.306 8.380 8.565 8.389 8.531 8.443 8.505 8.611 8.564 8.660 8.232 24/11/2043
6.361 6.497 6.424 5.612 5.203 6.355 6.221 6.312 5.405 5.375 6.157 6.461 5.497 5.445 5.446 6.609 7.076 5.820 5.715 5.750 6.293 7.041 5.532 5.815 5.912 6.083 7.083 5.568 5.816 5.810 25/11/2043
7.706 7.652 6.695 5.088 4.907 7.384 7.047 6.527 5.527 5.114 7.563 7.419 5.684 5.543 5.250 8.115 7.545 6.151 6.024 5.670 8.201 7.495 6.444 6.226 5.958 7.977 7.481 6.598 6.452 5.790 26/11/2043
9.886 9.930 9.621 9.227 9.464 9.734 9.564 9.513 9.726 9.609 9.891 9.739 9.653 9.521 9.718 10.468 10.441 9.650 9.531 9.577 10.253 10.413 9.598 9.691 9.754 10.167 10.442 9.757 9.793 9.584 27/11/2043
7.565 7.715 7.383 6.895 7.876 7.577 7.475 7.280 7.950 8.134 7.982 8.029 8.186 8.157 8.185 7.838 8.285 8.253 8.188 8.106 7.719 8.270 8.154 8.285 8.257 7.653 8.203 8.155 8.243 8.186 28/11/2043
6.771 6.972 6.980 6.853 7.212 6.911 6.885 6.955 7.887 7.620 6.897 7.265 7.793 7.662 7.680 7.365 8.263 7.808 7.643 7.602 7.383 8.254 7.715 7.868 8.070 7.426 8.139 7.875 8.021 7.857 29/11/2043
6.952 7.034 7.075 7.437 7.706 6.960 6.911 7.035 7.933 8.009 6.908 7.035 7.876 7.718 8.087 7.807 8.461 7.883 7.727 7.953 7.725 8.456 7.742 7.956 8.185 7.737 8.335 7.840 7.969 7.935 30/11/2043
8.308 8.346 8.242 8.192 8.494 8.188 8.089 8.142 8.563 8.644 8.168 8.213 8.596 8.520 8.723 8.365 8.510 8.636 8.521 8.623 8.475 8.494 8.516 8.683 8.793 8.707 8.551 8.717 8.808 8.620 01/12/2043
7.338 7.243 7.355 7.570 7.890 7.094 6.972 7.248 7.402 7.934 7.114 7.148 7.357 7.199 7.947 7.589 7.770 7.201 7.021 7.247 7.927 7.737 7.013 7.278 7.515 8.282 7.831 7.298 7.263 7.253 02/12/2043
6.474 6.374 6.213 5.309 5.772 6.172 5.836 6.057 6.005 5.907 6.335 6.283 6.136 5.923 6.068 6.083 6.592 6.134 5.846 5.878 6.420 6.532 6.194 6.275 6.306 6.675 6.686 6.657 6.481 5.892 03/12/2043
6.847 6.480 6.216 6.909 5.893 6.077 5.762 5.959 6.089 5.977 6.139 6.108 6.391 6.094 6.238 6.447 5.999 6.363 5.986 5.868 6.311 5.992 6.385 6.521 6.284 6.003 6.041 6.906 6.732 5.788 04/12/2043
6.173 6.161 5.675 4.669 5.418 6.134 6.104 5.628 5.148 5.238 6.355 6.036 5.423 5.412 5.223 6.237 6.412 5.453 5.439 5.209 5.758 6.408 5.819 5.440 5.160 5.092 6.333 5.687 5.446 5.173 05/12/2043
11.286 11.392 10.899 10.300 10.554 11.254 11.196 10.806 10.643 10.465 11.375 11.270 11.074 10.978 10.517 12.170 11.670 11.019 10.912 10.600 12.053 11.682 11.286 11.051 10.581 11.661 11.527 11.216 10.897 10.473 06/12/2043
10.102 10.231 9.923 9.493 10.500 10.186 10.152 9.928 10.318 10.456 10.349 10.129 10.466 10.447 10.441 10.326 10.050 10.331 10.290 10.251 10.116 10.040 10.498 10.344 10.145 9.795 9.854 10.293 10.179 10.140 07/12/2043
13.851 13.690 13.693 13.771 14.218 13.598 13.500 13.657 14.384 14.246 13.616 13.664 14.413 14.293 14.254 13.715 13.859 14.230 14.073 14.234 13.630 13.828 14.016 14.290 14.176 13.628 13.827 13.930 13.997 13.970 08/12/2043
16.299 15.981 16.218 16.495 16.287 15.867 15.743 16.159 16.723 16.211 15.650 15.907 16.746 16.634 16.188 15.505 15.839 16.496 16.340 16.545 15.606 15.808 16.150 16.553 16.449 15.726 15.837 16.049 16.184 16.231 09/12/2043
12.834 12.503 12.493 12.401 12.574 12.335 12.176 12.379 12.719 12.421 12.119 12.216 12.813 12.739 12.494 12.070 11.926 12.506 12.439 12.543 12.031 11.889 12.438 12.565 12.477 12.039 11.854 12.404 12.450 12.358 10/12/2043
10.016 9.879 9.824 9.209 8.696 9.745 9.616 9.737 9.092 8.706 9.685 9.713 9.335 9.256 8.749 9.324 9.068 9.130 9.054 9.074 9.375 9.046 9.136 9.161 8.989 9.218 8.919 9.040 9.000 8.921 11/12/2043
8.458 8.435 8.309 7.523 7.280 8.281 8.165 8.232 7.768 7.328 8.305 8.261 7.988 7.874 7.435 8.502 8.760 7.848 7.730 7.641 8.442 8.719 7.910 7.910 7.766 8.559 8.673 7.956 7.870 7.605 12/12/2043
8.241 8.185 8.168 7.857 7.561 7.983 7.870 8.042 8.049 7.694 8.191 8.055 7.828 7.739 7.793 8.401 8.225 7.777 7.642 7.792 8.477 8.203 7.970 7.837 7.869 8.574 8.267 8.107 7.962 7.675 13/12/2043
10.102 10.216 10.266 10.150 9.605 10.062 9.954 10.150 10.165 9.706 10.253 10.273 10.161 10.052 9.792 10.234 10.293 10.119 9.998 9.956 10.374 10.264 10.071 10.176 10.025 10.578 10.388 10.312 10.228 9.849 14/12/2043
11.672 11.742 11.757 11.478 11.079 11.579 11.450 11.666 12.026 11.253 11.753 11.722 12.124 11.992 11.397 11.700 12.155 12.079 11.914 11.866 11.847 12.125 12.038 12.147 12.174 12.042 12.256 12.297 12.332 11.957 15/12/2043
11.255 11.081 11.050 10.751 10.299 10.857 10.688 10.905 10.838 10.372 10.947 10.901 11.028 10.896 10.452 11.051 10.850 11.011 10.864 10.751 11.226 10.831 10.980 11.038 10.973 11.379 10.917 11.250 11.217 10.777 16/12/2043
12.284 12.108 12.277 12.058 11.977 11.887 11.712 12.121 12.322 12.057 11.789 11.923 12.181 12.055 12.182 11.890 11.803 12.175 11.988 12.172 12.117 11.755 11.993 12.232 12.179 12.381 11.832 12.290 12.388 11.947 17/12/2043
10.925 10.820 10.916 11.259 11.189 10.629 10.500 10.783 11.844 11.258 10.571 10.690 11.656 11.578 11.356 11.869 12.306 11.700 11.592 11.777 11.902 12.295 11.524 11.744 11.808 11.850 12.288 11.696 11.821 11.664 18/12/2043
9.579 9.403 9.377 9.113 9.142 9.264 9.159 9.259 9.356 9.224 9.188 9.263 9.409 9.286 9.268 8.934 9.165 9.288 9.211 9.232 8.982 9.151 9.211 9.316 9.186 9.051 9.005 9.195 9.207 9.088 19/12/2043
12.034 11.782 11.537 11.570 11.459 11.580 11.452 11.408 11.736 11.382 11.475 11.364 11.796 11.655 11.435 11.949 12.195 11.590 11.489 11.533 11.743 12.180 11.575 11.657 11.449 11.660 12.072 11.572 11.548 11.304 20/12/2043
13.550 13.362 13.341 14.020 12.530 13.461 13.539 13.444 13.554 12.332 13.318 13.124 13.408 13.267 12.416 13.611 13.031 12.875 12.730 12.781 13.126 13.009 12.722 12.964 12.981 13.169 13.214 13.018 13.113 12.747 21/12/2043
15.377 15.139 15.230 15.079 14.797 15.002 14.853 15.148 15.486 14.748 14.896 15.131 15.581 15.502 14.747 15.248 15.641 15.327 15.233 15.158 15.147 15.620 15.084 15.362 15.196 15.236 15.417 14.991 15.169 15.063 22/12/2043
13.874 13.980 13.994 13.753 13.073 13.852 13.703 13.923 14.048 13.438 13.950 14.070 14.104 14.030 13.432 13.980 14.312 14.168 14.052 14.131 14.320 14.273 14.032 14.216 14.293 14.622 14.435 14.245 14.265 14.113 23/12/2043
15.191 15.321 15.257 14.736 13.967 15.155 15.061 15.167 15.160 14.284 15.160 15.246 15.223 15.104 14.371 14.665 14.627 15.148 14.986 15.113 14.780 14.616 14.939 15.213 15.150 14.953 14.614 15.010 15.121 14.924 24/12/2043
8.605 8.503 8.267 8.248 7.494 8.307 8.190 8.159 8.328 7.807 8.257 8.341 8.429 8.313 7.897 8.556 8.108 8.437 8.290 8.366 8.714 8.041 8.274 8.491 8.350 8.918 8.178 8.364 8.363 8.158 25/12/2043
1.598 1.559 1.540 1.818 1.071 1.397 1.246 1.456 1.689 1.358 1.501 1.563 1.597 1.543 1.416 1.302 1.492 1.751 1.680 1.828 1.536 1.448 1.547 1.772 1.941 1.753 1.612 1.790 1.816 1.826 26/12/2043
0.679 0.575 0.828 0.231 0.657 0.310 0.072 0.672 0.411 0.702 0.218 0.405 0.202 0.126 0.673 0.584 0.366 0.189 0.072 0.357 0.812 0.351 -0.204 0.226 0.348 1.127 0.488 -0.024 0.147 0.191 27/12/2043
-0.762 -0.847 -0.563 -0.212 -0.875 -1.035 -1.171 -0.669 -0.471 -0.955 -1.091 -0.965 -0.600 -0.735 -0.858 -1.215 -0.891 -0.630 -0.811 -0.705 -0.894 -0.929 -0.774 -0.561 -0.530 -0.663 -0.755 -0.487 -0.476 -0.779 28/12/2043
3.172 3.030 3.008 2.087 1.869 2.770 2.602 2.825 2.272 1.866 2.908 2.828 2.368 2.255 2.006 2.216 2.089 2.277 2.143 2.115 2.258 2.080 2.241 2.329 2.260 2.311 2.045 2.411 2.365 2.076 29/12/2043
5.568 5.572 5.245 4.487 4.376 5.334 5.184 5.153 4.942 4.441 5.537 5.377 5.196 5.058 4.581 5.124 4.955 5.024 4.822 4.543 5.038 4.920 5.132 5.101 4.848 5.058 4.850 5.312 5.311 4.640 30/12/2043
7.915 8.068 8.043 7.761 6.987 7.908 7.778 7.935 7.347 6.709 7.649 7.706 7.495 7.381 6.813 7.551 7.191 7.100 6.977 6.738 7.403 7.168 7.200 7.145 6.624 7.281 6.826 6.980 6.778 6.473 31/12/2043
5.390 5.323 5.336 5.444 4.998 5.195 5.116 5.254 4.967 4.839 5.082 5.080 4.884 4.825 4.874 5.290 5.142 4.730 4.650 4.777 5.175 5.131 4.685 4.732 4.864 5.070 4.998 4.676 4.791 4.753 01/01/2044
3.886 3.720 3.806 4.530 4.141 3.611 3.528 3.752 3.923 3.959 3.474 3.605 3.707 3.646 4.013 3.955 4.419 3.708 3.642 3.773 3.935 4.434 3.568 3.706 3.875 3.878 4.375 3.647 3.836 3.780 02/01/2044
3.368 3.383 3.501 3.525 3.203 3.313 3.285 3.435 3.339 3.032 3.195 3.415 2.960 2.945 3.083 2.954 3.221 2.968 2.911 2.946 2.945 3.223 2.955 2.976 2.823 2.874 3.179 2.996 3.101 2.754 03/01/2044
6.700 6.743 6.947 7.127 6.505 6.603 6.476 6.842 6.694 6.418 6.413 6.640 6.328 6.240 6.520 6.552 6.620 6.208 6.096 6.462 6.708 6.593 5.988 6.252 6.459 6.724 6.497 6.030 6.398 6.324 04/01/2044
7.481 7.308 7.347 7.124 6.321 7.177 7.087 7.275 6.517 6.256 6.911 7.150 6.548 6.439 6.328 7.192 7.205 6.566 6.455 6.558 7.342 7.199 6.233 6.616 6.708 7.548 7.190 6.377 6.581 6.532 05/01/2044
11.064 10.965 10.939 10.885 10.087 10.798 10.633 10.816 10.740 10.086 10.779 10.824 10.671 10.536 10.190 10.878 10.450 10.670 10.527 10.544 11.008 10.432 10.550 10.738 10.758 11.255 10.473 10.849 10.842 10.532 06/01/2044
11.383 11.380 11.456 11.557 10.491 11.220 11.064 11.341 11.253 10.700 11.223 11.339 11.166 11.208 10.755 11.650 11.635 11.191 11.239 11.329 11.859 11.635 11.147 11.163 11.252 12.139 11.699 11.174 11.203 11.279 07/01/2044
9.999 10.083 10.133 9.969 9.504 9.911 9.735 10.018 10.971 9.755 9.982 10.197 11.031 10.915 9.846 10.171 10.648 11.184 11.044 10.958 10.581 10.621 11.097 11.244 11.257 10.923 10.873 11.380 11.312 11.045 08/01/2044
10.897 10.811 10.767 10.313 9.968 10.596 10.421 10.632 10.585 10.129 10.754 10.710 10.590 10.448 10.286 10.907 10.778 10.506 10.340 10.414 11.018 10.738 10.486 10.581 10.687 11.163 10.849 10.706 10.670 10.457 09/01/2044
11.693 11.520 11.361 10.963 11.243 11.285 11.096 11.206 11.781 11.238 11.562 11.408 12.048 11.895 11.374 11.819 11.790 12.041 11.896 11.533 11.936 11.754 12.000 12.142 11.784 12.024 11.780 12.154 12.130 11.552 10/01/2044
14.534 14.464 14.380 14.397 13.972 14.163 13.905 14.216 14.468 14.215 14.298 14.308 14.379 14.218 14.238 13.965 14.105 14.224 14.031 14.268 14.155 14.049 13.980 14.316 14.194 14.584 14.173 14.166 14.207 13.914 11/01/2044
12.038 11.852 12.040 12.007 11.360 11.582 11.425 11.900 12.036 11.515 11.613 11.657 11.767 11.720 11.541 12.164 12.514 11.726 11.694 11.937 12.454 12.485 11.437 11.752 11.886 12.697 12.725 11.590 11.746 11.723 12/01/2044
11.606 11.400 11.678 12.101 11.453 11.264 11.182 11.595 11.579 11.221 11.100 11.327 11.300 11.263 11.279 10.944 11.037 11.212 11.166 11.323 11.085 11.024 11.087 11.233 11.278 11.130 11.091 11.120 11.216 11.183 13/01/2044
10.986 10.819 10.795 11.124 10.278 10.646 10.540 10.686 10.814 10.226 10.697 10.688 10.846 10.780 10.281 11.038 10.914 10.842 10.776 10.793 11.060 10.905 10.761 10.881 10.778 11.053 10.961 10.839 10.900 10.686 14/01/2044
10.793 10.738 10.715 10.458 10.289 10.538 10.425 10.617 10.458 10.224 10.499 10.628 10.396 10.326 10.272 10.873 10.873 10.396 10.324 10.282 10.915 10.844 10.418 10.422 10.399 11.085 11.094 10.745 10.697 10.306 15/01/2044
11.487 11.392 11.491 11.045 10.547 11.141 10.999 11.348 11.429 10.651 10.934 11.222 11.254 11.180 10.737 10.638 11.143 11.313 11.229 11.427 10.913 11.104 10.953 11.349 11.611 11.436 11.364 11.226 11.449 11.494 16/01/2044
10.113 10.116 10.256 9.790 9.553 9.920 9.846 10.148 10.141 9.706 9.911 10.096 10.129 10.000 9.816 10.470 11.010 10.175 10.060 10.131 10.775 10.982 10.057 10.249 10.426 11.095 11.061 10.317 10.423 10.205 17/01/2044
11.118 11.212 11.294 11.328 11.569 11.107 11.073 11.239 12.488 12.046 11.658 11.769 12.580 12.274 12.026 12.489 12.925 12.617 12.272 12.298 12.619 12.883 12.602 12.742 12.832 12.711 12.917 12.791 12.825 12.344 18/01/2044
13.497 13.431 13.487 13.407 13.000 13.293 13.250 13.393 13.647 13.116 13.420 13.397 13.671 13.553 13.157 13.168 13.150 13.647 13.511 13.685 13.442 13.163 13.595 13.707 13.808 13.648 13.142 13.668 13.768 13.614 19/01/2044
13.622 13.540 13.594 13.452 13.122 13.364 13.294 13.508 13.593 13.209 13.156 13.387 13.614 13.459 13.333 13.159 13.521 13.456 13.271 13.543 13.370 13.529 13.359 13.545 13.747 13.539 13.487 13.537 13.633 13.481 20/01/2044
11.753 11.860 11.901 11.015 10.614 11.737 11.655 11.822 11.263 10.867 11.859 11.937 11.285 11.181 10.924 11.521 12.098 11.402 11.280 11.278 11.782 12.096 11.322 11.444 11.574 12.156 12.236 11.536 11.554 11.410 21/01/2044
7.959 8.345 8.745 8.321 8.810 8.279 8.265 8.687 8.556 8.842 8.402 8.834 8.739 8.700 8.856 8.891 9.131 8.907 8.850 8.784 9.310 9.126 8.768 8.917 9.241 9.709 9.348 9.061 9.191 9.204 22/01/2044
5.633 5.796 5.895 5.968 5.904 5.678 5.588 5.807 6.389 5.877 5.962 5.955 6.419 6.419 5.960 6.457 6.472 6.588 6.581 6.450 6.827 6.454 6.708 6.592 6.710 7.090 6.731 6.920 6.838 6.704 23/01/2044
6.130 6.074 6.603 6.563 6.492 5.975 5.818 6.534 6.338 6.218 5.823 6.020 5.805 5.812 6.277 6.162 6.206 5.564 5.603 5.907 6.184 6.219 5.478 5.584 5.638 6.102 6.166 5.493 5.553 5.641 24/01/2044
6.615 6.551 6.960 6.853 7.002 6.419 6.327 6.850 6.776 6.681 6.470 6.546 6.414 6.407 6.696 6.956 6.583 6.069 6.022 6.350 6.842 6.579 5.991 6.078 5.917 6.781 6.445 5.862 5.831 5.900 25/01/2044
8.251 8.134 8.210 7.761 6.806 7.980 7.846 8.074 7.362 6.801 7.949 8.097 7.362 7.218 6.830 7.971 8.210 7.340 7.192 7.235 8.118 8.199 7.340 7.405 7.481 8.078 8.208 7.502 7.543 7.310 26/01/2044
8.219 8.217 8.035 7.190 5.905 7.977 7.796 7.878 7.365 6.288 8.241 8.272 7.476 7.321 6.419 8.230 8.792 7.592 7.414 7.311 8.577 8.792 7.807 7.666 7.773 8.728 8.857 8.058 7.946 7.509 27/01/2044
5.692 5.552 5.395 4.893 4.718 5.367 5.176 5.301 4.807 4.573 5.622 5.504 4.872 4.784 4.633 5.352 5.496 4.878 4.722 4.610 5.479 5.486 5.140 4.932 4.890 5.482 5.535 5.329 5.070 4.686 28/01/2044
6.565 6.640 6.408 6.118 5.524 6.463 6.326 6.320 5.499 5.563 6.648 6.574 5.900 5.791 5.587 6.483 6.373 5.898 5.743 5.524 6.578 6.363 5.881 5.943 5.923 6.687 6.389 5.993 5.977 5.806 29/01/2044
5.252 5.078 4.907 4.127 5.289 5.046 5.007 4.890 4.878 5.248 4.959 4.939 5.160 5.145 5.258 5.267 5.167 5.043 5.036 4.818 5.219 5.174 5.161 5.042 4.857 5.243 5.116 5.149 4.970 4.873 30/01/2044
4.903 4.770 4.970 4.244 4.807 4.693 4.631 4.902 5.076 4.791 4.503 4.630 5.033 4.939 4.913 5.019 5.314 5.002 4.891 5.035 5.148 5.299 4.814 5.048 5.179 5.314 5.400 4.975 5.015 5.004 31/01/2044
5.109 4.951 5.263 4.900 4.967 4.788 4.656 5.152 5.051 4.892 4.409 4.720 4.913 4.803 5.002 4.865 5.153 4.747 4.637 4.715 4.980 5.125 4.494 4.790 4.547 5.048 5.002 4.505 4.493 4.430 01/02/2044
7.540 7.239 7.254 6.807 6.498 7.039 6.914 7.144 7.079 6.464 6.850 6.901 7.103 6.909 6.551 7.320 7.294 6.772 6.608 6.622 7.281 7.266 6.693 6.852 6.501 7.239 7.148 6.749 6.702 6.254 02/02/2044
9.986 9.805 9.677 8.695 9.127 9.628 9.540 9.567 8.945 8.963 9.548 9.581 9.154 9.127 8.933 9.943 9.634 8.921 8.911 8.777 10.020 9.616 9.144 8.917 8.764 10.084 9.621 9.085 8.904 8.706 03/02/2044
8.296 7.976 7.875 7.313 7.565 7.799 7.697 7.769 7.817 7.468 7.713 7.644 8.106 8.011 7.572 8.119 8.380 7.990 7.848 7.501 8.163 8.352 8.086 8.033 7.584 8.135 8.250 8.076 7.861 7.440 04/02/2044
6.445 6.223 6.187 5.624 5.460 6.069 5.953 6.107 5.673 5.363 6.017 6.021 5.727 5.625 5.400 6.208 6.437 5.569 5.441 5.430 6.277 6.444 5.666 5.608 5.449 6.301 6.364 5.749 5.591 5.298 05/02/2044
6.786 6.561 6.571 6.318 5.620 6.464 6.400 6.498 5.896 5.409 6.358 6.489 5.927 5.807 5.446 6.503 6.538 5.770 5.642 5.642 6.614 6.549 5.905 5.840 5.805 6.646 6.415 6.027 5.952 5.604 06/02/2044
7.014 6.756 6.331 6.495 5.792 6.630 6.556 6.266 6.076 5.623 6.751 6.459 6.280 6.207 5.688 6.896 6.665 6.176 6.108 5.930 6.648 6.652 6.394 6.227 6.004 6.674 6.624 6.430 6.284 5.887 07/02/2044
8.913 8.980 8.554 8.065 9.091 8.858 8.757 8.481 9.377 9.295 9.274 9.119 9.857 9.785 9.366 9.276 9.519 10.054 9.985 9.806 9.416 9.492 10.502 10.076 9.889 9.640 9.738 10.918 10.525 9.661 08/02/2044
11.869 11.721 11.636 11.767 11.930 11.578 11.465 11.536 12.236 11.921 11.824 11.648 12.283 12.184 11.960 11.898 12.103 12.310 12.214 12.370 11.958 12.078 12.405 12.355 12.484 12.059 12.101 12.539 12.451 12.272 09/02/2044
11.753 11.494 11.415 11.178 10.641 11.307 11.155 11.288 11.341 10.868 11.341 11.255 11.326 11.178 10.941 11.319 11.364 11.184 10.995 11.176 11.320 11.330 11.058 11.270 11.264 11.440 11.387 11.288 11.280 10.999 10/02/2044
8.651 8.435 8.379 7.772 7.228 8.260 8.149 8.267 7.819 7.406 8.414 8.307 7.933 7.846 7.484 8.541 8.365 7.880 7.743 7.695 8.622 8.342 7.900 7.927 7.820 8.856 8.436 8.114 7.987 7.648 11/02/2044
4.425 4.342 4.017 3.602 3.957 4.208 4.093 3.951 4.030 3.950 4.502 4.259 4.268 4.238 4.014 5.098 5.302 4.347 4.257 4.043 5.169 5.285 4.472 4.366 4.192 5.257 5.376 4.606 4.417 4.095 12/02/2044
7.593 7.453 7.407 7.074 6.883 7.328 7.198 7.309 7.113 6.944 7.359 7.348 7.328 7.273 6.959 7.664 7.905 7.266 7.184 7.101 7.800 7.883 7.332 7.288 7.285 7.934 7.922 7.463 7.274 7.145 13/02/2044
7.907 7.609 7.416 7.388 6.810 7.518 7.451 7.377 6.951 6.809 7.595 7.337 7.083 7.006 6.850 7.907 7.616 6.962 6.920 6.939 7.855 7.607 7.143 6.989 6.958 7.858 7.582 7.228 7.058 6.919 14/02/2044
13.008 12.613 12.506 12.299 11.642 12.511 12.457 12.457 12.050 11.538 12.488 12.275 12.156 12.116 11.573 12.321 12.257 11.892 11.825 11.784 12.300 12.228 12.136 11.928 11.719 12.375 12.096 12.088 11.878 11.632 15/02/2044
14.357 14.038 14.362 14.014 13.617 13.964 13.899 14.341 13.956 13.188 14.099 14.193 14.086 13.925 13.225 13.910 14.465 13.939 13.766 13.606 14.097 14.446 14.190 14.016 13.857 14.286 14.330 14.381 14.054 13.577 16/02/2044
11.730 11.693 11.757 11.430 12.346 11.627 11.573 11.721 12.595 12.124 11.920 11.851 12.646 12.357 12.124 12.638 12.981 12.666 12.320 12.234 12.720 12.963 12.900 12.779 13.033 12.851 13.133 13.304 13.107 12.580 17/02/2044
8.253 8.050 7.945 7.217 7.477 7.953 7.866 7.864 7.792 7.411 8.020 8.008 8.131 7.970 7.487 8.526 8.550 8.103 7.923 7.835 8.534 8.520 8.202 8.158 8.268 8.721 8.698 8.480 8.342 8.025 18/02/2044
6.090 6.016 5.943 5.420 5.325 5.839 5.723 5.828 5.763 5.360 5.761 5.909 5.985 5.858 5.489 6.143 6.516 5.914 5.779 5.749 6.652 6.475 6.029 5.970 6.047 6.898 6.639 6.301 6.149 5.839 19/02/2044
2.779 2.602 2.597 2.419 2.404 2.435 2.287 2.506 2.730 2.537 2.387 2.551 2.706 2.612 2.621 2.614 3.045 2.721 2.635 2.661 2.824 3.015 2.648 2.753 2.806 3.090 3.114 2.890 2.845 2.561 20/02/2044
3.147 2.913 2.892 2.476 2.455 2.769 2.654 2.802 2.877 2.520 2.849 2.778 2.902 2.816 2.611 3.324 3.353 2.801 2.686 2.722 3.426 3.328 2.824 2.837 2.890 3.469 3.362 3.019 2.891 2.729 21/02/2044
2.493 2.280 2.246 1.672 1.779 2.126 1.987 2.147 2.118 1.821 2.237 2.121 2.194 2.118 1.925 2.644 2.722 2.097 1.984 1.956 2.691 2.703 2.155 2.117 2.147 2.775 2.704 2.360 2.190 1.955 22/02/2044
5.146 4.914 4.610 4.253 4.482 4.777 4.663 4.531 4.626 4.480 5.212 4.868 5.033 4.912 4.582 5.465 5.435 5.031 4.888 4.461 5.501 5.429 5.356 5.067 4.546 5.681 5.567 5.686 4.987 4.327 23/02/2044
7.674 7.520 7.408 6.702 7.139 7.338 7.207 7.289 7.519 7.220 7.465 7.507 7.668 7.547 7.288 7.508 7.963 7.678 7.550 7.465 7.592 7.945 7.709 7.742 7.607 7.742 8.021 7.942 7.830 7.413 24/02/2044
6.685 6.493 6.412 5.725 6.899 6.285 6.131 6.302 6.942 6.955 6.378 6.257 7.122 7.095 6.940 6.531 7.629 7.192 7.152 6.855 6.777 7.591 7.329 7.215 7.068 6.933 7.800 7.621 7.201 6.998 25/02/2044
10.544 10.279 10.128 9.539 9.484 10.138 10.041 10.046 9.872 9.537 10.445 10.168 9.990 9.944 9.559 10.363 9.943 9.978 9.938 9.628 10.570 9.900 10.183 9.996 9.627 10.761 10.029 10.322 10.006 9.518 26/02/2044
10.781 10.625 10.377 9.490 9.867 10.590 10.553 10.389 10.495 10.265 10.754 10.581 10.782 10.774 10.231 10.618 10.483 10.902 10.911 10.937 10.820 10.450 10.884 10.922 11.083 11.493 10.705 11.126 11.062 11.126 27/02/2044
5.863 5.636 5.520 6.881 5.084 5.367 5.200 5.370 3.720 5.216 5.616 5.465 3.665 3.568 5.273 5.178 5.738 3.673 3.531 3.623 5.385 5.748 3.816 3.713 3.807 5.490 5.688 3.995 3.833 3.646 28/02/2044
8.206 7.953 8.146 9.659 8.884 7.887 7.903 8.108 8.605 8.327 8.222 8.067 8.541 8.665 8.133 8.208 9.438 8.513 8.667 8.529 8.421 9.015 9.013 8.476 8.610 8.471 9.976 9.042 8.499 8.757 29/02/2044
8.918 8.805 8.853 9.233 8.156 8.759 8.748 8.818 7.731 7.933 8.891 8.809 7.616 7.569 7.978 8.367 10.627 7.534 7.474 7.469 8.468 10.572 7.794 7.573 7.638 8.573 10.561 7.957 7.640 7.528 01/03/2044
11.111 10.978 10.554 9.914 9.715 10.799 10.640 10.423 9.720 9.547 11.250 10.742 9.945 9.793 9.669 12.268 11.656 9.805 9.639 9.255 12.213 11.597 10.163 9.895 9.356 12.374 11.687 10.357 9.922 9.096 02/03/2044
10.259 10.210 9.936 9.250 9.270 10.059 9.923 9.841 9.532 9.225 10.239 10.066 9.837 9.713 9.337 11.120 10.878 9.903 9.700 9.195 11.142 10.816 9.904 9.989 9.357 11.429 11.156 10.373 10.218 9.110 03/03/2044
13.010 12.961 12.802 12.971 12.785 12.803 12.660 12.695 13.373 12.779 12.846 12.806 13.473 13.479 12.903 13.659 13.857 13.608 13.544 13.236 13.757 13.845 13.591 13.624 13.306 13.849 13.957 13.736 13.675 13.236 04/03/2044
12.676 12.711 12.602 12.592 12.665 12.641 12.578 12.537 12.862 12.657 12.761 12.726 13.046 12.990 12.737 13.316 13.719 13.052 12.980 12.744 13.394 13.714 13.132 13.074 12.950 13.573 13.874 13.372 13.253 12.880 05/03/2044
10.507 10.482 10.396 10.374 9.853 10.398 10.311 10.347 10.516 9.953 10.485 10.400 10.540 10.418 10.095 10.790 10.683 10.491 10.314 10.336 10.820 10.654 10.482 10.533 10.440 10.876 10.651 10.599 10.529 10.233 06/03/2044
8.441 8.553 8.375 7.357 7.396 8.437 8.342 8.294 7.740 7.681 8.553 8.548 7.794 7.711 7.781 8.851 8.939 7.930 7.846 7.716 9.058 8.898 7.902 7.972 8.081 9.585 9.159 8.266 8.257 7.921 07/03/2044
6.546 6.570 6.485 6.064 6.211 6.389 6.256 6.366 6.479 6.361 6.556 6.485 6.578 6.450 6.475 7.211 7.633 6.595 6.458 6.395 7.480 7.598 6.552 6.652 6.619 7.836 7.704 6.714 6.759 6.439 08/03/2044
3.826 3.831 3.546 2.577 2.902 3.624 3.500 3.409 2.731 3.017 3.474 3.544 3.084 2.957 3.075 3.912 4.076 3.030 2.905 2.692 4.115 4.030 3.023 3.103 2.972 4.329 4.136 3.177 3.116 2.774 09/03/2044
2.151 2.206 2.200 1.130 1.157 1.986 1.831 2.075 1.370 1.395 1.924 2.149 1.452 1.425 1.504 2.662 2.662 1.564 1.575 1.553 2.870 2.652 1.387 1.595 1.765 3.179 2.758 1.631 1.694 1.750 10/03/2044
6.027 6.374 6.498 4.865 6.125 6.184 5.996 6.375 6.301 6.433 6.341 6.687 6.324 6.257 6.527 6.241 6.294 6.677 6.628 6.975 6.711 6.262 6.370 6.713 7.287 7.202 6.816 6.940 7.169 7.181 11/03/2044
7.213 7.356 7.829 5.814 5.275 6.674 6.161 7.426 6.293 5.988 6.954 7.319 5.830 5.588 6.112 7.208 7.760 5.985 5.757 6.185 8.183 7.599 5.645 6.141 6.756 8.997 8.261 6.510 6.641 6.366 12/03/2044
11.645 10.982 11.361 10.864 11.153 10.751 10.570 11.211 11.376 11.169 10.879 10.973 11.092 11.021 11.234 11.346 11.648 10.974 10.887 11.232 11.652 11.597 10.852 11.035 11.056 12.036 11.789 11.207 11.080 10.873 13/03/2044
14.492 14.479 14.675 14.582 14.720 14.343 14.233 14.610 14.674 14.524 14.171 14.422 15.206 15.085 14.583 14.310 14.512 14.909 14.800 14.697 14.437 14.492 14.626 14.961 14.403 14.530 14.459 14.677 14.573 14.315 14/03/2044
13.900 13.969 14.101 13.821 14.010 13.800 13.680 14.010 14.463 14.201 13.447 13.827 14.356 14.250 14.306 13.821 14.263 14.208 14.076 14.323 14.057 14.245 13.962 14.263 14.422 14.111 14.292 14.101 14.253 14.228 15/03/2044
15.308 15.890 15.706 15.062 15.155 15.788 15.689 15.649 15.621 15.493 15.974 16.022 15.772 15.708 15.516 15.668 15.881 15.661 15.632 15.657 15.859 15.867 15.691 15.698 15.349 15.932 15.775 15.722 15.480 15.249 16/03/2044
14.373 14.450 14.511 13.960 14.250 14.344 14.272 14.447 14.424 14.230 14.143 14.168 14.360 14.282 14.317 14.149 14.629 13.944 13.884 14.079 14.090 14.634 13.807 13.986 13.693 13.966 14.427 13.767 13.706 13.587 17/03/2044
15.200 15.186 14.935 14.209 14.805 15.051 14.928 14.853 15.065 14.855 14.932 14.979 15.263 15.178 14.947 15.572 15.834 14.970 14.871 14.794 15.630 15.826 15.089 15.038 14.552 15.515 15.698 15.083 14.875 14.427 18/03/2044
14.615 14.518 14.305 13.392 13.611 14.405 14.318 14.266 14.277 13.678 14.235 14.404 14.417 14.310 13.754 14.762 15.248 14.327 14.200 14.054 14.934 15.222 14.376 14.373 13.973 15.090 15.319 14.561 14.442 13.756 19/03/2044
15.633 15.858 15.547 15.261 15.194 15.621 15.423 15.381 16.108 15.546 15.500 15.777 16.271 16.159 15.671 15.713 15.977 16.264 16.122 16.104 16.055 15.917 16.236 16.342 16.206 16.417 16.038 16.499 16.442 16.003 20/03/2044
13.903 14.099 13.871 13.605 13.638 13.937 13.783 13.765 13.921 13.690 13.681 13.796 14.063 13.967 13.815 13.528 14.215 14.063 13.935 13.821 13.685 14.171 13.819 14.121 13.852 13.766 14.338 14.080 14.019 13.674 21/03/2044
10.449 10.328 10.041 9.473 10.263 10.109 9.951 9.927 10.241 10.232 10.174 10.018 10.538 10.481 10.345 10.350 11.001 10.597 10.493 10.256 10.227 10.934 10.216 10.656 10.384 10.474 11.149 10.419 10.675 10.283 22/03/2044
11.229 10.891 10.860 10.169 11.222 10.710 10.525 10.727 10.571 11.244 10.673 10.661 10.758 10.603 11.371 10.647 10.637 10.668 10.525 10.569 10.761 10.549 10.627 10.763 10.671 11.003 10.880 11.022 10.955 10.468 23/03/2044
15.190 15.010 14.839 14.201 14.075 15.168 15.264 14.912 14.715 14.074 14.960 14.983 14.975 15.090 14.145 15.871 15.535 15.049 15.217 15.004 15.792 15.507 14.944 14.984 14.683 15.583 15.684 14.845 14.902 14.946 24/03/2044
10.197 10.234 10.188 9.967 10.219 10.048 9.887 10.063 10.292 10.189 10.055 10.085 10.412 10.294 10.318 10.139 10.427 10.334 10.224 10.266 10.263 10.391 10.231 10.400 10.543 10.741 10.713 10.602 10.616 10.342 25/03/2044
8.027 7.946 7.553 7.388 7.143 7.797 7.702 7.428 7.352 7.167 7.754 7.444 6.991 6.909 7.270 7.847 7.634 7.038 6.918 6.922 7.940 7.591 7.004 7.098 7.106 8.028 7.657 7.177 7.161 6.934 26/03/2044
7.806 7.760 7.389 6.983 7.228 7.561 7.403 7.261 6.755 7.091 7.515 7.535 6.848 6.775 7.164 7.742 7.963 7.237 7.163 6.563 8.049 7.928 7.151 7.280 6.731 8.452 7.989 7.297 6.879 6.583 27/03/2044
7.780 7.644 7.425 6.393 7.025 7.514 7.429 7.333 6.789 7.140 7.617 7.496 6.933 6.839 7.252 7.896 8.142 7.196 7.104 6.790 8.035 8.130 7.183 7.261 6.958 8.273 8.153 7.332 7.171 6.800 28/03/2044
7.821 7.550 7.360 6.764 7.378 7.386 7.260 7.253 7.371 7.483 7.512 7.472 7.682 7.537 7.609 8.380 8.622 7.816 7.640 7.442 8.555 8.600 7.982 7.888 7.706 8.678 8.807 8.348 7.918 7.458 29/03/2044
9.798 9.698 9.662 9.042 9.067 9.501 9.335 9.528 9.656 9.549 9.685 9.637 9.307 9.165 9.674 10.122 10.157 9.626 9.433 9.539 10.229 10.121 9.525 9.689 9.641 10.448 10.158 9.736 9.730 9.385 30/03/2044
9.448 9.493 9.506 9.176 9.162 9.312 9.171 9.371 9.686 9.395 9.282 9.255 9.547 9.450 9.488 9.893 10.094 9.435 9.293 9.578 10.169 10.071 9.363 9.483 9.564 10.326 10.289 9.740 9.769 9.362 31/03/2044
9.487 9.648 9.552 10.331 10.385 9.494 9.382 9.454 11.283 10.421 9.280 9.437 11.145 11.037 10.609 9.923 10.376 11.241 11.075 11.219 10.279 10.361 11.039 11.295 11.338 10.235 10.466 11.286 11.445 11.101 01/04/2044
10.146 9.983 10.111 9.708 9.923 9.791 9.705 10.017 9.895 9.644 9.832 9.865 9.879 9.724 9.749 10.288 10.170 9.696 9.552 9.617 10.590 10.137 9.601 9.769 9.692 10.567 10.223 9.840 9.908 9.482 02/04/2044
9.849 9.846 9.777 9.531 9.039 9.678 9.564 9.685 9.216 8.969 10.018 9.802 9.129 9.052 9.072 10.550 10.333 8.927 8.829 8.933 10.741 10.294 9.072 8.979 9.126 10.705 10.538 9.372 9.079 8.942 03/04/2044
8.178 8.054 7.949 6.778 6.542 7.898 7.726 7.865 7.110 6.970 7.613 7.711 6.911 6.736 7.131 7.429 7.450 6.798 6.619 6.590 7.357 7.441 7.175 6.895 6.768 7.320 7.374 7.287 7.105 6.566 04/04/2044
8.910 8.628 8.649 8.299 8.746 8.477 8.303 8.552 8.693 8.809 8.274 8.445 8.687 8.600 8.967 8.547 8.585 8.375 8.325 8.451 8.615 8.558 8.310 8.412 8.241 8.755 8.503 8.307 8.228 8.150 05/04/2044
9.413 9.335 9.587 9.545 9.028 9.166 9.066 9.497 9.177 9.352 8.816 9.198 8.702 8.652 9.348 8.927 8.630 8.652 8.578 8.992 8.988 8.634 8.053 8.669 8.929 9.193 8.674 8.173 8.612 8.838 06/04/2044
12.668 12.101 11.640 11.796 11.851 11.920 11.781 11.534 11.730 11.909 12.093 11.642 11.732 11.607 12.058 12.202 11.671 11.453 11.293 11.351 12.185 11.655 11.721 11.514 11.336 11.812 11.581 11.854 11.422 11.146 07/04/2044
12.337 11.849 11.400 10.946 10.050 11.584 11.367 11.220 10.626 10.108 11.486 11.393 10.620 10.422 10.288 11.563 10.498 10.326 10.128 10.296 11.561 10.459 10.554 10.427 10.334 11.426 10.384 10.713 10.404 10.046 08/04/2044
11.405 11.361 11.023 10.797 9.497 11.285 11.185 10.965 10.538 9.848 11.254 11.170 10.497 10.345 10.038 10.948 10.698 10.403 10.218 10.295 11.021 10.658 10.430 10.479 10.457 11.197 10.797 10.714 10.541 10.182 09/04/2044
9.534 9.316 8.967 8.485 8.740 9.103 8.946 8.834 9.475 9.119 8.929 8.924 9.284 9.134 9.286 9.425 9.494 9.261 9.056 8.941 9.566 9.455 9.166 9.325 9.080 9.426 9.496 9.356 9.208 8.809 10/04/2044
10.717 10.571 10.851 10.731 10.743 10.360 10.198 10.735 11.036 10.998 10.555 10.532 10.702 10.567 11.133 10.771 10.719 10.697 10.545 10.830 10.945 10.684 10.478 10.768 11.123 11.057 10.959 10.898 10.907 10.872 11/04/2044
10.956 10.833 10.876 10.717 11.485 10.702 10.595 10.813 11.843 11.568 10.837 10.732 11.650 11.527 11.699 11.232 12.122 11.619 11.490 11.662 11.168 12.088 11.445 11.686 11.969 11.260 12.295 11.779 11.927 11.752 12/04/2044
11.528 11.783 11.608 10.946 11.010 11.559 11.426 11.488 11.750 11.366 11.813 11.749 11.937 11.815 11.445 12.400 12.347 11.909 11.783 11.843 12.398 12.317 11.809 11.962 12.137 12.172 12.268 11.872 11.836 11.925 13/04/2044
14.088 14.249 14.331 13.152 13.433 14.079 13.931 14.229 13.603 13.529 14.139 14.136 13.777 13.654 13.571 14.200 14.558 13.696 13.561 13.527 14.344 14.534 13.792 13.748 13.852 14.278 14.417 13.798 13.885 13.636 14/04/2044
13.502 13.224 13.189 12.353 12.346 13.037 12.880 13.066 12.672 12.408 12.978 12.998 12.790 12.675 12.525 13.301 13.563 12.734 12.612 12.480 13.364 13.531 12.827 12.812 12.726 13.329 13.550 12.923 12.976 12.521 15/04/2044
13.063 12.493 12.703 12.394 12.235 12.328 12.159 12.609 12.852 12.370 12.434 12.498 12.742 12.529 12.543 12.748 12.684 12.662 12.450 12.603 12.771 12.627 12.393 12.783 12.980 12.811 12.699 12.604 12.766 12.679 16/04/2044
15.532 15.181 15.095 14.890 14.612 14.961 14.792 14.977 14.706 14.514 14.931 14.935 14.900 14.679 14.743 15.152 14.718 14.693 14.451 14.343 15.273 14.691 14.645 14.790 14.746 15.397 14.696 14.957 14.814 14.426 17/04/2044
18.852 18.531 18.803 19.074 18.216 18.490 18.434 18.758 18.539 17.887 18.923 18.922 18.603 18.434 18.028 18.816 19.484 18.712 18.493 18.581 19.069 19.434 18.988 18.761 18.999 19.286 19.656 19.377 19.043 18.763 18/04/2044
20.001 19.900 20.044 20.617 20.058 19.741 19.572 19.931 20.249 19.836 19.922 19.836 20.243 20.096 19.938 20.710 20.395 19.903 19.788 19.948 20.756 20.416 20.099 19.949 19.972 20.802 20.460 20.307 20.043 19.779 19/04/2044
18.961 18.965 19.136 19.181 19.370 18.850 18.712 19.093 20.008 19.552 18.979 18.996 20.084 19.993 19.652 19.554 19.882 20.173 20.035 20.143 19.630 19.865 19.824 20.228 20.258 19.838 20.018 20.144 20.251 20.039 20/04/2044
14.251 14.691 14.705 14.240 14.103 14.692 14.660 14.702 14.930 14.073 14.471 14.770 15.078 15.093 14.215 14.508 14.883 15.396 15.433 15.356 14.782 14.856 15.361 15.389 15.534 15.002 14.931 15.392 15.309 15.592 21/04/2044
11.604 11.508 11.529 13.217 11.634 11.464 11.444 11.505 11.110 11.976 11.681 11.684 11.260 10.957 12.257 12.414 13.042 11.515 11.162 11.233 12.858 12.979 11.391 11.654 11.871 13.212 13.335 12.029 12.013 11.376 22/04/2044
14.705 14.817 14.794 14.768 14.605 14.784 14.747 14.761 15.047 14.549 14.708 14.759 15.200 15.145 14.670 15.616 15.270 15.092 15.023 14.837 15.757 15.236 15.148 15.108 14.765 16.125 15.081 14.946 14.868 14.704 23/04/2044
11.713 11.362 11.281 11.779 11.430 11.213 11.083 11.214 11.301 11.033 11.023 11.063 11.879 11.789 11.130 11.347 11.357 11.617 11.516 11.354 11.306 11.341 11.517 11.665 11.351 11.085 10.709 10.858 11.111 11.218 24/04/2044
10.686 10.619 10.403 10.607 10.529 10.457 10.331 10.320 10.447 10.509 10.369 10.354 10.801 10.671 10.512 11.219 11.553 10.724 10.596 10.503 11.211 11.518 10.671 10.795 10.514 11.334 11.541 10.785 10.785 10.363 25/04/2044
11.855 11.829 11.547 11.201 11.746 11.648 11.486 11.431 12.065 11.871 11.666 11.623 12.291 12.154 11.978 12.360 12.627 12.351 12.169 12.126 12.277 12.589 12.215 12.412 11.978 12.379 12.697 12.463 12.472 11.739 26/04/2044
14.206 14.205 14.097 14.406 14.195 14.202 14.180 14.092 14.498 14.433 14.178 14.109 14.650 14.568 14.620 14.395 14.747 14.577 14.488 14.530 14.293 14.701 14.633 14.690 14.789 14.228 14.771 14.973 14.929 14.607 27/04/2044
19.271 19.338 19.297 18.896 19.020 19.217 19.118 19.246 19.308 19.109 19.181 19.103 19.199 19.154 19.330 19.485 19.470 18.950 18.834 19.007 19.314 19.474 18.885 19.012 18.823 19.296 19.371 18.922 18.959 18.697 28/04/2044
16.696 16.788 16.530 15.700 16.066 16.578 16.442 16.443 16.649 16.238 16.553 16.579 17.039 16.868 16.462 16.520 17.109 16.748 16.539 16.638 16.511 17.090 17.033 16.835 16.845 16.536 16.815 16.974 16.826 16.535 29/04/2044
13.418 13.192 13.075 13.219 12.903 13.008 12.865 12.967 13.935 12.791 13.054 13.106 14.203 14.016 12.999 14.254 13.536 13.942 13.701 13.916 14.218 13.519 13.876 14.027 13.571 14.237 13.456 14.191 14.163 13.286 30/04/2044
13.125 12.912 12.936 12.993 12.977 12.709 12.542 12.812 12.908 12.821 12.571 12.985 13.005 12.892 12.941 12.841 13.409 12.939 12.802 12.692 13.001 13.367 12.963 13.004 12.901 13.235 13.233 12.863 13.000 12.708 01/05/2044
15.484 15.305 15.515 15.312 15.205 15.125 15.024 15.448 15.252 15.049 15.129 15.284 15.308 15.164 15.162 15.101 15.465 15.195 15.035 15.122 15.169 15.441 15.169 15.259 15.305 15.216 15.295 15.242 15.304 15.119 02/05/2044
14.934 14.752 14.918 15.041 15.492 14.685 14.618 14.847 15.481 15.596 14.688 14.801 15.429 15.295 15.720 15.360 15.758 15.281 15.178 15.203 15.499 15.729 15.414 15.353 15.537 15.637 15.795 15.633 15.504 15.356 03/05/2044
14.317 14.205 14.392 14.144 13.081 14.087 13.975 14.323 14.903 13.268 14.147 14.256 15.165 14.827 13.482 14.211 14.725 14.980 14.597 14.654 14.382 14.712 14.740 15.144 15.170 14.569 14.897 15.408 15.394 14.622 04/05/2044
11.348 11.347 11.287 11.121 10.702 11.187 11.048 11.168 11.705 10.677 11.190 11.339 11.957 11.768 10.963 11.988 11.958 12.005 11.801 11.800 12.217 11.925 12.033 12.074 12.356 12.381 12.125 12.435 12.284 12.074 05/05/2044
11.672 11.537 11.253 11.054 11.847 11.447 11.361 11.194 12.501 11.996 11.435 11.247 12.447 12.335 12.164 11.831 12.298 12.657 12.558 12.398 11.719 12.291 12.364 12.717 12.434 12.094 12.562 12.823 12.553 12.238 06/05/2044
12.860 12.708 12.287 11.978 11.945 12.484 12.370 12.150 12.801 12.200 12.856 12.734 13.103 12.918 12.381 13.332 13.610 13.315 13.139 13.057 13.568 13.574 13.569 13.402 13.378 13.676 13.690 13.859 13.667 13.092 07/05/2044
14.151 14.164 13.869 13.959 13.914 14.004 13.856 13.763 14.561 14.167 14.207 14.135 14.592 14.431 14.293 14.799 15.303 14.805 14.607 14.463 15.051 15.259 14.820 14.876 14.691 15.208 15.407 15.082 15.035 14.420 08/05/2044
15.212 15.062 14.833 14.153 14.332 14.835 14.645 14.707 15.131 14.623 14.954 14.939 15.228 15.067 14.794 14.915 15.188 15.278 15.060 15.042 14.955 15.165 15.210 15.368 15.213 14.856 15.091 15.323 15.377 14.923 09/05/2044
13.828 13.837 13.658 13.328 13.758 13.637 13.474 13.522 14.440 13.922 13.815 13.828 14.216 14.080 14.015 14.309 14.654 14.582 14.417 14.295 14.511 14.624 14.386 14.661 14.484 14.796 14.863 14.770 14.820 14.232 10/05/2044
17.809 17.755 17.282 16.637 17.161 17.584 17.455 17.193 17.816 17.288 17.799 17.498 17.866 17.727 17.420 18.014 17.615 17.312 17.131 17.166 18.076 17.547 17.447 17.395 17.358 17.938 17.529 17.442 17.397 17.091 11/05/2044
20.024 20.237 19.934 20.206 19.331 20.050 19.917 19.827 20.247 19.597 19.965 19.934 20.294 20.157 19.738 20.707 20.872 20.219 20.090 20.259 20.979 20.833 19.948 20.275 20.476 21.223 21.120 20.268 20.390 20.326 12/05/2044
14.949 14.785 14.764 14.729 14.256 14.628 14.487 14.680 14.745 14.224 14.641 14.650 14.859 14.752 14.316 14.614 14.892 14.658 14.536 14.652 14.744 14.874 14.711 14.726 14.905 14.855 14.901 14.831 14.837 14.730 13/05/2044
14.316 13.955 13.780 13.249 13.130 13.860 13.794 13.730 13.636 13.223 14.119 13.897 13.999 13.936 13.272 14.731 15.372 13.926 13.887 13.683 15.328 15.354 14.225 13.993 13.743 15.159 15.422 14.295 14.098 13.613 14/05/2044
14.420 14.549 14.258 13.653 13.017 14.348 14.163 14.124 13.480 13.437 14.540 14.580 13.303 13.254 13.477 14.705 16.463 13.397 13.365 13.461 14.917 16.424 13.701 13.431 13.452 15.031 16.383 13.603 13.549 13.394 15/05/2044
11.483 11.392 11.189 10.521 10.571 11.300 11.216 11.119 10.551 10.137 11.245 11.006 11.306 11.203 10.256 11.487 11.425 11.295 11.172 10.621 11.700 11.402 11.297 11.341 11.243 11.832 11.629 11.630 11.569 11.033 16/05/2044
13.645 13.512 13.214 12.766 12.312 13.378 13.251 13.122 12.889 12.132 13.426 13.324 13.265 13.127 12.299 13.619 13.303 13.117 12.955 12.847 13.624 13.269 13.275 13.179 12.903 13.700 13.368 13.428 13.007 12.685 17/05/2044
17.312 17.144 17.130 16.382 16.329 16.944 16.762 17.014 16.797 16.242 17.132 17.045 17.005 16.930 16.281 16.969 17.075 16.885 16.784 16.670 17.172 17.069 17.084 16.917 16.851 17.358 17.125 17.197 16.946 16.697 18/05/2044
19.112 18.966 18.967 18.775 19.112 18.893 18.829 18.937 18.970 19.018 19.091 18.955 19.015 19.002 19.007 18.760 19.726 18.980 18.964 18.914 19.013 19.673 19.152 18.993 18.877 19.199 19.827 19.201 19.012 18.831 19/05/2044
17.614 17.887 17.250 16.762 17.149 17.730 17.565 17.198 17.540 17.264 17.828 17.555 17.846 17.704 17.337 18.384 18.485 17.864 17.683 17.521 18.535 18.468 18.140 17.929 17.843 18.872 18.643 18.524 18.224 17.591 20/05/2044
19.082 18.972 18.830 18.547 19.348 18.760 18.541 18.698 19.287 18.988 19.437 19.170 19.673 19.473 19.010 20.170 19.610 19.629 19.411 19.045 20.071 19.597 20.026 19.709 19.635 20.270 19.643 20.112 19.778 19.339 21/05/2044
14.608 14.639 14.859 14.801 13.925 14.436 14.267 14.735 14.515 14.181 14.663 14.727 14.538 14.267 14.381 14.554 15.399 14.483 14.144 14.217 14.590 15.379 14.253 14.624 14.781 14.691 15.438 14.746 14.858 14.364 22/05/2044
13.264 13.533 13.501 12.836 12.962 13.449 13.360 13.435 13.130 13.151 13.383 13.487 13.291 13.212 13.233 13.924 14.017 13.584 13.457 13.535 14.215 14.025 13.322 13.627 13.813 14.801 14.394 13.804 13.888 13.738 23/05/2044
14.542 14.719 14.551 14.408 14.130 14.453 14.277 14.449 14.358 14.357 14.355 14.441 14.357 14.357 14.444 14.990 15.313 14.405 14.363 14.322 15.207 15.270 14.416 14.420 14.439 15.291 15.271 14.403 14.396 14.411 24/05/2044
15.898 15.758 15.779 15.588 14.797 15.526 15.342 15.693 15.140 15.090 15.937 15.859 15.111 15.087 15.189 16.338 16.255 15.288 15.239 15.155 16.599 16.221 15.417 15.308 15.433 16.751 16.397 15.610 15.401 15.367 25/05/2044
15.567 15.528 15.509 15.766 15.773 15.364 15.220 15.435 15.753 15.582 15.439 15.469 15.677 15.648 15.669 15.905 16.645 15.933 15.879 15.665 16.157 16.620 16.275 15.954 16.292 16.556 16.676 16.335 16.367 16.210 26/05/2044
13.690 13.651 13.447 12.366 12.112 13.358 13.111 13.273 12.802 12.406 13.572 13.534 12.794 12.715 12.548 14.031 13.415 13.073 12.919 12.847 14.286 13.376 13.191 13.153 13.305 14.606 13.593 13.555 13.511 13.107 27/05/2044
15.099 15.114 14.900 14.876 14.631 14.885 14.742 14.775 15.166 14.850 14.840 14.979 15.169 15.038 14.980 14.863 15.164 15.193 15.041 15.014 14.719 15.109 14.969 15.288 15.091 14.581 15.040 15.020 15.192 14.805 28/05/2044
15.019 15.062 14.768 15.117 14.399 14.940 14.847 14.664 15.284 14.716 15.125 15.232 15.478 15.470 14.806 15.123 15.657 15.725 15.723 15.450 15.262 15.638 15.632 15.766 15.840 15.491 15.806 15.795 15.932 15.759 29/05/2044
14.721 14.649 14.435 14.229 14.500 14.441 14.329 14.307 14.687 14.530 14.633 14.465 14.766 14.727 14.601 14.961 15.081 14.818 14.698 14.511 14.985 15.048 14.820 14.821 14.657 14.917 15.054 14.828 14.872 14.502 30/05/2044
18.416 18.453 18.180 18.076 18.022 18.340 18.281 18.100 18.321 18.073 18.127 18.329 18.675 18.522 18.138 18.343 18.822 18.707 18.494 18.141 18.850 18.779 18.809 18.716 18.374 19.175 18.827 18.901 18.698 18.198 31/05/2044
16.283 16.630 16.536 16.139 16.319 16.431 16.319 16.446 17.090 16.936 16.076 16.487 17.054 16.981 17.020 16.392 16.977 17.082 16.964 17.007 16.661 16.929 16.847 17.113 17.304 17.161 17.341 17.261 17.285 17.164 01/06/2044
13.225 12.936 12.897 12.440 12.319 12.725 12.609 12.790 12.804 12.682 12.768 13.140 13.559 13.312 12.882 12.463 13.052 13.404 13.060 13.316 12.837 13.010 13.314 13.543 13.658 13.523 13.441 14.049 14.111 13.157 02/06/2044
13.804 13.841 13.793 13.567 13.595 13.628 13.458 13.677 14.073 13.769 14.108 13.888 14.347 14.092 13.886 14.255 14.347 14.105 13.875 13.899 14.526 14.314 14.391 14.182 14.272 14.575 14.562 14.678 14.497 13.982 03/06/2044
14.834 15.192 15.308 15.505 15.524 14.998 14.868 15.199 15.870 15.625 15.307 15.391 15.587 15.435 15.791 14.906 16.836 15.565 15.385 15.489 15.238 16.811 15.739 15.641 15.839 15.373 16.985 16.051 15.992 15.564 04/06/2044
18.205 17.907 17.893 17.431 18.125 17.667 17.518 17.788 18.341 18.182 18.316 17.900 18.019 17.937 18.275 18.412 18.628 18.153 18.115 18.309 18.470 18.628 18.582 18.164 18.478 18.761 18.526 18.548 18.860 18.347 05/06/2044
14.253 14.090 14.028 14.362 15.678 13.872 13.749 13.917 15.791 15.848 13.906 13.944 15.786 15.720 15.971 14.121 15.689 15.864 15.754 15.844 14.225 15.641 15.843 15.869 16.271 14.414 15.893 16.146 16.130 16.090 06/06/2044
13.781 13.717 13.649 13.522 13.939 13.570 13.426 13.548 13.739 13.629 14.009 13.842 14.078 13.948 13.787 14.026 14.497 13.983 13.811 13.785 14.108 14.431 14.305 14.048 14.028 14.154 14.403 14.426 14.184 13.790 07/06/2044
16.900 16.509 16.816 16.663 16.426 16.340 16.196 16.690 16.728 16.355 16.494 16.463 16.746 16.583 16.564 16.700 17.272 16.823 16.581 16.470 16.802 17.242 16.872 16.887 16.929 17.059 17.404 17.262 17.009 16.627 08/06/2044
19.702 19.493 19.549 19.146 20.167 19.297 19.142 19.418 19.990 19.902 19.458 19.333 19.974 19.927 20.002 19.775 20.299 19.936 19.870 19.722 19.960 20.266 20.372 19.954 20.025 20.018 20.263 20.349 20.091 19.915 09/06/2044
21.472 21.117 21.129 20.931 20.927 21.064 21.044 21.082 21.075 20.806 21.153 20.970 20.965 20.899 20.940 21.337 22.019 20.870 20.796 20.805 21.480 22.023 21.172 20.914 21.039 21.652 22.066 21.411 21.171 20.937 10/06/2044
19.063 19.110 18.957 19.642 19.398 19.001 18.911 18.877 19.909 19.539 18.683 19.023 19.442 19.402 19.635 18.700 19.687 19.630 19.552 19.752 18.965 19.692 19.503 19.641 19.815 19.208 19.527 19.327 19.743 19.691 11/06/2044
18.525 18.259 18.437 17.806 18.546 18.097 17.970 18.321 18.645 18.570 18.143 18.270 18.430 18.391 18.621 19.050 19.956 18.464 18.410 18.388 19.369 19.928 18.606 18.494 18.350 19.366 19.783 18.547 18.366 18.187 12/06/2044
15.954 15.546 15.674 14.820 15.087 15.371 15.202 15.542 15.154 15.025 15.069 15.519 14.816 14.717 15.131 15.248 15.286 14.845 14.732 15.054 15.462 15.264 14.646 14.888 15.197 15.351 15.402 14.877 15.122 15.049 13/06/2044
15.749 15.609 15.674 14.933 14.768 15.325 15.115 15.523 14.951 14.687 14.291 14.732 15.091 14.942 14.846 14.275 14.715 14.404 14.204 14.404 14.432 14.678 14.440 14.479 14.284 14.619 14.619 14.589 14.431 13.985 14/06/2044
17.232 17.095 16.885 16.978 16.256 16.907 16.767 16.782 17.125 16.479 16.949 16.962 17.160 17.027 16.604 17.352 17.958 16.974 16.809 16.775 17.401 17.919 17.131 17.065 16.972 17.625 18.048 17.388 17.165 16.725 15/06/2044
17.541 17.813 17.734 16.892 17.776 17.594 17.432 17.596 18.820 18.735 17.648 17.930 18.343 18.205 18.883 18.546 20.434 18.564 18.382 18.496 19.458 20.377 18.930 18.646 18.924 19.887 20.685 19.341 19.117 18.658 16/06/2044
14.877 14.732 14.759 14.461 14.663 14.626 14.542 14.691 14.861 14.805 14.557 14.715 14.811 14.734 14.897 14.825 15.118 14.844 14.734 14.838 14.974 15.093 14.637 14.890 14.849 15.241 15.237 14.863 14.892 14.712 17/06/2044
15.740 15.076 14.785 14.347 14.458 14.850 14.679 14.663 14.557 14.441 14.676 14.679 14.740 14.630 14.552 15.003 15.022 14.466 14.327 14.297 14.844 14.990 14.491 14.529 14.269 14.922 15.094 14.700 14.379 14.056 18/06/2044
16.422 16.223 16.129 15.535 15.393 15.962 15.764 15.981 14.959 14.696 15.665 15.598 15.253 15.080 14.882 15.591 15.848 15.030 14.812 14.579 15.992 15.812 15.149 15.114 15.491 15.985 16.030 15.522 15.462 15.175 19/06/2044
19.311 19.009 18.817 17.800 18.469 18.716 18.482 18.645 18.254 18.252 18.883 18.799 18.279 18.088 18.413 18.868 19.417 18.073 17.851 17.814 18.970 19.380 18.454 18.159 18.238 19.122 19.381 18.718 18.372 17.937 20/06/2044
19.787 19.869 19.910 18.996 19.807 19.714 19.578 19.804 19.529 19.628 19.832 19.845 19.555 19.474 19.719 20.071 20.266 19.400 19.279 19.240 20.219 20.250 19.744 19.460 19.515 20.421 20.190 19.797 19.602 19.345 21/06/2044
20.494 20.199 20.121 19.615 20.060 20.026 19.890 20.002 19.921 19.818 20.112 20.048 20.044 19.979 19.946 20.317 20.852 19.965 19.835 19.516 20.355 20.813 20.349 20.031 19.954 20.538 20.738 20.307 20.174 19.759 22/06/2044
21.378 21.086 21.249 20.699 20.995 20.836 20.636 21.109 21.075 20.782 20.907 20.982 21.334 21.204 20.897 20.896 21.260 21.177 20.967 20.575 21.036 21.237 21.346 21.259 21.018 21.149 21.197 21.458 21.333 20.736 23/06/2044
21.594 21.663 21.844 20.917 21.238 21.324 21.069 21.655 22.473 21.444 21.472 21.711 22.425 22.261 21.560 22.109 22.700 22.588 22.378 22.405 22.337 22.657 22.352 22.639 22.685 22.519 22.903 22.750 22.767 22.449 24/06/2044
21.924 21.883 21.917 21.539 22.039 21.757 21.665 21.827 22.689 22.116 21.931 21.956 22.726 22.584 22.249 22.124 23.108 22.831 22.683 22.653 22.335 23.075 22.937 22.891 23.053 22.496 23.256 23.211 23.117 22.792 25/06/2044
23.168 22.931 22.942 22.897 23.201 22.797 22.699 22.867 23.477 23.360 22.782 22.843 23.433 23.327 23.413 22.774 23.471 23.550 23.448 23.565 22.914 23.445 23.428 23.617 23.906 23.161 23.554 23.632 23.827 23.735 26/06/2044
21.347 20.842 20.812 20.760 20.966 20.669 20.512 20.719 20.910 20.667 20.655 20.418 20.805 20.690 20.756 20.463 20.462 20.546 20.400 20.397 20.271 20.416 20.520 20.615 20.651 20.300 20.531 20.721 20.735 20.414 27/06/2044
20.864 20.692 20.624 20.128 20.680 20.501 20.330 20.491 20.974 20.670 20.673 20.626 20.993 20.846 20.784 20.916 21.281 21.131 20.943 20.782 21.047 21.269 21.185 21.194 21.258 21.259 21.487 21.673 21.422 21.013 28/06/2044
23.030 22.880 22.872 22.517 23.139 22.693 22.534 22.754 23.255 23.060 22.734 22.675 23.188 23.041 23.194 22.536 22.470 23.086 22.863 22.811 22.634 22.449 23.211 23.147 23.004 22.677 22.493 23.375 23.114 22.748 29/06/2044
25.133 24.947 24.947 24.373 24.637 24.774 24.576 24.853 24.959 24.531 24.881 24.765 24.877 24.717 24.604 24.607 24.722 24.865 24.661 24.542 24.676 24.673 25.004 24.928 24.990 24.848 24.846 25.245 25.233 24.724 30/06/2044
24.647 24.406 24.233 23.519 24.146 24.199 24.012 24.118 24.017 24.127 24.480 24.338 24.162 23.993 24.196 24.340 24.304 24.111 23.929 23.830 24.417 24.260 24.358 24.182 24.176 24.518 24.201 24.466 24.331 23.913 01/07/2044
25.643 25.551 25.600 25.186 25.660 25.319 25.199 25.428 25.681 25.603 25.556 25.587 25.662 25.532 25.679 25.454 25.768 25.697 25.541 25.427 25.573 25.760 25.895 25.753 25.873 25.678 25.864 26.090 25.962 25.691 02/07/2044
25.835 25.755 25.796 25.913 25.272 25.686 25.633 25.758 26.146 25.424 25.940 25.945 26.002 25.903 25.472 25.468 25.500 26.246 26.252 26.041 25.837 25.472 26.357 26.259 26.381 26.247 25.693 26.568 26.479 26.371 03/07/2044
25.388 24.946 25.023 24.712 25.062 24.709 24.612 24.882 25.935 25.078 24.871 24.912 25.660 25.548 25.253 24.986 25.903 25.796 25.770 25.730 25.191 25.900 25.851 25.869 25.872 25.458 26.024 26.178 26.135 25.756 04/07/2044
26.540 26.248 26.269 25.789 26.023 26.101 26.026 26.189 26.390 25.893 26.218 26.226 26.309 26.242 26.020 25.926 26.366 26.193 26.188 26.106 26.101 26.385 26.447 26.260 26.345 26.253 26.410 26.580 26.398 26.246 05/07/2044
26.546 26.372 26.342 26.133 26.296 26.221 26.123 26.299 27.137 26.281 26.344 26.360 26.997 26.902 26.368 26.417 26.830 26.916 26.846 26.842 26.553 26.815 27.171 26.967 27.040 26.667 26.925 27.317 27.127 26.923 06/07/2044
26.173 25.988 25.905 25.729 25.580 25.888 25.872 25.862 25.989 25.618 26.031 25.954 26.026 25.933 25.667 25.890 26.268 26.020 25.951 25.788 26.171 26.260 26.195 26.071 26.158 26.345 26.456 26.506 26.317 26.007 07/07/2044
25.543 25.439 25.293 24.111 25.013 25.246 25.065 25.177 25.222 24.858 25.454 25.302 25.346 25.206 24.951 25.126 26.061 25.326 25.186 25.023 25.386 26.035 25.601 25.413 25.396 25.624 26.221 25.932 25.666 25.165 08/07/2044
22.774 22.967 22.838 22.184 22.285 22.802 22.660 22.767 22.900 22.514 22.648 22.789 22.800 22.667 22.608 23.056 23.395 22.879 22.772 22.604 23.161 23.381 22.646 22.936 22.831 23.480 23.524 22.919 22.992 22.629 09/07/2044
20.412 20.491 20.239 19.797 20.089 20.387 20.357 20.161 20.488 20.282 21.095 20.553 20.590 20.527 20.342 21.285 21.293 20.637 20.547 20.090 21.496 21.269 20.809 20.672 20.200 21.833 21.178 20.779 20.356 20.048 10/07/2044
21.203 21.119 21.049 20.955 21.217 21.074 21.030 21.015 21.729 21.223 21.221 21.037 21.801 21.720 21.334 21.051 21.822 21.710 21.614 21.498 21.102 21.763 21.924 21.763 21.586 21.253 21.961 22.140 21.846 21.426 11/07/2044
22.307 22.141 22.020 21.796 22.097 21.868 21.633 21.840 23.030 22.083 21.932 21.872 23.172 23.094 22.111 21.420 21.746 23.091 23.001 22.951 21.555 21.711 23.152 23.140 23.143 21.794 21.897 23.373 23.258 23.054 12/07/2044
23.587 23.432 23.453 24.389 23.177 23.147 22.893 23.267 23.657 23.402 23.210 23.258 23.498 23.382 23.559 23.527 25.702 23.283 23.205 23.263 23.654 25.686 23.228 23.343 23.127 23.778 25.627 23.363 23.278 22.989 13/07/2044
25.611 25.424 25.416 23.779 24.343 25.322 25.160 25.344 24.022 24.295 25.287 25.302 24.118 24.067 24.374 24.298 25.561 24.038 23.975 23.929 24.240 25.503 23.896 24.050 23.929 24.307 25.572 23.912 23.973 23.865 14/07/2044
25.774 25.536 25.658 24.734 25.086 25.445 25.397 25.577 25.367 25.044 25.448 25.559 25.419 25.359 25.111 25.174 25.694 25.552 25.474 25.542 25.227 25.673 25.330 25.580 25.697 25.362 25.761 25.463 25.651 25.594 15/07/2044
28.341 28.209 28.394 27.595 28.234 28.139 28.083 28.345 28.672 28.265 28.045 28.203 28.610 28.595 28.276 27.936 28.591 28.705 28.711 28.876 28.084 28.563 28.522 28.726 29.047 28.203 28.634 28.529 28.661 29.046 16/07/2044
31.924 31.799 32.044 31.937 31.614 31.748 31.751 31.996 32.064 31.509 32.085 31.941 32.138 32.092 31.525 31.834 31.606 32.218 32.159 31.835 31.921 31.613 32.047 32.232 31.973 31.827 31.524 32.032 32.115 31.904 17/07/2044
27.330 27.287 27.262 26.916 26.986 27.253 27.272 27.223 28.040 27.388 27.153 27.222 27.798 27.710 27.410 26.971 27.265 28.120 28.035 28.080 27.065 27.255 27.583 28.165 28.556 27.450 27.498 27.910 28.351 28.433 18/07/2044
24.999 24.853 24.779 24.216 24.620 24.707 24.588 24.683 24.627 24.728 24.673 24.719 24.658 24.592 24.806 24.192 24.585 24.964 24.827 24.887 24.276 24.545 24.623 24.992 24.948 24.548 24.703 24.880 25.051 24.794 19/07/2044
26.373 26.392 26.326 25.876 26.268 26.217 26.088 26.215 26.480 26.125 26.276 26.245 26.568 26.463 26.238 25.945 26.505 26.632 26.467 26.425 26.045 26.467 26.618 26.683 26.695 26.240 26.482 26.776 26.773 26.482 20/07/2044
24.917 24.897 25.084 25.337 25.588 24.794 24.716 25.038 26.216 25.822 24.450 24.832 25.807 25.681 25.925 24.710 25.484 25.945 25.797 26.240 24.925 25.438 25.414 26.001 26.454 25.372 25.586 25.675 26.115 26.234 21/07/2044
22.927 22.299 22.558 22.120 22.419 22.159 22.047 22.488 22.635 22.443 22.251 22.485 22.977 22.897 22.523 22.495 22.768 22.814 22.710 22.945 22.485 22.746 22.240 22.848 22.731 22.421 23.014 22.617 22.913 22.573 22/07/2044
22.171 21.864 21.903 21.085 21.669 21.720 21.521 21.814 21.645 21.654 21.400 21.568 21.707 21.584 21.753 21.552 21.855 21.599 21.411 21.565 21.610 21.848 21.306 21.627 21.531 21.748 21.918 21.522 21.572 21.367 23/07/2044
22.484 22.340 22.590 22.013 22.487 22.169 22.050 22.496 22.687 22.468 22.110 22.233 22.881 22.729 22.597 22.393 22.773 22.747 22.583 22.642 22.382 22.739 22.381 22.820 22.498 22.446 22.769 22.510 22.759 22.314 24/07/2044
22.200 22.269 22.321 21.784 22.008 22.024 21.867 22.219 22.704 22.184 21.865 22.085 22.927 22.794 22.358 22.427 23.322 22.871 22.659 22.690 22.737 23.288 22.547 22.949 22.920 22.964 23.411 22.778 23.037 22.653 25/07/2044
21.360 21.263 21.094 21.520 20.957 21.127 21.033 21.046 21.529 21.001 21.089 21.075 21.675 21.604 21.122 22.209 22.596 21.680 21.514 21.413 22.373 22.575 21.604 21.733 21.664 22.516 22.641 21.753 21.761 21.454 26/07/2044
22.117 22.072 22.003 21.324 22.023 21.943 21.826 21.902 21.806 22.040 21.954 21.945 21.960 21.814 21.972 22.740 23.179 21.944 21.769 21.751 22.844 23.151 21.876 22.013 21.976 23.153 23.301 22.148 22.129 21.726 27/07/2044
23.254 23.163 22.958 22.361 22.067 22.952 22.730 22.820 22.416 22.202 23.011 22.970 22.573 22.450 22.266 23.217 23.481 22.529 22.360 22.350 23.375 23.442 22.541 22.579 22.616 23.705 23.701 22.839 22.754 22.376 28/07/2044
24.291 24.309 24.121 24.543 24.453 24.114 23.954 24.022 24.992 24.527 24.189 24.194 25.067 24.985 24.453 24.327 24.774 25.103 24.995 24.961 24.559 24.754 25.113 25.141 25.161 24.932 24.824 25.299 25.269 25.027 29/07/2044
26.828 26.923 26.906 26.044 26.384 26.904 26.904 26.914 26.910 26.444 26.892 26.924 27.001 26.986 26.455 26.730 27.335 27.030 27.020 26.870 26.758 27.360 27.070 27.043 27.051 26.923 27.209 27.079 27.116 27.020 30/07/2044
26.884 27.010 27.013 26.041 26.512 26.947 26.861 26.979 27.195 26.622 26.911 27.030 27.450 27.340 26.679 27.042 27.789 27.564 27.492 27.422 27.293 27.786 27.371 27.611 27.710 27.658 27.870 27.775 27.875 27.617 31/07/2044
