# 6448 6449 6450 6451 6452 6528 6529 6530 6531 6532 6610 6611 6612 6613 6614 6693 6694 6695 6696 6697 6776 6777 6778 6779 6780 6859 6860 6861 6862 6863 Date
0.000 0.000 0.000 0.000 0.000 0.000 0.000 0.000 0.000 0.000 0.000 0.000 0.000 0.000 0.000 0.000 0.000 0.000 0.000 0.000 0.000 0.000 0.000 0.000 0.000 0.000 0.000 0.000 0.000 0.000 01/08/1979
0.000 0.000 0.000 0.000 0.000 0.000 0.000 0.000 0.000 0.000 0.000 0.000 0.000 0.000 0.000 0.000 0.000 0.000 0.000 0.000 0.000 0.000 0.000 0.000 0.109 0.000 0.000 0.000 0.000 0.111 02/08/1979
0.953 1.150 1.113 1.053 1.245 1.163 1.173 1.121 1.127 1.726 0.531 0.698 1.170 1.180 1.711 0.371 0.609 1.118 1.127 0.795 0.342 0.610 0.882 1.114 0.985 0.227 0.186 0.338 0.472 1.001 03/08/1979
0.226 0.186 0.508 0.697 0.989 0.191 0.195 0.514 0.971 1.281 0.111 0.317 0.598 0.603 1.271 0.140 0.416 0.470 0.472 0.814 0.618 0.417 0.607 0.468 1.053 0.871 0.607 0.869 0.794 1.065 04/08/1979
0.662 0.315 0.762 0.717 0.999 0.316 0.317 0.765 1.120 1.712 1.318 0.766 0.847 0.852 1.698 1.075 1.086 0.852 0.858 0.803 1.083 1.089 1.150 0.849 0.340 1.072 1.076 1.132 0.585 0.352 05/08/1979
0.000 0.000 0.000 0.000 0.000 0.000 0.000 0.000 0.000 0.000 0.000 0.000 0.000 0.000 0.000 0.000 0.000 0.000 0.000 0.000 0.000 0.000 0.000 0.000 0.000 0.101 0.000 0.000 0.000 0.000 06/08/1979
0.225 0.308 0.207 0.142 0.101 0.313 0.317 0.209 0.164 0.216 0.237 0.000 0.000 0.000 0.215 0.211 0.000 0.000 0.000 0.000 0.124 0.000 0.000 0.000 0.379 0.000 0.000 0.105 0.110 0.383 07/08/1979
0.000 0.000 0.000 0.000 0.000 0.000 0.000 0.000 0.000 0.000 0.000 0.000 0.000 0.000 0.000 0.000 0.000 0.000 0.000 0.000 0.000 0.000 0.000 0.000 0.000 0.000 0.000 0.000 0.000 0.000 08/08/1979
0.000 0.000 0.000 0.000 0.000 0.000 0.000 0.000 0.000 0.000 0.000 0.000 0.000 0.000 0.000 0.000 0.000 0.000 0.000 0.000 0.000 0.000 0.000 0.000 0.000 0.000 0.000 0.000 0.000 0.000 09/08/1979
0.000 0.000 0.000 0.000 0.000 0.000 0.000 0.000 0.000 0.000 0.000 0.000 0.000 0.000 0.000 0.000 0.000 0.000 0.000 0.000 0.000 0.000 0.000 0.000 0.000 0.000 0.000 0.000 0.000 0.000 10/08/1979
0.000 0.000 0.000 0.000 0.000 0.000 0.000 0.000 0.000 0.000 0.000 0.000 0.000 0.000 0.000 0.000 0.000 0.000 0.000 0.000 0.000 0.000 0.000 0.000 0.000 0.000 0.000 0.000 0.000 0.000 11/08/1979
0.000 0.000 0.000 0.000 0.000 0.000 0.000 0.000 0.000 0.000 0.000 0.000 0.000 0.000 0.000 0.000 0.000 0.000 0.000 0.000 0.000 0.000 0.000 0.000 0.000 0.000 0.000 0.000 0.000 0.000 12/08/1979
0.000 0.000 0.000 0.000 0.000 0.000 0.000 0.000 0.000 0.000 0.000 0.000 0.000 0.000 0.000 0.000 0.000 0.000 0.000 0.000 0.000 0.000 0.000 0.000 0.000 0.000 0.000 0.000 0.000 0.000 13/08/1979
0.000 0.000 0.000 0.000 0.000 0.000 0.000 0.000 0.000 0.000 0.000 0.000 0.000 0.000 0.000 0.000 0.000 0.000 0.000 0.000 0.000 0.000 0.000 0.000 0.000 0.000 0.000 0.000 0.000 0.000 14/08/1979
0.000 0.000 0.000 0.000 0.000 0.000 0.000 0.000 0.000 0.000 0.000 0.000 0.000 0.000 0.000 0.000 0.000 0.000 0.000 0.000 0.000 0.000 0.000 0.000 0.000 0.000 0.000 0.000 0.000 0.000 15/08/1979
0.000 0.000 0.000 0.000 0.000 0.000 0.000 0.000 0.000 0.000 0.000 0.000 0.000 0.000 0.000 0.000 0.000 0.000 0.000 0.000 0.000 0.000 0.000 0.000 0.000 0.000 0.000 0.000 0.000 0.000 16/08/1979
0.000 0.000 0.000 0.000 0.000 0.000 0.000 0.000 0.000 0.000 0.000 0.000 0.000 0.000 0.000 0.000 0.000 0.000 0.000 0.112 0.931 0.000 0.000 0.000 0.000 0.000 0.000 0.000 0.000 0.000 17/08/1979
0.000 0.000 0.000 0.000 0.000 0.000 0.000 0.000 0.000 0.000 0.000 0.000 0.000 0.000 0.000 0.000 0.000 0.000 0.000 0.000 0.000 0.000 0.000 0.000 0.000 0.000 0.000 0.000 0.000 0.000 18/08/1979
0.000 0.000 0.000 0.000 0.000 0.000 0.000 0.000 0.000 0.000 0.000 0.000 0.000 0.000 0.000 0.000 0.000 0.000 0.000 0.000 0.000 0.000 0.000 0.000 0.000 0.000 0.000 0.000 0.000 0.000 19/08/1979
0.000 0.000 0.000 0.000 0.000 0.000 0.000 0.000 0.000 0.000 0.000 0.000 0.000 0.000 0.000 0.000 0.000 0.000 0.000 0.000 0.000 0.000 0.000 0.000 0.000 0.000 0.000 0.000 0.000 0.000 20/08/1979
0.000 0.000 0.000 0.000 0.000 0.000 0.000 0.000 0.000 0.000 0.000 0.000 0.000 0.000 0.000 0.000 0.000 0.000 0.000 0.000 0.000 0.000 0.000 0.000 0.000 0.000 0.000 0.000 0.000 0.000 21/08/1979
0.201 0.195 0.000 3.869 4.406 0.198 0.202 0.000 5.030 5.160 0.758 0.390 0.000 0.000 5.116 0.757 0.109 0.000 0.000 3.646 0.851 0.109 0.186 0.000 1.735 0.841 0.000 0.000 0.000 1.761 22/08/1979
0.000 0.000 0.000 0.000 0.000 0.000 0.000 0.000 0.000 0.000 0.000 0.000 0.000 0.000 0.000 0.000 0.000 0.000 0.000 0.000 0.000 0.000 0.000 0.000 0.000 0.000 0.000 0.000 0.000 0.000 23/08/1979
0.000 0.000 0.000 0.000 0.000 0.000 0.000 0.000 0.000 0.000 0.000 0.000 0.000 0.000 0.000 0.000 0.000 0.000 0.000 0.000 0.000 0.000 0.000 0.000 0.000 0.000 0.000 0.000 0.000 0.000 24/08/1979
6.569 0.681 4.142 5.583 4.899 0.688 0.692 4.175 3.392 4.294 0.487 0.723 1.111 1.120 4.258 0.428 3.511 1.052 1.062 0.560 0.000 3.519 3.383 1.049 3.571 1.899 2.842 2.710 2.221 3.628 25/08/1979
0.000 0.000 0.000 0.000 0.000 0.000 0.000 0.000 0.000 0.000 2.090 0.000 0.000 0.000 0.000 1.941 1.344 0.000 0.000 0.000 3.755 1.347 1.686 0.000 0.000 3.479 3.964 3.664 0.000 0.000 26/08/1979
0.000 0.000 0.000 0.000 0.000 0.000 0.000 0.000 0.000 0.000 0.000 0.000 0.155 0.158 0.000 0.000 0.000 0.000 0.000 0.000 0.179 0.000 0.000 0.000 0.000 0.666 0.000 0.105 0.000 0.000 27/08/1979
0.979 3.983 1.427 6.344 5.905 4.033 4.075 1.438 0.876 1.201 2.253 0.975 0.774 0.780 1.195 2.072 0.842 0.229 0.233 2.538 0.170 0.843 1.160 0.227 0.126 0.629 0.114 0.174 0.100 0.128 28/08/1979
0.104 1.285 1.355 0.517 0.629 1.300 1.313 1.365 2.050 2.921 0.382 2.610 1.745 1.761 2.896 0.358 1.663 3.912 3.955 4.603 2.008 1.665 1.765 3.894 1.865 1.269 1.955 2.059 1.143 1.895 29/08/1979
0.000 0.000 0.000 0.000 0.000 0.000 0.000 0.000 0.000 0.000 0.000 0.000 0.000 0.000 0.000 0.000 0.000 0.000 0.000 0.000 0.000 0.000 0.000 0.000 0.000 0.158 0.000 0.000 0.000 0.000 30/08/1979
0.000 0.000 0.000 0.000 0.000 0.000 0.000 0.000 0.000 0.000 0.000 0.000 0.000 0.000 0.000 0.000 0.000 0.000 0.000 0.000 0.000 0.000 0.000 0.000 0.000 0.000 0.000 0.000 0.000 0.000 31/08/1979
0.105 0.000 0.000 0.101 0.000 0.000 0.000 0.000 0.000 0.000 0.000 0.000 0.000 0.000 0.000 0.000 0.000 0.000 0.000 0.000 0.000 0.000 0.000 0.000 0.000 0.000 0.000 0.000 0.000 0.000 01/09/1979
1.312 0.333 0.674 0.494 0.278 0.336 0.339 0.679 0.265 0.227 0.876 1.124 0.562 0.568 0.226 0.853 0.257 0.477 0.512 0.362 0.950 0.258 0.301 0.475 0.609 0.910 0.785 1.019 1.332 0.616 02/09/1979
8.401 8.497 5.087 4.552 5.514 8.595 8.675 5.124 5.617 6.665 7.092 6.385 5.865 5.909 6.610 6.982 6.741 9.159 9.261 5.529 5.514 6.756 7.568 9.116 4.223 6.607 4.335 4.979 5.165 4.290 03/09/1979
0.000 0.000 0.000 0.663 0.683 0.000 0.000 0.000 0.116 0.000 0.000 0.000 0.000 0.000 0.000 0.000 0.000 0.000 0.000 0.000 0.000 0.000 0.000 0.000 0.000 0.000 0.000 0.000 0.000 0.000 04/09/1979
0.000 0.000 0.000 0.000 0.000 0.000 0.000 0.000 0.000 0.000 0.000 0.000 0.000 0.000 0.000 0.000 0.000 0.000 0.000 0.000 0.000 0.000 0.000 0.000 0.000 0.000 0.000 0.000 0.000 0.000 05/09/1979
0.000 0.000 0.000 0.000 0.000 0.000 0.000 0.000 0.000 0.000 0.000 0.000 0.000 0.000 0.000 0.000 0.000 0.000 0.000 0.000 0.000 0.000 0.000 0.000 0.000 0.000 0.000 0.000 0.000 0.000 06/09/1979
0.000 0.000 0.000 0.000 0.000 0.000 0.000 0.000 0.000 0.000 0.000 0.000 0.000 0.000 0.000 0.000 0.000 0.000 0.000 0.000 0.000 0.000 0.000 0.000 0.000 0.000 0.000 0.000 0.000 0.000 07/09/1979
6.716 1.348 2.016 6.549 7.652 1.364 1.376 2.031 8.054 9.085 1.419 1.139 5.013 5.060 9.013 1.671 1.327 9.644 9.744 6.465 0.893 1.329 1.334 9.603 7.427 0.262 1.811 1.906 12.703 7.545 08/09/1979
0.377 0.119 0.218 0.684 0.736 0.120 0.122 0.218 0.867 0.719 0.114 0.149 0.395 0.407 0.719 0.175 0.000 0.253 0.256 0.274 0.177 0.000 0.118 0.252 0.306 0.192 0.000 0.119 0.193 0.316 09/09/1979
1.240 1.164 1.344 1.109 1.185 1.179 1.191 1.354 1.133 1.011 0.354 0.958 0.627 0.637 1.006 0.402 0.109 0.220 0.221 0.126 0.202 0.109 0.141 0.219 0.471 1.300 0.160 0.249 0.328 0.476 10/09/1979
1.980 1.568 1.478 1.612 1.696 1.587 1.604 1.489 1.683 1.910 2.022 1.576 1.714 1.729 1.893 2.139 1.761 1.268 1.281 1.065 2.157 1.764 1.899 1.262 1.546 3.029 1.466 1.447 1.270 1.560 11/09/1979
1.760 3.289 5.746 4.053 4.794 3.330 3.363 5.792 6.374 7.154 2.804 3.860 5.195 5.242 7.094 3.063 2.524 3.044 3.077 5.685 2.995 2.530 3.075 3.031 4.449 4.057 2.368 2.824 5.146 4.518 12/09/1979
3.355 4.268 4.892 3.351 3.668 4.322 4.367 4.936 3.329 3.534 3.175 3.442 3.778 3.808 3.503 3.460 0.957 1.517 1.528 4.837 2.132 0.959 1.207 1.512 1.742 3.071 1.615 1.718 2.515 1.770 13/09/1979
2.590 5.071 7.123 7.359 8.684 5.130 5.177 7.177 9.927 10.913 2.284 6.227 6.786 6.849 10.821 2.350 2.110 4.026 4.071 12.860 1.903 2.114 2.399 4.007 7.815 2.105 2.295 2.670 6.197 7.939 14/09/1979
5.724 4.215 4.311 4.076 4.423 4.272 4.315 4.344 4.332 4.117 4.812 4.517 4.475 4.517 4.086 4.334 4.259 5.267 5.325 4.652 3.424 4.270 5.386 5.243 4.363 3.054 3.330 4.259 3.962 4.432 15/09/1979
0.000 0.000 0.000 0.000 0.000 0.000 0.000 0.000 0.000 0.000 0.000 0.000 0.000 0.000 0.000 0.000 0.000 0.000 0.000 0.000 0.000 0.000 0.000 0.000 0.000 0.000 0.000 0.000 0.000 0.000 16/09/1979
1.393 1.151 0.511 0.545 0.547 1.165 1.177 0.509 0.469 0.384 1.978 1.213 0.837 0.852 0.380 2.047 0.621 0.810 0.819 0.431 0.855 0.624 0.901 0.806 0.185 0.228 0.250 0.420 0.254 0.186 17/09/1979
0.000 0.000 0.000 0.000 0.000 0.000 0.000 0.000 0.000 0.000 0.000 0.000 0.000 0.000 0.000 0.000 0.000 0.000 0.000 0.000 0.000 0.000 0.000 0.000 0.000 0.000 0.000 0.000 0.000 0.000 18/09/1979
0.000 0.000 0.000 0.000 0.000 0.000 0.000 0.000 0.000 0.000 0.000 0.000 0.000 0.000 0.000 0.000 0.000 0.000 0.000 0.000 0.000 0.000 0.000 0.000 0.000 0.000 0.000 0.000 0.000 0.000 19/09/1979
0.000 0.000 0.000 0.000 0.000 0.000 0.000 0.000 0.000 0.000 0.000 0.000 0.000 0.000 0.000 0.000 0.000 0.000 0.000 0.000 0.000 0.000 0.000 0.000 0.000 0.000 0.000 0.000 0.000 0.000 20/09/1979
0.000 0.000 0.000 0.000 0.000 0.000 0.000 0.000 0.000 0.000 0.000 0.000 0.000 0.000 0.000 0.000 0.000 0.000 0.000 0.000 0.000 0.000 0.000 0.000 0.000 0.000 0.000 0.000 0.000 0.000 21/09/1979
36.007 37.309 32.122 53.633 58.504 37.736 38.084 32.377 48.866 50.494 33.574 33.976 34.750 35.067 50.188 31.559 33.535 47.378 47.759 34.658 31.751 33.611 34.404 47.220 32.104 29.584 33.353 33.817 33.896 32.612 22/09/1979
0.000 0.000 0.000 0.410 0.179 0.000 0.000 0.000 0.236 0.182 0.196 0.000 0.000 0.000 0.181 0.183 0.000 0.100 0.101 0.140 0.124 0.000 0.000 0.100 0.196 0.215 0.174 0.182 0.116 0.196 23/09/1979
4.098 1.700 0.825 1.060 0.915 1.717 1.732 0.840 2.730 3.289 2.316 2.474 2.544 2.565 3.263 2.407 3.702 6.227 6.295 11.449 4.297 3.711 4.101 6.199 16.935 9.915 7.991 9.100 15.437 17.201 24/09/1979
0.424 0.862 0.709 0.441 0.212 0.873 0.882 0.714 0.189 0.110 0.529 0.542 0.548 0.553 0.110 0.642 0.373 0.171 0.177 0.273 0.757 0.374 0.435 0.169 1.070 1.007 0.742 0.966 0.730 1.088 25/09/1979
0.107 0.113 0.175 0.374 0.276 0.114 0.114 0.176 0.101 0.000 0.000 0.000 0.000 0.000 0.000 0.000 0.000 0.000 0.000 0.000 0.000 0.000 0.000 0.000 0.000 0.000 0.000 0.000 0.000 0.000 26/09/1979
0.000 0.000 0.000 0.000 0.000 0.000 0.000 0.000 0.000 0.000 0.000 0.000 0.000 0.000 0.000 0.000 0.000 0.000 0.000 0.000 0.000 0.000 0.000 0.000 0.000 0.000 0.000 0.000 0.000 0.000 27/09/1979
0.000 0.000 0.000 0.000 0.000 0.000 0.000 0.000 0.000 0.000 0.000 0.000 0.000 0.000 0.000 0.000 0.000 0.000 0.000 0.000 0.000 0.000 0.000 0.000 0.000 0.000 0.000 0.000 0.000 0.000 28/09/1979
0.000 0.000 0.000 0.000 0.000 0.000 0.000 0.000 0.000 0.000 0.000 0.000 0.000 0.116 0.000 0.000 0.000 0.000 0.000 0.000 0.122 0.000 0.000 0.000 0.000 0.166 0.000 0.000 0.000 0.000 29/09/1979
0.000 0.000 0.000 0.000 0.000 0.000 0.000 0.000 0.000 0.000 0.000 0.000 0.000 0.000 0.000 0.000 0.000 0.000 0.000 0.000 0.000 0.000 0.000 0.000 0.000 0.000 0.000 0.000 0.000 0.000 30/09/1979
0.000 0.000 0.000 0.000 0.000 0.000 0.000 0.000 0.000 0.000 0.000 0.000 0.000 0.000 0.000 0.000 0.000 0.000 0.000 0.000 0.000 0.000 0.000 0.000 0.000 0.000 0.000 0.000 0.000 0.000 01/10/1979
0.000 0.000 0.000 0.000 0.000 0.000 0.000 0.000 0.000 0.000 0.000 0.000 0.000 0.000 0.000 0.000 0.000 0.000 0.000 0.000 0.000 0.000 0.000 0.000 0.000 0.000 0.000 0.000 0.000 0.061 02/10/1979
0.000 0.000 0.000 0.000 0.000 0.000 0.000 0.000 0.000 0.000 0.000 0.000 0.000 0.000 0.000 0.000 0.000 0.000 0.000 0.000 0.000 0.000 0.000 0.000 0.000 0.000 0.000 0.000 0.000 0.000 03/10/1979
0.000 0.000 0.000 0.103 0.000 0.000 0.000 0.000 0.100 0.000 0.256 0.196 0.000 0.000 0.000 0.294 0.353 0.134 0.137 0.147 0.833 0.354 0.411 0.134 0.194 0.844 0.537 0.715 0.211 0.194 04/10/1979
0.000 0.000 0.180 0.562 0.241 0.000 0.000 0.181 1.160 0.965 0.105 0.274 0.589 0.639 0.967 0.112 1.080 2.149 2.173 1.963 0.894 1.083 1.516 2.140 2.344 2.073 2.250 2.663 3.027 2.371 05/10/1979
0.000 0.000 0.119 0.954 0.846 0.000 0.000 0.124 4.884 5.579 0.000 0.235 1.908 1.924 5.534 0.000 2.566 6.115 6.172 7.717 1.022 2.572 3.269 6.094 10.602 6.228 7.319 8.194 9.520 10.762 06/10/1979
3.177 3.721 4.436 5.170 5.492 3.764 3.798 4.470 3.053 3.570 5.076 3.476 3.891 3.921 3.540 5.319 3.120 4.980 5.034 4.219 4.081 3.128 3.711 4.957 5.074 4.973 3.729 4.109 5.128 5.154 07/10/1979
0.000 0.000 0.000 0.000 0.000 0.000 0.000 0.000 0.000 0.000 0.000 0.000 0.000 0.000 0.000 0.000 0.000 0.116 0.000 0.000 0.000 0.000 0.000 0.000 0.000 0.000 0.000 0.000 0.000 0.000 08/10/1979
0.000 0.000 0.000 0.000 0.000 0.000 0.000 0.000 0.000 0.000 0.000 0.000 0.000 0.000 0.000 0.000 0.000 0.000 0.000 0.000 0.000 0.000 0.000 0.000 0.000 0.000 0.000 0.000 0.000 0.000 09/10/1979
10.757 11.676 8.846 8.587 10.459 11.824 11.945 8.914 2.045 2.333 8.180 17.361 10.417 10.509 2.313 8.627 20.111 17.873 18.065 11.879 12.392 20.159 21.339 17.815 11.606 19.693 23.720 23.771 6.532 11.787 10/10/1979
8.123 8.618 6.444 6.569 7.529 8.727 8.817 6.495 6.473 6.098 11.705 7.635 6.303 6.361 6.046 11.503 5.764 7.721 7.805 8.984 6.243 5.778 7.161 7.686 9.156 5.095 5.503 6.643 8.519 9.300 11/10/1979
0.000 0.000 0.000 0.000 0.000 0.000 0.000 0.000 0.000 0.000 0.000 0.000 0.000 0.000 0.000 0.000 0.000 0.000 0.000 0.000 0.000 0.000 0.000 0.000 0.000 0.000 0.000 0.000 0.000 0.000 12/10/1979
1.386 2.075 1.509 1.790 1.838 2.097 2.115 1.513 2.101 2.824 1.870 2.591 3.796 3.829 2.801 1.919 2.717 2.755 2.804 1.812 1.308 2.724 3.342 2.849 1.268 1.797 2.044 2.349 1.836 1.288 13/10/1979
5.722 5.397 4.665 6.282 6.889 5.465 5.521 4.702 4.403 5.593 4.200 3.943 3.257 3.288 5.545 4.461 3.445 4.031 4.075 3.894 4.716 3.451 3.904 4.013 3.455 5.128 3.172 3.705 3.678 3.509 14/10/1979
2.448 4.753 4.489 5.824 6.586 4.814 4.863 4.525 4.509 5.707 3.394 3.479 4.016 4.052 5.659 3.455 2.409 2.861 2.891 2.738 3.172 2.413 2.934 2.841 3.740 4.208 3.737 4.121 4.369 3.798 15/10/1979
4.589 2.490 3.848 3.768 3.855 2.520 2.543 3.874 2.366 2.968 2.045 2.261 2.248 2.268 2.943 2.115 1.203 1.643 1.670 2.264 1.736 1.206 1.532 1.635 0.887 1.323 0.756 0.977 0.641 0.894 16/10/1979
4.442 3.383 3.182 2.948 3.068 3.424 3.458 3.207 3.130 3.656 2.557 3.536 2.257 2.277 3.625 2.669 3.880 3.400 3.438 4.084 2.988 3.889 4.369 3.385 2.622 3.667 2.201 2.618 3.196 2.661 17/10/1979
4.189 4.352 3.254 1.269 1.544 4.406 4.450 3.317 0.659 0.953 4.089 3.931 1.373 1.385 0.944 3.557 2.196 2.110 2.124 1.280 3.021 2.201 3.005 2.104 1.401 2.543 1.230 1.673 0.724 1.423 18/10/1979
2.098 2.659 1.071 1.046 1.157 2.685 2.706 1.080 0.455 0.674 2.055 2.331 0.729 0.736 0.673 1.710 1.099 0.581 0.585 0.357 1.652 1.102 1.330 0.579 0.268 1.285 1.019 1.173 0.481 0.271 19/10/1979
3.195 2.662 2.614 2.303 2.688 2.688 2.709 2.631 1.473 2.014 3.139 2.673 2.697 2.732 2.000 3.101 1.876 2.562 2.592 1.560 3.848 1.880 2.670 2.550 2.692 4.212 1.727 2.549 3.448 2.789 20/10/1979
3.938 2.626 1.602 2.540 2.974 2.652 2.673 1.614 1.371 1.896 2.831 1.731 2.259 2.280 1.885 2.687 1.180 3.001 3.034 2.740 1.639 1.182 1.453 2.991 4.035 1.885 1.935 2.681 3.524 4.091 21/10/1979
0.451 0.694 0.491 1.046 1.158 0.696 0.699 0.494 0.494 0.725 1.223 1.411 0.523 0.526 0.725 1.221 0.964 1.269 1.282 0.600 1.127 0.959 1.100 1.263 0.624 1.681 1.180 1.435 1.276 0.631 22/10/1979
0.860 0.839 0.871 1.032 1.133 0.847 0.853 0.877 1.096 1.589 0.580 1.070 1.397 1.409 1.455 0.697 0.887 2.037 2.052 1.629 0.543 0.881 0.972 2.031 2.257 0.380 0.741 0.750 1.685 2.293 23/10/1979
0.000 0.000 0.000 0.000 0.000 0.000 0.000 0.000 0.000 0.000 0.000 0.000 0.000 0.000 0.000 0.000 0.000 0.000 0.000 0.000 0.000 0.000 0.000 0.000 0.000 0.000 0.000 0.000 0.000 0.000 24/10/1979
0.000 0.000 0.000 0.000 0.000 0.000 0.000 0.000 0.000 0.000 0.000 0.000 0.000 0.000 0.000 0.000 0.000 0.000 0.000 0.000 0.000 0.000 0.000 0.000 0.000 0.000 0.000 0.000 0.000 0.000 25/10/1979
0.000 0.000 0.000 0.000 0.000 0.000 0.000 0.000 0.000 0.000 0.000 0.000 0.000 0.000 0.000 0.000 0.000 0.000 0.000 0.000 0.000 0.000 0.000 0.000 0.000 0.000 0.000 0.000 0.000 0.000 26/10/1979
2.615 2.805 3.840 0.844 0.899 2.832 2.865 3.871 1.367 1.892 1.413 2.587 4.149 4.185 1.881 1.350 0.379 3.590 3.619 2.496 2.961 0.380 0.376 3.577 0.230 1.725 0.434 0.432 2.989 0.232 27/10/1979
0.000 0.000 0.000 0.000 0.000 0.000 0.000 0.000 0.000 0.000 0.000 0.000 0.000 0.000 0.000 0.000 0.000 0.000 0.000 0.000 0.000 0.000 0.000 0.000 0.000 0.000 0.000 0.000 0.000 0.000 28/10/1979
0.000 0.000 0.000 0.000 0.000 0.000 0.000 0.000 0.000 0.000 0.000 0.000 0.000 0.000 0.000 0.000 0.000 0.000 0.000 0.000 0.000 0.000 0.000 0.000 0.000 0.000 0.000 0.000 0.000 0.000 29/10/1979
4.580 7.486 10.375 9.929 11.249 7.574 7.646 10.459 9.121 9.870 4.184 11.159 10.191 10.286 9.795 4.268 15.335 10.248 10.362 8.775 8.426 15.370 17.981 10.201 11.411 9.393 12.240 12.642 12.737 11.592 30/10/1979
19.252 18.764 12.457 28.547 31.093 19.002 19.197 12.553 15.145 16.548 28.117 21.767 17.421 17.583 16.405 24.135 19.690 22.019 22.261 17.693 23.614 19.736 20.227 21.918 21.875 25.475 20.074 20.040 21.240 22.219 31/10/1979
0.000 0.000 0.414 0.374 0.275 0.000 0.000 0.417 0.177 0.100 0.000 0.000 0.305 0.298 0.100 0.000 0.000 0.141 0.141 0.198 0.000 0.000 0.000 0.141 0.154 0.000 0.000 0.000 0.000 0.157 01/11/1979
0.000 0.000 0.000 0.000 0.000 0.000 0.000 0.000 0.000 0.000 0.000 0.000 0.000 0.000 0.000 0.000 0.000 0.000 0.000 0.000 0.000 0.000 0.000 0.000 0.000 0.000 0.000 0.000 0.000 0.000 02/11/1979
0.000 0.000 0.000 0.000 0.000 0.000 0.000 0.000 0.000 0.000 0.000 0.000 0.000 0.000 0.000 0.000 0.000 0.000 0.000 0.000 0.000 0.000 0.000 0.000 0.111 0.000 0.000 0.000 0.148 0.111 03/11/1979
1.143 1.157 1.029 1.085 1.153 1.172 1.184 1.037 1.312 1.446 0.986 1.304 1.328 1.340 1.435 1.092 1.617 2.287 2.313 1.761 1.314 1.621 1.771 2.276 2.457 1.055 1.521 1.523 3.835 2.496 04/11/1979
7.045 8.619 7.195 6.717 7.834 8.716 8.797 7.250 8.095 9.117 9.179 9.077 9.055 9.139 9.046 9.105 10.018 10.820 10.940 10.581 9.842 10.042 10.238 10.770 15.587 13.862 13.953 14.611 15.776 15.834 05/11/1979
4.734 6.204 6.162 7.648 9.102 6.343 6.306 6.210 7.688 8.998 6.405 6.095 7.303 7.323 8.927 6.284 5.256 7.102 7.180 6.988 5.793 5.265 5.846 7.069 6.312 5.075 5.398 6.181 6.594 6.397 06/11/1979
0.000 0.000 0.000 0.000 0.000 0.000 0.000 0.000 0.000 0.000 0.000 0.000 0.000 0.000 0.000 0.000 0.000 0.000 0.000 0.000 0.000 0.000 0.000 0.000 0.000 0.000 0.000 0.000 0.000 0.000 07/11/1979
3.009 2.937 1.071 1.162 1.103 2.959 2.979 1.080 4.335 5.533 7.856 5.320 4.858 4.966 5.505 8.110 6.595 5.464 5.613 4.234 8.583 6.630 7.496 5.401 3.379 6.929 3.769 4.663 4.459 3.402 08/11/1979
0.118 0.100 0.000 0.041 0.000 0.100 0.115 0.000 0.000 0.000 0.014 0.001 0.000 0.000 0.000 0.000 0.000 0.053 0.000 0.000 0.000 0.000 0.000 0.000 0.000 0.011 0.000 0.064 0.000 0.000 09/11/1979
0.000 0.000 0.000 0.000 0.000 0.000 0.000 0.000 0.000 0.000 0.000 0.000 0.000 0.000 0.000 0.000 0.000 0.000 0.000 0.000 0.000 0.000 0.000 0.000 0.000 0.000 0.000 0.000 0.000 0.000 10/11/1979
0.000 0.000 0.000 0.000 0.000 0.000 0.000 0.000 0.000 0.000 0.000 0.000 0.000 0.000 0.000 0.000 0.000 0.000 0.000 0.000 0.000 0.000 0.000 0.000 0.000 0.000 0.000 0.000 0.000 0.000 11/11/1979
0.000 0.000 0.000 0.000 0.000 0.000 0.000 0.000 0.000 0.000 0.000 0.000 0.000 0.000 0.000 0.000 0.000 0.000 0.000 0.000 0.000 0.000 0.000 0.000 0.000 0.000 0.000 0.000 0.000 0.000 12/11/1979
0.000 0.000 0.000 0.000 0.000 0.000 0.000 0.000 0.000 0.000 0.000 0.000 0.000 0.000 0.000 0.000 0.000 0.000 0.000 0.000 0.000 0.000 0.000 0.000 0.000 0.000 0.000 0.000 0.000 0.000 13/11/1979
0.000 0.000 0.000 0.000 0.000 0.000 0.000 0.000 0.000 0.000 0.000 0.000 0.000 0.000 0.000 0.000 0.000 0.000 0.000 0.000 0.011 0.000 0.000 0.000 0.000 0.068 0.000 0.161 0.162 0.000 14/11/1979
4.111 4.939 4.026 4.429 5.306 5.146 5.165 4.076 3.955 4.492 6.861 5.569 5.181 5.223 4.453 6.961 5.002 4.621 4.710 3.589 7.234 5.031 6.340 4.599 2.959 5.311 2.833 4.285 3.355 2.989 15/11/1979
8.458 6.865 8.586 10.345 12.495 6.952 7.017 8.654 8.788 10.049 4.749 7.353 10.070 10.159 9.963 5.056 9.909 8.037 8.114 9.798 8.940 9.929 10.953 8.006 7.215 9.333 8.821 9.329 9.088 7.322 16/11/1979
6.990 12.627 13.918 13.542 16.668 12.782 12.908 14.025 19.771 20.899 16.676 12.445 16.815 16.966 20.723 17.458 11.791 14.079 14.235 16.459 10.621 11.819 13.787 14.014 10.904 11.739 16.748 18.541 17.027 11.069 17/11/1979
0.912 0.955 1.038 1.259 1.291 0.966 0.976 1.045 0.982 1.320 1.023 0.978 0.914 0.917 1.310 0.966 0.282 0.400 0.419 1.337 0.911 0.283 0.331 0.398 0.847 0.823 0.491 0.648 0.360 0.852 18/11/1979
0.000 0.000 0.000 0.000 0.000 0.000 0.000 0.000 0.000 0.000 0.000 0.000 0.000 0.000 0.000 0.000 0.000 0.000 0.000 0.000 0.000 0.000 0.000 0.000 0.000 0.000 0.000 0.000 0.000 0.000 19/11/1979
0.897 0.707 0.486 0.517 0.306 0.714 0.720 0.490 0.248 0.199 0.361 0.334 0.200 0.200 0.197 0.413 0.129 0.113 0.115 0.149 0.125 0.129 0.127 0.113 0.000 0.000 0.000 0.000 0.000 0.000 20/11/1979
1.315 1.562 1.381 1.569 1.606 1.573 1.588 1.373 1.455 1.693 1.622 1.736 1.767 1.780 1.696 1.709 1.697 2.097 2.120 1.685 1.942 1.700 1.994 2.088 2.633 3.240 2.683 3.284 3.022 2.672 21/11/1979
0.000 0.000 0.000 0.000 0.000 0.000 0.000 0.000 0.000 0.000 0.000 0.000 0.000 0.000 0.000 0.000 0.000 0.000 0.000 0.000 0.000 0.000 0.000 0.000 0.000 0.000 0.000 0.000 0.000 0.000 22/11/1979
0.000 0.000 0.000 0.000 0.000 0.000 0.000 0.000 0.000 0.000 0.000 0.000 0.000 0.000 0.000 0.000 0.000 0.000 0.000 0.000 0.000 0.000 0.000 0.000 0.000 0.000 0.000 0.000 0.000 0.000 23/11/1979
0.100 0.112 0.151 0.224 0.100 0.110 0.111 0.152 0.204 0.100 0.102 0.133 0.238 0.241 0.100 0.107 0.155 0.207 0.215 0.208 0.106 0.156 0.183 0.206 0.203 0.120 0.146 0.173 0.188 0.206 24/11/1979
0.000 0.000 0.000 0.000 0.000 0.000 0.000 0.000 0.000 0.000 0.000 0.000 0.000 0.000 0.000 0.000 0.000 0.000 0.000 0.000 0.000 0.000 0.000 0.000 0.000 0.000 0.000 0.000 0.000 0.000 25/11/1979
0.000 0.000 0.000 0.000 0.000 0.000 0.000 0.000 0.000 0.000 0.000 0.000 0.000 0.000 0.000 0.000 0.000 0.000 0.000 0.100 0.000 0.000 0.000 0.000 0.000 0.000 0.000 0.000 0.000 0.000 26/11/1979
1.238 1.177 1.343 1.379 1.721 1.187 1.200 1.347 1.860 2.156 1.259 1.293 1.666 1.681 2.137 1.311 0.993 1.682 1.681 1.817 0.833 0.995 1.484 1.723 1.573 0.813 1.011 1.426 1.524 1.599 27/11/1979
0.000 0.000 0.000 0.100 0.000 0.000 0.000 0.000 0.000 0.000 0.000 0.000 0.000 0.000 0.000 0.000 0.000 0.000 0.000 0.000 0.000 0.000 0.000 0.000 0.000 0.000 0.000 0.000 0.000 0.000 28/11/1979
0.000 0.000 0.000 0.000 0.000 0.000 0.000 0.000 0.000 0.000 0.000 0.000 0.000 0.000 0.000 0.000 0.000 0.000 0.000 0.000 0.000 0.000 0.000 0.000 0.000 0.000 0.000 0.000 0.000 0.000 29/11/1979
0.000 0.000 0.000 0.000 0.000 0.000 0.000 0.000 0.000 0.000 0.000 0.000 0.000 0.000 0.000 0.000 0.000 0.000 0.000 0.000 0.000 0.000 0.000 0.000 0.101 0.000 0.103 0.100 0.103 0.101 30/11/1979
0.993 0.551 0.709 0.878 0.812 0.562 0.567 0.715 0.699 0.649 0.180 0.380 0.578 0.599 0.636 0.188 0.154 0.381 0.391 0.406 0.119 0.154 0.323 0.394 0.258 0.105 0.101 0.175 0.198 0.267 01/12/1979
11.601 7.831 7.916 10.219 11.068 7.930 8.012 7.979 7.385 8.684 4.760 5.145 6.531 6.467 8.616 5.403 3.496 4.931 4.980 5.069 3.329 3.501 4.411 4.910 3.549 2.752 2.757 3.436 4.045 3.577 02/12/1979
20.334 22.146 22.098 20.204 25.968 22.419 22.641 22.268 21.635 25.192 25.430 28.413 24.628 24.857 24.978 23.532 21.038 22.252 22.500 19.087 28.720 21.088 25.421 22.149 15.279 22.249 16.801 19.624 17.564 15.512 03/12/1979
0.121 0.000 0.000 0.602 0.423 0.000 0.000 0.000 0.374 0.303 0.000 0.000 0.122 0.125 0.296 0.102 0.000 0.155 0.155 0.225 0.154 0.000 0.136 0.156 0.587 0.213 0.128 0.222 0.255 0.622 04/12/1979
4.345 5.016 5.087 6.531 7.302 5.065 5.126 5.127 5.591 6.991 6.127 5.266 5.425 5.484 6.912 6.095 4.741 5.619 5.642 5.306 5.659 4.752 5.353 5.608 6.191 4.426 4.228 5.091 5.403 6.160 05/12/1979
4.241 7.169 6.535 5.839 6.916 7.195 7.343 6.592 7.971 9.887 10.261 8.791 7.506 7.500 9.810 9.575 3.800 2.670 2.694 4.599 5.871 3.796 4.809 2.659 7.815 2.795 3.385 4.298 6.758 7.931 06/12/1979
21.857 29.455 24.783 23.462 29.633 29.822 30.122 24.980 25.791 30.020 24.956 24.868 24.986 25.218 29.764 23.041 13.733 17.278 17.463 16.448 16.687 13.766 16.009 17.198 2.788 5.459 4.133 4.947 3.098 2.826 07/12/1979
0.102 0.143 0.206 0.288 0.151 0.142 0.135 0.214 0.887 1.003 0.531 0.527 0.620 0.641 0.975 0.586 0.703 1.046 1.058 1.430 1.049 0.704 0.999 1.041 1.042 1.045 0.947 1.146 1.074 1.069 08/12/1979
0.000 0.000 0.000 0.000 0.000 0.000 0.000 0.000 0.000 0.000 0.000 0.000 0.000 0.000 0.000 0.000 0.000 0.000 0.000 0.000 0.000 0.000 0.000 0.000 0.000 0.000 0.000 0.000 0.000 0.000 09/12/1979
3.768 3.413 3.274 3.268 3.578 3.452 3.484 3.337 2.773 3.184 2.622 3.109 3.572 3.594 3.153 2.669 3.186 3.348 3.387 2.915 2.771 3.193 4.071 3.332 3.435 3.000 2.917 3.639 3.769 3.471 10/12/1979
4.851 4.810 3.803 4.211 4.670 4.866 4.920 3.833 3.673 4.497 6.727 4.893 4.180 4.329 4.467 6.592 4.266 4.605 4.651 3.975 5.951 4.276 5.161 4.588 4.334 5.927 5.336 5.830 4.918 4.340 11/12/1979
4.837 4.320 4.714 5.327 6.525 4.362 4.388 4.749 4.358 5.248 4.989 4.913 4.956 5.076 5.204 5.553 2.997 3.044 3.075 2.577 4.232 3.003 3.741 3.031 1.802 2.763 2.021 2.591 1.965 1.828 12/12/1979
0.000 0.000 0.000 0.000 0.000 0.000 0.100 0.100 0.136 0.000 0.000 0.000 0.000 0.000 0.000 0.000 0.000 0.000 0.000 0.131 0.000 0.000 0.000 0.000 0.000 0.000 0.000 0.000 0.000 0.000 13/12/1979
1.332 1.345 0.925 0.941 0.908 1.360 1.373 0.929 0.799 0.749 1.769 1.608 1.070 1.085 0.728 1.498 1.154 1.092 1.105 0.602 1.321 1.160 1.445 1.087 0.431 1.158 0.923 1.130 0.917 0.460 14/12/1979
0.000 0.223 0.127 0.214 0.120 0.251 0.253 0.123 0.535 0.472 0.000 0.000 0.157 0.164 0.445 0.000 0.000 0.178 0.177 0.610 0.000 0.000 0.000 0.177 0.648 0.185 0.000 0.122 0.163 0.684 15/12/1979
0.000 0.000 0.000 0.000 0.000 0.000 0.000 0.100 0.000 0.000 0.000 0.000 0.000 0.000 0.000 0.000 0.000 0.000 0.000 0.000 0.000 0.000 0.000 0.000 0.000 0.000 0.000 0.000 0.000 0.000 16/12/1979
4.642 3.956 4.048 4.830 5.947 3.993 4.028 4.076 4.948 6.190 3.895 3.712 4.766 4.869 6.133 4.099 3.360 4.382 4.385 4.542 3.548 3.367 4.239 4.363 3.453 3.289 2.794 3.482 3.530 3.486 17/12/1979
15.967 17.711 18.497 18.643 27.920 17.937 18.121 18.645 22.549 27.048 20.308 20.279 21.814 22.050 26.818 19.368 19.207 19.300 19.549 14.494 18.554 19.251 21.427 19.196 13.968 14.990 16.037 13.926 13.889 14.143 18/12/1979
0.000 0.000 0.000 0.000 0.000 0.000 0.000 0.000 0.000 0.000 0.000 0.000 0.000 0.000 0.000 0.000 0.000 0.000 0.000 0.000 0.000 0.000 0.039 0.000 0.000 0.000 0.000 0.104 0.000 0.000 19/12/1979
0.000 0.000 0.000 0.140 0.171 0.000 0.000 0.000 0.115 0.000 0.000 0.000 0.000 0.000 0.000 0.000 0.000 0.000 0.000 0.000 0.000 0.000 0.079 0.000 0.000 0.000 0.000 0.000 0.000 0.000 20/12/1979
0.000 0.000 0.000 0.000 0.000 0.000 0.000 0.000 0.000 0.000 0.000 0.000 0.000 0.000 0.000 0.000 0.000 0.000 0.000 0.000 0.000 0.000 0.000 0.000 0.000 0.000 0.000 0.000 0.000 0.000 21/12/1979
0.000 0.000 0.000 0.000 0.000 0.000 0.000 0.000 0.000 0.000 0.000 0.000 0.000 0.000 0.000 0.000 0.000 0.000 0.000 0.000 0.000 0.000 0.000 0.000 0.000 0.000 0.000 0.000 0.000 0.000 22/12/1979
0.000 0.000 0.000 0.000 0.000 0.000 0.000 0.000 0.000 0.000 0.000 0.000 0.000 0.000 0.000 0.000 0.000 0.000 0.000 0.000 0.000 0.000 0.000 0.000 0.000 0.000 0.000 0.000 0.000 0.000 23/12/1979
0.000 0.000 0.000 0.000 0.000 0.000 0.000 0.000 0.000 0.000 0.000 0.000 0.080 0.000 0.000 0.000 0.000 0.000 0.000 0.000 0.000 0.000 0.000 0.000 0.000 0.000 0.000 0.000 0.000 0.000 24/12/1979
0.000 0.000 0.000 0.000 0.058 0.000 0.000 0.000 0.000 0.000 0.000 0.000 0.000 0.000 0.000 0.000 0.000 0.000 0.000 0.000 0.000 0.000 0.000 0.000 0.000 0.000 0.000 0.000 0.000 0.000 25/12/1979
0.938 0.487 0.126 0.000 0.000 0.502 0.542 0.144 0.000 0.000 0.121 0.208 0.116 0.116 0.000 0.000 0.136 0.000 0.000 0.000 0.000 0.138 0.185 0.000 0.000 0.000 0.134 0.187 0.000 0.000 26/12/1979
0.000 0.000 0.000 0.000 0.000 0.000 0.000 0.000 0.000 0.000 0.097 0.000 0.000 0.000 0.000 0.000 0.000 0.000 0.000 0.000 0.114 0.000 0.101 0.000 0.000 0.113 0.000 0.100 0.000 0.000 27/12/1979
0.000 0.000 0.000 0.000 0.000 0.000 0.000 0.000 0.000 0.000 0.000 0.000 0.000 0.000 0.000 0.000 0.000 0.000 0.000 0.000 0.000 0.000 0.000 0.000 0.000 0.000 0.000 0.000 0.000 0.000 28/12/1979
0.000 0.000 0.000 0.000 0.000 0.000 0.000 0.000 0.000 0.000 0.000 0.000 0.000 0.000 0.000 0.000 0.000 0.047 0.000 0.000 0.000 0.000 0.000 0.000 0.000 0.000 0.000 0.000 0.000 0.000 29/12/1979
0.000 0.000 0.000 0.000 0.000 0.000 0.000 0.000 0.000 0.000 0.000 0.000 0.000 0.000 0.000 0.000 0.000 0.000 0.000 0.000 0.000 0.000 0.000 0.000 0.000 0.000 0.000 0.000 0.000 0.000 30/12/1979
1.433 1.259 1.257 2.094 2.062 1.349 1.429 1.286 1.982 2.061 1.216 1.269 2.040 2.061 2.029 0.873 1.623 2.014 2.069 2.003 0.874 1.629 2.139 2.011 1.951 0.869 0.799 1.937 2.010 1.992 31/12/1979
0.216 0.243 0.743 0.930 1.072 0.266 0.276 0.744 1.309 1.350 0.128 0.253 0.498 0.457 1.294 0.000 0.104 0.272 0.275 0.533 0.000 0.105 0.129 0.264 0.247 0.000 0.000 0.122 0.170 0.251 01/01/1980
1.924 1.259 0.895 0.748 0.746 1.286 1.274 0.900 0.815 0.737 1.385 1.160 1.201 1.259 0.711 1.121 0.947 1.055 1.080 0.720 0.906 0.949 1.388 1.050 0.616 0.775 0.761 1.104 0.955 0.590 02/01/1980
5.241 4.734 3.736 4.137 4.939 4.838 4.888 3.764 3.580 2.882 2.717 2.912 3.716 3.749 3.673 2.786 2.279 3.393 3.430 3.285 1.659 2.402 2.521 3.377 3.322 1.035 1.458 1.813 2.293 3.398 03/01/1980
0.434 0.466 0.306 0.284 0.140 0.444 0.379 0.295 0.150 0.100 0.307 0.266 0.320 0.281 0.000 0.307 0.174 0.240 0.206 0.153 0.321 0.183 0.324 0.233 0.331 0.303 0.277 0.375 0.284 0.333 04/01/1980
2.474 2.801 2.496 2.498 2.931 2.840 2.865 2.417 3.409 3.231 3.576 3.067 3.404 3.483 3.328 3.698 2.825 3.764 3.604 3.550 3.092 2.841 3.997 3.744 4.027 2.662 2.167 3.245 3.727 3.945 05/01/1980
16.209 16.669 16.101 15.109 17.021 16.915 17.077 16.224 17.535 18.287 18.530 17.979 18.487 18.663 18.132 17.564 18.790 19.740 19.963 19.150 18.020 18.832 22.098 19.649 20.562 20.188 21.934 23.949 23.971 20.901 06/01/1980
1.460 1.895 2.245 2.355 2.284 2.130 2.044 2.214 3.039 3.609 3.821 3.838 3.835 3.866 3.412 3.888 2.957 4.312 4.433 5.177 4.314 2.956 3.770 4.307 6.044 5.453 3.555 4.176 4.845 6.058 07/01/1980
24.970 25.348 28.717 27.647 30.595 24.066 23.402 27.911 33.846 32.080 22.624 25.057 31.144 31.347 31.952 21.102 24.531 31.817 32.061 29.167 20.712 24.573 28.936 31.716 33.925 18.284 22.317 26.445 31.066 34.270 08/01/1980
6.612 5.109 7.200 8.590 10.237 5.148 5.202 7.253 7.995 8.429 4.066 4.970 6.928 6.991 8.357 3.479 4.401 6.196 6.250 7.295 3.125 4.411 5.292 6.173 6.622 2.953 4.056 4.373 6.361 6.715 09/01/1980
1.234 2.349 3.944 3.999 5.193 2.379 2.403 3.965 4.511 5.269 1.139 5.289 3.750 3.783 5.272 0.964 1.463 4.686 4.716 5.568 0.727 1.467 1.823 4.686 2.786 0.498 0.993 1.385 2.634 2.925 10/01/1980
17.576 17.985 19.499 19.815 23.252 16.704 16.039 18.693 26.577 24.811 15.819 16.134 23.947 24.151 24.684 14.297 18.346 24.804 25.048 24.114 17.074 18.388 22.751 24.702 27.169 14.815 22.706 26.835 25.794 27.514 11/01/1980
16.165 16.521 16.436 14.472 19.332 15.399 14.822 15.630 22.741 20.976 21.178 19.588 22.650 22.853 20.848 19.656 24.420 29.497 29.741 24.484 22.023 24.461 28.825 29.395 32.432 21.534 25.846 29.975 32.397 32.777 12/01/1980
0.925 0.965 0.736 0.642 0.812 1.032 1.063 0.748 0.811 0.690 1.053 1.074 0.916 0.899 0.735 0.838 1.787 1.560 1.675 1.163 1.351 1.789 1.968 1.549 3.335 2.190 2.049 3.256 2.986 3.437 13/01/1980
0.000 0.000 0.000 0.000 0.000 0.000 0.000 0.000 0.000 0.000 0.000 0.000 0.000 0.000 0.000 0.000 0.000 0.000 0.000 0.000 0.000 0.000 0.000 0.000 0.000 0.000 0.000 0.000 0.000 0.000 14/01/1980
0.000 0.000 0.000 0.000 0.000 0.000 0.000 0.000 0.000 0.000 0.000 0.000 0.000 0.000 0.000 0.000 0.000 0.000 0.000 0.000 0.000 0.000 0.000 0.000 0.000 0.000 0.000 0.000 0.000 0.000 15/01/1980
0.000 0.000 0.000 0.000 0.000 0.000 0.000 0.000 0.000 0.000 0.000 0.000 0.000 0.000 0.000 0.000 0.000 0.000 0.000 0.000 0.000 0.000 0.000 0.000 0.000 0.000 0.000 0.000 0.000 0.000 16/01/1980
0.000 0.000 0.000 0.000 0.000 0.000 0.000 0.000 0.000 0.000 0.000 0.000 0.000 0.000 0.000 0.000 0.000 0.000 0.000 0.000 0.000 0.000 0.000 0.000 0.000 0.000 0.000 0.000 0.000 0.000 17/01/1980
0.000 0.000 0.000 0.000 0.000 0.000 0.000 0.000 0.000 0.000 0.000 0.000 0.000 0.000 0.000 0.000 0.000 0.000 0.000 0.000 0.000 0.000 0.000 0.000 0.000 0.000 0.000 0.000 0.000 0.000 18/01/1980
0.000 0.000 0.000 0.000 0.000 0.000 0.000 0.000 0.000 0.000 0.000 0.000 0.000 0.000 0.000 0.000 0.000 0.000 0.000 0.000 0.000 0.000 0.000 0.000 0.000 0.000 0.000 0.000 0.000 0.000 19/01/1980
0.000 0.000 0.000 0.000 0.000 0.000 0.000 0.000 0.000 0.000 0.000 0.000 0.000 0.000 0.000 0.000 0.000 0.000 0.000 0.000 0.000 0.000 0.000 0.000 0.000 0.000 0.000 0.000 0.000 0.000 20/01/1980
0.000 0.000 0.000 0.000 0.000 0.000 0.000 0.000 0.000 0.000 0.000 0.000 0.000 0.000 0.000 0.000 0.000 0.000 0.000 0.000 0.000 0.000 0.000 0.000 0.000 0.000 0.000 0.000 0.000 0.000 21/01/1980
0.000 0.000 0.000 0.000 0.000 0.000 0.000 0.000 0.000 0.000 0.000 0.000 0.000 0.000 0.000 0.000 0.000 0.000 0.000 0.000 0.000 0.000 0.000 0.000 0.000 0.000 0.000 0.000 0.000 0.000 22/01/1980
0.000 0.000 0.000 0.000 0.000 0.000 0.000 0.000 0.000 0.000 0.000 0.000 0.000 0.000 0.000 0.000 0.000 0.000 0.000 0.000 0.000 0.000 0.000 0.000 0.000 0.000 0.000 0.000 0.000 0.000 23/01/1980
0.000 0.000 0.000 0.000 0.000 0.000 0.000 0.000 0.000 0.000 0.000 0.000 0.000 0.000 0.000 0.000 0.000 0.000 0.000 0.000 0.000 0.000 0.000 0.000 0.000 0.000 0.000 0.000 0.000 0.000 24/01/1980
0.000 0.000 0.000 0.000 0.000 0.000 0.000 0.000 0.000 0.000 0.000 0.000 0.000 0.000 0.000 0.000 0.000 0.000 0.000 0.000 0.000 0.000 0.000 0.000 0.000 0.000 0.000 0.000 0.000 0.000 25/01/1980
0.000 0.000 0.000 0.000 0.000 0.000 0.000 0.000 0.000 0.000 0.000 0.000 0.000 0.000 0.000 0.000 0.000 0.000 0.000 0.000 0.000 0.000 0.000 0.000 0.000 0.000 0.000 0.000 0.000 0.000 26/01/1980
0.000 0.000 0.000 0.000 0.000 0.000 0.000 0.000 0.000 0.000 0.000 0.000 0.000 0.000 0.000 0.000 0.000 0.000 0.000 0.000 0.000 0.000 0.000 0.000 0.000 0.000 0.000 0.000 0.000 0.000 27/01/1980
0.000 0.000 0.000 0.000 0.000 0.000 0.000 0.000 0.000 0.000 0.000 0.000 0.000 0.000 0.000 0.069 0.000 0.000 0.000 0.000 0.000 0.000 0.000 0.000 0.000 0.000 0.000 0.000 0.000 0.000 28/01/1980
0.000 0.000 0.000 0.000 0.000 0.000 0.000 0.000 0.000 0.000 0.000 0.000 0.000 0.000 0.000 0.000 0.000 0.000 0.000 0.000 0.000 0.000 0.000 0.000 0.000 0.000 0.000 0.000 0.000 0.000 29/01/1980
0.000 0.000 0.000 0.000 0.000 0.000 0.000 0.000 0.000 0.000 0.000 0.000 0.000 0.000 0.000 0.000 0.000 0.000 0.000 0.000 0.000 0.000 0.000 0.000 0.000 0.000 0.000 0.000 0.000 0.000 30/01/1980
0.000 0.000 0.000 0.000 0.000 0.000 0.000 0.000 0.000 0.000 0.000 0.000 0.000 0.000 0.000 0.069 0.000 0.000 0.000 0.000 0.000 0.000 0.000 0.000 0.000 0.000 0.000 0.000 0.000 0.000 31/01/1980
0.000 0.048 0.000 0.000 0.000 0.000 0.000 0.000 0.000 0.000 0.000 0.000 0.000 0.000 0.000 0.000 0.000 0.000 0.000 0.060 0.000 0.000 0.000 0.000 0.000 0.000 0.000 0.000 0.064 0.000 01/02/1980
1.268 0.766 0.393 0.501 0.288 0.781 0.859 0.410 0.149 0.000 0.590 0.379 0.259 0.293 0.000 0.557 0.112 0.194 0.180 0.000 0.150 0.116 0.309 0.204 0.000 0.000 0.000 0.186 0.000 0.000 02/02/1980
0.899 0.993 0.793 0.859 1.019 1.010 1.014 0.789 0.837 0.930 1.241 0.910 1.098 1.050 0.946 1.172 1.086 0.982 0.987 0.785 1.025 1.090 1.206 0.979 0.867 0.968 1.136 1.267 1.189 0.887 03/02/1980
0.000 0.000 0.000 0.000 0.000 0.000 0.000 0.000 0.000 0.000 0.000 0.000 0.075 0.000 0.000 0.000 0.000 0.000 0.000 0.000 0.000 0.000 0.000 0.000 0.000 0.000 0.000 0.000 0.000 0.000 04/02/1980
5.770 5.425 4.823 4.390 5.644 5.024 5.126 4.636 4.896 4.809 4.348 4.546 5.856 5.967 4.691 4.633 3.852 5.905 5.986 5.156 4.858 3.855 5.826 5.819 5.169 3.965 3.623 5.559 5.709 5.225 05/02/1980
0.000 0.000 0.000 0.000 0.000 0.000 0.000 0.000 0.000 0.000 0.000 0.000 0.000 0.000 0.000 0.000 0.000 0.000 0.000 0.000 0.000 0.000 0.000 0.000 0.000 0.000 0.000 0.000 0.000 0.000 06/02/1980
0.322 0.530 0.795 0.839 0.573 0.496 0.501 0.784 0.516 0.537 0.416 0.565 0.653 0.608 0.554 0.437 0.506 0.640 0.648 0.676 0.524 0.506 0.505 0.638 0.668 0.590 0.497 0.652 0.623 0.734 07/02/1980
3.536 2.869 2.059 2.801 2.698 2.905 2.966 2.074 3.031 3.593 2.972 2.392 2.755 2.778 3.565 2.980 3.121 4.096 4.142 3.371 3.054 3.128 3.979 4.077 4.302 4.597 3.527 4.405 4.337 4.294 08/02/1980
2.212 2.048 1.488 1.149 1.213 2.068 2.084 1.497 1.065 1.233 1.783 1.670 2.169 2.184 1.198 1.528 1.015 1.595 1.590 1.618 1.181 1.018 1.223 1.589 3.252 2.526 2.147 2.772 2.628 3.302 09/02/1980
6.650 8.097 7.817 8.151 9.705 8.205 8.305 7.931 8.638 8.966 8.651 8.439 8.990 9.088 8.877 8.165 7.952 8.826 9.022 7.608 8.000 7.971 9.411 8.787 7.631 7.823 7.799 9.131 8.673 7.637 10/02/1980
1.457 0.996 0.315 0.502 0.372 1.003 1.030 0.361 0.526 0.563 1.389 0.418 0.845 0.852 0.538 0.990 0.120 0.415 0.387 0.506 0.130 0.122 0.348 0.412 1.461 0.143 0.139 0.416 0.365 1.464 11/02/1980
15.925 17.668 15.609 14.019 13.014 17.670 17.652 15.807 17.091 15.245 17.573 17.973 17.965 18.048 15.065 16.574 13.490 17.653 17.600 15.904 16.107 13.515 16.528 17.571 17.331 15.965 17.246 21.334 19.998 17.564 12/02/1980
13.298 13.596 12.731 11.625 13.528 13.765 13.890 12.833 12.213 13.095 12.147 13.230 14.518 14.654 12.944 11.752 9.764 11.173 11.606 12.967 8.567 9.786 11.705 11.121 12.392 11.045 11.080 12.382 10.966 12.785 13/02/1980
18.406 19.507 19.296 19.469 23.799 19.653 19.854 19.379 25.533 27.194 22.226 22.775 25.693 25.931 26.958 22.036 27.774 28.684 28.997 32.387 23.227 27.837 26.831 28.553 31.967 22.205 28.363 28.266 31.278 32.411 14/02/1980
11.941 14.301 13.028 12.300 14.098 14.481 14.617 13.132 15.614 15.919 18.397 17.530 16.721 16.803 15.793 17.396 16.370 17.406 17.447 17.091 20.784 16.405 18.639 17.388 21.671 28.166 25.829 25.301 22.846 22.013 15/02/1980
10.668 12.449 11.311 11.532 13.409 12.606 12.715 11.400 12.306 13.340 16.195 13.631 12.391 12.505 13.170 15.146 14.558 13.935 14.086 12.439 14.582 14.590 16.419 13.871 12.776 14.344 14.475 16.131 15.616 13.245 16/02/1980
7.114 7.714 8.148 8.744 10.658 7.875 7.957 8.258 9.251 9.763 9.819 10.405 9.431 9.518 9.616 9.660 8.300 11.332 11.774 11.395 8.105 8.319 9.786 11.280 9.363 7.067 7.796 9.129 9.993 9.540 17/02/1980
0.403 0.263 0.271 0.482 0.158 0.327 0.335 0.294 0.151 0.100 0.207 0.173 0.150 0.149 0.086 0.281 0.072 0.107 0.105 0.048 0.163 0.081 0.111 0.106 0.000 0.000 0.000 0.048 0.057 0.000 18/02/1980
0.098 0.177 0.129 0.401 0.135 0.204 0.220 0.170 0.677 0.585 0.325 0.317 0.482 0.512 0.563 0.492 0.364 0.899 0.947 1.139 0.470 0.372 0.629 0.893 1.574 0.946 0.861 1.083 1.396 1.598 19/02/1980
0.000 0.000 0.000 0.000 0.000 0.000 0.000 0.000 0.000 0.000 0.000 0.000 0.000 0.000 0.000 0.000 0.000 0.000 0.000 0.000 0.000 0.000 0.000 0.000 0.000 0.000 0.000 0.000 0.000 0.000 20/02/1980
0.000 0.207 0.355 0.126 0.004 0.247 0.255 0.394 0.000 0.000 0.000 0.403 0.860 0.873 0.000 0.000 0.523 0.283 0.298 0.000 0.175 0.525 0.847 0.281 0.000 0.485 0.484 0.781 0.002 0.000 21/02/1980
4.715 5.127 4.119 3.888 4.313 5.292 5.322 4.152 3.809 4.250 6.328 5.175 4.223 4.244 4.080 6.356 5.445 4.966 5.028 4.351 6.052 5.457 6.259 4.943 5.266 6.284 5.977 7.030 6.092 5.370 22/02/1980
4.597 4.659 4.442 4.498 5.071 4.791 4.847 4.535 4.302 4.769 4.675 4.477 4.408 4.468 4.703 4.665 4.198 4.172 4.222 4.102 4.330 4.208 4.882 4.143 3.352 4.202 3.969 4.533 3.756 3.413 23/02/1980
0.000 0.000 0.000 0.142 0.020 0.000 0.000 0.000 0.038 0.000 0.000 0.000 0.000 0.000 0.000 0.000 0.000 0.000 0.000 0.000 0.000 0.000 0.000 0.000 0.000 0.000 0.000 0.000 0.000 0.000 24/02/1980
3.584 3.247 3.670 5.259 6.465 3.351 3.371 3.699 4.111 4.517 5.182 4.008 5.308 5.354 4.419 5.299 4.142 5.319 5.396 5.241 4.588 4.152 4.812 5.297 4.344 5.433 3.853 4.449 5.259 4.446 25/02/1980
0.000 0.000 0.000 0.000 0.000 0.000 0.000 0.000 0.000 0.000 0.000 0.000 0.000 0.000 0.000 0.000 0.000 0.000 0.000 0.000 0.000 0.000 0.000 0.000 0.000 0.000 0.000 0.000 0.000 0.000 26/02/1980
0.000 0.000 0.000 0.000 0.000 0.000 0.000 0.000 0.000 0.000 0.000 0.000 0.000 0.000 0.000 0.000 0.000 0.000 0.000 0.000 0.000 0.000 0.000 0.000 0.000 0.000 0.000 0.000 0.000 0.000 27/02/1980
0.000 0.000 0.000 0.000 0.000 0.000 0.000 0.000 0.000 0.000 0.000 0.000 0.000 0.000 0.000 0.000 0.000 0.000 0.000 0.000 0.000 0.000 0.000 0.000 0.000 0.000 0.000 0.000 0.000 0.000 28/02/1980
0.000 0.000 0.000 0.000 0.000 0.000 0.000 0.000 0.000 0.000 0.000 0.000 0.000 0.000 0.000 0.000 0.000 0.000 0.000 0.000 0.000 0.000 0.000 0.000 0.000 0.000 0.000 0.000 0.000 0.000 29/02/1980
0.000 0.000 0.000 0.000 0.000 0.000 0.000 0.000 0.000 0.000 0.000 0.000 0.000 0.000 0.000 0.000 0.000 0.000 0.000 0.000 0.000 0.000 0.000 0.000 0.000 0.000 0.000 0.000 0.000 0.000 01/03/1980
0.000 0.000 0.000 0.000 0.000 0.000 0.000 0.000 0.000 0.000 0.000 0.000 0.000 0.000 0.000 0.000 0.000 0.000 0.000 0.000 0.000 0.000 0.000 0.000 0.000 0.000 0.000 0.000 0.000 0.000 02/03/1980
0.445 0.126 0.000 0.000 0.000 0.127 0.129 0.000 0.000 0.000 0.110 0.099 0.102 0.102 0.000 0.000 0.000 0.100 0.100 0.000 0.000 0.000 0.000 0.100 0.000 0.000 0.000 0.113 0.000 0.000 03/03/1980
0.000 0.000 0.000 0.000 0.000 0.000 0.000 0.000 0.000 0.000 0.000 0.000 0.000 0.000 0.000 0.000 0.000 0.000 0.000 0.000 0.000 0.000 0.000 0.000 0.000 0.000 0.000 0.000 0.000 0.000 04/03/1980
0.000 0.000 0.000 0.000 0.000 0.000 0.000 0.000 0.000 0.000 0.000 0.000 0.000 0.000 0.000 0.000 0.000 0.000 0.000 0.000 0.000 0.000 0.000 0.000 0.000 0.000 0.000 0.000 0.000 0.000 05/03/1980
0.000 0.000 0.000 0.000 0.000 0.000 0.000 0.000 0.000 0.000 0.000 0.000 0.000 0.000 0.000 0.000 0.000 0.000 0.000 0.000 0.000 0.000 0.000 0.000 0.000 0.000 0.000 0.000 0.000 0.000 06/03/1980
0.000 0.000 0.000 0.000 0.000 0.000 0.000 0.000 0.000 0.000 0.000 0.000 0.000 0.000 0.000 0.000 0.000 0.000 0.000 0.000 0.000 0.000 0.000 0.000 0.000 0.000 0.000 0.000 0.000 0.000 07/03/1980
0.000 0.157 0.182 0.467 0.116 0.158 0.161 0.180 0.197 0.120 0.142 0.262 0.114 0.115 0.122 0.145 0.130 0.222 0.223 0.151 0.161 0.130 0.194 0.220 0.305 0.108 0.000 0.142 0.173 0.310 08/03/1980
0.000 0.000 0.000 0.000 0.000 0.000 0.000 0.000 0.000 0.000 0.120 0.000 0.014 0.014 0.000 0.184 0.000 0.000 0.000 0.000 0.207 0.000 0.000 0.000 0.000 0.208 0.000 0.000 0.000 0.000 09/03/1980
0.000 0.000 0.000 0.000 0.000 0.000 0.000 0.000 0.000 0.000 0.000 0.000 0.000 0.000 0.000 0.000 0.000 0.000 0.000 0.000 0.000 0.000 0.000 0.000 0.000 0.000 0.000 0.000 0.000 0.000 10/03/1980
0.000 0.000 0.000 0.000 0.000 0.000 0.000 0.000 0.000 0.000 0.000 0.000 0.000 0.000 0.000 0.000 0.000 0.000 0.000 0.000 0.000 0.000 0.000 0.000 0.000 0.000 0.000 0.000 0.000 0.000 11/03/1980
0.000 0.000 0.000 0.000 0.000 0.000 0.000 0.000 0.000 0.000 0.000 0.000 0.000 0.000 0.000 0.000 0.000 0.000 0.000 0.000 0.049 0.000 0.000 0.000 0.000 0.000 0.000 0.000 0.000 0.000 12/03/1980
0.000 0.000 0.000 0.000 0.000 0.000 0.000 0.000 0.000 0.000 0.000 0.000 0.000 0.000 0.000 0.000 0.000 0.000 0.000 0.000 0.000 0.000 0.000 0.000 0.000 0.000 0.000 0.000 0.000 0.000 13/03/1980
0.000 0.000 0.124 0.101 0.000 0.000 0.000 0.126 0.000 0.000 0.000 0.102 0.100 0.100 0.000 0.000 0.101 0.115 0.116 0.000 0.000 0.102 0.158 0.114 0.000 0.067 0.000 0.000 0.000 0.000 14/03/1980
0.580 0.393 0.963 1.494 1.522 0.396 0.406 0.962 0.876 1.018 0.328 0.391 0.889 0.892 1.013 0.430 0.367 0.650 0.648 0.701 0.498 0.369 0.510 0.668 0.977 0.795 0.664 0.802 0.786 0.966 15/03/1980
1.119 1.657 2.222 2.741 2.833 1.679 1.690 2.233 2.278 2.528 1.466 1.126 1.896 1.913 2.514 1.629 1.759 2.226 2.185 2.502 2.204 1.762 2.065 2.216 2.160 1.918 2.447 2.791 2.277 2.132 16/03/1980
0.000 0.000 0.000 0.000 0.000 0.000 0.000 0.000 0.000 0.000 0.000 0.000 0.000 0.000 0.000 0.000 0.000 0.000 0.000 0.000 0.000 0.000 0.000 0.000 0.000 0.000 0.000 0.000 0.000 0.000 17/03/1980
0.000 0.000 0.000 0.000 0.000 0.000 0.000 0.000 0.000 0.000 0.000 0.000 0.000 0.000 0.000 0.000 0.000 0.000 0.000 0.000 0.000 0.000 0.000 0.000 0.000 0.000 0.000 0.000 0.000 0.000 18/03/1980
1.833 2.195 2.010 2.879 3.358 2.222 2.244 2.023 2.708 3.014 2.921 2.676 2.794 2.813 2.991 2.609 2.620 2.648 2.668 1.812 3.084 2.626 3.066 2.639 1.123 2.509 2.021 2.299 1.513 1.132 19/03/1980
7.939 9.300 8.950 11.457 13.937 9.418 9.515 9.020 15.462 18.562 9.489 8.055 12.619 12.736 18.407 8.479 14.529 13.780 13.933 15.075 12.288 14.563 15.858 13.716 14.794 13.931 14.829 15.898 14.055 15.024 20/03/1980
3.602 2.400 2.575 3.422 4.211 2.430 2.455 2.595 4.993 5.782 6.076 3.547 5.234 5.277 5.733 5.929 3.779 4.696 4.749 5.822 5.787 3.788 4.199 4.675 3.467 5.374 4.086 4.403 3.373 3.521 21/03/1980
3.034 2.008 2.782 2.377 2.532 2.029 2.046 2.804 2.257 2.593 1.877 2.332 2.754 2.772 2.571 1.664 1.457 1.429 1.438 3.821 2.061 1.460 1.713 1.423 1.695 1.170 1.559 1.773 2.461 1.717 22/03/1980
3.213 2.417 0.891 1.175 0.844 2.447 2.472 0.893 0.887 0.938 1.788 1.972 0.937 0.944 0.930 1.581 0.962 0.869 0.879 0.883 1.180 0.964 1.153 0.865 0.168 0.727 0.277 0.416 0.843 0.168 23/03/1980
8.672 9.164 7.330 11.336 13.809 9.280 9.375 7.379 13.254 14.491 4.150 6.769 11.040 11.141 14.368 3.952 6.904 11.509 11.637 11.105 4.978 6.920 6.851 11.455 11.378 3.161 4.932 5.326 7.361 11.558 24/03/1980
8.325 4.426 3.822 4.790 5.683 4.478 4.501 3.847 2.307 2.580 3.785 3.309 3.369 3.397 2.540 3.679 2.150 1.309 1.302 2.312 3.276 2.150 2.394 1.303 1.085 1.234 1.109 1.339 1.530 1.066 25/03/1980
8.848 5.218 4.446 4.116 4.901 5.273 5.319 4.474 4.807 5.361 7.663 4.563 5.839 5.892 5.252 7.323 5.946 5.287 5.356 6.115 5.764 5.960 6.478 5.266 5.843 4.747 5.313 5.573 5.307 5.933 26/03/1980
16.533 16.103 16.918 15.762 17.730 16.304 16.467 17.050 16.223 16.932 13.230 16.099 17.400 17.551 16.789 12.395 12.402 13.728 13.878 14.349 10.634 12.430 12.935 13.665 12.193 8.927 9.387 10.041 11.554 12.912 27/03/1980
0.000 0.000 0.102 0.366 0.402 0.000 0.000 0.102 0.289 0.310 0.000 0.000 0.109 0.110 0.320 0.000 0.000 0.104 0.112 0.149 0.000 0.000 0.026 0.104 0.104 0.000 0.000 0.014 0.026 0.105 28/03/1980
0.929 0.879 0.249 0.000 0.000 0.866 0.858 0.248 0.000 0.000 0.817 0.939 0.118 0.121 0.000 0.965 0.579 0.000 0.000 0.000 0.965 0.581 0.716 0.000 0.000 0.888 0.413 0.524 0.228 0.000 29/03/1980
3.634 8.064 1.041 0.281 0.291 8.109 8.192 1.052 0.555 0.673 12.856 11.058 4.027 4.095 0.648 11.739 11.391 7.842 7.929 2.047 11.252 11.417 11.725 7.806 4.595 9.703 12.297 12.684 9.520 4.715 30/03/1980
0.404 0.502 0.000 0.000 0.000 0.502 0.515 0.000 0.000 0.000 0.111 0.598 0.118 0.120 0.000 0.177 0.729 0.476 0.472 0.000 0.053 0.726 0.865 0.477 0.000 0.000 0.471 0.604 0.629 0.000 31/03/1980
0.000 0.282 0.000 0.000 0.000 0.280 0.287 0.000 0.000 0.000 0.291 0.198 0.000 0.000 0.000 0.369 0.161 0.125 0.130 0.000 0.464 0.162 0.317 0.124 0.000 0.374 0.131 0.207 0.414 0.000 01/04/1980
0.000 0.000 0.000 0.000 0.000 0.000 0.000 0.000 0.000 0.000 0.000 0.000 0.000 0.000 0.000 0.000 0.000 0.000 0.000 0.000 0.000 0.000 0.000 0.000 0.000 0.000 0.000 0.000 0.000 0.000 02/04/1980
0.000 0.000 0.000 0.000 0.000 0.000 0.000 0.000 0.000 0.000 0.000 0.000 0.000 0.000 0.000 0.000 0.000 0.000 0.000 0.000 0.000 0.000 0.000 0.000 0.000 0.000 0.000 0.000 0.000 0.000 03/04/1980
0.000 0.000 0.000 0.000 0.000 0.000 0.000 0.000 0.000 0.000 0.000 0.000 0.000 0.000 0.000 0.000 0.000 0.000 0.000 0.000 0.000 0.000 0.000 0.000 0.000 0.000 0.000 0.000 0.000 0.000 04/04/1980
0.000 0.000 0.000 0.000 0.000 0.000 0.000 0.000 0.000 0.000 0.000 0.000 0.000 0.000 0.000 0.000 0.000 0.000 0.000 0.000 0.000 0.000 0.000 0.000 0.000 0.000 0.000 0.000 0.000 0.000 05/04/1980
4.014 4.032 7.297 8.695 11.358 4.100 4.135 7.356 10.454 12.077 4.046 5.996 10.065 10.158 11.779 3.925 7.580 11.018 11.135 10.783 5.348 7.598 8.370 10.970 10.397 6.076 8.144 9.028 10.335 10.560 06/04/1980
7.175 6.919 5.808 5.679 6.674 7.011 7.083 5.855 8.092 8.527 9.604 8.561 7.670 7.742 8.462 8.840 8.203 7.463 7.546 8.664 10.110 8.223 9.233 7.428 7.503 9.800 7.115 7.824 8.074 7.622 07/04/1980
11.770 11.251 10.001 10.176 13.543 11.496 11.692 10.081 12.148 14.160 12.498 13.045 12.981 13.139 14.039 10.862 11.199 12.927 13.071 13.589 9.642 11.226 11.541 12.868 13.428 9.423 11.549 11.796 14.304 13.990 08/04/1980
1.030 1.253 1.125 1.886 1.806 1.267 1.278 1.134 1.095 1.265 1.381 1.823 1.323 1.335 1.254 1.272 1.192 1.732 1.747 1.342 1.036 1.195 1.484 1.726 0.785 0.680 0.577 0.764 0.696 0.798 09/04/1980
0.215 0.262 0.000 0.000 0.000 0.291 0.321 0.000 0.000 0.000 1.000 0.707 0.150 0.151 0.000 1.000 0.599 0.311 0.313 0.000 0.743 0.600 0.832 0.310 0.117 0.709 0.707 0.892 0.795 0.122 10/04/1980
0.681 0.845 1.736 3.184 3.831 0.852 0.835 1.749 2.986 3.476 0.379 0.818 1.503 1.509 3.447 0.391 0.734 1.611 1.627 2.619 0.401 0.735 0.927 1.604 2.243 0.742 0.410 0.566 1.236 2.274 11/04/1980
0.000 0.000 0.000 0.000 0.000 0.000 0.000 0.000 0.000 0.000 0.000 0.000 0.000 0.000 0.000 0.000 0.000 0.000 0.000 0.000 0.000 0.000 0.000 0.000 0.000 0.000 0.000 0.000 0.000 0.000 12/04/1980
0.000 0.000 0.000 0.000 0.000 0.000 0.000 0.000 0.000 0.000 0.000 0.000 0.000 0.000 0.000 0.000 0.000 0.000 0.000 0.000 0.000 0.000 0.000 0.000 0.000 0.000 0.000 0.000 0.000 0.000 13/04/1980
0.000 0.000 0.000 0.000 0.000 0.000 0.000 0.000 0.000 0.000 0.000 0.000 0.000 0.000 0.000 0.000 0.000 0.000 0.000 0.000 0.000 0.000 0.000 0.000 0.000 0.000 0.000 0.000 0.000 0.000 14/04/1980
0.000 0.000 0.000 0.000 0.000 0.000 0.000 0.000 0.000 0.000 0.000 0.000 0.000 0.000 0.000 0.000 0.000 0.000 0.000 0.000 0.000 0.000 0.000 0.000 0.000 0.000 0.000 0.000 0.000 0.000 15/04/1980
0.000 0.000 0.000 0.000 0.000 0.000 0.000 0.000 0.000 0.000 0.000 0.000 0.000 0.000 0.000 0.000 0.000 0.000 0.000 0.000 0.000 0.000 0.000 0.000 0.000 0.000 0.000 0.000 0.000 0.000 16/04/1980
0.000 0.000 0.000 0.000 0.000 0.000 0.000 0.000 0.000 0.000 0.000 0.000 0.000 0.000 0.000 0.000 0.000 0.000 0.000 0.000 0.000 0.000 0.000 0.000 0.000 0.000 0.000 0.000 0.000 0.000 17/04/1980
0.000 0.000 0.000 0.000 0.000 0.000 0.000 0.000 0.000 0.000 0.000 0.000 0.000 0.000 0.000 0.000 0.000 0.000 0.000 0.000 0.000 0.000 0.000 0.000 0.000 0.000 0.000 0.000 0.000 0.000 18/04/1980
0.000 0.000 0.000 0.000 0.000 0.000 0.000 0.000 0.000 0.000 0.000 0.000 0.000 0.000 0.000 0.000 0.000 0.000 0.000 0.000 0.000 0.000 0.000 0.000 0.000 0.000 0.000 0.000 0.000 0.000 19/04/1980
0.000 0.000 0.000 0.000 0.000 0.000 0.000 0.000 0.000 0.000 0.000 0.000 0.000 0.000 0.000 0.000 0.000 0.000 0.000 0.000 0.000 0.000 0.000 0.000 0.000 0.000 0.000 0.000 0.000 0.000 20/04/1980
0.000 0.000 0.000 0.000 0.000 0.000 0.000 0.000 0.000 0.000 0.000 0.000 0.000 0.000 0.000 0.000 0.000 0.000 0.000 0.105 0.000 0.000 0.000 0.000 0.200 0.000 0.000 0.000 0.000 0.214 21/04/1980
0.102 0.000 0.000 0.000 0.000 0.000 0.000 0.000 0.000 0.000 0.000 0.000 0.000 0.000 0.000 0.000 0.000 0.000 0.000 0.000 0.000 0.000 0.000 0.000 0.000 0.000 0.000 0.000 0.000 0.000 22/04/1980
0.000 0.000 0.000 0.000 0.000 0.000 0.000 0.000 0.000 0.000 0.000 0.000 0.000 0.000 0.000 0.000 0.000 0.000 0.000 0.000 0.000 0.000 0.000 0.000 0.000 0.000 0.000 0.100 0.000 0.000 23/04/1980
1.518 1.449 1.118 3.118 3.222 1.425 1.449 1.123 1.048 1.312 2.128 3.693 2.244 2.206 1.305 2.367 1.301 2.032 2.028 5.458 1.426 1.304 1.568 2.023 1.342 1.312 1.087 1.320 1.275 1.343 24/04/1980
10.439 11.152 10.615 9.113 12.286 11.393 11.597 10.699 10.481 12.105 12.257 11.544 11.490 11.592 11.830 10.411 11.079 11.329 11.450 10.927 9.872 11.105 11.435 11.279 10.776 9.705 10.933 11.451 11.040 10.937 25/04/1980
0.443 0.873 0.854 1.186 1.315 0.880 0.885 0.860 0.974 1.361 1.056 1.035 0.878 0.886 1.329 1.141 0.979 0.983 0.991 1.046 1.175 0.980 1.249 0.978 1.387 1.295 1.264 1.507 1.456 1.358 26/04/1980
1.892 1.887 1.466 1.149 1.717 1.896 1.903 1.479 2.093 2.427 1.708 1.163 1.797 1.801 2.402 1.686 1.901 1.577 1.596 2.258 1.302 1.905 2.350 1.581 1.861 1.383 1.573 2.065 1.153 1.898 27/04/1980
0.000 0.000 0.000 0.000 0.000 0.000 0.000 0.000 0.000 0.000 0.000 0.000 0.000 0.000 0.000 0.000 0.000 0.000 0.000 0.000 0.000 0.000 0.000 0.000 0.000 0.000 0.000 0.000 0.000 0.000 28/04/1980
0.000 0.000 0.000 0.000 0.000 0.000 0.000 0.000 0.000 0.000 0.000 0.000 0.000 0.000 0.000 0.000 0.000 0.000 0.000 0.000 0.000 0.000 0.000 0.000 0.000 0.000 0.000 0.000 0.000 0.000 29/04/1980
12.390 11.730 12.160 17.227 20.519 11.879 12.001 12.257 14.132 16.511 16.540 15.951 17.384 17.544 16.376 16.156 19.999 17.598 17.793 17.234 23.719 20.045 20.109 17.517 29.008 30.732 19.514 17.968 17.671 29.442 30/04/1980
15.303 15.742 16.516 14.407 17.996 15.942 16.104 16.647 15.328 17.619 17.802 15.728 17.054 17.211 17.476 17.335 15.047 16.325 16.505 15.587 17.910 15.082 16.681 16.250 16.312 18.425 17.120 17.142 16.068 16.569 01/05/1980
0.000 0.000 0.000 0.000 0.000 0.000 0.000 0.000 0.000 0.000 0.000 0.000 0.000 0.000 0.000 0.000 0.000 0.000 0.000 0.000 0.000 0.000 0.000 0.000 0.000 0.000 0.000 0.000 0.000 0.000 02/05/1980
2.546 2.407 2.149 3.139 3.698 2.437 2.462 2.165 2.997 3.501 2.135 3.212 3.027 3.053 3.472 1.881 4.164 3.082 3.115 2.946 2.802 4.174 4.526 3.068 3.418 2.590 3.142 3.409 2.207 3.472 03/05/1980
4.783 8.296 5.079 5.559 6.638 8.400 8.486 5.113 6.241 6.797 5.573 7.216 5.684 5.737 6.739 5.424 9.011 6.458 6.526 9.299 8.016 9.032 9.678 6.429 10.665 8.702 7.252 7.245 6.272 10.832 04/05/1980
0.000 0.000 0.000 0.000 0.000 0.000 0.000 0.000 0.000 0.000 0.000 0.000 0.000 0.000 0.000 0.000 0.000 0.000 0.000 0.000 0.000 0.000 0.000 0.000 0.000 0.000 0.000 0.000 0.000 0.000 05/05/1980
0.000 0.000 0.000 0.000 0.000 0.000 0.000 0.000 0.000 0.000 0.000 0.000 0.000 0.000 0.000 0.000 0.000 0.000 0.000 0.000 0.000 0.000 0.000 0.000 0.000 0.000 0.000 0.000 0.000 0.000 06/05/1980
0.000 0.000 0.000 0.000 0.000 0.000 0.000 0.000 0.000 0.000 0.000 0.000 0.000 0.000 0.000 0.000 0.000 0.000 0.000 0.000 0.000 0.000 0.000 0.000 0.000 0.000 0.000 0.000 0.000 0.000 07/05/1980
0.103 0.000 0.000 0.000 0.000 0.000 0.000 0.000 0.000 0.000 0.212 0.000 0.000 0.000 0.000 0.211 0.000 0.000 0.000 0.000 0.103 0.000 0.000 0.000 0.000 0.000 0.000 0.000 0.000 0.000 08/05/1980
2.942 3.048 3.876 4.933 5.326 3.087 3.118 3.905 4.889 5.127 2.884 3.304 3.709 3.743 5.037 2.457 3.456 4.254 4.301 4.420 3.031 3.464 4.312 4.235 4.161 3.105 3.731 4.534 3.967 4.273 09/05/1980
0.000 0.000 0.000 0.000 0.000 0.000 0.000 0.000 0.000 0.000 0.000 0.000 0.000 0.000 0.000 0.000 0.000 0.000 0.000 0.000 0.000 0.000 0.000 0.000 0.000 0.000 0.000 0.000 0.000 0.000 10/05/1980
0.000 0.000 0.000 0.000 0.000 0.000 0.000 0.000 0.000 0.000 0.000 0.000 0.000 0.000 0.000 0.000 0.000 0.000 0.000 0.000 0.000 0.000 0.000 0.000 0.000 0.000 0.000 0.000 0.000 0.000 11/05/1980
0.000 0.000 0.000 0.000 0.000 0.000 0.000 0.000 0.000 0.000 0.000 0.000 0.000 0.000 0.000 0.000 0.000 0.000 0.000 0.000 0.000 0.000 0.000 0.000 0.000 0.000 0.000 0.000 0.000 0.000 12/05/1980
0.196 0.000 0.000 0.000 0.000 0.000 0.000 0.000 0.000 0.000 0.000 0.000 0.000 0.000 0.000 0.000 0.000 0.000 0.000 0.000 0.000 0.000 0.000 0.000 0.000 0.000 0.000 0.000 0.000 0.000 13/05/1980
0.000 0.000 0.000 0.000 0.000 0.000 0.000 0.000 0.000 0.000 0.000 0.000 0.000 0.000 0.000 0.000 0.000 0.000 0.000 0.000 0.000 0.000 0.000 0.000 0.000 0.000 0.000 0.000 0.000 0.000 14/05/1980
0.000 0.000 0.000 0.000 0.000 0.000 0.000 0.000 0.000 0.000 0.000 0.000 0.000 0.000 0.000 0.000 0.000 0.000 0.000 0.000 0.000 0.000 0.000 0.000 0.000 0.000 0.000 0.000 0.000 0.000 15/05/1980
0.000 0.132 0.000 0.000 0.000 0.139 0.143 0.000 0.137 0.157 0.000 0.000 0.000 0.000 0.149 0.000 0.000 0.000 0.000 0.000 0.000 0.000 0.147 0.000 0.000 0.000 0.000 0.109 0.000 0.000 16/05/1980
2.913 3.353 2.835 4.639 4.854 3.395 3.429 2.853 5.862 6.437 3.230 4.455 4.726 4.769 6.320 2.873 2.949 5.053 5.105 5.670 3.439 2.956 3.631 5.031 6.726 1.701 4.207 4.826 6.217 6.887 17/05/1980
0.000 0.000 0.000 0.000 0.000 0.000 0.000 0.000 0.000 0.000 0.000 0.000 0.000 0.000 0.000 0.000 0.000 0.000 0.000 0.000 0.000 0.000 0.000 0.000 0.000 0.000 0.000 0.000 0.000 0.000 18/05/1980
3.174 3.323 3.588 4.322 4.442 3.365 3.399 3.616 4.068 4.155 3.239 3.340 3.809 3.844 4.109 2.881 2.291 3.232 3.266 2.648 2.644 2.296 2.869 3.217 3.968 3.458 4.157 4.787 3.864 4.060 19/05/1980
0.000 0.000 0.000 0.000 0.000 0.000 0.000 0.000 0.000 0.000 0.000 0.000 0.000 0.000 0.000 0.000 0.000 0.000 0.000 0.000 0.000 0.000 0.000 0.000 0.000 0.000 0.000 0.000 0.000 0.000 20/05/1980
0.000 0.000 0.000 0.000 0.000 0.000 0.000 0.000 0.000 0.000 0.000 0.000 0.000 0.000 0.000 0.000 0.000 0.000 0.000 0.000 0.000 0.000 0.000 0.000 0.000 0.000 0.000 0.000 0.000 0.000 21/05/1980
0.000 0.000 0.000 0.000 0.000 0.000 0.000 0.000 0.000 0.000 0.000 0.000 0.000 0.000 0.000 0.000 0.000 0.000 0.164 0.000 0.000 0.000 0.000 0.000 0.000 0.000 0.000 0.000 0.000 0.000 22/05/1980
1.969 2.481 3.663 4.761 4.942 2.512 2.538 3.693 3.860 3.302 1.922 2.192 3.208 3.236 3.275 1.882 3.115 2.671 2.696 2.607 2.463 3.123 4.090 2.662 2.314 1.746 1.949 2.371 1.909 2.272 23/05/1980
1.586 0.100 1.115 3.051 3.256 0.099 0.099 1.142 0.242 0.108 0.899 0.394 0.128 0.128 0.108 0.743 0.281 0.495 0.506 0.121 0.334 0.280 0.458 0.493 0.111 0.109 0.000 0.101 0.118 0.111 24/05/1980
0.000 0.000 0.000 0.000 0.000 0.000 0.000 0.000 0.000 0.000 0.000 0.000 0.000 0.000 0.000 0.000 0.000 0.000 0.000 0.000 0.000 0.000 0.000 0.000 0.000 0.000 0.000 0.000 0.000 0.000 25/05/1980
0.000 0.000 0.000 0.000 0.000 0.000 0.000 0.000 0.000 0.000 0.000 0.000 0.000 0.000 0.000 0.000 0.000 0.000 0.000 0.000 0.000 0.000 0.000 0.000 0.000 0.000 0.000 0.000 0.000 0.000 26/05/1980
0.000 0.000 0.000 0.000 0.000 0.000 0.000 0.000 0.000 0.000 0.000 0.000 0.000 0.000 0.000 0.000 0.000 0.000 0.000 0.000 0.000 0.000 0.000 0.000 0.000 0.000 0.000 0.000 0.000 0.000 27/05/1980
6.247 4.638 4.550 5.632 6.296 4.689 4.730 4.584 6.377 6.791 6.041 4.860 5.943 5.923 6.733 6.530 3.828 6.514 6.586 6.593 2.524 3.837 4.843 6.488 5.461 2.585 3.013 3.875 4.403 5.502 28/05/1980
0.000 0.000 0.000 0.000 0.000 0.000 0.000 0.000 0.000 0.000 0.000 0.000 0.000 0.000 0.000 0.000 0.000 0.000 0.000 0.000 0.000 0.000 0.000 0.000 0.000 0.000 0.000 0.000 0.000 0.000 29/05/1980
0.000 0.000 0.000 0.097 0.000 0.000 0.000 0.000 0.390 0.301 1.174 0.000 0.000 0.000 0.301 1.124 0.000 0.000 0.000 0.303 0.723 0.000 0.000 0.000 0.185 0.786 0.000 0.102 0.000 0.186 30/05/1980
0.000 0.224 0.000 0.000 0.000 0.237 0.246 0.000 0.115 0.000 0.640 0.124 0.105 0.110 0.000 0.702 0.212 0.175 0.175 0.123 0.854 0.203 0.279 0.175 0.139 0.340 0.335 0.603 0.391 0.140 31/05/1980
0.342 0.702 0.221 0.718 0.859 0.709 0.714 0.223 0.000 0.000 0.178 0.849 0.907 0.912 0.000 0.270 0.592 0.559 0.561 0.211 1.360 0.594 0.789 0.557 0.306 0.285 0.179 0.212 0.726 0.309 01/06/1980
0.000 0.000 0.000 0.000 0.000 0.000 0.000 0.000 0.000 0.000 0.000 0.000 0.000 0.000 0.000 0.000 0.000 0.000 0.000 0.000 0.000 0.000 0.000 0.000 0.000 0.000 0.000 0.000 0.000 0.000 02/06/1980
0.000 0.000 0.000 0.000 0.000 0.000 0.000 0.000 0.000 0.000 0.000 0.000 0.000 0.000 0.000 0.000 0.000 0.000 0.000 0.000 0.000 0.000 0.000 0.000 0.000 0.000 0.000 0.000 0.000 0.000 03/06/1980
0.212 0.132 0.000 0.457 0.677 0.136 0.139 0.000 0.297 0.413 0.000 0.000 1.034 1.042 0.408 0.104 0.000 0.156 0.157 0.717 0.000 0.000 0.000 0.156 0.000 0.000 0.000 0.000 0.103 0.000 04/06/1980
0.000 0.000 0.000 0.000 0.000 0.000 0.000 0.000 0.000 0.000 0.000 0.000 0.000 0.000 0.000 0.000 0.000 0.000 0.000 0.000 0.000 0.000 0.000 0.000 0.000 0.000 0.000 0.000 0.000 0.000 05/06/1980
4.421 4.581 2.728 1.452 1.882 4.639 4.687 2.749 2.280 2.810 1.978 2.939 3.563 3.593 2.789 1.679 3.516 3.913 3.956 3.315 1.447 3.524 3.985 3.895 1.596 1.294 3.099 3.488 2.574 1.620 06/06/1980
1.679 1.601 2.407 1.884 2.554 1.627 1.641 2.426 1.440 2.090 0.374 1.013 1.121 1.129 2.075 0.293 3.547 3.221 3.250 1.178 0.704 3.556 4.012 3.209 7.304 1.393 3.544 3.958 5.907 7.414 07/06/1980
0.000 0.000 0.000 0.000 0.000 0.000 0.000 0.000 0.000 0.000 0.000 0.000 0.000 0.000 0.000 0.000 0.000 0.000 0.000 0.000 0.000 0.000 0.000 0.000 0.000 0.000 0.000 0.000 0.000 0.000 08/06/1980
0.000 0.000 0.000 0.000 0.000 0.000 0.000 0.000 0.000 0.000 0.000 0.000 0.000 0.000 0.000 0.000 0.000 0.000 0.000 0.000 0.000 0.000 0.000 0.000 0.000 0.000 0.000 0.000 0.000 0.000 09/06/1980
0.000 0.000 0.000 0.000 0.000 0.000 0.000 0.000 0.000 0.000 0.000 0.000 0.000 0.000 0.000 0.000 0.000 0.000 0.000 0.000 0.000 0.000 0.000 0.000 0.000 0.000 0.000 0.000 0.000 0.000 10/06/1980
0.000 0.000 0.000 0.000 0.000 0.000 0.000 0.000 0.000 0.000 0.000 0.000 0.000 0.000 0.000 0.000 0.000 0.000 0.000 0.000 0.000 0.000 0.000 0.000 0.000 0.000 0.000 0.000 0.000 0.000 11/06/1980
0.000 0.000 0.000 0.000 0.000 0.000 0.000 0.000 0.000 0.000 0.000 0.000 0.000 0.000 0.000 0.000 0.000 0.000 0.000 0.000 0.000 0.000 0.000 0.000 0.000 0.000 0.000 0.000 0.000 0.000 12/06/1980
0.000 0.000 0.000 0.000 0.000 0.000 0.000 0.000 0.000 0.000 0.000 0.000 0.000 0.000 0.000 0.000 0.000 0.000 0.000 0.000 0.000 0.000 0.000 0.000 0.000 0.000 0.000 0.000 0.000 0.000 13/06/1980
3.810 3.422 7.432 8.022 9.320 3.464 3.499 7.491 4.593 4.681 0.723 5.545 6.926 6.987 4.643 0.495 2.352 7.527 7.607 5.693 2.895 2.357 2.857 7.494 2.254 5.782 3.715 4.159 10.246 2.289 14/06/1980
0.000 0.000 0.107 0.641 0.854 0.000 0.000 0.107 0.563 0.885 0.124 0.000 1.036 1.045 0.880 0.136 0.000 0.720 0.731 0.931 0.000 0.000 0.000 0.719 0.223 0.000 0.109 0.186 0.210 0.226 15/06/1980
0.000 0.000 0.000 0.000 0.000 0.000 0.000 0.000 0.000 0.000 0.000 0.000 0.000 0.000 0.000 0.000 0.000 0.000 0.000 0.000 0.000 0.000 0.000 0.000 0.000 0.000 0.000 0.000 0.000 0.000 16/06/1980
10.550 13.646 12.575 8.951 10.640 13.817 13.957 12.675 4.284 4.485 15.734 12.976 6.565 6.622 4.446 14.993 3.583 1.165 1.177 0.511 12.875 3.591 4.264 1.160 1.145 6.306 1.808 1.944 1.565 1.162 17/06/1980
8.280 20.197 22.156 18.281 20.021 20.445 20.647 22.329 17.845 18.196 21.337 25.001 20.381 20.570 18.041 22.089 18.753 19.743 19.957 13.766 18.883 18.798 19.831 19.654 9.652 10.725 14.267 14.108 11.817 9.801 18/06/1980
0.000 0.000 0.000 0.000 0.000 0.000 0.000 0.000 0.000 0.000 0.000 0.000 0.000 0.000 0.000 0.000 0.000 0.000 0.000 0.000 0.000 0.000 0.000 0.000 0.000 0.000 0.000 0.000 0.000 0.000 19/06/1980
0.000 0.000 0.000 0.000 0.000 0.000 0.000 0.000 0.000 0.000 0.000 0.000 0.000 0.000 0.000 0.000 0.000 0.000 0.000 0.000 0.000 0.000 0.000 0.000 0.000 0.000 0.000 0.000 0.000 0.000 20/06/1980
0.000 0.000 0.000 0.000 0.000 0.000 0.000 0.000 0.000 0.000 0.000 0.000 0.000 0.000 0.000 0.000 0.000 0.000 0.000 0.000 0.000 0.000 0.000 0.000 0.000 0.000 0.000 0.000 0.000 0.000 21/06/1980
0.000 0.000 0.000 0.000 0.000 0.000 0.000 0.000 0.000 0.000 0.000 0.000 0.000 0.000 0.000 0.000 0.000 0.000 0.000 0.000 0.000 0.000 0.000 0.000 0.000 0.000 0.000 0.000 0.000 0.000 22/06/1980
0.917 0.427 0.428 0.979 1.274 0.431 0.435 0.431 1.044 1.215 0.416 0.557 0.562 0.567 1.210 0.313 0.111 0.316 0.333 1.219 0.324 0.111 0.197 0.309 0.527 0.386 0.297 0.518 0.294 0.533 23/06/1980
0.000 0.000 0.000 0.000 0.000 0.000 0.000 0.000 0.000 0.000 0.000 0.000 0.000 0.000 0.000 0.000 0.000 0.000 0.000 0.000 0.000 0.000 0.000 0.000 0.000 0.000 0.000 0.000 0.000 0.000 24/06/1980
0.000 0.000 0.000 0.000 0.000 0.000 0.000 0.000 0.000 0.000 0.000 0.000 0.000 0.000 0.000 0.000 0.000 0.000 0.000 0.000 0.000 0.000 0.000 0.000 0.000 0.000 0.000 0.000 0.000 0.000 25/06/1980
1.644 4.307 3.546 0.000 0.000 4.362 4.407 3.574 0.000 0.000 3.247 0.493 1.035 1.043 0.000 3.091 0.162 0.000 0.000 0.000 0.981 0.162 0.281 0.000 0.000 0.127 0.000 0.108 0.000 0.000 26/06/1980
3.260 5.100 1.833 1.829 2.463 5.165 5.217 1.847 2.515 2.925 1.821 1.823 7.128 7.191 2.900 1.432 5.285 5.638 5.701 3.675 2.378 5.298 6.598 5.612 8.177 4.416 5.415 6.719 7.682 8.304 27/06/1980
0.000 0.000 0.000 0.000 0.000 0.000 0.000 0.000 0.000 0.000 0.000 0.000 0.000 0.000 0.000 0.000 0.000 0.000 0.000 0.000 0.000 0.000 0.000 0.000 0.103 0.000 0.000 0.000 0.000 0.104 28/06/1980
0.000 0.000 0.000 0.000 0.000 0.000 0.000 0.000 0.000 0.000 0.000 0.000 0.000 0.000 0.000 0.000 0.000 0.000 0.000 0.000 0.000 0.000 0.000 0.000 0.000 0.000 0.000 0.000 0.000 0.000 29/06/1980
0.000 0.000 0.000 0.000 0.000 0.000 0.000 0.000 0.000 0.000 0.000 0.000 0.000 0.000 0.000 0.000 0.000 0.000 0.000 0.000 0.000 0.000 0.000 0.000 0.000 0.000 0.000 0.000 0.000 0.000 30/06/1980
0.323 0.000 0.000 0.000 0.000 0.000 0.000 0.000 0.000 0.000 0.000 0.000 0.000 0.000 0.000 0.000 0.000 0.000 0.000 0.000 0.000 0.000 0.000 0.000 0.000 0.000 0.000 0.000 0.000 0.000 01/07/1980
0.000 0.000 0.000 0.000 0.000 0.000 0.000 0.000 0.000 0.000 0.000 0.000 0.000 0.000 0.000 0.000 0.000 0.000 0.000 0.000 0.000 0.000 0.000 0.000 0.000 0.000 0.000 0.000 0.000 0.000 02/07/1980
3.024 2.847 4.832 7.159 8.765 2.883 2.913 4.870 3.382 3.509 2.365 3.793 4.622 4.664 3.479 2.184 5.192 3.154 3.184 0.817 4.198 5.205 6.479 3.144 0.800 2.847 5.254 6.491 3.256 0.803 03/07/1980
0.000 0.000 0.000 0.000 0.000 0.000 0.000 0.000 0.130 0.124 0.000 0.000 0.179 0.179 0.123 0.000 0.000 0.236 0.238 0.160 0.176 0.000 0.117 0.235 0.131 0.241 0.000 0.126 0.172 0.131 04/07/1980
0.000 0.000 0.000 0.000 0.000 0.000 0.000 0.000 0.000 0.000 0.000 0.000 0.000 0.000 0.000 0.000 0.000 0.000 0.000 0.000 0.000 0.000 0.000 0.000 0.000 0.000 0.000 0.000 0.000 0.000 05/07/1980
0.000 0.000 0.000 0.000 0.000 0.000 0.000 0.000 0.000 0.000 0.000 0.000 0.000 0.000 0.000 0.000 0.000 0.000 0.000 0.000 0.000 0.000 0.000 0.000 0.000 0.000 0.000 0.000 0.000 0.000 06/07/1980
0.000 0.000 0.000 0.000 0.000 0.000 0.000 0.000 0.104 0.100 0.000 0.000 0.000 0.000 0.100 0.000 0.000 0.000 0.000 0.000 0.000 0.000 0.000 0.000 0.454 0.000 0.000 0.000 0.165 0.458 07/07/1980
2.949 3.143 2.424 3.584 3.814 3.174 3.199 2.443 3.478 3.587 0.859 0.883 1.360 1.373 3.557 0.647 0.367 0.144 0.145 0.166 0.311 0.368 0.547 0.144 0.000 0.309 0.000 0.119 0.128 0.000 08/07/1980
0.000 0.221 0.394 0.181 0.302 0.226 0.229 0.409 0.000 0.000 0.000 0.000 0.000 0.000 0.000 0.100 0.000 0.000 0.000 0.000 0.000 0.000 0.000 0.000 0.000 0.000 0.000 0.000 0.000 0.000 09/07/1980
0.882 1.062 1.543 2.070 2.794 1.074 1.084 1.556 1.772 2.435 2.087 2.162 2.228 2.248 2.415 1.823 3.126 2.433 2.460 1.481 2.824 3.133 3.555 2.422 2.329 2.419 4.116 4.683 3.377 2.366 10/07/1980
0.102 0.000 0.000 0.000 0.000 0.000 0.000 0.000 0.000 0.000 0.000 0.000 0.000 0.000 0.000 0.000 0.000 0.000 0.000 0.000 0.000 0.000 0.000 0.000 0.000 0.000 0.000 0.000 0.000 0.000 11/07/1980
6.709 6.237 6.469 6.763 8.221 6.316 6.380 6.520 5.674 5.416 4.222 4.835 5.664 5.716 5.371 4.089 0.552 2.551 2.579 2.993 0.174 0.553 0.822 2.540 0.996 0.000 0.000 0.000 0.275 1.012 12/07/1980
0.000 0.000 0.000 0.000 0.000 0.000 0.000 0.000 0.000 0.000 0.000 0.000 0.000 0.000 0.000 0.000 0.000 0.000 0.000 0.000 0.000 0.000 0.000 0.000 0.000 0.000 0.000 0.000 0.000 0.000 13/07/1980
0.000 0.000 0.000 0.000 0.000 0.000 0.000 0.000 0.000 0.000 0.000 0.000 0.000 0.000 0.000 0.000 0.000 0.000 0.000 0.000 0.000 0.000 0.000 0.000 0.000 0.000 0.000 0.000 0.000 0.000 14/07/1980
0.000 0.000 0.000 0.000 0.000 0.000 0.000 0.000 0.000 0.000 0.000 0.000 0.000 0.000 0.000 0.000 0.000 0.000 0.000 0.000 0.000 0.000 0.000 0.000 0.000 0.000 0.000 0.000 0.000 0.000 15/07/1980
0.000 0.000 0.000 0.000 0.000 0.000 0.000 0.000 0.000 0.000 0.000 0.000 0.000 0.000 0.000 0.000 0.000 0.000 0.000 0.000 0.000 0.000 0.000 0.000 0.000 0.000 0.000 0.000 0.000 0.000 16/07/1980
0.000 0.000 0.000 0.000 0.000 0.000 0.000 0.000 0.000 0.000 0.000 0.000 0.000 0.000 0.000 0.000 0.000 0.000 0.000 0.000 0.000 0.000 0.000 0.000 0.000 0.000 0.000 0.000 0.000 0.000 17/07/1980
0.000 0.000 0.000 0.000 0.000 0.000 0.000 0.000 0.000 0.000 0.000 0.000 0.000 0.000 0.000 0.000 0.000 0.000 0.000 0.000 0.000 0.000 0.000 0.000 0.000 0.000 0.000 0.000 0.000 0.000 18/07/1980
0.000 0.000 0.000 0.000 0.000 0.000 0.000 0.000 0.000 0.000 0.000 0.000 0.000 0.000 0.000 0.000 0.000 0.000 0.000 0.000 0.000 0.000 0.000 0.000 0.000 0.000 0.000 0.000 0.000 0.000 19/07/1980
0.000 0.000 0.000 0.000 0.000 0.000 0.000 0.000 0.000 0.000 0.000 0.000 0.000 0.000 0.000 0.000 0.000 0.000 0.000 0.000 0.000 0.000 0.000 0.000 0.000 0.000 0.000 0.000 0.000 0.000 20/07/1980
0.000 0.000 0.000 0.000 0.000 0.000 0.000 0.000 0.000 0.000 0.000 0.000 0.000 0.000 0.000 0.000 0.000 0.000 0.000 0.000 0.000 0.000 0.000 0.000 0.000 0.000 0.000 0.000 0.000 0.000 21/07/1980
0.000 0.000 0.000 0.000 0.000 0.000 0.000 0.000 0.000 0.000 0.000 0.000 0.000 0.000 0.000 0.000 0.000 0.000 0.000 0.000 0.000 0.000 0.000 0.000 0.000 0.000 0.000 0.000 0.000 0.000 22/07/1980
0.000 0.000 0.000 0.000 0.000 0.000 0.000 0.000 0.000 0.000 0.000 0.000 0.000 0.000 0.000 0.000 0.000 0.000 0.000 0.000 0.000 0.000 0.000 0.000 0.000 0.000 0.000 0.000 0.000 0.000 23/07/1980
1.708 0.648 1.141 1.833 2.470 0.651 0.652 1.149 5.978 5.789 16.596 9.528 6.851 6.912 5.740 18.030 25.975 19.598 19.816 8.979 19.462 26.037 23.040 19.508 9.053 18.803 20.622 19.005 17.451 9.197 24/07/1980
0.408 0.461 0.354 0.000 0.000 0.475 0.482 0.356 0.000 0.000 0.220 0.658 0.163 0.164 0.000 0.212 0.000 0.135 0.136 0.368 0.000 0.000 0.000 0.134 0.000 0.000 0.000 0.000 0.117 0.000 25/07/1980
7.236 12.026 16.983 19.978 22.151 12.178 12.302 17.118 20.282 21.331 18.796 17.646 19.976 20.159 21.150 18.719 27.035 22.455 22.705 26.277 25.335 27.099 23.951 22.351 28.255 27.789 29.284 28.996 19.762 28.679 26/07/1980
0.000 0.000 0.000 0.530 0.611 0.000 0.000 0.000 1.140 1.333 0.000 0.000 0.000 0.000 1.325 0.000 0.000 0.136 0.137 1.197 0.000 0.000 0.000 0.135 1.594 0.000 0.000 0.000 0.217 1.619 27/07/1980
0.000 0.000 0.000 0.000 0.000 0.000 0.000 0.000 0.000 0.000 0.000 0.000 0.000 0.000 0.000 0.000 0.000 0.000 0.000 0.000 0.000 0.000 0.000 0.000 0.000 0.000 0.000 0.000 0.000 0.000 28/07/1980
0.000 0.000 0.000 0.000 0.000 0.000 0.000 0.000 0.000 0.000 0.000 0.000 0.000 0.000 0.000 0.000 0.000 0.000 0.000 0.000 0.000 0.000 0.000 0.000 0.000 0.000 0.000 0.000 0.000 0.000 29/07/1980
0.000 0.491 0.865 1.399 1.731 0.506 0.514 0.870 2.156 2.670 0.951 0.000 0.107 0.107 2.653 1.057 0.000 0.000 0.000 2.290 0.641 0.000 0.135 0.000 3.442 0.000 0.131 0.267 2.364 3.485 30/07/1980
0.000 0.000 0.000 0.000 0.000 0.000 0.000 0.000 0.000 0.000 0.000 0.000 0.000 0.000 0.000 0.000 0.000 0.113 0.115 0.000 0.204 0.000 0.106 0.112 0.000 0.266 0.000 0.000 0.000 0.000 31/07/1980
