# 6448 6449 6450 6451 6452 6528 6529 6530 6531 6532 6610 6611 6612 6613 6614 6693 6694 6695 6696 6697 6776 6777 6778 6779 6780 6859 6860 6861 6862 6863 Date
0.000 0.000 0.000 0.000 0.000 0.000 0.000 0.000 0.000 0.000 0.000 0.000 0.000 0.000 0.000 0.000 0.000 0.000 0.000 0.000 0.000 0.000 0.000 0.000 0.000 0.000 0.000 0.000 0.000 0.000 01/08/2090
0.000 0.000 0.000 0.000 0.000 0.000 0.000 0.000 0.000 0.000 0.000 0.000 0.000 0.000 0.000 0.000 0.000 0.000 0.000 0.000 0.000 0.000 0.000 0.000 0.000 0.000 0.000 0.000 0.000 0.000 02/08/2090
0.000 0.000 0.000 0.000 0.000 0.000 0.000 0.000 0.000 0.000 0.000 0.000 0.000 0.000 0.000 0.000 0.000 0.000 0.000 0.000 0.000 0.000 0.000 0.000 0.000 0.000 0.000 0.000 0.000 0.000 03/08/2090
0.000 0.000 0.000 0.000 0.000 0.000 0.000 0.000 0.000 0.000 0.000 0.000 0.000 0.000 0.000 0.000 0.000 0.000 0.000 0.000 0.000 0.000 0.000 0.000 0.000 0.000 0.000 0.000 0.000 0.000 04/08/2090
0.000 0.202 0.000 0.000 0.118 0.207 0.211 0.000 0.000 0.000 0.124 0.105 0.140 0.140 0.000 0.147 0.000 0.106 0.106 0.119 0.123 0.000 0.000 0.106 0.104 0.000 0.000 0.101 0.000 0.105 05/08/2090
0.000 0.000 0.000 0.000 0.000 0.000 0.000 0.000 0.000 0.000 0.000 0.000 0.000 0.000 0.000 0.000 0.000 0.000 0.000 0.000 0.000 0.000 0.000 0.000 0.000 0.000 0.000 0.000 0.000 0.000 06/08/2090
0.000 0.000 0.000 0.000 0.000 0.000 0.000 0.000 0.000 0.000 0.000 0.000 0.000 0.000 0.000 0.000 0.000 0.000 0.000 0.000 0.000 0.000 0.000 0.000 0.000 0.000 0.000 0.000 0.000 0.000 07/08/2090
1.072 0.593 0.671 0.442 0.427 0.601 0.607 0.676 0.000 0.000 0.000 0.276 0.137 0.140 0.000 0.000 0.000 0.000 0.000 0.000 0.000 0.000 0.000 0.000 0.000 0.000 0.000 0.000 0.000 0.000 08/08/2090
0.000 0.000 0.000 0.000 0.000 0.000 0.000 0.000 0.000 0.000 0.000 0.000 0.000 0.000 0.000 0.000 0.000 0.000 0.000 0.000 0.000 0.000 0.000 0.000 0.000 0.000 0.000 0.000 0.000 0.000 09/08/2090
0.000 0.750 0.000 0.000 0.000 0.755 0.759 0.000 0.483 0.663 0.692 0.142 0.000 0.000 0.658 0.472 0.157 0.671 0.678 0.105 0.000 0.158 0.266 0.669 0.111 0.103 0.000 0.000 0.163 0.112 10/08/2090
0.000 0.000 0.000 0.000 0.000 0.000 0.000 0.000 0.000 0.000 0.000 0.000 0.000 0.000 0.000 0.000 0.000 0.000 0.000 0.000 0.000 0.000 0.000 0.000 0.000 0.000 0.000 0.000 0.000 0.000 11/08/2090
0.000 0.000 0.000 0.000 0.000 0.000 0.000 0.000 0.000 0.000 0.000 0.000 0.000 0.000 0.000 0.000 0.000 0.000 0.000 0.000 0.000 0.000 0.000 0.000 0.000 0.000 0.000 0.000 0.000 0.000 12/08/2090
0.000 0.000 0.000 0.000 0.000 0.000 0.000 0.000 0.000 0.000 0.000 0.000 0.000 0.000 0.000 0.000 0.000 0.000 0.000 0.000 0.000 0.000 0.000 0.000 0.000 0.000 0.000 0.000 0.000 0.000 13/08/2090
0.000 0.000 0.000 0.000 0.000 0.000 0.000 0.000 0.000 0.000 0.000 0.000 0.000 0.000 0.000 0.000 0.000 0.000 0.000 0.000 0.000 0.000 0.000 0.000 0.000 0.000 0.000 0.000 0.000 0.000 14/08/2090
0.000 0.000 0.000 0.000 0.000 0.000 0.000 0.000 0.000 0.000 0.000 0.000 0.000 0.000 0.000 0.000 0.000 0.000 0.000 0.000 0.000 0.000 0.000 0.000 0.000 0.000 0.000 0.000 0.000 0.000 15/08/2090
0.000 0.000 0.000 0.000 0.000 0.000 0.000 0.000 0.000 0.000 0.000 0.000 0.000 0.000 0.000 0.000 0.000 0.000 0.000 0.000 0.000 0.000 0.000 0.000 0.000 0.000 0.000 0.000 0.000 0.000 16/08/2090
0.000 0.000 0.000 0.000 0.000 0.000 0.000 0.000 0.000 0.000 0.000 0.000 0.000 0.000 0.000 0.000 0.000 0.000 0.000 0.000 0.000 0.000 0.000 0.000 0.000 0.000 0.000 0.000 0.000 0.000 17/08/2090
0.000 0.000 0.000 0.215 0.216 0.000 0.000 0.000 0.000 0.000 0.255 0.000 0.150 0.150 0.000 0.225 0.000 0.117 0.117 0.000 0.223 0.000 0.000 0.117 0.000 0.000 0.000 0.115 0.000 0.000 18/08/2090
0.000 0.000 0.000 0.000 0.000 0.000 0.000 0.000 0.000 0.000 0.000 0.000 0.000 0.000 0.000 0.000 0.000 0.000 0.000 0.000 0.000 0.000 0.000 0.000 0.000 0.000 0.000 0.000 0.000 0.000 19/08/2090
0.000 0.000 0.000 0.000 0.000 0.000 0.000 0.000 0.000 0.000 0.000 0.000 0.000 0.000 0.000 0.000 0.000 0.000 0.000 0.000 0.000 0.000 0.000 0.000 0.000 0.000 0.000 0.000 0.000 0.000 20/08/2090
28.007 15.689 57.091 43.342 37.398 15.887 16.048 57.356 26.176 26.272 15.280 18.299 20.200 20.386 26.049 14.273 22.369 11.593 11.720 16.277 23.315 22.421 20.644 11.540 6.973 16.030 16.978 17.770 8.913 7.070 21/08/2090
0.000 0.000 0.000 0.000 0.000 0.000 0.000 0.000 0.000 0.000 0.000 0.000 0.000 0.000 0.000 0.000 0.000 0.000 0.000 0.000 0.000 0.000 0.000 0.000 0.000 0.000 0.000 0.000 0.000 0.000 22/08/2090
0.000 0.000 0.000 0.000 0.000 0.000 0.000 0.000 0.000 0.000 0.000 0.000 0.000 0.000 0.000 0.000 0.000 0.000 0.000 0.000 0.000 0.000 0.000 0.000 0.000 0.000 0.000 0.000 0.000 0.000 23/08/2090
0.000 0.000 0.000 0.000 0.000 0.000 0.000 0.000 0.000 0.000 0.000 0.000 0.000 0.000 0.000 0.000 0.000 0.000 0.000 0.000 0.000 0.000 0.000 0.000 0.000 0.000 0.000 0.000 0.000 0.000 24/08/2090
0.000 0.000 0.000 0.000 0.000 0.000 0.000 0.000 0.000 0.000 0.000 0.000 0.000 0.000 0.000 0.000 0.000 0.000 0.000 0.000 0.000 0.000 0.000 0.000 0.000 0.000 0.000 0.000 0.000 0.000 25/08/2090
0.000 0.214 0.173 0.472 0.729 0.219 0.222 0.177 0.810 1.042 0.516 0.473 0.579 0.584 1.033 0.364 0.502 0.317 0.323 0.255 0.793 0.503 0.737 0.314 0.000 0.909 0.613 0.874 0.468 0.000 26/08/2090
0.000 0.000 0.000 0.000 0.000 0.000 0.000 0.000 0.000 0.000 0.107 0.194 0.000 0.000 0.000 0.133 0.758 0.383 0.390 0.000 0.000 0.759 1.006 0.380 0.000 0.000 0.295 0.469 0.000 0.000 27/08/2090
0.000 0.000 0.000 0.000 0.000 0.000 0.000 0.000 0.000 0.000 0.000 0.000 0.000 0.000 0.000 0.000 0.000 0.000 0.000 0.000 0.000 0.000 0.000 0.000 0.000 0.000 0.000 0.000 0.000 0.000 28/08/2090
12.960 12.315 12.589 9.275 11.057 12.471 12.599 12.689 6.070 7.121 12.557 8.887 9.737 9.825 7.046 12.084 9.719 9.594 9.699 6.541 7.332 9.741 9.430 9.550 6.480 6.430 8.352 7.602 6.609 6.580 29/08/2090
0.000 0.000 0.000 0.000 0.000 0.000 0.000 0.000 0.000 0.000 0.000 0.000 0.000 0.000 0.000 0.000 0.000 0.000 0.000 0.000 0.000 0.000 0.000 0.000 0.000 0.000 0.000 0.000 0.000 0.000 30/08/2090
0.000 0.000 0.000 0.000 0.000 0.000 0.000 0.000 0.000 0.000 0.000 0.000 0.000 0.000 0.000 0.000 0.000 0.000 0.000 0.000 0.000 0.000 0.000 0.000 0.000 0.000 0.000 0.000 0.000 0.000 31/08/2090
0.000 0.000 0.000 0.000 0.000 0.000 0.000 0.000 0.000 0.000 0.000 0.000 0.000 0.000 0.000 0.000 0.000 0.000 0.000 0.000 0.000 0.000 0.000 0.000 0.000 0.000 0.000 0.000 0.000 0.000 01/09/2090
0.000 0.000 0.000 0.000 0.000 0.000 0.000 0.000 0.000 0.000 0.000 0.000 0.000 0.000 0.000 0.000 0.000 0.000 0.000 0.000 0.000 0.000 0.000 0.000 0.000 0.000 0.000 0.000 0.000 0.000 02/09/2090
0.000 0.000 0.000 0.000 0.000 0.000 0.000 0.000 0.000 0.000 0.000 0.000 0.000 0.000 0.000 0.000 0.000 0.000 0.000 0.000 0.000 0.000 0.000 0.000 0.000 0.000 0.000 0.000 0.000 0.000 03/09/2090
0.000 0.000 0.000 0.000 0.000 0.000 0.000 0.000 0.000 0.000 0.000 0.000 0.000 0.000 0.000 0.000 0.000 0.000 0.000 0.000 0.000 0.000 0.000 0.000 0.000 0.000 0.000 0.000 0.000 0.000 04/09/2090
0.000 0.000 0.000 0.000 0.000 0.000 0.000 0.000 0.000 0.000 0.000 0.000 0.000 0.000 0.000 0.000 0.000 0.000 0.000 0.000 0.000 0.000 0.000 0.000 0.000 0.000 0.000 0.000 0.000 0.000 05/09/2090
0.000 0.000 0.000 0.000 0.000 0.000 0.000 0.000 0.000 0.000 0.000 0.000 0.000 0.000 0.000 0.000 0.000 0.000 0.000 0.000 0.000 0.000 0.000 0.000 0.000 0.000 0.000 0.000 0.000 0.000 06/09/2090
0.000 0.000 0.000 0.000 0.000 0.000 0.000 0.000 0.000 0.000 0.000 0.000 0.000 0.000 0.000 0.000 0.000 0.000 0.000 0.000 0.000 0.000 0.000 0.000 0.000 0.000 0.000 0.000 0.000 0.000 07/09/2090
0.000 0.000 0.000 0.000 0.000 0.000 0.000 0.000 0.000 0.000 0.000 0.000 0.000 0.000 0.000 0.000 0.000 0.000 0.000 0.000 0.000 0.000 0.000 0.000 0.000 0.000 0.000 0.000 0.000 0.000 08/09/2090
2.439 4.501 6.057 11.483 11.074 4.608 4.656 6.105 4.300 4.094 6.181 4.743 4.863 4.908 4.063 5.605 2.356 5.806 5.870 2.982 1.704 2.361 3.070 5.780 4.384 1.964 2.259 2.993 4.208 4.454 09/09/2090
1.763 2.788 2.909 6.547 7.269 2.823 2.847 2.932 2.437 3.015 3.597 3.310 3.190 3.219 2.989 3.909 2.049 3.763 3.805 2.058 1.540 2.053 2.372 3.746 3.148 2.027 2.033 2.319 3.310 3.197 10/09/2090
1.801 1.529 1.438 2.206 2.675 1.535 1.550 1.432 2.123 2.834 1.745 2.309 2.290 2.307 2.811 1.767 2.072 3.077 3.111 2.099 1.519 2.077 2.413 3.064 2.965 1.661 2.056 2.366 3.092 3.011 11/09/2090
0.906 0.799 0.420 4.562 4.630 0.809 0.817 0.423 9.017 10.200 1.707 1.414 4.301 4.340 10.119 1.749 6.458 22.253 22.493 25.532 4.165 6.474 7.325 22.153 8.762 7.112 20.980 23.421 19.875 8.989 12/09/2090
5.335 7.861 3.430 6.754 7.527 7.961 8.046 3.455 5.461 6.530 1.449 4.004 9.050 9.133 6.479 1.477 0.283 2.232 2.257 2.963 1.269 0.283 0.320 2.224 1.746 0.656 0.833 1.090 0.894 1.771 13/09/2090
12.184 32.592 26.893 29.797 33.139 33.006 33.343 27.108 34.009 35.355 35.853 49.373 35.510 35.828 35.054 33.899 15.688 23.048 23.296 33.631 19.602 15.725 17.748 22.945 10.243 12.247 9.957 11.492 4.616 10.505 14/09/2090
0.000 0.000 0.000 0.000 0.000 0.000 0.000 0.000 0.000 0.000 0.000 0.165 0.000 0.000 0.000 0.000 0.169 0.154 0.159 0.195 0.259 0.169 0.177 0.152 0.178 0.248 0.182 0.205 0.215 0.180 15/09/2090
14.655 11.376 11.037 8.372 9.264 11.520 11.638 11.125 6.512 7.401 6.961 21.472 10.892 10.994 7.338 7.010 2.930 16.614 16.798 3.978 5.494 2.937 3.555 16.537 4.146 2.532 0.599 0.837 1.642 4.206 16/09/2090
3.152 1.950 1.930 1.855 1.864 1.972 1.991 1.937 1.854 2.398 0.750 1.429 0.809 0.812 2.383 0.788 0.127 0.413 0.418 0.331 0.000 0.127 0.123 0.411 0.190 0.109 0.000 0.000 0.215 0.191 17/09/2090
0.000 0.000 0.000 0.000 0.000 0.000 0.000 0.000 0.000 0.000 0.000 0.000 0.000 0.000 0.000 0.000 0.000 0.000 0.000 0.000 0.000 0.000 0.000 0.000 0.000 0.000 0.000 0.000 0.000 0.000 18/09/2090
4.553 11.951 7.572 4.522 4.584 12.137 12.261 7.632 3.972 5.159 30.224 14.778 6.346 6.427 5.116 27.756 9.430 5.932 5.991 5.967 20.843 9.452 10.952 5.908 4.112 10.743 9.520 10.949 7.111 4.173 19/09/2090
0.000 0.000 0.000 0.000 0.000 0.000 0.000 0.000 0.000 0.000 0.000 0.000 0.000 0.000 0.000 0.000 0.000 0.000 0.000 0.000 0.000 0.000 0.000 0.000 0.000 0.000 0.000 0.000 0.000 0.000 20/09/2090
0.000 0.000 0.000 0.000 0.000 0.000 0.000 0.000 0.000 0.000 0.000 0.000 0.000 0.000 0.000 0.000 0.000 0.000 0.000 0.000 0.000 0.000 0.000 0.000 0.000 0.000 0.000 0.000 0.000 0.000 21/09/2090
0.000 0.000 0.000 0.000 0.000 0.000 0.000 0.000 0.000 0.000 0.000 0.000 0.000 0.000 0.000 0.000 0.000 0.000 0.000 0.000 0.000 0.000 0.000 0.000 0.000 0.000 0.000 0.000 0.000 0.000 22/09/2090
0.000 0.000 0.000 0.000 0.000 0.000 0.000 0.000 0.000 0.000 0.000 0.000 0.000 0.000 0.000 0.000 0.000 0.000 0.000 0.000 0.000 0.000 0.000 0.000 0.000 0.000 0.000 0.000 0.000 0.000 23/09/2090
0.924 0.136 0.223 0.475 0.253 0.137 0.138 0.224 0.341 0.357 0.108 0.000 0.103 0.103 0.354 0.113 0.000 0.000 0.000 0.269 0.000 0.000 0.000 0.000 0.599 0.000 0.000 0.000 0.118 0.607 24/09/2090
0.000 0.000 0.000 0.000 0.000 0.000 0.000 0.000 0.000 0.000 0.000 0.000 0.000 0.000 0.000 0.000 0.000 0.000 0.000 0.000 0.000 0.000 0.000 0.000 0.000 0.000 0.000 0.000 0.000 0.000 25/09/2090
0.000 0.000 0.000 0.000 0.000 0.000 0.000 0.000 0.000 0.000 0.000 0.000 0.000 0.000 0.000 0.000 0.000 0.000 0.000 0.000 0.000 0.000 0.000 0.000 0.000 0.000 0.000 0.000 0.000 0.000 26/09/2090
0.000 0.000 0.000 0.000 0.000 0.000 0.000 0.000 0.000 0.000 0.000 0.000 0.000 0.000 0.000 0.000 0.000 0.000 0.000 0.000 0.000 0.000 0.000 0.000 0.000 0.000 0.000 0.000 0.000 0.000 27/09/2090
0.000 0.000 0.000 0.000 0.000 0.000 0.000 0.000 0.000 0.000 0.000 0.000 0.000 0.000 0.000 0.000 0.000 0.000 0.000 0.000 0.000 0.000 0.000 0.000 0.000 0.000 0.000 0.000 0.000 0.000 28/09/2090
0.000 0.000 0.000 0.000 0.000 0.000 0.000 0.000 0.000 0.000 0.000 0.000 0.000 0.000 0.000 0.000 0.000 0.000 0.000 0.000 0.000 0.000 0.000 0.000 0.000 0.000 0.000 0.000 0.000 0.000 29/09/2090
0.000 0.000 0.000 0.000 0.000 0.000 0.000 0.000 0.000 0.000 0.000 0.000 0.000 0.000 0.000 0.000 0.000 0.000 0.000 0.000 0.000 0.000 0.000 0.000 0.000 0.000 0.000 0.000 0.000 0.000 30/09/2090
0.000 0.000 0.000 0.000 0.000 0.000 0.000 0.000 0.000 0.000 0.000 0.000 0.000 0.000 0.000 0.000 0.000 0.000 0.000 0.000 0.000 0.000 0.000 0.000 0.000 0.000 0.000 0.000 0.000 0.000 01/10/2090
0.000 0.000 0.000 0.000 0.000 0.000 0.000 0.000 0.000 0.000 0.000 0.000 0.000 0.000 0.000 0.000 0.000 0.000 0.000 0.000 0.000 0.000 0.000 0.000 0.000 0.000 0.000 0.000 0.000 0.000 02/10/2090
0.475 0.359 0.407 0.755 0.788 0.353 0.354 0.410 0.375 0.490 0.457 0.218 0.336 0.339 0.487 0.564 0.391 0.328 0.340 0.367 0.190 0.392 0.376 0.327 0.267 0.185 0.421 0.405 0.169 0.270 03/10/2090
0.000 0.000 0.000 0.000 0.000 0.000 0.000 0.000 0.000 0.000 0.000 0.000 0.000 0.000 0.000 0.000 0.000 0.000 0.000 0.000 0.000 0.000 0.000 0.000 0.000 0.000 0.000 0.000 0.000 0.000 04/10/2090
0.000 0.000 0.000 0.000 0.000 0.000 0.000 0.000 0.000 0.000 0.000 0.000 0.000 0.000 0.000 0.000 0.000 0.000 0.000 0.000 0.000 0.000 0.000 0.000 0.000 0.000 0.000 0.000 0.000 0.000 05/10/2090
0.000 0.000 0.000 0.000 0.000 0.000 0.000 0.000 0.000 0.000 0.000 0.000 0.000 0.000 0.000 0.000 0.000 0.000 0.000 0.000 0.000 0.000 0.000 0.000 0.000 0.000 0.000 0.000 0.000 0.000 06/10/2090
0.000 0.000 0.000 0.000 0.000 0.000 0.000 0.000 0.000 0.000 0.000 0.000 0.000 0.000 0.000 0.000 0.000 0.000 0.000 0.000 0.000 0.000 0.000 0.000 0.000 0.000 0.000 0.000 0.000 0.000 07/10/2090
0.000 0.000 0.000 0.000 0.000 0.000 0.000 0.000 0.000 0.000 0.000 0.000 0.000 0.000 0.000 0.000 0.000 0.000 0.000 0.000 0.000 0.000 0.000 0.000 0.000 0.000 0.000 0.000 0.000 0.000 08/10/2090
0.000 0.000 0.000 0.000 0.000 0.000 0.000 0.000 0.000 0.000 0.000 0.000 0.000 0.000 0.000 0.000 0.000 0.000 0.000 0.000 0.000 0.000 0.000 0.000 0.000 0.000 0.000 0.000 0.000 0.000 09/10/2090
0.000 0.000 0.000 0.000 0.000 0.000 0.000 0.000 0.000 0.000 0.000 0.000 0.000 0.000 0.000 0.000 0.000 0.000 0.000 0.000 0.000 0.000 0.000 0.000 0.000 0.000 0.000 0.000 0.000 0.000 10/10/2090
0.000 0.000 0.000 0.000 0.000 0.000 0.000 0.000 0.000 0.000 0.000 0.000 0.000 0.000 0.000 0.000 0.000 0.000 0.000 0.000 0.000 0.000 0.000 0.000 0.000 0.000 0.000 0.000 0.000 0.000 11/10/2090
0.000 0.000 0.105 0.000 0.000 0.000 0.000 0.106 0.000 0.000 0.000 0.000 0.000 0.000 0.000 0.000 0.000 0.000 0.000 0.000 1.404 0.000 0.000 0.000 0.000 6.425 0.160 0.270 0.000 0.000 12/10/2090
0.117 0.000 0.184 0.383 0.241 0.000 0.000 0.185 0.277 0.114 3.151 0.276 0.233 0.234 0.114 3.116 0.637 0.212 0.218 0.307 5.545 0.639 0.660 0.211 0.364 7.429 3.116 3.852 0.589 0.369 13/10/2090
4.616 6.385 6.594 5.031 5.609 6.466 6.532 6.647 7.122 6.907 6.335 7.090 6.824 6.884 6.849 5.693 6.290 6.849 6.921 7.964 5.675 6.305 7.490 6.819 8.164 4.598 5.325 6.308 7.781 8.292 14/10/2090
0.101 0.000 0.186 0.212 0.100 0.000 0.000 0.187 0.155 0.000 0.000 0.000 0.127 0.127 0.000 0.000 0.000 0.137 0.138 0.129 0.000 0.000 0.104 0.136 0.119 0.110 0.000 0.104 0.141 0.122 15/10/2090
0.103 0.000 0.000 0.000 0.000 0.100 0.094 0.000 0.000 0.000 0.000 0.000 0.131 0.132 0.000 0.000 0.080 0.134 0.135 0.103 0.156 0.080 0.128 0.134 0.000 0.000 0.000 0.107 0.113 0.000 16/10/2090
0.000 0.000 0.000 0.000 0.000 0.000 0.000 0.000 0.000 0.000 0.000 0.000 0.000 0.000 0.000 0.000 0.000 0.000 0.000 0.000 0.000 0.000 0.000 0.000 0.000 0.000 0.000 0.000 0.000 0.000 17/10/2090
0.000 0.000 0.000 0.000 0.000 0.000 0.000 0.000 0.000 0.000 0.000 0.000 0.000 0.000 0.000 0.000 0.000 0.000 0.000 0.000 0.000 0.000 0.000 0.000 0.000 0.000 0.000 0.000 0.000 0.000 18/10/2090
2.271 1.442 0.476 0.391 0.257 1.468 1.484 0.480 0.162 0.000 1.102 0.688 0.240 0.241 0.000 1.251 0.293 0.125 0.127 0.101 0.796 0.294 0.330 0.124 0.000 0.188 0.096 0.129 0.000 0.000 19/10/2090
7.941 8.379 8.038 7.970 8.659 8.486 8.573 8.102 8.454 8.848 8.868 8.491 8.859 8.940 8.776 8.895 9.929 8.836 8.933 8.727 8.346 9.952 9.426 8.795 8.543 8.881 9.176 8.947 8.410 8.678 20/10/2090
0.000 0.000 0.000 0.000 0.000 0.000 0.000 0.000 0.000 0.000 0.000 0.000 0.000 0.000 0.000 0.000 0.000 0.000 0.000 0.000 0.000 0.000 0.000 0.000 0.000 0.000 0.000 0.000 0.000 0.000 21/10/2090
4.281 3.010 2.404 1.341 1.661 3.049 3.077 2.429 2.533 2.545 2.954 3.044 3.271 3.295 2.523 2.918 2.291 3.412 3.441 3.475 2.033 2.296 2.983 3.398 2.843 1.632 1.457 2.421 2.879 2.906 22/10/2090
8.818 9.062 9.856 15.660 15.779 9.178 9.272 9.934 12.004 12.112 9.003 8.709 9.407 9.494 12.016 9.072 8.357 8.643 8.739 9.248 7.601 8.376 8.692 8.604 8.194 4.550 5.307 6.269 7.420 8.323 23/10/2090
0.000 0.000 0.000 0.000 0.000 0.000 0.000 0.000 0.000 0.000 0.000 0.000 0.000 0.000 0.000 0.000 0.000 0.000 0.000 0.000 0.000 0.000 0.000 0.000 0.000 0.000 0.000 0.000 0.000 0.000 24/10/2090
0.000 0.000 0.000 0.000 0.000 0.000 0.000 0.000 0.000 0.000 0.000 0.000 0.000 0.000 0.000 0.000 0.000 0.000 0.000 0.000 0.000 0.000 0.000 0.000 0.000 0.000 0.000 0.000 0.000 0.000 25/10/2090
0.000 0.000 0.000 0.000 0.000 0.000 0.000 0.000 0.000 0.000 0.000 0.000 0.000 0.000 0.000 0.000 0.000 0.000 0.000 0.000 0.000 0.000 0.000 0.000 0.000 0.000 0.000 0.000 0.000 0.000 26/10/2090
0.000 0.000 0.000 0.000 0.000 0.000 0.000 0.000 0.000 0.000 0.000 0.000 0.000 0.000 0.000 0.000 0.000 0.000 0.000 0.000 0.000 0.000 0.000 0.000 0.000 0.000 0.000 0.000 0.000 0.000 27/10/2090
0.000 0.000 0.000 0.000 0.000 0.000 0.000 0.000 0.000 0.000 0.000 0.000 0.000 0.000 0.000 0.000 0.000 0.000 0.000 0.000 0.000 0.000 0.000 0.000 0.000 0.000 0.000 0.000 0.000 0.000 28/10/2090
0.000 0.000 0.000 0.000 0.000 0.000 0.000 0.000 0.000 0.000 0.000 0.000 0.000 0.000 0.000 0.000 0.000 0.000 0.000 0.000 0.000 0.000 0.000 0.000 0.000 0.000 0.000 0.000 0.000 0.000 29/10/2090
0.379 0.155 0.196 0.481 0.424 0.158 0.162 0.200 0.914 0.797 1.046 1.145 1.108 1.120 0.793 1.140 1.623 1.767 1.813 1.196 2.050 1.627 1.773 1.760 1.200 3.029 3.057 3.749 2.383 1.221 30/10/2090
12.579 8.756 6.857 7.096 8.300 8.855 8.935 6.911 14.154 15.608 5.614 7.807 13.900 14.029 15.474 5.595 17.063 35.869 36.182 34.561 11.421 17.103 19.283 35.739 31.059 21.927 35.678 32.337 31.974 31.502 31/10/2090
1.146 1.534 1.995 2.345 2.555 1.567 1.588 2.011 13.736 14.980 1.037 1.014 2.681 2.705 14.853 1.127 0.866 4.012 4.057 2.423 1.865 0.868 1.152 3.993 2.803 1.366 0.714 1.061 1.925 2.846 01/11/2090
12.552 16.106 14.140 14.082 17.579 16.311 16.478 14.312 14.125 15.565 14.397 16.731 17.105 17.264 15.431 14.765 15.098 17.021 17.211 12.942 16.452 15.133 17.535 16.943 10.334 17.931 15.178 17.541 13.284 10.498 02/11/2090
4.713 1.822 1.288 1.442 1.514 1.842 1.890 1.298 1.197 1.104 1.512 1.346 0.886 0.889 1.095 1.710 0.358 0.287 0.282 0.534 1.496 0.359 0.585 0.283 0.135 0.210 0.000 0.000 0.000 0.136 03/11/2090
0.000 0.000 0.000 0.000 0.000 0.000 0.000 0.000 0.000 0.000 0.000 0.000 0.000 0.000 0.000 0.000 0.000 0.000 0.000 0.000 0.000 0.000 0.000 0.000 0.000 0.000 0.000 0.000 0.000 0.000 04/11/2090
0.509 0.369 0.000 0.000 0.000 0.371 0.385 0.000 0.000 0.000 0.277 0.101 0.000 0.000 0.000 0.347 0.000 0.000 0.000 0.000 0.000 0.000 0.000 0.000 0.482 0.000 0.000 0.000 0.000 0.501 05/11/2090
4.626 3.041 2.343 1.218 1.259 3.079 3.166 2.363 1.080 0.933 5.999 4.341 2.415 2.438 0.931 6.104 3.363 2.722 2.752 0.921 6.292 3.371 4.055 2.710 1.370 5.460 3.473 4.106 2.875 1.390 06/11/2090
0.000 0.000 0.000 0.000 0.000 0.000 0.000 0.000 0.000 0.000 0.000 0.000 0.000 0.000 0.000 0.000 0.000 0.000 0.000 0.000 0.000 0.000 0.000 0.000 0.000 0.000 0.000 0.000 0.000 0.000 07/11/2090
9.820 10.083 9.494 8.471 9.880 10.214 10.321 9.570 8.711 9.596 10.431 10.805 10.592 10.690 9.515 10.492 11.089 9.524 9.623 7.891 10.507 11.115 11.174 9.482 7.547 10.475 10.199 10.257 9.481 7.667 08/11/2090
1.965 1.898 2.969 3.481 4.071 1.921 1.964 2.992 3.058 3.241 1.806 1.881 1.873 1.884 3.217 1.936 1.630 2.454 2.481 3.153 2.064 1.634 1.785 2.442 2.857 2.120 2.058 2.332 2.130 2.899 09/11/2090
0.218 0.385 0.117 0.139 0.000 0.388 0.396 0.118 0.500 0.409 0.672 1.128 0.631 0.641 0.407 0.814 0.579 0.909 0.912 0.533 0.331 0.581 0.872 0.908 1.076 1.078 0.603 0.917 0.837 1.097 10/11/2090
0.000 0.000 0.000 0.000 0.000 0.000 0.000 0.000 0.000 0.000 0.000 0.000 0.000 0.000 0.000 0.000 0.000 0.000 0.000 0.000 0.000 0.000 0.000 0.000 0.000 0.000 0.000 0.000 0.000 0.000 11/11/2090
0.000 0.000 0.000 0.000 0.000 0.000 0.000 0.000 0.000 0.000 0.000 0.000 0.000 0.000 0.000 0.000 0.000 0.000 0.000 0.000 0.000 0.000 0.000 0.000 0.000 0.000 0.000 0.000 0.000 0.000 12/11/2090
0.000 0.000 0.000 0.000 0.000 0.000 0.000 0.000 0.000 0.000 0.000 0.000 0.000 0.000 0.000 0.000 0.000 0.000 0.000 0.000 0.000 0.000 0.000 0.000 0.000 0.000 0.000 0.000 0.000 0.000 13/11/2090
0.000 0.000 0.000 0.000 0.000 0.000 0.000 0.000 0.000 0.000 0.000 0.000 0.000 0.000 0.000 0.000 0.000 0.000 0.000 0.000 0.000 0.000 0.000 0.000 0.000 0.000 0.000 0.000 0.000 0.000 14/11/2090
0.999 1.552 0.924 1.044 1.088 1.577 1.594 0.928 1.145 1.546 1.305 1.686 0.757 0.764 1.511 1.395 1.301 2.056 2.079 1.445 1.766 1.303 2.002 2.046 3.036 1.853 2.016 2.651 2.568 3.103 15/11/2090
1.895 1.411 0.555 0.468 0.415 1.438 1.454 0.558 0.679 1.018 0.645 0.839 0.614 0.619 1.002 0.847 0.426 0.332 0.343 0.191 0.486 0.427 0.398 0.331 0.567 0.528 0.403 0.392 0.422 0.573 16/11/2090
1.097 0.308 0.117 0.473 0.419 0.310 0.354 0.118 0.728 0.635 2.225 0.967 0.320 0.320 0.634 2.346 1.255 0.539 0.572 1.056 4.749 1.257 1.329 0.538 1.475 1.658 0.971 1.194 1.269 1.492 17/11/2090
0.000 0.000 0.000 0.000 0.000 0.000 0.000 0.000 0.000 0.000 0.000 0.000 0.000 0.000 0.000 0.000 0.000 0.000 0.000 0.000 0.000 0.000 0.000 0.000 0.000 0.000 0.000 0.000 0.000 0.000 18/11/2090
8.316 7.989 6.770 5.724 6.438 8.090 8.181 6.822 4.729 5.948 8.482 7.945 6.341 6.422 5.899 8.754 5.973 5.935 5.993 4.919 7.017 5.987 6.750 5.910 4.283 6.984 5.323 6.147 4.941 4.339 19/11/2090
4.363 5.208 7.255 8.319 9.182 5.320 5.374 7.313 8.576 9.513 4.761 6.872 8.435 8.513 9.438 5.118 6.656 9.345 9.447 10.300 6.232 6.673 7.626 9.302 11.460 7.388 7.684 8.858 10.429 11.642 20/11/2090
4.226 3.991 5.119 6.109 7.205 4.042 4.083 5.157 5.554 6.129 3.981 4.260 5.039 5.081 6.095 4.341 4.279 5.960 6.018 5.850 4.553 4.289 5.110 5.934 6.136 4.980 4.540 5.216 5.928 6.211 21/11/2090
3.313 2.757 3.248 4.476 5.126 2.769 2.787 3.272 3.036 3.821 2.603 2.534 2.749 2.775 3.784 2.672 2.304 2.718 2.749 2.653 2.983 2.309 2.838 2.705 2.417 2.566 2.505 3.164 2.792 2.442 22/11/2090
0.145 0.102 0.000 0.000 0.000 0.103 0.104 0.000 0.000 0.000 0.000 0.102 0.157 0.158 0.000 0.109 0.147 0.273 0.271 0.177 0.217 0.147 0.220 0.271 0.362 0.200 0.174 0.319 0.568 0.371 23/11/2090
0.000 0.000 0.000 0.000 0.000 0.000 0.000 0.000 0.000 0.000 0.000 0.000 0.000 0.000 0.000 0.000 0.000 0.000 0.000 0.000 0.000 0.000 0.000 0.000 0.000 0.000 0.000 0.000 0.000 0.000 24/11/2090
0.000 0.000 0.000 0.000 0.000 0.000 0.000 0.000 0.000 0.000 0.000 0.000 0.000 0.000 0.000 0.000 0.000 0.000 0.000 0.000 0.000 0.000 0.000 0.000 0.000 0.000 0.000 0.000 0.000 0.000 25/11/2090
0.000 0.000 0.000 0.000 0.000 0.000 0.000 0.000 0.000 0.000 0.000 0.000 0.000 0.000 0.000 0.000 0.000 0.000 0.000 0.000 0.000 0.000 0.000 0.000 0.000 0.000 0.000 0.000 0.000 0.000 26/11/2090
0.000 0.000 0.000 0.000 0.000 0.000 0.000 0.000 0.000 0.000 0.000 0.000 0.000 0.000 0.000 0.000 0.000 0.000 0.000 0.000 0.000 0.000 0.000 0.000 0.000 0.000 0.000 0.000 0.000 0.000 27/11/2090
0.000 0.000 0.000 0.000 0.000 0.000 0.000 0.000 0.000 0.000 0.000 0.000 0.000 0.000 0.000 0.000 0.000 0.000 0.000 0.000 0.000 0.000 0.000 0.000 0.000 0.000 0.000 0.000 0.000 0.000 28/11/2090
0.000 0.000 0.000 0.000 0.000 0.000 0.000 0.000 0.000 0.000 0.000 0.000 0.000 0.000 0.000 0.000 0.000 0.000 0.000 0.000 0.000 0.000 0.000 0.000 0.000 0.000 0.000 0.000 0.000 0.000 29/11/2090
0.000 0.000 0.000 0.000 0.000 0.000 0.000 0.000 0.000 0.000 0.000 0.000 0.000 0.000 0.000 0.000 0.000 0.000 0.000 0.000 0.000 0.000 0.000 0.000 0.000 0.000 0.000 0.000 0.000 0.000 30/11/2090
0.000 0.000 0.000 0.000 0.000 0.000 0.000 0.000 0.000 0.000 0.000 0.000 0.000 0.000 0.000 0.000 0.000 0.000 0.000 0.000 0.000 0.000 0.000 0.000 0.000 0.000 0.000 0.000 0.000 0.000 01/12/2090
0.000 0.000 0.000 0.000 0.000 0.000 0.000 0.000 0.000 0.000 0.000 0.000 0.000 0.000 0.000 0.000 0.000 0.000 0.000 0.000 0.000 0.000 0.000 0.000 0.000 0.000 0.000 0.000 0.000 0.000 02/12/2090
0.000 0.000 0.000 0.000 0.000 0.000 0.000 0.000 0.000 0.000 0.000 0.000 0.000 0.000 0.000 0.000 0.000 0.000 0.000 0.000 0.000 0.000 0.000 0.000 0.000 0.000 0.000 0.000 0.000 0.000 03/12/2090
0.000 0.000 0.000 0.000 0.000 0.000 0.000 0.000 0.000 0.000 0.000 0.000 0.000 0.000 0.000 0.107 0.000 0.000 0.000 0.000 0.000 0.000 0.000 0.000 0.000 0.086 0.000 0.000 0.000 0.000 04/12/2090
0.000 0.000 0.000 0.000 0.000 0.000 0.000 0.000 0.000 0.000 0.000 0.000 0.000 0.000 0.000 0.000 0.000 0.000 0.000 0.000 0.000 0.000 0.000 0.000 0.000 0.000 0.000 0.000 0.000 0.000 05/12/2090
0.000 0.000 0.000 0.000 0.000 0.000 0.000 0.000 0.000 0.000 0.000 0.000 0.000 0.000 0.000 0.000 0.000 0.000 0.000 0.000 0.000 0.000 0.000 0.000 0.000 0.000 0.000 0.000 0.000 0.000 06/12/2090
0.000 0.000 0.000 0.000 0.000 0.000 0.000 0.000 0.000 0.000 0.000 0.000 0.000 0.000 0.000 0.000 0.000 0.000 0.000 0.000 0.000 0.000 0.000 0.000 0.000 0.000 0.000 0.000 0.000 0.000 07/12/2090
0.000 0.000 0.000 0.000 0.000 0.000 0.000 0.000 0.000 0.000 0.000 0.000 0.000 0.000 0.000 0.000 0.000 0.000 0.000 0.000 0.000 0.000 0.000 0.000 0.000 0.000 0.000 0.000 0.000 0.000 08/12/2090
0.000 0.000 0.000 0.000 0.000 0.000 0.000 0.000 0.000 0.000 0.000 0.000 0.000 0.000 0.000 0.000 0.000 0.000 0.000 0.000 0.000 0.000 0.000 0.000 0.000 0.000 0.000 0.000 0.000 0.000 09/12/2090
0.000 0.000 0.000 0.000 0.000 0.000 0.000 0.000 0.000 0.000 0.000 0.000 0.000 0.000 0.000 0.000 0.000 0.000 0.000 0.000 0.000 0.000 0.000 0.000 0.000 0.000 0.000 0.000 0.000 0.000 10/12/2090
0.000 0.000 0.000 0.000 0.000 0.000 0.057 0.000 0.000 0.000 0.000 0.000 0.000 0.000 0.000 0.000 0.000 0.000 0.000 0.000 0.000 0.000 0.000 0.000 0.000 0.000 0.000 0.000 0.000 0.000 11/12/2090
0.000 0.000 0.000 0.000 0.000 0.000 0.000 0.000 0.000 0.000 0.000 0.000 0.000 0.000 0.000 0.000 0.000 0.000 0.000 0.000 0.000 0.000 0.000 0.000 0.000 0.000 0.000 0.000 0.000 0.000 12/12/2090
0.000 0.000 0.000 0.000 0.000 0.000 0.000 0.000 0.000 0.000 0.000 0.000 0.000 0.000 0.000 0.000 0.000 0.000 0.000 0.000 0.000 0.000 0.000 0.000 0.000 0.000 0.000 0.000 0.000 0.000 13/12/2090
0.000 0.000 0.000 0.000 0.000 0.000 0.000 0.000 0.000 0.000 0.000 0.000 0.000 0.000 0.000 0.000 0.000 0.000 0.000 0.000 0.000 0.000 0.000 0.000 0.000 0.000 0.000 0.000 0.000 0.000 14/12/2090
0.000 0.000 0.000 0.000 0.000 0.000 0.000 0.000 0.000 0.000 0.000 0.000 0.000 0.000 0.000 0.000 0.000 0.000 0.000 0.000 0.000 0.000 0.000 0.000 0.000 0.000 0.000 0.000 0.000 0.039 15/12/2090
0.000 0.000 0.000 0.000 0.000 0.000 0.000 0.000 0.000 0.000 0.000 0.000 0.000 0.000 0.000 0.000 0.000 0.000 0.000 0.000 0.000 0.000 0.000 0.000 0.000 0.000 0.000 0.000 0.000 0.000 16/12/2090
0.197 0.216 0.105 0.208 0.186 0.205 0.209 0.103 0.162 0.166 0.164 0.197 0.233 0.248 0.169 0.116 0.231 0.317 0.320 0.149 0.111 0.226 0.524 0.317 0.164 0.194 0.325 0.626 0.204 0.172 17/12/2090
0.210 0.331 0.000 0.549 0.444 0.338 0.340 0.000 0.414 0.175 0.000 0.333 0.000 0.000 0.184 0.000 0.462 0.000 0.000 0.625 0.000 0.496 0.584 0.000 0.677 0.000 0.659 0.813 0.000 0.676 18/12/2090
0.000 0.000 0.000 0.000 0.000 0.000 0.000 0.000 0.000 0.000 0.000 0.000 0.000 0.000 0.000 0.000 0.000 0.000 0.000 0.000 0.000 0.000 0.000 0.000 0.000 0.000 0.000 0.000 0.000 0.000 19/12/2090
0.000 0.000 0.000 0.000 0.000 0.000 0.000 0.000 0.000 0.000 0.000 0.000 0.000 0.000 0.000 0.000 0.000 0.000 0.039 0.000 0.000 0.000 0.000 0.000 0.000 0.000 0.000 0.000 0.000 0.000 20/12/2090
0.000 0.000 0.000 0.000 0.000 0.000 0.000 0.000 0.000 0.000 0.048 0.000 0.000 0.000 0.000 0.000 0.000 0.000 0.000 0.000 0.000 0.000 0.103 0.000 0.000 0.000 0.000 0.000 0.000 0.000 21/12/2090
0.000 0.000 0.000 0.000 0.000 0.000 0.000 0.000 0.000 0.000 0.000 0.000 0.000 0.000 0.000 0.000 0.000 0.000 0.000 0.000 0.000 0.000 0.000 0.000 0.000 0.000 0.000 0.000 0.000 0.000 22/12/2090
0.000 0.000 0.000 0.000 0.000 0.000 0.000 0.000 0.000 0.000 0.000 0.000 0.000 0.000 0.000 0.000 0.000 0.000 0.000 0.000 0.000 0.000 0.000 0.000 0.000 0.000 0.000 0.000 0.000 0.000 23/12/2090
0.000 0.000 0.000 0.000 0.000 0.000 0.000 0.000 0.000 0.000 0.000 0.000 0.000 0.000 0.000 0.000 0.000 0.100 0.000 0.000 0.000 0.000 0.000 0.050 0.000 0.000 0.000 0.000 0.000 0.000 24/12/2090
0.000 0.000 0.000 0.000 0.000 0.000 0.000 0.000 0.000 0.000 0.000 0.000 0.000 0.000 0.000 0.000 0.000 0.000 0.000 0.000 0.000 0.000 0.000 0.000 0.000 0.000 0.068 0.000 0.000 0.000 25/12/2090
0.000 0.000 0.000 0.065 0.000 0.000 0.000 0.000 0.000 0.000 0.000 0.000 0.000 0.000 0.000 0.000 0.000 0.000 0.000 0.000 0.000 0.062 0.000 0.000 0.000 0.000 0.000 0.000 0.000 0.000 26/12/2090
0.000 0.000 0.000 0.000 0.000 0.000 0.000 0.000 0.000 0.000 0.000 0.000 0.000 0.000 0.000 0.000 0.000 0.000 0.000 0.000 0.000 0.000 0.000 0.000 0.000 0.000 0.000 0.000 0.000 0.000 27/12/2090
0.000 0.041 0.000 0.162 0.169 0.000 0.000 0.000 0.124 0.000 0.000 0.000 0.109 0.114 0.000 0.000 0.000 0.113 0.117 0.100 0.000 0.000 0.093 0.109 0.000 0.000 0.000 0.000 0.058 0.000 28/12/2090
0.234 0.245 0.207 0.191 0.000 0.257 0.245 0.204 0.185 0.000 0.355 0.237 0.312 0.339 0.000 0.383 0.340 0.363 0.358 0.288 0.275 0.359 0.486 0.361 0.428 0.338 0.370 0.558 0.501 0.403 29/12/2090
0.000 0.000 0.000 0.000 0.000 0.000 0.000 0.000 0.000 0.000 0.000 0.000 0.000 0.000 0.000 0.000 0.000 0.000 0.000 0.000 0.000 0.000 0.000 0.000 0.000 0.000 0.000 0.000 0.000 0.000 30/12/2090
0.000 0.000 0.000 0.000 0.000 0.000 0.000 0.000 0.000 0.000 0.000 0.047 0.000 0.000 0.000 0.000 0.000 0.000 0.000 0.000 0.000 0.000 0.000 0.000 0.000 0.000 0.000 0.000 0.000 0.000 31/12/2090
0.000 0.000 0.000 0.000 0.000 0.000 0.000 0.000 0.000 0.000 0.000 0.000 0.000 0.000 0.000 0.000 0.000 0.000 0.000 0.000 0.000 0.000 0.000 0.000 0.000 0.000 0.000 0.000 0.000 0.000 01/01/2091
0.000 0.000 0.000 0.000 0.000 0.000 0.000 0.000 0.000 0.000 0.000 0.000 0.000 0.000 0.000 0.000 0.000 0.000 0.000 0.000 0.000 0.000 0.000 0.000 0.000 0.000 0.000 0.000 0.000 0.000 02/01/2091
0.164 0.237 0.000 0.000 0.000 0.221 0.223 0.000 0.116 0.000 0.558 0.198 0.132 0.133 0.000 0.510 0.172 0.165 0.170 0.115 0.443 0.172 0.469 0.162 0.124 0.432 0.190 0.488 0.196 0.126 03/01/2091
0.000 0.000 0.000 0.000 0.000 0.000 0.000 0.050 0.000 0.000 0.000 0.000 0.000 0.000 0.000 0.000 0.000 0.000 0.000 0.000 0.000 0.000 0.000 0.000 0.000 0.000 0.000 0.000 0.000 0.000 04/01/2091
0.000 0.000 0.000 0.000 0.000 0.000 0.000 0.000 0.000 0.000 0.000 0.000 0.000 0.000 0.000 0.000 0.000 0.000 0.000 0.000 0.000 0.000 0.000 0.000 0.000 0.000 0.000 0.000 0.177 0.000 05/01/2091
0.213 0.278 0.199 0.513 0.588 0.276 0.282 0.198 0.174 0.197 0.200 0.202 0.219 0.233 0.190 0.214 0.210 0.173 0.176 0.100 0.322 0.207 0.514 0.174 0.000 0.403 0.344 0.685 0.192 0.000 06/01/2091
0.599 0.656 0.579 0.794 0.887 0.629 0.631 0.573 0.612 0.881 0.374 0.457 0.850 0.859 0.884 0.389 0.455 0.896 0.862 0.581 0.390 0.453 0.826 0.838 0.610 0.314 0.397 0.768 0.725 0.568 07/01/2091
1.731 0.752 1.581 2.639 2.753 0.789 0.824 1.579 2.552 2.499 0.351 0.212 1.085 1.132 2.496 0.378 0.139 0.632 0.622 1.843 0.172 0.139 0.184 0.633 0.684 0.135 0.126 0.175 0.883 0.687 08/01/2091
0.000 0.000 0.000 0.000 0.000 0.000 0.000 0.000 0.000 0.000 0.000 0.000 0.000 0.000 0.000 0.000 0.000 0.000 0.000 0.000 0.000 0.000 0.000 0.000 0.000 0.000 0.000 0.000 0.000 0.000 09/01/2091
0.000 0.000 0.000 0.000 0.000 0.000 0.000 0.000 0.000 0.000 0.000 0.000 0.000 0.000 0.000 0.000 0.000 0.000 0.000 0.000 0.000 0.000 0.000 0.000 0.000 0.000 0.000 0.000 0.000 0.000 10/01/2091
0.000 0.000 0.000 0.000 0.000 0.000 0.000 0.000 0.000 0.000 0.000 0.000 0.000 0.000 0.000 0.000 0.000 0.000 0.000 0.000 0.000 0.000 0.000 0.000 0.000 0.000 0.000 0.000 0.000 0.000 11/01/2091
0.000 0.000 0.000 0.000 0.000 0.000 0.000 0.000 0.000 0.000 0.000 0.000 0.000 0.000 0.000 0.000 0.000 0.000 0.000 0.000 0.000 0.000 0.000 0.000 0.000 0.000 0.000 0.000 0.000 0.000 12/01/2091
0.000 0.000 0.000 0.000 0.000 0.000 0.000 0.000 0.000 0.000 0.000 0.000 0.000 0.000 0.000 0.000 0.000 0.000 0.000 0.000 0.000 0.000 0.000 0.000 0.000 0.000 0.000 0.000 0.000 0.000 13/01/2091
0.000 0.000 0.000 0.000 0.000 0.000 0.000 0.000 0.000 0.000 0.000 0.000 0.000 0.000 0.000 0.000 0.000 0.000 0.000 0.040 0.000 0.000 0.000 0.000 0.000 0.000 0.000 0.000 0.000 0.000 14/01/2091
0.000 0.000 0.000 0.000 0.028 0.058 0.000 0.000 0.000 0.000 0.000 0.000 0.000 0.000 0.000 0.000 0.000 0.053 0.000 0.000 0.000 0.000 0.000 0.000 0.000 0.000 0.000 0.000 0.000 0.000 15/01/2091
0.000 0.000 0.000 0.000 0.000 0.000 0.000 0.000 0.000 0.000 0.000 0.000 0.000 0.000 0.000 0.000 0.000 0.000 0.000 0.000 0.000 0.000 0.000 0.000 0.000 0.000 0.000 0.000 0.000 0.000 16/01/2091
0.000 0.000 0.000 0.000 0.000 0.000 0.000 0.000 0.000 0.000 0.000 0.000 0.000 0.000 0.000 0.000 0.000 0.000 0.000 0.000 0.077 0.000 0.000 0.000 0.170 0.000 0.000 0.000 0.000 0.175 17/01/2091
0.000 0.000 0.000 0.000 0.000 0.000 0.000 0.000 0.186 0.000 0.000 0.000 0.128 0.131 0.000 0.000 0.000 0.125 0.122 0.213 0.000 0.000 0.000 0.124 0.151 0.000 0.000 0.137 0.149 0.141 18/01/2091
1.280 0.519 0.517 0.685 0.656 0.554 0.578 0.521 0.483 0.254 0.163 0.000 0.192 0.199 0.277 0.000 0.000 0.121 0.120 0.264 0.000 0.000 0.000 0.121 0.171 0.000 0.000 0.000 0.000 0.177 19/01/2091
21.902 17.476 18.690 18.047 22.751 16.196 15.340 17.898 26.103 22.942 14.026 14.172 20.451 26.262 21.825 13.280 17.008 30.734 31.000 33.151 13.535 17.047 19.917 30.623 30.389 13.702 17.143 19.688 30.203 30.800 20/01/2091
0.184 0.250 0.304 0.557 0.469 0.260 0.254 0.300 0.368 0.149 0.373 0.224 0.244 0.269 0.151 0.396 0.163 0.176 0.182 0.340 0.330 0.166 0.263 0.173 0.353 0.139 0.145 0.212 0.175 0.354 21/01/2091
0.167 0.180 0.000 0.000 0.000 0.188 0.192 0.000 0.000 0.000 0.397 0.138 0.135 0.139 0.000 0.405 0.000 0.118 0.118 0.000 0.413 0.000 0.145 0.118 0.000 0.256 0.236 0.337 0.000 0.000 22/01/2091
0.000 0.000 0.000 0.000 0.000 0.000 0.000 0.000 0.000 0.000 0.000 0.000 0.000 0.000 0.000 0.107 0.000 0.000 0.000 0.000 0.000 0.000 0.000 0.000 0.000 0.000 0.000 0.000 0.000 0.039 23/01/2091
0.205 0.000 0.000 0.000 0.000 0.000 0.000 0.000 0.000 0.000 0.000 0.000 0.000 0.000 0.000 0.000 0.000 0.000 0.000 0.000 0.000 0.000 0.000 0.000 0.000 0.000 0.000 0.000 0.000 0.000 24/01/2091
8.419 5.561 5.581 4.914 6.414 5.641 5.688 5.618 3.813 4.470 3.614 3.211 3.998 4.010 4.465 3.720 3.730 4.460 4.436 4.232 3.797 3.738 4.573 4.519 5.096 4.199 4.144 5.176 5.089 5.174 25/01/2091
1.825 2.378 2.588 2.703 3.792 2.463 2.434 2.723 3.905 4.518 2.847 3.109 4.268 4.235 4.499 2.687 2.834 3.891 3.932 4.226 2.427 2.835 3.286 3.876 3.525 1.778 2.102 2.360 2.787 3.581 26/01/2091
0.000 0.000 0.000 0.000 0.000 0.000 0.000 0.000 0.000 0.000 0.000 0.000 0.000 0.000 0.000 0.000 0.000 0.000 0.000 0.000 0.000 0.000 0.000 0.000 0.000 0.000 0.000 0.000 0.000 0.000 27/01/2091
0.000 0.000 0.000 0.000 0.000 0.000 0.000 0.000 0.000 0.000 0.057 0.000 0.000 0.000 0.000 0.000 0.000 0.000 0.000 0.000 0.000 0.000 0.000 0.000 0.000 0.000 0.000 0.000 0.000 0.000 28/01/2091
0.000 0.000 0.000 0.000 0.000 0.000 0.000 0.000 0.000 0.000 0.000 0.000 0.000 0.000 0.000 0.000 0.000 0.000 0.000 0.000 0.000 0.000 0.000 0.000 0.000 0.000 0.000 0.000 0.000 0.000 29/01/2091
0.000 0.000 0.000 0.000 0.000 0.000 0.000 0.000 0.000 0.000 0.000 0.000 0.000 0.000 0.000 0.000 0.000 0.000 0.000 0.000 0.000 0.000 0.000 0.000 0.000 0.000 0.000 0.000 0.000 0.000 30/01/2091
0.000 0.000 0.000 0.000 0.000 0.000 0.000 0.000 0.000 0.000 0.000 0.000 0.000 0.000 0.000 0.000 0.000 0.000 0.000 0.000 0.000 0.000 0.000 0.000 0.000 0.000 0.000 0.000 0.000 0.000 31/01/2091
0.000 0.000 0.000 0.000 0.000 0.000 0.000 0.000 0.000 0.000 0.000 0.000 0.000 0.000 0.000 0.000 0.000 0.000 0.000 0.000 0.000 0.000 0.000 0.000 0.000 0.000 0.000 0.000 0.000 0.000 01/02/2091
0.000 0.000 0.000 0.000 0.000 0.000 0.000 0.000 0.000 0.000 0.000 0.000 0.000 0.000 0.000 0.000 0.000 0.000 0.000 0.000 0.000 0.000 0.000 0.000 0.000 0.000 0.000 0.000 0.000 0.000 02/02/2091
0.000 0.048 0.000 0.180 0.169 0.000 0.000 0.000 0.064 0.000 0.000 0.000 0.165 0.173 0.000 0.000 0.000 0.153 0.137 0.059 0.000 0.000 0.070 0.133 0.000 0.000 0.000 0.000 0.000 0.000 03/02/2091
0.022 0.101 0.000 0.000 0.000 0.101 0.099 0.000 0.000 0.000 0.000 0.000 0.107 0.113 0.000 0.000 0.000 0.271 0.174 0.161 0.000 0.000 0.108 0.169 0.152 0.000 0.000 0.100 0.091 0.160 04/02/2091
4.569 4.858 4.156 3.735 4.944 4.909 5.115 4.188 4.520 4.900 3.801 4.995 5.406 5.455 4.864 3.891 3.992 6.086 6.153 6.203 2.805 4.000 5.043 6.058 8.802 2.611 3.699 4.596 6.264 8.942 05/02/2091
2.242 2.907 2.118 2.144 3.102 2.935 3.132 2.185 2.516 3.350 2.810 2.854 2.814 2.874 3.326 2.659 2.611 3.262 3.298 3.548 1.868 2.617 2.959 3.247 5.140 2.466 2.683 3.132 3.842 5.215 06/02/2091
0.616 0.846 0.503 0.785 0.876 0.846 0.850 0.496 1.070 1.326 1.234 1.010 1.198 1.187 1.312 1.219 1.426 1.332 1.296 1.264 1.235 1.429 1.557 1.338 2.037 2.178 2.001 2.262 2.143 2.063 07/02/2091
0.000 0.000 0.000 0.000 0.000 0.000 0.000 0.000 0.000 0.000 0.000 0.000 0.000 0.000 0.000 0.000 0.000 0.000 0.000 0.000 0.000 0.000 0.000 0.000 0.000 0.000 0.000 0.000 0.000 0.000 08/02/2091
0.000 0.000 0.000 0.000 0.000 0.000 0.000 0.000 0.000 0.000 0.000 0.000 0.000 0.000 0.000 0.000 0.000 0.000 0.000 0.000 0.000 0.000 0.000 0.000 0.093 0.000 0.000 0.000 0.000 0.000 09/02/2091
0.124 0.000 0.077 0.123 0.000 0.000 0.000 0.082 0.000 0.000 0.000 0.000 0.000 0.000 0.000 0.000 0.000 0.000 0.000 0.000 0.000 0.000 0.000 0.050 0.000 0.000 0.000 0.000 0.000 0.000 10/02/2091
0.589 0.369 0.349 0.739 1.104 0.365 0.315 0.324 0.325 0.372 0.147 0.143 0.326 0.292 0.370 0.096 0.000 0.247 0.157 0.182 0.000 0.000 0.204 0.250 0.000 0.000 0.000 0.000 0.000 0.000 11/02/2091
0.000 0.000 0.000 0.000 0.000 0.000 0.000 0.000 0.000 0.000 0.000 0.000 0.000 0.000 0.000 0.000 0.000 0.000 0.000 0.000 0.000 0.000 0.045 0.000 0.000 0.000 0.000 0.000 0.000 0.000 12/02/2091
0.000 0.000 0.000 0.000 0.000 0.000 0.000 0.000 0.000 0.000 0.000 0.000 0.100 0.000 0.000 0.000 0.000 0.000 0.000 0.000 0.000 0.000 0.000 0.000 0.000 0.000 0.000 0.000 0.000 0.000 13/02/2091
4.909 4.843 3.910 3.001 3.560 4.921 4.971 4.170 4.139 4.613 5.913 5.196 5.204 5.271 4.606 6.297 4.844 5.271 5.322 4.121 6.051 4.855 6.514 5.240 4.571 6.159 5.221 6.481 5.359 4.449 14/02/2091
0.000 0.000 0.000 0.000 0.000 0.000 0.000 0.000 0.000 0.000 0.000 0.000 0.000 0.000 0.000 0.000 0.000 0.000 0.000 0.000 0.000 0.062 0.000 0.000 0.000 0.000 0.000 0.000 0.000 0.000 15/02/2091
0.312 0.202 0.000 0.000 0.000 0.207 0.212 0.000 0.000 0.000 0.229 0.139 0.110 0.112 0.000 0.202 0.000 0.000 0.000 0.000 0.000 0.000 0.000 0.000 0.000 0.000 0.000 0.000 0.000 0.000 16/02/2091
5.825 6.140 6.366 5.707 7.557 6.229 6.435 6.407 6.227 6.300 6.680 5.680 6.714 6.983 6.231 6.872 6.036 6.040 6.052 4.967 6.171 6.048 7.126 6.015 3.971 6.157 5.166 6.449 5.165 4.024 17/02/2091
0.000 0.000 0.000 0.000 0.000 0.000 0.000 0.000 0.100 0.000 0.000 0.000 0.000 0.000 0.000 0.000 0.000 0.000 0.000 0.000 0.000 0.000 0.000 0.000 0.000 0.000 0.000 0.000 0.000 0.000 18/02/2091
0.000 0.000 0.000 0.000 0.000 0.000 0.000 0.000 0.000 0.000 0.000 0.000 0.000 0.000 0.000 0.000 0.000 0.000 0.000 0.000 0.000 0.000 0.000 0.000 0.000 0.000 0.000 0.000 0.000 0.000 19/02/2091
0.000 0.000 0.000 0.000 0.000 0.000 0.000 0.000 0.000 0.000 0.000 0.000 0.000 0.000 0.000 0.000 0.000 0.000 0.000 0.000 0.000 0.000 0.000 0.000 0.000 0.000 0.000 0.000 0.000 0.000 20/02/2091
0.000 0.000 0.000 0.000 0.000 0.000 0.000 0.000 0.000 0.000 0.000 0.000 0.000 0.000 0.000 0.000 0.000 0.000 0.000 0.000 0.000 0.000 0.000 0.000 0.000 0.000 0.000 0.000 0.000 0.000 21/02/2091
0.000 0.000 0.000 0.000 0.000 0.000 0.000 0.000 0.115 0.070 0.000 0.000 0.000 0.000 0.000 0.000 0.000 0.000 0.000 0.113 0.000 0.000 0.151 0.000 0.000 0.000 0.000 0.142 0.000 0.000 22/02/2091
0.000 0.000 0.000 0.000 0.000 0.000 0.000 0.000 0.000 0.000 0.000 0.000 0.000 0.000 0.000 0.000 0.000 0.000 0.000 0.000 0.000 0.000 0.000 0.000 0.000 0.000 0.000 0.000 0.000 0.000 23/02/2091
0.000 0.000 0.000 0.000 0.100 0.000 0.000 0.000 0.000 0.000 0.000 0.000 0.000 0.000 0.000 0.000 0.000 0.000 0.000 0.000 0.000 0.000 0.000 0.000 0.147 0.000 0.000 0.000 0.112 0.150 24/02/2091
0.000 0.000 0.000 0.000 0.000 0.000 0.000 0.000 0.000 0.000 0.000 0.000 0.000 0.000 0.000 0.000 0.000 0.000 0.000 0.000 0.000 0.000 0.000 0.000 0.000 0.000 0.000 0.000 0.000 0.000 25/02/2091
0.000 0.103 0.152 0.187 0.169 0.101 0.101 0.153 0.303 0.351 0.000 0.114 0.234 0.249 0.394 0.000 0.079 0.210 0.223 0.742 0.000 0.078 0.208 0.216 0.841 0.000 0.000 0.170 0.201 0.851 26/02/2091
0.000 0.000 0.000 0.126 0.000 0.000 0.000 0.000 0.000 0.000 0.000 0.000 0.000 0.000 0.000 0.000 0.000 0.000 0.000 0.060 0.000 0.000 0.000 0.000 0.000 0.000 0.000 0.080 0.000 0.000 27/02/2091
0.000 0.000 0.000 0.000 0.000 0.000 0.000 0.000 0.046 0.000 0.000 0.000 0.000 0.000 0.000 0.000 0.000 0.047 0.000 0.000 0.000 0.000 0.000 0.000 0.000 0.000 0.000 0.000 0.000 0.000 28/02/2091
0.000 0.000 0.000 0.000 0.000 0.000 0.000 0.000 0.000 0.000 0.000 0.000 0.000 0.000 0.000 0.000 0.000 0.000 0.000 0.000 0.000 0.000 0.000 0.000 0.000 0.000 0.000 0.000 0.000 0.000 01/03/2091
0.000 0.000 0.000 0.000 0.000 0.000 0.000 0.000 0.000 0.000 0.000 0.000 0.000 0.000 0.000 0.000 0.000 0.000 0.000 0.000 0.000 0.000 0.000 0.000 0.000 0.000 0.000 0.000 0.000 0.000 02/03/2091
0.000 0.000 0.000 0.000 0.000 0.000 0.000 0.000 0.000 0.000 0.000 0.000 0.000 0.000 0.000 0.000 0.000 0.000 0.000 0.000 0.000 0.000 0.000 0.000 0.000 0.000 0.000 0.000 0.000 0.000 03/03/2091
0.000 0.000 0.000 0.000 0.000 0.000 0.000 0.000 0.000 0.000 0.000 0.000 0.000 0.000 0.000 0.000 0.000 0.000 0.000 0.000 0.000 0.000 0.000 0.000 0.000 0.000 0.000 0.000 0.000 0.000 04/03/2091
0.000 0.000 0.000 0.000 0.000 0.000 0.000 0.000 0.000 0.000 0.000 0.000 0.000 0.000 0.000 0.000 0.000 0.000 0.000 0.000 0.000 0.000 0.000 0.000 0.000 0.000 0.000 0.000 0.000 0.000 05/03/2091
0.000 0.000 0.000 0.000 0.000 0.000 0.000 0.000 0.000 0.000 0.000 0.000 0.000 0.000 0.000 0.000 0.000 0.000 0.000 0.000 0.000 0.000 0.000 0.000 0.000 0.000 0.000 0.000 0.000 0.000 06/03/2091
0.000 0.000 0.000 0.000 0.000 0.000 0.000 0.000 0.000 0.000 0.000 0.000 0.000 0.000 0.000 0.000 0.000 0.000 0.000 0.000 0.000 0.000 0.000 0.000 0.000 0.000 0.000 0.000 0.000 0.000 07/03/2091
0.000 0.000 0.000 0.000 0.000 0.000 0.000 0.000 0.000 0.000 0.000 0.000 0.000 0.000 0.000 0.000 0.000 0.000 0.000 0.000 0.000 0.000 0.000 0.000 0.000 0.000 0.000 0.000 0.000 0.000 08/03/2091
0.000 0.000 0.000 0.000 0.000 0.000 0.000 0.000 0.000 0.000 0.000 0.000 0.000 0.000 0.000 0.000 0.000 0.000 0.000 0.000 0.000 0.000 0.000 0.000 0.000 0.000 0.000 0.000 0.000 0.000 09/03/2091
3.706 1.401 1.561 2.015 2.079 1.400 1.403 1.603 0.992 1.153 0.904 0.837 0.883 0.883 1.149 1.015 0.290 0.557 0.545 0.506 0.484 0.293 0.489 0.569 0.000 0.299 0.178 0.379 0.185 0.000 10/03/2091
5.342 6.005 6.858 6.705 7.841 6.082 6.144 6.918 7.961 8.399 7.404 7.014 7.846 7.918 8.314 7.277 7.665 8.385 8.478 7.508 6.983 7.689 8.460 8.346 8.948 6.823 7.788 8.522 8.698 9.028 11/03/2091
0.000 0.000 0.000 0.000 0.000 0.000 0.000 0.000 0.000 0.000 0.000 0.000 0.000 0.000 0.000 0.000 0.000 0.000 0.000 0.000 0.000 0.000 0.000 0.000 0.000 0.000 0.000 0.000 0.000 0.000 12/03/2091
0.103 0.106 0.243 0.050 0.000 0.108 0.109 0.244 0.000 0.000 0.107 0.337 0.163 0.164 0.000 0.000 0.410 0.274 0.280 0.000 0.115 0.411 0.618 0.272 0.103 0.531 0.232 0.338 0.110 0.103 13/03/2091
0.179 0.756 0.729 0.245 0.274 0.770 0.774 0.735 0.504 0.596 0.716 0.284 0.000 0.000 0.597 0.811 0.141 0.183 0.185 0.000 0.503 0.141 0.259 0.182 0.000 0.074 0.000 0.000 0.000 0.000 14/03/2091
0.000 0.000 0.000 0.000 0.000 0.000 0.000 0.000 0.000 0.000 0.000 0.000 0.000 0.000 0.000 0.112 0.000 0.000 0.000 0.000 0.000 0.000 0.000 0.000 0.000 0.000 0.000 0.000 0.000 0.000 15/03/2091
0.000 0.000 0.000 0.000 0.000 0.000 0.000 0.000 0.000 0.000 0.000 0.000 0.000 0.000 0.000 0.000 0.000 0.000 0.000 0.000 0.000 0.000 0.000 0.000 0.000 0.000 0.000 0.000 0.000 0.000 16/03/2091
0.000 0.000 0.000 0.000 0.000 0.000 0.000 0.000 0.000 0.000 0.000 0.000 0.000 0.000 0.000 0.000 0.000 0.000 0.000 0.000 0.000 0.000 0.000 0.000 0.000 0.000 0.000 0.000 0.000 0.000 17/03/2091
0.000 0.000 0.000 0.000 0.000 0.000 0.000 0.000 0.000 0.000 0.000 0.000 0.000 0.000 0.000 0.000 0.000 0.000 0.000 0.000 0.000 0.000 0.000 0.000 0.000 0.000 0.000 0.000 0.000 0.000 18/03/2091
0.000 0.000 0.000 0.000 0.000 0.000 0.000 0.000 0.000 0.000 0.000 0.000 0.000 0.000 0.000 0.000 0.000 0.000 0.000 0.000 0.000 0.000 0.000 0.000 0.000 0.000 0.000 0.000 0.000 0.000 19/03/2091
0.000 0.000 0.000 0.000 0.000 0.000 0.000 0.000 0.000 0.000 0.000 0.000 0.000 0.000 0.000 0.000 0.000 0.000 0.000 0.000 0.000 0.000 0.000 0.000 0.000 0.000 0.000 0.000 0.000 0.000 20/03/2091
0.000 0.000 0.000 0.000 0.000 0.000 0.000 0.000 0.000 0.000 0.000 0.000 0.000 0.000 0.000 0.000 0.000 0.000 0.000 0.000 0.000 0.000 0.000 0.000 0.000 0.000 0.000 0.000 0.000 0.000 21/03/2091
0.000 0.000 0.000 0.000 0.000 0.000 0.000 0.000 0.000 0.000 0.000 0.000 0.000 0.000 0.000 0.000 0.000 0.000 0.000 0.000 0.000 0.000 0.000 0.000 0.000 0.000 0.000 0.000 0.000 0.000 22/03/2091
0.000 0.000 0.000 0.000 0.000 0.000 0.000 0.000 0.000 0.000 0.000 0.000 0.000 0.000 0.000 0.000 0.000 0.000 0.000 0.000 0.000 0.000 0.000 0.000 0.000 0.000 0.000 0.000 0.000 0.000 23/03/2091
0.000 0.000 0.000 0.000 0.000 0.000 0.000 0.000 0.000 0.000 0.000 0.000 0.000 0.000 0.000 0.000 0.000 0.000 0.000 0.000 0.000 0.000 0.000 0.000 0.000 0.000 0.000 0.000 0.000 0.000 24/03/2091
0.100 0.000 0.000 0.000 0.000 0.000 0.000 0.000 0.000 0.000 0.000 0.000 0.000 0.000 0.000 0.000 0.000 0.000 0.000 0.000 0.000 0.000 0.000 0.000 0.000 0.000 0.000 0.000 0.000 0.000 25/03/2091
0.170 0.276 0.447 0.770 0.882 0.276 0.277 0.449 0.580 0.772 0.105 0.256 0.571 0.563 0.767 0.123 0.288 0.652 0.665 0.623 0.182 0.288 0.406 0.659 0.888 0.381 0.559 0.650 0.806 0.899 26/03/2091
9.163 10.087 9.418 8.953 11.524 10.212 10.314 9.488 10.792 12.612 9.641 10.029 10.972 11.073 12.504 9.668 10.008 11.521 11.649 11.598 9.397 10.029 11.225 11.468 9.174 9.550 9.816 10.821 10.504 9.317 27/03/2091
0.238 0.158 0.250 0.668 0.708 0.160 0.159 0.254 0.290 0.460 0.430 0.391 0.420 0.424 0.456 0.492 0.670 0.544 0.542 0.489 0.870 0.670 0.742 0.543 0.689 0.668 0.538 0.637 0.561 0.857 28/03/2091
2.920 1.113 0.223 0.525 0.531 1.124 1.144 0.225 0.116 0.104 4.485 3.412 0.898 0.906 0.104 3.881 0.152 0.000 0.000 0.000 0.751 0.152 0.250 0.000 0.000 0.000 0.000 0.000 0.000 0.000 29/03/2091
0.000 0.320 0.000 0.000 0.000 0.319 0.322 0.000 0.000 0.000 0.441 0.140 0.110 0.111 0.000 0.503 0.000 0.000 0.000 0.110 0.000 0.000 0.000 0.000 0.000 0.135 0.000 0.000 0.000 0.000 30/03/2091
2.720 3.266 3.440 3.801 3.836 3.307 3.341 3.467 2.503 2.957 2.518 2.533 3.137 3.165 2.937 2.212 2.214 2.317 2.342 2.192 2.924 2.219 2.739 2.306 0.867 1.200 0.919 0.989 0.830 0.875 31/03/2091
0.599 0.517 0.618 1.017 1.161 0.514 0.517 0.623 0.471 0.624 0.320 0.272 0.310 0.307 0.619 0.376 0.000 0.158 0.159 0.244 0.162 0.000 0.153 0.157 0.220 0.169 0.113 0.178 0.206 0.224 01/04/2091
1.668 1.096 1.393 2.101 2.433 1.108 1.125 1.405 2.019 2.379 0.968 0.925 1.477 1.490 2.360 1.050 0.778 0.959 0.968 1.534 0.834 0.779 0.811 0.954 1.755 1.017 0.911 0.977 0.846 1.767 02/04/2091
0.000 0.000 0.000 0.000 0.000 0.000 0.000 0.000 0.000 0.000 0.000 0.000 0.000 0.000 0.187 0.000 0.000 0.000 0.000 0.000 0.000 0.000 0.000 0.000 0.000 0.000 0.000 0.000 0.000 0.000 03/04/2091
0.218 0.265 0.238 0.532 0.179 0.268 0.270 0.240 0.239 0.148 0.193 0.168 0.114 0.115 0.149 0.170 0.000 0.000 0.000 0.000 0.000 0.000 0.000 0.000 0.000 0.000 0.000 0.000 0.000 0.000 04/04/2091
0.000 0.000 0.000 0.000 0.000 0.000 0.000 0.000 0.000 0.000 0.000 0.000 0.000 0.000 0.000 0.000 0.000 0.000 0.000 0.000 0.000 0.000 0.000 0.000 0.000 0.000 0.000 0.000 0.000 0.000 05/04/2091
0.000 0.000 0.000 0.000 0.000 0.000 0.000 0.000 0.000 0.000 0.000 0.000 0.000 0.000 0.000 0.000 0.000 0.000 0.000 0.000 0.222 0.000 0.000 0.000 0.000 0.131 0.000 0.000 0.000 0.000 06/04/2091
8.799 4.985 6.074 9.111 9.956 5.041 5.087 6.123 13.325 15.327 5.376 2.598 8.867 8.944 15.200 5.595 9.908 5.658 5.674 10.694 13.694 9.930 10.938 5.645 16.028 6.922 10.596 11.567 24.094 16.266 07/04/2091
0.203 0.104 0.287 0.662 0.698 0.104 0.105 0.295 0.932 1.318 0.655 3.033 2.119 2.126 1.307 0.792 2.817 2.095 2.112 1.554 3.492 2.823 3.505 2.107 3.238 2.356 0.806 0.830 2.887 3.288 08/04/2091
0.603 0.623 0.244 0.250 0.189 0.631 0.638 0.246 0.000 0.000 0.496 0.497 0.199 0.202 0.000 0.543 0.000 0.129 0.129 0.109 0.136 0.000 0.141 0.127 0.000 0.000 0.000 0.000 0.586 0.000 09/04/2091
0.000 0.000 0.000 0.000 0.000 0.000 0.000 0.000 0.000 0.000 0.000 0.000 0.000 0.000 0.000 0.000 0.000 0.000 0.000 0.000 0.000 0.000 0.000 0.000 0.000 0.000 0.000 0.000 0.000 0.000 10/04/2091
0.000 0.000 0.000 0.000 0.000 0.000 0.000 0.000 0.000 0.000 0.000 0.000 0.000 0.000 0.000 0.000 0.000 0.000 0.000 0.000 0.000 0.000 0.000 0.000 0.000 0.000 0.000 0.000 0.000 0.000 11/04/2091
0.614 0.433 0.642 1.099 1.128 0.433 0.436 0.647 0.541 0.677 0.257 0.340 0.426 0.430 0.672 0.295 0.259 0.332 0.333 0.451 0.341 0.259 0.371 0.331 0.586 0.276 0.272 0.378 0.513 0.561 12/04/2091
0.000 0.000 0.000 0.000 0.000 0.000 0.000 0.000 0.000 0.000 0.000 0.000 0.000 0.000 0.000 0.000 0.000 0.000 0.000 0.000 0.000 0.000 0.000 0.000 0.000 0.000 0.000 0.000 0.000 0.000 13/04/2091
0.000 0.000 0.000 0.000 0.000 0.000 0.000 0.000 0.000 0.000 0.000 0.000 0.000 0.000 0.000 0.000 0.000 0.000 0.000 0.000 0.000 0.000 0.000 0.000 0.000 0.000 0.000 0.000 0.000 0.000 14/04/2091
0.000 0.000 0.000 0.000 0.000 0.000 0.000 0.000 0.000 0.000 0.000 0.000 0.000 0.000 0.000 0.000 0.000 0.000 0.000 0.000 0.000 0.000 0.000 0.000 0.000 0.000 0.000 0.000 0.000 0.000 15/04/2091
0.000 0.000 0.000 0.000 0.000 0.000 0.000 0.000 0.000 0.000 0.000 0.000 0.000 0.000 0.000 0.000 0.000 0.000 0.000 0.000 0.000 0.000 0.000 0.000 0.000 0.000 0.000 0.000 0.000 0.000 16/04/2091
0.000 0.000 0.000 0.000 0.000 0.000 0.000 0.000 0.000 0.000 0.000 0.000 0.000 0.000 0.000 0.000 0.000 0.000 0.000 0.000 0.000 0.000 0.000 0.000 0.000 0.000 0.000 0.000 0.000 0.000 17/04/2091
0.838 1.787 1.384 1.406 1.135 1.808 1.826 1.395 1.100 1.285 1.144 1.237 1.265 1.274 1.274 1.029 1.105 1.377 1.387 1.269 1.299 1.106 1.389 1.371 0.487 0.982 0.594 0.801 1.722 0.509 18/04/2091
0.943 1.449 1.283 1.595 1.451 1.468 1.483 1.293 1.475 1.676 1.015 0.882 1.748 1.761 1.666 0.939 1.113 1.597 1.612 1.218 1.241 1.115 1.402 1.590 2.516 1.026 1.192 1.477 1.904 2.547 19/04/2091
1.121 1.167 1.194 1.773 1.692 1.178 1.187 1.201 1.814 1.941 0.873 0.551 2.136 2.149 1.924 0.830 1.121 1.762 1.777 1.167 1.198 1.123 1.414 1.755 4.314 1.065 1.760 2.111 2.292 4.382 20/04/2091
0.465 0.000 0.000 0.000 0.000 0.000 0.000 0.000 0.000 0.000 0.000 0.000 0.000 0.000 0.000 0.000 0.000 0.000 0.000 0.000 0.000 0.000 0.000 0.000 0.000 0.000 0.000 0.000 0.000 0.000 21/04/2091
0.000 0.000 0.000 0.000 0.000 0.000 0.000 0.000 0.000 0.000 0.000 0.000 0.000 0.000 0.000 0.000 0.000 0.000 0.000 0.000 0.000 0.000 0.000 0.000 0.000 0.000 0.000 0.000 0.000 0.000 22/04/2091
0.000 0.000 0.000 0.000 0.000 0.000 0.000 0.000 0.000 0.000 0.000 0.000 0.000 0.000 0.000 0.000 0.000 0.000 0.000 0.000 0.000 0.000 0.000 0.000 0.000 0.000 0.000 0.000 0.000 0.000 23/04/2091
0.000 0.000 0.000 0.000 0.000 0.000 0.000 0.000 0.000 0.000 0.000 0.000 0.000 0.000 0.000 0.000 0.000 0.000 0.000 0.000 0.000 0.000 0.000 0.000 0.000 0.000 0.000 0.000 0.000 0.000 24/04/2091
1.208 1.155 0.419 0.894 0.982 1.164 1.172 0.422 0.585 0.710 1.106 0.718 0.598 0.577 0.727 1.151 0.978 1.506 1.499 0.964 0.979 0.980 1.136 1.497 0.879 0.819 1.005 1.115 1.401 0.888 25/04/2091
0.000 0.000 0.000 0.000 0.000 0.000 0.000 0.000 0.000 0.000 0.000 0.000 0.000 0.000 0.000 0.000 0.000 0.000 0.000 0.000 0.000 0.000 0.000 0.000 0.000 0.000 0.000 0.000 0.000 0.000 26/04/2091
0.000 0.000 0.000 0.000 0.000 0.000 0.000 0.000 0.000 0.000 0.000 0.000 0.000 0.000 0.000 0.000 0.000 0.000 0.000 0.000 0.000 0.000 0.000 0.000 0.000 0.000 0.000 0.000 0.000 0.000 27/04/2091
0.000 0.000 0.000 0.000 0.000 0.000 0.000 0.000 0.000 0.000 0.000 0.000 0.000 0.000 0.000 0.000 0.000 0.000 0.000 0.000 0.000 0.000 0.000 0.000 0.000 0.000 0.000 0.000 0.000 0.000 28/04/2091
0.000 0.000 0.000 0.000 0.000 0.000 0.000 0.000 0.000 0.000 0.000 0.000 0.000 0.000 0.000 0.000 0.000 0.000 0.000 0.000 0.000 0.000 0.000 0.000 0.000 0.000 0.000 0.000 0.000 0.000 29/04/2091
0.000 0.000 0.000 0.000 0.000 0.000 0.000 0.000 0.000 0.000 0.000 0.000 0.000 0.000 0.000 0.000 0.000 0.000 0.000 0.000 0.000 0.000 0.000 0.000 0.000 0.000 0.000 0.000 0.000 0.000 30/04/2091
0.000 0.000 0.000 0.000 0.000 0.000 0.000 0.000 0.000 0.000 0.000 0.000 0.000 0.000 0.000 0.000 0.000 0.000 0.000 0.000 0.000 0.000 0.000 0.000 0.000 0.000 0.000 0.000 0.000 0.000 01/05/2091
2.315 3.366 1.394 1.208 1.411 3.411 3.503 1.384 1.793 1.941 3.406 2.460 1.964 2.048 1.933 3.245 2.693 3.789 3.828 2.649 3.249 2.698 3.116 3.772 4.064 3.229 3.715 3.907 4.741 4.124 02/05/2091
0.000 0.000 0.000 0.000 0.000 0.000 0.000 0.000 0.000 0.000 0.000 0.000 0.000 0.000 0.000 0.000 0.000 0.000 0.000 0.000 0.000 0.000 0.000 0.000 0.000 0.000 0.000 0.000 0.000 0.000 03/05/2091
0.000 0.000 0.000 0.000 0.000 0.000 0.000 0.000 0.000 0.000 0.000 0.000 0.000 0.000 0.000 0.000 0.000 0.000 0.000 0.000 0.000 0.000 0.000 0.000 0.000 0.000 0.000 0.000 0.000 0.000 04/05/2091
0.100 0.000 0.000 0.000 0.000 0.000 0.000 0.000 0.000 0.000 0.000 0.000 0.000 0.000 0.000 0.000 0.000 0.000 0.000 0.000 0.000 0.000 0.000 0.000 0.000 0.000 0.000 0.000 0.000 0.000 05/05/2091
0.000 0.000 0.000 0.000 0.000 0.000 0.000 0.000 0.000 0.000 0.000 0.000 0.000 0.000 0.000 0.000 0.000 0.000 0.000 0.000 0.000 0.000 0.000 0.000 0.000 0.000 0.000 0.000 0.000 0.000 06/05/2091
0.000 0.000 0.000 0.000 0.000 0.000 0.000 0.000 0.000 0.000 0.000 0.000 0.000 0.000 0.000 0.000 0.000 0.000 0.000 0.000 0.000 0.000 0.000 0.000 0.000 0.000 0.000 0.000 0.000 0.000 07/05/2091
0.000 0.000 0.000 0.000 0.000 0.000 0.000 0.000 0.000 0.000 0.000 0.000 0.000 0.000 0.000 0.000 0.000 0.000 0.000 0.000 0.000 0.000 0.000 0.000 0.000 0.000 0.000 0.000 0.000 0.000 08/05/2091
0.000 0.000 0.000 0.000 0.000 0.000 0.000 0.000 0.000 0.000 0.000 0.000 0.000 0.000 0.000 0.000 0.000 0.000 0.000 0.000 0.000 0.000 0.000 0.000 0.000 0.000 0.000 0.000 0.000 0.000 09/05/2091
0.000 0.264 0.229 0.247 0.139 0.281 0.281 0.230 0.927 0.979 0.459 0.892 1.240 1.249 0.964 0.469 0.725 1.155 1.166 0.179 1.121 0.733 0.955 1.151 0.446 0.283 0.189 0.257 0.441 0.458 10/05/2091
8.278 5.556 6.977 6.985 7.450 5.628 5.687 7.032 6.195 6.510 3.899 4.767 4.674 4.709 6.453 3.959 7.528 8.909 9.001 9.186 4.561 7.546 8.787 8.870 8.699 7.165 6.442 6.928 9.879 8.828 11/05/2091
8.593 10.815 16.177 15.797 20.493 10.933 11.029 16.306 15.328 18.553 14.391 13.394 21.238 21.431 18.398 14.013 18.109 25.220 25.500 16.583 12.744 18.152 20.480 25.103 14.443 10.509 18.904 21.809 30.561 14.667 12/05/2091
2.335 2.102 2.294 3.521 3.694 2.127 2.148 2.312 4.842 4.683 3.641 4.874 5.338 5.361 4.654 3.822 4.709 4.981 5.012 4.197 4.401 4.720 5.802 4.961 4.307 4.019 3.095 3.988 4.514 4.372 13/05/2091
0.100 0.216 0.302 0.482 0.355 0.228 0.229 0.312 0.693 0.864 0.125 0.362 0.827 0.832 0.861 0.000 0.224 0.619 0.622 0.638 0.360 0.224 0.295 0.616 0.482 0.446 0.277 0.459 0.554 0.489 14/05/2091
0.000 0.000 0.000 0.000 0.000 0.000 0.000 0.000 0.000 0.000 0.000 0.000 0.000 0.000 0.000 0.000 0.000 0.000 0.000 0.000 0.000 0.000 0.000 0.000 0.000 0.000 0.000 0.000 0.000 0.000 15/05/2091
17.951 18.154 7.340 24.033 24.201 18.385 18.574 7.390 20.440 20.725 23.159 18.479 19.839 20.017 20.551 22.365 21.963 15.881 16.048 14.329 11.968 22.015 26.684 15.811 25.489 10.491 14.819 15.381 30.488 25.891 16/05/2091
5.087 4.650 4.728 6.589 7.756 4.763 4.812 4.778 5.569 6.114 7.625 6.965 5.970 6.022 6.010 7.345 5.971 8.471 8.552 6.291 6.237 5.986 6.432 8.435 6.263 6.949 5.884 6.165 7.500 6.366 17/05/2091
6.021 6.057 6.711 4.255 4.425 6.134 6.197 6.764 4.539 3.996 5.388 4.643 6.036 6.008 3.964 5.612 5.296 5.789 5.820 4.104 6.681 5.307 6.112 5.801 3.251 7.017 6.970 7.250 4.365 3.299 18/05/2091
3.837 3.707 2.557 2.887 3.209 3.754 3.795 2.577 3.340 3.217 4.104 3.885 3.388 3.369 3.190 4.297 2.713 4.087 4.132 4.271 3.663 2.720 3.427 4.068 4.955 3.388 3.154 4.227 4.977 5.007 19/05/2091
0.000 0.000 0.000 0.000 0.000 0.000 0.000 0.000 0.000 0.000 0.000 0.000 0.000 0.000 0.000 0.000 0.000 0.000 0.000 0.000 0.000 0.000 0.000 0.000 0.000 0.000 0.000 0.000 0.000 0.000 20/05/2091
0.000 0.000 0.000 0.000 0.000 0.000 0.000 0.000 0.000 0.000 0.000 0.000 0.000 0.000 0.000 0.000 0.000 0.000 0.000 0.000 0.000 0.000 0.000 0.000 0.000 0.000 0.000 0.000 0.000 0.000 21/05/2091
0.000 0.000 0.000 0.000 0.000 0.000 0.000 0.000 0.000 0.000 0.000 0.000 0.000 0.000 0.000 0.000 0.000 0.000 0.000 0.000 0.000 0.000 0.000 0.000 0.000 0.000 0.000 0.000 0.000 0.000 22/05/2091
0.163 0.248 0.161 0.703 0.715 0.249 0.258 0.160 0.682 0.762 0.178 0.144 0.529 0.534 0.777 0.246 0.147 1.114 1.110 1.177 0.258 0.148 0.293 1.120 0.197 0.417 0.265 0.462 0.450 0.207 23/05/2091
3.938 3.828 1.351 1.123 1.289 3.962 4.018 1.339 1.690 1.804 1.041 1.398 1.401 1.393 1.802 1.106 1.695 0.836 0.854 1.696 1.044 1.690 2.011 0.842 0.911 1.813 3.010 3.492 2.498 0.925 24/05/2091
0.000 0.000 0.000 0.186 0.145 0.000 0.000 0.000 0.236 0.213 0.000 0.000 0.000 0.000 0.212 0.000 0.000 0.152 0.155 0.132 0.000 0.000 0.000 0.150 0.125 0.000 0.000 0.000 0.000 0.131 25/05/2091
8.801 7.206 2.776 2.235 2.214 7.298 7.217 2.799 2.621 2.295 7.282 3.786 2.639 2.657 2.280 7.750 2.155 2.063 2.020 0.483 4.357 2.213 2.611 2.069 0.275 0.912 3.147 4.201 0.618 0.284 26/05/2091
14.256 11.115 13.857 16.157 20.593 11.237 11.338 13.965 15.078 18.201 11.097 7.377 10.036 10.128 18.048 10.143 5.551 19.608 19.818 41.174 7.517 5.564 6.299 19.520 45.708 12.822 14.379 15.073 32.135 46.153 27/05/2091
7.104 3.019 1.389 1.299 1.200 3.053 3.082 1.408 0.937 0.983 3.369 1.441 1.603 1.619 0.968 3.475 0.565 3.844 3.886 3.463 1.127 0.566 0.725 3.826 11.837 0.957 0.938 1.028 4.002 12.017 28/05/2091
114.293 85.931 68.399 33.435 32.271 86.268 86.542 68.611 41.077 38.634 108.537 83.087 38.530 38.793 38.411 106.559 28.101 36.644 36.959 24.631 56.006 28.157 33.171 36.513 27.062 55.954 37.005 41.723 35.793 27.488 29/05/2091
0.566 8.363 13.728 9.928 13.045 8.465 8.548 13.837 8.526 11.094 1.295 6.767 10.366 10.461 11.000 1.302 2.654 6.324 6.395 11.855 2.975 2.660 3.340 6.295 13.477 0.191 0.941 1.021 4.607 13.687 30/05/2091
4.876 7.981 9.234 8.188 9.676 8.082 8.165 9.302 10.751 12.552 6.817 9.489 11.959 12.070 12.445 7.090 9.927 6.564 6.636 11.701 8.769 9.948 11.097 6.534 5.215 12.556 9.148 9.473 8.425 5.289 31/05/2091
18.156 19.237 22.440 27.041 30.230 19.482 19.682 22.620 30.280 28.131 21.902 20.041 36.486 36.756 27.892 20.030 24.259 22.763 23.015 25.407 23.647 24.322 27.727 22.657 33.453 30.325 40.470 43.863 36.216 33.912 01/06/2091
1.659 2.838 2.566 0.707 0.994 2.874 2.903 2.586 1.406 2.011 3.200 2.038 1.398 1.411 1.998 3.051 1.849 1.069 1.077 2.355 1.417 1.853 2.007 1.065 0.000 1.585 0.629 0.889 0.919 0.000 02/06/2091
4.199 4.108 4.301 6.934 8.456 4.160 4.203 4.336 8.867 9.119 3.270 2.557 7.832 7.901 9.044 3.110 3.442 7.875 7.958 9.736 2.923 3.450 3.923 7.840 4.626 3.042 3.688 4.127 6.353 4.696 03/06/2091
1.801 3.021 1.691 2.804 3.205 3.053 3.080 1.707 3.416 3.537 1.137 0.968 1.428 1.442 3.507 0.935 1.194 1.718 1.737 3.180 0.985 1.197 1.242 1.711 0.523 0.333 0.164 0.285 0.858 0.528 04/06/2091
0.000 0.000 0.000 0.000 0.000 0.000 0.000 0.000 0.000 0.000 0.000 0.000 0.000 0.000 0.000 0.000 0.000 0.000 0.000 0.000 0.000 0.000 0.000 0.000 0.000 0.000 0.000 0.000 0.000 0.000 05/06/2091
0.000 0.000 0.000 0.000 0.000 0.000 0.000 0.000 0.000 0.000 0.000 0.000 0.000 0.000 0.000 0.000 0.000 0.000 0.000 0.000 0.000 0.000 0.000 0.000 0.000 0.000 0.000 0.000 0.000 0.000 06/06/2091
0.000 0.000 0.000 0.000 0.000 0.000 0.000 0.000 0.000 0.000 0.000 0.000 0.000 0.000 0.000 0.000 0.000 0.000 0.000 0.000 0.000 0.000 0.000 0.000 0.000 0.000 0.000 0.000 0.000 0.000 07/06/2091
0.000 0.000 0.000 0.000 0.000 0.000 0.000 0.000 0.000 0.000 0.000 0.000 0.000 0.000 0.000 0.000 0.000 0.000 0.000 0.000 0.000 0.000 0.000 0.000 0.000 0.000 0.000 0.000 0.000 0.000 08/06/2091
12.825 18.515 13.417 7.240 9.040 18.745 18.932 13.523 10.610 11.901 12.036 21.996 15.555 15.699 11.800 11.356 10.806 16.074 16.252 19.994 7.671 10.830 10.427 15.999 19.913 8.255 10.808 10.316 18.502 20.224 09/06/2091
0.000 0.000 0.144 0.000 0.000 0.000 0.000 0.145 0.000 0.000 0.000 0.000 0.000 0.000 0.000 0.000 0.000 0.000 0.000 0.000 0.000 0.000 0.000 0.000 0.000 0.000 0.000 0.000 0.000 0.000 10/06/2091
0.000 0.000 0.000 0.000 0.000 0.000 0.000 0.000 0.000 0.000 0.000 0.000 0.000 0.000 0.000 0.000 0.000 0.000 0.000 0.000 0.000 0.000 0.000 0.000 0.523 0.000 0.000 0.000 0.000 0.530 11/06/2091
12.128 12.402 11.725 10.995 13.408 12.560 12.688 11.818 12.949 14.486 5.107 6.239 9.082 9.167 14.362 4.795 4.550 6.570 6.639 8.312 3.821 4.560 5.125 6.541 5.788 0.000 2.917 3.296 5.309 5.877 12/06/2091
0.000 0.000 0.329 1.029 0.961 0.000 0.000 0.334 1.192 1.459 0.156 0.385 0.166 0.167 1.447 0.132 0.328 1.227 1.239 1.826 0.000 0.328 0.498 1.222 2.669 0.000 0.112 0.158 1.238 2.704 13/06/2091
0.000 0.000 0.000 0.000 0.000 0.000 0.000 0.000 0.000 0.000 0.000 0.000 0.000 0.000 0.000 0.000 0.000 0.000 0.000 0.000 0.000 0.000 0.000 0.000 0.000 0.000 0.000 0.000 0.000 0.000 14/06/2091
0.582 0.936 0.392 0.534 0.506 0.945 0.953 0.396 0.733 0.947 0.412 0.182 0.872 0.883 0.944 0.375 0.168 0.344 0.348 1.103 0.540 0.169 0.320 0.342 0.000 0.652 0.465 0.615 0.179 0.000 15/06/2091
1.022 1.438 2.379 2.973 3.049 1.456 1.471 2.397 3.336 3.870 1.970 2.500 3.373 3.401 3.837 1.800 1.877 4.052 4.092 6.616 1.680 1.880 2.060 4.036 2.069 1.653 1.919 2.105 2.908 2.099 16/06/2091
0.475 0.123 0.257 0.198 0.125 0.126 0.128 0.259 0.104 0.000 0.000 0.000 0.000 0.000 0.000 0.000 0.000 0.000 0.000 0.101 0.000 0.000 0.000 0.000 0.000 0.000 0.000 0.000 0.000 0.000 17/06/2091
0.000 0.000 0.000 0.000 0.000 0.000 0.000 0.000 0.140 0.148 0.000 0.000 0.000 0.000 0.147 0.000 0.000 0.000 0.000 0.000 0.000 0.000 0.000 0.000 0.000 0.000 0.000 0.000 0.000 0.000 18/06/2091
0.520 0.000 0.000 0.161 0.104 0.000 0.000 0.000 0.618 0.785 0.000 0.000 0.673 0.676 0.778 0.000 0.503 0.875 0.891 0.482 0.114 0.504 0.648 0.871 0.638 0.953 1.009 1.062 0.982 0.644 19/06/2091
0.000 0.000 0.000 0.000 0.000 0.000 0.000 0.000 0.000 0.000 0.000 0.000 0.000 0.000 0.000 0.000 0.000 0.000 0.000 0.000 0.000 0.000 0.000 0.000 0.000 0.000 0.000 0.000 0.000 0.000 20/06/2091
0.000 0.000 0.000 0.000 0.000 0.000 0.000 0.000 0.000 0.000 0.000 0.000 0.000 0.000 0.000 0.000 0.000 0.000 0.000 0.000 0.000 0.000 0.000 0.000 0.000 0.000 0.000 0.000 0.000 0.000 21/06/2091
0.000 0.000 0.000 0.000 0.000 0.000 0.000 0.000 0.106 0.100 0.000 0.000 0.000 0.000 0.100 0.000 0.000 0.101 0.101 0.159 0.000 0.000 0.000 0.101 0.000 0.000 0.000 0.000 0.178 0.000 22/06/2091
0.000 0.000 0.000 0.000 0.000 0.000 0.000 0.000 0.000 0.000 0.000 0.000 0.000 0.000 0.000 0.000 0.000 0.000 0.000 0.000 0.000 0.000 0.000 0.000 0.000 0.000 0.000 0.000 0.000 0.000 23/06/2091
8.711 3.727 4.060 3.333 3.338 3.774 3.813 4.091 3.793 4.211 5.604 7.400 5.143 5.185 4.176 5.209 5.379 3.249 3.281 2.992 6.280 5.392 5.782 3.236 1.629 5.798 3.995 4.433 2.582 1.655 24/06/2091
3.254 5.037 4.817 8.462 8.138 5.087 5.128 4.849 6.207 7.216 5.276 4.265 4.400 4.437 7.159 4.944 3.638 6.071 6.136 7.365 4.467 3.646 4.163 6.045 5.998 3.985 5.510 5.913 5.375 6.086 25/06/2091
0.000 0.000 0.000 0.000 0.000 0.000 0.000 0.000 0.000 0.000 0.000 0.000 0.000 0.000 0.000 0.000 0.000 0.000 0.000 0.000 0.000 0.000 0.000 0.000 0.000 0.000 0.000 0.000 0.000 0.000 26/06/2091
0.000 0.000 0.000 0.000 0.000 0.000 0.000 0.000 0.000 0.000 0.000 0.000 0.000 0.000 0.000 0.000 0.000 0.000 0.000 0.000 0.000 0.000 0.000 0.000 0.000 0.000 0.000 0.000 0.000 0.000 27/06/2091
0.000 0.000 0.000 0.000 0.000 0.000 0.000 0.000 0.000 0.000 0.000 0.000 0.000 0.000 0.000 0.000 0.000 0.000 0.000 0.000 0.000 0.000 0.000 0.000 0.000 0.000 0.000 0.000 0.000 0.000 28/06/2091
0.000 0.000 0.000 0.000 0.000 0.000 0.000 0.000 0.000 0.000 0.000 0.000 0.000 0.000 0.000 0.000 0.000 0.000 0.000 0.000 0.000 0.000 0.000 0.000 0.000 0.000 0.000 0.000 0.000 0.000 29/06/2091
0.164 0.146 0.431 0.111 0.105 0.147 0.149 0.434 0.000 0.000 0.341 0.000 0.232 0.234 0.000 0.249 0.000 0.000 0.000 0.000 0.190 0.000 0.000 0.000 0.000 0.120 0.000 0.000 0.000 0.000 30/06/2091
0.000 0.000 0.000 0.000 0.000 0.000 0.000 0.000 0.000 0.000 0.000 0.000 0.000 0.000 0.000 0.000 0.000 0.000 0.000 0.000 0.000 0.000 0.000 0.000 0.000 0.000 0.000 0.000 0.000 0.000 01/07/2091
0.000 0.000 0.000 0.000 0.000 0.000 0.000 0.000 0.000 0.000 0.000 0.000 0.000 0.000 0.000 0.000 0.000 0.000 0.000 0.000 0.000 0.000 0.000 0.000 0.000 0.000 0.000 0.000 0.000 0.000 02/07/2091
0.000 0.000 0.000 0.000 0.000 0.000 0.000 0.000 0.000 0.000 0.000 0.000 0.000 0.000 0.000 0.000 0.000 0.000 0.000 0.000 0.000 0.000 0.000 0.000 0.000 0.000 0.000 0.000 0.000 0.000 03/07/2091
0.000 0.000 0.000 0.101 0.000 0.000 0.000 0.000 0.000 0.000 0.000 0.000 0.000 0.000 0.000 0.000 0.000 0.000 0.000 0.000 0.000 0.000 0.000 0.000 0.000 0.000 0.000 0.000 0.000 0.000 04/07/2091
0.000 0.000 0.000 0.000 0.000 0.000 0.000 0.000 0.000 0.000 0.000 0.000 0.000 0.000 0.000 0.000 0.000 0.000 0.000 0.000 0.000 0.000 0.000 0.000 0.000 0.000 0.000 0.000 0.000 0.000 05/07/2091
0.000 0.000 0.000 0.000 0.000 0.000 0.000 0.000 0.000 0.000 0.000 0.000 0.000 0.000 0.000 0.000 0.000 0.000 0.000 0.000 0.000 0.000 0.000 0.000 0.000 0.000 0.000 0.000 0.000 0.000 06/07/2091
0.000 0.000 0.000 0.101 0.000 0.000 0.000 0.000 0.000 0.000 0.000 0.000 0.000 0.000 0.000 0.000 0.000 0.000 0.000 0.000 0.000 0.000 0.000 0.000 0.000 0.000 0.000 0.000 0.000 0.000 07/07/2091
0.000 0.000 0.000 0.000 0.000 0.000 0.000 0.000 0.000 0.000 0.000 0.000 0.000 0.000 0.000 0.000 0.000 0.000 0.000 0.000 0.000 0.000 0.000 0.000 0.000 0.000 0.000 0.000 0.000 0.000 08/07/2091
0.000 0.000 0.000 0.000 0.102 0.000 0.000 0.000 0.305 0.427 0.113 0.105 0.336 0.343 0.421 0.141 0.167 0.379 0.386 0.493 0.325 0.167 0.295 0.376 0.662 0.242 0.282 0.453 0.443 0.671 09/07/2091
2.136 1.410 0.938 0.249 0.434 1.426 1.440 0.943 0.426 0.648 2.553 2.737 1.045 1.053 0.646 2.386 1.741 1.306 1.320 1.376 3.518 1.745 1.993 1.300 1.750 2.228 1.122 1.339 0.849 1.778 10/07/2091
0.000 0.000 0.000 0.000 0.000 0.000 0.000 0.000 0.000 0.000 0.000 0.000 0.000 0.000 0.000 0.000 0.000 0.000 0.000 0.000 0.000 0.000 0.000 0.000 0.000 0.000 0.000 0.000 0.000 0.000 11/07/2091
0.000 0.000 0.000 0.000 0.000 0.000 0.000 0.000 0.000 0.000 0.000 0.000 0.000 0.000 0.000 0.000 0.000 0.000 0.000 0.000 0.000 0.000 0.000 0.000 0.000 0.000 0.000 0.000 0.000 0.000 12/07/2091
0.000 0.000 0.000 0.000 0.000 0.000 0.000 0.000 0.000 0.000 0.000 0.000 0.000 0.000 0.000 0.000 0.000 0.000 0.000 0.000 0.000 0.000 0.000 0.000 0.000 0.000 0.000 0.000 0.000 0.000 13/07/2091
0.000 0.000 0.000 0.000 0.000 0.000 0.000 0.000 0.000 0.000 0.000 0.000 0.000 0.000 0.000 0.000 0.000 0.000 0.000 0.000 0.000 0.000 0.000 0.000 0.000 0.000 0.000 0.000 0.000 0.000 14/07/2091
0.000 0.000 0.000 0.000 0.000 0.000 0.000 0.000 0.000 0.000 0.000 0.000 0.000 0.000 0.000 0.000 0.000 0.000 0.000 0.000 0.000 0.000 0.000 0.000 0.000 0.000 0.000 0.000 0.000 0.000 15/07/2091
0.000 0.000 0.000 0.000 0.000 0.000 0.000 0.000 0.000 0.000 0.000 0.000 0.000 0.000 0.000 0.000 0.000 0.000 0.000 0.000 0.000 0.000 0.000 0.000 0.000 0.000 0.000 0.000 0.000 0.000 16/07/2091
0.000 0.000 0.000 0.000 0.000 0.000 0.000 0.000 0.000 0.000 0.000 0.000 0.000 0.000 0.000 0.000 0.000 0.000 0.000 0.000 0.000 0.000 0.000 0.000 0.000 0.000 0.000 0.000 0.000 0.000 17/07/2091
0.000 0.000 0.000 0.000 0.000 0.000 0.000 0.000 0.000 0.000 0.000 0.000 0.000 0.000 0.000 0.000 0.000 0.000 0.000 0.000 0.000 0.000 0.000 0.000 0.000 0.000 0.000 0.000 0.000 0.000 18/07/2091
0.000 0.000 0.000 0.000 0.000 0.000 0.000 0.000 0.000 0.000 0.000 0.000 0.000 0.000 0.000 0.000 0.000 0.000 0.000 0.000 0.000 0.000 0.000 0.000 0.000 0.000 0.000 0.000 0.000 0.000 19/07/2091
0.000 0.000 0.000 0.000 0.000 0.000 0.000 0.000 0.000 0.000 0.000 0.000 0.000 0.000 0.000 0.000 0.000 0.000 0.000 0.000 0.000 0.000 0.000 0.000 0.000 0.000 0.000 0.000 0.000 0.000 20/07/2091
0.000 0.000 0.000 0.000 0.000 0.000 0.000 0.000 0.000 0.000 0.000 0.000 0.000 0.000 0.000 0.000 0.000 0.000 0.000 0.000 0.000 0.000 0.000 0.000 0.000 0.000 0.000 0.000 0.000 0.000 21/07/2091
0.866 2.688 2.703 1.092 1.193 2.716 2.742 2.721 0.831 1.134 2.144 0.600 0.912 0.918 1.127 1.984 0.717 0.996 1.004 0.000 0.702 0.719 0.899 0.993 0.100 0.160 1.264 1.469 0.160 0.100 22/07/2091
0.000 0.000 0.000 0.000 0.000 0.000 0.000 0.000 0.000 0.000 0.000 0.000 0.000 0.000 0.000 0.000 0.000 0.000 0.000 0.000 0.000 0.000 0.000 0.000 0.000 0.000 0.000 0.000 0.000 0.000 23/07/2091
2.667 2.520 2.471 2.392 2.965 2.551 2.577 2.490 2.362 3.438 2.166 2.986 2.864 2.890 3.408 2.002 0.000 1.801 1.821 1.907 0.000 0.000 0.100 1.793 3.034 0.000 0.000 0.000 0.120 3.082 24/07/2091
0.000 0.000 0.000 0.000 0.000 0.000 0.000 0.000 0.000 0.000 0.000 0.000 0.000 0.000 0.000 0.000 0.000 0.000 0.000 0.000 0.000 0.000 0.000 0.000 0.000 0.000 0.000 0.000 0.000 0.000 25/07/2091
0.000 0.000 0.000 0.000 0.000 0.000 0.000 0.000 0.000 0.000 0.000 0.000 0.000 0.000 0.000 0.000 0.000 0.000 0.000 0.000 0.000 0.000 0.000 0.000 0.000 0.000 0.000 0.000 0.000 0.000 26/07/2091
0.000 0.000 0.000 0.000 0.000 0.000 0.000 0.000 0.000 0.000 0.000 0.000 0.000 0.000 0.000 0.000 0.000 0.000 0.000 0.000 0.000 0.000 0.000 0.000 0.000 0.000 0.000 0.000 0.000 0.000 27/07/2091
0.000 0.000 0.000 0.000 0.000 0.000 0.000 0.000 0.000 0.000 0.000 0.000 0.000 0.000 0.000 0.000 0.000 0.000 0.000 0.000 0.000 0.000 0.000 0.000 0.000 0.000 0.000 0.000 0.000 0.000 28/07/2091
0.000 0.000 0.000 0.000 0.000 0.000 0.000 0.000 0.000 0.000 0.000 0.000 0.000 0.000 0.000 0.000 0.000 0.112 0.112 0.114 0.000 0.000 0.000 0.112 0.290 0.277 0.431 0.607 0.121 0.309 29/07/2091
0.000 0.000 0.000 0.000 0.000 0.000 0.000 0.000 0.000 0.000 0.000 0.000 0.000 0.000 0.000 0.000 0.000 0.000 0.000 0.000 0.000 0.000 0.000 0.000 0.000 0.000 0.000 0.000 0.000 0.000 30/07/2091
0.000 0.000 0.000 0.000 0.000 0.000 0.000 0.000 0.000 0.000 0.000 0.000 0.000 0.000 0.000 0.000 0.000 0.000 0.000 0.000 0.000 0.000 0.000 0.000 0.000 0.000 0.000 0.000 0.000 0.000 31/07/2091
