# 6448 6449 6450 6451 6452 6528 6529 6530 6531 6532 6610 6611 6612 6613 6614 6693 6694 6695 6696 6697 6776 6777 6778 6779 6780 6859 6860 6861 6862 6863 Date
0.000 0.000 0.000 0.000 0.000 0.000 0.000 0.000 0.000 0.000 0.000 0.000 0.000 0.000 0.000 0.000 0.000 0.000 0.000 0.000 0.000 0.000 0.000 0.000 0.000 0.000 0.000 0.000 0.000 0.000 01/08/2073
0.000 0.000 0.000 0.000 0.000 0.000 0.000 0.000 0.000 0.000 0.000 0.000 0.000 0.000 0.000 0.000 0.000 0.378 0.378 1.505 0.000 0.000 0.000 0.378 2.009 0.000 0.000 0.000 0.000 2.041 02/08/2073
0.000 0.216 0.000 0.172 0.224 0.219 0.221 0.000 0.000 0.000 2.257 2.262 0.400 0.401 0.000 2.075 0.000 0.000 0.000 0.000 0.000 0.000 0.000 0.000 0.000 0.000 0.000 0.000 0.000 0.000 03/08/2073
0.000 0.101 0.528 1.825 2.077 0.101 0.101 0.532 0.178 0.245 0.000 0.110 0.919 0.925 0.244 0.000 0.000 1.351 1.366 1.287 0.000 0.000 0.100 1.345 1.776 0.685 0.000 0.100 0.879 1.804 04/08/2073
0.000 0.000 0.000 0.000 0.000 0.000 0.000 0.000 0.000 0.000 0.000 0.000 0.000 0.000 0.000 0.000 0.000 0.000 0.000 0.000 0.000 0.000 0.000 0.000 0.000 0.000 0.000 0.000 0.000 0.000 05/08/2073
0.000 0.000 0.000 0.000 0.000 0.000 0.000 0.000 0.000 0.000 0.000 0.000 0.000 0.000 0.000 0.000 0.000 0.000 0.000 0.000 0.000 0.000 0.000 0.000 0.000 0.000 0.000 0.000 0.000 0.000 06/08/2073
0.000 0.000 0.000 0.000 0.000 0.000 0.000 0.000 0.000 0.000 0.000 0.000 0.000 0.000 0.000 0.000 0.000 0.000 0.000 0.000 0.000 0.000 0.000 0.000 0.000 0.000 0.000 0.000 0.000 0.000 07/08/2073
0.000 0.000 0.000 0.000 0.000 0.000 0.000 0.000 0.000 0.000 0.000 0.000 0.000 0.000 0.000 0.000 0.000 0.000 0.000 0.000 0.000 0.000 0.000 0.000 0.000 0.000 0.000 0.000 0.000 0.000 08/08/2073
0.000 0.000 0.000 0.000 0.000 0.000 0.000 0.000 0.000 0.000 0.000 0.000 0.000 0.000 0.000 0.000 0.000 0.000 0.000 0.000 0.000 0.000 0.000 0.000 0.000 0.000 0.000 0.000 0.000 0.000 09/08/2073
0.000 0.000 0.000 0.000 0.000 0.000 0.000 0.000 0.000 0.000 0.000 0.000 0.000 0.000 0.000 0.000 0.000 0.000 0.000 0.000 0.000 0.000 0.000 0.000 0.000 0.000 0.000 0.000 0.000 0.000 10/08/2073
0.000 0.000 0.000 0.000 0.000 0.000 0.000 0.000 0.000 0.000 0.000 0.000 0.000 0.000 0.000 0.000 0.000 0.000 0.000 0.000 0.000 0.000 0.000 0.000 0.000 0.000 0.000 0.000 0.000 0.000 11/08/2073
0.000 0.000 0.000 0.000 0.000 0.000 0.000 0.000 0.000 0.000 0.000 0.000 0.000 0.000 0.000 0.000 0.000 0.000 0.000 0.000 0.000 0.000 0.000 0.000 0.000 0.000 0.000 0.000 0.000 0.000 12/08/2073
0.000 0.000 0.000 0.000 0.000 0.000 0.000 0.000 0.000 0.000 0.000 0.000 0.000 0.000 0.000 0.000 0.000 0.000 0.000 0.000 0.000 0.000 0.000 0.000 0.000 0.000 0.000 0.000 0.000 0.000 13/08/2073
0.000 0.000 0.000 0.000 0.000 0.000 0.000 0.000 0.000 0.000 0.000 0.000 0.000 0.000 0.000 0.000 0.000 0.000 0.000 0.000 0.000 0.000 0.000 0.000 0.000 0.000 0.000 0.000 0.000 0.000 14/08/2073
0.000 0.345 0.811 0.346 0.352 0.348 0.351 0.815 0.000 0.000 0.000 0.120 0.000 0.000 0.000 0.000 0.164 0.306 0.321 0.000 2.256 0.164 0.409 0.299 0.000 1.086 0.242 0.495 0.000 0.000 15/08/2073
0.000 0.000 0.115 0.482 0.540 0.000 0.000 0.115 0.204 0.282 0.000 0.000 0.139 0.141 0.276 0.000 0.000 0.111 0.111 0.129 0.000 0.000 0.000 0.111 0.118 0.000 0.000 0.000 0.000 0.119 16/08/2073
0.000 0.000 0.000 0.000 0.000 0.000 0.000 0.000 0.000 0.000 0.000 0.000 0.000 0.000 0.000 0.000 0.000 0.000 0.000 0.000 0.000 0.000 0.000 0.000 0.000 0.000 0.000 0.000 0.000 0.000 17/08/2073
0.000 0.000 0.000 0.000 0.000 0.000 0.000 0.000 0.000 0.000 0.000 0.000 0.000 0.000 0.000 0.000 0.000 0.000 0.000 0.000 0.000 0.000 0.000 0.000 0.000 0.000 0.000 0.000 0.000 0.000 18/08/2073
0.000 0.000 0.000 0.000 0.000 0.000 0.000 0.000 0.000 0.000 0.000 0.000 0.000 0.000 0.000 0.000 0.000 0.000 0.000 0.000 0.000 0.000 0.000 0.000 0.000 0.000 0.000 0.000 0.000 0.000 19/08/2073
0.000 0.000 0.000 0.000 0.000 0.000 0.000 0.000 0.000 0.000 0.000 0.000 0.000 0.000 0.000 0.000 0.000 0.000 0.000 0.000 0.000 0.000 0.000 0.000 0.000 0.000 0.000 0.000 0.000 0.000 20/08/2073
0.000 0.000 0.000 0.000 0.000 0.000 0.000 0.000 0.000 0.000 0.000 0.000 0.000 0.000 0.000 0.000 0.000 0.000 0.000 0.000 0.000 0.000 0.000 0.000 0.000 0.000 0.000 0.000 0.000 0.000 21/08/2073
0.000 0.000 0.000 0.000 0.000 0.000 0.000 0.000 0.000 0.000 0.000 0.000 0.000 0.000 0.000 0.000 0.000 0.000 0.000 0.000 0.000 0.000 0.000 0.000 0.000 0.000 0.000 0.000 0.000 0.000 22/08/2073
0.000 0.000 0.000 0.000 0.000 0.000 0.000 0.000 0.000 0.000 0.000 0.000 0.000 0.000 0.000 0.000 0.000 0.000 0.000 0.000 0.000 0.000 0.000 0.000 0.000 0.000 0.000 0.000 0.000 0.000 23/08/2073
0.000 0.000 0.000 0.000 0.000 0.000 0.000 0.000 0.000 0.000 0.000 0.000 0.000 0.000 0.000 0.000 0.000 0.000 0.000 0.000 0.000 0.000 0.000 0.000 0.000 0.000 0.000 0.000 0.000 0.000 24/08/2073
0.000 0.000 0.000 0.000 0.000 0.000 0.000 0.000 0.000 0.000 0.000 0.000 0.000 0.000 0.000 0.000 0.000 0.000 0.000 0.000 0.000 0.000 0.000 0.000 0.000 0.000 0.000 0.000 0.000 0.000 25/08/2073
0.000 0.000 0.000 0.000 0.000 0.000 0.000 0.000 0.000 0.000 0.000 0.000 0.000 0.000 0.000 0.000 0.000 0.000 0.000 0.000 0.000 0.000 0.000 0.000 0.000 0.000 0.000 0.000 0.000 0.000 26/08/2073
0.000 0.000 0.000 0.000 0.000 0.000 0.000 0.000 0.000 0.000 0.000 0.000 0.000 0.000 0.000 0.000 0.000 0.000 0.000 0.000 0.000 0.000 0.000 0.000 0.000 0.000 0.000 0.000 0.000 0.000 27/08/2073
0.000 0.000 0.000 0.000 0.000 0.000 0.000 0.000 0.000 0.000 0.000 0.000 0.000 0.000 0.000 0.000 0.000 0.000 0.000 0.000 0.000 0.000 0.000 0.000 0.000 0.000 0.000 0.000 0.000 0.000 28/08/2073
0.000 0.000 0.000 0.000 0.000 0.000 0.000 0.000 0.000 0.000 0.000 0.000 0.000 0.000 0.000 0.000 0.000 0.000 0.000 0.000 0.000 0.000 0.000 0.000 0.000 0.000 0.000 0.000 0.000 0.000 29/08/2073
39.780 87.475 44.632 21.259 23.845 87.897 88.241 44.898 23.298 25.320 31.046 32.995 23.661 23.879 25.105 33.715 10.279 19.191 19.400 19.927 34.357 10.302 9.944 19.104 7.432 6.197 5.634 5.662 17.963 7.543 30/08/2073
13.116 32.192 20.843 24.309 27.217 32.601 32.935 21.004 25.206 25.951 27.167 28.942 29.251 29.511 25.731 29.002 27.549 25.207 25.480 22.419 33.247 27.614 25.146 25.093 23.393 25.482 23.157 20.768 22.389 23.760 31/08/2073
1.045 0.505 0.633 3.092 3.263 0.532 0.539 0.634 3.939 3.827 0.412 0.564 0.512 0.515 3.795 0.491 1.795 2.698 2.741 6.335 1.568 1.799 2.618 2.574 6.491 1.688 2.384 3.170 3.821 6.591 01/09/2073
0.000 0.000 0.000 0.000 0.000 0.000 0.000 0.000 0.000 0.000 0.000 0.000 0.000 0.000 0.000 0.000 0.000 0.000 0.000 0.000 0.000 0.000 0.000 0.000 0.000 0.000 0.000 0.000 0.000 0.000 02/09/2073
0.000 0.000 0.000 0.000 0.000 0.000 0.000 0.000 0.000 0.000 0.000 0.000 0.000 0.000 0.000 0.000 0.000 0.000 0.000 0.000 0.000 0.000 0.000 0.000 0.108 0.000 0.000 0.106 0.129 0.109 03/09/2073
2.266 0.663 0.347 0.120 0.000 0.668 0.670 0.337 0.000 0.000 2.621 1.520 0.266 0.278 0.000 2.719 1.726 1.188 1.201 0.354 2.063 1.729 2.025 1.183 0.184 1.628 1.374 1.712 0.838 0.183 04/09/2073
4.188 1.835 8.060 6.220 7.678 1.849 1.849 8.123 4.756 5.458 8.679 5.708 6.329 6.378 5.415 8.970 4.733 10.838 10.953 9.386 4.342 4.743 5.451 10.790 7.727 6.685 4.349 5.086 6.538 7.829 05/09/2073
2.104 2.299 1.505 1.562 1.617 2.328 2.373 1.517 1.396 1.567 1.608 2.233 1.424 1.435 1.555 1.782 1.593 2.187 2.212 6.897 1.656 1.597 1.711 2.177 1.223 1.887 1.120 1.284 1.546 1.247 06/09/2073
0.000 0.000 1.644 2.405 2.646 0.000 0.000 1.656 1.165 1.046 0.191 1.328 0.325 0.326 1.039 0.242 9.176 4.136 4.183 5.866 2.125 9.198 9.581 4.116 5.985 6.075 5.555 6.449 18.719 6.074 07/09/2073
0.357 1.169 5.685 3.684 4.284 1.194 1.214 5.731 7.758 8.802 0.710 1.613 4.568 4.610 8.730 0.844 1.487 4.676 4.728 5.356 0.135 1.490 1.494 4.655 3.870 1.134 1.844 2.070 3.110 3.939 08/09/2073
10.049 15.500 8.788 5.324 5.742 15.688 15.840 8.857 3.578 4.202 10.238 10.921 8.894 8.977 4.166 10.229 3.820 4.728 4.779 2.208 14.422 3.829 4.311 4.707 5.156 8.775 6.555 7.410 10.965 5.414 09/09/2073
4.232 7.083 3.954 2.739 3.009 7.174 7.247 3.979 2.010 2.741 4.248 4.579 3.869 3.899 2.718 4.528 1.962 2.655 2.683 1.352 6.503 1.967 2.240 2.643 2.564 3.866 2.799 3.392 4.157 2.601 10/09/2073
0.128 0.133 0.373 0.406 0.169 0.134 0.135 0.371 0.218 0.157 0.000 0.183 0.364 0.363 0.157 0.000 0.000 0.177 0.180 0.164 0.111 0.000 0.000 0.176 0.120 0.154 0.115 0.109 0.130 0.121 11/09/2073
0.000 0.000 0.000 0.000 0.000 0.000 0.000 0.000 0.000 0.000 0.000 0.000 0.000 0.000 0.000 0.000 0.000 0.000 0.000 0.000 0.000 0.000 0.000 0.000 0.000 0.000 0.000 0.000 0.000 0.000 12/09/2073
0.000 0.000 0.000 0.000 0.000 0.000 0.000 0.000 0.000 0.000 0.000 0.000 0.000 0.000 0.000 0.000 0.000 0.000 0.000 0.000 0.000 0.000 0.000 0.000 0.000 0.000 0.000 0.000 0.000 0.000 13/09/2073
0.000 0.000 0.000 0.000 0.000 0.000 0.000 0.000 0.000 0.000 0.000 0.000 0.000 0.000 0.000 0.000 0.000 0.000 0.000 0.000 0.000 0.000 0.000 0.000 0.000 0.000 0.000 0.000 0.000 0.000 14/09/2073
0.000 0.000 0.000 0.000 0.000 0.000 0.000 0.000 0.000 0.000 0.000 0.000 0.000 0.000 0.000 0.000 0.000 0.000 0.000 0.000 0.000 0.000 0.000 0.000 0.000 0.000 0.000 0.000 0.000 0.000 15/09/2073
0.000 0.000 0.000 0.000 0.000 0.000 0.000 0.000 0.000 0.000 0.000 0.000 0.000 0.000 0.000 0.000 0.000 0.000 0.000 0.000 0.000 0.000 0.000 0.000 0.000 0.000 0.000 0.000 0.000 0.000 16/09/2073
0.000 0.000 0.000 0.000 0.000 0.000 0.000 0.000 0.000 0.000 0.000 0.000 0.000 0.000 0.000 0.000 0.000 0.000 0.000 0.000 0.000 0.000 0.000 0.000 0.000 0.000 0.000 0.000 0.000 0.000 17/09/2073
0.000 0.000 0.000 0.000 0.000 0.000 0.000 0.000 0.000 0.000 0.000 0.000 0.000 0.000 0.000 0.000 0.000 0.000 0.000 0.000 0.000 0.000 0.000 0.000 0.000 0.000 0.000 0.000 0.000 0.000 18/09/2073
0.000 0.000 0.000 0.000 0.000 0.000 0.000 0.000 0.000 0.000 0.000 0.000 0.000 0.000 0.000 0.000 0.000 0.000 0.000 0.000 0.000 0.000 0.000 0.000 0.000 0.000 0.000 0.000 0.000 0.000 19/09/2073
0.114 0.170 0.197 0.183 0.100 0.172 0.174 0.197 0.161 0.000 0.410 0.189 0.199 0.201 0.000 0.489 0.415 0.152 0.153 0.134 0.776 0.416 0.385 0.152 0.000 0.762 0.163 0.205 0.000 0.000 20/09/2073
0.000 0.000 0.000 0.000 0.000 0.000 0.000 0.000 0.000 0.000 0.000 0.000 0.000 0.000 0.000 0.000 0.000 0.000 0.000 0.000 0.000 0.000 0.000 0.000 0.000 0.000 0.000 0.000 0.000 0.000 21/09/2073
0.000 0.000 0.000 0.000 0.000 0.000 0.000 0.000 0.000 0.000 0.000 0.000 0.000 0.000 0.000 0.000 0.104 0.103 0.103 0.000 0.117 0.104 0.131 0.103 0.000 0.128 0.121 0.155 0.103 0.000 22/09/2073
0.000 0.000 0.000 0.000 0.000 0.000 0.000 0.000 0.000 0.000 0.000 0.000 0.000 0.000 0.000 0.000 0.000 0.000 0.000 0.000 0.000 0.000 0.000 0.000 0.000 0.000 0.000 0.000 0.000 0.000 23/09/2073
0.000 0.000 0.000 0.000 0.000 0.000 0.000 0.000 0.000 0.000 0.000 0.000 0.000 0.000 0.000 0.000 0.000 0.000 0.000 0.000 0.000 0.000 0.000 0.000 0.000 0.000 0.000 0.000 0.000 0.000 24/09/2073
0.000 0.000 0.000 0.000 0.000 0.000 0.000 0.000 0.000 0.000 0.000 0.000 0.000 0.000 0.000 0.000 0.000 0.000 0.000 0.000 0.000 0.000 0.000 0.000 0.000 0.000 0.000 0.000 0.000 0.000 25/09/2073
0.000 0.000 0.000 0.000 0.000 0.000 0.000 0.000 0.000 0.000 0.000 0.000 0.000 0.000 0.000 0.000 0.000 0.000 0.000 0.000 0.000 0.000 0.000 0.000 0.000 0.000 0.000 0.000 0.000 0.000 26/09/2073
0.000 0.000 0.000 0.000 0.000 0.000 0.000 0.000 0.000 0.000 0.000 0.000 0.000 0.000 0.000 0.000 0.000 0.000 0.000 0.000 0.000 0.000 0.000 0.000 0.000 0.000 0.000 0.000 0.000 0.000 27/09/2073
0.000 0.000 0.000 0.000 0.000 0.000 0.000 0.000 0.000 0.000 0.000 0.000 0.000 0.000 0.000 0.000 0.000 0.000 0.000 0.000 0.000 0.000 0.000 0.000 0.000 0.000 0.000 0.000 0.000 0.000 28/09/2073
0.000 0.000 0.000 0.000 0.000 0.000 0.000 0.000 0.000 0.000 0.000 0.000 0.000 0.000 0.000 0.000 0.000 0.000 0.000 0.000 0.000 0.000 0.000 0.000 0.000 0.000 0.000 0.000 0.000 0.000 29/09/2073
0.000 0.000 0.000 0.000 0.000 0.000 0.000 0.000 0.000 0.000 0.000 0.000 0.000 0.000 0.000 0.000 0.000 0.000 0.000 0.000 0.000 0.000 0.000 0.000 0.000 0.000 0.000 0.000 0.000 0.000 30/09/2073
0.000 0.000 0.000 0.000 0.000 0.000 0.000 0.000 0.000 0.000 0.000 0.000 0.000 0.000 0.000 0.000 0.000 0.000 0.000 0.000 0.000 0.000 0.000 0.000 0.000 0.000 0.000 0.000 0.000 0.000 01/10/2073
0.100 0.000 0.100 0.118 0.000 0.000 0.000 0.100 0.125 0.000 0.000 0.000 0.000 0.000 0.000 0.000 0.000 0.000 0.000 0.000 0.000 0.000 0.000 0.000 0.000 0.000 0.000 0.000 0.000 0.000 02/10/2073
0.000 0.000 0.000 0.000 0.000 0.000 0.000 0.000 0.000 0.000 0.000 0.000 0.103 0.103 0.000 0.000 0.000 0.000 0.000 0.000 0.000 0.000 0.000 0.000 0.000 0.000 0.000 0.000 0.000 0.000 03/10/2073
0.000 0.000 0.000 0.000 0.000 0.000 0.000 0.000 0.000 0.000 0.000 0.000 0.000 0.000 0.000 0.000 0.000 0.000 0.000 0.000 0.000 0.000 0.000 0.000 0.000 0.000 0.000 0.000 0.000 0.000 04/10/2073
0.785 0.867 0.713 1.061 0.993 0.877 0.886 0.717 0.644 0.902 1.041 0.881 0.732 0.734 0.897 1.032 0.314 0.387 0.392 0.285 0.642 0.315 0.363 0.386 0.267 0.651 0.291 0.341 0.277 0.271 05/10/2073
0.891 1.002 0.790 0.740 0.530 1.014 1.023 0.796 0.232 0.177 1.003 0.816 0.344 0.344 0.176 0.957 0.288 0.312 0.316 0.370 0.782 0.289 0.327 0.311 0.164 0.298 0.203 0.234 0.259 0.172 06/10/2073
0.000 0.000 0.105 0.157 0.000 0.000 0.000 0.105 0.122 0.000 0.000 0.000 0.000 0.000 0.000 0.000 0.000 0.000 0.000 0.000 0.303 0.000 0.000 0.000 0.000 0.849 0.180 0.200 0.101 0.000 07/10/2073
0.000 0.000 0.000 0.000 0.000 0.000 0.000 0.000 0.000 0.000 0.000 0.000 0.000 0.000 0.000 0.000 0.000 0.000 0.000 0.000 0.000 0.000 0.000 0.000 0.000 0.000 0.000 0.000 0.000 0.000 08/10/2073
0.000 0.427 1.232 0.172 0.000 0.432 0.436 1.241 0.913 1.205 0.000 0.795 0.248 0.249 1.195 0.000 0.392 0.196 0.200 0.374 0.000 0.393 0.473 0.196 0.317 0.145 0.964 1.263 0.372 0.322 09/10/2073
2.986 2.339 2.458 3.583 3.706 2.364 2.387 2.476 3.985 5.222 2.990 3.316 3.749 3.783 5.178 3.041 3.982 5.633 5.689 6.134 4.553 3.992 4.568 5.607 6.404 4.865 4.357 4.933 5.283 6.502 10/10/2073
6.727 7.203 5.565 5.598 6.226 7.296 7.370 5.609 4.694 5.913 8.128 8.335 6.705 6.782 5.864 8.012 8.352 8.646 8.742 5.661 8.924 8.372 9.684 8.606 6.522 8.697 7.600 8.795 8.176 6.621 11/10/2073
2.971 2.856 2.835 4.008 4.271 2.902 2.926 2.871 4.041 3.902 2.834 3.503 3.861 3.936 3.870 2.776 3.648 5.854 5.919 4.281 3.129 3.656 4.455 5.827 6.275 3.525 4.289 5.419 4.497 6.373 12/10/2073
0.000 0.000 0.000 0.000 0.000 0.000 0.000 0.000 0.000 0.000 0.000 0.000 0.000 0.000 0.000 0.000 0.000 0.000 0.000 0.000 0.000 0.000 0.000 0.000 0.000 0.000 0.000 0.000 0.000 0.000 13/10/2073
0.000 0.000 0.000 0.000 0.000 0.000 0.000 0.000 0.000 0.000 0.000 0.000 0.000 0.000 0.000 0.000 0.000 0.000 0.000 0.000 0.000 0.000 0.000 0.000 0.000 0.000 0.000 0.000 0.000 0.000 14/10/2073
0.000 0.000 0.000 0.000 0.000 0.000 0.000 0.000 0.000 0.000 0.000 0.000 0.000 0.000 0.000 0.000 0.000 0.000 0.000 0.000 0.000 0.000 0.000 0.000 0.000 0.000 0.000 0.000 0.000 0.000 15/10/2073
0.000 0.000 0.000 0.000 0.000 0.000 0.000 0.000 0.000 0.000 0.000 0.000 0.000 0.000 0.000 0.000 0.000 0.000 0.000 0.000 0.000 0.000 0.000 0.000 0.000 0.000 0.000 0.000 0.000 0.000 16/10/2073
0.249 0.235 0.449 0.540 0.225 0.234 0.237 0.452 0.860 0.754 0.116 0.100 0.956 0.965 0.748 0.119 0.931 0.958 0.968 1.399 0.822 0.933 1.363 0.938 1.052 0.752 1.545 1.817 1.208 1.066 17/10/2073
8.495 9.576 9.086 8.767 10.707 9.695 9.792 9.155 8.449 9.637 7.780 8.602 9.793 9.879 9.556 8.065 7.992 10.440 10.551 8.758 7.639 8.011 8.805 10.394 10.596 7.381 7.992 8.690 8.257 10.756 18/10/2073
2.351 2.365 1.624 1.550 1.927 2.394 2.417 1.631 2.526 2.523 2.344 2.759 3.190 3.215 2.502 1.913 0.945 2.575 2.609 2.426 1.527 0.938 1.052 2.480 3.909 1.583 1.150 1.348 3.107 3.959 19/10/2073
5.813 4.155 4.133 4.042 4.341 4.245 4.288 4.194 4.401 4.252 4.292 2.938 3.530 3.561 4.220 3.694 3.965 6.085 6.152 3.611 1.982 3.975 4.757 6.057 1.093 1.900 3.168 3.897 1.353 1.091 20/10/2073
4.649 6.345 6.098 3.843 4.064 6.425 6.490 6.146 6.638 6.285 4.981 6.576 6.082 6.138 6.231 4.503 6.473 8.042 8.131 6.991 4.935 6.489 7.625 8.005 8.049 4.449 3.152 3.880 7.133 8.175 21/10/2073
0.000 0.000 0.000 0.000 0.000 0.000 0.000 0.000 0.000 0.000 0.000 0.000 0.000 0.000 0.000 0.000 0.000 0.000 0.000 0.000 0.000 0.000 0.000 0.000 0.000 0.000 0.000 0.000 0.000 0.000 22/10/2073
1.107 1.914 0.575 0.792 0.838 1.938 1.957 0.576 0.662 0.992 0.983 0.868 1.403 1.415 0.973 1.154 0.552 0.721 0.731 1.482 1.169 0.554 0.579 0.717 0.612 0.654 0.458 0.465 0.367 0.619 23/10/2073
0.000 0.000 0.000 0.000 0.000 0.000 0.000 0.000 0.000 0.000 0.000 0.000 0.000 0.000 0.000 0.000 0.000 0.000 0.000 0.000 0.000 0.000 0.000 0.000 0.000 0.000 0.000 0.000 0.000 0.000 24/10/2073
2.955 3.695 2.649 0.420 0.317 3.740 3.778 2.682 0.528 0.780 2.727 4.011 3.951 4.021 0.766 2.438 2.481 4.448 4.498 1.245 2.082 2.486 3.287 4.427 2.340 1.927 1.281 1.874 3.735 2.373 25/10/2073
0.000 0.129 0.000 0.000 0.000 0.130 0.131 0.000 0.000 0.000 0.244 0.480 0.133 0.134 0.000 0.249 0.471 0.423 0.427 0.125 0.609 0.472 0.474 0.422 0.260 0.917 0.591 0.620 1.254 0.263 26/10/2073
0.000 0.000 0.000 0.000 0.000 0.000 0.000 0.000 0.000 0.000 0.000 0.000 0.000 0.000 0.000 0.000 0.000 0.000 0.000 0.000 0.000 0.000 0.000 0.000 0.000 0.000 0.000 0.000 0.000 0.000 27/10/2073
0.473 0.126 0.100 0.137 0.000 0.126 0.129 0.100 0.165 0.000 0.000 0.000 0.168 0.168 0.000 0.000 0.126 0.000 0.000 0.000 0.165 0.126 0.159 0.000 0.000 0.000 0.000 0.101 0.000 0.000 28/10/2073
0.000 0.000 0.000 0.000 0.000 0.000 0.000 0.000 0.000 0.000 0.000 0.000 0.000 0.000 0.000 0.000 0.000 0.000 0.000 0.000 0.000 0.000 0.000 0.000 0.000 0.000 0.000 0.000 0.000 0.000 29/10/2073
0.000 0.000 0.000 0.000 0.000 0.000 0.000 0.000 0.000 0.000 0.000 0.000 0.000 0.000 0.000 0.000 0.000 0.000 0.000 0.000 0.000 0.000 0.000 0.000 0.000 0.000 0.000 0.000 0.000 0.000 30/10/2073
0.000 0.000 0.000 0.000 0.000 0.000 0.000 0.000 0.000 0.000 0.000 0.000 0.000 0.000 0.000 0.000 0.000 0.000 0.000 0.000 0.000 0.000 0.000 0.000 0.000 0.000 0.000 0.000 0.000 0.000 31/10/2073
0.470 0.602 0.188 0.112 0.000 0.626 0.629 0.189 0.000 0.000 0.105 0.194 0.131 0.132 0.000 0.116 0.000 0.000 0.000 0.129 0.106 0.000 0.103 0.000 1.018 0.159 0.000 0.105 0.295 1.009 01/11/2073
0.000 0.000 0.103 0.144 0.000 0.000 0.000 0.103 0.123 0.000 0.000 0.000 0.000 0.000 0.000 0.000 0.131 0.158 0.165 0.103 0.108 0.131 0.127 0.155 0.116 0.117 0.142 0.147 0.151 0.116 02/11/2073
26.532 30.753 31.937 28.878 31.307 31.143 31.462 32.191 31.756 31.427 30.847 31.278 31.869 32.165 31.159 28.463 30.088 32.813 33.177 34.097 24.674 30.158 32.423 32.661 32.585 26.977 29.335 31.537 30.423 33.100 03/11/2073
2.202 2.373 1.956 2.162 2.518 2.399 2.420 1.955 2.144 2.843 2.077 1.707 1.787 1.797 2.821 2.145 1.390 1.151 1.166 2.227 1.770 1.393 1.765 1.144 1.362 1.948 1.790 2.054 1.770 1.382 04/11/2073
11.277 8.404 7.464 7.434 8.327 8.510 8.709 7.524 6.473 7.355 5.955 6.340 9.005 9.088 7.293 6.122 10.107 11.784 11.913 10.043 11.755 10.130 11.804 11.730 11.994 10.903 12.190 13.903 12.200 12.181 05/11/2073
2.958 1.887 2.457 3.746 3.895 1.909 1.927 2.475 3.686 4.299 2.399 2.405 2.595 2.617 4.262 2.518 2.634 2.855 2.886 2.975 3.101 2.640 3.248 2.843 2.332 3.396 2.572 3.134 2.675 2.365 06/11/2073
3.111 3.406 3.508 4.744 5.007 3.446 3.479 3.533 3.687 4.300 2.666 3.462 3.308 3.338 4.263 2.721 2.405 3.246 3.282 3.598 1.930 2.409 2.926 3.231 2.850 1.589 1.439 1.774 2.757 2.894 07/11/2073
0.000 0.106 0.251 0.304 0.100 0.106 0.106 0.252 0.238 0.186 0.187 0.252 0.157 0.162 0.185 0.171 0.351 0.182 0.183 0.383 0.698 0.352 0.409 0.181 0.198 0.142 0.183 0.210 0.171 0.198 08/11/2073
0.000 0.000 0.000 0.000 0.000 0.000 0.000 0.000 0.000 0.000 0.000 0.000 0.000 0.000 0.000 0.000 0.000 0.000 0.000 0.000 0.000 0.000 0.000 0.000 0.000 0.000 0.000 0.000 0.000 0.000 09/11/2073
0.000 0.000 0.000 0.000 0.000 0.000 0.000 0.000 0.000 0.000 0.000 0.000 0.000 0.000 0.000 0.000 0.000 0.000 0.000 0.000 0.000 0.000 0.000 0.000 0.000 0.000 0.000 0.000 0.000 0.000 10/11/2073
0.100 0.110 0.000 0.000 0.000 0.106 0.106 0.000 0.000 0.000 0.105 0.000 0.000 0.000 0.000 0.115 0.000 0.000 0.000 0.000 0.000 0.000 0.000 0.000 0.000 0.000 0.000 0.000 0.000 0.000 11/11/2073
0.000 0.000 0.000 0.000 0.000 0.000 0.000 0.000 0.000 0.000 0.000 0.000 0.000 0.000 0.000 0.000 0.000 0.000 0.000 0.000 0.000 0.000 0.000 0.000 0.000 0.000 0.000 0.000 0.000 0.000 12/11/2073
0.000 0.000 0.000 0.000 0.000 0.000 0.000 0.000 0.123 0.000 0.000 0.000 0.104 0.104 0.000 0.000 0.000 0.113 0.113 0.129 0.110 0.000 0.103 0.113 0.123 0.109 0.000 0.115 0.121 0.126 13/11/2073
0.283 0.253 0.229 0.379 0.104 0.248 0.251 0.230 0.267 0.198 0.423 0.343 0.328 0.357 0.198 0.536 0.380 0.360 0.380 0.554 0.533 0.381 0.626 0.359 0.326 0.547 0.330 0.528 0.372 0.338 14/11/2073
3.839 2.109 2.989 4.463 5.099 2.114 2.129 3.004 2.739 3.350 0.490 1.062 1.831 1.846 3.320 0.567 0.884 1.406 1.415 1.724 0.679 0.885 1.281 1.396 1.316 0.784 0.918 1.309 1.293 1.332 15/11/2073
24.285 26.154 22.698 16.228 20.150 26.477 26.740 22.875 23.888 25.045 14.033 23.168 25.074 25.307 24.834 13.958 19.499 25.800 26.087 20.871 16.250 19.545 21.061 25.681 34.404 22.317 22.885 24.075 25.143 34.948 16/11/2073
0.340 0.337 0.744 1.355 1.670 0.332 0.332 0.746 0.739 0.620 0.000 0.125 0.584 0.593 0.620 0.000 0.176 0.208 0.208 0.250 0.000 0.176 0.241 0.207 0.183 0.150 0.217 0.296 0.357 0.182 17/11/2073
33.602 33.618 33.388 34.943 36.300 34.037 34.378 33.652 40.230 33.263 31.914 34.753 42.083 42.448 32.986 28.354 40.457 45.789 46.227 49.213 31.557 40.535 46.066 45.606 47.719 40.019 45.050 50.168 48.436 48.339 18/11/2073
1.744 1.507 1.916 3.054 3.505 1.523 1.535 1.919 2.304 2.926 2.593 2.212 3.520 3.547 2.880 2.656 2.428 2.488 2.507 2.388 3.696 2.434 3.054 2.480 2.260 4.097 3.099 4.062 2.072 2.292 19/11/2073
0.207 0.206 0.241 1.174 1.183 0.207 0.204 0.242 0.894 0.789 0.000 0.207 0.283 0.290 0.782 0.000 0.175 1.048 1.057 1.468 0.061 0.175 0.240 1.036 0.713 0.025 0.210 0.279 0.572 0.723 20/11/2073
0.168 0.197 0.194 0.740 0.449 0.198 0.196 0.195 0.517 0.410 0.000 0.215 0.242 0.247 0.406 0.000 0.178 0.763 0.771 0.783 0.126 0.178 0.242 0.745 0.553 0.120 0.230 0.327 0.557 0.548 21/11/2073
0.133 0.187 0.144 0.221 0.000 0.187 0.187 0.146 0.187 0.100 0.108 0.221 0.228 0.231 0.100 0.115 0.181 0.290 0.295 0.167 0.158 0.181 0.244 0.289 0.380 0.149 0.256 0.393 0.539 0.451 22/11/2073
19.193 26.126 21.942 15.163 18.442 26.452 26.718 22.117 21.827 25.224 29.651 28.951 23.361 23.577 25.009 25.824 28.751 24.772 25.047 21.970 24.071 28.819 24.485 24.657 22.114 22.114 29.565 25.025 23.738 22.461 23/11/2073
0.000 0.000 0.000 0.000 0.000 0.000 0.000 0.000 0.000 0.000 0.000 0.000 0.000 0.000 0.000 0.000 0.000 0.000 0.000 0.000 0.000 0.000 0.000 0.000 0.000 0.000 0.000 0.000 0.000 0.000 24/11/2073
1.956 1.753 1.730 1.530 1.586 1.772 1.824 1.742 1.313 1.417 1.600 1.827 1.393 1.404 1.406 1.771 1.312 1.261 1.275 1.113 1.364 1.314 1.352 1.255 0.735 1.136 0.825 1.113 1.094 0.746 25/11/2073
8.544 8.437 8.313 7.904 9.459 8.534 8.614 8.373 8.961 9.787 8.842 8.443 9.148 9.233 9.710 8.563 8.353 9.332 9.434 9.467 8.070 8.373 9.190 9.289 8.927 6.780 6.412 7.058 7.088 9.068 26/11/2073
0.197 0.160 0.181 0.204 0.100 0.163 0.168 0.183 0.148 0.000 0.210 0.108 0.153 0.154 0.000 0.279 0.146 0.154 0.156 0.115 0.218 0.146 0.218 0.154 0.127 0.151 0.150 0.230 0.192 0.127 27/11/2073
0.000 0.000 0.000 0.000 0.000 0.000 0.000 0.000 0.000 0.000 0.000 0.000 0.000 0.000 0.000 0.000 0.000 0.000 0.000 0.000 0.000 0.000 0.000 0.000 0.000 0.000 0.000 0.000 0.000 0.000 28/11/2073
0.000 0.000 0.101 0.226 0.120 0.000 0.100 0.101 0.000 0.000 0.103 0.000 0.101 0.101 0.000 0.147 0.000 0.000 0.000 0.118 0.000 0.000 0.000 0.000 0.000 0.085 0.000 0.000 0.000 0.000 29/11/2073
0.105 0.000 0.100 0.205 0.100 0.000 0.000 0.100 0.000 0.000 0.000 0.000 0.000 0.000 0.000 0.000 0.000 0.000 0.000 0.000 0.081 0.000 0.000 0.000 0.000 0.000 0.000 0.000 0.000 0.000 30/11/2073
0.000 0.000 0.000 0.432 0.000 0.000 0.000 0.130 0.177 0.000 0.258 0.000 0.164 0.162 0.000 0.420 0.000 0.184 0.198 0.000 0.000 0.000 0.224 0.179 0.173 0.242 0.000 0.174 0.163 0.192 01/12/2073
0.000 0.000 0.000 0.000 0.000 0.000 0.000 0.000 0.000 0.000 0.000 0.000 0.000 0.000 0.000 0.000 0.000 0.000 0.000 0.000 0.000 0.000 0.000 0.000 0.000 0.000 0.000 0.000 0.000 0.000 02/12/2073
0.691 0.614 1.464 2.314 2.223 0.693 0.726 1.471 1.755 1.586 1.077 1.026 1.288 1.312 1.558 0.917 0.585 0.662 0.657 1.452 0.587 0.596 0.741 0.658 1.551 0.554 0.460 0.614 0.296 1.565 03/12/2073
8.409 5.876 7.588 8.189 10.006 5.967 6.106 7.640 10.653 11.151 3.885 4.431 7.331 7.528 10.990 3.182 3.848 6.472 6.486 9.463 2.197 3.857 4.136 6.448 7.933 1.682 3.071 3.282 5.162 8.061 04/12/2073
3.692 4.868 5.514 4.274 5.960 4.947 4.997 5.558 5.735 6.010 5.379 4.928 5.310 5.391 5.972 5.710 4.795 6.042 6.053 6.627 6.220 4.806 6.486 6.017 8.311 5.632 4.422 5.337 7.227 8.445 05/12/2073
0.000 0.000 0.000 0.000 0.000 0.000 0.000 0.000 0.000 0.000 0.000 0.000 0.049 0.000 0.000 0.000 0.000 0.000 0.000 0.000 0.000 0.000 0.000 0.000 0.000 0.000 0.000 0.000 0.000 0.000 06/12/2073
0.000 0.000 0.000 0.000 0.000 0.000 0.000 0.000 0.000 0.000 0.000 0.000 0.000 0.000 0.000 0.000 0.000 0.000 0.000 0.000 0.000 0.000 0.000 0.000 0.000 0.000 0.000 0.000 0.000 0.000 07/12/2073
0.000 0.000 0.000 0.000 0.000 0.000 0.000 0.000 0.000 0.000 0.000 0.000 0.000 0.000 0.000 0.000 0.000 0.000 0.000 0.000 0.000 0.000 0.000 0.000 0.000 0.000 0.000 0.000 0.000 0.000 08/12/2073
0.000 0.000 0.000 0.000 0.000 0.000 0.000 0.000 0.000 0.000 0.000 0.000 0.000 0.000 0.000 0.000 0.000 0.000 0.000 0.000 0.000 0.000 0.000 0.000 0.000 0.000 0.000 0.000 0.000 0.000 09/12/2073
0.000 0.000 0.000 0.000 0.000 0.000 0.000 0.000 0.000 0.000 0.000 0.000 0.000 0.000 0.000 0.000 0.000 0.000 0.000 0.000 0.000 0.000 0.000 0.000 0.000 0.000 0.000 0.000 0.000 0.000 10/12/2073
0.000 0.000 0.000 0.000 0.000 0.000 0.000 0.000 0.046 0.000 0.000 0.000 0.100 0.000 0.000 0.000 0.000 0.000 0.000 0.000 0.000 0.000 0.000 0.000 0.000 0.000 0.000 0.000 0.000 0.000 11/12/2073
0.000 0.000 0.000 0.000 0.000 0.000 0.000 0.000 0.000 0.000 0.000 0.000 0.000 0.000 0.000 0.000 0.000 0.000 0.000 0.000 0.000 0.000 0.000 0.000 0.000 0.000 0.000 0.000 0.000 0.000 12/12/2073
0.000 0.000 0.000 0.000 0.000 0.000 0.000 0.000 0.000 0.000 0.000 0.000 0.127 0.128 0.000 0.000 0.109 0.142 0.140 0.153 0.000 0.109 0.166 0.145 0.171 0.000 0.100 0.162 0.165 0.177 13/12/2073
0.000 0.000 0.000 0.000 0.000 0.000 0.000 0.000 0.000 0.000 0.093 0.000 0.000 0.000 0.000 0.000 0.000 0.000 0.000 0.000 0.000 0.000 0.124 0.000 0.000 0.000 0.000 0.105 0.000 0.000 14/12/2073
0.000 0.000 0.000 0.000 0.000 0.000 0.000 0.000 0.000 0.000 0.000 0.000 0.049 0.000 0.000 0.000 0.000 0.000 0.000 0.000 0.000 0.000 0.000 0.000 0.000 0.000 0.000 0.000 0.000 0.000 15/12/2073
0.000 0.000 0.000 0.000 0.000 0.000 0.000 0.000 0.000 0.000 0.000 0.000 0.000 0.000 0.000 0.000 0.000 0.000 0.000 0.000 0.000 0.000 0.000 0.000 0.000 0.000 0.000 0.000 0.000 0.000 16/12/2073
0.000 0.000 0.000 0.000 0.000 0.000 0.000 0.000 0.000 0.000 0.000 0.000 0.000 0.000 0.000 0.000 0.000 0.000 0.000 0.000 0.000 0.000 0.000 0.000 0.000 0.000 0.000 0.000 0.000 0.000 17/12/2073
0.000 0.000 0.000 0.000 0.000 0.000 0.000 0.000 0.000 0.000 0.000 0.000 0.000 0.000 0.000 0.000 0.000 0.000 0.000 0.000 0.000 0.000 0.000 0.000 0.000 0.000 0.000 0.000 0.000 0.000 18/12/2073
0.000 0.000 0.000 0.000 0.000 0.000 0.000 0.000 0.000 0.000 0.000 0.000 0.000 0.000 0.000 0.000 0.000 0.000 0.039 0.112 0.000 0.000 0.000 0.000 0.000 0.000 0.000 0.000 0.000 0.000 19/12/2073
0.116 0.117 0.114 0.000 0.000 0.127 0.135 0.117 0.115 0.000 0.159 0.140 0.122 0.130 0.000 0.129 0.130 0.190 0.221 0.131 0.132 0.130 0.126 0.181 0.150 0.142 0.129 0.161 0.212 0.150 20/12/2073
0.102 0.104 0.000 0.000 0.000 0.108 0.111 0.000 0.000 0.000 0.112 0.094 0.000 0.000 0.000 0.000 0.121 0.000 0.000 0.000 0.000 0.121 0.117 0.000 0.000 0.000 0.118 0.117 0.000 0.000 21/12/2073
0.000 0.000 0.000 0.000 0.000 0.000 0.000 0.000 0.000 0.000 0.000 0.000 0.000 0.000 0.088 0.000 0.000 0.000 0.000 0.000 0.000 0.000 0.000 0.000 0.000 0.086 0.000 0.000 0.000 0.000 22/12/2073
0.000 0.000 0.000 0.000 0.000 0.000 0.000 0.000 0.000 0.000 0.000 0.000 0.000 0.000 0.000 0.000 0.000 0.000 0.000 0.000 0.000 0.000 0.000 0.000 0.000 0.000 0.000 0.000 0.000 0.000 23/12/2073
9.794 9.449 7.882 6.238 6.574 9.612 9.561 7.933 5.836 6.042 8.819 8.802 6.521 6.649 6.345 6.789 5.686 5.775 6.193 5.238 6.068 5.659 6.475 5.633 5.436 5.697 5.147 6.163 5.688 5.833 24/12/2073
0.472 0.160 0.000 0.000 0.000 0.175 0.175 0.000 0.000 0.000 0.309 0.000 0.000 0.000 0.000 0.321 0.000 0.000 0.000 0.000 0.000 0.000 0.000 0.000 0.000 0.000 0.000 0.000 0.000 0.000 25/12/2073
0.000 0.000 0.000 0.000 0.000 0.000 0.000 0.000 0.000 0.000 0.000 0.000 0.000 0.000 0.000 0.000 0.000 0.000 0.000 0.000 0.000 0.000 0.000 0.000 0.000 0.000 0.000 0.000 0.000 0.000 26/12/2073
0.000 0.000 0.000 0.000 0.000 0.000 0.000 0.000 0.000 0.000 0.000 0.000 0.000 0.000 0.000 0.000 0.000 0.000 0.000 0.000 0.000 0.000 0.000 0.000 0.000 0.000 0.000 0.000 0.000 0.000 27/12/2073
0.000 0.000 0.000 0.000 0.000 0.000 0.000 0.000 0.000 0.000 0.000 0.000 0.000 0.000 0.000 0.000 0.000 0.100 0.000 0.000 0.000 0.000 0.000 0.000 0.000 0.000 0.000 0.042 0.000 0.000 28/12/2073
2.317 2.180 1.542 0.976 1.022 2.193 2.192 1.552 0.745 0.736 2.244 1.807 1.511 1.520 0.732 2.272 0.870 1.132 1.149 0.564 1.212 0.875 1.123 1.107 0.222 0.831 0.423 0.651 0.449 0.226 29/12/2073
2.065 1.900 1.445 0.909 0.938 1.873 1.901 1.453 1.456 1.360 2.400 2.036 1.957 1.975 1.348 2.244 1.603 1.309 1.292 0.931 1.542 1.640 1.858 1.293 0.164 0.809 0.667 0.827 0.507 0.163 30/12/2073
0.000 0.000 0.000 0.000 0.000 0.000 0.000 0.000 0.000 0.000 0.000 0.000 0.000 0.000 0.000 0.000 0.000 0.000 0.000 0.000 0.000 0.000 0.000 0.000 0.000 0.000 0.000 0.000 0.000 0.000 31/12/2073
0.000 0.000 0.100 0.000 0.000 0.000 0.000 0.000 0.000 0.000 0.000 0.000 0.000 0.000 0.000 0.000 0.000 0.000 0.000 0.000 0.000 0.000 0.000 0.000 0.000 0.000 0.000 0.000 0.000 0.000 01/01/2074
0.000 0.000 0.000 0.000 0.000 0.000 0.000 0.000 0.000 0.000 0.000 0.000 0.000 0.000 0.000 0.000 0.000 0.000 0.000 0.000 0.000 0.000 0.000 0.000 0.000 0.000 0.000 0.000 0.000 0.000 02/01/2074
0.910 0.480 0.419 0.235 0.120 0.497 0.512 0.424 0.168 0.000 0.130 0.157 0.184 0.183 0.000 0.132 0.000 0.123 0.124 0.000 0.000 0.000 0.110 0.123 0.000 0.000 0.000 0.083 0.000 0.000 03/01/2074
0.000 0.000 0.000 0.000 0.000 0.000 0.000 0.000 0.000 0.000 0.000 0.000 0.000 0.000 0.000 0.000 0.000 0.000 0.000 0.000 0.000 0.000 0.000 0.000 0.000 0.000 0.000 0.000 0.000 0.000 04/01/2074
0.000 0.000 0.000 0.000 0.000 0.000 0.000 0.000 0.000 0.000 0.000 0.000 0.000 0.000 0.000 0.000 0.000 0.000 0.000 0.000 0.000 0.000 0.000 0.000 0.000 0.000 0.000 0.000 0.000 0.000 05/01/2074
0.000 0.000 0.000 0.000 0.000 0.000 0.000 0.000 0.000 0.000 0.000 0.000 0.000 0.000 0.000 0.000 0.000 0.000 0.000 0.000 0.000 0.000 0.000 0.000 0.000 0.000 0.000 0.000 0.000 0.000 06/01/2074
0.000 0.000 0.000 0.000 0.000 0.000 0.000 0.000 0.000 0.000 0.000 0.000 0.000 0.000 0.000 0.000 0.000 0.000 0.000 0.000 0.000 0.000 0.000 0.000 0.000 0.000 0.000 0.000 0.000 0.000 07/01/2074
0.000 0.000 0.000 0.000 0.000 0.000 0.000 0.000 0.000 0.000 0.000 0.000 0.080 0.000 0.000 0.000 0.000 0.000 0.000 0.000 0.000 0.000 0.000 0.000 0.000 0.000 0.000 0.000 0.000 0.000 08/01/2074
0.000 0.000 0.000 0.000 0.000 0.000 0.000 0.000 0.000 0.000 0.000 0.000 0.000 0.000 0.000 0.000 0.000 0.000 0.000 0.000 0.000 0.000 0.000 0.000 0.000 0.000 0.000 0.000 0.000 0.000 09/01/2074
0.340 0.452 0.565 0.849 0.803 0.474 0.483 0.569 0.496 0.484 0.339 0.423 0.519 0.502 0.481 0.327 0.439 0.700 0.716 0.602 0.612 0.439 0.692 0.689 0.755 0.312 0.222 0.425 0.624 0.777 10/01/2074
0.000 0.000 0.000 0.000 0.000 0.000 0.000 0.000 0.000 0.000 0.000 0.000 0.000 0.000 0.000 0.000 0.000 0.000 0.000 0.000 0.000 0.000 0.000 0.000 0.000 0.000 0.000 0.000 0.000 0.000 11/01/2074
0.000 0.000 0.000 0.000 0.000 0.000 0.000 0.000 0.000 0.000 0.000 0.000 0.000 0.000 0.000 0.000 0.000 0.000 0.000 0.000 0.000 0.000 0.000 0.000 0.000 0.000 0.000 0.000 0.000 0.000 12/01/2074
0.000 0.000 0.000 0.000 0.000 0.000 0.000 0.000 0.000 0.000 0.000 0.000 0.000 0.000 0.000 0.000 0.000 0.000 0.000 0.000 0.000 0.000 0.100 0.000 0.000 0.000 0.000 0.000 0.000 0.000 13/01/2074
0.000 0.000 0.000 0.000 0.000 0.000 0.000 0.000 0.000 0.000 0.000 0.000 0.000 0.000 0.000 0.000 0.000 0.000 0.000 0.000 0.000 0.000 0.000 0.000 0.000 0.000 0.068 0.000 0.000 0.100 14/01/2074
0.000 0.000 0.000 0.000 0.000 0.000 0.000 0.000 0.000 0.000 0.000 0.000 0.000 0.000 0.000 0.000 0.000 0.000 0.000 0.000 0.000 0.000 0.045 0.000 0.000 0.086 0.000 0.000 0.100 0.000 15/01/2074
0.000 0.000 0.000 0.000 0.000 0.000 0.000 0.000 0.000 0.000 0.000 0.000 0.000 0.000 0.000 0.069 0.000 0.000 0.000 0.000 0.000 0.000 0.000 0.000 0.000 0.000 0.000 0.000 0.000 0.000 16/01/2074
0.000 0.000 0.000 0.000 0.000 0.000 0.000 0.000 0.000 0.000 0.000 0.000 0.000 0.000 0.000 0.000 0.000 0.000 0.000 0.000 0.000 0.000 0.000 0.000 0.000 0.000 0.000 0.000 0.000 0.000 17/01/2074
0.000 0.000 0.000 0.000 0.000 0.000 0.000 0.000 0.000 0.000 0.000 0.000 0.000 0.000 0.000 0.000 0.000 0.000 0.000 0.000 0.000 0.000 0.000 0.000 0.000 0.000 0.000 0.000 0.000 0.000 18/01/2074
0.469 0.590 1.633 1.534 1.532 0.673 0.704 1.624 1.450 1.458 0.356 1.300 2.014 2.029 1.445 0.384 1.126 1.936 1.959 1.442 0.759 1.155 1.443 1.931 1.482 0.719 0.704 0.947 1.654 1.491 19/01/2074
0.000 0.000 0.000 0.000 0.000 0.000 0.000 0.000 0.000 0.000 0.000 0.000 0.000 0.000 0.000 0.000 0.000 0.000 0.000 0.000 0.000 0.000 0.000 0.000 0.000 0.000 0.000 0.000 0.000 0.000 20/01/2074
0.000 0.000 0.000 0.000 0.000 0.000 0.000 0.000 0.000 0.000 0.000 0.000 0.097 0.000 0.000 0.000 0.000 0.000 0.000 0.000 0.000 0.000 0.000 0.000 0.000 0.000 0.000 0.000 0.000 0.000 21/01/2074
1.653 1.679 2.550 2.994 4.197 1.649 1.660 2.688 3.050 3.664 1.423 1.601 2.415 2.423 3.591 1.280 1.568 2.132 2.156 2.486 1.147 1.571 1.770 2.124 2.146 1.486 1.820 2.130 2.047 2.176 22/01/2074
0.000 0.000 0.000 0.371 0.349 0.000 0.000 0.000 0.170 0.166 0.000 0.000 0.000 0.000 0.169 0.000 0.000 0.124 0.123 0.130 0.000 0.000 0.000 0.117 0.209 0.000 0.000 0.157 0.180 0.220 23/01/2074
0.000 0.000 0.000 0.000 0.000 0.000 0.000 0.000 0.000 0.000 0.000 0.000 0.000 0.000 0.000 0.000 0.000 0.000 0.000 0.000 0.000 0.000 0.000 0.000 0.000 0.000 0.000 0.000 0.000 0.000 24/01/2074
0.000 0.000 0.000 0.000 0.000 0.000 0.000 0.000 0.049 0.000 0.000 0.000 0.165 0.173 0.000 0.000 0.000 0.272 0.278 0.100 0.000 0.000 0.094 0.273 0.000 0.000 0.000 0.000 0.201 0.000 25/01/2074
0.000 0.000 0.000 0.000 0.000 0.000 0.000 0.000 0.000 0.000 0.000 0.000 0.000 0.000 0.000 0.000 0.000 0.000 0.000 0.000 0.000 0.000 0.000 0.000 0.000 0.000 0.000 0.000 0.000 0.000 26/01/2074
0.000 0.000 0.000 0.000 0.000 0.000 0.000 0.000 0.000 0.000 0.000 0.000 0.000 0.084 0.000 0.000 0.000 0.100 0.000 0.000 0.000 0.000 0.000 0.000 0.000 0.000 0.000 0.000 0.000 0.000 27/01/2074
0.000 0.000 0.000 0.000 0.000 0.000 0.000 0.000 0.000 0.000 0.000 0.000 0.000 0.000 0.000 0.000 0.000 0.000 0.000 0.000 0.000 0.000 0.000 0.000 0.000 0.000 0.000 0.000 0.000 0.000 28/01/2074
0.000 0.000 0.000 0.000 0.000 0.000 0.000 0.000 0.000 0.000 0.000 0.000 0.206 0.214 0.000 0.000 0.000 0.000 0.000 0.172 0.000 0.000 0.000 0.000 0.512 0.000 0.000 0.000 0.000 0.524 29/01/2074
0.000 0.000 0.000 0.000 0.135 0.000 0.000 0.000 0.000 0.000 0.000 0.000 0.000 0.000 0.000 0.000 0.000 0.000 0.000 0.000 0.000 0.000 0.000 0.000 0.000 0.000 0.000 0.000 0.000 0.000 30/01/2074
0.000 0.000 0.000 0.000 0.000 0.000 0.000 0.000 0.000 0.000 0.000 0.000 0.000 0.043 0.100 0.000 0.111 0.000 0.000 0.000 0.000 0.000 0.000 0.000 0.000 0.109 0.000 0.000 0.000 0.083 31/01/2074
0.378 0.974 0.499 0.495 0.000 0.984 1.037 0.509 0.000 0.000 1.529 0.390 0.000 0.000 0.000 1.749 0.000 0.048 0.000 0.000 0.503 0.000 0.000 0.000 0.000 0.286 0.103 0.120 0.000 0.000 01/02/2074
10.143 10.163 11.446 11.148 12.980 10.291 10.396 11.536 11.686 12.727 8.234 9.493 10.835 10.936 12.628 7.904 6.881 7.338 7.468 10.857 8.049 6.896 7.800 7.324 6.140 4.968 3.338 4.086 3.861 6.143 02/02/2074
2.240 2.380 1.820 2.726 3.243 2.375 2.431 1.846 2.707 3.085 2.001 1.582 1.966 1.978 3.090 2.193 1.823 1.482 1.536 2.393 1.234 1.826 2.067 1.475 2.507 2.054 2.113 2.580 2.387 2.429 03/02/2074
16.991 14.199 13.677 13.990 15.881 14.364 14.498 13.783 12.510 13.644 13.364 13.237 12.883 13.002 13.536 13.101 10.110 12.132 12.252 11.900 11.385 10.122 11.967 12.078 10.378 11.278 10.060 11.658 11.267 10.546 04/02/2074
0.821 0.928 1.658 2.200 2.653 0.939 0.991 1.685 2.726 3.099 0.955 1.286 1.894 1.904 3.107 1.147 1.534 2.432 2.426 3.127 1.313 1.538 1.814 2.449 3.404 1.866 2.004 2.312 2.674 3.496 05/02/2074
3.187 3.877 4.355 4.769 5.668 3.989 4.022 4.441 5.760 6.148 4.465 4.970 5.121 5.208 6.152 4.346 4.508 5.192 5.257 5.404 4.766 4.519 5.071 5.169 6.176 4.776 4.724 5.147 5.168 6.209 06/02/2074
5.248 6.347 7.890 8.028 9.350 6.427 6.532 7.953 9.458 10.193 7.069 8.701 9.464 9.547 10.107 6.849 8.163 9.481 9.585 9.192 8.190 8.182 9.641 9.440 9.605 8.286 8.135 9.555 8.845 9.725 07/02/2074
5.838 7.801 7.846 7.732 9.021 8.008 8.130 7.908 9.382 9.899 8.241 8.945 9.601 9.661 9.816 7.909 8.976 11.242 11.365 11.837 9.487 8.997 11.102 11.189 12.997 10.359 10.230 11.857 12.899 13.203 08/02/2074
0.133 0.000 0.000 0.000 0.000 0.000 0.000 0.000 0.000 0.000 0.000 0.000 0.000 0.000 0.031 0.000 0.000 0.000 0.000 0.000 0.000 0.000 0.000 0.000 0.000 0.000 0.103 0.000 0.000 0.000 09/02/2074
0.377 0.383 0.414 0.969 0.652 0.401 0.389 0.424 0.778 0.661 0.339 0.258 0.267 0.278 0.652 0.491 0.637 0.368 0.405 0.298 0.655 0.660 0.928 0.367 0.232 0.535 0.248 0.470 0.448 0.286 10/02/2074
0.904 0.970 1.052 1.066 0.794 0.982 1.032 1.082 0.775 0.660 0.893 0.800 0.904 1.016 0.651 0.969 0.525 0.731 0.728 0.856 0.981 0.548 0.850 0.736 0.434 0.650 0.242 0.452 0.865 0.514 11/02/2074
16.287 11.869 9.233 5.427 6.393 12.015 12.134 9.307 2.256 2.496 6.928 4.591 3.207 3.237 2.475 6.920 0.601 0.693 0.709 0.973 1.436 0.606 0.885 0.683 0.795 0.550 0.101 0.174 0.362 0.810 12/02/2074
35.326 31.370 25.877 21.051 26.921 31.748 32.057 26.083 22.872 26.397 33.098 30.922 25.395 25.631 26.172 30.145 25.904 24.789 25.065 19.751 29.332 25.964 28.356 24.674 18.413 21.214 16.994 20.114 18.464 18.700 13/02/2074
3.955 3.067 4.739 4.369 4.826 3.128 3.158 4.781 4.541 4.954 2.723 5.011 4.127 4.207 4.995 2.699 4.345 4.087 4.081 4.699 4.888 4.355 4.976 4.058 4.220 2.219 2.135 2.631 2.426 4.255 14/02/2074
2.054 1.488 0.907 0.611 0.553 1.513 1.512 0.958 0.864 0.675 1.584 1.189 1.749 1.764 0.675 1.217 0.781 0.642 0.634 1.244 1.150 0.782 1.090 0.642 0.443 0.781 0.485 0.641 0.650 0.413 15/02/2074
0.000 0.000 0.000 0.000 0.000 0.000 0.000 0.000 0.000 0.000 0.000 0.000 0.000 0.000 0.000 0.000 0.000 0.000 0.000 0.000 0.000 0.000 0.000 0.000 0.000 0.000 0.000 0.000 0.044 0.000 16/02/2074
0.000 0.000 0.000 0.000 0.000 0.000 0.000 0.000 0.000 0.000 0.000 0.000 0.000 0.000 0.000 0.000 0.000 0.000 0.000 0.000 0.000 0.000 0.000 0.000 0.000 0.000 0.000 0.000 0.000 0.000 17/02/2074
0.000 0.000 0.000 0.508 0.347 0.000 0.000 0.000 1.463 1.428 0.000 0.000 0.808 0.817 1.416 0.000 0.136 0.993 0.984 1.039 0.000 0.136 0.174 0.971 0.890 0.000 0.184 0.285 0.296 0.869 18/02/2074
0.000 0.000 0.000 0.000 0.000 0.000 0.000 0.000 0.000 0.000 0.000 0.000 0.000 0.000 0.000 0.000 0.000 0.000 0.000 0.000 0.000 0.000 0.000 0.000 0.000 0.000 0.000 0.000 0.000 0.000 19/02/2074
0.000 0.000 0.000 0.000 0.000 0.000 0.000 0.000 0.000 0.000 0.000 0.000 0.000 0.000 0.000 0.000 0.000 0.000 0.000 0.000 0.000 0.000 0.000 0.000 0.000 0.000 0.000 0.000 0.000 0.000 20/02/2074
0.000 0.000 0.000 0.000 0.000 0.000 0.000 0.000 0.000 0.000 0.000 0.000 0.000 0.000 0.000 0.000 0.000 0.000 0.000 0.000 0.000 0.000 0.000 0.000 0.000 0.000 0.000 0.000 0.000 0.000 21/02/2074
0.000 0.000 0.000 0.000 0.000 0.000 0.000 0.000 0.000 0.000 0.000 0.000 0.000 0.000 0.000 0.000 0.000 0.000 0.000 0.000 0.000 0.000 0.000 0.000 0.000 0.000 0.000 0.000 0.000 0.000 22/02/2074
1.433 4.031 6.784 9.138 11.765 4.120 4.147 6.837 3.522 3.237 4.283 2.722 3.991 4.047 3.218 3.610 2.808 3.991 4.040 3.501 1.158 2.814 3.244 3.974 3.887 1.091 2.638 2.599 3.874 3.971 23/02/2074
0.000 0.000 0.000 0.000 0.000 0.000 0.000 0.000 0.000 0.000 0.000 0.000 0.000 0.109 0.000 0.000 0.000 0.047 0.000 0.000 0.000 0.000 0.145 0.000 0.000 0.000 0.000 0.000 0.000 0.039 24/02/2074
0.000 0.000 0.000 0.000 0.000 0.000 0.000 0.000 0.000 0.000 0.000 0.000 0.000 0.000 0.000 0.000 0.000 0.000 0.000 0.000 0.000 0.000 0.000 0.000 0.000 0.000 0.000 0.000 0.000 0.000 25/02/2074
0.000 0.000 0.000 0.000 0.000 0.000 0.000 0.000 0.000 0.000 0.000 0.000 0.000 0.000 0.000 0.000 0.000 0.000 0.000 0.000 0.000 0.000 0.000 0.000 0.000 0.000 0.000 0.000 0.000 0.000 26/02/2074
0.000 0.000 0.000 0.000 0.000 0.000 0.000 0.000 0.000 0.000 0.000 0.000 0.000 0.000 0.000 0.000 0.000 0.000 0.000 0.000 0.000 0.000 0.000 0.000 0.000 0.000 0.000 0.000 0.000 0.000 27/02/2074
0.000 0.000 0.000 0.000 0.000 0.000 0.000 0.000 0.000 0.000 0.000 0.000 0.000 0.000 0.000 0.000 0.000 0.000 0.000 0.000 0.000 0.000 0.000 0.000 0.000 0.000 0.000 0.000 0.000 0.000 28/02/2074
0.000 0.000 0.000 0.000 0.000 0.000 0.000 0.000 0.000 0.000 0.000 0.000 0.000 0.000 0.000 0.000 0.000 0.000 0.000 0.000 0.000 0.000 0.000 0.000 0.000 0.000 0.000 0.000 0.000 0.000 01/03/2074
0.000 0.000 0.000 0.000 0.000 0.000 0.000 0.000 0.000 0.000 0.000 0.000 0.000 0.000 0.000 0.000 0.000 0.000 0.000 0.000 0.000 0.000 0.000 0.000 0.000 0.000 0.000 0.000 0.000 0.000 02/03/2074
0.000 0.000 0.000 0.000 0.000 0.000 0.000 0.000 0.000 0.000 0.000 0.000 0.000 0.000 0.000 0.000 0.000 0.000 0.000 0.000 0.000 0.102 0.000 0.000 0.000 0.000 0.000 0.000 0.000 0.000 03/03/2074
0.000 0.000 0.000 0.000 0.000 0.000 0.000 0.000 0.000 0.000 0.000 0.000 0.000 0.000 0.000 0.000 0.000 0.000 0.000 0.000 0.000 0.000 0.000 0.000 0.000 0.000 0.000 0.000 0.000 0.000 04/03/2074
0.000 0.000 0.000 0.000 0.000 0.000 0.000 0.000 0.000 0.000 0.000 0.000 0.000 0.000 0.000 0.000 0.000 0.000 0.000 0.000 0.000 0.136 0.000 0.000 0.000 0.000 0.000 0.000 0.000 0.000 05/03/2074
0.000 0.000 0.000 0.000 0.000 0.000 0.000 0.000 0.000 0.000 0.000 0.000 0.000 0.000 0.000 0.000 0.000 0.000 0.000 0.000 0.000 0.000 0.000 0.000 0.000 0.000 0.000 0.000 0.000 0.000 06/03/2074
0.000 0.000 0.000 0.000 0.000 0.000 0.000 0.000 0.000 0.000 0.000 0.000 0.000 0.000 0.000 0.000 0.000 0.000 0.000 0.000 0.000 0.000 0.000 0.000 0.000 0.000 0.000 0.000 0.000 0.000 07/03/2074
6.118 6.316 5.247 5.046 6.001 6.389 6.445 5.287 6.252 6.819 6.540 6.427 6.833 6.896 6.761 6.283 7.061 6.602 6.670 6.611 6.249 7.078 7.027 6.574 6.668 6.055 6.507 6.429 5.262 6.767 08/03/2074
0.000 0.000 0.000 0.000 0.000 0.000 0.000 0.000 0.000 0.000 0.000 0.000 0.000 0.000 0.000 0.000 0.000 0.000 0.000 0.000 0.000 0.000 0.000 0.000 0.000 0.000 0.000 0.000 0.000 0.000 09/03/2074
4.516 4.792 4.698 4.619 4.908 4.853 4.903 4.735 3.689 3.829 2.636 2.435 2.667 2.688 3.797 2.267 1.312 2.047 2.062 2.535 1.172 1.314 1.535 2.071 1.580 1.001 0.903 0.965 1.211 1.592 10/03/2074
21.835 46.723 46.398 40.784 44.523 47.000 47.225 46.572 11.362 13.440 13.984 11.542 11.135 11.238 13.326 14.045 11.796 14.587 14.747 15.838 10.976 11.824 13.502 14.520 11.307 10.566 11.567 12.907 12.546 11.485 11/03/2074
19.348 22.290 22.443 21.807 25.023 22.563 22.787 22.615 25.298 26.105 22.434 20.993 28.303 28.558 25.884 20.768 21.931 17.663 17.859 18.033 20.247 21.982 28.590 17.582 17.765 24.505 20.498 22.688 18.000 18.046 12/03/2074
1.718 2.340 0.854 1.663 1.966 2.369 2.393 0.859 1.715 2.151 2.533 2.044 1.852 1.849 2.133 2.219 1.454 1.034 1.042 1.113 2.297 1.457 1.845 1.031 0.770 1.340 1.336 1.586 0.813 0.783 13/03/2074
0.000 0.000 0.000 0.000 0.000 0.000 0.000 0.000 0.000 0.000 0.000 0.000 0.000 0.000 0.000 0.000 0.000 0.000 0.000 0.000 0.000 0.000 0.000 0.000 0.000 0.000 0.000 0.000 0.000 0.000 14/03/2074
15.626 15.034 15.872 17.338 20.595 15.225 15.380 15.998 17.429 20.637 13.935 14.944 17.036 17.193 20.263 14.008 13.292 15.811 15.985 16.958 13.538 13.323 15.212 15.739 15.337 15.001 14.157 15.775 14.744 15.577 15/03/2074
11.861 10.759 13.134 11.700 14.204 10.895 11.007 13.238 11.948 13.048 11.716 11.910 13.376 13.500 12.937 10.537 10.332 11.213 11.337 11.696 9.031 10.356 11.770 11.161 9.604 8.172 9.520 10.964 9.476 9.755 16/03/2074
8.539 9.998 10.000 11.632 14.949 10.122 10.222 10.077 12.551 15.710 10.512 10.235 11.422 11.528 15.577 10.608 10.630 11.575 11.704 12.130 10.729 10.653 11.763 11.521 11.112 11.501 10.787 11.694 11.589 11.287 17/03/2074
11.252 13.872 13.779 14.117 17.649 14.048 14.192 13.889 17.010 20.000 16.322 15.635 16.960 17.117 19.631 15.952 14.854 16.938 17.125 17.306 14.922 14.889 16.593 16.860 17.326 14.679 14.555 16.123 17.002 17.599 18/03/2074
2.560 3.251 3.074 3.293 3.355 3.292 3.326 3.098 2.944 3.217 3.385 3.366 3.299 3.329 3.190 2.999 3.513 4.454 4.503 3.571 3.455 3.521 4.373 4.434 4.451 2.828 3.608 4.422 4.875 4.521 19/03/2074
0.000 0.000 0.000 0.000 0.000 0.000 0.000 0.000 0.000 0.000 0.000 0.000 0.000 0.000 0.000 0.000 0.130 0.000 0.000 0.000 0.000 0.000 0.000 0.000 0.000 0.000 0.000 0.000 0.000 0.000 20/03/2074
0.100 0.101 0.102 0.137 0.080 0.101 0.101 0.102 0.110 0.075 0.100 0.000 0.000 0.000 0.075 0.000 0.000 0.107 0.106 0.113 0.109 0.000 0.110 0.107 0.123 0.180 0.105 0.282 0.132 0.126 21/03/2074
1.607 1.400 1.873 1.339 1.237 1.427 1.452 1.898 0.881 0.964 1.096 0.898 1.592 1.607 0.947 1.110 0.356 0.832 0.837 0.914 0.550 0.357 0.538 0.829 0.659 0.819 0.284 0.471 0.507 0.666 22/03/2074
0.000 0.000 0.000 0.000 0.000 0.000 0.000 0.000 0.000 0.000 0.000 0.000 0.000 0.000 0.000 0.000 0.000 0.000 0.000 0.000 0.000 0.000 0.000 0.000 0.000 0.000 0.000 0.000 0.000 0.000 23/03/2074
0.000 0.000 0.000 0.000 0.000 0.000 0.000 0.000 0.000 0.000 0.000 0.000 0.000 0.000 0.000 0.000 0.000 0.000 0.000 0.000 0.000 0.000 0.000 0.000 0.000 0.000 0.000 0.000 0.000 0.000 24/03/2074
0.000 0.000 0.000 0.000 0.000 0.000 0.000 0.000 0.000 0.000 0.000 0.000 0.000 0.000 0.000 0.000 0.000 0.000 0.000 0.000 0.000 0.000 0.000 0.000 0.000 0.000 0.000 0.000 0.000 0.000 25/03/2074
0.000 0.000 0.000 0.000 0.000 0.000 0.000 0.000 0.000 0.000 0.000 0.000 0.000 0.000 0.000 0.000 0.000 0.000 0.000 0.000 0.000 0.000 0.000 0.000 0.000 0.000 0.000 0.000 0.000 0.000 26/03/2074
2.047 2.601 3.950 4.116 5.275 2.633 2.660 3.982 10.936 11.139 3.542 3.352 4.585 4.628 11.044 3.177 3.440 4.317 4.364 5.028 2.812 3.447 3.704 4.297 3.680 4.079 3.567 3.857 3.277 3.738 27/03/2074
1.620 4.118 1.482 3.568 4.416 4.169 4.211 1.494 5.759 6.537 1.249 2.281 2.316 2.337 6.481 1.140 2.392 3.295 3.331 3.487 0.708 2.398 2.915 3.280 3.299 1.398 1.017 1.251 1.830 3.351 28/03/2074
0.000 0.000 0.000 0.000 0.000 0.000 0.000 0.000 0.000 0.000 0.000 0.000 0.000 0.000 0.000 0.000 0.000 0.000 0.000 0.000 0.000 0.000 0.147 0.000 0.000 0.000 0.000 0.000 0.000 0.000 29/03/2074
0.314 0.346 0.586 1.149 1.180 0.349 0.353 0.591 1.065 1.379 0.333 0.498 0.612 0.615 1.368 0.392 0.463 0.721 0.721 0.643 0.526 0.464 0.565 0.714 0.297 0.156 0.123 0.203 0.267 0.294 30/03/2074
1.147 0.736 0.975 1.347 1.566 0.752 0.760 0.982 0.557 0.692 0.000 0.100 0.185 0.188 0.686 0.000 0.000 0.000 0.000 0.000 0.000 0.000 0.000 0.000 0.000 0.000 0.000 0.000 0.000 0.000 31/03/2074
0.100 0.000 0.000 0.167 0.106 0.000 0.000 0.000 0.107 0.000 0.100 0.000 0.000 0.000 0.000 0.000 0.000 0.119 0.119 0.124 0.117 0.000 0.122 0.118 0.126 0.000 0.000 0.000 0.107 0.129 01/04/2074
0.000 0.000 0.000 0.000 0.000 0.000 0.000 0.000 0.000 0.000 0.000 0.000 0.000 0.000 0.000 0.000 0.000 0.000 0.000 0.000 0.000 0.000 0.000 0.000 0.000 0.000 0.000 0.000 0.000 0.000 02/04/2074
0.000 0.000 0.526 0.164 0.000 0.000 0.000 0.528 0.121 0.000 0.000 0.339 0.447 0.453 0.000 0.000 0.263 0.472 0.478 0.102 0.000 0.262 0.421 0.470 0.171 0.203 0.233 0.341 0.000 0.171 03/04/2074
0.000 0.000 0.000 0.000 0.000 0.000 0.000 0.000 0.000 0.000 0.000 0.000 0.000 0.000 0.000 0.000 0.000 0.000 0.000 0.000 0.000 0.000 0.000 0.000 0.000 0.000 0.000 0.000 0.000 0.000 04/04/2074
0.000 0.000 0.000 0.000 0.000 0.000 0.000 0.000 0.000 0.000 0.000 0.000 0.000 0.000 0.000 0.000 0.000 0.000 0.000 0.000 0.000 0.000 0.000 0.000 0.000 0.000 0.000 0.000 0.000 0.000 05/04/2074
0.000 0.000 0.108 0.144 0.000 0.000 0.000 0.109 0.000 0.000 0.499 0.000 0.111 0.112 0.000 0.457 0.442 0.492 0.508 0.392 0.431 0.443 0.603 0.487 0.486 0.922 1.213 1.511 1.018 0.508 06/04/2074
0.441 0.448 0.269 0.716 0.386 0.451 0.454 0.271 0.285 0.191 0.203 0.000 0.000 0.000 0.191 0.172 0.000 0.490 0.506 0.660 0.163 0.000 0.142 0.484 1.965 0.827 1.174 1.452 1.456 1.993 07/04/2074
0.000 0.000 0.000 0.000 0.000 0.000 0.000 0.000 0.000 0.076 0.000 0.000 0.000 0.000 0.000 0.000 0.000 0.000 0.000 0.000 0.000 0.000 0.000 0.000 0.000 0.000 0.000 0.000 0.000 0.000 08/04/2074
0.000 0.000 0.000 0.000 0.000 0.000 0.000 0.000 0.000 0.000 0.000 0.000 0.000 0.000 0.000 0.000 0.000 0.000 0.000 0.000 0.000 0.000 0.000 0.000 0.000 0.000 0.000 0.000 0.000 0.000 09/04/2074
0.000 0.000 0.000 0.000 0.000 0.000 0.000 0.000 0.000 0.000 0.000 0.000 0.000 0.000 0.000 0.000 0.000 0.000 0.000 0.000 0.000 0.000 0.000 0.000 0.000 0.000 0.000 0.000 0.000 0.000 10/04/2074
0.963 0.667 0.103 0.690 0.746 0.678 0.686 0.103 0.000 0.000 2.614 0.371 0.131 0.131 0.000 2.257 0.664 0.000 0.000 0.000 2.572 0.664 0.738 0.000 0.000 1.168 0.000 0.139 0.000 0.000 11/04/2074
27.424 12.001 13.049 4.819 5.166 12.143 12.257 13.149 4.379 3.681 26.545 14.240 5.786 5.777 3.654 24.641 6.099 2.185 2.188 2.259 14.540 6.114 6.661 2.220 1.574 4.219 2.549 2.841 1.415 1.599 12/04/2074
3.490 3.398 3.023 5.627 6.292 3.441 3.471 3.046 7.311 7.656 4.307 3.080 4.549 4.582 7.594 4.394 3.217 6.314 6.383 8.473 4.131 3.216 4.405 6.303 6.741 3.805 3.911 5.054 7.122 6.835 13/04/2074
6.201 6.981 8.652 12.849 16.976 7.070 7.108 8.606 16.109 19.653 6.652 8.633 12.799 12.913 19.491 7.150 10.130 12.867 13.004 15.168 8.454 10.152 11.130 12.810 15.419 9.158 10.837 11.939 13.774 15.652 14/04/2074
2.235 1.626 3.222 1.688 1.694 1.685 1.701 3.243 3.306 3.204 1.191 3.156 3.328 3.303 3.177 1.139 3.870 4.083 4.128 6.332 1.227 3.879 4.921 4.064 4.716 0.722 2.868 3.593 6.303 4.778 15/04/2074
0.291 0.271 0.560 1.731 1.703 0.290 0.290 0.564 0.201 0.102 0.573 0.353 0.647 0.652 0.104 0.672 0.444 0.243 0.245 0.175 1.253 0.445 0.632 0.242 0.659 1.569 1.111 1.124 0.628 0.666 16/04/2074
0.000 0.000 0.000 0.000 0.000 0.000 0.000 0.000 0.000 0.000 0.000 0.000 0.000 0.000 0.000 0.000 0.000 0.000 0.000 0.000 0.000 0.000 0.000 0.000 0.000 0.000 0.231 0.336 0.268 0.000 17/04/2074
2.087 1.420 0.962 1.323 1.223 1.457 1.487 0.984 0.478 0.395 0.573 1.288 1.270 1.280 0.410 0.672 1.498 2.643 2.666 1.304 0.635 1.501 1.631 2.633 2.656 0.953 1.803 2.052 2.661 2.688 18/04/2074
0.214 0.125 0.000 0.000 0.000 0.125 0.124 0.000 0.000 0.000 0.093 0.120 0.000 0.000 0.000 0.000 0.141 0.426 0.402 0.137 0.000 0.141 0.258 0.425 0.491 0.115 0.193 0.402 0.506 0.478 19/04/2074
0.000 0.000 0.000 0.000 0.000 0.000 0.000 0.090 0.000 0.000 0.000 0.000 0.000 0.000 0.000 0.000 0.000 0.000 0.000 0.000 0.000 0.000 0.000 0.000 0.000 0.000 0.000 0.000 0.000 0.000 20/04/2074
0.000 0.000 0.000 0.000 0.000 0.000 0.000 0.000 0.000 0.000 0.000 0.000 0.000 0.000 0.000 0.000 0.140 0.189 0.191 0.273 0.393 0.141 0.252 0.188 1.366 0.000 0.119 0.185 0.364 1.379 21/04/2074
0.000 0.000 0.000 0.000 0.000 0.000 0.000 0.000 0.000 0.000 0.000 0.000 0.000 0.000 0.000 0.000 0.000 0.000 0.000 0.000 0.000 0.000 0.000 0.000 0.000 0.000 0.000 0.000 0.000 0.000 22/04/2074
0.000 0.000 0.000 0.000 0.000 0.000 0.000 0.000 0.000 0.000 0.000 0.000 0.000 0.000 0.000 0.000 0.000 0.000 0.000 0.000 0.000 0.000 0.000 0.000 0.000 0.000 0.000 0.000 0.000 0.000 23/04/2074
0.000 0.000 0.000 0.100 0.000 0.000 0.000 0.000 0.000 0.000 0.000 0.000 0.000 0.000 0.000 0.000 0.000 0.000 0.000 0.000 0.000 0.000 0.000 0.000 0.000 0.000 0.000 0.000 0.000 0.000 24/04/2074
3.952 4.200 4.119 4.099 5.032 4.254 4.268 4.142 0.827 0.948 4.249 2.126 1.219 1.261 0.940 4.142 0.000 0.128 0.132 0.000 0.000 0.000 0.122 0.126 1.333 2.402 1.958 2.189 1.881 1.344 25/04/2074
0.000 0.000 0.000 0.000 0.000 0.000 0.000 0.000 0.563 0.683 0.154 0.000 0.302 0.281 0.695 0.206 0.000 0.846 0.862 0.925 0.000 0.000 0.147 0.851 0.830 0.480 0.850 1.051 0.933 0.833 26/04/2074
0.000 0.000 0.000 0.000 0.020 0.000 0.000 0.000 0.000 0.000 0.000 0.000 0.000 0.000 0.000 0.000 0.000 0.000 0.000 0.000 0.000 0.000 0.000 0.000 0.000 0.000 0.000 0.000 0.000 0.000 27/04/2074
0.000 0.000 0.000 0.000 0.000 0.000 0.000 0.000 0.000 0.000 0.000 0.000 0.000 0.000 0.000 0.000 0.000 0.000 0.000 0.000 0.000 0.000 0.000 0.000 0.000 0.000 0.000 0.000 0.000 0.000 28/04/2074
0.000 0.000 0.000 0.000 0.000 0.000 0.000 0.000 0.000 0.000 0.000 0.000 0.000 0.000 0.000 0.000 0.000 0.000 0.164 0.000 0.000 0.000 0.000 0.000 0.000 0.000 0.000 0.000 0.000 0.000 29/04/2074
0.000 0.000 0.000 0.000 0.000 0.000 0.000 0.000 0.000 0.000 0.000 0.000 0.000 0.000 0.000 0.000 0.000 0.000 0.000 0.000 0.000 0.000 0.000 0.000 0.000 0.000 0.000 0.000 0.000 0.000 30/04/2074
0.000 0.000 0.000 0.000 0.000 0.000 0.000 0.000 0.000 0.000 0.000 0.000 0.000 0.000 0.000 0.000 0.000 0.000 0.000 0.000 0.000 0.000 0.000 0.000 0.000 0.000 0.000 0.000 0.000 0.000 01/05/2074
0.000 0.000 0.000 0.000 0.000 0.000 0.000 0.000 0.000 0.000 0.000 0.000 0.000 0.000 0.000 0.000 0.000 0.000 0.000 0.000 0.000 0.000 0.000 0.000 0.000 0.000 0.000 0.000 0.000 0.000 02/05/2074
0.000 0.000 0.000 0.000 0.000 0.000 0.000 0.000 0.000 0.076 0.000 0.000 0.000 0.000 0.000 0.000 0.000 0.000 0.000 0.000 0.000 0.000 0.000 0.000 0.000 0.000 0.000 0.000 0.000 0.000 03/05/2074
0.000 0.000 0.000 0.000 0.000 0.000 0.000 0.000 0.000 0.000 0.000 0.000 0.000 0.000 0.000 0.000 0.000 0.000 0.000 0.000 0.000 0.000 0.000 0.000 0.000 0.000 0.000 0.000 0.000 0.000 04/05/2074
0.000 0.000 0.000 0.000 0.000 0.000 0.000 0.000 0.000 0.000 0.000 0.000 0.000 0.000 0.000 0.000 0.000 0.000 0.000 0.000 0.000 0.000 0.147 0.000 0.000 0.000 0.000 0.000 0.000 0.000 05/05/2074
0.000 0.000 0.000 0.000 0.000 0.000 0.000 0.000 0.000 0.000 0.000 0.000 0.000 0.000 0.000 0.000 0.000 0.000 0.000 0.000 0.000 0.000 0.000 0.000 0.000 0.000 0.000 0.000 0.000 0.000 06/05/2074
0.000 0.000 0.000 0.000 0.000 0.000 0.000 0.000 0.000 0.000 0.000 0.000 0.000 0.000 0.000 0.000 0.000 0.000 0.000 0.000 0.000 0.000 0.000 0.000 0.000 0.000 0.000 0.000 0.000 0.000 07/05/2074
0.000 0.000 0.000 0.000 0.000 0.000 0.000 0.000 0.000 0.000 0.000 0.000 0.000 0.000 0.000 0.000 0.000 0.000 0.000 0.000 0.000 0.000 0.000 0.000 0.000 0.000 0.000 0.000 0.000 0.000 08/05/2074
0.000 0.000 0.000 0.000 0.000 0.000 0.000 0.000 0.000 0.000 0.000 0.000 0.000 0.000 0.000 0.000 0.000 0.000 0.000 0.000 0.000 0.000 0.000 0.000 0.000 0.000 0.000 0.000 0.000 0.000 09/05/2074
0.000 0.000 0.000 0.000 0.000 0.000 0.000 0.000 0.000 0.000 0.000 0.000 0.000 0.000 0.000 0.000 0.000 0.000 0.000 0.000 0.000 0.000 0.000 0.000 0.000 0.000 0.000 0.000 0.000 0.000 10/05/2074
0.000 0.000 0.000 0.000 0.000 0.000 0.000 0.000 0.000 0.000 0.000 0.000 0.000 0.000 0.000 0.000 0.000 0.000 0.000 0.000 0.000 0.000 0.000 0.000 0.000 0.000 0.000 0.000 0.000 0.000 11/05/2074
0.000 0.000 0.000 0.000 0.000 0.000 0.000 0.000 0.000 0.000 0.000 0.000 0.000 0.000 0.000 0.000 0.000 0.000 0.000 0.000 0.000 0.000 0.000 0.000 0.000 0.000 0.000 0.000 0.000 0.000 12/05/2074
0.000 0.000 0.000 0.000 0.000 0.000 0.000 0.000 0.000 0.000 0.000 0.000 0.000 0.000 0.000 0.000 0.000 0.000 0.000 0.000 0.000 0.000 0.000 0.000 0.000 0.000 0.000 0.000 0.000 0.000 13/05/2074
0.000 0.000 0.000 0.000 0.000 0.000 0.000 0.000 0.000 0.000 0.000 0.000 0.000 0.000 0.000 0.000 0.000 0.000 0.000 0.000 0.000 0.000 0.000 0.000 0.000 0.000 0.000 0.000 0.000 0.000 14/05/2074
0.000 0.000 0.000 0.000 0.000 0.000 0.000 0.000 0.000 0.000 0.000 0.000 0.000 0.000 0.000 0.000 0.000 0.000 0.000 0.000 0.000 0.000 0.000 0.000 0.000 0.000 0.000 0.000 0.000 0.000 15/05/2074
0.000 0.000 0.000 0.000 0.000 0.000 0.000 0.000 0.000 0.000 0.000 0.000 0.000 0.000 0.000 0.000 0.000 0.000 0.000 0.000 0.000 0.000 0.000 0.000 0.000 0.000 0.000 0.000 0.000 0.000 16/05/2074
0.000 0.000 0.000 0.000 0.000 0.000 0.000 0.000 0.000 0.000 0.000 0.000 0.000 0.000 0.000 0.000 0.000 0.000 0.000 0.000 0.000 0.000 0.000 0.000 0.000 0.000 0.000 0.000 0.000 0.000 17/05/2074
0.000 0.393 0.000 0.886 0.954 0.398 0.397 0.000 0.456 0.532 0.000 0.000 0.607 0.582 0.528 0.000 0.326 0.179 0.181 0.133 0.000 0.329 0.512 0.178 0.270 0.000 0.000 0.157 0.000 0.274 18/05/2074
0.000 0.100 0.000 0.000 0.000 0.000 0.000 0.000 0.000 0.000 0.000 0.000 0.000 0.000 0.000 0.000 0.000 0.000 0.000 0.000 0.000 0.000 0.000 0.000 0.000 0.000 0.000 0.000 0.000 0.000 19/05/2074
0.000 0.000 0.000 0.000 0.000 0.000 0.000 0.000 0.000 0.000 0.000 0.000 0.000 0.000 0.000 0.000 0.000 0.000 0.000 0.000 0.000 0.000 0.000 0.000 0.000 0.000 0.000 0.100 0.000 0.000 20/05/2074
0.000 1.276 0.914 0.000 0.000 1.280 1.278 0.894 0.000 0.000 2.392 1.278 0.000 0.000 0.000 2.544 0.000 0.000 0.000 0.000 2.046 0.000 0.151 0.000 0.000 1.039 0.000 0.000 0.000 0.000 21/05/2074
1.677 1.591 0.862 0.439 0.505 1.611 1.625 0.851 0.663 0.752 2.861 2.751 0.821 0.813 0.768 2.907 2.292 1.363 1.365 0.512 1.203 2.294 2.560 1.344 0.973 0.773 1.951 2.182 1.309 0.966 22/05/2074
0.000 0.000 0.350 0.107 0.000 0.000 0.000 0.353 0.242 0.458 0.000 0.329 0.000 0.000 0.379 0.000 0.000 0.000 0.000 0.000 0.247 0.000 0.000 0.000 0.107 0.000 0.000 0.000 0.000 0.109 23/05/2074
0.000 0.467 0.128 0.129 0.040 0.466 0.469 0.132 0.137 0.154 0.140 0.126 0.111 0.112 0.152 0.148 0.451 0.776 0.784 0.739 0.549 0.452 0.557 0.772 1.499 0.989 0.508 0.620 1.281 1.495 24/05/2074
0.000 0.000 0.000 0.480 0.352 0.000 0.000 0.000 0.000 0.000 0.000 0.000 0.000 0.000 0.000 0.000 0.000 0.000 0.000 0.000 0.000 0.000 0.000 0.000 0.210 0.000 0.000 0.000 0.304 0.210 25/05/2074
0.000 0.000 0.000 0.000 0.000 0.000 0.000 0.000 0.000 0.000 0.000 0.000 0.000 0.000 0.000 0.000 0.000 0.000 0.000 0.000 0.000 0.000 0.000 0.000 0.000 0.000 0.000 0.000 0.000 0.000 26/05/2074
0.000 0.000 0.000 0.000 0.000 0.000 0.000 0.000 0.000 0.000 0.000 0.000 0.000 0.000 0.000 0.000 0.000 0.000 0.000 0.000 0.000 0.000 0.000 0.000 0.000 0.000 0.000 0.000 0.000 0.000 27/05/2074
0.000 0.354 0.177 0.300 0.190 0.363 0.353 0.178 2.099 2.016 1.109 1.202 1.334 1.346 1.981 1.114 1.510 1.619 1.638 2.310 1.056 1.514 1.647 1.606 2.683 2.409 1.960 2.346 3.183 2.718 28/05/2074
0.579 1.295 1.046 2.355 2.282 1.327 1.343 1.055 2.642 2.348 1.063 1.853 0.441 0.448 2.337 1.078 1.768 2.100 2.071 3.832 1.841 1.774 2.007 2.115 4.182 1.917 1.457 1.590 2.674 4.248 29/05/2074
0.000 0.000 0.127 0.130 0.060 0.000 0.000 0.130 0.000 0.000 0.116 0.239 0.000 0.000 0.000 0.130 0.000 0.000 0.000 0.109 0.000 0.000 0.126 0.000 0.109 0.238 0.000 0.132 0.102 0.110 30/05/2074
0.933 6.016 0.645 2.302 2.631 6.092 6.154 0.650 0.104 0.000 0.197 0.119 0.318 0.316 0.000 0.201 0.316 0.133 0.133 0.743 0.000 0.317 0.441 0.131 0.192 0.000 0.107 0.158 1.157 0.197 31/05/2074
0.000 0.000 0.000 0.000 0.000 0.000 0.000 0.000 0.000 0.000 0.000 0.000 0.000 0.000 0.000 0.000 0.000 0.000 0.000 0.147 0.000 0.000 0.000 0.000 0.000 0.000 0.000 0.000 0.000 0.000 01/06/2074
0.769 0.874 0.000 1.513 1.747 0.880 0.884 0.000 2.186 3.210 1.444 0.127 0.196 0.196 3.183 1.312 0.827 1.261 1.275 0.743 1.245 0.828 1.107 1.255 0.438 1.918 0.778 0.999 0.789 0.439 02/06/2074
0.000 0.000 0.000 0.000 0.000 0.000 0.000 0.000 0.108 0.104 0.000 0.000 0.000 0.000 0.104 0.000 0.000 0.000 0.000 0.179 0.000 0.000 0.149 0.000 0.000 0.000 0.000 0.000 0.000 0.000 03/06/2074
1.307 0.000 0.000 0.212 0.343 0.000 0.000 0.000 0.000 0.000 0.000 0.000 0.161 0.165 0.000 0.000 0.000 0.220 0.224 0.000 0.000 0.000 0.000 0.219 0.000 0.000 0.000 0.000 0.000 0.000 04/06/2074
0.000 0.000 0.000 0.000 0.000 0.000 0.000 0.000 0.000 0.000 0.000 0.000 0.000 0.000 0.000 0.000 0.000 0.000 0.000 0.000 0.000 0.000 0.000 0.000 0.000 0.167 0.000 0.000 0.000 0.000 05/06/2074
0.000 0.000 0.000 0.000 0.000 0.000 0.000 0.000 0.000 0.000 0.000 0.000 0.000 0.000 0.000 0.000 0.000 0.000 0.000 0.000 0.000 0.000 0.000 0.000 0.000 0.000 0.000 0.000 0.000 0.000 06/06/2074
3.709 9.078 6.319 4.908 5.063 9.185 9.272 6.369 8.941 9.175 6.094 8.934 10.467 10.562 9.099 6.547 6.214 12.744 12.880 9.710 8.135 6.227 7.880 12.687 7.071 13.280 3.814 4.277 15.521 7.177 07/06/2074
0.692 0.749 0.155 2.481 3.143 0.758 0.765 0.156 2.407 3.484 1.037 1.454 1.077 1.085 3.454 1.025 1.284 2.092 2.115 3.467 0.564 1.288 1.528 2.083 11.523 4.195 1.721 1.890 6.214 11.706 08/06/2074
17.993 11.926 12.736 11.540 13.442 12.077 12.199 12.835 12.468 11.078 21.583 15.917 15.774 15.914 10.985 22.194 12.172 6.625 6.693 12.204 10.031 12.201 16.620 6.596 7.726 10.496 7.255 7.613 9.721 7.839 09/06/2074
16.799 6.576 7.039 7.523 8.917 6.658 6.725 7.095 4.171 4.621 8.681 7.632 3.759 3.794 4.584 7.020 4.316 3.205 3.240 2.158 5.033 4.326 4.021 3.190 3.621 3.597 4.241 3.872 1.765 3.678 10/06/2074
2.572 3.393 6.262 3.586 3.815 3.434 3.468 6.311 2.907 3.119 2.600 3.966 4.128 4.166 3.094 2.423 3.605 3.822 3.865 2.938 4.154 3.613 4.074 3.805 2.762 7.808 4.342 5.170 1.383 2.801 11/06/2074
0.000 0.000 0.000 0.333 0.276 0.000 0.000 0.000 0.324 0.383 0.000 0.110 0.178 0.179 0.380 0.000 0.170 0.312 0.318 0.412 0.339 0.170 0.324 0.310 0.595 0.166 0.000 0.128 0.367 0.604 12/06/2074
15.096 11.492 15.738 10.716 10.993 11.638 11.757 15.859 13.498 14.818 9.889 8.976 11.510 11.617 14.692 8.597 7.343 16.752 16.933 22.643 7.628 7.359 7.938 16.676 12.802 10.764 7.052 7.392 12.796 13.004 13/06/2074
24.554 23.394 16.428 33.422 36.612 23.686 23.924 16.555 11.135 12.411 21.864 19.835 21.544 21.742 12.314 19.963 7.397 2.306 2.330 1.834 10.585 7.413 8.028 2.295 1.640 7.317 1.959 2.188 1.802 1.666 14/06/2074
0.000 0.000 0.840 1.387 1.311 0.000 0.000 0.846 0.775 0.980 0.000 0.000 0.000 0.000 0.975 0.000 0.000 0.000 0.000 0.146 0.000 0.000 0.000 0.000 0.000 0.000 0.000 0.000 0.000 0.000 15/06/2074
0.000 0.000 0.000 0.000 0.000 0.000 0.000 0.000 0.000 0.000 0.000 0.000 0.000 0.000 0.000 0.000 0.000 0.000 0.000 0.000 0.000 0.000 0.000 0.000 0.000 0.000 0.000 0.000 0.000 0.000 16/06/2074
2.926 2.960 1.279 0.205 0.330 2.994 3.021 1.288 0.817 1.050 1.346 0.808 0.573 0.577 1.041 1.092 0.697 1.005 1.016 0.551 0.747 0.698 0.956 1.000 0.178 0.448 1.030 1.104 0.605 0.178 17/06/2074
0.000 0.000 0.000 0.000 0.000 0.000 0.000 0.000 0.000 0.000 0.133 0.124 0.158 0.158 0.000 0.152 0.259 0.203 0.204 0.000 0.101 0.259 0.432 0.203 0.000 0.205 0.107 0.151 0.326 0.000 18/06/2074
0.000 0.000 0.000 0.000 0.000 0.000 0.000 0.000 0.000 0.000 0.000 0.000 0.000 0.000 0.000 0.000 0.000 0.000 0.000 0.000 0.000 0.000 0.000 0.000 0.000 0.000 0.000 0.000 0.000 0.000 19/06/2074
0.000 0.000 0.000 0.000 0.000 0.000 0.000 0.000 0.000 0.000 0.000 0.000 0.000 0.000 0.000 0.000 0.000 0.000 0.000 0.000 0.000 0.000 0.000 0.000 0.000 0.000 0.000 0.000 0.153 0.000 20/06/2074
0.000 0.000 0.000 0.000 0.000 0.000 0.000 0.000 0.000 0.000 0.000 0.000 0.000 0.000 0.000 0.000 0.000 0.000 0.000 0.000 0.000 0.000 0.000 0.000 0.000 0.000 0.000 0.000 0.000 0.000 21/06/2074
4.988 7.516 10.762 9.176 9.184 7.612 7.690 10.848 5.870 6.732 5.196 9.387 11.997 12.108 6.675 4.848 15.206 18.164 18.358 12.542 5.098 15.242 15.548 18.083 20.785 9.613 8.349 8.809 11.010 21.109 22/06/2074
0.000 0.000 0.000 0.000 0.000 0.000 0.000 0.000 0.000 0.000 0.000 0.000 0.000 0.000 0.000 0.000 0.000 0.000 0.000 0.000 0.000 0.000 0.000 0.000 0.000 0.000 0.000 0.000 0.000 0.000 23/06/2074
0.000 0.000 0.000 0.000 0.000 0.000 0.000 0.000 0.000 0.000 0.000 0.000 0.000 0.000 0.000 0.000 0.000 0.000 0.000 0.000 0.000 0.000 0.000 0.000 0.000 0.119 0.000 0.000 0.000 0.000 24/06/2074
0.000 0.000 0.000 0.000 0.000 0.000 0.000 0.000 0.000 0.000 0.000 0.000 0.000 0.000 0.000 0.000 0.000 0.000 0.000 0.000 0.000 0.000 0.000 0.000 0.000 0.000 0.000 0.000 0.000 0.000 25/06/2074
0.000 0.000 0.000 0.000 0.000 0.000 0.000 0.000 0.000 0.000 0.000 0.000 0.000 0.000 0.000 0.000 0.000 0.000 0.000 0.000 0.000 0.000 0.000 0.000 0.000 0.000 0.000 0.000 0.000 0.000 26/06/2074
0.000 0.000 0.000 0.000 0.000 0.000 0.000 0.000 0.000 0.000 0.000 0.000 0.000 0.000 0.000 0.000 0.000 0.000 0.000 0.000 0.000 0.000 0.000 0.000 0.000 0.000 0.000 0.000 0.000 0.000 27/06/2074
0.000 0.000 0.000 0.000 0.000 0.000 0.000 0.000 0.000 0.000 0.000 0.000 0.000 0.000 0.000 0.000 0.000 0.000 0.000 0.000 0.000 0.000 0.000 0.000 0.000 0.000 0.000 0.000 0.000 0.000 28/06/2074
0.000 0.000 0.000 0.000 0.000 0.000 0.000 0.000 0.000 0.000 0.000 0.000 0.000 0.000 0.000 0.000 0.000 0.000 0.000 0.000 0.000 0.000 0.000 0.000 0.000 0.000 0.000 0.000 0.000 0.000 29/06/2074
0.000 0.000 0.000 0.000 0.000 0.000 0.000 0.000 0.000 0.000 0.000 0.000 0.000 0.000 0.000 0.000 0.000 0.000 0.000 0.000 0.000 0.000 0.000 0.000 0.000 0.000 0.000 0.000 0.000 0.000 30/06/2074
0.000 0.000 0.000 0.000 0.000 0.000 0.000 0.000 0.000 0.000 0.000 0.000 0.000 0.000 0.000 0.000 0.000 0.000 0.000 0.000 0.000 0.000 0.000 0.000 0.000 0.000 0.000 0.000 0.000 0.000 01/07/2074
0.000 0.000 0.000 0.000 0.000 0.000 0.000 0.000 0.000 0.000 0.000 0.000 0.000 0.000 0.000 0.000 0.000 0.000 0.000 0.000 0.000 0.000 0.000 0.000 0.000 0.000 0.000 0.000 0.000 0.000 02/07/2074
0.000 0.000 0.000 0.000 0.000 0.000 0.000 0.000 0.000 0.000 0.000 0.000 0.000 0.000 0.000 0.000 0.000 0.000 0.000 0.000 0.000 0.000 0.000 0.000 0.000 0.000 0.000 0.000 0.000 0.000 03/07/2074
0.000 0.000 0.000 0.000 0.000 0.000 0.000 0.000 0.000 0.000 0.000 0.000 0.000 0.000 0.000 0.000 0.000 0.000 0.000 0.000 0.000 0.000 0.000 0.000 0.000 0.000 0.000 0.000 0.000 0.000 04/07/2074
0.000 0.000 0.000 0.000 0.000 0.000 0.000 0.000 0.000 0.000 0.000 0.000 0.000 0.000 0.000 0.000 0.000 0.000 0.000 0.000 0.000 0.000 0.000 0.000 0.000 0.000 0.000 0.000 0.000 0.000 05/07/2074
0.000 0.000 0.000 0.000 0.000 0.000 0.000 0.000 0.000 0.000 0.000 0.000 0.000 0.000 0.000 0.000 0.000 0.000 0.000 0.000 0.000 0.000 0.000 0.000 0.000 0.000 0.000 0.000 0.000 0.000 06/07/2074
0.000 0.000 0.000 0.000 0.000 0.000 0.000 0.000 0.000 0.000 0.000 0.000 0.000 0.000 0.000 0.000 0.000 0.000 0.000 0.000 0.000 0.000 0.000 0.000 0.000 0.000 0.000 0.000 0.000 0.000 07/07/2074
0.000 0.000 0.000 0.000 0.000 0.000 0.000 0.000 0.000 0.000 0.000 0.000 0.000 0.000 0.000 0.000 0.000 0.000 0.000 0.000 0.000 0.000 0.000 0.000 0.000 0.000 0.000 0.000 0.000 0.000 08/07/2074
0.000 0.000 0.000 0.000 0.000 0.000 0.000 0.000 0.000 0.000 0.000 0.000 0.176 0.176 0.000 0.000 0.000 0.128 0.129 0.000 0.000 0.000 0.124 0.127 0.107 0.000 0.000 0.107 0.117 0.107 09/07/2074
0.000 0.000 0.000 0.000 0.000 0.000 0.000 0.000 0.000 0.000 0.000 0.000 0.000 0.000 0.000 0.000 0.000 0.000 0.000 0.000 0.000 0.000 0.000 0.000 0.000 0.000 0.000 0.000 0.000 0.000 10/07/2074
0.000 0.000 0.000 0.000 0.000 0.000 0.000 0.000 0.000 0.000 0.000 0.000 0.000 0.000 0.000 0.000 0.000 0.000 0.000 0.000 0.000 0.000 0.000 0.000 0.000 0.000 0.000 0.000 0.000 0.000 11/07/2074
0.000 0.000 0.000 0.000 0.000 0.000 0.000 0.000 0.000 0.000 0.000 0.000 0.000 0.000 0.000 0.000 0.000 0.000 0.000 0.000 0.000 0.000 0.000 0.000 0.000 0.000 0.000 0.000 0.000 0.000 12/07/2074
0.000 0.000 0.000 0.000 0.000 0.000 0.000 0.000 0.000 0.000 0.000 0.000 0.000 0.000 0.000 0.000 0.000 0.000 0.000 0.000 0.000 0.000 0.000 0.000 0.000 0.000 0.000 0.000 0.000 0.000 13/07/2074
0.000 0.000 0.000 0.000 0.000 0.000 0.000 0.000 0.000 0.000 0.000 0.000 0.000 0.000 0.000 0.000 2.029 0.559 0.561 0.238 0.000 2.033 2.119 0.557 0.100 0.000 0.000 0.000 0.104 0.100 14/07/2074
0.000 0.000 0.000 0.000 0.000 0.000 0.000 0.000 0.000 0.000 0.000 0.000 0.000 0.000 0.000 0.000 0.000 0.000 0.000 0.000 0.000 0.000 0.000 0.000 0.000 0.000 0.000 0.000 0.000 0.000 15/07/2074
0.000 0.000 0.000 0.000 0.000 0.000 0.000 0.000 0.000 0.000 0.000 0.000 0.000 0.000 0.000 0.000 0.000 0.000 0.000 0.000 0.000 0.000 0.000 0.000 0.000 0.000 0.000 0.000 0.000 0.000 16/07/2074
0.000 0.000 0.000 0.000 0.000 0.000 0.000 0.000 0.000 0.000 0.000 0.000 0.000 0.000 0.000 0.000 0.000 0.000 0.000 0.000 0.000 0.000 0.000 0.000 0.000 0.000 0.000 0.000 0.000 0.000 17/07/2074
0.000 0.000 0.000 0.000 0.000 0.000 0.000 0.000 0.000 0.000 0.000 0.000 0.000 0.000 0.000 0.000 0.000 0.000 0.000 0.000 0.000 0.000 0.000 0.000 0.000 0.000 0.000 0.000 0.000 0.000 18/07/2074
0.000 0.000 0.000 0.000 0.000 0.000 0.000 0.000 0.000 0.000 0.000 0.000 0.000 0.000 0.000 0.000 0.000 0.000 0.000 0.000 0.000 0.000 0.000 0.000 0.000 0.000 0.000 0.000 0.000 0.000 19/07/2074
0.000 0.000 0.000 0.000 0.000 0.000 0.000 0.000 0.000 0.000 0.000 0.000 0.000 0.000 0.000 0.000 0.000 0.000 0.000 0.000 0.000 0.000 0.000 0.000 0.000 0.000 0.000 0.000 0.000 0.000 20/07/2074
0.000 0.000 0.000 0.000 0.000 0.000 0.000 0.000 0.000 0.000 0.000 0.000 0.000 0.000 0.000 0.000 0.000 0.000 0.000 0.000 0.000 0.000 0.000 0.000 0.000 0.000 0.000 0.000 0.000 0.000 21/07/2074
0.000 0.000 0.000 0.000 0.000 0.000 0.000 0.000 0.000 0.000 0.000 0.000 0.000 0.000 0.000 0.000 0.000 0.000 0.000 0.000 0.000 0.000 0.000 0.000 0.000 0.000 0.000 0.000 0.000 0.000 22/07/2074
0.193 0.630 0.291 0.108 0.143 0.633 0.635 0.292 0.832 1.066 0.000 0.556 0.486 0.488 1.057 0.114 0.000 0.404 0.410 0.303 0.205 0.000 0.116 0.402 0.919 0.000 0.393 0.573 0.778 0.934 23/07/2074
6.294 5.664 5.284 10.776 11.064 5.730 5.783 5.325 6.548 7.813 5.671 4.776 4.258 4.296 7.749 5.270 1.962 8.415 8.508 8.288 2.005 1.965 2.212 8.376 7.809 0.434 1.412 1.544 1.835 7.932 24/07/2074
0.000 0.000 0.000 0.000 0.000 0.000 0.000 0.000 0.000 0.000 0.000 0.000 0.000 0.000 0.000 0.000 0.000 0.000 0.000 0.000 0.000 0.000 0.000 0.000 0.000 0.000 0.000 0.000 0.000 0.000 25/07/2074
0.000 0.000 0.000 0.000 0.000 0.000 0.000 0.000 0.000 0.000 0.000 0.000 0.000 0.000 0.000 0.000 0.000 0.000 0.000 0.000 0.000 0.000 0.000 0.000 0.000 0.000 0.000 0.000 0.000 0.000 26/07/2074
0.141 0.211 0.000 0.000 0.000 0.216 0.219 0.000 0.000 0.000 0.000 0.000 0.000 0.000 0.000 0.000 0.000 0.000 0.000 0.000 0.000 0.000 0.000 0.000 0.000 0.000 0.000 0.000 0.000 0.000 27/07/2074
0.000 0.000 0.000 0.000 0.000 0.000 0.000 0.000 0.000 0.000 0.000 0.000 0.000 0.000 0.000 0.000 0.000 0.000 0.000 0.000 0.000 0.000 0.000 0.000 0.000 0.000 0.000 0.000 0.000 0.000 28/07/2074
0.000 0.000 0.000 0.000 0.000 0.000 0.000 0.000 0.000 0.000 0.000 0.000 0.000 0.000 0.000 0.000 0.000 0.000 0.000 0.000 0.000 0.000 0.000 0.000 0.000 0.000 0.000 0.000 0.000 0.000 29/07/2074
0.000 0.000 0.000 0.000 0.000 0.000 0.000 0.000 0.000 0.000 0.000 0.000 0.000 0.000 0.000 0.000 0.000 0.000 0.000 0.000 0.000 0.000 0.000 0.000 0.000 0.000 0.000 0.000 0.000 0.000 30/07/2074
0.000 0.000 0.000 0.000 0.000 0.000 0.000 0.000 0.000 0.000 0.000 0.000 0.000 0.000 0.000 0.000 0.000 0.000 0.000 0.000 0.000 0.000 0.000 0.000 0.000 0.000 0.000 0.000 0.000 0.000 31/07/2074
