# 6448 6449 6450 6451 6452 6528 6529 6530 6531 6532 6610 6611 6612 6613 6614 6693 6694 6695 6696 6697 6776 6777 6778 6779 6780 6859 6860 6861 6862 6863 Date
23.807 23.207 23.448 22.374 23.562 23.186 23.172 23.419 23.464 23.307 23.708 23.520 23.933 23.895 23.302 23.652 23.637 23.997 23.942 23.843 23.621 23.614 23.924 24.005 23.964 23.619 23.582 23.933 23.905 23.923 01/08/2039
24.033 23.659 24.065 23.347 24.522 23.597 23.546 23.998 24.375 24.296 24.004 24.032 24.658 24.673 24.266 24.614 24.925 24.714 24.752 24.745 24.720 24.897 24.629 24.690 24.631 24.716 24.870 24.572 24.596 24.685 02/08/2039
19.179 18.952 19.212 18.738 19.532 18.816 18.742 19.168 19.207 19.257 19.173 19.148 19.443 19.403 19.271 19.397 19.745 19.586 19.582 19.007 19.457 19.727 19.317 19.576 19.266 19.349 19.741 19.305 19.415 19.173 03/08/2039
20.337 20.309 19.903 19.319 20.129 20.122 19.946 19.756 20.278 20.089 19.910 20.058 20.580 20.471 20.141 19.568 19.929 20.565 20.440 20.158 19.624 19.905 20.518 20.612 20.535 19.463 19.744 20.474 20.643 20.352 04/08/2039
23.875 23.942 23.859 21.992 23.487 23.777 23.658 23.753 23.719 23.675 23.906 23.900 23.721 23.693 23.715 23.183 23.930 23.755 23.715 23.648 23.452 23.905 23.755 23.780 23.721 23.671 24.058 23.852 23.868 23.676 05/08/2039
21.004 21.180 20.892 19.651 20.242 21.032 20.924 20.831 20.163 20.230 20.860 20.870 20.163 20.138 20.276 20.063 20.329 20.632 20.562 20.444 20.233 20.290 20.109 20.652 21.224 20.517 20.529 20.327 20.658 21.083 06/08/2039
19.546 19.559 19.409 18.377 18.619 19.506 19.433 19.405 19.162 18.912 19.476 19.525 19.387 19.316 18.968 19.820 19.945 19.706 19.616 19.519 19.869 19.942 19.314 19.727 19.759 19.979 19.814 19.227 19.883 19.653 07/08/2039
19.479 19.136 18.883 18.353 19.137 18.972 18.858 18.830 19.309 19.259 18.938 18.858 19.421 19.306 19.443 19.661 19.335 19.467 19.317 19.236 19.481 19.320 19.346 19.514 19.800 19.374 19.548 19.622 19.860 19.727 08/08/2039
20.166 20.077 19.793 19.376 19.705 19.922 19.767 19.683 19.765 19.815 19.836 19.951 20.068 19.934 19.986 19.891 20.371 20.138 19.951 19.765 20.078 20.351 20.139 20.187 20.229 20.152 20.466 20.345 20.259 20.017 09/08/2039
21.433 21.134 20.857 19.439 20.759 20.968 20.805 20.717 20.657 20.515 20.987 20.773 21.065 20.907 20.617 21.115 20.763 20.713 20.552 20.526 20.808 20.741 20.960 20.760 20.876 20.694 20.297 20.838 20.998 20.640 10/08/2039
22.370 22.359 22.309 21.292 22.146 22.224 22.042 22.229 22.606 22.203 22.315 22.257 22.710 22.545 22.340 22.579 22.861 22.638 22.464 22.412 22.722 22.826 22.796 22.677 22.605 23.083 22.932 23.107 22.990 22.370 11/08/2039
23.262 22.909 22.978 21.845 22.339 22.735 22.670 22.895 22.410 21.976 22.659 22.645 22.955 22.862 22.059 23.008 23.127 22.651 22.544 22.430 22.898 23.099 22.821 22.689 22.468 22.788 22.902 22.680 22.809 22.307 12/08/2039
22.597 22.557 22.470 22.509 22.063 22.461 22.397 22.377 23.042 22.104 22.704 22.640 22.955 22.920 22.182 22.735 23.303 23.077 23.031 22.993 22.836 23.290 23.208 23.077 23.041 22.944 23.382 23.210 23.178 22.971 13/08/2039
24.873 24.960 24.889 24.012 23.936 24.828 24.754 24.794 24.640 24.300 25.253 25.131 24.608 24.508 24.403 24.277 25.082 24.972 24.906 24.823 24.548 25.052 25.062 25.003 25.082 25.086 25.285 25.308 25.232 24.985 14/08/2039
24.937 24.965 24.865 24.439 24.436 24.808 24.608 24.773 25.230 24.861 25.501 25.230 25.031 24.930 24.942 25.294 25.101 25.578 25.544 25.465 25.976 25.110 25.637 25.648 26.128 26.598 25.702 26.344 26.295 26.017 15/08/2039
23.092 22.882 22.583 21.980 22.385 22.693 22.507 22.452 23.899 23.472 23.230 23.123 23.944 23.786 23.593 23.379 24.021 24.317 24.130 24.137 23.893 23.992 24.203 24.394 24.724 24.450 24.319 24.714 24.975 24.414 16/08/2039
21.311 21.363 20.971 19.828 20.409 21.149 20.935 20.797 20.915 20.950 21.509 21.413 21.225 21.047 21.143 22.116 22.119 21.351 21.138 21.006 22.402 22.102 21.497 21.461 21.938 22.708 22.257 21.942 21.941 21.524 17/08/2039
19.748 19.605 19.215 18.367 18.809 19.450 19.358 19.122 19.365 19.108 19.849 19.714 19.608 19.516 19.228 19.917 20.479 19.832 19.669 19.396 20.025 20.451 20.029 19.899 19.854 20.183 20.415 20.097 19.857 19.679 18/08/2039
19.818 19.737 19.467 18.742 19.219 19.631 19.522 19.413 19.793 19.601 19.924 19.886 19.950 19.814 19.715 20.138 20.644 20.087 19.957 19.791 20.087 20.608 20.185 20.123 19.975 20.141 20.514 20.239 20.080 19.762 19/08/2039
20.106 20.055 19.999 19.598 19.923 19.908 19.814 19.924 20.316 20.085 20.075 20.081 20.311 20.136 20.182 20.303 20.625 20.385 20.237 20.268 20.465 20.598 20.359 20.462 20.473 20.596 20.763 20.625 20.541 20.233 20/08/2039
22.431 22.231 22.179 21.489 21.812 22.053 21.866 22.057 22.352 21.977 22.232 22.099 22.390 22.248 22.108 22.399 22.633 22.318 22.138 22.367 22.482 22.593 22.211 22.390 22.312 22.700 22.726 22.418 22.233 22.109 21/08/2039
21.765 21.732 21.575 21.057 20.973 21.535 21.370 21.411 21.145 20.872 21.781 21.437 21.295 21.172 21.044 21.561 21.609 20.939 20.788 20.587 21.668 21.573 21.425 21.030 21.188 21.557 21.281 21.253 21.076 20.880 22/08/2039
21.487 21.277 21.039 20.133 20.138 21.037 20.798 20.883 20.939 20.426 21.254 21.119 20.898 20.739 20.587 21.527 21.681 21.119 20.940 21.003 21.893 21.660 21.004 21.211 21.435 22.241 21.763 21.312 21.495 21.098 23/08/2039
20.161 19.859 19.950 18.582 18.866 19.642 19.499 19.823 20.361 19.076 19.956 19.826 20.321 20.153 19.207 19.808 20.541 20.248 20.017 20.215 19.965 20.528 20.229 20.342 20.098 20.059 20.668 20.625 20.305 19.753 24/08/2039
20.303 20.000 20.186 20.096 20.029 19.748 19.614 20.069 20.525 20.153 20.076 19.954 20.250 20.144 20.271 20.216 20.419 19.988 19.880 20.166 20.374 20.392 19.938 20.031 19.846 20.625 20.635 20.351 20.054 19.666 25/08/2039
23.446 23.026 23.355 23.179 23.052 22.898 22.812 23.287 23.724 23.393 22.952 22.966 23.390 23.272 23.499 22.825 23.285 23.408 23.244 23.495 23.090 23.249 22.922 23.446 23.452 23.409 23.573 23.383 23.624 23.243 26/08/2039
22.306 22.184 22.031 22.070 22.630 22.064 21.985 21.996 22.997 23.064 22.369 22.267 22.802 22.759 23.169 22.252 22.885 22.974 22.950 23.200 22.440 22.868 22.869 22.978 23.268 22.663 23.031 23.133 23.143 23.281 27/08/2039
22.030 22.086 22.156 22.225 23.176 21.973 21.860 22.098 23.338 23.597 22.215 22.220 23.192 23.102 23.680 22.614 23.379 23.422 23.251 23.638 22.897 23.370 23.215 23.490 23.639 23.213 23.544 23.621 23.495 23.434 28/08/2039
24.957 24.980 25.237 24.644 25.464 24.904 24.840 25.198 25.571 25.608 25.086 25.052 25.455 25.411 25.644 25.099 25.321 25.478 25.389 25.473 25.356 25.315 25.394 25.499 25.418 25.569 25.494 25.675 25.531 25.321 29/08/2039
21.980 21.866 21.802 21.534 21.613 21.787 21.703 21.771 22.498 22.290 22.129 22.012 22.275 22.189 22.363 22.035 23.090 22.679 22.628 23.005 22.599 23.087 22.854 22.728 23.288 23.472 23.540 23.443 22.984 23.140 30/08/2039
19.658 19.444 19.509 18.584 18.934 19.406 19.333 19.468 19.662 19.200 19.342 19.472 19.598 19.529 19.340 19.454 20.219 19.766 19.672 19.960 19.855 20.216 19.771 19.829 20.337 20.274 20.631 20.371 20.010 20.192 31/08/2039
19.330 19.084 18.927 18.640 18.954 18.955 18.840 18.828 19.129 19.095 18.845 18.746 19.268 19.153 19.219 18.739 18.476 18.956 18.867 19.205 18.745 18.455 18.980 19.011 19.037 18.691 18.460 19.080 18.695 18.867 01/09/2039
18.114 17.815 18.003 18.108 18.426 17.688 17.606 17.928 18.951 18.605 18.131 17.779 18.814 18.713 18.698 18.209 18.004 18.591 18.487 18.990 18.055 17.999 18.613 18.649 18.450 18.111 17.917 18.715 18.374 18.261 02/09/2039
19.281 18.576 19.427 19.837 17.978 18.487 18.406 19.332 18.354 17.714 18.906 18.449 17.893 17.844 17.737 18.129 17.082 17.567 17.495 18.006 18.321 17.081 17.336 17.607 17.522 18.695 17.524 17.908 17.407 17.427 03/09/2039
17.941 17.350 18.579 17.900 18.051 17.155 17.035 18.454 18.174 17.727 17.655 17.530 17.759 17.573 17.887 17.752 17.869 17.163 16.981 17.568 18.037 17.834 17.290 17.230 17.741 18.559 18.175 17.779 17.502 17.424 04/09/2039
21.403 21.935 21.661 20.464 20.582 21.828 21.743 21.588 21.419 20.689 22.754 22.038 21.586 21.444 20.814 22.561 22.586 21.843 21.667 21.422 22.570 22.553 22.373 21.923 22.005 22.594 22.637 22.681 22.389 21.736 05/09/2039
22.000 21.770 22.193 21.540 21.067 21.725 21.658 22.183 21.521 20.780 21.712 21.710 21.888 21.793 20.911 21.709 21.441 21.717 21.593 21.938 21.677 21.403 21.407 21.765 21.998 21.756 21.448 21.486 21.772 21.827 06/09/2039
19.386 19.162 19.300 18.680 18.629 19.059 18.972 19.229 19.207 18.689 18.738 19.054 19.247 19.093 18.790 19.099 19.123 19.226 19.024 19.313 19.398 19.107 18.996 19.308 19.506 19.300 19.268 19.266 19.354 19.247 07/09/2039
19.448 19.213 19.022 18.659 18.642 19.137 19.026 18.976 19.126 18.666 19.076 19.006 19.268 19.150 18.746 19.336 19.363 19.359 19.249 19.282 19.411 19.365 19.266 19.399 19.606 19.211 19.072 19.206 19.378 19.424 08/09/2039
20.499 20.345 19.723 19.411 19.650 20.252 20.193 19.683 20.204 19.848 20.082 19.994 20.578 20.482 19.891 21.032 21.069 20.502 20.401 20.266 21.179 21.054 20.625 20.566 20.708 21.096 21.147 20.772 20.880 20.505 09/09/2039
21.944 21.397 21.012 19.833 20.046 21.269 21.214 20.944 21.162 20.231 20.935 20.995 21.529 21.364 20.357 21.390 21.210 21.607 21.436 21.341 21.555 21.161 21.593 21.672 21.516 21.689 21.254 21.795 21.871 21.246 10/09/2039
20.778 20.172 19.585 18.732 18.578 20.145 20.165 19.552 19.227 18.698 19.519 19.459 19.569 19.513 18.790 19.507 19.670 19.831 19.742 19.845 19.426 19.634 19.618 19.840 19.935 19.634 19.764 19.719 19.973 19.813 11/09/2039
20.453 20.364 20.132 19.770 19.003 20.276 20.198 20.052 19.509 19.248 19.958 20.107 19.855 19.764 19.417 20.716 20.205 19.681 19.526 19.394 20.681 20.154 19.895 19.752 19.719 20.873 20.078 19.775 19.893 19.510 12/09/2039
23.046 23.432 23.551 23.577 23.527 23.322 23.275 23.509 23.785 23.578 23.084 23.517 23.746 23.715 23.603 22.735 23.485 23.762 23.711 23.653 23.046 23.457 23.725 23.793 23.699 23.249 23.539 23.745 23.799 23.605 13/09/2039
23.011 23.178 23.636 23.465 23.971 23.164 23.191 23.639 23.808 23.987 22.976 23.322 23.717 23.740 23.892 22.483 23.344 23.891 23.922 23.927 22.568 23.339 23.520 23.862 23.841 23.023 23.566 23.632 23.796 23.896 14/09/2039
19.855 20.021 20.026 20.370 19.932 19.903 19.836 19.955 20.478 20.042 20.099 20.266 20.634 20.533 20.125 20.196 20.523 20.277 20.180 20.496 20.562 20.487 20.412 20.288 20.410 19.917 20.502 20.496 20.418 20.311 15/09/2039
18.265 18.617 18.290 18.906 18.142 18.428 18.263 18.196 18.673 18.175 18.291 18.348 18.804 18.687 18.294 18.062 18.574 18.376 18.209 18.795 17.537 18.533 18.514 18.433 18.866 17.829 18.010 18.062 18.473 18.729 16/09/2039
18.598 18.580 18.368 18.440 18.826 18.486 18.363 18.316 19.108 18.858 18.451 18.607 19.208 19.138 18.908 18.791 19.308 18.975 18.901 18.960 18.712 19.264 19.072 19.005 18.900 18.815 19.159 18.900 18.861 18.770 17/09/2039
18.558 18.472 17.832 17.585 17.963 18.394 18.323 17.820 17.956 18.042 17.933 18.010 18.195 18.166 18.031 18.050 18.470 18.480 18.429 18.034 18.149 18.445 18.560 18.497 18.206 18.278 18.322 18.399 18.341 18.150 18/09/2039
17.760 17.890 17.313 16.806 17.079 17.788 17.701 17.283 17.820 17.609 17.690 17.731 17.874 17.800 17.700 17.592 18.386 17.984 17.902 17.678 17.751 18.388 18.065 18.032 17.884 17.765 18.260 18.116 18.044 17.750 19/09/2039
19.968 20.251 20.015 19.650 19.786 20.184 20.125 19.959 20.177 19.960 19.556 19.839 20.305 20.195 20.061 19.762 19.869 20.006 19.909 19.581 19.426 19.861 19.727 20.046 19.363 19.397 19.575 19.636 19.649 19.173 20/09/2039
20.282 20.335 20.235 20.057 19.938 20.179 20.086 20.135 20.109 19.891 19.957 20.025 20.221 20.140 19.959 20.381 20.339 20.051 19.970 19.881 20.289 20.314 19.992 20.090 19.747 20.365 20.205 19.956 19.899 19.633 21/09/2039
19.478 19.535 19.539 18.936 19.172 19.355 19.247 19.430 19.743 19.440 19.592 19.632 19.943 19.805 19.532 19.923 19.900 19.968 19.832 19.701 20.128 19.885 19.852 20.030 19.911 20.400 20.464 20.509 20.048 19.706 22/09/2039
17.744 17.831 17.833 17.330 17.430 17.649 17.518 17.745 18.172 17.674 17.897 17.923 18.386 18.246 17.787 18.096 18.698 18.411 18.256 18.020 18.444 18.676 18.425 18.488 18.147 18.743 18.921 18.831 18.528 17.929 23/09/2039
17.542 17.418 17.477 17.026 17.240 17.254 17.120 17.397 17.747 17.245 17.390 17.400 17.922 17.789 17.324 17.691 18.250 17.905 17.765 17.670 17.921 18.224 17.935 17.980 17.754 18.215 18.383 18.196 18.017 17.530 24/09/2039
19.345 19.513 19.711 19.145 18.909 19.354 19.258 19.597 19.558 19.007 19.530 19.585 19.532 19.430 19.148 19.226 19.520 19.286 19.168 19.275 19.480 19.480 19.340 19.346 19.042 19.681 19.532 19.522 19.327 18.875 25/09/2039
21.368 21.422 21.378 20.306 20.046 21.236 21.104 21.260 20.771 20.169 21.366 21.357 20.850 20.805 20.216 21.849 22.513 20.818 20.738 20.716 21.962 22.517 20.819 20.834 20.632 21.986 22.588 20.910 20.796 20.587 26/09/2039
21.979 21.888 22.026 21.398 20.998 21.782 21.702 21.990 21.254 21.117 21.832 22.001 21.207 21.119 21.211 21.780 22.068 21.234 21.120 21.074 22.032 22.067 21.030 21.267 20.939 22.323 22.175 21.236 21.137 20.788 27/09/2039
22.996 22.725 22.737 22.389 21.948 22.573 22.442 22.646 22.204 21.741 22.475 22.568 22.402 22.309 21.770 23.031 23.451 22.289 22.171 22.020 23.097 23.457 22.266 22.300 22.027 23.296 23.555 22.491 22.259 21.895 28/09/2039
22.603 22.431 22.653 22.584 22.294 22.348 22.281 22.598 22.014 21.876 22.124 22.495 22.382 22.319 21.890 22.157 22.737 22.248 22.168 21.906 22.512 22.726 22.320 22.239 21.854 22.799 22.905 22.511 22.146 21.773 29/09/2039
20.730 20.570 20.543 20.480 20.059 20.454 20.387 20.485 20.290 19.909 20.304 20.809 20.621 20.541 19.999 20.336 20.834 20.427 20.349 20.210 20.737 20.811 20.733 20.470 20.417 21.092 20.972 20.872 20.653 20.305 30/09/2039
20.450 20.350 20.319 19.997 18.858 20.154 20.037 20.215 19.416 18.668 20.155 20.359 19.552 19.492 18.796 20.119 19.945 19.692 19.667 19.757 20.203 19.904 19.759 19.738 19.836 19.986 19.593 19.440 19.615 19.782 01/10/2039
19.891 19.890 19.867 19.480 19.039 19.767 19.620 19.817 19.805 19.342 20.007 19.983 19.517 19.428 19.459 20.136 20.362 19.720 19.605 19.974 20.373 20.330 19.795 19.770 20.297 20.510 20.863 20.332 20.411 20.178 02/10/2039
19.757 19.598 19.494 18.624 18.655 19.436 19.286 19.380 19.724 19.208 19.104 19.126 19.237 19.141 19.352 19.241 19.654 19.172 19.023 19.442 19.598 19.620 19.410 19.230 19.724 19.521 19.824 19.711 19.656 19.498 03/10/2039
16.418 16.171 15.569 15.179 15.099 16.039 15.936 15.492 15.451 15.161 16.422 15.948 15.490 15.411 15.265 16.478 16.202 15.576 15.472 15.536 16.551 16.175 15.879 15.607 15.800 16.656 16.317 16.102 15.937 15.687 04/10/2039
15.125 14.928 14.610 14.340 14.177 14.687 14.562 14.498 14.794 14.487 14.775 14.662 14.767 14.648 14.614 14.583 14.507 14.794 14.680 14.573 14.447 14.452 14.829 14.853 15.108 14.756 14.772 15.174 15.096 14.926 05/10/2039
15.430 15.182 15.135 14.786 14.773 14.941 14.767 14.992 15.552 15.168 14.873 14.857 15.474 15.324 15.293 14.623 15.270 15.287 15.137 15.093 14.591 15.226 15.245 15.366 15.332 14.700 15.425 15.529 15.328 15.114 06/10/2039
16.091 15.878 15.613 14.785 14.144 15.680 15.470 15.468 14.839 14.373 15.688 15.448 15.167 15.046 14.451 16.170 16.456 15.093 14.946 14.953 16.138 16.422 15.216 15.144 15.262 16.161 16.510 15.296 15.233 15.117 07/10/2039
16.806 16.505 16.194 15.071 15.204 16.364 16.214 16.128 16.051 15.294 16.314 16.173 16.619 16.561 15.399 16.369 16.279 16.197 16.071 15.970 16.173 16.251 16.660 16.245 16.309 16.164 16.074 16.538 16.411 16.191 08/10/2039
17.702 17.693 17.576 17.400 17.328 17.606 17.549 17.527 17.526 17.313 17.425 17.477 17.542 17.486 17.322 18.191 18.476 17.613 17.522 17.256 18.216 18.432 17.417 17.655 17.508 18.324 18.767 17.831 17.722 17.360 09/10/2039
16.499 16.297 16.144 15.922 15.806 16.143 16.032 16.053 16.060 15.701 16.212 16.149 16.223 16.133 15.783 16.680 16.742 16.163 16.037 15.886 16.705 16.716 16.182 16.217 16.041 16.819 16.816 16.410 16.267 15.863 10/10/2039
14.870 14.553 14.384 14.374 13.989 14.437 14.309 14.342 13.948 13.860 14.484 14.400 14.314 14.220 13.923 14.897 14.965 14.127 13.992 13.806 14.758 14.972 14.264 14.198 14.192 14.670 14.938 14.515 14.485 14.034 11/10/2039
13.907 13.795 13.659 13.234 12.974 13.752 13.661 13.648 13.028 13.057 13.712 13.632 13.215 13.184 13.115 14.817 14.189 13.281 13.187 12.990 14.736 14.171 13.434 13.325 12.914 14.673 14.092 13.462 13.520 12.914 12/10/2039
12.351 12.285 12.004 11.250 11.855 12.156 12.061 11.928 11.890 12.052 12.404 12.205 12.506 12.465 12.120 12.858 12.818 12.649 12.596 12.206 12.559 12.785 12.674 12.651 12.084 12.620 12.785 12.651 12.511 12.036 13/10/2039
12.101 11.948 11.750 11.888 12.268 11.915 11.911 11.718 11.639 12.228 12.272 11.928 11.804 11.906 12.183 13.207 13.075 11.939 12.060 11.698 13.079 13.067 12.111 11.892 11.641 13.374 12.916 11.905 11.919 11.713 14/10/2039
13.005 13.034 13.093 12.531 12.638 12.950 12.858 13.014 12.580 12.482 13.027 13.027 12.947 12.866 12.461 13.296 13.526 13.036 12.935 12.692 13.455 13.500 12.895 13.059 13.052 13.845 13.633 13.148 13.154 12.891 15/10/2039
14.349 13.666 13.138 13.736 12.839 12.811 12.380 12.582 11.144 12.668 13.035 13.047 11.334 11.244 12.728 12.722 12.080 11.553 11.409 11.127 12.864 12.036 11.554 11.612 11.767 13.312 12.209 11.828 11.955 11.546 16/10/2039
14.006 14.316 13.636 13.103 13.144 14.181 14.045 13.535 13.707 13.270 14.026 14.389 13.813 13.700 13.406 14.128 15.016 14.364 14.188 13.874 14.461 14.998 14.288 14.422 14.068 14.574 15.072 14.401 14.612 13.912 17/10/2039
10.688 10.640 10.411 10.211 10.422 10.543 10.523 10.411 10.881 10.665 11.181 10.932 10.424 10.366 10.753 11.554 11.810 10.561 10.482 11.133 11.924 11.800 10.898 10.596 11.389 12.044 11.721 11.043 10.560 11.225 18/10/2039
10.787 10.801 10.622 9.820 10.522 10.793 10.783 10.592 10.697 10.916 10.907 10.910 10.417 10.370 10.954 11.030 11.180 10.716 10.620 11.043 10.770 11.180 10.336 10.743 11.015 11.149 11.365 10.660 10.420 10.888 19/10/2039
10.641 10.669 10.312 10.574 10.736 10.526 10.403 10.199 11.099 11.015 10.663 10.742 11.147 11.107 11.047 10.570 11.050 11.427 11.393 11.341 10.630 11.060 11.294 11.439 11.557 10.908 11.281 11.575 11.490 11.510 20/10/2039
11.221 10.986 10.957 10.017 10.832 10.785 10.625 10.797 11.085 10.985 10.926 11.013 10.971 10.968 11.005 11.255 11.365 11.230 11.146 11.220 11.235 11.392 11.197 11.239 11.422 11.414 11.519 11.510 11.479 11.395 21/10/2039
11.134 11.068 10.984 10.544 10.503 10.907 10.757 10.854 10.858 10.534 10.609 10.821 11.063 10.975 10.624 10.476 10.417 10.901 10.786 10.829 10.695 10.415 10.650 10.951 11.308 10.863 10.789 11.365 11.290 11.144 22/10/2039
11.702 11.602 11.801 11.477 12.910 11.549 11.501 11.767 12.489 12.578 10.639 11.495 12.365 12.299 12.674 10.619 11.665 12.248 12.123 12.277 10.950 11.656 12.028 12.285 12.377 11.290 11.500 11.880 12.308 12.249 23/10/2039
15.072 15.070 14.965 14.273 15.941 14.941 14.851 14.885 15.380 15.915 14.678 14.909 15.358 15.279 15.913 14.184 15.028 15.397 15.306 15.399 14.262 15.019 15.130 15.429 15.533 14.427 14.999 15.196 15.359 15.451 24/10/2039
12.797 12.689 12.515 11.481 11.939 12.482 12.378 12.411 11.906 11.773 12.391 12.456 12.325 12.258 11.817 12.204 12.278 12.215 12.153 12.025 12.346 12.265 12.213 12.232 12.271 12.459 12.446 12.409 12.371 12.204 25/10/2039
8.442 8.444 8.087 7.580 7.543 8.269 8.143 7.990 8.016 7.602 8.094 8.021 8.263 8.181 7.647 8.384 8.564 8.142 8.090 7.837 8.384 8.559 8.186 8.154 8.051 8.545 8.703 8.404 8.099 7.872 26/10/2039
4.837 4.843 4.657 4.273 4.397 4.704 4.614 4.584 4.857 4.554 4.684 4.795 5.086 4.997 4.612 4.766 5.386 5.207 5.164 4.973 5.250 5.378 5.192 5.214 5.458 5.573 5.803 5.761 5.570 5.351 27/10/2039
2.733 2.681 2.388 1.729 2.033 2.499 2.473 2.283 2.322 2.233 2.600 2.642 2.471 2.439 2.270 2.589 3.019 2.771 2.725 2.525 2.981 3.007 2.875 2.783 2.937 3.111 3.232 3.113 2.970 2.855 28/10/2039
1.373 1.220 1.082 0.670 1.464 1.182 1.205 1.093 1.630 1.697 1.303 1.265 1.428 1.453 1.716 1.112 1.618 1.653 1.720 1.707 1.301 1.581 1.618 1.719 1.906 1.502 1.637 1.629 2.004 1.832 29/10/2039
1.719 1.233 1.369 1.036 1.477 1.175 1.145 1.410 1.262 1.222 1.594 1.175 1.413 1.484 1.313 1.281 1.392 1.477 1.614 1.376 1.344 1.351 1.304 1.561 1.683 1.607 1.574 1.408 1.668 1.694 30/10/2039
9.092 8.592 8.685 8.240 7.694 8.459 8.372 8.621 8.080 7.321 8.228 8.191 8.284 8.292 7.360 7.769 8.300 8.265 8.276 8.021 7.748 8.289 7.989 8.305 8.004 7.919 8.370 8.025 8.133 8.025 31/10/2039
8.547 8.440 8.308 7.692 7.443 8.293 8.166 8.213 7.819 7.427 8.253 8.213 8.088 8.023 7.496 8.246 8.666 8.007 7.920 7.570 8.438 8.635 8.183 8.046 7.201 8.570 8.531 8.104 7.850 7.031 01/11/2039
8.537 8.424 8.244 8.023 8.262 8.294 8.168 8.141 8.465 8.271 8.209 8.248 8.356 8.296 8.343 8.292 8.425 8.214 8.141 8.033 8.428 8.380 8.299 8.235 8.095 8.413 8.516 8.430 8.177 7.976 02/11/2039
12.069 12.044 12.171 11.535 11.757 11.910 11.826 12.089 12.394 11.600 11.483 11.641 12.311 12.213 11.681 11.342 11.789 12.219 12.102 12.106 11.750 11.778 12.339 12.279 12.406 11.758 11.982 12.664 12.594 12.236 03/11/2039
14.445 14.705 14.596 14.386 14.281 14.649 14.593 14.588 14.898 14.481 13.984 14.107 14.015 13.924 14.536 14.281 14.060 14.043 13.923 14.579 14.564 14.058 13.399 14.088 14.851 14.545 14.550 14.091 14.299 14.753 04/11/2039
12.766 12.848 12.505 12.359 12.322 12.790 12.695 12.489 12.856 12.658 12.653 12.671 12.515 12.444 12.688 12.985 13.053 12.729 12.647 12.713 12.931 13.027 12.429 12.757 13.046 13.010 13.496 12.951 12.890 12.916 05/11/2039
13.399 13.333 13.166 12.435 12.791 13.125 12.970 13.032 13.244 12.843 12.962 13.023 13.227 13.068 12.901 13.494 13.679 13.071 12.938 12.799 13.512 13.650 13.153 13.122 12.984 13.729 13.693 13.258 13.257 12.804 06/11/2039
12.287 12.238 12.037 11.118 11.519 12.060 11.931 11.916 11.621 11.384 11.983 11.969 11.700 11.647 11.456 12.062 12.174 11.856 11.789 11.350 12.026 12.151 11.742 11.885 11.447 12.028 12.256 11.909 11.893 11.332 07/11/2039
12.492 12.492 12.405 11.526 11.383 12.262 12.087 12.241 11.840 11.413 12.201 12.219 11.872 11.734 11.548 12.381 12.415 11.539 11.362 11.428 12.489 12.359 11.750 11.618 11.307 12.682 12.521 12.011 11.737 11.037 08/11/2039
11.875 11.772 11.783 11.435 11.370 11.521 11.367 11.631 11.134 10.966 11.321 11.464 10.939 10.854 11.037 11.885 11.509 10.603 10.512 10.519 11.827 11.506 10.660 10.640 10.442 11.829 11.414 10.642 10.518 10.300 09/11/2039
15.184 15.033 14.714 14.065 14.392 14.849 14.733 14.628 14.429 14.196 14.690 14.556 14.667 14.600 14.339 14.860 14.791 14.353 14.230 14.164 15.023 14.773 14.642 14.393 14.378 14.974 14.662 14.560 14.410 14.238 10/11/2039
12.052 11.939 11.761 11.332 11.761 11.871 11.757 11.701 11.782 11.644 11.939 11.790 11.917 11.830 11.763 12.086 12.000 11.682 11.573 11.442 12.012 11.987 11.771 11.724 11.563 11.881 11.896 11.743 11.610 11.432 11/11/2039
11.315 11.288 11.098 10.625 10.299 11.186 11.081 11.019 10.901 10.353 11.284 11.068 11.076 11.096 10.403 11.276 10.724 10.927 10.947 11.013 11.327 10.723 11.055 10.884 11.116 11.231 10.589 10.800 10.550 11.136 12/11/2039
9.099 9.090 8.947 8.220 8.400 9.061 8.986 8.878 8.244 8.272 8.713 8.890 8.654 8.679 8.310 8.692 8.480 8.493 8.490 8.554 8.762 8.489 8.494 8.485 8.761 8.844 8.339 8.272 7.882 8.726 13/11/2039
9.460 9.236 8.960 7.749 8.017 9.149 9.055 8.878 7.512 7.493 8.017 8.212 7.740 7.754 7.534 8.056 8.093 7.221 7.265 8.028 7.745 8.118 7.346 7.208 8.095 7.758 7.721 6.952 6.768 8.024 14/11/2039
8.900 8.804 8.709 8.006 8.098 8.698 8.615 8.616 8.313 8.043 8.489 8.529 8.224 8.174 8.100 8.601 8.646 8.140 8.115 8.413 8.497 8.648 8.111 8.156 8.487 8.908 8.649 8.118 8.199 8.415 15/11/2039
6.470 6.156 6.328 5.836 6.133 6.056 5.969 6.284 5.981 5.915 5.968 5.903 5.905 5.816 6.020 6.167 6.264 5.754 5.692 5.796 5.989 6.256 5.634 5.780 5.756 5.731 5.835 5.368 5.764 5.651 16/11/2039
5.284 5.298 4.828 5.142 5.427 5.212 5.112 4.808 5.284 5.235 4.590 4.768 5.012 4.926 5.349 4.874 5.049 4.896 4.841 4.994 4.945 5.051 4.829 4.938 5.225 4.761 5.139 4.902 4.940 5.076 17/11/2039
6.245 6.039 5.918 5.203 5.534 5.898 5.828 5.819 5.619 5.614 6.285 6.083 5.937 6.003 5.622 6.152 6.491 6.070 6.127 5.703 6.431 6.473 6.357 6.047 5.979 6.424 6.626 6.437 6.068 6.075 18/11/2039
5.924 5.981 5.661 5.391 6.086 5.759 5.620 5.530 6.152 5.874 6.402 6.080 6.678 6.560 5.951 6.606 6.467 6.499 6.269 6.067 7.023 6.435 6.850 6.600 6.499 7.222 6.550 7.271 7.072 6.232 19/11/2039
4.997 4.909 4.695 4.327 4.490 4.813 4.758 4.617 4.177 3.934 4.599 4.430 4.682 4.536 4.044 4.762 4.868 3.960 3.834 3.763 4.878 4.855 4.603 4.019 4.272 4.805 4.598 4.363 4.262 4.123 20/11/2039
5.939 5.952 5.816 5.801 6.046 5.835 5.752 5.774 5.791 5.766 5.511 5.469 5.781 5.729 5.847 5.614 6.498 5.531 5.361 5.269 5.775 6.479 5.829 5.556 5.594 5.844 6.027 5.588 5.359 5.400 21/11/2039
5.986 5.851 5.913 5.591 6.019 5.756 5.623 5.889 6.166 6.076 5.669 5.593 5.921 5.840 6.172 5.812 6.193 5.906 5.772 5.823 5.897 6.191 5.929 5.970 6.077 6.039 6.262 6.085 5.964 5.909 22/11/2039
7.164 7.013 7.238 6.974 6.881 6.910 6.869 7.167 7.187 6.956 7.246 7.460 7.466 7.414 7.002 7.218 7.570 7.365 7.285 7.227 7.429 7.554 7.180 7.417 7.239 7.245 7.741 7.397 7.220 7.184 23/11/2039
8.948 8.834 8.651 8.143 7.911 8.779 8.695 8.627 8.136 7.831 8.866 8.750 8.152 8.129 7.884 9.369 8.944 8.195 8.111 8.061 9.119 8.937 8.119 8.202 8.240 9.156 8.903 8.098 8.078 8.170 24/11/2039
11.742 11.575 11.274 10.658 10.918 11.516 11.449 11.243 10.872 10.859 11.511 11.148 11.053 11.049 10.876 11.422 11.368 11.115 11.119 10.893 11.402 11.357 11.080 11.126 10.776 11.316 11.264 10.989 10.889 10.766 25/11/2039
11.964 11.804 11.604 12.185 11.823 11.856 11.906 11.639 12.305 11.874 11.704 11.536 12.185 12.081 12.098 12.170 12.178 12.294 12.184 12.234 12.031 12.205 12.240 12.337 12.332 12.001 12.146 12.443 12.292 12.202 26/11/2039
13.007 12.800 12.628 13.138 13.091 12.687 12.593 12.542 13.798 13.385 12.875 12.748 13.325 13.160 13.482 12.894 13.124 13.321 13.150 13.577 13.019 13.090 13.479 13.411 13.882 12.845 13.237 13.787 13.887 13.627 27/11/2039
15.221 14.891 14.712 14.359 14.117 14.707 14.582 14.581 14.530 14.321 14.703 14.677 14.461 14.334 14.426 14.510 14.497 14.078 13.932 14.244 14.643 14.463 14.356 14.122 14.396 14.740 14.108 14.111 14.088 14.159 28/11/2039
13.231 13.081 12.936 12.911 12.608 12.851 12.726 12.823 12.651 12.302 12.834 12.758 12.460 12.331 12.416 13.131 12.577 12.368 12.206 12.343 13.131 12.563 12.511 12.432 12.710 13.096 12.662 12.785 12.589 12.527 29/11/2039
14.728 14.676 14.717 15.340 13.975 14.488 14.294 14.580 14.121 13.758 14.346 14.593 14.143 13.995 13.889 14.466 14.504 13.953 13.736 13.940 14.673 14.474 14.221 14.030 14.131 14.788 14.229 14.139 14.041 13.898 30/11/2039
14.245 14.351 14.692 14.674 13.792 14.197 14.051 14.572 14.256 13.822 14.226 14.282 14.193 14.115 13.952 14.134 14.745 14.062 13.957 14.066 14.331 14.721 14.084 14.102 14.123 14.361 14.865 14.235 14.223 13.998 01/12/2039
14.088 14.177 14.133 14.057 13.379 14.105 14.044 14.081 13.765 13.144 14.056 13.921 13.835 13.822 13.232 14.126 13.791 13.925 13.913 13.755 14.196 13.781 13.701 13.930 13.891 14.231 14.035 13.839 13.868 13.875 02/12/2039
13.472 13.615 13.667 13.266 12.653 13.535 13.473 13.613 13.072 12.506 13.336 13.281 13.100 13.031 12.626 13.075 13.056 12.959 12.891 12.863 13.066 13.063 12.879 12.988 12.988 13.167 13.171 13.021 12.996 12.892 03/12/2039
14.168 14.270 14.298 13.666 13.504 14.147 14.057 14.220 13.574 13.382 13.975 13.929 13.650 13.547 13.501 13.339 13.246 13.543 13.424 13.333 13.456 13.227 13.383 13.593 13.607 13.522 13.586 13.728 13.640 13.439 04/12/2039
13.669 13.721 13.499 12.926 12.845 13.559 13.440 13.398 13.392 12.825 13.490 13.313 13.553 13.372 12.982 13.336 13.292 13.384 13.167 13.201 13.481 13.257 13.398 13.474 13.648 13.737 13.701 13.927 13.691 13.336 05/12/2039
13.228 13.191 13.470 12.619 12.795 13.008 12.860 13.357 13.550 12.663 13.003 13.079 13.493 13.412 12.788 12.761 12.562 13.197 13.079 13.162 12.843 12.529 13.147 13.242 13.148 13.189 12.689 13.444 13.306 13.024 06/12/2039
9.667 9.800 10.098 9.558 9.426 9.672 9.610 10.011 9.727 9.329 9.811 9.852 9.612 9.482 9.416 9.853 9.768 9.354 9.252 9.195 9.798 9.726 9.428 9.415 8.895 9.977 9.925 9.754 9.377 8.834 07/12/2039
9.099 9.295 10.269 11.022 10.883 9.247 9.175 10.212 10.919 10.908 9.538 9.791 10.012 9.973 10.865 9.657 11.575 9.780 9.775 10.362 9.446 11.517 9.420 9.803 9.639 9.680 11.735 9.540 9.554 9.639 08/12/2039
11.224 11.344 11.951 12.531 11.854 11.246 11.171 11.880 11.325 11.695 11.204 11.415 10.791 10.590 11.732 10.763 10.874 10.504 10.312 10.553 10.764 10.838 10.316 10.625 10.424 11.060 11.093 10.876 10.719 10.111 09/12/2039
11.097 11.730 11.685 11.389 10.946 11.577 11.448 11.597 11.559 11.134 11.637 11.749 11.458 11.384 11.160 11.254 11.212 11.263 11.134 11.223 11.435 11.253 11.100 11.331 11.266 11.684 10.940 11.266 11.210 11.027 10/12/2039
7.515 7.404 7.282 6.984 7.100 7.213 7.048 7.160 7.590 7.386 7.313 7.636 7.616 7.563 7.442 7.761 7.601 7.677 7.598 7.641 7.961 7.588 7.397 7.716 7.382 8.065 7.688 7.963 7.598 7.203 11/12/2039
7.516 7.581 7.791 8.446 7.343 7.449 7.345 7.743 8.199 7.507 7.276 7.650 7.979 7.907 7.597 8.162 7.305 7.698 7.625 8.147 7.963 7.281 7.346 7.721 7.137 7.499 6.968 7.111 7.082 6.980 12/12/2039
7.010 6.944 7.227 7.848 6.156 6.773 6.667 7.123 6.477 5.953 6.626 6.825 6.240 6.212 5.970 6.407 6.745 6.138 6.134 6.318 6.287 6.737 5.908 6.164 6.067 6.341 7.049 6.085 6.119 6.070 13/12/2039
9.422 9.232 9.099 8.634 8.446 9.158 9.120 9.047 8.428 8.234 8.747 8.812 8.542 8.544 8.286 9.396 9.294 8.442 8.444 8.595 8.938 9.275 8.543 8.451 8.705 8.860 9.278 8.511 8.219 8.687 14/12/2039
10.119 9.821 10.392 8.543 9.961 9.634 9.432 10.238 9.600 9.657 9.029 9.467 9.884 9.822 9.702 8.301 8.054 9.632 9.577 9.484 7.915 8.003 9.493 9.659 9.814 7.792 7.696 9.394 9.602 9.701 15/12/2039
9.583 9.204 9.265 8.710 8.766 9.005 8.834 9.134 9.470 8.893 8.937 8.834 9.232 9.123 9.025 9.111 9.006 9.146 9.028 9.307 9.149 8.973 9.166 9.201 9.173 9.122 9.080 9.358 9.311 9.013 16/12/2039
12.853 12.540 12.451 12.206 11.807 12.348 12.245 12.322 12.169 11.664 12.324 12.300 12.242 12.152 11.751 12.490 12.140 11.884 11.760 11.708 12.367 12.101 12.013 11.943 11.668 12.164 11.973 11.939 11.783 11.492 17/12/2039
10.110 10.083 9.891 10.201 9.859 9.893 9.828 9.783 9.469 9.694 10.180 10.125 9.548 9.400 9.738 10.122 10.461 9.589 9.385 9.402 10.337 10.425 9.723 9.653 9.608 10.450 10.386 9.856 9.681 9.334 18/12/2039
7.718 7.568 7.680 7.613 6.459 7.476 7.364 7.588 6.665 6.193 7.560 7.484 6.596 6.468 6.282 7.587 7.260 6.484 6.365 6.974 7.705 7.223 6.607 6.536 6.738 7.828 7.453 6.880 6.806 6.618 19/12/2039
7.286 7.148 7.033 6.700 6.399 6.945 6.793 6.928 6.952 6.487 6.931 7.004 6.973 6.842 6.635 7.023 6.904 6.651 6.474 6.811 7.121 6.872 6.662 6.707 6.918 7.306 7.025 6.998 6.966 6.679 20/12/2039
6.378 6.182 6.101 5.847 4.237 6.056 5.958 5.985 4.453 4.113 6.148 6.434 4.978 4.873 4.213 5.698 6.014 4.829 4.725 4.716 6.221 5.979 5.578 4.865 5.020 6.079 6.113 5.764 5.216 4.837 21/12/2039
5.294 5.147 4.613 2.783 2.761 5.058 4.996 4.559 2.750 2.819 4.815 5.690 3.539 3.517 2.841 4.863 5.531 3.330 3.312 2.727 5.035 5.504 4.772 3.342 2.885 4.961 5.496 4.807 3.671 2.861 22/12/2039
8.409 8.226 7.695 6.778 6.433 8.073 7.956 7.579 6.840 6.409 8.071 8.237 7.005 6.900 6.514 8.967 8.854 6.923 6.798 6.637 9.149 8.812 7.695 6.975 6.700 9.191 8.768 7.705 7.039 6.558 23/12/2039
11.770 11.267 10.860 10.956 10.651 11.020 10.822 10.683 10.929 10.328 11.302 11.568 11.354 11.204 10.472 11.981 12.182 11.216 11.041 10.727 12.370 12.154 11.478 11.279 11.113 12.071 11.758 11.232 10.928 10.854 24/12/2039
10.093 9.544 9.826 9.717 9.418 9.307 9.115 9.675 8.603 8.097 9.779 10.266 9.198 9.096 8.149 10.051 10.056 8.851 8.757 7.862 10.549 10.039 9.665 8.907 7.851 9.897 9.339 9.089 8.343 7.705 25/12/2039
10.185 9.862 9.711 8.904 8.740 9.634 9.465 9.564 9.046 8.572 9.884 9.726 9.290 9.260 8.616 10.412 10.024 9.255 9.200 8.765 10.533 10.005 9.544 9.288 8.976 10.532 9.985 9.500 9.114 8.880 26/12/2039
9.157 8.897 8.684 8.276 8.343 8.697 8.594 8.566 8.666 8.516 8.574 8.633 8.699 8.694 8.479 8.645 8.839 8.730 8.687 8.799 8.813 8.799 8.791 8.765 8.806 8.933 8.766 8.808 8.933 8.739 27/12/2039
9.702 9.470 9.374 8.331 8.394 9.367 9.314 9.305 8.828 8.310 9.166 9.030 9.160 9.096 8.389 8.655 8.466 8.870 8.825 8.877 8.391 8.478 8.794 8.902 8.811 8.340 8.362 8.846 8.839 8.691 28/12/2039
11.058 10.877 10.974 10.068 10.001 10.676 10.556 10.891 10.709 10.003 10.814 10.833 10.822 10.673 10.103 10.940 11.168 10.717 10.566 10.792 11.175 11.162 10.649 10.784 11.000 11.197 11.218 10.917 11.067 10.761 29/12/2039
11.061 10.139 10.794 10.037 9.909 9.995 9.804 10.667 10.500 9.698 9.218 9.510 10.049 10.024 9.766 9.166 9.085 9.373 9.238 10.050 8.699 9.082 8.786 9.427 9.391 8.384 8.624 8.603 8.854 9.217 30/12/2039
9.520 8.929 8.942 8.127 8.451 8.731 8.594 8.808 8.747 8.353 8.440 8.559 8.664 8.621 8.356 8.518 8.339 8.495 8.398 8.644 8.611 8.315 8.336 8.561 8.449 8.447 8.240 8.384 8.493 8.313 31/12/2039
9.372 8.922 8.787 8.372 8.347 8.729 8.599 8.658 8.851 8.405 8.660 8.520 8.460 8.363 8.461 8.815 8.595 8.426 8.307 8.411 8.880 8.562 8.377 8.473 8.362 8.762 8.525 8.398 8.430 8.210 01/01/2040
7.841 7.823 7.922 7.125 6.648 7.674 7.563 7.843 7.375 7.033 7.716 8.034 7.444 7.387 7.126 7.857 7.425 7.220 7.156 7.273 7.875 7.384 7.109 7.267 7.168 7.937 7.389 7.245 7.411 7.125 02/01/2040
8.335 8.060 7.889 7.494 7.252 7.849 7.687 7.746 7.766 7.395 8.044 7.713 7.715 7.628 7.542 8.213 7.899 7.447 7.329 7.444 8.071 7.861 7.514 7.496 7.523 8.400 8.029 7.816 7.803 7.351 03/01/2040
5.997 5.795 5.771 5.210 5.148 5.599 5.423 5.637 6.112 5.564 5.856 5.672 5.854 5.727 5.659 6.389 6.646 6.097 5.933 5.639 6.449 6.603 5.759 6.185 6.200 6.665 6.603 5.863 6.241 5.958 04/01/2040
3.585 3.391 3.529 3.459 3.911 3.302 3.209 3.447 4.581 4.145 3.188 3.140 4.345 4.218 4.155 4.405 4.763 4.412 4.265 4.401 4.068 4.733 4.130 4.474 4.634 4.383 4.598 4.129 4.505 4.409 05/01/2040
4.519 4.359 4.606 4.400 4.577 4.240 4.123 4.520 5.080 4.714 4.119 4.327 4.816 4.711 4.805 4.659 5.224 4.811 4.700 4.976 4.739 5.184 4.635 4.869 4.898 4.690 4.944 4.573 4.787 4.710 06/01/2040
3.504 3.178 3.350 3.066 2.407 3.033 2.893 3.264 3.236 2.393 3.021 3.174 2.896 2.703 2.517 2.992 3.332 2.828 2.632 2.818 2.975 3.286 2.644 2.934 2.878 2.960 3.190 2.762 2.952 2.583 07/01/2040
0.288 -0.021 -0.306 -0.656 0.413 -0.063 -0.166 -0.390 0.672 0.393 0.064 -0.005 0.847 0.758 0.488 0.669 1.645 0.905 0.850 0.380 0.691 1.625 0.876 0.946 0.654 0.287 1.222 0.728 0.913 0.528 08/01/2040
3.135 3.151 2.811 2.332 1.793 3.059 2.934 2.755 2.707 1.939 3.328 3.077 2.833 2.793 2.008 3.434 3.304 2.996 2.984 2.585 3.464 3.294 3.164 3.001 2.746 3.339 3.197 3.124 2.992 2.705 09/01/2040
2.178 2.058 1.908 1.296 1.002 1.900 1.753 1.818 1.640 1.164 1.949 1.939 1.641 1.532 1.226 2.214 2.149 1.672 1.562 1.530 2.286 2.119 1.644 1.723 1.567 2.368 2.089 1.609 1.701 1.382 10/01/2040
2.926 2.618 2.510 2.330 2.900 2.520 2.430 2.453 2.801 2.874 2.480 2.494 2.845 2.811 2.937 2.857 3.090 2.535 2.436 2.715 3.225 3.068 2.962 2.548 2.646 3.010 3.105 2.928 2.636 2.538 11/01/2040
3.076 2.643 2.471 1.926 2.790 2.556 2.470 2.410 2.637 2.833 3.219 2.420 2.634 2.589 2.816 3.595 3.424 2.716 2.635 2.603 3.701 3.401 3.139 2.731 2.887 3.465 3.314 3.059 2.776 2.767 12/01/2040
3.496 3.057 2.917 2.493 2.785 2.937 2.876 2.821 2.422 2.378 3.383 2.890 2.660 2.592 2.394 3.635 3.304 2.496 2.445 2.120 4.077 3.261 3.109 2.507 2.048 3.796 3.168 2.958 2.352 1.931 13/01/2040
2.013 1.889 1.703 1.702 2.164 1.750 1.678 1.602 1.797 1.928 2.000 1.727 1.793 1.787 1.967 2.299 2.119 1.788 1.766 1.790 2.608 2.077 2.042 1.793 1.930 2.601 2.191 2.128 2.087 1.780 14/01/2040
1.906 2.091 2.167 1.921 1.989 1.963 1.859 2.090 2.737 2.268 2.031 2.279 2.642 2.599 2.374 2.374 3.047 2.792 2.685 2.809 2.804 3.033 2.673 2.850 3.066 3.141 3.220 3.035 3.046 2.913 15/01/2040
2.299 2.218 2.514 3.150 2.959 2.057 1.913 2.408 3.250 3.216 2.026 2.259 2.940 2.801 3.318 2.162 2.754 3.109 2.979 3.234 2.536 2.723 2.665 3.183 3.438 2.970 2.900 3.007 3.241 3.198 16/01/2040
3.972 3.697 3.479 3.456 3.293 3.614 3.516 3.425 3.788 3.376 3.547 3.520 3.602 3.461 3.509 3.613 3.352 3.465 3.311 3.454 3.584 3.342 3.459 3.497 3.398 3.348 3.183 3.486 3.543 3.201 17/01/2040
4.449 4.383 4.325 4.132 3.956 4.226 4.095 4.229 4.264 3.858 3.810 4.074 4.177 4.075 3.922 3.909 4.074 3.919 3.874 4.000 3.926 4.044 3.884 3.981 3.893 3.930 3.787 3.779 3.868 3.747 18/01/2040
3.960 3.941 4.150 3.505 4.638 3.851 3.827 4.126 4.564 4.480 3.757 3.662 4.857 4.827 4.504 4.581 5.425 4.431 4.442 4.218 5.083 5.405 4.864 4.454 4.306 5.659 5.304 4.805 4.422 4.286 19/01/2040
4.189 3.325 3.727 2.903 3.567 3.241 3.189 3.689 4.408 4.147 3.319 3.200 4.119 4.081 4.192 3.623 4.730 4.132 4.073 4.141 3.834 4.716 4.498 4.156 4.044 4.816 4.426 4.349 4.174 3.994 20/01/2040
4.776 4.723 4.917 4.588 5.567 4.643 4.574 4.877 5.751 5.682 4.838 4.752 5.720 5.671 5.662 5.048 5.763 5.803 5.725 5.798 5.350 5.742 5.903 5.827 5.710 5.498 5.312 5.573 5.642 5.650 21/01/2040
5.345 5.038 5.364 5.038 5.390 4.916 4.777 5.279 5.213 5.155 4.704 4.591 4.771 4.736 5.167 4.710 3.931 4.411 4.351 4.815 4.017 3.903 4.012 4.408 4.580 4.127 3.673 3.795 4.274 4.504 22/01/2040
5.107 4.664 4.506 4.177 4.401 4.544 4.453 4.458 4.270 4.384 4.815 4.403 4.348 4.295 4.427 5.102 4.624 4.221 4.157 4.262 4.602 4.614 4.153 4.245 4.406 4.737 4.542 4.150 4.286 4.283 23/01/2040
2.651 2.440 2.157 1.528 1.926 2.361 2.271 2.105 1.820 1.750 2.292 2.259 2.556 2.487 1.818 2.547 3.151 2.448 2.333 2.153 2.725 3.136 2.632 2.461 2.400 2.887 2.758 2.311 2.381 2.301 24/01/2040
2.682 2.756 2.661 2.670 3.384 2.668 2.608 2.631 2.907 3.418 2.787 2.637 3.124 3.120 3.463 2.865 4.092 2.804 2.762 2.797 2.975 4.069 3.105 2.799 2.858 2.940 3.695 2.843 2.873 2.825 25/01/2040
5.387 5.279 5.284 4.737 5.135 5.120 5.008 5.189 4.953 4.965 4.614 4.645 4.573 4.522 4.953 4.910 5.451 4.333 4.242 5.032 5.170 5.436 4.557 4.366 4.827 5.264 5.242 4.506 4.881 4.738 26/01/2040
8.779 8.745 8.559 8.467 8.012 8.589 8.491 8.562 8.271 7.973 8.809 8.613 7.983 7.969 7.990 8.588 7.944 7.679 7.647 8.368 8.750 7.934 7.769 7.707 7.968 8.708 7.925 7.731 7.551 7.936 27/01/2040
9.850 9.759 10.124 9.857 10.078 9.621 9.493 10.049 10.515 10.037 9.710 9.609 10.046 10.073 9.972 9.511 9.896 9.777 9.755 10.175 9.488 9.866 9.817 9.794 9.625 9.515 9.792 9.688 9.531 9.601 28/01/2040
7.828 7.933 7.994 7.848 7.896 7.769 7.648 7.907 8.070 8.059 7.730 7.787 7.804 7.688 8.111 7.577 7.625 7.727 7.576 7.866 7.756 7.609 7.707 7.761 7.710 7.799 7.545 7.779 7.753 7.497 29/01/2040
7.532 7.361 7.353 6.648 6.431 7.164 7.009 7.235 7.172 6.653 7.548 7.560 7.475 7.380 6.715 7.473 7.780 7.861 7.673 7.614 8.137 7.747 7.744 7.928 7.807 7.961 7.876 7.990 8.021 7.629 30/01/2040
7.214 6.924 6.967 6.459 6.329 6.734 6.595 6.829 7.030 6.542 6.827 6.927 6.962 6.832 6.651 7.154 7.529 7.043 6.847 7.023 7.567 7.502 6.970 7.108 7.463 7.570 7.653 7.246 7.166 7.232 31/01/2040
4.230 3.913 4.107 3.595 3.300 3.732 3.580 3.977 3.953 3.485 3.837 3.985 4.070 3.949 3.558 4.310 4.676 4.024 3.886 3.827 4.507 4.667 4.106 4.070 4.269 4.791 4.699 4.317 4.155 4.059 01/02/2040
3.220 3.112 3.086 2.741 2.563 2.890 2.735 2.971 3.155 2.698 2.925 2.959 3.252 3.140 2.774 3.266 3.579 3.150 3.028 3.095 3.290 3.551 3.101 3.192 3.448 3.598 3.650 3.380 3.473 3.194 02/02/2040
4.401 3.858 3.735 3.628 3.276 3.635 3.451 3.613 3.562 3.297 3.677 3.434 3.393 3.257 3.423 4.612 3.686 3.015 2.863 2.959 4.113 3.638 3.124 3.072 2.412 3.801 3.165 2.750 2.572 2.252 03/02/2040
6.433 6.056 5.770 5.464 5.593 5.911 5.790 5.650 5.567 5.679 5.819 5.688 5.705 5.598 5.780 6.635 6.335 5.574 5.407 5.327 6.424 6.305 5.639 5.651 5.182 6.472 6.172 5.681 5.530 5.002 04/02/2040
6.746 6.722 6.351 6.013 6.123 6.579 6.464 6.234 5.920 6.037 6.923 6.386 6.288 6.246 6.074 7.435 6.918 6.102 5.984 5.888 7.050 6.896 6.331 6.167 5.735 7.055 6.678 6.133 6.021 5.550 05/02/2040
6.088 5.882 5.706 5.427 5.995 5.786 5.711 5.622 6.185 6.114 6.075 6.031 6.430 6.380 6.120 6.998 6.632 6.509 6.485 6.473 7.096 6.622 6.598 6.541 6.451 7.106 6.577 6.510 6.506 6.370 06/02/2040
6.123 5.576 5.629 5.839 5.601 5.452 5.367 5.539 6.055 5.937 5.979 6.044 6.147 6.066 5.953 6.459 6.694 6.529 6.496 6.486 7.262 6.667 6.357 6.548 6.760 7.066 6.847 6.571 6.623 6.729 07/02/2040
5.470 5.596 5.200 5.325 5.486 5.506 5.384 5.109 5.528 5.399 5.033 5.701 5.888 5.797 5.454 5.570 6.464 5.710 5.672 6.001 5.731 6.449 5.936 5.737 6.040 6.021 6.745 6.408 6.138 5.955 08/02/2040
6.543 6.542 6.111 5.842 5.966 6.407 6.301 6.027 6.389 6.217 7.093 6.678 6.319 6.271 6.275 7.537 7.587 6.614 6.543 6.543 7.493 7.554 7.324 6.658 6.738 7.409 7.922 7.800 7.111 6.633 09/02/2040
9.274 9.168 8.786 8.315 8.405 8.986 8.851 8.688 8.677 8.329 9.186 9.159 8.872 8.828 8.363 9.407 9.479 8.777 8.699 8.810 9.416 9.450 9.385 8.810 8.898 9.717 9.141 9.220 9.009 8.808 10/02/2040
7.021 6.371 6.443 5.991 5.756 6.253 6.137 6.363 6.255 5.863 6.517 6.348 6.200 6.087 5.923 6.942 6.893 6.157 6.050 6.160 6.548 6.871 6.156 6.216 6.342 6.623 7.038 6.400 6.282 6.186 11/02/2040
5.669 5.602 5.651 4.949 5.049 5.466 5.371 5.536 5.407 5.049 5.551 5.594 5.445 5.352 5.046 5.640 6.023 5.554 5.447 5.625 5.697 5.995 5.548 5.597 5.866 5.809 6.064 5.719 5.799 5.706 12/02/2040
6.223 5.669 5.704 5.610 5.157 5.504 5.375 5.579 5.156 5.040 5.321 5.482 5.062 4.945 5.085 5.489 5.479 4.839 4.734 4.795 5.352 5.460 4.860 4.902 4.557 5.411 5.297 4.849 4.650 4.393 13/02/2040
5.403 4.698 5.149 4.864 3.866 4.514 4.371 4.998 4.467 3.831 4.729 4.817 4.501 4.337 3.988 5.061 5.161 4.364 4.178 4.187 5.214 5.138 4.481 4.433 4.284 4.898 5.006 4.596 4.431 4.023 14/02/2040
5.919 5.385 5.623 5.233 4.831 5.206 5.085 5.507 5.296 4.871 5.270 5.624 5.216 5.045 4.968 5.607 5.723 5.058 4.896 5.305 5.534 5.698 5.370 5.121 5.303 5.756 5.303 5.130 5.469 5.160 15/02/2040
5.442 5.480 5.312 4.400 4.366 5.304 5.174 5.218 5.213 4.681 5.176 5.355 5.366 5.174 4.869 5.547 5.880 5.436 5.252 5.175 5.439 5.859 5.557 5.528 5.518 6.012 5.461 5.350 5.722 5.292 16/02/2040
9.039 9.049 8.582 7.927 7.454 8.915 8.863 8.491 7.405 7.169 9.191 8.960 7.954 7.893 7.146 8.559 8.442 8.125 8.061 7.707 8.629 8.428 7.958 8.157 7.614 8.740 8.308 7.881 8.052 7.512 17/02/2040
10.997 11.043 10.610 9.873 10.160 10.896 10.838 10.549 10.373 10.129 11.019 10.782 10.617 10.557 10.123 11.550 11.079 10.624 10.560 10.374 11.603 11.062 10.512 10.663 10.354 11.326 11.025 10.513 10.640 10.236 18/02/2040
12.921 12.932 12.950 12.316 11.935 12.731 12.581 12.802 12.438 11.755 12.465 12.729 12.781 12.667 11.789 12.685 12.363 12.808 12.674 12.306 13.226 12.346 12.703 12.871 12.705 13.297 12.511 12.909 12.893 12.499 19/02/2040
11.674 11.677 11.602 10.642 10.155 11.504 11.341 11.532 10.628 9.995 11.591 11.628 10.947 10.855 10.021 11.490 11.426 10.925 10.819 10.510 11.649 11.394 11.245 10.982 10.775 12.149 11.279 11.177 10.764 10.595 20/02/2040
11.716 11.670 11.724 10.718 10.301 11.491 11.358 11.605 11.238 10.202 11.719 11.649 11.321 11.260 10.331 12.336 11.692 10.955 10.873 10.913 12.309 11.638 11.166 11.018 10.693 12.273 11.558 10.929 10.649 10.531 21/02/2040
9.025 8.824 8.814 8.797 8.159 8.773 8.707 8.766 8.321 8.332 8.611 8.631 7.900 7.851 8.424 8.224 7.538 7.498 7.422 7.597 7.479 7.499 7.180 7.536 7.029 6.648 6.719 6.346 6.729 6.902 22/02/2040
9.267 9.245 9.466 9.519 10.082 9.074 8.970 9.333 10.479 10.094 8.836 8.994 10.407 10.058 10.255 9.931 10.694 10.085 9.655 9.935 9.906 10.656 9.898 10.239 9.704 9.627 10.345 9.897 9.589 9.188 23/02/2040
10.649 10.634 10.399 10.475 10.888 10.450 10.293 10.289 11.267 11.270 10.322 10.697 11.224 11.102 11.300 10.944 11.185 11.180 11.016 11.050 11.096 11.160 11.217 11.250 11.030 11.258 11.137 11.281 11.144 10.787 24/02/2040
8.470 8.472 8.295 7.959 7.855 8.260 8.108 8.177 8.444 8.200 8.153 8.559 8.496 8.327 8.318 8.263 8.908 8.398 8.221 8.223 8.741 8.867 8.731 8.491 8.607 9.037 9.010 9.148 9.139 8.256 25/02/2040
6.224 6.580 6.276 5.761 5.564 6.429 6.289 6.166 6.481 6.336 6.802 6.902 6.680 6.562 6.431 6.668 7.062 6.772 6.602 6.632 6.848 7.038 6.825 6.862 6.834 6.968 7.122 7.084 7.040 6.584 26/02/2040
4.546 4.450 4.012 3.580 3.380 4.274 4.124 3.925 3.993 3.561 4.213 4.430 4.429 4.349 3.710 4.197 4.706 4.384 4.260 4.230 4.680 4.695 4.295 4.491 4.700 5.131 5.499 5.269 5.112 4.473 27/02/2040
8.176 7.991 7.712 7.303 7.032 7.783 7.600 7.575 7.592 7.246 7.729 7.896 7.790 7.690 7.377 7.772 7.991 7.669 7.519 7.472 7.959 7.962 7.555 7.746 7.825 8.490 8.287 8.095 7.843 7.586 28/02/2040
7.752 7.625 7.460 7.069 6.732 7.482 7.345 7.367 7.221 6.894 7.517 7.598 7.373 7.262 6.999 7.906 7.781 7.264 7.105 7.072 8.132 7.755 7.129 7.334 7.270 8.399 8.018 7.529 7.214 7.102 29/02/2040
6.935 6.795 6.542 6.426 7.508 6.656 6.538 6.506 6.971 7.445 6.662 6.671 7.121 6.954 7.549 6.987 7.032 7.121 6.886 6.853 7.110 6.988 7.065 7.247 7.133 7.070 7.022 7.285 7.229 6.796 01/03/2040
4.968 4.762 4.469 3.623 3.320 4.575 4.388 4.372 3.413 3.212 4.616 4.465 3.704 3.588 3.378 5.152 4.141 3.659 3.495 3.124 5.308 4.146 3.961 3.731 3.450 5.287 4.182 4.352 3.654 3.161 02/03/2040
3.315 3.154 2.888 2.158 2.527 3.003 2.836 2.844 2.710 2.482 2.969 2.982 2.733 2.648 2.583 3.414 3.151 2.504 2.393 2.487 3.512 3.140 2.848 2.552 2.389 3.677 3.087 2.885 2.570 2.229 03/03/2040
8.222 8.465 8.276 7.899 8.035 8.323 8.192 8.204 7.965 7.777 8.428 8.366 8.361 8.327 7.821 9.120 8.740 8.300 8.261 8.033 8.979 8.731 8.295 8.307 8.129 9.066 8.622 8.240 8.383 8.021 04/03/2040
5.504 5.360 5.121 5.073 5.092 5.261 5.161 5.090 5.374 5.167 5.356 5.228 5.484 5.386 5.268 5.553 5.936 5.469 5.363 5.332 5.599 5.911 5.534 5.526 5.510 5.608 5.853 5.598 5.648 5.337 05/03/2040
0.828 0.955 -0.054 -1.476 -1.411 0.716 0.565 -0.146 -0.881 -0.824 0.920 0.453 0.072 0.042 -0.646 1.174 0.970 -0.261 -0.315 -0.706 1.371 0.945 0.096 -0.262 -0.788 1.004 0.969 0.210 0.102 -0.864 06/03/2040
0.976 0.861 0.442 -0.386 -0.492 0.636 0.345 0.313 -0.343 -0.307 0.991 0.638 0.609 0.595 -0.109 0.735 0.611 0.577 0.533 0.259 1.121 0.566 0.515 0.575 0.153 0.891 0.843 0.956 0.526 0.123 07/03/2040
2.521 2.409 2.257 2.435 1.781 2.210 2.021 2.140 1.224 1.773 2.227 2.144 1.242 1.037 1.916 1.132 1.925 0.949 0.678 0.845 1.185 1.854 1.045 1.055 0.991 0.924 1.888 1.352 1.079 0.602 08/03/2040
3.985 3.834 3.710 3.419 2.976 3.696 3.544 3.597 3.231 2.882 3.856 3.648 2.963 2.916 2.958 3.937 3.941 3.247 3.199 3.028 4.190 3.927 3.262 3.294 3.214 4.174 3.992 3.345 3.476 3.119 09/03/2040
3.610 2.794 3.210 2.426 2.283 2.586 2.466 3.072 3.312 2.930 3.489 3.705 3.266 3.118 2.996 3.803 3.691 3.096 2.904 2.645 3.961 3.671 2.916 3.197 3.464 3.941 4.093 3.442 3.313 3.307 10/03/2040
3.458 3.236 3.332 2.510 2.224 2.973 2.825 3.158 2.701 2.365 3.068 3.296 2.911 2.765 2.517 3.180 3.090 2.793 2.629 2.523 3.281 3.030 2.809 2.864 3.036 3.137 3.128 3.010 3.081 2.832 11/03/2040
5.021 5.224 5.216 4.779 4.282 5.030 4.938 5.101 4.499 4.292 4.346 4.838 4.594 4.490 4.417 4.169 4.385 4.501 4.394 4.289 4.041 4.376 4.250 4.563 4.378 4.190 4.564 4.599 4.505 4.241 12/03/2040
8.548 8.925 9.099 8.299 7.857 8.794 8.723 9.017 8.464 7.632 8.067 8.509 8.219 8.178 7.718 7.901 8.388 8.188 8.129 8.264 7.709 8.379 8.076 8.187 8.239 7.924 8.457 8.196 8.183 8.144 13/03/2040
9.238 9.423 9.663 9.714 8.954 9.308 9.163 9.540 9.906 8.820 9.253 9.388 9.885 9.792 8.965 9.114 9.360 9.890 9.776 9.839 9.440 9.348 9.800 9.902 9.920 10.135 9.406 9.998 9.951 9.790 14/03/2040
10.085 10.382 10.506 10.143 10.298 10.322 10.296 10.471 10.511 10.156 10.306 10.279 10.360 10.339 10.208 10.362 10.528 10.198 10.180 10.198 10.313 10.532 10.206 10.204 9.977 10.469 10.537 10.239 10.031 9.916 15/03/2040
9.685 10.029 9.709 8.731 9.050 9.906 9.866 9.633 10.438 9.952 10.007 9.932 9.842 9.769 10.055 10.277 10.521 9.983 9.924 10.250 10.289 10.521 10.103 10.009 10.164 10.658 10.675 10.302 10.124 10.101 16/03/2040
9.920 9.923 9.852 9.193 9.630 9.800 9.721 9.787 10.226 9.984 9.549 9.443 9.879 9.818 10.058 10.785 10.291 10.174 10.051 10.167 10.750 10.304 9.705 10.212 10.113 11.095 10.358 9.900 9.940 9.947 17/03/2040
11.343 11.264 11.129 11.186 11.649 11.140 11.048 11.025 11.558 11.360 11.240 11.031 11.717 11.643 11.488 12.375 12.320 11.569 11.448 11.471 12.800 12.301 11.762 11.620 11.555 12.602 12.190 11.780 11.884 11.342 18/03/2040
11.112 10.826 10.516 9.959 10.859 10.661 10.525 10.400 10.754 10.545 10.728 10.666 10.971 10.857 10.655 11.438 11.302 10.633 10.504 10.605 11.512 11.268 10.675 10.676 10.844 11.653 11.455 10.921 10.793 10.680 19/03/2040
9.861 9.771 9.589 9.216 9.769 9.653 9.597 9.533 9.480 9.130 9.681 9.447 9.854 9.778 9.249 10.147 10.066 9.756 9.667 9.196 10.172 10.034 9.602 9.767 9.711 10.283 10.201 9.833 9.666 9.561 20/03/2040
10.343 10.350 10.211 10.387 9.907 10.203 10.103 10.136 10.811 9.736 10.564 10.318 10.991 10.905 9.860 10.842 11.553 11.288 11.154 10.815 11.132 11.522 11.348 11.350 11.046 11.303 11.454 11.366 11.219 10.846 21/03/2040
8.552 8.180 8.040 7.506 7.287 8.056 7.938 7.957 7.537 7.145 8.821 8.309 7.853 7.731 7.258 9.296 9.676 8.687 8.543 7.761 9.532 9.639 9.000 8.745 8.618 10.039 10.360 9.802 9.363 8.449 22/03/2040
5.088 5.266 4.829 4.403 4.005 5.128 4.956 4.777 4.384 4.139 5.043 5.111 4.490 4.382 4.247 5.384 5.395 4.670 4.534 4.599 5.751 5.364 4.499 4.721 4.922 6.334 6.146 5.360 5.078 4.785 23/03/2040
4.003 3.863 3.844 3.576 3.672 3.811 3.743 3.823 4.307 3.772 3.572 3.630 4.259 4.137 3.927 3.712 3.892 4.279 4.126 4.256 3.923 3.887 4.183 4.329 4.452 4.068 4.106 4.581 4.468 4.271 24/03/2040
4.826 4.685 4.686 4.382 4.801 4.516 4.364 4.571 4.913 4.714 4.460 4.612 5.042 4.902 4.824 4.574 4.706 4.869 4.698 4.829 4.753 4.678 4.832 4.904 5.200 4.897 4.805 5.073 5.107 4.999 25/03/2040
2.107 1.887 1.489 1.636 1.342 1.708 1.581 1.395 1.239 1.072 1.329 1.144 1.721 1.647 1.208 1.724 2.255 1.457 1.377 1.433 1.970 2.235 1.339 1.481 0.969 1.637 1.738 0.933 1.398 0.866 26/03/2040
1.973 1.942 1.715 1.689 2.195 1.739 1.521 1.599 2.312 2.139 1.482 1.625 2.653 2.501 2.297 1.937 2.735 2.575 2.412 2.235 2.463 2.704 2.554 2.613 2.548 2.716 2.950 2.849 2.903 2.348 27/03/2040
5.978 5.499 5.598 5.255 5.398 5.364 5.264 5.532 4.855 4.750 5.522 5.123 5.534 5.403 4.850 6.020 6.112 5.020 4.873 5.004 5.951 6.091 5.090 5.076 5.102 5.798 6.537 5.584 5.093 4.931 28/03/2040
7.526 7.569 7.250 6.555 6.760 7.342 7.188 7.122 6.628 6.522 6.710 7.232 7.142 7.012 6.654 6.635 7.340 7.121 6.977 6.810 7.230 7.327 6.829 7.189 6.658 7.366 7.558 7.183 7.043 6.474 29/03/2040
6.891 6.610 6.144 5.387 5.726 6.535 6.438 6.036 6.232 5.839 6.732 6.544 6.281 6.116 5.972 6.731 6.910 6.394 6.195 6.302 6.706 6.897 6.546 6.472 6.383 6.616 6.975 6.805 6.739 6.105 30/03/2040
6.485 6.041 5.983 5.209 5.611 5.980 5.929 5.977 5.495 5.929 5.954 5.939 5.493 5.513 5.946 5.994 6.425 5.919 5.895 5.858 6.068 6.414 5.843 5.923 6.079 5.875 6.269 5.620 5.991 6.047 31/03/2040
9.838 9.261 9.540 9.112 9.584 9.104 8.996 9.467 8.861 8.967 9.100 9.232 9.375 9.320 9.001 9.261 9.702 9.468 9.405 9.218 9.562 9.671 9.107 9.507 9.429 9.554 9.929 9.437 9.355 9.319 01/04/2040
14.988 14.828 14.766 14.717 15.120 14.639 14.472 14.632 14.142 14.610 14.498 14.502 14.227 14.215 14.603 14.818 14.565 14.386 14.356 14.282 14.968 14.531 14.046 14.411 14.285 15.106 14.774 14.196 14.229 14.256 02/04/2040
14.523 14.539 14.487 13.902 13.730 14.377 14.238 14.383 14.062 13.763 14.191 14.668 14.010 13.869 13.878 14.077 14.679 14.343 14.173 14.184 14.653 14.670 14.202 14.423 14.594 15.035 14.868 14.610 14.551 14.344 03/04/2040
7.793 7.820 7.581 7.228 7.396 7.665 7.536 7.447 7.525 7.424 7.144 7.145 7.370 7.249 7.521 7.521 7.653 7.410 7.269 7.621 7.657 7.621 7.042 7.467 7.662 7.899 7.950 7.448 7.552 7.444 04/04/2040
10.112 9.958 9.986 10.123 9.854 9.763 9.616 9.862 9.524 9.427 9.241 9.320 9.240 9.060 9.579 9.216 9.542 9.333 9.162 9.194 9.335 9.513 8.904 9.413 9.177 9.407 9.817 9.364 9.308 8.965 05/04/2040
9.662 9.194 9.579 9.377 9.524 8.977 8.852 9.446 9.442 9.073 8.852 8.828 9.243 9.081 9.222 9.380 9.103 9.676 9.485 9.294 9.560 9.071 9.252 9.749 9.707 9.756 9.483 9.818 9.983 9.453 06/04/2040
13.142 12.777 12.882 11.582 10.206 12.207 11.783 12.543 10.164 9.809 11.958 12.173 9.868 9.794 9.908 11.430 10.663 9.698 9.590 9.646 11.385 10.660 9.781 9.757 9.605 11.358 10.576 9.808 9.802 9.431 07/04/2040
9.961 9.580 9.843 9.403 9.670 9.429 9.327 9.736 9.751 9.584 9.410 9.386 9.486 9.357 9.683 9.910 10.084 9.487 9.342 9.406 9.763 10.040 9.255 9.545 9.483 9.837 10.072 9.402 9.520 9.295 08/04/2040
10.898 10.604 10.897 10.652 11.456 10.466 10.370 10.799 11.054 11.097 10.325 10.579 11.407 11.299 11.227 10.828 11.666 11.434 11.348 11.441 11.370 11.628 11.333 11.486 11.811 11.692 12.120 11.813 11.838 11.606 09/04/2040
8.192 8.170 7.757 7.238 7.576 7.951 7.794 7.646 7.476 7.197 7.302 7.717 7.962 7.790 7.300 7.491 8.086 7.862 7.687 7.516 7.608 8.056 7.643 7.928 8.049 7.956 8.248 8.023 8.066 7.790 10/04/2040
7.071 6.880 6.866 6.481 7.214 6.715 6.618 6.773 7.053 7.189 6.000 6.315 6.559 6.449 7.303 6.820 8.027 7.448 7.310 7.023 7.661 8.029 7.174 7.506 7.358 7.586 8.407 7.714 7.388 7.151 11/04/2040
9.755 9.316 9.432 8.819 10.085 9.039 8.850 9.282 9.422 9.628 8.465 8.740 9.182 9.022 9.720 7.999 8.487 8.972 8.830 8.600 8.124 8.472 8.682 9.054 8.675 8.284 8.397 8.613 8.639 8.404 12/04/2040
9.660 10.059 9.620 9.440 9.063 9.903 9.789 9.542 9.752 9.227 9.535 9.693 10.238 10.100 9.349 10.101 10.327 10.056 9.898 9.704 10.543 10.289 10.111 10.125 10.514 10.304 10.241 10.248 10.203 10.300 13/04/2040
6.709 6.519 6.040 6.191 5.850 6.323 6.175 5.941 6.008 5.786 6.332 5.936 6.282 6.115 5.887 6.273 6.094 5.900 5.750 5.580 6.060 6.056 5.844 5.973 5.775 6.320 6.308 6.215 6.255 5.541 14/04/2040
8.543 8.102 8.289 7.419 9.325 7.940 7.832 8.186 10.243 9.300 8.286 8.146 10.509 10.595 9.529 6.691 7.155 10.381 10.550 10.072 6.897 7.056 10.586 10.358 10.153 7.426 7.380 10.285 10.179 10.359 15/04/2040
11.456 11.267 11.337 11.906 10.326 11.104 10.986 11.259 11.310 9.884 11.320 11.095 11.213 11.108 9.794 11.726 11.901 11.199 11.092 11.038 11.655 11.867 11.221 11.248 11.092 12.009 12.065 11.386 11.395 10.897 16/04/2040
14.166 14.115 13.828 13.508 12.535 13.896 13.787 13.733 13.413 12.617 14.027 13.881 13.492 13.333 12.737 13.621 13.616 13.577 13.369 13.155 13.866 13.612 13.562 13.666 13.912 13.903 13.870 14.029 13.874 13.601 17/04/2040
13.662 13.623 13.235 12.655 12.516 13.419 13.289 13.093 12.952 12.588 13.447 13.323 13.140 12.970 12.707 13.501 13.655 13.117 12.960 12.712 13.631 13.639 13.033 13.193 13.288 13.733 13.851 13.388 13.261 13.072 18/04/2040
13.893 13.779 13.610 12.646 13.065 13.622 13.443 13.488 13.799 12.951 13.497 13.598 14.054 13.911 13.110 14.210 13.747 13.899 13.767 13.789 14.436 13.745 13.767 13.978 13.879 14.658 13.827 14.107 14.108 13.695 19/04/2040
10.496 10.520 10.230 9.317 9.393 10.392 10.272 10.128 10.236 9.763 10.331 10.228 9.965 9.841 9.882 10.472 10.559 10.069 9.948 9.930 10.509 10.522 10.346 10.115 10.384 10.682 10.636 10.491 10.436 10.176 20/04/2040
9.504 9.095 9.085 7.590 7.400 8.893 8.723 8.945 7.879 7.429 9.104 8.785 7.818 7.689 7.543 9.453 9.247 7.918 7.797 7.581 9.338 9.208 8.293 7.978 8.053 9.263 9.052 8.059 8.023 7.818 21/04/2040
9.819 9.840 9.457 8.098 8.969 9.557 9.337 9.263 9.394 8.943 9.552 9.300 9.733 9.554 8.984 9.976 10.699 9.652 9.470 9.457 10.371 10.683 10.451 9.736 10.025 10.263 10.336 10.219 10.201 9.789 22/04/2040
11.513 11.675 11.730 11.404 11.430 11.617 11.497 11.661 11.989 11.455 11.791 11.741 12.071 12.005 11.583 12.095 12.550 12.007 11.912 12.037 12.361 12.542 12.142 12.005 11.951 12.546 12.514 12.179 12.080 11.875 23/04/2040
11.986 11.870 12.666 11.847 12.172 11.673 11.519 12.545 12.343 12.362 11.774 11.597 12.513 12.478 12.487 11.855 12.296 12.345 12.298 12.371 11.842 12.263 12.063 12.362 12.277 11.749 12.300 12.125 11.987 12.178 24/04/2040
12.694 12.673 12.826 12.340 12.172 12.519 12.402 12.725 12.279 12.190 12.260 12.183 12.145 12.002 12.358 11.884 11.923 11.792 11.632 11.799 11.942 11.875 11.464 11.857 11.582 11.456 11.623 11.345 11.201 11.371 25/04/2040
15.164 14.937 15.096 14.796 14.241 14.736 14.602 14.974 15.025 14.409 14.832 14.788 14.888 14.836 14.538 14.822 14.591 14.750 14.699 14.810 14.664 14.575 14.673 14.776 14.805 14.418 14.500 14.600 14.648 14.711 26/04/2040
12.823 12.607 13.276 13.175 13.032 12.403 12.254 13.167 13.436 13.043 12.569 12.296 13.649 13.424 13.242 13.023 13.948 13.310 12.973 13.287 13.529 13.864 13.339 13.447 13.491 13.748 14.040 13.744 13.381 13.104 27/04/2040
16.812 16.806 16.987 16.470 17.537 16.794 16.793 16.996 17.432 17.373 16.715 16.574 17.741 17.623 17.545 17.237 17.670 17.577 17.432 17.395 17.496 17.672 17.612 17.651 17.813 17.455 17.567 17.659 17.723 17.631 28/04/2040
13.038 12.911 13.125 12.840 13.422 12.811 12.761 13.081 13.359 13.394 13.283 13.223 13.332 13.208 13.522 14.067 14.511 13.520 13.463 13.518 14.206 14.496 13.480 13.576 13.560 14.310 14.569 13.633 13.605 13.480 29/04/2040
10.265 9.879 10.262 9.746 9.680 9.723 9.602 10.161 9.372 9.178 9.924 9.820 9.660 9.524 9.297 10.218 9.841 9.206 9.044 8.883 9.816 9.807 8.962 9.265 9.574 10.091 10.393 9.627 9.404 9.398 30/04/2040
10.958 11.004 10.492 10.537 10.220 10.776 10.636 10.343 10.271 10.290 10.801 10.434 10.386 10.238 10.416 10.605 10.117 10.164 10.020 9.829 10.699 10.079 10.205 10.225 10.391 11.130 10.371 10.631 10.494 10.183 01/05/2040
10.436 10.420 9.794 9.791 10.824 10.370 10.363 9.769 10.290 10.678 10.131 10.249 10.285 10.254 10.695 10.704 11.700 10.464 10.447 10.365 10.817 11.669 10.592 10.474 10.335 11.079 11.921 10.834 10.628 10.275 02/05/2040
11.491 11.509 11.471 10.539 11.494 11.418 11.330 11.402 11.113 11.317 11.370 11.184 11.313 11.186 11.411 12.242 12.846 11.082 10.927 11.117 12.508 12.823 11.691 11.123 11.223 12.375 13.067 12.133 11.858 10.969 03/05/2040
11.918 12.165 11.951 11.056 12.215 11.988 11.847 11.863 11.670 12.076 11.944 11.416 12.215 11.986 12.087 13.526 13.447 11.995 11.689 11.479 13.548 13.387 12.144 12.093 12.128 13.730 13.884 12.834 12.519 11.745 04/05/2040
14.537 14.319 13.873 12.927 12.779 14.183 14.012 13.791 12.862 12.694 13.870 13.777 13.160 12.930 12.834 13.680 14.155 13.225 12.965 12.745 13.767 14.118 13.311 13.313 13.191 14.071 14.332 13.809 13.652 12.860 05/05/2040
18.947 18.491 18.323 18.927 19.214 18.205 17.968 18.150 19.028 18.748 18.063 18.037 19.029 18.866 18.893 17.716 18.162 18.874 18.681 18.676 17.968 18.141 18.907 18.969 18.932 18.330 18.423 19.489 19.178 18.650 06/05/2040
21.368 21.254 21.184 20.150 20.055 21.008 20.816 21.027 21.090 20.295 20.880 21.051 21.049 20.808 20.459 21.382 21.018 21.115 20.830 20.997 21.717 21.004 20.891 21.232 21.727 22.027 21.205 21.544 21.537 21.376 07/05/2040
18.778 18.557 18.531 17.323 17.492 18.353 18.185 18.401 18.531 17.958 18.420 18.387 18.624 18.491 18.089 18.890 18.732 18.716 18.554 18.564 19.070 18.708 18.790 18.754 18.857 19.230 18.955 19.403 19.122 18.662 08/05/2040
17.918 17.998 18.193 17.252 18.061 18.005 18.043 18.217 18.031 18.474 18.128 18.302 17.987 17.922 18.528 18.517 19.142 18.232 18.118 18.309 18.784 19.128 18.076 18.267 18.551 18.998 19.248 18.382 18.538 18.445 09/05/2040
20.909 20.741 21.293 21.187 21.606 20.619 20.622 21.206 21.089 21.648 20.575 20.754 20.891 20.748 21.649 21.099 21.935 21.020 20.801 20.996 21.272 21.885 20.864 21.119 21.356 21.505 22.307 21.451 21.504 21.011 10/05/2040
16.615 16.685 16.610 16.664 16.518 16.628 16.576 16.621 16.235 16.499 16.415 16.448 16.171 16.145 16.498 16.642 17.023 16.296 16.291 16.179 17.011 17.010 16.487 16.342 16.457 17.180 17.030 16.569 16.379 16.386 11/05/2040
15.596 15.459 15.525 15.669 15.134 15.385 15.306 15.522 15.445 15.150 15.327 15.383 15.302 15.192 15.264 15.529 16.151 15.568 15.437 15.288 15.729 16.133 15.356 15.622 15.636 15.829 16.168 15.575 15.682 15.474 12/05/2040
17.509 17.622 17.822 17.667 17.104 17.475 17.346 17.727 17.580 17.028 17.295 17.413 17.689 17.527 17.128 17.518 17.993 17.762 17.667 17.789 17.948 17.955 17.412 17.806 18.043 18.167 18.537 18.010 17.878 17.909 13/05/2040
20.392 20.317 20.313 20.090 20.025 20.127 20.023 20.217 20.403 20.102 20.374 20.379 20.499 20.347 20.172 20.817 21.090 20.729 20.616 20.644 20.797 21.066 20.577 20.811 20.736 21.019 21.227 20.927 20.777 20.544 14/05/2040
20.276 19.879 19.885 19.515 20.166 19.818 19.656 19.858 21.533 21.186 20.332 20.060 20.882 20.732 21.282 21.173 21.665 21.610 21.471 21.486 21.184 21.642 21.404 21.706 21.411 21.702 22.146 21.931 21.658 21.185 15/05/2040
17.731 17.037 16.574 15.664 16.136 16.857 16.716 16.508 16.379 16.630 17.300 16.908 16.425 16.288 16.813 17.497 17.514 16.661 16.507 16.523 17.393 17.472 16.495 16.725 16.759 17.352 17.595 16.649 16.660 16.444 16/05/2040
15.209 14.883 14.773 14.376 14.870 14.733 14.619 14.692 14.725 15.108 14.826 14.758 14.962 14.852 15.219 15.196 15.224 14.731 14.666 14.724 15.225 15.187 14.674 14.797 14.739 15.162 15.234 14.779 14.731 14.556 17/05/2040
14.283 14.107 13.924 13.607 13.432 14.024 13.952 13.816 13.640 13.611 13.704 13.994 13.573 13.448 13.690 14.040 14.171 13.600 13.482 13.779 14.292 14.155 13.379 13.663 14.193 14.382 14.507 13.838 14.069 14.025 18/05/2040
14.185 14.137 14.012 13.172 13.307 14.031 13.942 13.940 13.617 13.342 13.788 13.927 13.717 13.632 13.383 13.808 14.112 13.708 13.589 13.659 14.071 14.089 13.402 13.757 13.687 13.758 14.495 13.852 13.854 13.574 19/05/2040
13.658 13.558 13.551 13.665 13.153 13.446 13.341 13.457 14.180 13.456 13.295 13.569 14.115 13.915 13.537 13.376 14.727 14.109 13.902 14.129 13.571 14.700 13.942 14.196 14.411 13.302 14.856 14.279 14.281 14.170 20/05/2040
13.538 13.457 13.669 13.397 14.188 13.237 13.056 13.507 14.439 14.448 13.489 13.574 14.273 14.113 14.516 13.834 13.993 14.362 14.183 14.408 14.020 13.983 14.172 14.456 14.654 14.138 14.220 14.599 14.599 14.489 21/05/2040
18.971 18.753 18.748 18.612 18.831 18.632 18.460 18.655 19.243 19.077 18.899 18.851 19.177 19.052 19.114 19.052 19.233 19.364 19.193 19.388 19.091 19.223 19.072 19.436 19.576 19.383 19.613 19.604 19.576 19.371 22/05/2040
22.642 22.723 22.508 21.231 20.943 22.643 22.594 22.429 21.735 21.254 22.618 22.594 22.094 22.100 21.286 23.346 22.756 22.050 22.060 22.054 23.352 22.773 21.950 22.031 21.808 23.260 22.747 21.892 21.649 21.818 23/05/2040
21.321 21.084 20.743 20.978 20.177 21.002 21.055 20.722 20.660 20.404 21.327 20.975 20.909 20.631 20.584 21.396 22.256 20.991 20.711 20.662 21.491 22.234 20.922 21.132 21.032 21.614 22.564 21.635 21.104 20.605 24/05/2040
20.145 19.924 19.617 18.844 18.878 19.774 19.744 19.584 19.212 19.045 19.952 19.850 19.172 19.050 19.079 20.577 19.973 19.409 19.291 19.131 20.504 19.994 19.522 19.475 19.379 20.797 19.783 19.534 19.330 19.190 25/05/2040
19.155 18.637 18.352 17.956 17.752 18.422 18.250 18.230 18.213 18.026 19.102 18.653 18.680 18.572 18.130 19.978 19.880 18.764 18.652 18.753 20.252 19.865 19.161 18.825 18.714 20.318 19.846 19.202 18.841 18.536 26/05/2040
16.933 16.472 16.399 16.102 15.603 16.231 16.044 16.242 15.392 15.288 16.490 16.190 15.663 15.585 15.430 16.812 16.458 15.469 15.375 14.994 16.709 16.442 15.729 15.510 15.778 16.854 16.507 15.842 15.329 15.674 27/05/2040
16.449 16.343 16.179 15.110 14.901 16.151 16.017 16.062 15.061 14.895 16.118 15.968 15.270 15.197 14.978 16.331 16.045 14.955 14.801 15.053 16.366 16.018 15.208 14.999 15.212 16.560 16.093 15.323 15.168 15.072 28/05/2040
14.442 14.268 13.955 13.318 13.179 14.096 13.993 13.883 13.460 13.402 13.904 13.880 13.935 13.844 13.517 14.327 14.584 13.740 13.611 13.511 14.382 14.557 13.751 13.812 13.632 14.410 14.367 13.696 13.827 13.430 29/05/2040
17.817 17.741 17.461 16.653 16.848 17.597 17.492 17.400 17.084 16.916 17.794 17.543 17.543 17.447 17.004 17.952 17.956 17.683 17.559 17.268 17.999 17.927 17.740 17.715 17.472 18.121 17.992 17.774 17.894 17.326 30/05/2040
23.314 23.198 23.029 22.156 22.577 23.141 23.128 22.977 23.234 22.772 23.674 23.428 23.690 23.580 22.894 23.637 23.530 23.747 23.609 23.445 23.861 23.489 23.753 23.781 23.830 23.838 23.877 24.072 23.924 23.660 31/05/2040
22.968 22.733 22.862 22.223 22.489 22.598 22.450 22.749 22.561 22.190 22.543 22.553 22.766 22.621 22.359 22.007 21.619 22.562 22.375 22.356 21.997 21.599 22.538 22.642 22.563 21.917 21.643 22.734 22.663 22.327 01/06/2040
19.039 18.801 18.672 17.688 18.001 18.586 18.392 18.547 18.603 18.081 18.651 18.467 18.893 18.776 18.201 19.040 18.923 18.649 18.442 18.135 18.868 18.890 18.665 18.734 18.404 18.801 18.867 18.758 18.531 18.165 02/06/2040
18.146 18.427 18.510 18.520 18.937 18.296 18.146 18.445 19.504 19.178 18.470 18.480 19.300 19.161 19.313 18.528 19.371 19.472 19.305 19.383 18.574 19.339 19.195 19.549 19.711 18.560 19.465 19.467 19.643 19.503 03/06/2040
20.973 21.228 21.281 21.590 21.793 21.095 20.983 21.211 22.039 21.967 20.927 21.073 21.898 21.822 22.085 20.948 21.797 21.796 21.670 21.785 21.074 21.765 21.675 21.838 21.854 21.143 21.798 21.745 21.877 21.696 04/06/2040
18.772 18.623 18.788 19.243 19.771 18.619 18.587 18.803 19.538 19.703 18.220 18.513 19.435 19.270 19.748 18.238 19.730 19.407 19.251 19.300 18.339 19.673 19.072 19.488 19.708 18.338 19.606 19.175 19.490 19.476 05/06/2040
18.681 18.816 18.408 18.144 18.243 18.631 18.515 18.306 18.752 18.563 18.401 18.565 18.587 18.457 18.673 18.412 18.975 18.976 18.814 18.377 18.631 18.932 18.731 19.042 19.136 18.651 18.893 18.804 19.069 18.906 06/06/2040
17.431 17.633 17.433 17.098 17.562 17.466 17.329 17.325 17.620 17.925 17.511 17.582 17.560 17.382 18.040 17.410 18.117 17.689 17.470 17.335 17.571 18.085 17.570 17.772 17.841 17.613 18.150 17.896 17.928 17.554 07/06/2040
19.087 19.082 18.982 18.582 19.552 18.894 18.769 18.859 19.230 19.727 19.109 19.233 19.070 18.862 19.858 19.287 19.370 19.267 19.067 19.100 19.335 19.324 19.120 19.367 19.098 19.421 19.263 19.370 19.380 18.766 08/06/2040
19.535 19.553 19.337 18.694 19.483 19.248 19.012 19.124 19.516 19.548 19.310 19.249 19.928 19.629 19.744 20.108 20.178 19.737 19.456 19.332 20.354 20.131 19.783 19.872 19.999 20.455 20.305 20.212 20.155 19.575 09/06/2040
20.583 20.600 20.263 20.426 21.115 20.252 20.013 20.045 22.137 21.556 20.468 20.522 22.135 21.976 21.743 21.458 22.270 22.096 21.936 21.941 21.790 22.209 22.269 22.164 22.370 22.223 22.441 22.592 22.535 22.076 10/06/2040
20.587 20.613 20.159 19.197 19.349 20.505 20.375 20.063 20.331 19.861 20.406 20.507 20.295 20.234 19.932 20.579 20.934 20.474 20.358 20.346 20.609 20.897 20.303 20.513 20.565 20.562 20.783 20.363 20.458 20.328 11/06/2040
21.027 21.406 21.639 20.608 22.075 21.284 21.140 21.532 22.363 22.810 21.547 21.921 22.222 22.102 22.886 21.970 22.488 22.471 22.347 22.602 22.140 22.473 22.064 22.517 23.123 22.868 22.719 22.526 22.977 22.953 12/06/2040
19.119 19.158 19.046 17.817 18.342 19.022 18.850 18.924 18.806 18.569 18.893 19.099 18.835 18.731 18.676 19.148 19.353 18.817 18.695 18.694 19.409 19.322 18.831 18.860 18.984 19.527 19.151 18.735 18.893 18.831 13/06/2040
18.689 19.044 19.289 18.622 18.757 18.755 18.529 19.091 19.444 18.899 18.754 18.959 19.312 19.118 19.043 19.195 19.585 19.274 19.103 18.997 19.317 19.569 19.220 19.350 19.537 19.465 19.298 19.134 19.458 19.241 14/06/2040
21.926 21.898 21.827 21.309 21.865 21.675 21.509 21.692 22.526 22.046 21.544 21.687 22.470 22.348 22.220 21.830 22.253 22.397 22.201 22.185 21.946 22.239 22.283 22.490 22.290 21.914 22.102 22.384 22.326 22.016 15/06/2040
23.791 23.626 23.516 23.164 22.717 23.465 23.309 23.377 23.153 22.647 23.713 23.651 23.228 23.117 22.780 23.736 24.215 23.532 23.316 23.005 23.906 24.192 23.321 23.598 23.209 24.250 24.258 23.548 23.554 22.972 16/06/2040
23.633 23.555 23.460 22.516 22.654 23.355 23.198 23.357 23.225 22.916 22.873 23.366 23.073 22.961 23.002 23.217 23.044 23.081 22.945 23.211 23.028 23.029 22.705 23.116 23.155 23.165 23.013 22.862 23.122 23.039 17/06/2040
23.290 23.355 23.445 23.521 23.719 23.201 23.046 23.346 23.923 23.646 22.457 23.038 23.524 23.451 23.736 22.626 23.000 23.517 23.384 23.575 22.493 22.946 22.797 23.542 23.723 22.470 23.236 23.173 23.599 23.552 18/06/2040
23.303 23.248 23.536 23.327 23.985 23.056 22.834 23.387 25.120 24.465 22.554 23.475 24.555 24.413 24.568 22.945 24.444 24.915 24.729 24.501 23.346 24.426 24.518 25.014 24.936 23.627 24.381 24.519 24.871 24.686 19/06/2040
25.474 25.243 25.380 24.777 25.550 25.072 24.868 25.297 25.987 25.723 25.064 25.245 25.715 25.646 25.773 24.986 25.855 25.771 25.603 25.930 25.168 25.825 25.748 25.806 26.363 25.386 25.895 25.827 26.081 26.206 20/06/2040
27.553 28.214 27.836 26.768 26.453 28.065 27.997 27.740 27.928 27.114 28.014 28.004 27.309 27.172 27.193 27.963 28.366 27.560 27.355 27.026 28.312 28.305 27.599 27.643 27.185 28.298 28.816 28.129 28.052 26.924 21/06/2040
28.073 28.533 28.133 28.389 28.255 28.502 28.555 28.082 29.190 28.578 28.397 28.494 28.318 28.260 28.596 28.069 28.257 28.467 28.377 28.623 28.433 28.237 28.457 28.521 29.026 27.823 28.356 28.706 29.162 28.948 22/06/2040
24.932 25.191 24.627 23.649 24.948 25.055 24.903 24.476 25.133 25.051 24.584 24.530 25.046 24.905 25.092 24.543 24.555 24.960 24.792 24.988 24.405 24.518 24.722 25.022 25.409 24.235 24.465 24.787 25.189 25.198 23/06/2040
23.617 23.388 23.217 22.453 23.677 23.257 23.212 23.113 23.323 23.106 23.108 23.146 23.945 23.837 23.176 23.280 23.744 23.563 23.471 23.037 23.279 23.743 23.438 23.632 23.000 23.126 23.495 23.190 23.375 22.881 24/06/2040
24.872 24.667 24.293 23.511 23.576 24.355 24.090 24.137 24.057 23.775 24.276 24.331 24.439 24.253 23.874 24.052 24.313 24.404 24.170 24.122 24.103 24.288 24.368 24.527 24.456 24.113 24.081 24.511 24.689 24.197 25/06/2040
27.138 27.522 27.161 26.569 26.197 27.470 27.454 27.117 27.526 26.798 27.586 27.585 27.224 27.172 26.855 27.404 27.496 27.948 27.870 27.797 27.585 27.482 27.805 27.931 27.996 27.803 27.788 28.059 28.238 27.941 26/06/2040
29.378 29.878 29.757 29.146 28.993 29.687 29.551 29.628 30.218 29.716 29.871 29.943 30.036 29.959 29.771 29.625 29.890 30.248 30.149 30.208 29.795 29.887 30.175 30.278 30.436 29.779 29.845 30.148 30.536 30.317 27/06/2040
24.871 24.816 24.575 24.129 24.249 24.661 24.537 24.436 24.954 24.479 24.252 24.485 24.543 24.454 24.601 24.430 24.492 24.763 24.622 24.706 24.204 24.483 24.239 24.805 24.982 24.618 24.660 24.564 24.854 24.811 28/06/2040
24.817 24.638 24.349 23.774 23.861 24.506 24.431 24.262 24.294 23.882 24.466 24.405 24.330 24.242 23.959 24.475 24.646 24.438 24.356 24.271 24.426 24.628 24.454 24.491 24.539 24.649 24.629 24.605 24.617 24.461 29/06/2040
22.462 21.954 21.523 20.984 21.189 21.819 21.692 21.416 21.324 20.994 22.142 21.747 21.840 21.704 21.101 22.633 22.774 21.899 21.774 21.551 22.493 22.738 22.160 21.986 21.996 22.717 22.712 22.304 22.237 21.798 30/06/2040
25.014 24.711 24.615 24.750 25.252 24.574 24.455 24.498 25.226 25.324 24.520 24.602 25.152 25.017 25.389 24.645 25.207 25.055 24.879 24.960 24.702 25.155 25.041 25.112 25.187 24.854 25.230 25.216 25.371 24.966 01/07/2040
26.981 26.332 26.833 26.362 26.531 26.150 25.976 26.706 26.627 26.487 26.390 25.990 25.749 25.621 26.515 26.808 26.961 25.514 25.374 25.706 26.842 26.901 25.654 25.578 25.678 26.984 27.077 25.949 25.758 25.493 02/07/2040
25.350 24.936 25.125 23.988 24.274 24.759 24.566 24.996 24.602 24.407 25.093 24.810 24.464 24.380 24.460 24.502 25.616 24.789 24.645 24.788 25.162 25.558 25.085 24.818 25.215 24.838 25.747 25.230 25.164 25.068 03/07/2040
21.747 21.599 21.590 21.221 20.890 21.357 21.139 21.444 21.127 20.771 21.365 21.306 21.134 20.994 20.856 21.448 21.487 21.053 20.892 20.898 21.730 21.435 21.024 21.123 21.301 21.697 21.713 21.337 21.332 21.059 04/07/2040
21.118 20.738 20.587 19.988 19.536 20.548 20.392 20.468 20.209 19.461 20.292 20.300 20.436 20.293 19.569 20.920 20.178 20.277 20.093 20.056 21.056 20.134 20.274 20.356 20.454 21.176 20.217 20.508 20.526 20.174 05/07/2040
20.507 19.964 19.816 18.921 19.495 19.762 19.619 19.702 19.563 19.156 19.630 19.540 19.925 19.775 19.318 20.024 19.867 19.821 19.617 19.415 19.933 19.848 19.950 19.897 20.206 20.119 19.782 20.181 20.208 19.955 06/07/2040
21.241 21.206 21.119 20.635 21.279 21.069 20.930 21.039 21.701 21.453 21.169 21.178 21.711 21.624 21.538 21.769 22.038 21.849 21.747 21.987 22.087 21.996 21.811 21.881 22.340 22.472 22.273 22.141 22.251 22.228 07/07/2040
22.599 22.547 22.500 22.454 23.211 22.401 22.286 22.410 23.767 23.394 23.002 22.712 23.542 23.417 23.457 23.025 23.971 23.809 23.641 23.984 23.927 23.917 23.907 23.852 24.337 24.174 24.423 24.443 24.420 24.130 08/07/2040
22.556 22.677 22.654 22.292 22.793 22.648 22.577 22.617 23.670 23.271 23.499 23.215 23.542 23.454 23.330 23.867 24.797 24.038 23.904 23.947 24.737 24.758 24.233 24.064 24.298 25.219 25.229 24.743 24.579 24.139 09/07/2040
25.084 24.992 24.630 24.392 24.659 24.894 24.780 24.569 24.998 24.897 25.352 25.126 25.023 24.911 24.898 25.473 25.585 25.129 24.982 25.079 25.660 25.544 25.351 25.178 25.047 25.745 25.574 25.440 25.244 24.848 10/07/2040
24.098 24.124 23.887 22.991 23.607 23.995 23.885 23.808 24.256 24.053 24.092 24.271 24.552 24.428 24.159 23.987 24.694 24.768 24.630 24.481 24.407 24.647 24.760 24.837 24.839 24.731 24.784 24.931 24.941 24.630 11/07/2040
22.038 21.652 21.332 20.726 20.182 21.430 21.267 21.193 21.023 20.361 21.772 21.673 21.737 21.523 20.549 21.616 21.286 21.582 21.322 21.225 21.580 21.239 21.640 21.691 21.627 21.758 21.284 21.864 21.898 21.226 12/07/2040
17.199 16.986 16.823 15.937 17.035 16.797 16.644 16.698 17.254 17.321 16.684 16.921 17.277 17.190 17.404 16.627 17.297 17.409 17.317 17.136 16.719 17.265 17.520 17.430 17.263 16.813 16.910 17.099 17.292 17.122 13/07/2040
16.239 15.966 15.793 14.719 14.367 15.726 15.551 15.628 15.192 14.780 15.828 15.784 15.536 15.334 14.974 15.455 15.521 15.628 15.378 14.958 15.640 15.479 15.347 15.734 15.511 15.748 15.865 15.920 15.913 15.161 14/07/2040
15.822 15.533 15.190 14.514 14.273 15.310 15.152 15.067 14.507 14.278 15.266 15.265 14.929 14.808 14.423 15.197 15.049 14.775 14.609 14.336 15.217 15.007 14.706 14.842 14.599 15.355 15.276 15.101 14.929 14.302 15/07/2040
15.080 14.746 14.746 14.287 14.261 14.555 14.371 14.619 14.814 14.484 14.557 14.555 14.878 14.717 14.605 15.198 15.391 14.919 14.729 14.740 15.448 15.344 14.787 15.003 15.154 16.033 15.796 15.377 15.303 14.882 16/07/2040
15.569 15.539 15.396 15.249 15.375 15.368 15.182 15.268 15.659 15.766 15.535 15.537 15.938 15.799 15.863 16.123 16.099 15.778 15.642 15.466 16.287 16.069 15.795 15.862 15.868 16.578 16.348 16.223 15.985 15.640 17/07/2040
18.835 18.867 18.692 18.314 18.407 18.682 18.540 18.580 19.059 18.485 18.744 18.814 19.335 19.128 18.631 19.209 19.418 19.316 19.082 18.925 19.440 19.361 19.310 19.432 19.461 19.877 19.580 19.791 19.702 19.129 18/07/2040
18.311 18.342 18.236 17.611 17.857 18.162 18.007 18.129 18.372 17.963 18.237 18.483 18.667 18.541 18.081 18.697 19.036 18.644 18.484 18.297 19.072 18.984 18.587 18.700 18.574 19.400 19.200 18.893 18.675 18.380 19/07/2040
17.674 16.975 16.807 15.990 15.698 16.677 16.436 16.612 16.496 16.275 16.361 16.387 16.177 15.958 16.495 16.693 17.197 16.069 15.803 16.073 17.161 17.159 16.400 16.176 16.427 17.871 17.594 17.125 16.639 16.071 20/07/2040
21.020 20.867 20.715 20.672 20.967 20.663 20.523 20.592 21.036 21.294 20.485 20.582 21.043 20.897 21.392 20.314 21.299 21.100 20.901 20.967 20.740 21.257 21.157 21.197 21.407 21.148 21.488 21.605 21.526 21.152 21/07/2040
22.347 22.352 22.349 22.609 24.010 22.299 22.276 22.308 23.826 24.304 22.323 22.402 23.653 23.533 24.417 22.686 23.500 23.729 23.616 23.719 22.902 23.518 23.751 23.768 23.883 22.947 23.599 24.028 23.867 23.713 22/07/2040
21.286 21.154 20.477 20.604 20.746 21.045 20.991 20.403 20.514 20.466 20.693 20.951 21.090 21.107 20.575 21.305 21.602 21.389 21.408 21.130 21.652 21.604 21.098 21.387 21.264 21.537 21.576 21.130 21.208 21.245 23/07/2040
19.845 19.598 19.442 18.813 18.606 19.425 19.304 19.356 19.238 18.906 19.332 19.445 19.363 19.244 19.024 19.726 19.924 19.509 19.408 19.341 19.914 19.911 19.403 19.561 19.464 20.103 19.889 19.562 19.591 19.287 24/07/2040
18.828 18.795 18.561 17.873 17.900 18.699 18.590 18.493 18.318 18.064 18.805 18.774 18.489 18.386 18.143 19.610 19.680 18.453 18.375 18.156 19.660 19.642 18.499 18.551 18.163 19.697 19.664 18.590 18.449 18.004 25/07/2040
19.784 19.648 19.442 19.318 18.981 19.521 19.413 19.355 19.796 19.155 19.844 19.612 19.664 19.544 19.309 20.147 20.117 19.741 19.594 19.672 20.186 20.090 19.681 19.824 19.808 20.335 20.214 19.972 19.899 19.607 26/07/2040
20.237 20.141 20.213 19.540 19.926 20.011 19.912 20.158 21.336 20.536 20.297 20.499 21.033 20.891 20.669 20.538 21.525 21.196 21.068 21.200 20.742 21.509 21.207 21.266 21.326 20.841 21.585 21.435 21.346 21.073 27/07/2040
20.083 19.772 19.801 18.904 20.266 19.616 19.535 19.708 20.421 20.430 19.731 19.734 20.371 20.283 20.521 20.332 20.259 20.015 19.933 19.964 20.281 20.224 20.046 20.095 20.444 20.351 20.120 20.036 19.854 20.245 28/07/2040
24.189 23.877 23.498 22.373 23.366 23.577 23.218 23.331 24.027 23.563 23.950 23.683 24.108 24.062 23.593 24.052 23.591 24.067 23.910 23.823 24.109 23.561 24.250 24.114 24.335 24.421 23.733 24.633 24.335 24.116 29/07/2040
24.315 24.187 23.766 22.910 23.493 24.142 24.099 23.713 24.316 23.978 24.344 24.142 24.715 24.613 24.067 23.985 24.737 24.663 24.531 24.454 24.035 24.738 24.912 24.742 24.283 23.815 24.399 24.678 24.550 24.069 30/07/2040
26.228 26.421 26.071 25.601 25.451 26.349 26.364 25.994 26.696 26.083 26.701 26.612 26.968 26.817 26.125 26.111 25.869 27.023 26.837 26.858 26.482 25.855 27.178 27.113 27.101 26.060 25.520 27.108 27.169 26.872 31/07/2040
