# 6448 6449 6450 6451 6452 6528 6529 6530 6531 6532 6610 6611 6612 6613 6614 6693 6694 6695 6696 6697 6776 6777 6778 6779 6780 6859 6860 6861 6862 6863 Date
1.194 0.823 1.506 1.418 1.351 0.834 0.842 1.518 0.845 1.035 0.958 1.013 0.725 0.728 1.028 0.744 0.805 0.726 0.729 0.977 1.028 0.808 0.888 0.725 1.448 1.632 1.159 1.270 1.309 1.468 01/08/2004
1.045 0.608 0.778 0.000 0.000 0.616 0.622 0.781 0.000 0.000 0.562 0.607 0.112 0.114 0.000 0.454 0.000 0.100 0.100 0.173 0.204 0.000 0.000 0.100 0.103 0.000 0.000 0.000 0.000 0.103 02/08/2004
0.000 0.000 0.000 0.000 0.000 0.000 0.000 0.000 0.000 0.000 0.000 0.000 0.000 0.000 0.000 0.000 0.000 0.000 0.000 0.000 0.000 0.000 0.000 0.000 0.388 0.000 0.000 0.000 0.000 0.402 03/08/2004
0.000 0.228 0.000 0.953 1.044 0.231 0.234 0.000 1.714 2.264 0.444 0.687 0.928 0.933 2.246 0.385 0.000 0.196 0.196 0.277 0.000 0.000 0.000 0.196 0.212 0.000 0.116 0.180 0.000 0.216 04/08/2004
0.874 2.843 1.036 0.000 0.000 2.871 2.899 1.045 0.663 0.859 2.703 2.213 1.375 1.388 0.855 2.512 2.453 1.032 1.040 0.746 5.752 2.458 2.302 1.028 1.371 4.937 4.703 4.777 2.123 1.393 05/08/2004
0.000 0.000 0.000 0.000 0.000 0.000 0.000 0.000 0.000 0.000 0.000 0.000 0.000 0.000 0.000 0.000 0.000 0.000 0.000 0.000 0.000 0.000 0.000 0.000 0.000 0.000 0.000 0.000 0.000 0.000 06/08/2004
0.000 0.000 0.000 0.000 0.000 0.000 0.000 0.000 0.000 0.000 0.000 0.000 0.000 0.000 0.000 0.000 0.000 0.000 0.000 0.000 0.000 0.000 0.000 0.000 0.000 0.000 0.000 0.000 0.000 0.000 07/08/2004
0.000 0.000 0.000 0.000 0.000 0.000 0.000 0.000 0.000 0.000 0.000 0.000 0.000 0.000 0.000 0.000 0.000 0.000 0.000 0.000 0.000 0.000 0.000 0.000 0.000 0.000 0.000 0.000 0.000 0.000 08/08/2004
0.000 0.000 0.000 0.000 0.000 0.000 0.000 0.000 0.000 0.000 0.000 0.000 0.000 0.000 0.000 0.000 0.000 0.000 0.000 0.000 0.000 0.000 0.000 0.000 0.000 0.000 0.000 0.000 0.000 0.000 09/08/2004
0.000 0.000 0.000 0.000 0.000 0.000 0.000 0.000 0.000 0.000 0.000 0.000 0.000 0.000 0.000 0.000 0.000 0.000 0.000 0.000 0.000 0.000 0.000 0.000 0.000 0.000 0.000 0.000 0.000 0.000 10/08/2004
0.000 0.000 0.000 0.000 0.000 0.000 0.000 0.000 0.000 0.000 0.000 0.000 0.000 0.000 0.000 0.000 0.000 0.000 0.000 0.000 0.000 0.000 0.000 0.000 0.103 0.000 0.000 0.000 0.114 0.104 11/08/2004
0.000 0.000 0.000 0.000 0.000 0.000 0.000 0.000 0.000 0.000 0.000 0.000 0.000 0.000 0.000 0.000 0.000 0.000 0.000 0.000 0.000 0.000 0.000 0.000 0.000 0.000 0.000 0.000 0.000 0.000 12/08/2004
0.485 0.000 0.477 0.193 0.316 0.000 0.000 0.486 0.116 0.100 0.000 0.000 0.123 0.123 0.100 0.000 0.000 0.000 0.000 0.000 0.000 0.000 0.000 0.000 0.000 0.121 0.100 0.129 0.000 0.000 13/08/2004
0.000 0.000 0.000 0.000 0.000 0.000 0.000 0.000 0.000 0.000 0.000 0.000 0.000 0.000 0.000 0.000 0.000 0.000 0.000 0.000 0.000 0.000 0.000 0.000 0.000 0.000 0.000 0.000 0.000 0.000 14/08/2004
0.000 0.000 0.000 0.000 0.000 0.000 0.000 0.000 0.000 0.000 0.000 0.000 0.000 0.000 0.000 0.000 0.000 0.000 0.000 0.000 0.000 0.000 0.000 0.000 0.000 0.000 0.000 0.000 0.000 0.000 15/08/2004
0.000 0.000 0.000 0.000 0.000 0.000 0.000 0.000 0.000 0.000 0.000 0.000 0.000 0.000 0.000 0.000 0.000 0.000 0.000 0.000 0.000 0.000 0.000 0.000 0.000 0.000 0.000 0.000 0.000 0.000 16/08/2004
0.000 0.000 0.000 0.000 0.000 0.000 0.000 0.000 0.377 0.623 0.481 0.505 0.362 0.362 0.621 0.423 0.269 0.196 0.196 0.377 0.685 0.275 0.336 0.196 1.152 0.781 0.689 0.859 0.949 1.170 17/08/2004
0.000 0.000 0.000 0.000 0.000 0.000 0.000 0.000 0.000 0.000 0.000 0.000 0.000 0.000 0.000 0.000 0.000 0.000 0.000 0.000 0.000 0.000 0.000 0.000 0.000 0.000 0.000 0.000 0.000 0.000 18/08/2004
0.000 0.000 0.000 0.000 0.000 0.000 0.000 0.000 0.000 0.000 0.000 0.000 0.000 0.000 0.000 0.000 0.000 0.000 0.000 0.000 0.000 0.000 0.000 0.000 0.000 0.000 0.000 0.000 0.000 0.000 19/08/2004
0.000 0.000 0.000 0.000 0.000 0.000 0.000 0.000 0.000 0.000 0.000 0.000 0.000 0.000 0.000 0.000 0.000 0.000 0.000 0.000 0.000 0.000 0.000 0.000 0.000 0.000 0.000 0.000 0.000 0.000 20/08/2004
0.000 0.000 0.000 0.000 0.000 0.000 0.000 0.000 0.000 0.000 0.000 0.000 0.000 0.000 0.000 0.000 0.000 0.000 0.000 0.000 0.000 0.000 0.000 0.000 0.000 0.000 0.000 0.000 0.000 0.000 21/08/2004
0.000 0.000 0.000 0.000 0.000 0.000 0.000 0.000 0.000 0.000 0.000 0.000 0.000 0.000 0.000 0.000 0.000 0.000 0.000 0.000 0.000 0.000 0.000 0.000 0.000 0.000 0.000 0.000 0.000 0.000 22/08/2004
0.000 0.000 0.000 0.000 0.000 0.000 0.000 0.000 0.000 0.000 0.000 0.000 0.000 0.000 0.000 0.000 0.000 0.000 0.000 0.000 0.000 0.000 0.000 0.000 0.000 0.000 0.000 0.000 0.000 0.000 23/08/2004
0.000 0.000 0.000 0.000 0.000 0.000 0.000 0.000 0.000 0.000 0.000 0.000 0.000 0.000 0.000 0.000 0.000 0.000 0.000 0.000 0.000 0.000 0.000 0.000 0.000 0.000 0.000 0.000 0.000 0.000 24/08/2004
0.000 0.000 0.000 0.000 0.000 0.000 0.000 0.000 0.000 0.000 0.000 0.000 0.000 0.000 0.000 0.000 0.000 0.000 0.000 0.000 0.000 0.000 0.000 0.000 0.000 0.000 0.000 0.000 0.100 0.000 25/08/2004
0.000 0.000 0.000 0.000 0.000 0.000 0.000 0.000 0.000 0.000 0.000 0.000 0.000 0.100 0.000 0.000 0.000 0.000 0.000 0.000 0.000 0.000 0.000 0.000 0.000 0.000 0.000 0.000 0.000 0.000 26/08/2004
0.000 0.000 0.000 0.000 0.000 0.000 0.000 0.000 0.000 0.000 0.000 0.000 0.000 0.000 0.000 0.000 0.000 0.000 0.000 0.000 0.000 0.000 0.000 0.000 0.000 0.000 0.000 0.000 0.000 0.000 27/08/2004
0.140 0.000 0.200 0.214 0.136 0.000 0.000 0.202 0.121 0.115 0.000 0.000 0.000 0.104 0.115 0.000 0.000 0.000 0.000 0.126 0.112 0.000 0.104 0.000 0.000 0.203 0.000 0.111 0.111 0.100 28/08/2004
0.000 0.000 0.000 0.000 0.000 0.000 0.000 0.000 0.000 0.100 0.000 0.000 0.000 0.000 0.000 0.000 0.000 0.000 0.000 0.000 0.000 0.000 0.000 0.000 0.000 0.000 0.000 0.000 0.000 0.000 29/08/2004
0.000 0.000 0.000 0.000 0.000 0.000 0.000 0.000 0.000 0.000 0.000 0.000 0.000 0.000 0.000 0.000 0.000 0.000 0.000 0.000 0.000 0.000 0.000 0.000 0.000 0.000 0.000 0.000 0.000 0.000 30/08/2004
0.000 0.000 0.000 0.000 0.000 0.000 0.000 0.000 0.000 0.000 0.000 0.000 0.000 0.000 0.000 0.000 0.000 0.000 0.000 0.000 0.000 0.000 0.000 0.000 0.000 0.000 0.000 0.000 0.000 0.000 31/08/2004
0.000 0.000 0.000 0.000 0.000 0.000 0.000 0.000 0.000 0.000 0.000 0.000 0.000 0.000 0.000 0.000 0.000 0.116 0.000 0.000 0.000 0.000 0.000 0.000 0.000 0.000 0.000 0.000 0.000 0.000 01/09/2004
2.290 2.113 1.356 1.926 1.966 2.136 2.155 1.352 1.327 1.598 1.697 1.305 1.028 1.032 1.584 1.754 1.208 1.453 1.468 0.265 1.694 1.211 1.558 1.447 0.520 0.889 0.570 0.789 0.570 0.529 02/09/2004
0.000 0.000 0.000 0.000 0.000 0.000 0.000 0.000 0.000 0.000 0.000 0.000 0.000 0.000 0.000 0.000 0.000 0.000 0.000 0.000 0.000 0.000 0.000 0.000 0.000 0.000 0.000 0.000 0.000 0.000 03/09/2004
0.184 0.100 0.000 0.000 0.000 0.100 0.100 0.000 0.000 0.000 0.000 0.000 0.000 0.000 0.000 0.000 0.000 0.000 0.000 0.000 0.000 0.000 0.000 0.000 0.000 0.000 0.000 0.000 0.000 0.000 04/09/2004
0.000 0.000 0.000 0.000 0.000 0.000 0.000 0.000 0.000 0.000 0.000 0.000 0.000 0.000 0.000 0.000 0.000 0.000 0.000 0.000 0.000 0.000 0.000 0.000 0.000 0.000 0.000 0.000 0.000 0.000 05/09/2004
3.799 5.034 4.893 2.732 3.100 5.096 5.147 4.932 5.680 6.815 9.720 8.456 8.244 8.320 6.759 9.880 11.572 12.863 13.005 7.494 10.327 11.600 11.910 12.804 9.560 11.380 9.672 9.828 10.087 9.700 06/09/2004
0.000 0.000 0.000 0.000 0.000 0.000 0.000 0.000 0.000 0.000 0.000 0.000 0.000 0.000 0.000 0.000 0.000 0.000 0.000 0.000 0.000 0.000 0.000 0.000 0.000 0.000 0.000 0.000 0.000 0.000 07/09/2004
0.000 0.000 0.000 0.000 0.000 0.000 0.000 0.000 0.000 0.000 0.000 0.000 0.000 0.000 0.000 0.000 0.000 0.000 0.000 0.000 0.000 0.000 0.000 0.000 0.000 0.000 0.000 0.000 0.000 0.000 08/09/2004
0.000 0.000 0.000 0.000 0.000 0.000 0.000 0.000 0.000 0.000 0.000 0.000 0.000 0.000 0.000 0.000 0.000 0.000 0.000 0.000 0.000 0.000 0.000 0.000 0.000 0.000 0.000 0.000 0.114 0.000 09/09/2004
4.664 5.958 4.419 4.626 5.156 6.032 6.093 4.454 8.105 8.392 6.911 8.025 8.111 8.185 8.325 6.265 11.646 9.908 10.018 11.150 9.823 11.673 10.728 9.862 8.256 3.228 5.554 6.790 7.433 8.386 10/09/2004
8.334 6.075 8.855 3.757 3.963 6.151 6.213 8.925 6.999 6.722 1.494 2.803 7.353 7.418 6.665 1.401 1.288 4.085 4.145 5.749 0.934 1.290 1.920 4.069 2.480 1.178 1.151 1.360 1.589 2.520 11/09/2004
0.000 0.000 0.000 0.000 0.000 0.000 0.000 0.000 0.000 0.000 0.000 0.000 0.000 0.000 0.000 0.000 0.000 0.000 0.000 0.000 0.000 0.000 0.000 0.000 0.000 0.000 0.000 0.000 0.000 0.000 12/09/2004
0.000 0.000 0.000 0.000 0.000 0.000 0.000 0.000 0.000 0.000 0.000 0.000 0.000 0.000 0.000 0.000 0.000 0.000 0.000 0.000 0.000 0.000 0.000 0.000 0.000 0.000 0.000 0.000 0.000 0.000 13/09/2004
0.000 0.000 0.000 0.000 0.000 0.000 0.000 0.000 0.000 0.000 0.000 0.000 0.000 0.000 0.000 0.000 0.000 0.000 0.000 0.000 0.000 0.000 0.000 0.000 0.000 0.000 0.000 0.000 0.000 0.000 14/09/2004
0.000 0.000 0.000 0.000 0.000 0.000 0.000 0.000 0.000 0.000 0.000 0.000 0.000 0.000 0.000 0.000 0.000 0.000 0.000 0.000 0.000 0.000 0.000 0.000 0.000 0.000 0.000 0.000 0.000 0.000 15/09/2004
0.000 0.000 0.000 0.000 0.000 0.000 0.000 0.000 0.000 0.000 0.000 0.000 0.000 0.000 0.000 0.000 0.000 0.000 0.000 0.000 0.000 0.000 0.000 0.000 0.000 0.000 0.000 0.000 0.000 0.000 16/09/2004
0.000 0.000 0.000 0.000 0.000 0.000 0.000 0.000 0.000 0.000 0.000 0.000 0.000 0.000 0.000 0.000 0.000 0.000 0.000 0.000 0.000 0.000 0.000 0.000 0.000 0.000 0.000 0.000 0.000 0.000 17/09/2004
0.000 0.138 0.000 0.000 0.000 0.139 0.140 0.000 0.000 0.000 0.126 0.000 0.000 0.000 0.000 0.121 0.000 0.000 0.000 0.000 0.106 0.000 0.000 0.000 0.000 0.108 0.000 0.000 0.000 0.000 18/09/2004
1.948 4.555 4.511 8.179 9.001 4.613 4.660 4.546 6.573 7.437 4.621 5.736 7.950 8.023 7.374 4.992 2.587 6.797 6.880 6.642 2.175 2.592 3.191 6.766 8.299 0.416 1.688 1.975 5.787 8.430 19/09/2004
0.000 0.296 0.764 1.440 1.441 0.299 0.302 0.770 3.864 4.663 1.562 2.621 3.821 3.853 4.625 1.556 6.899 7.859 8.061 6.726 5.962 6.916 8.056 7.823 10.314 10.434 9.184 10.540 10.141 10.470 20/09/2004
0.000 0.000 0.000 0.000 0.000 0.000 0.000 0.000 0.000 0.000 0.000 0.000 0.000 0.000 0.000 0.000 0.000 0.000 0.000 0.000 0.000 0.000 0.000 0.000 0.000 0.000 0.000 0.000 0.000 0.000 21/09/2004
0.000 0.000 0.000 0.000 0.000 0.000 0.000 0.000 0.000 0.000 0.000 0.000 0.000 0.000 0.000 0.000 0.000 0.000 0.000 0.000 0.000 0.000 0.000 0.000 0.000 0.000 0.000 0.000 0.000 0.000 22/09/2004
0.000 0.000 0.000 0.000 0.000 0.000 0.000 0.000 0.000 0.000 0.000 0.000 0.000 0.000 0.000 0.000 0.000 0.000 0.000 0.000 0.000 0.000 0.000 0.000 0.000 0.000 0.000 0.000 0.000 0.000 23/09/2004
2.348 2.837 1.432 1.086 1.038 2.872 2.896 1.425 0.986 1.339 2.304 1.683 0.809 0.794 1.329 2.391 0.649 0.379 0.383 0.309 1.709 0.649 0.899 0.378 0.824 1.458 0.336 0.387 0.302 0.828 24/09/2004
0.179 0.234 0.135 0.100 0.000 0.237 0.241 0.136 0.000 0.000 0.254 0.322 0.173 0.175 0.000 0.301 0.123 0.153 0.158 0.212 0.000 0.124 0.115 0.152 0.253 0.000 0.103 0.100 0.120 0.256 25/09/2004
0.000 0.000 0.000 0.000 0.000 0.000 0.000 0.000 0.000 0.000 0.000 0.000 0.000 0.000 0.000 0.000 0.000 0.000 0.000 0.000 0.000 0.000 0.000 0.000 0.000 0.000 0.000 0.000 0.000 0.000 26/09/2004
0.000 0.000 0.000 0.000 0.000 0.000 0.000 0.000 0.000 0.000 0.000 0.000 0.000 0.000 0.000 0.000 0.000 0.000 0.000 0.000 0.000 0.000 0.000 0.000 0.000 0.000 0.000 0.000 0.000 0.000 27/09/2004
0.000 0.000 0.000 0.000 0.000 0.000 0.000 0.000 0.000 0.000 0.000 0.000 0.000 0.000 0.000 0.000 0.000 0.000 0.000 0.000 0.000 0.000 0.000 0.000 0.000 0.000 0.000 0.000 0.000 0.000 28/09/2004
0.000 0.000 0.000 0.000 0.000 0.000 0.000 0.000 0.000 0.000 0.000 0.000 0.000 0.000 0.000 0.000 0.000 0.000 0.000 0.000 0.000 0.000 0.000 0.000 0.000 0.000 0.000 0.000 0.000 0.000 29/09/2004
0.000 0.000 0.000 0.000 0.000 0.000 0.000 0.000 0.000 0.000 0.000 0.000 0.000 0.000 0.000 0.000 0.000 0.000 0.000 0.000 0.000 0.000 0.000 0.000 0.000 0.000 0.000 0.000 0.000 0.000 30/09/2004
0.000 0.000 0.000 0.000 0.000 0.000 0.000 0.000 0.000 0.000 0.000 0.000 0.000 0.000 0.000 0.000 0.000 0.000 0.000 0.000 0.000 0.000 0.000 0.000 0.000 0.000 0.000 0.000 0.000 0.000 01/10/2004
0.000 0.000 0.000 0.000 0.000 0.000 0.000 0.000 0.000 0.000 0.000 0.000 0.000 0.000 0.000 0.000 0.000 0.000 0.000 0.000 0.000 0.000 0.000 0.000 0.000 0.000 0.000 0.000 0.000 0.000 02/10/2004
0.000 0.000 0.000 0.000 0.000 0.000 0.000 0.000 0.000 0.000 0.000 0.000 0.000 0.000 0.000 0.000 0.000 0.000 0.000 0.105 0.000 0.000 0.000 0.000 0.000 0.000 0.000 0.000 0.000 0.000 03/10/2004
0.000 0.000 0.000 0.000 0.000 0.000 0.000 0.000 0.102 0.000 0.000 0.000 0.000 0.000 0.000 0.000 0.000 0.000 0.000 0.000 0.000 0.000 0.000 0.000 0.000 0.000 0.000 0.000 0.000 0.000 04/10/2004
0.000 0.000 0.000 0.000 0.000 0.000 0.000 0.000 0.000 0.000 0.000 0.000 0.000 0.000 0.000 0.000 0.000 0.000 0.000 0.000 0.000 0.000 0.000 0.000 0.000 0.000 0.000 0.000 0.000 0.000 05/10/2004
0.328 0.199 0.709 2.292 2.800 0.199 0.199 0.714 3.922 4.855 0.100 1.096 3.040 3.068 4.817 0.103 3.035 6.797 6.880 2.829 0.000 3.042 3.640 6.766 5.328 5.309 5.739 6.466 8.736 5.408 06/10/2004
0.000 0.000 0.000 0.000 0.000 0.000 0.000 0.000 0.000 0.000 0.000 0.000 0.000 0.000 0.000 0.000 0.000 0.000 0.000 0.000 0.000 0.000 0.000 0.000 0.000 0.000 0.000 0.000 0.000 0.000 07/10/2004
0.000 0.000 0.000 0.000 0.000 0.000 0.000 0.000 0.000 0.000 0.000 0.000 0.116 0.000 0.000 0.000 0.000 0.000 0.000 0.000 0.000 0.000 0.000 0.000 0.000 0.000 0.000 0.000 0.000 0.000 08/10/2004
2.389 1.711 2.478 2.875 3.085 1.729 1.743 2.496 1.773 2.153 1.587 1.602 1.677 1.692 2.137 1.643 1.002 0.985 0.971 1.540 1.501 1.004 1.363 0.982 0.736 1.158 0.612 0.864 0.799 0.739 09/10/2004
0.137 0.138 0.150 0.100 0.000 0.139 0.140 0.151 0.161 0.100 0.126 0.154 0.224 0.224 0.100 0.121 0.175 0.505 0.511 0.401 0.171 0.175 0.182 0.503 0.377 0.140 0.122 0.115 0.302 0.383 10/10/2004
0.225 0.000 0.000 0.000 0.000 0.000 0.000 0.000 0.000 0.000 0.100 0.000 0.000 0.000 0.000 0.000 0.000 0.000 0.000 0.000 0.000 0.000 0.000 0.000 0.000 0.000 0.000 0.000 0.000 0.000 11/10/2004
1.299 0.496 1.095 0.919 0.728 0.502 0.506 1.103 1.414 1.427 0.337 0.586 1.010 0.978 1.415 0.439 0.609 1.159 1.169 1.281 0.583 0.610 0.942 1.155 0.860 0.608 0.544 0.811 0.959 0.874 12/10/2004
0.000 0.000 0.000 0.000 0.000 0.000 0.000 0.000 0.000 0.000 0.000 0.000 0.000 0.000 0.000 0.000 0.000 0.000 0.000 0.000 0.000 0.000 0.000 0.000 0.000 0.000 0.000 0.000 0.000 0.000 13/10/2004
0.000 0.000 0.000 0.000 0.000 0.000 0.000 0.000 0.000 0.000 0.000 0.000 0.000 0.000 0.000 0.000 0.000 0.000 0.000 0.000 0.000 0.000 0.000 0.000 0.000 0.000 0.000 0.000 0.000 0.000 14/10/2004
21.693 18.653 12.019 12.512 14.681 18.891 19.084 12.111 10.105 11.200 21.736 12.331 13.187 13.309 11.105 19.863 12.490 11.035 11.157 10.280 13.009 12.519 13.050 10.984 9.497 11.858 13.228 13.634 11.769 9.638 15/10/2004
1.307 0.824 1.102 1.398 1.493 0.834 0.842 1.110 1.333 1.485 0.638 0.418 1.024 1.030 1.473 0.809 0.336 1.086 1.079 1.621 0.745 0.337 0.542 1.081 1.465 0.736 0.637 0.909 1.135 1.483 16/10/2004
0.000 0.101 0.119 0.000 0.000 0.101 0.107 0.120 0.000 0.000 0.000 0.000 0.148 0.148 0.000 0.000 0.000 0.116 0.116 0.120 0.000 0.000 0.000 0.116 0.100 0.000 0.000 0.000 0.143 0.000 17/10/2004
0.000 0.000 0.000 0.000 0.000 0.000 0.000 0.000 0.000 0.000 0.000 0.000 0.000 0.000 0.000 0.000 0.000 0.000 0.000 0.000 0.000 0.000 0.000 0.000 0.000 0.000 0.000 0.000 0.000 0.000 18/10/2004
2.258 1.898 2.280 2.470 2.897 1.921 1.940 2.295 2.113 2.826 2.292 2.530 2.436 2.454 2.803 2.377 2.081 2.345 2.368 2.322 2.809 2.085 2.440 2.335 2.241 3.027 2.585 3.150 2.915 2.277 19/10/2004
3.507 3.447 3.423 3.415 3.547 3.486 3.519 3.448 3.628 4.230 3.470 3.471 3.807 3.839 4.194 3.593 3.445 3.375 3.412 3.003 3.202 3.451 3.904 3.359 2.924 3.488 3.628 3.971 3.916 2.969 20/10/2004
2.705 2.969 2.333 3.085 3.242 3.006 3.036 2.349 2.446 3.020 3.437 2.959 2.906 2.922 2.994 3.455 2.674 2.831 2.861 2.503 3.872 2.680 3.295 2.818 2.671 3.597 2.659 3.238 3.010 2.710 21/10/2004
0.000 0.000 0.000 0.000 0.000 0.000 0.000 0.000 0.000 0.000 0.000 0.000 0.000 0.000 0.000 0.000 0.000 0.000 0.116 0.000 0.000 0.000 0.000 0.000 0.000 0.000 0.000 0.000 0.000 0.000 22/10/2004
0.000 0.000 0.000 0.000 0.000 0.000 0.000 0.000 0.000 0.000 0.000 0.000 0.000 0.000 0.000 0.000 0.000 0.000 0.000 0.000 0.000 0.000 0.000 0.000 0.000 0.000 0.000 0.000 0.000 0.000 23/10/2004
0.000 0.000 0.000 0.000 0.000 0.000 0.000 0.000 0.000 0.000 0.000 0.000 0.116 0.000 0.000 0.000 0.000 0.000 0.000 0.000 0.000 0.000 0.000 0.000 0.000 0.000 0.000 0.000 0.000 0.000 24/10/2004
0.000 0.000 0.000 0.000 0.000 0.000 0.000 0.000 0.000 0.000 0.000 0.000 0.000 0.000 0.000 0.000 0.000 0.000 0.000 0.000 0.000 0.000 0.000 0.000 0.000 0.000 0.000 0.000 0.000 0.000 25/10/2004
0.139 0.352 0.441 0.550 0.494 0.355 0.358 0.444 0.952 0.789 0.354 0.382 0.648 0.655 0.731 0.402 0.336 0.921 0.924 1.032 0.264 0.337 0.542 0.920 1.074 0.564 0.592 0.862 0.823 1.090 26/10/2004
19.828 23.567 21.865 22.348 25.536 23.865 24.108 22.039 23.045 26.335 25.253 22.306 21.501 21.698 26.111 22.349 23.477 24.305 24.575 21.548 21.495 23.533 21.357 24.193 20.018 22.893 27.522 23.410 21.409 20.323 27/10/2004
0.000 0.106 0.142 0.331 0.165 0.101 0.107 0.157 0.280 0.198 0.157 0.111 0.177 0.185 0.196 0.210 0.163 0.200 0.200 0.298 0.304 0.164 0.306 0.200 0.252 0.388 0.286 0.439 0.200 0.256 28/10/2004
2.601 2.136 1.621 2.330 2.730 2.162 2.183 1.633 1.621 2.130 2.718 1.936 1.931 1.950 2.115 2.193 2.216 1.468 1.484 1.381 2.774 2.221 2.987 1.460 1.486 2.328 2.074 2.763 2.888 1.510 29/10/2004
12.048 14.925 10.117 9.677 11.648 15.108 15.257 10.197 11.387 13.460 14.851 16.346 17.209 17.366 13.345 14.021 13.220 17.676 17.868 12.798 12.809 13.252 14.943 17.596 12.212 12.237 12.480 14.144 12.848 12.399 30/10/2004
14.931 15.804 14.598 11.992 14.796 15.994 16.149 14.711 12.264 14.113 15.942 16.116 16.696 16.851 13.993 14.849 14.024 16.328 16.507 14.898 14.723 14.056 16.234 16.253 13.940 12.745 11.216 12.936 13.414 14.154 31/10/2004
29.258 31.357 30.766 29.153 31.855 31.756 32.080 31.011 32.940 33.491 30.908 31.534 32.711 33.015 33.205 28.532 31.080 33.854 34.230 33.293 29.655 31.152 32.993 33.698 35.633 32.072 35.083 35.547 36.409 36.173 01/11/2004
2.900 3.410 3.374 3.507 3.627 3.450 3.484 3.400 2.410 2.997 2.992 2.921 3.040 3.068 2.971 3.018 2.396 2.314 2.338 2.393 3.345 2.400 2.909 2.304 3.369 3.380 2.904 3.488 3.344 3.421 02/11/2004
0.304 0.202 0.207 0.157 0.000 0.202 0.203 0.207 0.102 0.000 0.219 0.121 0.000 0.000 0.000 0.271 0.000 0.000 0.000 0.000 0.108 0.000 0.000 0.000 0.000 0.000 0.000 0.000 0.000 0.000 03/11/2004
9.517 9.669 7.151 7.352 8.224 9.791 9.890 7.209 7.648 8.700 8.579 8.861 8.574 8.654 8.630 8.961 7.268 9.077 9.178 8.000 8.537 7.285 8.614 9.035 7.372 7.530 7.255 8.493 7.895 7.488 04/11/2004
2.987 3.465 3.194 4.015 4.118 3.504 3.536 3.219 2.287 2.917 3.277 3.132 2.973 2.995 2.892 3.293 1.415 2.006 2.024 1.786 2.712 1.418 1.777 1.999 1.059 1.523 0.935 1.242 0.865 1.077 05/11/2004
6.968 2.207 1.790 1.959 2.028 2.231 2.255 1.801 0.000 0.000 0.339 0.132 0.000 0.000 0.000 0.387 0.000 0.000 0.000 0.000 0.000 0.000 0.000 0.000 0.000 0.000 0.000 0.000 0.000 0.000 06/11/2004
0.118 0.000 0.000 0.000 0.000 0.000 0.000 0.100 0.000 0.000 0.100 0.000 0.000 0.000 0.000 0.000 0.000 0.000 0.000 0.000 0.000 0.000 0.000 0.000 0.000 0.000 0.000 0.000 0.000 0.000 07/11/2004
8.833 20.232 29.965 38.852 42.203 20.489 20.699 30.201 37.413 41.290 13.349 27.080 32.805 33.066 41.017 13.460 34.962 32.582 32.895 26.844 20.384 35.036 31.926 32.452 22.304 27.455 33.487 30.146 27.781 22.654 08/11/2004
6.108 5.688 6.279 7.882 9.405 5.761 5.821 6.325 8.360 9.324 5.388 6.006 6.795 6.858 9.248 5.428 6.404 6.944 7.021 7.436 6.005 6.419 7.122 6.912 6.567 6.695 6.936 7.674 6.932 6.672 09/11/2004
0.000 0.000 0.000 0.000 0.000 0.000 0.000 0.000 0.000 0.000 0.000 0.000 0.000 0.000 0.000 0.122 0.000 0.000 0.000 0.000 0.000 0.000 0.000 0.000 0.000 0.000 0.000 0.000 0.000 0.100 10/11/2004
2.100 2.484 1.314 0.759 0.854 2.511 2.533 1.324 2.639 2.674 2.701 2.717 2.485 2.508 2.651 2.111 2.931 1.481 1.497 2.568 4.684 2.937 3.727 1.474 1.336 4.331 2.479 3.297 1.006 1.356 11/11/2004
0.000 0.000 0.000 0.000 0.000 0.000 0.000 0.000 0.000 0.000 0.000 0.100 0.000 0.000 0.000 0.000 0.000 0.000 0.000 0.000 0.000 0.000 0.000 0.000 0.000 0.000 0.000 0.000 0.000 0.000 12/11/2004
1.706 2.003 2.128 2.339 2.470 2.024 2.045 2.141 2.551 2.698 2.223 2.175 2.475 2.498 2.675 2.397 1.881 1.884 1.897 1.761 2.430 1.885 2.179 1.878 1.373 2.014 1.312 1.326 1.265 1.393 13/11/2004
8.409 5.330 4.917 4.603 5.735 5.398 5.453 4.956 4.820 5.338 4.733 3.475 3.814 3.843 5.295 4.813 2.881 3.642 3.675 4.663 3.365 2.888 3.374 3.629 4.698 2.967 2.899 3.470 3.978 4.772 14/11/2004
6.555 6.853 5.975 4.536 5.496 6.940 7.011 6.028 4.055 4.543 6.213 5.438 5.144 5.191 4.505 6.418 3.073 2.988 3.020 2.959 4.705 3.080 3.830 2.977 1.668 2.752 1.887 2.142 2.147 1.688 15/11/2004
10.846 15.303 13.122 11.929 13.908 15.498 15.656 13.223 16.833 17.717 13.013 17.018 16.803 16.959 17.566 13.054 13.214 15.944 16.121 16.697 10.666 13.246 13.787 15.870 13.260 7.766 9.238 9.474 11.944 13.470 16/11/2004
16.365 15.560 19.434 18.947 24.683 15.758 15.919 19.587 22.472 23.599 14.256 16.232 20.187 20.374 23.400 14.292 14.614 15.149 15.317 18.547 13.410 14.648 16.238 15.079 14.242 13.942 14.531 15.961 15.589 14.467 17/11/2004
5.628 6.334 6.115 5.899 6.688 6.414 6.479 6.173 7.667 8.779 7.410 7.573 7.640 7.699 8.704 7.569 7.360 8.075 8.152 6.907 5.908 7.378 8.319 8.044 6.760 5.294 6.033 6.669 6.486 6.872 18/11/2004
1.079 0.648 0.501 0.612 0.286 0.649 0.651 0.504 0.285 0.208 1.185 1.071 0.656 0.656 0.208 1.157 0.957 0.733 0.741 0.323 1.625 0.958 1.376 0.730 0.540 1.959 1.013 1.412 1.091 0.511 19/11/2004
27.178 21.671 29.907 24.283 26.493 21.947 22.172 30.143 21.499 24.924 16.494 21.983 21.346 21.542 24.712 16.217 15.573 18.050 18.250 23.098 16.918 15.610 18.431 17.966 19.855 12.854 13.615 13.997 17.093 20.159 20/11/2004
10.284 9.440 12.863 13.973 14.330 9.560 9.658 12.959 14.256 13.893 9.245 10.741 13.051 13.172 13.781 9.387 14.594 11.733 11.864 15.687 11.057 14.629 14.474 11.679 12.927 12.840 14.047 13.643 14.479 13.131 21/11/2004
5.063 4.978 5.306 4.626 5.156 5.043 5.096 5.349 6.562 6.195 4.286 5.843 6.728 6.788 6.142 3.665 3.847 6.278 6.347 7.095 2.938 3.856 4.496 6.249 6.112 3.713 3.842 4.454 5.109 6.208 22/11/2004
4.928 4.621 7.651 6.784 7.555 4.679 4.727 7.712 6.782 7.595 4.879 6.365 6.781 6.844 7.531 5.193 5.601 5.192 5.250 7.506 6.900 5.614 6.440 5.168 6.595 5.987 4.703 5.737 5.950 6.701 23/11/2004
2.476 2.465 5.257 3.473 3.589 2.495 2.518 5.299 4.636 5.846 4.207 4.499 5.065 5.112 5.797 4.472 5.050 3.898 3.937 6.430 6.980 5.062 6.090 3.884 5.435 7.114 6.385 7.158 7.342 5.515 24/11/2004
0.000 0.000 0.000 0.000 0.000 0.000 0.000 0.000 0.000 0.000 0.000 0.000 0.000 0.000 0.000 0.000 0.000 0.116 0.000 0.000 0.000 0.000 0.000 0.000 0.000 0.000 0.000 0.000 0.000 0.000 25/11/2004
0.000 0.000 0.000 0.000 0.000 0.000 0.000 0.000 0.000 0.000 0.000 0.000 0.000 0.000 0.000 0.000 0.000 0.000 0.000 0.000 0.000 0.000 0.000 0.000 0.000 0.000 0.000 0.000 0.000 0.000 26/11/2004
6.033 6.566 6.034 6.177 7.899 6.646 6.709 6.088 7.743 8.839 9.401 7.360 7.872 7.932 8.764 9.646 10.135 9.867 9.972 8.400 10.268 10.156 11.299 9.824 9.998 10.495 10.480 11.593 10.792 10.148 27/11/2004
0.000 0.000 0.000 0.000 0.000 0.000 0.000 0.000 0.000 0.000 0.128 0.000 0.000 0.000 0.000 0.128 0.290 0.000 0.000 0.000 0.495 0.290 0.320 0.000 0.000 0.843 1.228 1.541 0.238 0.000 28/11/2004
2.728 0.899 2.660 2.040 2.444 0.907 0.912 2.687 1.596 2.109 0.474 0.696 1.067 1.077 2.095 0.503 0.442 0.538 0.542 2.005 0.981 0.443 0.429 0.536 0.929 0.323 0.376 0.380 0.401 0.946 29/11/2004
0.000 0.000 0.000 0.000 0.000 0.000 0.000 0.000 0.000 0.000 0.000 0.000 0.000 0.000 0.000 0.000 0.000 0.000 0.000 0.000 0.000 0.000 0.000 0.000 0.000 0.000 0.000 0.000 0.000 0.000 30/11/2004
0.000 0.000 0.000 0.000 0.000 0.000 0.000 0.000 0.000 0.000 0.000 0.000 0.080 0.000 0.000 0.000 0.000 0.000 0.000 0.000 0.000 0.000 0.000 0.000 0.000 0.000 0.000 0.000 0.000 0.000 01/12/2004
6.995 7.155 4.643 5.814 6.765 7.180 7.250 4.678 5.145 6.350 7.022 6.281 5.434 5.486 6.299 7.005 5.759 6.033 6.099 4.527 5.616 5.832 6.888 6.006 4.899 6.140 5.248 6.028 5.554 4.988 02/12/2004
4.942 6.305 5.595 6.615 7.350 6.387 6.449 5.639 6.836 8.048 6.434 5.501 6.004 6.059 7.990 6.377 5.651 6.816 6.874 6.674 6.578 5.725 6.653 6.789 7.617 6.925 6.053 7.216 7.690 7.735 03/12/2004
3.612 2.506 2.468 3.178 3.291 2.520 2.545 2.467 3.147 3.760 4.118 3.865 3.507 3.528 3.734 4.503 3.894 3.854 3.896 4.070 5.370 3.903 4.959 3.836 3.024 3.672 2.719 3.436 3.438 3.067 04/12/2004
2.278 0.683 0.429 1.060 1.356 0.660 0.673 0.431 0.950 1.114 0.148 0.131 0.460 0.449 1.168 0.149 0.129 0.738 0.840 0.542 0.000 0.129 0.371 0.760 0.931 0.369 0.485 0.861 0.713 0.912 05/12/2004
0.000 0.000 0.000 0.000 0.000 0.000 0.000 0.000 0.000 0.000 0.000 0.000 0.000 0.000 0.000 0.000 0.000 0.000 0.000 0.000 0.000 0.000 0.000 0.000 0.000 0.000 0.000 0.000 0.000 0.108 06/12/2004
1.140 0.394 0.896 0.787 0.720 0.406 0.400 0.880 0.489 0.205 1.116 0.663 0.689 0.666 0.295 0.734 0.820 0.545 0.502 0.470 0.783 0.826 1.279 0.527 0.412 0.986 0.854 1.167 1.035 0.454 07/12/2004
8.543 8.788 9.569 10.171 10.990 8.900 8.991 9.645 8.001 10.028 9.815 10.935 9.462 9.550 9.951 9.330 9.955 8.042 8.131 8.550 10.892 9.978 11.845 8.013 9.264 10.846 10.427 12.271 12.042 9.313 08/12/2004
0.000 0.000 0.000 0.000 0.000 0.000 0.000 0.000 0.000 0.000 0.000 0.000 0.000 0.000 0.000 0.000 0.000 0.000 0.000 0.000 0.000 0.000 0.000 0.000 0.000 0.000 0.000 0.000 0.000 0.000 09/12/2004
7.140 6.913 6.701 7.529 9.918 7.005 7.079 6.749 7.459 8.772 5.908 5.836 6.095 6.150 8.698 5.823 4.935 6.076 6.142 6.102 5.220 4.945 5.734 6.048 5.452 5.075 4.717 5.506 5.416 5.575 10/12/2004
10.122 11.678 6.616 6.376 8.439 11.866 11.997 6.658 9.717 11.333 11.530 9.666 10.822 10.922 11.212 9.753 8.108 11.466 11.591 9.219 8.715 8.124 11.161 11.415 10.111 8.399 7.636 10.150 8.831 10.237 11/12/2004
0.763 1.746 0.164 0.547 0.768 1.736 1.763 0.163 1.173 1.379 3.086 1.442 1.980 1.979 1.428 3.014 1.450 2.237 2.275 1.246 0.930 1.453 1.760 2.225 1.471 0.504 1.341 1.547 1.767 1.478 12/12/2004
0.000 0.059 0.000 0.000 0.000 0.057 0.063 0.000 0.028 0.000 0.197 0.165 0.288 0.250 0.000 0.226 0.000 0.497 0.485 0.282 0.000 0.000 0.247 0.477 0.218 0.000 0.000 0.000 0.170 0.201 13/12/2004
0.000 0.000 0.000 0.000 0.000 0.000 0.000 0.000 0.000 0.000 0.100 0.100 0.000 0.000 0.000 0.110 0.000 0.000 0.000 0.000 0.111 0.000 0.106 0.000 0.000 0.129 0.002 0.119 0.000 0.000 14/12/2004
1.728 1.690 1.774 2.789 2.618 1.709 1.727 1.803 2.591 2.882 2.614 2.402 2.437 2.458 2.859 2.642 2.461 3.914 3.956 4.320 2.831 2.467 3.160 3.895 5.045 4.130 3.059 3.917 4.705 5.170 15/12/2004
8.668 8.968 8.985 8.615 9.628 9.082 9.175 9.062 9.106 10.584 8.161 11.294 10.045 10.137 10.494 8.307 7.169 9.925 10.042 10.639 7.135 7.186 8.115 9.876 9.548 4.999 5.248 6.028 7.876 9.699 16/12/2004
1.962 1.955 3.594 5.230 6.390 1.973 1.988 3.622 4.004 4.646 1.694 2.475 3.924 3.961 4.612 1.479 2.274 2.825 2.850 5.003 1.895 2.273 2.922 2.813 2.904 2.318 2.155 2.674 3.305 2.942 17/12/2004
0.000 0.000 0.000 0.226 0.107 0.000 0.000 0.000 0.000 0.000 0.000 0.000 0.000 0.000 0.000 0.000 0.000 0.000 0.000 0.000 0.000 0.000 0.000 0.000 0.000 0.000 0.000 0.000 0.000 0.000 18/12/2004
0.000 0.000 0.000 0.000 0.000 0.000 0.000 0.100 0.000 0.000 0.000 0.000 0.000 0.000 0.000 0.000 0.000 0.000 0.000 0.000 0.000 0.000 0.000 0.000 0.000 0.000 0.000 0.000 0.000 0.000 19/12/2004
0.000 0.000 0.000 0.000 0.000 0.000 0.000 0.000 0.000 0.000 0.000 0.000 0.000 0.000 0.000 0.000 0.000 0.000 0.000 0.000 0.000 0.000 0.000 0.000 0.000 0.000 0.000 0.000 0.000 0.000 20/12/2004
0.000 0.000 0.000 0.000 0.000 0.000 0.000 0.000 0.000 0.000 0.000 0.000 0.000 0.000 0.000 0.000 0.000 0.000 0.000 0.000 0.000 0.000 0.000 0.000 0.000 0.000 0.000 0.000 0.000 0.000 21/12/2004
2.552 2.633 2.705 3.482 3.776 2.672 2.698 2.725 2.784 3.184 2.640 2.585 2.487 2.508 3.157 2.673 1.915 2.586 2.612 2.302 2.358 1.915 2.418 2.575 1.816 2.371 1.979 2.535 2.299 1.846 22/12/2004
0.000 0.000 0.000 0.000 0.000 0.000 0.000 0.000 0.000 0.000 0.000 0.000 0.000 0.000 0.000 0.000 0.000 0.000 0.000 0.000 0.000 0.000 0.000 0.000 0.000 0.000 0.000 0.000 0.000 0.000 23/12/2004
0.000 0.000 0.000 0.000 0.000 0.000 0.000 0.000 0.000 0.000 0.000 0.000 0.000 0.000 0.000 0.000 0.000 0.000 0.000 0.000 0.000 0.000 0.000 0.000 0.000 0.000 0.000 0.000 0.000 0.000 24/12/2004
0.000 0.000 0.000 0.000 0.000 0.000 0.000 0.000 0.000 0.000 0.000 0.000 0.000 0.000 0.000 0.000 0.000 0.000 0.000 0.000 0.000 0.000 0.000 0.000 0.000 0.000 0.000 0.000 0.000 0.000 25/12/2004
0.327 0.477 0.584 0.460 0.253 0.481 0.485 0.587 1.023 0.768 1.592 1.787 1.084 1.095 0.763 1.177 2.279 1.770 1.798 2.538 2.103 2.284 2.599 1.771 3.506 1.930 2.201 2.455 2.411 3.561 26/12/2004
0.000 0.000 0.000 0.000 0.000 0.000 0.000 0.000 0.000 0.000 0.000 0.000 0.000 0.000 0.000 0.000 0.000 0.000 0.000 0.000 0.000 0.000 0.000 0.000 0.000 0.000 0.000 0.000 0.000 0.000 27/12/2004
0.000 0.000 0.000 0.000 0.000 0.000 0.000 0.000 0.000 0.000 0.000 0.000 0.000 0.000 0.000 0.000 0.000 0.000 0.000 0.000 0.000 0.000 0.000 0.000 0.000 0.000 0.000 0.000 0.000 0.000 28/12/2004
0.000 0.000 0.000 0.000 0.000 0.000 0.000 0.000 0.000 0.000 0.000 0.000 0.000 0.000 0.000 0.000 0.000 0.000 0.000 0.000 0.000 0.000 0.000 0.000 0.000 0.000 0.000 0.000 0.000 0.000 29/12/2004
0.000 0.000 0.000 0.000 0.000 0.000 0.000 0.000 0.000 0.000 0.000 0.000 0.000 0.000 0.000 0.000 0.000 0.000 0.000 0.000 0.000 0.000 0.000 0.000 0.000 0.000 0.000 0.000 0.000 0.000 30/12/2004
0.000 0.000 0.000 0.000 0.000 0.000 0.000 0.000 0.000 0.000 0.000 0.000 0.000 0.000 0.000 0.000 0.000 0.000 0.000 0.000 0.000 0.000 0.000 0.000 0.000 0.000 0.000 0.000 0.000 0.000 31/12/2004
0.000 0.000 0.000 0.000 0.000 0.000 0.000 0.000 0.000 0.000 0.000 0.000 0.000 0.000 0.000 0.000 0.000 0.000 0.000 0.000 0.000 0.000 0.000 0.000 0.000 0.000 0.000 0.000 0.000 0.000 01/01/2005
0.000 0.000 0.000 0.000 0.000 0.000 0.000 0.000 0.000 0.000 0.000 0.000 0.000 0.000 0.000 0.000 0.000 0.000 0.000 0.000 0.000 0.000 0.000 0.000 0.083 0.000 0.000 0.000 0.000 0.000 02/01/2005
0.000 0.000 0.000 0.000 0.000 0.000 0.000 0.000 0.000 0.000 0.000 0.000 0.000 0.000 0.000 0.000 0.000 0.000 0.000 0.000 0.000 0.000 0.000 0.000 0.000 0.000 0.000 0.080 0.000 0.000 03/01/2005
0.000 0.000 0.000 0.000 0.000 0.000 0.000 0.000 0.000 0.000 0.000 0.000 0.000 0.000 0.000 0.000 0.000 0.000 0.000 0.000 0.000 0.000 0.000 0.000 0.000 0.000 0.000 0.000 0.000 0.000 04/01/2005
0.000 0.000 0.107 0.000 0.000 0.000 0.000 0.000 0.000 0.000 0.000 0.000 0.000 0.000 0.000 0.000 0.000 0.000 0.000 0.000 0.000 0.000 0.000 0.000 0.000 0.000 0.000 0.000 0.000 0.000 05/01/2005
0.000 0.000 0.000 0.000 0.000 0.000 0.000 0.000 0.000 0.000 0.000 0.000 0.000 0.000 0.000 0.000 0.000 0.000 0.000 0.000 0.000 0.000 0.000 0.000 0.000 0.000 0.000 0.000 0.000 0.000 06/01/2005
0.000 0.000 0.000 0.000 0.000 0.000 0.000 0.000 0.000 0.000 0.000 0.000 0.000 0.000 0.000 0.000 0.000 0.000 0.000 0.000 0.000 0.000 0.000 0.000 0.000 0.000 0.000 0.000 0.000 0.000 07/01/2005
0.000 0.000 0.000 0.000 0.000 0.000 0.000 0.000 0.000 0.000 0.000 0.000 0.000 0.000 0.000 0.000 0.000 0.000 0.000 0.000 0.000 0.000 0.000 0.000 0.000 0.000 0.000 0.000 0.000 0.000 08/01/2005
0.114 0.119 0.109 0.074 0.000 0.115 0.109 0.106 0.100 0.020 0.110 0.106 0.059 0.061 0.059 0.098 0.063 0.119 0.037 0.070 0.099 0.066 0.060 0.035 0.073 0.078 0.069 0.070 0.054 0.079 09/01/2005
0.000 0.000 0.000 0.000 0.000 0.000 0.000 0.000 0.000 0.000 0.000 0.000 0.000 0.000 0.000 0.000 0.000 0.000 0.000 0.000 0.000 0.000 0.000 0.000 0.000 0.000 0.000 0.000 0.000 0.000 10/01/2005
0.000 0.000 0.000 0.000 0.000 0.000 0.000 0.000 0.000 0.000 0.000 0.000 0.000 0.000 0.000 0.000 0.000 0.077 0.000 0.000 0.000 0.000 0.000 0.000 0.000 0.000 0.000 0.000 0.000 0.000 11/01/2005
0.000 0.000 0.000 0.000 0.000 0.000 0.000 0.000 0.000 0.000 0.000 0.000 0.000 0.000 0.000 0.000 0.000 0.000 0.000 0.000 0.000 0.000 0.000 0.000 0.000 0.000 0.000 0.000 0.000 0.000 12/01/2005
0.584 0.323 0.774 0.514 0.658 0.339 0.343 0.762 0.728 1.193 0.405 0.942 0.559 0.541 1.217 0.404 0.312 0.292 0.211 1.321 0.668 0.311 0.832 0.290 0.659 0.757 0.305 0.958 0.772 0.580 13/01/2005
0.000 0.000 0.000 0.000 0.000 0.000 0.000 0.000 0.000 0.000 0.000 0.000 0.000 0.000 0.000 0.000 0.000 0.000 0.000 0.000 0.000 0.000 0.000 0.000 0.093 0.000 0.000 0.000 0.000 0.000 14/01/2005
0.000 0.000 0.000 0.000 0.000 0.000 0.067 0.000 0.000 0.000 0.000 0.000 0.051 0.000 0.000 0.000 0.000 0.000 0.000 0.000 0.000 0.000 0.000 0.000 0.000 0.000 0.000 0.000 0.000 0.000 15/01/2005
0.133 0.355 0.224 0.529 0.707 0.415 0.413 0.216 0.639 0.835 0.213 0.413 0.861 0.872 0.834 0.320 0.468 1.264 1.284 1.174 0.109 0.464 0.935 1.282 1.211 0.000 0.132 0.305 1.034 1.217 16/01/2005
0.883 0.164 0.696 1.630 2.094 0.148 0.153 0.680 1.166 1.375 0.109 0.204 0.977 0.960 1.420 0.047 0.454 1.165 1.153 1.280 0.264 0.452 0.902 1.182 1.116 0.399 0.448 0.852 1.205 1.111 17/01/2005
1.618 0.146 0.565 1.020 1.173 0.134 0.136 0.561 0.848 0.921 0.107 0.100 0.426 0.316 0.920 0.106 0.104 0.461 0.433 1.028 0.431 0.104 0.216 0.433 1.015 0.409 0.221 0.543 0.619 1.017 18/01/2005
0.985 1.291 1.429 1.560 1.488 1.303 1.322 1.446 1.088 1.269 1.524 1.819 1.566 1.575 1.261 1.257 1.748 2.253 2.269 2.267 1.039 1.751 2.282 2.246 2.399 0.635 1.039 1.306 1.894 2.446 19/01/2005
1.159 1.172 0.823 1.024 1.118 1.181 1.237 0.841 0.861 0.874 1.082 1.291 1.243 1.262 0.874 1.003 1.004 1.515 1.531 1.336 0.803 1.007 1.184 1.509 1.796 0.889 0.689 0.922 1.350 1.826 20/01/2005
16.785 18.617 17.196 16.538 20.785 18.846 19.033 17.333 18.431 21.132 17.776 17.437 18.390 18.558 20.957 15.832 15.363 18.648 18.852 18.564 15.041 15.399 18.717 18.563 18.729 15.051 15.539 18.555 18.489 19.022 21/01/2005
5.645 4.433 4.178 3.557 4.669 4.483 4.436 4.209 5.204 6.024 1.916 1.711 3.248 3.285 5.974 1.883 1.774 2.490 2.500 3.429 2.855 1.743 2.189 2.481 3.195 5.180 3.896 4.816 2.553 3.497 22/01/2005
16.904 16.909 13.951 16.195 20.721 17.123 17.298 14.058 16.808 19.456 17.739 15.953 16.204 16.373 19.287 18.995 14.631 14.072 14.235 13.866 10.831 14.664 13.707 14.004 13.734 9.884 12.179 12.887 13.187 13.948 23/01/2005
0.133 0.567 0.000 0.494 0.520 0.478 0.483 0.000 1.091 1.343 0.802 0.664 1.085 1.054 1.346 0.780 1.307 1.991 2.035 1.387 0.899 1.311 1.490 1.987 2.074 1.017 1.212 1.462 1.426 2.163 24/01/2005
2.028 1.732 1.643 1.494 1.801 1.829 1.955 1.735 2.124 2.063 1.797 1.311 2.276 2.226 1.976 1.369 0.639 1.720 1.720 2.289 1.358 0.648 1.641 1.804 2.618 0.951 0.653 1.713 1.618 2.207 25/01/2005
8.692 6.623 5.611 6.404 8.190 6.707 6.775 5.644 7.687 8.191 5.284 5.241 7.142 7.211 8.116 5.450 6.414 8.115 8.205 7.708 4.001 6.426 7.691 8.077 7.357 4.897 5.788 6.900 6.743 7.473 26/01/2005
13.849 13.352 11.728 11.279 15.543 13.520 13.656 11.820 20.218 19.998 11.166 12.978 21.967 22.165 19.860 10.277 9.487 16.211 16.391 14.309 7.989 9.508 11.010 16.136 15.951 6.148 7.699 8.381 10.603 16.204 27/01/2005
0.000 0.000 0.000 0.000 0.000 0.000 0.000 0.000 0.000 0.000 0.000 0.000 0.000 0.000 0.000 0.000 0.000 0.000 0.000 0.000 0.000 0.000 0.000 0.000 0.000 0.000 0.000 0.000 0.000 0.000 28/01/2005
0.000 0.000 0.000 0.000 0.000 0.000 0.000 0.000 0.000 0.000 0.000 0.000 0.000 0.000 0.000 0.000 0.000 0.000 0.000 0.000 0.000 0.000 0.000 0.000 0.000 0.000 0.000 0.000 0.000 0.000 29/01/2005
0.000 0.000 0.000 0.000 0.000 0.000 0.000 0.000 0.000 0.000 0.000 0.000 0.000 0.000 0.000 0.000 0.000 0.000 0.000 0.000 0.000 0.000 0.000 0.000 0.000 0.000 0.000 0.000 0.000 0.000 30/01/2005
0.308 0.661 0.013 0.000 0.000 0.635 0.658 0.015 0.103 0.052 0.000 0.086 0.100 0.108 0.066 0.000 0.000 0.158 0.158 0.193 0.000 0.000 0.111 0.157 0.000 0.000 0.000 0.000 0.000 0.000 31/01/2005
0.000 0.000 0.000 0.000 0.000 0.000 0.000 0.000 0.000 0.000 0.000 0.000 0.000 0.000 0.000 0.000 0.000 0.000 0.109 0.000 0.000 0.000 0.000 0.000 0.000 0.000 0.000 0.000 0.000 0.000 01/02/2005
0.971 0.000 0.000 0.000 0.000 0.000 0.000 0.000 0.000 0.000 0.000 0.000 0.000 0.000 0.000 0.000 0.000 0.000 0.000 0.000 0.000 0.000 0.000 0.000 0.000 0.000 0.000 0.000 0.000 0.000 02/02/2005
1.391 1.051 0.269 0.216 0.102 1.109 1.119 0.271 0.608 0.410 0.583 0.495 0.594 0.588 0.423 0.909 0.000 0.189 0.191 0.135 0.000 0.000 0.000 0.185 0.000 0.000 0.000 0.000 0.000 0.000 03/02/2005
9.102 13.362 11.527 11.194 12.993 13.530 13.664 11.613 12.046 12.923 13.891 13.510 12.812 12.931 12.813 14.516 11.798 13.024 13.173 12.434 13.421 11.825 13.436 12.963 11.963 10.830 10.193 11.930 11.501 12.132 04/02/2005
0.980 0.390 0.404 0.477 0.126 0.440 0.436 0.404 0.231 0.019 0.913 0.435 0.244 0.282 0.089 1.148 0.863 0.572 0.502 0.730 1.838 0.865 0.934 0.632 1.927 2.916 2.348 2.580 2.109 1.846 05/02/2005
0.270 1.092 0.286 0.270 0.109 0.971 0.994 0.293 0.950 1.060 3.486 2.240 2.425 2.683 1.054 3.382 4.195 5.830 5.885 5.683 4.999 4.204 5.841 6.083 10.822 8.107 8.314 10.327 10.777 10.984 06/02/2005
0.338 0.174 0.060 0.182 0.374 0.181 0.189 0.056 0.287 0.284 0.107 0.110 0.453 0.486 0.245 0.195 0.058 0.451 0.426 0.208 0.000 0.055 0.307 0.458 0.000 0.000 0.000 0.000 0.000 0.000 07/02/2005
0.637 0.000 0.144 0.748 0.990 0.022 0.021 0.142 0.086 0.000 0.000 0.000 0.000 0.000 0.000 0.000 0.000 0.000 0.000 0.000 0.000 0.000 0.000 0.000 0.000 0.000 0.000 0.200 0.000 0.000 08/02/2005
0.122 0.107 0.080 0.046 0.000 0.097 0.087 0.075 0.000 0.000 0.034 0.034 0.018 0.018 0.000 0.057 0.000 0.000 0.000 0.000 0.018 0.000 0.000 0.000 0.000 0.000 0.000 0.000 0.000 0.000 09/02/2005
6.777 7.258 9.845 10.266 11.177 7.324 7.394 9.923 10.021 11.674 8.239 8.567 9.462 9.550 11.576 8.356 7.675 9.685 9.795 11.444 9.904 7.691 9.506 9.638 11.894 9.787 9.571 10.763 10.496 12.081 10/02/2005
1.825 0.114 0.241 0.551 0.413 0.115 0.118 0.244 0.096 0.000 0.130 0.121 0.000 0.000 0.000 0.240 0.000 0.000 0.000 0.087 0.441 0.000 0.104 0.000 0.176 1.380 0.294 0.466 0.188 0.182 11/02/2005
1.415 4.257 5.393 10.786 12.723 4.309 4.369 5.427 14.265 15.342 8.017 10.846 13.963 14.090 15.199 7.657 13.465 14.303 14.462 12.422 12.129 13.496 15.158 14.237 8.908 14.479 12.974 14.307 11.603 9.050 12/02/2005
0.000 0.048 0.000 0.000 0.000 0.000 0.000 0.000 0.287 0.093 0.048 0.000 0.000 0.000 0.000 0.000 0.000 0.171 0.174 0.411 0.000 0.000 0.100 0.171 1.275 0.454 0.535 0.883 0.865 1.259 13/02/2005
0.000 0.000 0.000 0.126 0.000 0.058 0.000 0.000 0.000 0.000 0.000 0.000 0.000 0.000 0.000 0.000 0.000 0.000 0.000 0.000 0.000 0.000 0.000 0.000 0.000 0.000 0.000 0.000 0.000 0.000 14/02/2005
0.000 0.000 0.000 0.000 0.000 0.000 0.000 0.000 0.000 0.000 0.000 0.000 0.000 0.000 0.000 0.000 0.000 0.000 0.000 0.000 0.000 0.000 0.000 0.000 0.000 0.000 0.000 0.000 0.000 0.000 15/02/2005
0.000 0.000 0.000 0.000 0.000 0.000 0.000 0.000 0.075 0.000 0.000 0.000 0.000 0.000 0.000 0.000 0.000 0.000 0.000 0.000 0.000 0.000 0.000 0.000 0.000 0.000 0.000 0.000 0.000 0.000 16/02/2005
0.000 0.000 0.000 0.000 0.000 0.000 0.000 0.000 0.000 0.000 0.000 0.000 0.000 0.000 0.000 0.000 0.000 0.000 0.000 0.000 0.000 0.000 0.000 0.000 0.000 0.000 0.000 0.000 0.000 0.000 17/02/2005
0.142 0.129 0.255 0.501 0.868 0.130 0.110 0.257 0.366 0.874 0.000 0.102 0.379 0.381 0.874 0.000 0.000 0.263 0.265 0.210 0.000 0.000 0.000 0.261 0.176 0.035 0.000 0.000 0.288 0.178 18/02/2005
2.943 2.930 2.596 3.207 3.321 2.976 3.004 2.615 2.591 2.882 1.669 1.781 2.283 2.299 2.859 1.447 1.229 1.802 1.827 2.112 1.424 1.233 1.546 1.797 2.246 1.716 1.238 1.569 2.218 2.268 19/02/2005
5.603 5.729 6.889 6.105 7.053 5.802 5.861 6.776 5.589 6.977 4.464 6.565 7.091 7.157 6.904 4.892 4.166 5.020 5.068 5.440 3.633 4.176 5.077 4.971 4.349 2.873 2.719 3.436 4.045 4.364 20/02/2005
14.701 15.528 17.828 16.680 20.941 15.726 15.887 17.968 18.782 21.748 18.257 18.401 19.060 19.236 21.569 16.524 16.263 19.081 19.293 19.941 17.068 16.302 19.280 18.993 21.828 16.097 16.097 18.904 20.180 22.174 21/02/2005
1.352 0.808 1.634 1.735 1.632 0.814 0.822 1.663 1.904 2.228 1.565 1.781 1.735 1.752 2.210 1.310 1.640 1.926 1.944 3.024 2.455 1.644 2.177 1.919 3.348 2.611 1.640 2.168 2.964 3.398 22/02/2005
0.255 0.000 1.170 2.505 2.411 0.000 0.000 1.181 1.242 1.489 0.170 0.349 1.425 1.437 1.479 0.186 0.215 0.900 0.934 1.779 0.402 0.215 0.407 0.913 1.131 0.106 0.129 0.247 1.046 1.150 23/02/2005
0.000 0.000 0.000 0.103 0.000 0.000 0.000 0.000 0.189 0.124 0.000 0.000 0.000 0.000 0.123 0.000 0.000 0.131 0.131 0.281 0.000 0.000 0.000 0.130 0.213 0.000 0.000 0.110 0.241 0.216 24/02/2005
1.728 2.380 1.320 1.915 1.795 2.375 2.398 1.339 2.814 3.225 2.185 2.402 3.134 3.163 3.198 2.120 4.266 6.421 6.492 4.974 3.329 4.276 5.204 6.393 5.900 6.422 5.705 6.706 5.789 5.989 25/02/2005
2.118 1.727 1.706 2.399 2.282 1.740 1.757 1.720 1.642 1.623 0.533 1.120 1.414 1.426 1.614 0.575 0.767 1.095 1.107 1.122 0.424 0.769 1.024 1.090 1.089 0.960 0.803 1.041 1.034 1.102 26/02/2005
2.365 1.630 3.189 3.263 4.530 1.901 1.915 3.202 2.382 3.400 2.248 2.164 2.526 2.588 3.329 2.658 1.976 2.132 2.156 2.439 2.846 1.980 2.061 2.117 1.469 1.864 1.727 1.776 1.445 1.679 27/02/2005
0.000 0.000 0.000 0.000 0.000 0.000 0.000 0.000 0.000 0.000 0.000 0.000 0.000 0.000 0.000 0.000 0.000 0.000 0.000 0.000 0.000 0.000 0.000 0.000 0.000 0.000 0.000 0.000 0.000 0.000 28/02/2005
2.798 2.035 3.054 4.676 4.860 2.052 2.066 3.078 2.947 3.245 2.022 1.900 2.363 2.382 3.218 1.926 1.587 2.026 2.045 2.094 1.837 1.591 2.050 2.055 2.079 1.633 1.749 2.147 2.151 2.073 01/03/2005
1.892 3.837 2.730 2.184 2.514 3.883 3.921 2.741 1.607 2.068 2.709 2.238 1.896 1.888 2.051 2.301 0.413 0.762 0.769 0.591 0.841 0.444 0.506 0.763 0.387 0.176 0.105 0.151 0.168 0.394 02/03/2005
0.000 0.000 0.000 0.000 0.000 0.000 0.000 0.000 0.000 0.000 0.143 0.000 0.000 0.000 0.000 0.201 0.117 0.104 0.105 0.000 0.487 0.118 0.177 0.104 1.018 1.045 0.413 0.583 0.564 0.995 03/03/2005
1.082 1.291 0.780 0.960 1.176 1.384 1.371 0.941 1.093 1.340 2.038 1.367 0.583 0.587 1.282 1.577 1.455 0.717 0.782 0.673 1.233 1.458 1.414 0.693 0.872 1.036 1.788 1.748 1.018 1.056 04/03/2005
3.382 2.259 3.192 4.352 4.650 2.287 2.310 3.214 3.312 3.185 2.881 2.182 2.634 2.652 3.159 2.780 2.337 2.612 2.636 2.634 2.291 2.342 2.656 2.601 2.884 1.853 2.583 2.909 3.511 2.921 05/03/2005
0.949 0.546 1.007 1.506 1.195 0.560 0.570 1.027 0.348 0.397 0.633 0.393 0.263 0.280 0.395 0.709 0.598 0.154 0.162 0.757 0.549 0.600 0.352 0.100 0.194 0.269 0.593 0.131 0.251 0.381 06/03/2005
0.129 0.216 0.767 0.749 0.865 0.227 0.227 0.774 0.370 0.554 0.294 0.356 0.546 0.527 0.550 0.344 0.654 0.118 0.117 0.272 1.553 0.655 0.726 0.117 0.109 0.825 0.189 0.283 0.000 0.110 07/03/2005
0.000 0.000 0.000 0.000 0.000 0.000 0.000 0.000 0.000 0.000 0.000 0.000 0.000 0.000 0.000 0.000 0.000 0.000 0.000 0.000 0.000 0.000 0.000 0.000 0.000 0.000 0.000 0.000 0.000 0.000 08/03/2005
0.000 0.000 0.000 0.000 0.000 0.000 0.000 0.000 0.000 0.000 0.000 0.000 0.000 0.000 0.000 0.000 0.000 0.000 0.000 0.000 0.000 0.000 0.000 0.000 0.000 0.000 0.000 0.000 0.000 0.000 09/03/2005
0.191 0.147 0.245 0.401 0.429 0.152 0.153 0.255 0.270 0.456 0.115 0.356 0.196 0.199 0.452 0.136 0.443 0.546 0.512 0.802 0.545 0.462 0.546 0.546 1.065 1.186 0.947 1.019 1.509 1.076 10/03/2005
0.000 0.000 0.000 0.000 0.000 0.000 0.000 0.000 0.000 0.000 0.000 0.000 0.000 0.000 0.000 0.000 0.000 0.000 0.000 0.000 0.000 0.000 0.000 0.000 0.000 0.000 0.000 0.000 0.000 0.000 11/03/2005
0.000 0.000 0.000 0.000 0.000 0.000 0.000 0.000 0.000 0.000 0.000 0.000 0.000 0.000 0.000 0.000 0.000 0.000 0.000 0.000 0.000 0.000 0.000 0.000 0.000 0.000 0.000 0.000 0.000 0.000 12/03/2005
0.000 0.000 0.000 0.000 0.000 0.000 0.000 0.000 0.000 0.000 0.000 0.000 0.000 0.000 0.000 0.000 0.000 0.000 0.000 0.000 0.000 0.000 0.000 0.000 0.000 0.000 0.000 0.000 0.000 0.000 13/03/2005
0.000 0.000 0.000 0.000 0.000 0.000 0.000 0.000 0.305 0.233 0.000 0.000 0.000 0.000 0.239 0.000 0.000 0.115 0.115 0.157 0.000 0.000 0.000 0.115 0.000 0.000 0.000 0.000 0.000 0.000 14/03/2005
0.000 0.000 0.000 0.000 0.000 0.000 0.000 0.000 0.000 0.000 0.000 0.000 0.000 0.000 0.000 0.000 0.000 0.000 0.000 0.000 0.000 0.000 0.000 0.000 0.000 0.000 0.000 0.000 0.000 0.000 15/03/2005
0.000 0.000 0.000 0.000 0.000 0.000 0.000 0.000 0.000 0.000 0.000 0.000 0.000 0.000 0.000 0.000 0.000 0.000 0.000 0.000 0.000 0.000 0.000 0.000 0.000 0.000 0.000 0.000 0.000 0.000 16/03/2005
0.000 0.000 0.000 0.000 0.000 0.000 0.000 0.000 0.000 0.000 0.000 0.000 0.000 0.000 0.000 0.000 0.000 0.000 0.000 0.000 0.000 0.000 0.000 0.000 0.000 0.000 0.000 0.000 0.000 0.000 17/03/2005
0.000 0.000 0.000 0.000 0.000 0.000 0.000 0.000 0.000 0.000 0.000 0.000 0.000 0.000 0.000 0.000 0.000 0.000 0.000 0.000 0.000 0.000 0.000 0.000 0.000 0.000 0.000 0.000 0.000 0.000 18/03/2005
0.000 0.000 0.000 0.000 0.000 0.000 0.000 0.000 0.000 0.000 0.000 0.000 0.000 0.000 0.000 0.000 0.000 0.000 0.000 0.000 0.000 0.000 0.000 0.000 0.000 0.000 0.000 0.000 0.000 0.000 19/03/2005
0.000 0.000 0.000 0.000 0.000 0.000 0.000 0.000 0.000 0.000 0.000 0.000 0.000 0.000 0.000 0.000 0.000 0.000 0.000 0.000 0.000 0.000 0.000 0.000 0.000 0.000 0.000 0.000 0.000 0.000 20/03/2005
0.000 0.000 0.000 0.000 0.000 0.000 0.000 0.000 0.000 0.000 0.000 0.000 0.000 0.000 0.000 0.000 0.000 0.000 0.000 0.000 0.000 0.000 0.000 0.000 0.000 0.000 0.000 0.000 0.000 0.000 21/03/2005
0.000 0.000 0.000 0.000 0.000 0.000 0.000 0.000 0.000 0.000 0.125 0.000 0.000 0.000 0.000 0.000 0.000 0.000 0.000 0.000 0.000 0.000 0.000 0.000 0.000 0.000 0.000 0.000 0.000 0.000 22/03/2005
0.000 0.000 0.000 0.000 0.000 0.000 0.000 0.000 0.000 0.000 0.000 0.000 0.000 0.000 0.000 0.000 0.000 0.000 0.000 0.000 0.000 0.000 0.000 0.000 0.000 0.000 0.000 0.000 0.000 0.000 23/03/2005
0.000 0.000 0.000 0.000 0.000 0.000 0.000 0.000 0.000 0.000 0.000 0.000 0.000 0.000 0.000 0.000 0.000 0.000 0.000 0.000 0.000 0.000 0.000 0.000 0.000 0.000 0.000 0.000 0.000 0.000 24/03/2005
0.898 3.264 3.325 5.153 5.847 3.302 3.323 3.349 5.630 5.909 3.800 3.393 6.880 6.944 5.864 3.879 5.661 8.607 8.698 4.894 3.873 5.674 6.380 8.569 7.748 6.748 7.595 8.934 10.768 7.867 25/03/2005
0.000 0.000 0.000 0.000 0.000 0.000 0.000 0.000 0.000 0.000 0.000 0.000 0.000 0.000 0.000 0.000 0.000 0.000 0.000 0.000 0.000 0.000 0.000 0.000 0.000 0.000 0.000 0.000 0.000 0.000 26/03/2005
0.000 0.000 0.000 0.000 0.000 0.000 0.000 0.000 0.000 0.000 0.000 0.000 0.000 0.000 0.000 0.000 0.000 0.000 0.000 0.000 0.000 0.000 0.000 0.000 0.000 0.000 0.000 0.000 0.000 0.000 27/03/2005
0.000 0.000 0.000 0.000 0.000 0.000 0.000 0.000 0.000 0.000 0.000 0.000 0.000 0.000 0.000 0.000 0.000 0.000 0.000 0.000 0.000 0.000 0.000 0.000 0.000 0.000 0.000 0.000 0.000 0.000 28/03/2005
1.397 1.237 1.514 1.748 1.687 1.246 1.254 1.524 1.596 1.630 0.904 1.401 1.633 1.649 1.619 0.665 1.741 1.326 1.340 1.827 0.891 1.746 1.879 1.320 1.987 1.065 1.648 1.787 1.690 1.928 29/03/2005
0.000 0.000 0.000 0.000 0.000 0.000 0.000 0.000 0.000 0.000 0.000 0.000 0.000 0.000 0.000 0.000 0.000 0.000 0.000 0.000 0.000 0.000 0.000 0.000 0.000 0.000 0.000 0.000 0.000 0.000 30/03/2005
0.000 0.105 0.000 0.000 0.000 0.000 0.000 0.000 0.000 0.000 0.000 0.000 0.000 0.000 0.000 0.000 0.000 0.000 0.000 0.000 0.000 0.000 0.000 0.000 0.000 0.000 0.000 0.000 0.000 0.000 31/03/2005
0.000 0.000 0.000 0.000 0.000 0.000 0.000 0.000 0.000 0.000 0.000 0.000 0.000 0.000 0.000 0.000 0.000 0.000 0.000 0.000 0.000 0.000 0.000 0.000 0.000 0.000 0.000 0.000 0.000 0.000 01/04/2005
0.000 0.000 0.000 0.000 0.000 0.000 0.000 0.000 0.000 0.000 0.000 0.000 0.000 0.000 0.000 0.000 0.000 0.000 0.000 0.000 0.000 0.000 0.000 0.000 0.000 0.000 0.000 0.000 0.000 0.000 02/04/2005
0.000 0.000 0.000 0.000 0.000 0.000 0.000 0.000 0.000 0.000 0.000 0.000 0.000 0.000 0.000 0.000 0.000 0.000 0.000 0.000 0.000 0.000 0.000 0.000 0.000 0.000 0.000 0.000 0.000 0.000 03/04/2005
0.000 0.000 0.000 0.000 0.000 0.000 0.000 0.000 0.000 0.000 0.000 0.000 0.000 0.000 0.000 0.000 0.000 0.000 0.000 0.000 0.000 0.000 0.000 0.000 0.000 0.000 0.000 0.000 0.000 0.000 04/04/2005
1.554 0.584 2.060 1.915 1.837 0.591 0.598 2.053 1.075 1.379 0.803 0.811 1.453 1.434 1.368 0.955 0.717 0.986 0.974 1.757 1.472 0.714 0.879 0.995 1.088 1.115 0.990 1.231 1.487 1.066 05/04/2005
0.000 0.000 0.000 0.000 0.000 0.000 0.000 0.000 0.000 0.000 0.000 0.000 0.000 0.000 0.000 0.000 0.000 0.000 0.000 0.000 0.000 0.000 0.000 0.000 0.000 0.000 0.000 0.000 0.000 0.000 06/04/2005
0.000 0.000 0.000 0.000 0.000 0.000 0.000 0.000 0.000 0.000 0.000 0.000 0.000 0.000 0.000 0.000 0.000 0.000 0.000 0.000 0.000 0.000 0.000 0.000 0.000 0.000 0.000 0.000 0.000 0.000 07/04/2005
0.000 0.000 0.000 0.000 0.000 0.000 0.000 0.000 0.000 0.000 0.000 0.000 0.000 0.000 0.000 0.000 0.000 0.000 0.000 0.000 0.000 0.000 0.000 0.000 0.000 0.000 0.000 0.000 0.000 0.000 08/04/2005
0.000 0.000 0.000 0.000 0.000 0.000 0.000 0.000 0.000 0.000 0.000 0.000 0.000 0.000 0.000 0.000 0.000 0.000 0.000 0.000 0.000 0.000 0.000 0.000 0.000 0.000 0.000 0.000 0.000 0.000 09/04/2005
2.517 9.278 5.008 6.312 7.782 9.396 9.492 5.043 6.440 7.222 3.738 2.851 5.025 5.072 7.161 3.347 3.765 5.864 5.928 10.536 2.087 3.774 4.179 5.837 11.873 1.624 4.781 5.135 11.297 12.038 10/04/2005
4.904 7.661 7.110 10.371 13.791 7.755 7.832 7.160 11.796 14.573 6.637 6.733 10.805 10.905 14.449 6.943 7.876 10.871 10.992 8.155 5.774 7.895 7.630 10.822 6.336 4.458 6.278 6.294 5.780 6.440 11/04/2005
0.000 0.000 0.000 0.000 0.000 0.000 0.000 0.000 0.000 0.000 0.000 0.000 0.000 0.000 0.000 0.000 0.000 0.000 0.000 0.000 0.000 0.000 0.000 0.000 0.000 0.000 0.000 0.000 0.000 0.000 12/04/2005
12.503 13.390 14.814 14.218 17.776 13.560 13.699 14.932 12.398 15.632 14.134 12.306 12.823 12.941 15.500 14.159 10.296 10.963 11.085 10.641 12.421 10.317 11.586 10.914 10.132 9.320 9.520 10.332 8.855 10.290 13/04/2005
0.140 0.000 0.252 0.430 0.300 0.000 0.000 0.252 0.103 0.000 0.000 0.000 0.115 0.115 0.000 0.000 0.000 0.000 0.000 0.000 0.000 0.000 0.000 0.000 0.000 0.000 0.000 0.000 0.000 0.000 14/04/2005
0.499 0.478 0.551 0.000 0.000 0.505 0.523 0.554 0.638 0.713 0.000 0.390 0.252 0.255 0.708 0.000 0.000 0.135 0.139 0.139 0.000 0.000 0.000 0.135 0.000 0.000 0.000 0.000 0.000 0.000 15/04/2005
0.000 0.000 0.000 0.000 0.000 0.000 0.000 0.000 0.000 0.000 0.000 0.000 0.000 0.000 0.000 0.000 0.000 0.000 0.000 0.000 0.000 0.000 0.000 0.000 0.000 0.000 0.000 0.000 0.000 0.000 16/04/2005
0.000 0.000 0.000 0.000 0.000 0.000 0.000 0.000 0.000 0.000 0.000 0.000 0.000 0.000 0.000 0.000 0.000 0.000 0.000 0.000 0.000 0.000 0.000 0.000 0.000 0.000 0.000 0.000 0.000 0.000 17/04/2005
0.269 0.368 0.121 0.000 0.000 0.373 0.358 0.122 0.000 0.000 0.000 0.090 0.189 0.189 0.000 0.000 0.000 0.000 0.000 0.000 0.000 0.000 0.000 0.000 0.000 0.000 0.000 0.000 0.000 0.000 18/04/2005
0.000 0.000 0.000 0.000 0.000 0.000 0.000 0.000 0.000 0.000 0.000 0.123 0.000 0.000 0.000 0.000 0.000 0.000 0.000 0.000 0.000 0.000 0.000 0.000 0.000 0.000 0.000 0.000 0.000 0.000 19/04/2005
3.312 1.956 2.818 3.709 3.802 1.980 2.000 2.841 4.673 4.455 1.436 1.688 4.809 4.847 4.423 1.571 2.148 4.473 4.517 4.137 0.694 2.200 2.596 4.455 0.850 0.376 0.386 0.602 0.115 0.859 20/04/2005
1.408 1.461 0.433 1.900 1.812 1.473 1.488 0.436 1.542 1.573 0.904 0.646 0.793 0.797 1.562 0.749 0.504 1.854 1.830 1.164 0.724 0.505 0.643 1.846 2.205 0.789 0.552 0.702 0.629 2.158 21/04/2005
13.486 11.110 11.801 12.948 17.184 11.234 11.335 11.887 14.397 17.242 7.905 10.399 14.219 14.349 17.096 8.436 10.388 12.335 12.464 13.102 9.091 10.411 11.354 12.281 8.782 5.325 5.846 6.657 7.320 8.913 22/04/2005
0.000 0.000 0.000 0.000 0.000 0.000 0.000 0.000 0.000 0.000 0.000 0.000 0.000 0.000 0.000 0.000 0.000 0.000 0.000 0.000 0.000 0.000 0.000 0.000 0.351 0.000 0.000 0.000 0.000 0.369 23/04/2005
0.573 1.005 0.534 1.836 2.216 1.018 1.025 0.530 1.740 2.194 1.637 1.042 1.443 1.451 2.176 1.632 1.375 2.143 2.162 0.932 1.234 1.378 1.751 2.142 0.824 1.200 1.085 1.377 0.990 0.833 24/04/2005
4.155 4.477 4.741 5.060 5.377 4.530 4.573 4.779 6.315 7.051 5.115 5.288 5.994 6.050 6.992 4.970 4.376 4.692 4.744 4.975 4.555 4.423 4.999 4.671 2.063 2.141 1.500 1.982 1.676 2.049 25/04/2005
0.884 0.581 0.869 1.044 1.104 0.586 0.591 0.874 0.782 1.063 0.952 0.857 0.766 0.768 1.066 1.034 1.008 0.734 0.734 0.825 1.078 1.010 1.163 0.728 1.432 0.987 0.963 1.039 1.319 1.410 26/04/2005
3.813 2.896 6.136 6.614 7.842 2.934 2.965 6.185 4.949 5.320 3.176 4.915 4.487 4.527 5.279 2.799 4.309 3.969 4.013 6.013 5.244 4.385 4.934 3.950 5.104 3.900 3.688 4.509 5.359 5.177 27/04/2005
0.970 1.207 2.870 3.649 3.811 1.219 1.243 2.889 4.190 4.318 1.935 2.160 2.957 2.983 4.155 1.839 1.731 2.326 2.352 4.927 2.060 1.735 2.209 2.315 3.331 1.243 1.055 1.290 2.372 3.382 28/04/2005
0.250 0.159 0.292 0.204 0.117 0.161 0.160 0.319 0.105 0.000 0.105 0.100 0.108 0.109 0.000 0.128 0.000 0.100 0.100 0.000 0.156 0.000 0.123 0.100 0.119 0.898 0.329 0.438 0.114 0.120 29/04/2005
0.000 0.103 0.104 0.104 0.000 0.104 0.105 0.105 0.127 0.105 0.105 0.105 0.127 0.127 0.105 0.128 0.133 0.207 0.210 0.214 0.167 0.148 0.218 0.205 0.269 0.430 0.351 0.470 0.206 0.267 30/04/2005
0.000 0.000 0.000 0.000 0.000 0.000 0.000 0.000 0.000 0.000 0.000 0.000 0.000 0.000 0.000 0.000 0.000 0.000 0.000 0.000 0.000 0.000 0.000 0.000 0.000 0.000 0.000 0.000 0.000 0.000 01/05/2005
0.000 0.000 0.000 0.000 0.000 0.000 0.000 0.000 0.000 0.000 0.000 0.000 0.000 0.000 0.000 0.000 0.000 0.000 0.000 0.000 0.000 0.000 0.000 0.000 0.000 0.000 0.000 0.000 0.000 0.000 02/05/2005
0.000 0.000 0.000 0.000 0.000 0.000 0.000 0.000 0.000 0.000 0.000 0.000 0.000 0.000 0.000 0.000 0.000 0.000 0.000 0.000 0.000 0.000 0.000 0.000 0.000 0.000 0.000 0.000 0.000 0.000 03/05/2005
0.000 0.000 0.000 0.000 0.000 0.000 0.000 0.000 0.000 0.000 0.000 0.000 0.000 0.000 0.000 0.000 0.000 0.000 0.000 0.000 0.000 0.000 0.000 0.000 0.000 0.000 0.000 0.000 0.000 0.000 04/05/2005
0.000 0.000 0.000 0.000 0.000 0.000 0.000 0.000 0.000 0.000 0.000 0.000 0.000 0.000 0.000 0.000 0.000 0.000 0.000 0.000 0.000 0.000 0.000 0.000 0.000 0.000 0.000 0.000 0.000 0.000 05/05/2005
0.000 0.000 0.000 0.000 0.000 0.000 0.000 0.000 0.000 0.000 0.000 0.000 0.000 0.000 0.000 0.000 0.000 0.000 0.000 0.000 0.000 0.000 0.000 0.000 0.000 0.000 0.000 0.000 0.000 0.000 06/05/2005
0.000 0.000 0.000 0.000 0.000 0.000 0.000 0.000 0.000 0.000 0.000 0.000 0.000 0.000 0.000 0.000 0.000 0.000 0.000 0.000 0.000 0.000 0.000 0.000 0.000 0.000 0.000 0.000 0.000 0.000 07/05/2005
0.000 0.000 0.000 0.000 0.000 0.000 0.000 0.000 0.000 0.000 0.000 0.000 0.000 0.000 0.000 0.000 0.000 0.000 0.000 0.000 0.000 0.000 0.000 0.000 0.000 0.000 0.000 0.000 0.000 0.000 08/05/2005
0.570 0.527 0.558 0.465 0.332 0.546 0.559 0.561 0.175 0.069 0.565 0.845 0.240 0.242 0.071 0.682 1.229 0.615 0.614 0.480 1.577 1.232 1.298 0.608 0.421 1.058 1.462 1.606 1.267 0.437 09/05/2005
0.000 0.000 0.000 0.000 0.000 0.000 0.000 0.000 0.000 0.000 0.000 0.000 0.000 0.000 0.000 0.000 0.000 0.000 0.000 0.000 0.000 0.000 0.000 0.000 0.000 0.000 0.000 0.000 0.000 0.000 10/05/2005
0.546 0.252 0.252 0.100 0.000 0.252 0.252 0.252 0.000 0.000 0.111 0.097 0.100 0.100 0.000 0.000 0.000 0.000 0.000 0.000 0.000 0.000 0.000 0.000 0.000 0.000 0.000 0.000 0.000 0.000 11/05/2005
0.000 0.000 0.000 0.000 0.000 0.000 0.000 0.000 0.000 0.000 0.000 0.000 0.000 0.000 0.000 0.000 0.000 0.000 0.000 0.000 0.000 0.000 0.000 0.000 0.000 0.000 0.000 0.000 0.000 0.000 12/05/2005
1.992 1.938 3.118 2.817 2.936 1.962 1.982 3.138 4.761 4.689 2.881 3.013 4.683 4.718 4.660 2.780 3.685 5.451 5.471 6.675 3.820 3.694 4.666 5.429 7.075 4.051 4.928 5.870 6.843 7.186 13/05/2005
0.000 0.000 0.000 0.000 0.000 0.000 0.000 0.000 0.000 0.000 0.000 0.000 0.000 0.000 0.000 0.000 0.000 0.000 0.000 0.000 0.000 0.000 0.000 0.000 0.000 0.000 0.000 0.000 0.000 0.000 14/05/2005
1.222 0.944 1.681 1.189 1.088 0.955 0.964 1.694 1.328 1.311 1.205 1.217 1.202 1.211 1.301 1.143 0.801 0.636 0.639 1.073 0.957 0.812 1.016 0.632 0.589 0.904 0.650 0.815 0.942 0.594 15/05/2005
0.000 0.000 0.000 0.119 0.000 0.000 0.000 0.000 0.000 0.000 0.000 0.000 0.000 0.000 0.000 0.000 0.000 0.000 0.000 0.000 0.000 0.000 0.000 0.000 0.000 0.109 0.000 0.102 0.000 0.000 16/05/2005
0.000 0.000 0.000 0.000 0.000 0.000 0.000 0.000 0.000 0.000 0.000 0.000 0.000 0.000 0.000 0.000 0.000 0.000 0.000 0.000 0.000 0.000 0.000 0.000 0.000 0.000 0.000 0.000 0.000 0.000 17/05/2005
0.000 0.000 0.000 0.000 0.000 0.000 0.000 0.000 0.000 0.000 0.000 0.000 0.000 0.000 0.000 0.000 0.000 0.000 0.000 0.000 0.000 0.000 0.000 0.000 0.000 0.000 0.000 0.000 0.000 0.000 18/05/2005
0.000 0.000 0.000 0.000 0.000 0.000 0.000 0.000 0.000 0.000 0.000 0.000 0.000 0.000 0.000 0.000 0.000 0.000 0.000 0.000 0.000 0.000 0.000 0.000 0.000 0.000 0.000 0.000 0.000 0.000 19/05/2005
0.000 0.000 0.000 0.000 0.000 0.000 0.000 0.000 0.000 0.000 0.000 0.000 0.000 0.000 0.000 0.000 0.000 0.000 0.000 0.000 0.000 0.000 0.000 0.000 0.000 0.000 0.000 0.000 0.000 0.000 20/05/2005
0.000 0.000 0.000 0.000 0.000 0.000 0.000 0.000 0.000 0.000 0.000 0.000 0.000 0.000 0.000 0.000 0.000 0.000 0.000 0.000 0.000 0.000 0.000 0.000 0.000 0.000 0.000 0.000 0.000 0.000 21/05/2005
0.000 0.000 0.000 0.000 0.000 0.000 0.000 0.000 0.000 0.000 0.000 0.000 0.000 0.000 0.000 0.000 0.000 0.000 0.000 0.000 0.000 0.000 0.000 0.000 0.000 0.000 0.000 0.000 0.000 0.000 22/05/2005
0.688 0.339 0.292 0.598 0.617 0.341 0.345 0.319 0.328 0.514 1.058 0.636 0.244 0.245 0.511 1.156 0.700 0.591 0.591 0.495 0.997 0.701 0.761 0.608 0.698 0.859 0.473 0.585 0.569 0.706 23/05/2005
9.581 10.609 7.505 9.304 11.997 10.743 10.852 7.562 10.743 12.541 9.056 9.912 11.421 11.527 12.434 9.117 10.971 11.908 12.040 11.419 8.117 10.997 11.983 11.853 11.514 8.919 10.820 11.715 11.775 11.696 24/05/2005
2.528 2.896 1.293 2.149 2.480 2.934 2.965 1.303 1.424 1.760 1.825 1.447 1.185 1.189 1.745 1.758 0.779 1.563 1.584 0.654 0.367 0.780 0.812 1.567 1.387 1.506 1.307 1.559 0.720 1.354 25/05/2005
0.000 0.000 0.000 0.000 0.000 0.000 0.000 0.000 0.000 0.000 0.000 0.000 0.000 0.000 0.000 0.000 0.000 0.000 0.000 0.000 0.000 0.000 0.000 0.000 0.000 0.000 0.000 0.000 0.000 0.000 26/05/2005
0.000 0.000 0.000 0.000 0.000 0.000 0.000 0.000 0.000 0.000 0.000 0.000 0.000 0.000 0.000 0.000 0.000 0.000 0.000 0.000 0.000 0.000 0.000 0.000 0.000 0.000 0.000 0.000 0.000 0.000 27/05/2005
0.000 1.110 0.000 0.000 0.000 1.121 1.130 0.000 0.000 0.000 2.328 1.444 0.101 0.102 0.000 2.264 2.593 1.326 1.340 0.000 4.136 2.598 2.950 1.320 0.714 7.601 4.195 5.297 3.349 0.719 28/05/2005
3.842 3.208 3.430 3.977 4.036 3.244 3.266 3.456 4.076 3.468 3.466 4.551 4.662 4.697 3.439 3.695 4.750 4.722 4.765 5.127 4.841 4.761 5.741 4.704 5.088 4.405 3.891 4.948 4.938 5.131 29/05/2005
3.025 3.632 2.122 3.279 3.473 3.677 3.715 2.138 3.264 3.143 3.157 2.974 3.892 3.928 3.117 3.039 3.074 4.301 4.347 2.670 2.617 3.082 3.984 4.282 3.783 4.279 3.441 4.481 4.436 3.843 30/05/2005
1.578 1.198 3.143 9.281 10.184 1.206 1.213 3.163 4.439 3.765 1.037 1.190 1.936 1.882 3.739 0.982 1.459 1.365 1.381 1.956 1.711 1.462 1.597 1.359 2.340 2.544 1.935 2.337 2.136 2.306 31/05/2005
0.947 0.000 0.000 0.000 0.000 0.000 0.000 0.000 0.000 0.000 0.000 0.000 0.000 0.000 0.000 0.000 0.000 0.000 0.000 0.000 0.000 0.000 0.000 0.000 0.000 0.000 0.000 0.000 0.000 0.000 01/06/2005
0.000 0.000 0.000 0.000 0.000 0.000 0.000 0.000 0.000 0.000 0.226 0.000 0.000 0.000 0.000 0.216 0.000 0.000 0.000 0.000 0.128 0.000 0.000 0.000 0.118 0.000 0.000 0.000 0.000 0.119 02/06/2005
0.000 0.000 0.000 0.000 0.000 0.000 0.000 0.000 0.000 0.000 0.000 0.000 0.000 0.000 0.000 0.000 0.000 0.000 0.000 0.000 0.000 0.000 0.000 0.000 0.000 0.000 0.000 0.000 0.000 0.000 03/06/2005
0.000 0.000 0.000 0.000 0.000 0.000 0.000 0.000 0.000 0.000 0.000 0.000 0.000 0.000 0.000 0.000 0.000 0.000 0.000 0.000 0.000 0.000 0.000 0.000 0.000 0.000 0.000 0.000 0.000 0.000 04/06/2005
0.000 0.000 0.000 0.000 0.000 0.000 0.000 0.000 0.000 0.000 0.000 0.000 0.000 0.000 0.000 0.000 0.000 0.000 0.000 0.000 0.000 0.000 0.000 0.000 0.000 0.000 0.000 0.000 0.000 0.000 05/06/2005
0.000 0.000 0.000 0.000 0.000 0.000 0.000 0.000 0.000 0.000 0.000 0.000 0.000 0.000 0.000 0.000 0.000 0.000 0.000 0.000 0.000 0.000 0.000 0.000 0.000 0.000 0.000 0.000 0.000 0.000 06/06/2005
1.411 0.867 1.323 1.731 2.225 0.877 0.885 1.332 1.962 2.592 1.299 1.648 1.564 1.578 2.573 1.064 2.253 1.429 1.444 2.338 2.746 2.258 2.670 1.422 3.202 3.096 3.122 3.518 3.801 3.242 07/06/2005
0.000 0.000 0.000 0.000 0.000 0.000 0.000 0.000 0.000 0.000 0.000 0.000 0.000 0.000 0.000 0.000 0.000 0.000 0.000 0.000 0.000 0.000 0.000 0.000 0.000 0.000 0.000 0.000 0.000 0.000 08/06/2005
0.186 2.395 4.236 2.269 2.908 2.425 2.449 4.269 1.013 1.363 2.395 2.561 2.018 2.036 1.353 2.215 1.193 0.895 0.905 0.436 1.068 1.196 1.240 0.891 1.083 1.482 0.765 0.996 0.592 1.094 09/06/2005
4.819 2.603 1.067 0.465 0.705 2.634 2.660 1.075 0.103 0.000 2.098 0.557 0.104 0.104 0.000 1.838 0.000 0.179 0.179 2.055 0.110 0.000 0.000 0.179 14.675 0.000 0.511 0.757 4.081 14.907 10/06/2005
0.350 0.000 0.179 0.100 0.000 0.144 0.146 0.144 0.000 0.000 0.229 0.119 0.000 0.000 0.000 0.205 0.000 0.000 0.000 0.000 0.124 0.000 0.113 0.000 0.000 0.000 0.000 0.000 0.000 0.000 11/06/2005
0.000 0.000 0.000 0.000 0.000 0.000 0.000 0.000 0.000 0.000 0.000 0.000 0.000 0.000 0.000 0.000 0.000 0.000 0.000 0.000 0.000 0.000 0.100 0.000 0.000 0.000 0.000 0.000 0.000 0.000 12/06/2005
0.000 0.000 0.000 0.000 0.000 0.000 0.000 0.000 0.000 0.000 0.000 0.000 0.000 0.000 0.000 0.000 0.000 0.000 0.000 0.000 0.000 0.000 0.000 0.000 0.000 0.000 0.000 0.000 0.000 0.000 13/06/2005
0.000 0.000 0.000 0.000 0.000 0.000 0.000 0.120 0.000 0.000 0.000 0.000 0.000 0.000 0.000 0.000 0.000 0.000 0.000 0.000 0.000 0.000 0.000 0.000 0.000 0.000 0.000 0.000 0.000 0.000 14/06/2005
0.000 0.000 0.000 0.000 0.000 0.000 0.000 0.000 0.000 0.000 0.000 0.000 0.000 0.000 0.000 0.000 0.000 0.000 0.000 0.000 0.000 0.000 0.000 0.000 0.000 0.000 0.000 0.000 0.000 0.000 15/06/2005
1.537 1.665 2.725 2.716 2.801 1.686 1.703 2.746 1.764 2.388 1.698 1.864 1.732 1.748 2.368 1.482 1.559 1.369 1.383 1.694 1.678 1.563 1.681 1.363 1.588 1.632 1.730 1.862 1.660 1.613 16/06/2005
10.093 11.249 10.512 13.135 13.343 11.392 11.508 10.595 9.409 10.803 12.975 13.490 11.619 11.727 10.712 11.163 10.620 8.298 8.390 8.512 10.509 10.649 11.431 8.259 8.177 9.442 8.797 9.484 8.490 8.306 17/06/2005
7.896 7.418 6.928 9.690 9.473 7.513 7.590 6.983 6.747 8.169 7.655 7.456 8.522 8.601 8.099 7.061 9.920 9.755 9.863 7.987 9.503 9.945 11.064 9.710 12.160 9.032 8.930 9.694 10.842 12.353 18/06/2005
0.000 0.156 0.223 0.000 0.000 0.158 0.159 0.225 0.100 0.100 0.723 0.826 0.573 0.578 0.100 0.619 0.482 0.821 0.825 0.852 0.816 0.483 0.712 0.820 0.956 0.890 0.713 0.890 1.128 0.966 19/06/2005
0.000 0.000 0.000 0.000 0.000 0.000 0.000 0.000 0.000 0.000 0.000 0.113 0.000 0.000 0.000 0.133 0.210 0.100 0.100 0.100 0.613 0.210 0.227 0.100 0.221 0.584 0.272 0.377 0.477 0.226 20/06/2005
0.000 0.000 0.000 0.000 0.000 0.000 0.000 0.000 0.000 0.000 0.000 0.000 0.000 0.000 0.000 0.000 0.000 0.000 0.000 0.000 0.000 0.000 0.000 0.000 0.000 0.000 0.000 0.000 0.000 0.000 21/06/2005
0.000 0.000 0.000 0.000 0.000 0.000 0.000 0.000 0.000 0.000 0.000 0.000 0.000 0.000 0.000 0.000 0.000 0.000 0.000 0.000 0.000 0.000 0.000 0.000 0.000 0.000 0.000 0.000 0.000 0.000 22/06/2005
0.000 0.000 0.000 0.000 0.000 0.000 0.000 0.000 0.000 0.000 0.000 0.000 0.000 0.000 0.000 0.000 0.000 0.000 0.000 0.000 0.000 0.000 0.000 0.000 0.000 0.000 0.000 0.000 0.000 0.000 23/06/2005
0.000 0.000 0.000 0.000 0.000 0.000 0.000 0.000 0.000 0.000 0.000 0.000 0.000 0.000 0.000 0.000 0.000 0.000 0.000 0.000 0.000 0.000 0.000 0.000 0.000 0.000 0.000 0.000 0.000 0.000 24/06/2005
0.000 0.000 0.000 0.000 0.000 0.000 0.000 0.000 0.000 0.000 0.000 0.000 0.000 0.000 0.000 0.000 0.000 0.000 0.000 0.000 0.000 0.000 0.000 0.000 0.000 0.000 0.000 0.000 0.000 0.000 25/06/2005
0.000 0.552 0.000 0.101 0.100 0.559 0.562 0.000 0.000 0.000 3.196 1.869 0.000 0.000 0.000 3.313 2.878 1.811 1.828 1.766 6.954 2.885 3.202 1.804 4.098 17.303 3.405 3.980 3.155 4.162 26/06/2005
0.000 0.451 0.134 3.651 4.166 0.462 0.468 0.135 5.050 5.186 0.573 0.000 1.886 1.899 5.142 0.620 2.878 2.772 2.803 4.257 1.758 2.885 3.202 2.759 5.164 6.876 9.224 8.669 6.213 5.245 27/06/2005
0.000 0.000 0.000 0.000 0.000 0.000 0.000 0.000 0.000 0.000 0.000 0.000 0.000 0.000 0.000 0.000 0.000 0.000 0.000 0.000 0.000 0.000 0.000 0.000 0.000 0.000 0.000 0.000 0.000 0.000 28/06/2005
26.748 21.323 12.662 10.750 12.630 21.588 21.801 12.763 22.980 25.215 15.758 25.448 18.753 18.924 25.001 15.030 15.986 22.687 22.939 19.943 25.335 16.024 16.703 22.582 16.286 21.434 22.589 20.471 19.571 16.544 29/06/2005
20.037 21.456 12.136 19.260 21.244 21.723 21.938 12.233 15.769 16.701 21.657 19.711 19.674 19.853 16.559 22.589 26.818 18.786 18.991 14.742 23.581 26.881 23.446 18.700 18.889 19.441 26.910 23.610 19.553 19.182 30/06/2005
0.000 0.000 0.000 0.000 0.000 0.000 0.000 0.000 0.000 0.000 0.000 0.000 0.000 0.000 0.000 0.000 0.000 0.000 0.000 0.000 0.000 0.000 0.000 0.000 0.000 0.000 0.000 0.000 0.000 0.000 01/07/2005
2.725 3.047 2.659 3.716 4.302 3.086 3.111 2.674 3.231 3.429 0.226 2.203 4.484 4.525 3.406 0.216 7.070 10.560 10.669 6.930 0.117 7.086 6.918 10.514 8.356 1.981 9.586 9.197 10.240 8.488 02/07/2005
16.870 15.070 11.633 14.062 17.255 15.259 15.413 11.725 12.742 14.283 7.358 11.049 16.543 16.697 14.161 6.822 9.935 10.064 10.171 10.584 6.608 9.957 9.628 10.020 14.893 6.636 9.887 9.472 10.851 15.128 03/07/2005
14.294 15.881 13.536 15.078 16.318 16.077 16.236 13.643 19.538 20.943 13.525 16.912 18.592 18.758 20.764 11.627 17.648 19.124 19.330 19.409 15.177 17.689 18.889 19.038 18.260 12.902 17.222 18.089 15.930 18.537 04/07/2005
0.960 0.823 1.051 0.854 0.808 0.834 0.842 1.060 0.461 0.564 0.649 1.026 0.657 0.660 0.558 0.522 0.000 0.178 0.180 0.440 0.204 0.000 0.148 0.178 0.402 0.394 0.109 0.133 0.433 0.406 05/07/2005
0.000 0.000 0.000 0.000 0.000 0.000 0.000 0.000 0.000 0.000 0.000 0.000 0.000 0.000 0.000 0.000 0.000 0.000 0.000 0.000 0.000 0.000 0.000 0.000 0.100 0.000 0.000 0.000 0.000 0.100 06/07/2005
2.241 3.979 4.167 0.930 0.875 4.029 4.070 4.198 1.680 2.286 2.822 4.887 2.635 2.654 2.267 2.542 0.805 0.523 0.534 0.000 0.000 0.808 0.888 0.520 0.000 0.121 0.000 0.000 0.000 0.000 07/07/2005
6.619 6.815 5.022 0.930 0.875 6.902 6.973 5.052 1.701 2.312 6.168 2.226 1.301 1.312 2.292 5.725 2.774 0.675 0.677 0.000 4.971 2.779 3.256 0.672 0.000 0.121 0.000 0.000 0.000 0.000 08/07/2005
2.214 2.382 2.443 2.029 2.118 2.411 2.434 2.462 1.946 2.586 1.340 1.815 2.426 2.446 2.564 1.101 0.000 2.869 2.901 2.701 0.000 0.000 0.000 2.856 0.000 0.000 0.000 0.000 0.000 0.000 09/07/2005
0.000 0.000 0.000 0.000 0.000 0.000 0.000 0.000 0.000 0.000 0.000 0.000 0.000 0.000 0.000 0.000 0.000 0.000 0.000 0.000 0.000 0.000 0.000 0.000 0.000 0.000 0.000 0.000 0.000 0.000 10/07/2005
0.000 0.000 0.000 0.000 0.000 0.000 0.000 0.000 0.000 0.000 0.000 0.000 0.000 0.000 0.000 0.000 0.000 0.000 0.000 0.000 0.000 0.000 0.000 0.000 0.000 0.000 0.000 0.000 0.000 0.000 11/07/2005
3.619 1.412 1.431 2.654 2.749 1.430 1.445 1.443 3.908 4.468 1.915 1.239 1.524 1.538 4.430 1.749 1.868 3.087 3.119 2.039 2.024 1.871 2.045 3.073 2.591 2.976 2.730 3.177 3.650 2.620 12/07/2005
1.785 1.726 1.500 1.510 1.918 1.750 1.770 1.519 1.713 2.194 2.577 1.666 1.899 1.912 2.175 2.776 1.075 1.186 1.199 1.330 0.591 1.078 1.471 1.181 2.614 0.955 2.872 3.176 2.903 2.655 13/07/2005
0.000 0.000 0.000 0.000 0.000 0.000 0.000 0.000 0.000 0.000 0.000 0.000 0.000 0.000 0.000 0.000 0.000 0.000 0.000 0.000 0.000 0.000 0.000 0.000 0.000 0.000 0.000 0.000 0.000 0.000 14/07/2005
0.000 0.000 0.000 0.000 0.000 0.000 0.000 0.000 0.000 0.000 0.000 0.000 0.000 0.000 0.000 0.000 0.000 0.000 0.000 0.000 0.000 0.000 0.000 0.000 0.000 0.000 0.000 0.000 0.000 0.000 15/07/2005
0.000 0.000 0.000 0.000 0.000 0.000 0.000 0.000 0.000 0.000 0.000 0.000 0.000 0.000 0.000 0.000 0.000 0.000 0.000 0.000 0.000 0.000 0.000 0.000 0.000 0.000 0.000 0.000 0.000 0.000 16/07/2005
0.000 0.000 0.000 0.000 0.000 0.000 0.000 0.000 0.000 0.000 0.000 0.000 0.000 0.000 0.000 0.000 0.000 0.000 0.000 0.000 0.000 0.000 0.000 0.000 0.000 0.000 0.000 0.000 0.000 0.000 17/07/2005
0.000 0.000 0.000 0.000 0.000 0.000 0.000 0.000 0.000 0.000 0.000 0.000 0.000 0.000 0.000 0.000 0.000 0.000 0.000 0.000 0.000 0.000 0.000 0.000 0.000 0.000 0.000 0.000 0.000 0.000 18/07/2005
0.000 0.000 0.000 0.000 0.000 0.000 0.000 0.000 0.000 0.000 0.000 0.000 0.000 0.000 0.000 0.000 0.000 0.000 0.000 0.000 0.000 0.000 0.000 0.000 0.000 0.000 0.000 0.000 0.000 0.000 19/07/2005
0.443 0.486 0.477 0.425 0.468 0.502 0.511 0.492 0.260 0.356 0.535 0.621 0.761 0.770 0.345 0.539 0.112 0.186 0.186 0.557 0.213 0.112 0.199 0.186 0.544 0.155 0.146 0.307 0.443 0.551 20/07/2005
0.166 0.000 0.152 0.100 0.000 0.000 0.000 0.153 0.282 0.378 0.226 0.350 0.211 0.213 0.370 0.216 0.168 0.486 0.489 0.502 0.299 0.169 0.429 0.483 0.567 0.386 0.319 0.527 0.563 0.576 21/07/2005
0.000 0.000 0.000 0.000 0.000 0.000 0.000 0.000 0.000 0.000 0.000 0.000 0.000 0.000 0.000 0.000 0.000 0.000 0.000 0.000 0.000 0.000 0.000 0.000 0.000 0.000 0.000 0.000 0.000 0.000 22/07/2005
0.000 0.000 0.000 0.000 0.000 0.000 0.000 0.000 0.000 0.000 0.000 0.000 0.000 0.000 0.000 0.000 0.000 0.000 0.000 0.000 0.000 0.000 0.000 0.000 0.000 0.000 0.000 0.000 0.000 0.000 23/07/2005
0.000 0.000 0.000 0.000 0.000 0.000 0.000 0.000 0.000 0.000 0.000 0.000 0.000 0.000 0.000 0.000 0.000 0.000 0.000 0.000 0.000 0.000 0.000 0.000 0.000 0.000 0.000 0.000 0.000 0.000 24/07/2005
3.437 4.498 4.443 3.766 4.006 4.555 4.602 4.479 4.333 4.514 4.255 5.490 5.916 5.970 4.477 4.142 4.380 4.632 4.683 2.963 4.355 4.390 5.285 4.613 0.741 3.922 1.972 2.199 1.272 0.747 25/07/2005
26.343 38.644 49.265 66.017 60.074 39.066 39.410 49.530 58.581 55.291 35.419 44.189 53.864 54.183 55.024 38.677 44.482 57.446 57.829 54.156 46.183 44.557 47.226 57.286 57.187 43.607 35.485 37.818 50.093 57.731 26/07/2005
0.739 0.223 0.349 0.157 0.163 0.226 0.231 0.350 0.115 0.102 0.226 0.496 0.126 0.127 0.102 0.216 0.280 0.126 0.127 0.116 1.275 0.280 0.518 0.126 0.134 1.295 0.578 0.923 0.235 0.136 27/07/2005
0.000 0.000 0.000 0.000 0.000 0.000 0.000 0.000 0.000 0.000 0.000 0.000 0.000 0.000 0.000 0.000 0.000 0.000 0.000 0.000 0.000 0.000 0.000 0.000 0.000 0.000 0.000 0.000 0.000 0.000 28/07/2005
0.000 0.000 0.000 0.000 0.000 0.000 0.000 0.000 0.000 0.000 0.000 0.000 0.000 0.000 0.000 0.000 0.000 0.000 0.000 0.000 0.000 0.000 0.000 0.000 0.000 0.000 0.000 0.000 0.000 0.000 29/07/2005
0.000 0.000 0.000 0.000 0.000 0.000 0.000 0.000 0.000 0.000 0.000 0.000 0.000 0.000 0.000 0.000 0.000 0.000 0.000 0.000 0.000 0.000 0.000 0.000 0.000 0.000 0.000 0.000 0.000 0.000 30/07/2005
0.000 0.000 0.000 0.000 0.000 0.000 0.000 0.000 0.000 0.000 0.000 0.000 0.000 0.000 0.000 0.000 0.000 0.000 0.000 0.000 0.000 0.000 0.000 0.000 0.000 0.000 0.000 0.000 0.000 0.000 31/07/2005
