# 6448 6449 6450 6451 6452 6528 6529 6530 6531 6532 6610 6611 6612 6613 6614 6693 6694 6695 6696 6697 6776 6777 6778 6779 6780 6859 6860 6861 6862 6863 Date
0.733 1.293 2.021 0.335 0.495 1.307 1.319 2.037 0.531 0.736 1.549 1.628 2.218 2.239 0.730 1.229 1.237 0.836 0.842 0.258 0.620 1.239 1.315 0.834 0.123 0.573 1.597 1.546 1.513 0.124 01/08/2097
0.000 0.000 0.000 0.000 0.120 0.000 0.000 0.000 0.116 0.100 1.136 0.000 0.000 0.000 0.100 0.934 0.541 0.507 0.510 0.000 2.048 0.542 0.811 0.505 0.000 1.074 3.011 3.370 1.158 0.000 02/08/2097
0.000 0.000 0.000 0.332 0.491 0.000 0.000 0.000 0.000 0.000 0.000 0.000 0.000 0.000 0.000 0.000 0.000 0.000 0.000 0.000 0.448 0.000 0.000 0.000 0.000 1.238 0.000 0.000 0.000 0.000 03/08/2097
0.000 0.000 0.000 0.000 0.000 0.000 0.000 0.000 0.000 0.000 0.000 0.000 0.000 0.000 0.000 0.000 0.000 0.000 0.000 0.000 0.000 0.000 0.000 0.000 0.000 0.000 0.000 0.000 0.000 0.000 04/08/2097
0.000 0.000 0.000 0.000 0.000 0.000 0.000 0.000 0.000 0.000 0.000 0.000 0.000 0.000 0.000 0.000 0.000 0.000 0.000 0.000 0.000 0.000 0.000 0.000 0.000 0.000 0.000 0.000 0.000 0.000 05/08/2097
0.000 0.000 0.000 0.000 0.000 0.000 0.000 0.000 0.000 0.000 0.000 0.000 0.000 0.000 0.000 0.000 0.000 0.000 0.000 0.000 0.000 0.000 0.000 0.000 0.000 0.000 0.000 0.000 0.000 0.000 06/08/2097
0.000 0.000 0.000 0.000 0.000 0.000 0.000 0.000 0.000 0.000 0.000 0.000 0.000 0.000 0.000 0.000 0.000 0.000 0.000 0.000 0.000 0.000 0.000 0.000 0.000 0.000 0.000 0.000 0.000 0.000 07/08/2097
0.000 0.000 0.000 0.000 0.000 0.000 0.000 0.000 0.000 0.000 0.000 0.000 0.000 0.000 0.000 0.000 0.000 0.000 0.000 0.000 0.000 0.000 0.000 0.000 0.000 0.000 0.000 0.000 0.000 0.000 08/08/2097
0.000 0.000 0.000 0.000 0.000 0.000 0.000 0.000 0.000 0.000 0.000 0.000 0.000 0.000 0.000 0.000 0.000 0.000 0.000 0.000 0.000 0.000 0.000 0.000 0.000 0.000 0.000 0.000 0.000 0.000 09/08/2097
0.000 0.000 0.000 0.000 0.000 0.000 0.000 0.000 0.000 0.000 0.000 0.000 0.000 0.000 0.000 0.000 0.000 0.000 0.000 0.000 0.000 0.000 0.000 0.000 0.000 0.000 0.000 0.000 0.000 0.000 10/08/2097
0.000 0.000 0.000 0.000 0.000 0.000 0.000 0.000 0.000 0.000 0.000 0.000 0.000 0.000 0.000 0.000 0.000 0.000 0.000 0.000 0.000 0.000 0.000 0.000 0.000 0.000 0.000 0.000 0.000 0.000 11/08/2097
0.000 0.000 0.000 0.000 0.000 0.000 0.000 0.000 0.000 0.000 0.000 0.000 0.000 0.000 0.000 0.000 0.000 0.000 0.000 0.000 0.000 0.000 0.000 0.000 0.000 0.000 0.000 0.000 0.000 0.000 12/08/2097
3.923 1.138 0.668 0.926 1.186 1.152 1.164 0.673 0.134 0.161 5.916 0.801 0.517 0.520 0.161 5.209 0.000 0.118 0.118 0.000 5.002 0.000 0.000 0.117 0.000 2.184 0.982 1.280 0.000 0.000 13/08/2097
0.000 0.000 0.000 0.000 0.000 0.000 0.000 0.000 0.000 0.000 0.000 0.000 0.000 0.000 0.000 0.000 0.000 0.000 0.000 0.000 0.000 0.000 0.000 0.000 0.000 0.000 0.000 0.000 0.000 0.000 14/08/2097
1.096 3.096 0.000 0.000 0.000 3.135 3.162 0.000 0.000 0.000 5.107 8.638 0.133 0.134 0.000 4.794 9.455 1.521 1.538 0.000 4.616 9.476 9.085 1.514 0.000 1.099 4.463 4.974 0.397 0.000 15/08/2097
2.772 1.431 0.703 1.215 1.476 1.449 1.464 0.705 2.608 2.971 2.538 1.705 2.442 2.465 2.946 2.360 1.429 4.777 4.829 0.889 1.263 1.431 1.437 4.756 1.369 0.919 3.125 3.523 1.018 1.391 16/08/2097
0.000 0.000 0.000 0.000 0.000 0.000 0.000 0.000 0.000 0.000 0.000 0.000 0.000 0.000 0.000 0.000 0.000 0.000 0.000 0.000 0.000 0.000 0.000 0.000 0.000 0.000 0.000 0.000 0.000 0.000 17/08/2097
0.000 0.000 0.000 0.000 0.000 0.000 0.000 0.000 0.000 0.000 0.000 0.000 0.000 0.000 0.000 0.000 0.000 0.000 0.000 0.000 0.000 0.000 0.000 0.000 0.000 0.000 0.000 0.000 0.000 0.000 18/08/2097
0.000 0.000 0.000 0.000 0.000 0.000 0.000 0.000 0.000 0.000 0.000 0.000 0.000 0.000 0.000 0.000 0.000 0.000 0.000 0.000 0.000 0.000 0.000 0.000 0.000 0.000 0.000 0.000 0.000 0.000 19/08/2097
0.000 0.000 0.000 0.000 0.000 0.000 0.000 0.000 0.000 0.000 0.000 0.000 0.000 0.000 0.000 0.000 0.000 0.000 0.000 0.000 0.000 0.000 0.000 0.000 0.000 0.000 0.000 0.000 0.000 0.000 20/08/2097
0.000 0.000 0.000 0.000 0.000 0.000 0.000 0.000 0.000 0.000 0.000 0.000 0.000 0.000 0.000 0.000 0.000 0.000 0.000 0.000 0.000 0.000 0.000 0.000 0.000 0.000 0.000 0.000 0.000 0.000 21/08/2097
0.122 0.664 0.138 0.127 0.123 0.672 0.678 0.139 0.326 0.425 0.130 0.143 0.411 0.416 0.421 0.141 0.641 1.137 1.148 0.949 0.515 0.641 1.046 1.132 0.401 0.210 0.111 0.195 0.492 0.412 22/08/2097
0.111 0.130 0.000 0.000 0.000 0.131 0.132 0.000 0.000 0.000 0.644 0.208 0.448 0.450 0.000 0.674 0.462 1.286 1.300 1.138 0.739 0.463 0.654 1.280 1.844 1.260 1.877 1.993 1.737 1.867 23/08/2097
6.218 8.217 22.413 32.088 36.582 8.321 8.407 22.592 28.857 25.991 17.189 18.232 21.236 21.434 25.771 11.868 25.802 32.552 32.893 31.719 6.534 25.855 34.928 32.410 39.852 9.020 23.013 31.739 29.105 40.335 24/08/2097
0.000 0.000 0.000 0.000 0.000 0.000 0.000 0.000 0.000 0.000 0.000 0.000 0.000 0.000 0.000 0.000 0.000 0.000 0.000 0.000 0.000 0.000 0.000 0.000 0.000 0.000 0.000 0.000 0.000 0.000 25/08/2097
0.000 0.000 0.000 0.000 0.000 0.000 0.000 0.000 0.000 0.000 0.000 0.000 0.000 0.000 0.000 0.000 0.000 0.000 0.000 0.000 0.000 0.000 0.000 0.000 0.000 0.000 0.000 0.118 0.000 0.000 26/08/2097
0.000 0.000 0.000 0.000 0.000 0.000 0.000 0.000 0.000 0.000 0.000 0.000 0.000 0.000 0.000 0.000 0.000 0.000 0.000 0.000 0.000 0.000 0.000 0.000 0.000 0.000 0.000 0.000 0.000 0.000 27/08/2097
0.000 0.000 0.000 0.000 0.000 0.000 0.000 0.000 0.000 0.000 0.000 0.000 0.000 0.000 0.000 0.000 0.000 0.000 0.000 0.000 0.000 0.000 0.000 0.000 0.000 0.000 0.000 0.000 0.000 0.000 28/08/2097
0.000 0.000 0.000 0.000 0.000 0.000 0.000 0.000 0.000 0.000 0.000 0.000 0.000 0.000 0.000 0.000 0.000 0.000 0.000 0.000 0.000 0.000 0.000 0.000 0.000 0.000 0.000 0.000 0.000 0.000 29/08/2097
0.000 0.000 0.000 0.000 0.000 0.000 0.000 0.000 0.000 0.000 0.000 0.000 0.000 0.000 0.000 0.000 0.000 0.000 0.000 0.000 0.000 0.000 0.000 0.000 0.000 0.000 0.000 0.000 0.000 0.000 30/08/2097
0.000 0.000 0.000 1.261 1.308 0.000 0.000 0.000 0.186 0.275 0.000 0.466 0.806 0.811 0.274 0.109 0.000 3.016 3.049 0.720 0.144 0.000 0.154 3.002 0.000 0.000 0.738 0.923 12.376 0.000 31/08/2097
2.302 4.322 1.584 5.366 5.813 4.372 4.414 1.597 7.995 8.987 5.061 5.904 3.808 3.840 8.911 5.309 8.787 9.467 9.569 11.149 6.024 8.807 10.262 9.425 14.818 11.852 17.446 18.886 10.599 15.041 01/09/2097
0.000 0.000 0.000 0.000 0.000 0.000 0.000 0.000 0.000 0.000 0.000 0.000 0.000 0.000 0.000 0.000 0.000 0.000 0.000 0.000 0.000 0.000 0.000 0.000 0.000 0.000 0.000 0.000 0.000 0.000 02/09/2097
0.000 0.000 0.000 0.000 0.000 0.000 0.000 0.000 0.000 0.000 0.000 0.000 0.000 0.000 0.000 0.000 0.000 0.000 0.000 0.000 0.000 0.000 0.000 0.000 0.000 0.000 0.000 0.000 0.000 0.000 03/09/2097
0.000 0.000 0.000 0.000 0.000 0.000 0.000 0.000 0.000 0.000 0.000 0.000 0.000 0.000 0.000 0.000 0.000 0.000 0.000 0.000 0.000 0.000 0.000 0.000 0.000 0.000 0.000 0.000 0.000 0.000 04/09/2097
3.862 9.462 1.993 4.204 5.169 9.583 9.681 2.009 2.220 2.270 9.496 7.334 9.517 9.600 2.251 9.648 12.054 7.861 7.948 13.529 10.859 12.082 12.591 7.824 8.579 8.411 9.997 10.092 11.864 8.714 05/09/2097
1.728 1.308 0.000 0.000 0.000 1.324 1.336 0.000 0.000 0.000 6.135 4.898 1.174 1.185 0.000 6.309 1.828 1.690 1.706 0.000 7.122 1.832 1.961 1.683 0.000 5.110 1.692 1.789 1.894 0.000 06/09/2097
3.256 4.892 2.955 6.761 7.874 4.954 5.005 2.979 12.421 13.039 8.894 3.599 8.720 8.801 12.933 8.599 6.609 7.968 8.057 6.936 7.965 6.624 7.387 7.931 5.134 5.420 9.774 9.911 6.827 5.215 07/09/2097
8.061 7.139 7.180 7.832 9.311 7.226 7.297 7.235 11.951 12.752 8.630 10.018 12.222 12.335 12.648 8.416 15.160 19.416 19.628 13.821 8.986 15.195 17.651 19.328 20.930 14.888 15.899 18.575 19.652 21.254 08/09/2097
3.898 6.065 7.179 6.512 7.603 6.146 6.212 7.233 2.415 2.527 4.883 4.327 3.112 3.140 2.505 4.849 0.508 0.481 0.486 0.329 1.397 0.509 0.821 0.480 0.412 0.223 0.000 0.117 0.245 0.428 09/09/2097
0.103 0.000 0.000 0.429 0.376 0.000 0.000 0.000 0.121 0.000 0.000 0.000 0.000 0.000 0.000 0.000 0.000 0.154 0.155 0.279 0.000 0.000 0.118 0.154 0.142 0.154 0.000 0.000 0.135 0.142 10/09/2097
0.000 0.000 0.000 0.000 0.000 0.000 0.000 0.000 0.000 0.000 0.000 0.000 0.000 0.000 0.000 0.000 0.000 0.000 0.000 0.000 0.000 0.000 0.000 0.000 0.000 0.000 0.000 0.000 0.000 0.000 11/09/2097
0.000 0.000 0.000 0.000 0.000 0.000 0.000 0.000 0.000 0.000 0.000 0.000 0.000 0.000 0.000 0.000 0.000 0.000 0.000 0.000 0.000 0.000 0.000 0.000 0.000 0.000 0.000 0.000 0.000 0.000 12/09/2097
0.000 0.000 0.000 0.000 0.000 0.000 0.000 0.000 0.000 0.000 0.000 0.000 0.000 0.000 0.000 0.000 0.000 0.000 0.000 0.000 0.000 0.000 0.000 0.000 0.000 0.000 0.000 0.000 0.000 0.000 13/09/2097
0.000 0.000 0.000 0.000 0.000 0.000 0.000 0.000 0.000 0.000 0.107 0.000 0.000 0.000 0.000 0.160 0.000 0.000 0.000 0.000 0.119 0.000 0.000 0.000 0.000 0.000 0.000 0.000 0.000 0.000 14/09/2097
0.000 0.000 0.000 0.000 0.000 0.000 0.000 0.000 0.000 0.000 0.000 0.000 0.000 0.000 0.000 0.000 0.000 0.000 0.000 0.000 0.000 0.000 0.000 0.000 0.000 0.000 0.000 0.000 0.000 0.000 15/09/2097
0.000 0.000 0.000 0.000 0.000 0.000 0.000 0.000 0.000 0.000 0.000 0.000 0.000 0.000 0.000 0.000 0.000 0.000 0.000 0.000 0.000 0.000 0.000 0.000 0.000 0.000 0.000 0.000 0.000 0.000 16/09/2097
0.000 0.000 0.000 0.000 0.000 0.000 0.000 0.000 0.000 0.000 0.000 0.000 0.000 0.000 0.000 0.000 0.000 0.000 0.000 0.000 0.000 0.000 0.000 0.000 0.000 0.000 0.000 0.000 0.000 0.000 17/09/2097
0.105 0.000 0.000 0.000 0.000 0.000 0.000 0.000 0.000 0.000 0.409 0.000 0.000 0.000 0.000 0.484 0.000 0.000 0.000 0.000 2.089 0.000 0.120 0.000 0.000 4.925 0.000 0.000 0.000 0.000 18/09/2097
18.682 18.607 12.788 15.163 18.419 18.844 19.037 12.886 23.446 26.701 28.680 23.031 17.169 17.328 26.474 24.701 27.746 24.185 24.453 28.552 25.659 27.812 23.858 24.073 25.878 24.045 29.630 25.141 23.404 26.288 19/09/2097
0.000 0.000 0.000 0.000 0.000 0.000 0.000 0.000 0.000 0.000 0.000 0.000 0.000 0.000 0.000 0.000 0.000 0.000 0.000 0.000 0.000 0.000 0.000 0.000 0.000 0.000 0.000 0.000 0.000 0.000 20/09/2097
7.122 12.943 8.757 17.603 20.706 13.101 13.230 8.819 17.020 17.793 12.712 8.568 12.787 12.905 17.642 12.725 6.205 12.542 12.680 13.721 17.175 6.220 6.963 12.484 9.865 7.537 16.549 18.808 18.028 10.015 21/09/2097
0.991 0.972 1.995 0.902 0.910 0.984 0.993 2.011 0.726 0.629 1.191 1.230 1.066 1.075 0.627 1.391 0.275 1.450 1.463 1.319 1.324 0.275 0.455 1.444 3.055 1.308 0.548 0.847 1.573 3.102 22/09/2097
0.000 0.000 0.000 0.000 0.000 0.000 0.000 0.000 0.000 0.000 0.000 0.000 0.000 0.000 0.000 0.000 0.000 0.000 0.000 0.000 0.000 0.000 0.000 0.000 0.000 0.000 0.000 0.000 0.000 0.000 23/09/2097
0.000 0.000 0.000 0.000 0.000 0.000 0.000 0.000 0.000 0.000 0.000 0.000 0.000 0.000 0.000 0.000 0.000 0.000 0.000 0.000 0.000 0.000 0.000 0.000 0.000 0.000 0.000 0.000 0.000 0.000 24/09/2097
0.000 0.000 0.000 0.000 0.000 0.000 0.000 0.000 0.000 0.000 0.000 0.000 0.000 0.000 0.000 0.000 0.000 0.000 0.000 0.000 0.000 0.000 0.000 0.000 0.000 0.000 0.000 0.000 0.000 0.000 25/09/2097
47.695 41.992 25.141 26.792 27.734 42.386 42.708 25.339 20.361 20.975 59.881 31.244 19.340 19.517 20.797 56.315 41.274 23.214 23.470 19.602 45.523 41.347 38.238 23.107 25.028 52.554 31.556 28.215 22.760 25.425 26/09/2097
20.270 14.749 15.882 15.164 18.419 14.937 15.090 16.008 14.385 15.956 12.969 10.579 13.673 13.800 15.818 13.006 9.193 9.578 9.677 10.729 9.737 9.215 9.587 9.537 6.547 6.556 5.225 6.169 5.425 6.652 27/09/2097
3.752 2.455 4.099 8.600 9.624 2.484 2.507 4.125 6.576 7.426 3.262 4.027 5.308 5.355 7.364 3.321 3.062 6.420 6.489 9.789 3.133 3.069 3.663 6.391 18.929 10.965 12.637 14.275 15.547 19.217 28/09/2097
1.133 0.550 0.666 1.093 1.163 0.548 0.543 0.667 3.210 3.406 0.392 0.202 1.213 1.223 3.380 0.449 0.499 1.458 1.471 2.682 0.423 0.500 0.789 1.452 1.201 0.697 0.326 0.520 1.074 1.219 29/09/2097
5.584 8.460 8.253 7.691 9.093 8.557 8.637 8.311 9.576 10.358 11.189 9.690 9.750 9.836 10.273 11.132 9.309 9.954 10.061 9.626 8.961 9.331 9.641 9.909 5.272 7.753 6.873 7.609 6.524 5.354 30/09/2097
12.369 7.119 6.880 6.618 7.728 7.206 7.277 6.935 5.181 5.762 7.763 5.013 3.904 3.938 5.713 7.645 4.684 6.822 6.898 3.258 6.587 4.698 5.396 6.791 5.530 7.275 5.371 6.378 6.429 5.612 01/10/2097
1.156 1.560 1.825 1.776 1.890 1.580 1.596 1.838 1.214 1.163 1.185 1.282 1.543 1.552 1.153 1.387 1.576 1.194 1.207 1.316 1.174 1.579 1.625 1.189 1.254 1.026 0.766 1.073 1.173 1.273 02/10/2097
0.646 1.079 0.990 0.898 0.907 1.092 1.103 0.998 0.747 0.641 0.456 0.789 0.994 0.999 0.639 0.587 0.627 1.197 1.210 1.021 1.054 0.629 0.906 1.191 0.954 0.892 0.841 1.117 1.048 0.960 03/10/2097
0.249 0.518 0.197 0.142 0.000 0.518 0.515 0.200 0.179 0.100 0.512 0.365 0.341 0.342 0.100 0.659 0.158 0.301 0.294 0.787 0.263 0.158 0.216 0.300 0.434 0.157 0.125 0.171 0.493 0.447 04/10/2097
1.275 1.341 1.356 1.131 1.207 1.357 1.370 1.366 1.473 1.655 1.447 1.582 1.212 1.223 1.646 1.686 2.100 3.001 3.033 3.201 1.809 2.104 2.382 2.989 4.035 3.619 2.899 3.491 3.225 4.100 05/10/2097
0.000 0.000 0.000 0.000 0.000 0.000 0.000 0.000 0.000 0.000 0.000 0.000 0.000 0.000 0.000 0.000 0.000 0.000 0.000 0.000 0.000 0.000 0.000 0.000 0.000 0.000 0.000 0.000 0.000 0.000 06/10/2097
0.000 0.000 0.000 0.000 0.000 0.000 0.000 0.000 0.000 0.000 0.000 0.000 0.000 0.000 0.000 0.000 0.000 0.000 0.000 0.000 0.000 0.000 0.000 0.000 0.000 0.000 0.000 0.000 0.000 0.000 07/10/2097
1.944 1.998 2.529 1.778 1.893 2.022 2.043 2.550 2.017 2.162 1.116 1.009 1.225 1.235 2.145 1.305 1.071 2.180 2.204 2.733 3.573 1.073 1.284 2.170 3.034 5.569 3.042 3.771 3.957 3.080 08/10/2097
12.553 20.963 4.436 3.491 4.101 21.230 21.447 4.505 20.521 21.530 32.820 28.418 24.216 24.441 21.347 29.254 30.463 26.858 27.157 32.650 21.684 30.535 26.791 26.734 32.918 22.476 11.979 12.370 19.268 33.361 09/10/2097
0.204 0.148 0.200 0.375 0.100 0.152 0.153 0.201 0.182 0.100 0.200 0.110 0.177 0.177 0.100 0.182 0.111 0.139 0.141 0.121 0.223 0.112 0.168 0.140 0.239 0.221 0.180 0.244 0.168 0.243 10/10/2097
0.000 0.000 0.000 0.000 0.000 0.000 0.000 0.000 0.000 0.000 0.000 0.000 0.000 0.000 0.000 0.000 0.000 0.000 0.000 0.000 0.000 0.000 0.000 0.000 0.000 0.000 0.000 0.000 0.000 0.000 11/10/2097
0.000 0.000 0.000 0.000 0.000 0.000 0.000 0.000 0.000 0.000 0.000 0.000 0.000 0.000 0.000 0.000 0.000 0.000 0.000 0.000 0.000 0.000 0.000 0.000 0.000 0.000 0.000 0.000 0.000 0.000 12/10/2097
4.637 5.524 4.095 3.674 4.332 5.594 5.651 4.128 3.135 3.796 3.199 3.436 3.445 3.474 3.764 3.478 2.230 2.565 2.590 2.155 2.092 2.234 2.598 2.555 1.369 1.711 1.446 1.755 1.634 1.382 13/10/2097
0.453 0.211 0.118 0.000 0.000 0.212 0.211 0.122 0.000 0.000 0.150 0.103 0.134 0.136 0.000 0.151 0.123 0.166 0.166 0.150 0.232 0.124 0.189 0.165 0.189 0.551 0.294 0.485 0.466 0.188 14/10/2097
1.353 2.583 2.546 0.617 0.625 2.615 2.658 2.566 0.198 0.143 3.253 5.462 2.789 2.814 0.142 3.496 6.801 2.437 2.464 0.000 6.436 6.816 7.629 2.426 0.138 8.171 4.960 5.610 0.667 0.137 15/10/2097
7.208 9.424 10.745 6.539 8.111 9.539 9.633 10.830 5.319 6.001 8.650 12.660 14.054 14.093 5.969 8.949 12.702 9.466 9.567 3.425 8.862 12.732 14.564 9.424 4.156 6.850 7.492 8.346 6.064 4.221 16/10/2097
10.052 11.857 5.845 3.137 3.581 12.006 12.128 5.890 1.503 1.698 6.386 3.930 3.464 3.492 1.688 6.498 4.264 2.077 2.100 1.701 7.494 4.274 5.075 2.067 2.129 8.483 3.076 3.865 2.730 2.162 17/10/2097
0.000 0.000 0.000 0.000 0.000 0.000 0.000 0.000 0.000 0.000 0.000 0.000 0.000 0.000 0.000 0.000 0.000 0.000 0.000 0.000 0.000 0.000 0.000 0.000 0.000 0.000 0.000 0.000 0.000 0.000 18/10/2097
0.130 0.000 0.106 0.000 0.000 0.000 0.000 0.109 0.000 0.000 0.000 0.000 0.000 0.000 0.000 0.000 0.000 0.000 0.000 0.000 0.000 0.000 0.000 0.000 0.000 0.000 0.000 0.109 0.111 0.000 19/10/2097
0.000 0.100 0.205 0.000 0.000 0.100 0.100 0.205 0.000 0.000 0.493 0.121 0.121 0.120 0.000 0.568 0.166 0.000 0.000 0.000 0.555 0.167 0.239 0.000 0.000 0.326 0.124 0.192 0.111 0.000 20/10/2097
1.371 0.486 2.317 1.382 1.725 0.491 0.497 2.332 2.388 3.093 0.430 1.253 1.678 1.694 3.067 0.517 0.979 1.240 1.308 1.494 0.441 0.981 1.449 1.234 1.281 0.510 0.964 1.378 1.520 1.301 21/10/2097
6.846 6.547 8.185 12.362 15.893 6.626 6.688 8.250 12.005 12.592 4.019 7.154 11.981 12.091 12.486 4.403 2.604 3.111 3.132 7.411 2.477 2.611 3.322 3.101 1.414 0.583 0.816 1.164 1.487 1.459 22/10/2097
0.000 0.000 0.000 0.000 0.000 0.000 0.000 0.000 0.000 0.000 0.000 0.000 0.103 0.103 0.000 0.000 0.000 0.000 0.000 0.000 0.000 0.000 0.000 0.000 0.000 0.000 0.000 0.000 0.000 0.000 23/10/2097
0.208 0.126 0.189 0.125 0.000 0.125 0.125 0.189 0.663 0.959 0.100 0.117 0.607 0.611 0.950 0.000 0.235 0.265 0.267 0.375 0.125 0.235 0.295 0.264 0.169 0.144 0.180 0.248 0.278 0.171 24/10/2097
0.127 0.107 0.125 0.178 0.100 0.105 0.106 0.123 0.362 0.426 0.100 0.000 0.243 0.246 0.422 0.000 0.107 0.251 0.253 0.375 0.122 0.107 0.136 0.248 0.430 0.106 0.179 0.247 0.243 0.435 25/10/2097
24.702 11.481 15.086 15.718 18.874 11.623 11.739 15.207 19.595 19.611 11.309 10.765 13.634 13.760 19.444 11.253 13.260 15.054 15.221 20.329 10.473 13.291 13.830 14.984 21.434 10.300 11.822 12.182 18.525 21.769 26/10/2097
3.669 5.246 6.891 5.722 7.005 5.308 5.359 6.946 2.134 2.206 1.999 1.050 3.003 3.029 2.188 2.080 0.311 0.757 0.766 1.216 2.784 0.312 0.495 0.754 0.130 0.146 0.000 0.000 0.000 0.130 27/10/2097
5.764 10.230 0.937 1.148 1.225 10.362 10.470 0.944 0.704 0.616 5.276 1.141 1.289 1.301 0.613 5.295 3.380 2.985 3.017 1.351 3.515 3.388 4.059 2.974 5.334 1.298 0.985 1.199 3.662 5.417 28/10/2097
0.000 0.000 0.000 0.000 0.000 0.000 0.000 0.000 0.000 0.000 0.000 0.000 0.000 0.000 0.000 0.000 0.000 0.000 0.000 0.000 0.000 0.000 0.000 0.000 0.235 0.000 0.000 0.000 0.000 0.237 29/10/2097
0.000 0.000 0.000 0.000 0.000 0.000 0.000 0.000 0.000 0.000 0.000 0.000 0.000 0.000 0.000 0.000 0.000 0.000 0.000 0.000 0.000 0.000 0.000 0.000 0.000 0.000 0.000 0.000 0.000 0.000 30/10/2097
0.901 0.534 0.433 0.687 0.741 0.533 0.529 0.436 0.877 0.731 0.221 0.227 0.863 0.870 0.730 0.324 0.489 0.421 0.430 0.658 0.434 0.490 0.710 0.415 0.849 0.679 0.516 0.818 0.629 0.858 31/10/2097
1.185 0.270 0.941 0.974 0.968 0.272 0.277 0.948 1.063 0.929 0.611 0.140 1.106 1.118 0.927 0.768 0.165 0.318 0.312 0.275 0.189 0.166 0.302 0.316 0.000 0.379 0.213 0.370 0.135 0.000 01/11/2097
2.709 2.296 2.178 2.790 3.217 2.324 2.375 2.191 1.772 2.005 2.161 1.976 1.856 1.868 1.987 2.250 1.501 1.333 1.348 1.209 1.787 1.505 1.500 1.327 1.044 1.290 0.968 1.190 1.113 1.055 02/11/2097
13.748 13.606 14.418 15.930 19.763 13.771 13.906 14.531 17.342 18.012 12.103 13.879 17.217 17.370 17.858 12.040 17.056 17.505 17.692 17.698 15.118 17.096 19.090 17.427 17.363 16.461 17.825 19.589 18.611 17.628 03/11/2097
4.488 3.452 7.114 8.933 10.958 3.495 3.531 7.166 12.190 12.920 7.212 10.202 8.662 8.737 12.811 7.374 8.994 16.225 16.405 15.230 8.748 9.015 9.631 16.150 17.057 9.909 10.499 11.664 10.728 17.319 04/11/2097
3.996 3.457 5.710 7.220 8.796 3.501 3.537 5.749 7.685 8.798 3.206 4.064 6.038 6.083 8.723 3.496 3.922 4.500 4.631 7.574 4.791 3.930 4.847 4.479 8.168 7.081 5.921 6.468 6.923 8.281 05/11/2097
0.000 0.000 0.000 0.000 0.000 0.000 0.000 0.000 0.000 0.000 0.000 0.000 0.000 0.000 0.000 0.000 0.000 0.000 0.000 0.128 0.000 0.000 0.000 0.000 0.000 0.000 0.000 0.000 0.000 0.000 06/11/2097
0.000 0.000 0.000 0.000 0.000 0.000 0.000 0.000 0.000 0.000 0.000 0.000 0.000 0.000 0.000 0.000 0.000 0.000 0.000 0.142 0.000 0.000 0.000 0.000 0.108 0.000 0.000 0.000 0.000 0.108 07/11/2097
0.591 1.165 0.721 0.359 0.134 1.179 1.175 0.726 0.944 1.240 1.793 2.269 0.929 0.933 1.230 1.801 1.253 2.500 2.571 2.309 1.304 1.256 1.601 2.484 1.021 0.185 0.143 0.147 0.123 1.037 08/11/2097
7.781 8.148 7.750 7.611 8.538 8.252 8.336 7.812 8.144 9.145 10.344 8.677 8.716 8.797 9.070 10.395 8.918 8.881 8.980 7.845 10.526 8.939 10.393 8.840 8.236 10.301 8.484 9.841 8.984 8.366 09/11/2097
35.511 26.964 32.044 34.969 39.841 27.307 27.586 32.299 33.815 35.017 33.027 31.838 31.798 32.093 34.719 30.938 21.969 28.492 28.805 32.173 16.347 22.020 24.813 28.362 22.619 14.053 10.529 12.187 14.184 22.965 10/11/2097
16.613 16.830 18.788 15.256 17.163 17.041 17.213 18.937 16.346 17.735 18.915 15.849 16.925 17.081 17.585 18.031 11.939 10.936 11.056 9.503 12.651 11.967 13.828 10.885 12.081 15.076 9.905 11.427 10.562 12.267 11/11/2097
4.235 2.435 2.935 3.625 3.706 2.462 2.484 2.958 2.334 2.948 3.163 2.893 2.243 2.263 2.923 3.224 1.161 1.656 1.682 1.500 1.375 1.164 1.481 1.648 1.205 1.329 0.702 0.935 1.188 1.226 12/11/2097
1.031 0.105 0.137 0.199 0.100 0.105 0.106 0.138 0.000 0.000 0.000 0.000 0.000 0.000 0.000 0.000 0.000 0.000 0.000 0.000 0.000 0.000 0.000 0.000 0.000 0.000 0.000 0.000 0.000 0.000 13/11/2097
2.322 2.019 1.759 2.014 2.123 2.042 2.060 1.770 0.576 0.794 1.590 1.403 1.085 1.096 0.792 1.624 0.632 0.575 0.618 0.307 0.945 0.632 0.907 0.572 0.251 0.624 0.190 0.218 0.175 0.254 14/11/2097
0.000 0.000 0.000 0.000 0.000 0.000 0.000 0.000 0.000 0.000 0.000 0.000 0.000 0.000 0.000 0.000 0.000 0.000 0.000 0.000 0.000 0.000 0.000 0.000 0.000 0.000 0.000 0.108 0.000 0.000 15/11/2097
0.000 0.000 0.000 0.000 0.000 0.000 0.000 0.000 0.000 0.000 0.000 0.000 0.000 0.000 0.000 0.000 0.000 0.000 0.000 0.000 0.000 0.000 0.000 0.000 0.000 0.000 0.000 0.000 0.000 0.000 16/11/2097
0.000 0.000 0.000 0.000 0.000 0.000 0.000 0.000 0.000 0.000 0.000 0.000 0.000 0.000 0.000 0.000 0.000 0.000 0.000 0.000 0.000 0.000 0.000 0.000 0.000 0.000 0.000 0.000 0.000 0.000 17/11/2097
0.000 0.000 0.000 0.000 0.000 0.000 0.000 0.000 0.000 0.000 0.000 0.000 0.000 0.000 0.000 0.000 0.000 0.000 0.000 0.000 0.000 0.000 0.000 0.000 0.000 0.000 0.000 0.000 0.000 0.000 18/11/2097
0.000 0.000 0.000 0.000 0.000 0.000 0.000 0.000 0.000 0.000 0.000 0.000 0.000 0.000 0.000 0.000 0.000 0.000 0.000 0.000 0.000 0.000 0.000 0.000 0.000 0.000 0.000 0.000 0.000 0.000 19/11/2097
0.000 0.000 0.000 0.000 0.000 0.000 0.000 0.000 0.000 0.000 0.000 0.000 0.000 0.000 0.000 0.000 0.000 0.000 0.000 0.000 0.000 0.000 0.000 0.000 0.000 0.000 0.000 0.000 0.000 0.000 20/11/2097
0.000 0.000 0.000 0.000 0.000 0.000 0.000 0.000 0.000 0.000 0.000 0.000 0.000 0.000 0.000 0.000 0.000 0.000 0.000 0.000 0.036 0.000 0.000 0.000 0.000 0.000 0.000 0.000 0.000 0.000 21/11/2097
0.000 0.000 0.000 0.000 0.000 0.000 0.000 0.000 0.000 0.000 0.000 0.000 0.000 0.000 0.000 0.000 0.000 0.000 0.000 0.000 0.000 0.000 0.000 0.000 0.000 0.000 0.000 0.000 0.000 0.000 22/11/2097
0.000 0.000 0.000 0.000 0.000 0.000 0.000 0.000 0.000 0.000 0.000 0.000 0.000 0.000 0.000 0.000 0.000 0.000 0.000 0.000 0.000 0.000 0.000 0.000 0.000 0.000 0.000 0.000 0.000 0.000 23/11/2097
0.000 0.000 0.000 0.000 0.000 0.000 0.000 0.000 0.000 0.000 0.000 0.000 0.000 0.000 0.000 0.000 0.000 0.000 0.000 0.000 0.000 0.000 0.000 0.000 0.000 0.000 0.000 0.000 0.000 0.000 24/11/2097
4.536 4.471 4.010 5.740 6.460 4.527 4.573 4.035 6.039 6.809 5.178 4.593 5.966 6.015 6.753 5.392 5.241 6.383 6.451 7.387 5.402 5.253 6.217 6.470 9.635 5.606 5.838 6.551 7.796 9.779 25/11/2097
2.177 2.371 2.476 4.321 4.255 2.396 2.418 2.494 3.843 4.594 2.160 2.438 2.905 2.932 4.557 2.233 2.237 2.978 3.010 3.367 2.503 2.242 2.726 2.948 3.263 2.738 2.200 2.617 2.783 3.197 26/11/2097
1.240 0.462 1.020 5.412 5.903 0.467 0.472 1.028 3.494 4.125 4.624 3.945 1.208 1.337 4.091 4.995 1.436 3.065 3.098 4.276 2.059 1.439 1.795 3.028 3.087 4.198 2.442 2.966 2.420 3.135 27/11/2097
1.812 1.780 1.210 2.058 2.210 1.797 1.811 1.220 1.595 1.968 3.052 2.971 1.331 1.344 1.952 3.122 1.419 1.408 1.428 2.409 1.519 1.422 1.788 1.402 1.819 2.664 2.275 2.705 1.826 1.836 28/11/2097
1.588 1.382 0.991 0.783 0.573 1.379 1.392 0.999 0.400 0.480 1.591 1.209 0.684 0.687 0.476 1.628 0.675 0.416 0.430 0.318 1.151 0.675 0.943 0.414 0.447 1.101 0.567 0.774 0.588 0.455 29/11/2097
1.670 2.323 2.443 3.574 3.661 2.348 2.372 2.460 3.721 4.303 2.447 2.892 2.623 2.646 4.266 2.569 2.789 3.344 3.382 3.881 3.525 2.796 3.422 3.329 6.111 5.540 5.206 6.109 5.952 6.206 30/11/2097
4.612 4.368 5.073 8.841 10.076 4.416 4.440 5.112 8.399 10.446 4.462 3.202 6.750 6.641 10.358 4.885 4.089 6.257 6.171 8.213 5.856 4.098 4.970 6.230 6.602 4.735 3.435 4.336 5.417 6.694 01/12/2097
3.690 2.996 3.670 4.969 6.192 3.029 3.077 3.707 5.905 7.141 4.108 4.776 5.333 5.395 7.067 4.439 5.817 6.695 6.662 6.211 6.105 5.826 6.784 6.669 3.351 3.871 3.364 4.279 4.079 3.401 02/12/2097
0.000 0.000 0.000 0.000 0.000 0.000 0.000 0.000 0.000 0.000 0.000 0.000 0.000 0.000 0.000 0.000 0.000 0.000 0.000 0.000 0.000 0.000 0.000 0.000 0.000 0.000 0.000 0.000 0.000 0.000 03/12/2097
11.987 9.842 8.508 6.943 7.765 9.969 10.074 8.630 6.025 7.221 9.080 8.004 7.829 7.851 7.157 8.843 7.532 7.925 8.013 7.799 8.888 7.547 9.270 7.888 6.747 8.371 6.394 7.479 5.452 6.830 04/12/2097
16.026 22.145 20.179 19.266 23.953 22.418 22.640 20.334 18.717 21.735 19.027 17.424 17.933 18.097 21.557 17.494 13.340 13.683 13.835 14.142 14.928 13.371 15.433 13.620 16.884 15.472 14.788 17.879 16.932 17.144 05/12/2097
6.803 7.266 5.691 6.087 7.045 7.331 7.422 5.736 9.369 10.755 8.927 8.474 8.056 8.094 10.669 8.715 7.653 9.644 9.751 9.766 9.814 7.670 9.471 9.600 7.448 9.633 7.617 9.345 8.533 7.461 06/12/2097
1.707 1.595 1.662 2.320 2.217 1.610 1.629 1.673 3.070 3.639 2.186 2.171 2.511 2.524 3.611 2.116 2.985 3.035 3.066 3.669 3.064 2.990 3.720 3.022 3.823 3.291 3.345 4.259 4.095 3.873 07/12/2097
0.774 0.416 0.510 1.825 1.772 0.442 0.448 0.513 1.002 1.154 0.313 0.754 0.347 0.362 1.148 0.301 0.566 0.867 0.870 0.561 0.775 0.567 0.812 0.860 0.744 0.914 0.515 0.801 0.627 0.802 08/12/2097
2.967 3.611 4.113 5.880 6.941 3.654 3.688 4.143 4.424 5.439 2.349 2.880 3.510 3.530 5.419 2.407 2.130 2.895 2.922 3.253 2.222 2.134 2.667 2.885 3.233 2.382 2.229 2.864 2.952 3.283 09/12/2097
2.853 3.718 3.041 2.721 2.573 3.759 3.790 3.102 3.337 3.930 6.322 3.840 3.990 4.098 3.988 6.196 4.453 4.319 4.293 4.446 5.439 4.463 5.270 4.299 4.531 2.826 4.856 5.480 6.012 4.592 10/12/2097
0.400 1.064 0.884 1.091 1.172 1.075 1.086 0.890 1.123 1.303 0.954 1.034 1.046 1.061 1.289 0.896 0.625 1.178 1.186 1.124 0.782 0.627 0.898 1.160 1.102 0.729 0.746 1.013 1.059 1.123 11/12/2097
20.979 17.284 17.579 17.412 21.750 17.503 17.681 17.719 13.781 17.210 12.174 13.061 14.276 14.406 17.070 11.623 6.304 7.920 8.008 8.581 7.233 6.317 7.473 7.883 4.911 4.849 4.179 5.009 4.981 4.982 12/12/2097
10.180 12.868 11.989 13.017 14.364 12.926 13.049 12.084 14.841 18.179 15.325 15.336 16.163 16.307 18.027 13.935 14.985 17.598 17.788 16.996 15.592 15.020 18.261 17.517 19.101 16.756 15.914 18.611 18.203 19.402 13/12/2097
8.918 9.609 10.724 10.768 12.281 9.734 9.835 10.809 10.628 12.901 12.846 10.613 10.936 11.026 12.796 12.361 15.149 19.763 19.982 20.957 12.644 15.184 18.442 19.671 23.545 38.275 39.538 41.373 33.954 23.918 14/12/2097
16.233 20.382 20.277 18.391 22.806 20.632 20.837 20.434 19.963 23.888 7.651 11.325 18.404 18.572 23.684 7.862 13.764 15.318 15.481 20.624 13.867 13.797 16.083 15.249 19.898 14.556 18.427 22.750 20.210 20.213 15/12/2097
26.129 18.391 21.174 20.929 26.784 18.619 18.804 21.337 19.842 23.793 13.820 11.136 17.633 17.793 23.590 13.168 9.989 8.284 8.372 11.951 13.023 10.011 11.959 8.314 6.864 10.310 7.205 8.269 5.180 6.937 16/12/2097
1.259 1.226 0.944 0.979 1.039 1.232 1.240 0.947 1.028 1.186 1.146 1.255 1.074 1.089 1.171 1.015 0.787 1.075 1.087 0.990 0.915 0.789 1.059 1.070 0.466 0.497 0.268 0.482 0.448 0.496 17/12/2097
0.406 0.250 0.459 0.741 0.591 0.275 0.276 0.463 0.808 0.774 0.130 0.283 0.613 0.636 0.754 0.142 0.000 0.124 0.125 0.150 0.000 0.000 0.000 0.124 0.000 0.000 0.000 0.000 0.000 0.000 18/12/2097
3.166 3.312 3.477 4.815 5.910 3.349 3.383 3.521 6.445 7.614 5.828 4.574 5.085 5.162 7.561 5.999 10.119 11.768 11.898 12.855 11.588 10.141 12.128 11.714 24.155 19.075 17.362 21.197 23.323 24.537 19/12/2097
0.127 0.100 0.103 0.176 0.185 0.101 0.099 0.102 0.171 0.166 0.000 0.000 0.099 0.098 0.169 0.000 0.000 0.000 0.000 0.284 0.000 0.000 0.000 0.000 0.206 0.000 0.000 0.104 0.180 0.222 20/12/2097
0.000 0.000 0.000 0.000 0.000 0.000 0.000 0.000 0.000 0.000 0.000 0.000 0.000 0.000 0.000 0.000 0.000 0.000 0.000 0.000 0.000 0.000 0.000 0.000 0.000 0.000 0.000 0.000 0.000 0.000 21/12/2097
0.000 0.000 0.000 0.000 0.000 0.000 0.000 0.000 0.000 0.000 0.000 0.000 0.000 0.000 0.000 0.000 0.000 0.000 0.000 0.000 0.000 0.000 0.000 0.000 0.000 0.000 0.000 0.000 0.000 0.000 22/12/2097
1.187 1.104 0.588 0.467 0.237 1.118 1.137 0.592 0.248 0.134 1.018 0.823 0.506 0.465 0.119 0.826 0.192 0.196 0.199 0.162 0.436 0.203 0.284 0.193 0.117 0.111 0.104 0.134 0.109 0.117 23/12/2097
0.000 0.000 0.000 0.000 0.000 0.000 0.000 0.000 0.000 0.000 0.000 0.000 0.000 0.000 0.000 0.000 0.064 0.000 0.000 0.000 0.000 0.000 0.000 0.000 0.000 0.000 0.000 0.000 0.000 0.000 24/12/2097
0.000 0.000 0.000 0.000 0.000 0.000 0.000 0.000 0.000 0.000 0.000 0.000 0.000 0.000 0.000 0.000 0.000 0.000 0.000 0.000 0.000 0.000 0.000 0.000 0.000 0.000 0.000 0.000 0.000 0.000 25/12/2097
0.000 0.000 0.000 0.000 0.000 0.000 0.000 0.000 0.000 0.000 0.000 0.000 0.000 0.000 0.000 0.000 0.000 0.000 0.000 0.000 0.000 0.000 0.000 0.000 0.083 0.000 0.000 0.000 0.000 0.000 26/12/2097
0.000 0.000 0.000 0.000 0.100 0.000 0.000 0.000 0.000 0.000 0.000 0.000 0.000 0.000 0.000 0.000 0.000 0.000 0.000 0.000 0.000 0.000 0.000 0.083 0.000 0.000 0.000 0.000 0.000 0.000 27/12/2097
0.000 0.000 0.000 0.000 0.000 0.000 0.000 0.000 0.000 0.000 0.000 0.000 0.000 0.000 0.000 0.000 0.000 0.000 0.000 0.000 0.000 0.000 0.000 0.000 0.000 0.000 0.000 0.080 0.000 0.061 28/12/2097
0.000 0.000 0.000 0.000 0.000 0.000 0.000 0.000 0.000 0.000 0.000 0.000 0.000 0.000 0.000 0.000 0.000 0.000 0.000 0.000 0.000 0.000 0.000 0.000 0.000 0.000 0.000 0.000 0.000 0.088 29/12/2097
0.000 0.000 0.000 0.000 0.000 0.000 0.000 0.000 0.000 0.000 0.000 0.000 0.000 0.000 0.000 0.000 0.000 0.000 0.000 0.000 0.000 0.000 0.000 0.000 0.000 0.000 0.000 0.000 0.000 0.000 30/12/2097
0.000 0.000 0.000 0.000 0.000 0.000 0.000 0.000 0.000 0.000 0.000 0.000 0.000 0.000 0.000 0.000 0.000 0.000 0.000 0.000 0.000 0.000 0.000 0.000 0.000 0.000 0.000 0.000 0.000 0.000 31/12/2097
4.477 3.890 5.018 7.191 9.236 3.935 3.979 5.025 7.093 8.577 3.376 4.008 6.068 6.124 8.518 3.447 2.293 4.434 4.386 6.323 1.738 2.312 2.637 4.490 3.803 0.936 1.386 1.542 2.229 3.950 01/01/2098
0.141 0.100 0.195 0.619 0.887 0.101 0.098 0.198 0.561 0.846 0.000 0.000 0.399 0.386 0.800 0.000 0.000 0.164 0.172 0.217 0.000 0.000 0.117 0.159 0.155 0.000 0.000 0.128 0.180 0.151 02/01/2098
4.003 3.372 4.025 4.856 6.000 3.410 3.442 4.052 3.831 4.561 2.726 2.876 3.876 3.927 4.533 2.774 2.440 3.171 3.207 3.145 2.462 2.443 3.186 3.157 3.093 2.575 2.443 3.154 3.163 3.141 03/01/2098
0.000 0.000 0.000 0.000 0.000 0.000 0.000 0.000 0.000 0.000 0.000 0.000 0.000 0.000 0.000 0.000 0.000 0.000 0.000 0.000 0.000 0.000 0.000 0.000 0.000 0.000 0.000 0.000 0.000 0.000 04/01/2098
0.000 0.000 0.000 0.000 0.000 0.000 0.000 0.000 0.153 0.000 0.000 0.000 0.000 0.000 0.000 0.000 0.000 0.153 0.154 0.348 0.000 0.000 0.113 0.154 0.736 0.203 0.229 0.446 0.507 0.795 05/01/2098
0.000 0.000 0.000 0.000 0.000 0.000 0.000 0.000 0.000 0.100 0.000 0.000 0.000 0.000 0.000 0.000 0.000 0.000 0.000 0.000 0.000 0.000 0.000 0.000 0.000 0.000 0.000 0.000 0.000 0.000 06/01/2098
22.416 19.023 18.952 19.577 24.620 19.258 19.449 19.098 18.808 21.973 11.842 13.871 17.450 17.609 21.792 11.171 7.003 9.888 9.996 12.162 6.874 7.019 7.938 9.842 7.236 4.429 4.118 4.927 5.852 7.275 07/01/2098
0.904 1.102 1.057 1.468 1.469 1.114 1.125 1.065 1.184 1.346 1.099 1.127 1.086 1.099 1.343 0.991 0.963 1.221 1.237 1.174 0.941 0.965 1.174 1.213 1.204 0.967 0.950 1.147 1.225 1.227 08/01/2098
0.000 0.000 0.000 0.000 0.000 0.000 0.000 0.000 0.000 0.000 0.000 0.000 0.000 0.000 0.000 0.000 0.000 0.000 0.000 0.000 0.000 0.000 0.000 0.000 0.000 0.000 0.000 0.000 0.000 0.000 09/01/2098
0.000 0.000 0.000 0.000 0.028 0.000 0.000 0.000 0.000 0.000 0.000 0.000 0.000 0.000 0.000 0.000 0.000 0.000 0.000 0.000 0.000 0.000 0.000 0.000 0.000 0.000 0.000 0.000 0.000 0.000 10/01/2098
0.000 0.000 0.000 0.000 0.000 0.000 0.000 0.000 0.000 0.000 0.000 0.000 0.000 0.000 0.000 0.000 0.000 0.000 0.000 0.000 0.000 0.000 0.000 0.000 0.049 0.000 0.000 0.000 0.000 0.000 11/01/2098
0.000 0.000 0.000 0.000 0.000 0.000 0.000 0.000 0.000 0.000 0.000 0.000 0.000 0.000 0.042 0.000 0.000 0.000 0.000 0.000 0.000 0.000 0.000 0.000 0.097 0.000 0.000 0.000 0.000 0.091 12/01/2098
0.000 0.000 0.000 0.000 0.000 0.000 0.000 0.000 0.000 0.000 0.000 0.000 0.000 0.000 0.000 0.000 0.000 0.000 0.000 0.000 0.000 0.000 0.000 0.000 0.000 0.000 0.000 0.000 0.000 0.000 13/01/2098
0.617 0.866 0.956 1.350 1.700 0.883 0.890 0.960 1.257 1.723 0.815 0.854 1.313 1.300 1.710 0.802 0.802 1.172 1.179 1.210 0.558 0.811 1.044 1.189 1.211 0.614 0.764 1.026 1.126 1.178 14/01/2098
1.704 1.722 1.433 1.414 1.726 1.702 1.715 1.453 1.533 1.997 1.765 1.808 2.252 2.270 2.017 1.806 2.052 2.261 2.278 2.075 2.583 2.059 2.384 2.253 2.595 2.074 2.643 3.078 3.237 2.635 15/01/2098
0.000 0.000 0.000 0.000 0.000 0.000 0.000 0.000 0.000 0.000 0.000 0.000 0.000 0.000 0.000 0.000 0.000 0.000 0.000 0.000 0.000 0.000 0.000 0.000 0.000 0.000 0.000 0.000 0.000 0.000 16/01/2098
2.715 1.578 1.760 2.555 3.111 1.539 1.645 1.813 1.539 2.512 1.295 1.360 1.813 1.871 2.438 0.636 0.451 1.192 1.266 1.160 0.554 0.435 1.267 1.157 1.049 0.254 0.467 1.116 1.096 1.097 17/01/2098
18.410 16.907 17.825 17.176 23.174 17.121 17.296 17.968 13.850 17.463 15.225 14.086 14.313 14.453 17.340 15.435 13.572 13.313 13.426 13.541 12.049 13.603 13.421 13.258 12.554 11.650 12.840 13.033 12.434 12.730 18/01/2098
5.368 4.918 3.723 4.834 6.311 4.939 4.959 3.827 5.407 6.263 3.864 6.252 5.266 5.322 6.340 3.982 4.900 6.943 7.101 8.567 5.120 4.910 5.761 7.007 12.722 5.934 4.649 5.513 5.972 12.894 19/01/2098
0.915 0.945 0.474 0.102 0.000 0.966 0.960 0.410 0.000 0.000 0.979 0.813 0.305 0.308 0.000 0.966 0.441 0.000 0.000 0.000 0.616 0.441 0.833 0.072 0.090 0.502 0.020 0.186 0.000 0.078 20/01/2098
0.542 0.835 1.608 3.533 4.610 0.874 0.843 1.637 3.877 4.700 0.976 1.182 2.474 2.502 4.851 1.005 0.620 2.638 2.665 4.252 1.542 0.630 2.241 2.626 4.147 1.664 0.675 2.409 3.074 4.199 21/01/2098
2.260 1.857 1.959 2.312 3.499 1.869 1.933 1.977 2.261 2.890 1.723 1.761 2.269 2.286 2.868 1.719 1.933 2.163 2.293 2.128 1.698 1.947 2.235 2.154 2.016 1.504 1.727 2.065 2.064 2.041 22/01/2098
0.757 0.987 1.315 1.945 1.969 1.015 1.048 1.326 1.908 1.962 0.710 1.205 1.447 1.561 1.920 0.648 0.978 1.456 1.577 1.861 0.664 0.980 1.411 1.449 1.773 0.711 1.075 1.437 1.588 1.797 23/01/2098
0.000 0.000 0.000 0.000 0.000 0.000 0.000 0.000 0.000 0.000 0.000 0.000 0.000 0.000 0.000 0.000 0.000 0.000 0.000 0.000 0.000 0.000 0.000 0.000 0.000 0.000 0.000 0.000 0.000 0.000 24/01/2098
0.000 0.000 0.000 0.000 0.000 0.000 0.000 0.000 0.000 0.000 0.000 0.000 0.000 0.000 0.000 0.000 0.000 0.000 0.000 0.000 0.000 0.000 0.000 0.000 0.000 0.000 0.000 0.000 0.000 0.000 25/01/2098
3.799 3.113 2.628 2.521 2.480 3.186 3.243 2.647 2.464 2.424 3.334 2.889 3.439 3.489 2.397 2.992 3.334 3.240 3.275 2.392 2.972 3.342 3.490 3.225 2.254 1.973 2.489 2.518 2.735 2.314 26/01/2098
0.570 0.733 0.575 0.644 0.578 0.796 0.807 0.579 0.813 0.736 0.494 0.823 1.157 1.191 0.710 0.415 0.981 1.453 1.560 1.310 0.569 0.984 1.413 1.447 1.571 0.713 1.173 1.565 1.694 1.580 27/01/2098
0.000 0.000 0.000 0.000 0.000 0.000 0.000 0.000 0.000 0.000 0.000 0.000 0.000 0.000 0.000 0.000 0.000 0.000 0.000 0.000 0.000 0.000 0.000 0.000 0.000 0.000 0.000 0.000 0.000 0.000 28/01/2098
0.000 0.000 0.000 0.000 0.000 0.000 0.000 0.000 0.000 0.000 0.000 0.000 0.000 0.000 0.000 0.000 0.000 0.000 0.000 0.000 0.000 0.000 0.000 0.000 0.000 0.000 0.000 0.000 0.000 0.000 29/01/2098
0.000 0.000 0.000 0.000 0.000 0.000 0.000 0.000 0.000 0.000 0.000 0.000 0.000 0.000 0.000 0.000 0.000 0.000 0.000 0.000 0.000 0.000 0.000 0.000 0.000 0.000 0.000 0.000 0.000 0.000 30/01/2098
0.000 0.000 0.000 0.000 0.100 0.000 0.000 0.000 0.000 0.000 0.000 0.000 0.000 0.000 0.000 0.000 0.000 0.000 0.000 0.000 0.000 0.000 0.000 0.000 0.000 0.000 0.000 0.000 0.000 0.000 31/01/2098
0.000 0.000 0.000 0.000 0.000 0.000 0.100 0.000 0.000 0.000 0.000 0.000 0.000 0.000 0.000 0.000 0.000 0.000 0.000 0.000 0.000 0.000 0.000 0.000 0.000 0.000 0.000 0.000 0.000 0.000 01/02/2098
0.000 0.000 0.000 0.112 0.000 0.000 0.000 0.000 0.000 0.000 0.000 0.000 0.000 0.000 0.000 0.000 0.080 0.182 0.181 0.148 0.000 0.080 0.176 0.180 0.143 0.000 0.000 0.000 0.135 0.148 02/02/2098
1.828 1.708 1.568 1.798 2.392 1.683 1.693 1.549 2.031 2.390 1.760 1.747 2.215 2.233 2.451 1.802 2.184 2.538 2.558 2.562 2.239 2.194 2.567 2.528 2.568 2.382 2.498 2.948 3.048 2.608 03/02/2098
0.761 0.947 0.744 0.827 0.756 0.953 0.959 0.750 1.058 1.222 1.235 0.840 0.834 0.847 1.192 1.053 1.092 1.199 1.210 1.134 1.030 1.096 1.382 1.184 1.367 0.997 0.996 1.170 1.146 1.385 04/02/2098
18.131 19.152 19.157 19.504 24.463 19.388 19.580 19.304 20.079 23.979 18.634 18.705 19.088 19.265 23.774 17.050 16.770 20.809 21.040 20.633 17.325 16.810 19.955 20.712 20.990 17.080 16.930 19.986 21.369 21.322 05/02/2098
8.364 10.345 10.757 10.976 12.678 10.478 10.588 10.842 11.666 13.986 8.951 11.183 12.264 12.344 13.873 8.737 7.629 11.892 12.024 12.461 8.696 7.645 9.430 11.837 12.844 6.647 7.763 9.523 12.207 13.034 06/02/2098
9.287 7.733 6.868 7.556 10.084 7.833 7.915 6.926 9.003 10.609 8.750 11.920 8.415 8.440 10.519 8.689 7.187 7.835 7.914 6.600 9.650 7.204 8.937 7.803 8.975 8.024 12.763 13.012 11.511 9.066 07/02/2098
0.000 0.000 0.000 0.420 0.522 0.000 0.000 0.000 0.566 0.857 0.000 0.000 0.000 0.000 0.823 0.000 0.000 0.000 0.000 0.453 0.000 0.000 0.000 0.000 0.201 0.000 0.000 0.000 0.000 0.209 08/02/2098
8.301 9.019 9.157 10.381 11.405 9.134 9.227 9.331 9.881 11.592 8.912 9.355 9.693 9.798 11.495 8.702 7.334 9.703 9.810 10.205 7.912 7.349 8.600 9.659 11.196 7.952 7.654 9.380 10.451 11.364 09/02/2098
0.000 0.000 0.000 0.174 0.185 0.000 0.000 0.000 0.144 0.000 0.028 0.007 0.172 0.172 0.000 0.000 0.123 0.219 0.232 0.219 0.112 0.123 0.308 0.224 0.589 0.108 0.125 0.307 0.480 0.557 10/02/2098
0.000 0.000 0.000 0.183 0.185 0.000 0.000 0.000 0.321 0.461 0.360 0.044 0.182 0.176 0.499 0.397 0.303 0.307 0.313 0.324 0.409 0.303 0.549 0.401 0.385 0.478 0.240 0.573 0.583 0.325 11/02/2098
4.468 4.467 5.178 4.976 6.757 4.601 4.553 5.271 5.402 6.253 4.612 4.526 5.493 5.551 6.330 4.741 4.985 5.765 5.882 5.181 4.409 4.996 5.904 5.739 5.079 4.026 4.199 5.188 5.182 5.150 12/02/2098
0.000 0.000 0.000 0.351 0.417 0.000 0.000 0.000 0.235 0.324 0.000 0.000 0.142 0.132 0.332 0.000 0.000 0.155 0.147 0.207 0.000 0.000 0.124 0.153 0.190 0.000 0.000 0.106 0.130 0.178 13/02/2098
1.254 0.975 1.102 1.754 2.282 0.999 1.000 1.050 1.966 2.300 1.272 0.962 1.508 1.525 2.362 1.194 1.351 1.457 1.449 1.956 1.583 1.372 1.482 1.474 2.422 1.493 1.391 1.548 2.161 2.431 14/02/2098
0.421 0.419 0.316 0.589 0.882 0.448 0.509 0.319 0.663 0.904 0.364 0.451 0.666 0.639 0.906 0.398 0.456 0.539 0.500 0.552 0.358 0.454 0.856 0.562 0.529 0.321 0.342 0.706 0.665 0.472 15/02/2098
3.730 3.616 3.774 3.945 5.648 3.660 3.721 3.926 4.586 5.164 3.344 3.365 4.216 4.196 5.061 3.377 2.768 3.252 3.230 4.210 3.043 2.805 3.335 3.237 3.165 2.982 2.684 3.116 2.754 3.217 16/02/2098
10.110 11.066 11.640 12.983 17.079 11.319 11.396 11.754 12.614 14.393 11.889 11.352 12.935 13.043 14.302 9.746 13.679 13.252 13.361 13.704 9.866 13.709 13.447 13.196 13.795 10.446 13.885 13.320 13.561 14.069 17/02/2098
0.000 0.000 0.000 0.000 0.000 0.000 0.000 0.000 0.000 0.000 0.000 0.000 0.000 0.000 0.000 0.000 0.000 0.000 0.000 0.000 0.000 0.000 0.000 0.000 0.000 0.000 0.000 0.000 0.000 0.000 18/02/2098
0.000 0.000 0.000 0.000 0.000 0.000 0.000 0.000 0.000 0.000 0.000 0.000 0.000 0.000 0.000 0.000 0.000 0.000 0.000 0.107 0.000 0.000 0.000 0.000 0.000 0.000 0.000 0.000 0.000 0.000 19/02/2098
6.608 6.156 7.136 7.061 8.762 6.206 6.239 7.193 6.992 8.519 5.792 6.843 7.830 7.896 8.466 5.900 5.394 6.354 6.422 7.279 5.365 5.406 6.352 6.327 5.518 4.895 4.310 5.296 5.732 5.692 20/02/2098
2.253 1.637 1.297 1.860 2.679 1.604 1.628 1.229 1.976 2.312 1.255 1.247 1.737 1.789 2.374 1.181 1.459 2.114 2.134 2.038 2.279 1.477 1.562 2.105 2.294 1.749 2.102 2.399 1.482 2.300 21/02/2098
0.000 0.000 0.000 0.000 0.056 0.000 0.000 0.000 0.000 0.000 0.000 0.000 0.081 0.078 0.000 0.000 0.000 0.000 0.000 0.000 0.000 0.000 0.000 0.000 0.000 0.000 0.000 0.000 0.000 0.000 22/02/2098
1.557 1.134 0.345 0.668 0.893 1.093 1.136 0.346 0.563 0.851 3.376 1.001 0.778 0.763 0.812 3.449 1.062 0.564 0.617 0.328 3.437 1.064 1.196 0.589 0.155 3.442 0.793 1.055 0.451 0.151 23/02/2098
1.752 1.683 1.611 1.793 2.371 1.653 1.666 1.575 1.509 1.972 1.828 1.542 1.986 2.023 1.992 1.867 1.755 1.526 1.513 1.543 2.273 1.731 2.080 1.531 1.530 1.745 1.623 1.925 1.477 1.525 24/02/2098
5.326 5.366 5.423 4.273 5.650 5.413 5.471 5.447 4.399 5.113 5.254 5.560 6.590 6.644 5.096 5.388 5.623 5.806 5.854 4.021 4.191 5.634 6.571 5.784 4.364 4.000 4.637 5.943 4.290 4.202 25/02/2098
3.072 3.437 3.241 2.761 4.118 3.480 3.527 3.274 2.681 3.488 3.305 3.226 2.799 2.867 3.460 3.336 2.363 2.443 2.445 2.194 2.625 2.398 2.680 2.435 2.292 2.243 2.262 2.522 2.547 2.300 26/02/2098
0.000 0.000 0.000 0.000 0.056 0.000 0.000 0.000 0.000 0.000 0.057 0.000 0.000 0.000 0.000 0.000 0.000 0.000 0.000 0.000 0.000 0.000 0.000 0.000 0.000 0.000 0.000 0.000 0.000 0.000 27/02/2098
0.000 0.000 0.101 0.578 0.866 0.000 0.000 0.101 0.457 0.563 0.000 0.000 0.000 0.000 0.619 0.000 0.000 0.000 0.000 0.150 0.000 0.000 0.105 0.000 0.152 0.000 0.000 0.136 0.000 0.143 28/02/2098
1.824 1.571 2.714 4.144 4.269 1.578 1.594 2.736 4.552 3.901 1.246 1.356 2.632 2.651 3.873 1.150 1.442 2.385 2.507 3.651 1.103 1.445 1.544 2.411 2.176 0.697 1.180 1.193 1.742 2.108 01/03/2098
1.792 2.126 2.500 3.712 3.804 2.074 2.094 2.520 3.417 3.252 1.961 2.157 2.639 2.657 3.225 1.894 2.118 2.612 2.651 2.697 1.811 2.172 2.579 2.601 2.903 1.820 2.113 2.604 3.058 2.938 02/03/2098
0.000 0.000 0.000 1.020 0.979 0.000 0.000 0.000 0.418 0.310 0.000 0.000 0.000 0.000 0.309 0.000 0.000 0.000 0.000 0.000 0.000 0.000 0.000 0.000 0.000 0.000 0.000 0.000 0.000 0.000 03/03/2098
0.100 0.000 0.247 0.738 0.795 0.000 0.000 0.266 0.621 0.590 0.000 0.000 0.143 0.144 0.591 0.000 0.000 0.112 0.113 0.502 0.000 0.000 0.000 0.112 0.255 0.000 0.000 0.000 0.106 0.260 04/03/2098
0.488 1.415 0.895 1.039 0.985 1.433 1.449 0.900 1.458 1.620 1.578 1.630 1.867 1.840 1.608 1.772 1.775 2.186 2.205 2.341 1.992 1.781 2.029 2.222 3.535 1.145 1.233 1.252 2.202 3.589 05/03/2098
0.000 0.000 0.000 0.202 0.000 0.000 0.000 0.000 0.152 0.050 0.000 0.000 0.000 0.000 0.050 0.000 0.000 0.000 0.000 0.000 0.000 0.000 0.000 0.000 0.000 0.000 0.000 0.000 0.000 0.000 06/03/2098
0.000 0.000 0.000 0.212 0.038 0.000 0.000 0.000 0.115 0.000 0.000 0.000 0.102 0.103 0.000 0.000 0.000 0.000 0.000 0.000 0.000 0.000 0.000 0.000 0.000 0.000 0.000 0.000 0.000 0.000 07/03/2098
0.000 0.000 0.000 0.000 0.000 0.000 0.000 0.000 0.000 0.000 0.000 0.000 0.000 0.000 0.000 0.000 0.000 0.000 0.000 0.000 0.000 0.000 0.000 0.000 0.000 0.000 0.000 0.000 0.000 0.000 08/03/2098
0.000 0.000 0.000 0.000 0.000 0.000 0.000 0.000 0.000 0.000 0.000 0.000 0.000 0.000 0.000 0.000 0.000 0.000 0.000 0.000 0.000 0.000 0.000 0.000 0.000 0.000 0.000 0.000 0.000 0.000 09/03/2098
0.000 0.000 0.000 0.000 0.000 0.000 0.000 0.000 0.000 0.000 0.000 0.000 0.000 0.000 0.000 0.000 0.000 0.000 0.000 0.000 0.000 0.000 0.000 0.000 0.000 0.000 0.000 0.000 0.000 0.000 10/03/2098
0.000 0.000 0.000 0.000 0.000 0.000 0.000 0.000 0.000 0.000 0.000 0.000 0.000 0.000 0.000 0.000 0.000 0.000 0.000 0.000 0.000 0.000 0.000 0.000 0.000 0.000 0.000 0.000 0.000 0.000 11/03/2098
0.000 0.000 0.000 0.000 0.000 0.000 0.000 0.000 0.000 0.000 0.000 0.000 0.000 0.000 0.000 0.000 0.000 0.000 0.000 0.000 0.000 0.000 0.000 0.000 0.000 0.000 0.000 0.000 0.000 0.000 12/03/2098
0.000 0.000 0.000 0.000 0.000 0.000 0.000 0.000 0.000 0.000 0.000 0.000 0.000 0.000 0.000 0.000 0.000 0.000 0.000 0.000 0.000 0.000 0.000 0.000 0.000 0.000 0.000 0.000 0.000 0.000 13/03/2098
0.000 0.000 0.000 0.000 0.000 0.000 0.000 0.000 0.000 0.000 0.000 0.000 0.000 0.000 0.000 0.000 0.000 0.000 0.000 0.000 0.000 0.000 0.000 0.000 0.000 0.000 0.000 0.000 0.000 0.000 14/03/2098
0.000 0.000 0.000 0.000 0.000 0.000 0.000 0.000 0.000 0.000 0.000 0.000 0.000 0.000 0.000 0.000 0.000 0.000 0.000 0.000 0.000 0.000 0.000 0.000 0.000 0.000 0.000 0.000 0.000 0.000 15/03/2098
0.000 0.000 0.000 0.000 0.000 0.000 0.000 0.000 0.000 0.000 0.000 0.000 0.000 0.000 0.000 0.000 0.000 0.000 0.000 0.000 0.000 0.000 0.000 0.000 0.000 0.000 0.000 0.000 0.000 0.000 16/03/2098
0.000 0.000 0.000 0.000 0.000 0.000 0.000 0.000 0.000 0.000 0.000 0.000 0.000 0.000 0.000 0.000 0.000 0.000 0.000 0.000 0.000 0.000 0.000 0.000 0.000 0.000 0.000 0.000 0.000 0.000 17/03/2098
0.000 0.000 0.000 0.000 0.000 0.000 0.000 0.000 0.000 0.000 0.000 0.000 0.000 0.000 0.000 0.000 0.000 0.000 0.000 0.000 0.000 0.000 0.000 0.000 0.000 0.000 0.000 0.000 0.000 0.000 18/03/2098
0.000 0.000 0.000 0.000 0.000 0.000 0.000 0.000 0.000 0.000 0.000 0.000 0.000 0.000 0.000 0.000 0.000 0.000 0.000 0.000 0.000 0.000 0.000 0.000 0.000 0.000 0.000 0.000 0.000 0.000 19/03/2098
2.448 2.414 2.780 2.657 2.719 2.435 2.461 2.804 2.690 2.983 1.692 1.931 1.999 2.017 2.980 1.894 1.778 1.629 1.639 1.392 1.595 1.782 2.085 1.636 1.346 1.478 1.417 1.687 1.491 1.347 20/03/2098
13.732 14.436 14.836 13.257 15.984 14.608 14.748 14.954 11.407 13.153 12.703 11.399 12.383 12.527 13.042 11.364 14.674 11.853 11.981 11.669 14.675 14.707 14.537 11.799 10.573 11.075 12.323 12.720 11.758 10.735 21/03/2098
3.969 1.719 3.447 5.152 6.068 1.740 1.758 3.469 6.432 7.206 4.624 4.917 4.169 4.207 7.144 4.307 8.139 5.835 5.900 9.072 7.053 8.158 8.713 5.808 13.994 6.903 13.295 14.738 11.736 14.215 22/03/2098
0.423 0.269 0.635 1.832 1.747 0.272 0.273 0.640 1.346 1.524 0.300 0.486 0.866 0.874 1.511 0.333 0.599 1.019 1.029 1.620 0.000 0.600 0.832 1.014 2.043 0.913 0.568 0.739 0.900 2.067 23/03/2098
0.000 0.000 0.000 0.000 0.000 0.000 0.000 0.000 0.000 0.000 0.000 0.000 0.000 0.000 0.000 0.000 0.000 0.000 0.000 0.000 0.000 0.000 0.000 0.000 0.000 0.000 0.000 0.000 0.000 0.000 24/03/2098
0.000 0.000 0.000 0.000 0.000 0.000 0.000 0.000 0.000 0.000 0.000 0.000 0.000 0.000 0.000 0.000 0.000 0.000 0.000 0.000 0.000 0.000 0.000 0.000 0.000 0.000 0.000 0.000 0.000 0.000 25/03/2098
10.198 9.748 9.117 8.748 10.734 9.872 9.973 9.190 9.351 10.084 11.309 10.308 9.931 10.022 9.998 10.172 12.124 11.978 12.096 9.547 11.615 12.152 13.724 11.928 7.345 10.870 9.950 11.377 11.883 7.449 26/03/2098
2.119 2.325 2.237 2.443 2.505 2.332 2.342 2.249 2.447 2.748 4.095 3.733 4.363 4.525 2.729 4.004 1.418 2.339 2.334 2.863 2.912 1.421 1.759 2.330 1.870 3.537 1.480 1.760 2.813 1.895 27/03/2098
1.458 1.760 1.792 2.480 2.532 1.754 1.737 1.718 1.795 1.987 1.270 1.433 1.713 1.728 1.972 1.447 1.636 1.884 1.903 1.882 1.934 1.637 1.861 1.876 1.983 2.254 2.233 2.487 2.298 1.997 28/03/2098
7.627 10.757 7.838 7.497 9.066 10.919 11.241 7.901 10.289 11.871 9.059 8.165 8.442 8.507 11.455 8.634 7.350 9.362 9.454 10.248 7.284 7.367 8.187 9.320 11.047 6.904 8.739 9.694 9.477 11.222 29/03/2098
3.766 7.635 6.065 7.485 9.052 7.733 7.812 6.114 8.935 9.678 10.227 9.110 10.465 10.561 9.534 9.418 11.234 8.117 8.206 8.714 9.585 11.260 11.571 8.080 10.210 9.612 7.537 8.242 8.754 10.371 30/03/2098
2.068 1.510 1.663 1.168 1.363 1.560 1.587 1.672 2.217 2.465 2.430 1.421 1.631 1.619 2.462 2.713 2.498 2.676 2.705 2.235 5.142 2.499 2.849 2.668 5.756 9.506 9.525 10.158 8.282 5.847 31/03/2098
0.625 0.784 0.281 0.396 0.100 0.784 0.755 0.283 2.924 3.322 0.956 1.882 2.312 2.333 3.295 0.901 2.411 1.092 1.099 1.090 2.916 2.416 2.913 1.088 2.484 5.102 6.309 6.382 1.786 2.517 01/04/2098
0.000 0.000 0.000 0.000 0.000 0.000 0.000 0.000 0.000 0.000 0.000 0.000 0.000 0.000 0.000 0.000 0.000 0.000 0.000 0.000 0.000 0.000 0.000 0.000 0.000 0.000 0.000 0.000 0.000 0.000 02/04/2098
9.158 11.026 9.301 10.151 12.277 11.166 11.280 9.375 11.018 11.175 9.348 10.053 7.789 7.855 11.081 8.375 9.069 12.088 12.210 9.680 7.456 9.091 9.827 12.037 6.867 7.550 8.016 8.488 10.203 6.974 03/04/2098
7.633 6.361 7.508 6.491 7.446 6.442 6.508 7.564 6.230 6.977 7.291 7.217 10.640 10.737 6.828 7.518 9.629 8.315 8.406 6.517 10.438 9.652 10.628 8.277 6.078 7.297 7.291 7.028 6.009 6.228 04/04/2098
13.288 11.264 24.959 14.351 17.925 11.407 11.524 25.133 17.983 21.278 12.397 11.527 12.385 12.500 21.102 12.841 16.390 11.329 11.454 11.353 11.277 16.427 17.150 11.276 11.328 15.225 11.239 12.175 8.271 11.507 05/04/2098
5.072 5.571 4.531 4.787 5.100 5.641 5.697 4.566 5.407 5.751 6.550 6.272 5.990 6.045 5.687 6.768 6.363 6.340 6.410 6.330 6.927 6.378 6.545 6.310 6.373 7.477 7.572 7.248 6.327 6.499 06/04/2098
26.369 26.510 30.989 33.403 37.143 26.786 27.011 31.163 41.161 40.820 29.174 30.999 39.651 39.906 40.581 27.364 31.348 34.582 34.888 33.466 31.457 31.399 38.007 34.455 32.504 31.111 30.201 36.511 32.454 32.938 07/04/2098
1.572 1.608 1.800 1.169 1.233 1.630 1.647 1.810 2.350 2.726 0.932 1.113 1.847 1.845 2.671 1.025 0.666 3.246 3.281 1.703 1.080 0.666 0.742 3.232 1.409 1.669 2.158 2.624 0.965 1.387 08/04/2098
10.245 8.518 9.727 10.390 13.714 8.625 8.712 9.805 10.210 11.766 7.484 7.030 8.428 8.495 11.310 7.282 6.135 6.954 7.025 8.697 6.695 6.150 6.831 6.922 6.529 5.611 5.779 6.014 5.869 6.632 09/04/2098
0.000 0.000 0.000 0.000 0.000 0.000 0.000 0.000 0.000 0.000 0.000 0.000 0.000 0.000 0.000 0.000 0.000 0.000 0.000 0.000 0.000 0.000 0.000 0.000 0.000 0.000 0.000 0.000 0.000 0.000 10/04/2098
0.000 0.000 0.000 0.000 0.000 0.000 0.000 0.000 0.000 0.000 0.000 0.000 0.000 0.000 0.000 0.000 0.000 0.000 0.000 0.000 0.000 0.000 0.000 0.000 0.000 0.000 0.000 0.000 0.000 0.000 11/04/2098
2.386 3.968 4.281 3.563 4.305 4.016 4.054 4.313 5.124 5.672 4.006 4.381 3.169 3.198 5.543 3.853 5.786 3.736 3.776 3.180 3.722 5.799 6.151 3.712 2.276 3.925 5.118 5.417 3.574 2.265 12/04/2098
2.183 6.709 3.663 5.403 6.352 6.808 6.877 3.692 3.762 4.450 9.989 7.015 5.329 5.370 4.419 9.146 4.355 4.153 4.189 4.487 3.994 4.365 4.701 4.136 3.541 3.117 5.669 5.897 3.511 3.586 13/04/2098
3.275 2.967 3.339 4.125 4.906 3.004 3.035 3.367 3.603 4.103 3.232 3.073 3.411 3.437 4.069 3.163 3.026 3.455 3.487 3.219 3.369 3.033 3.568 3.443 2.595 2.785 2.596 3.028 2.788 2.613 14/04/2098
0.000 0.000 0.000 0.000 0.000 0.000 0.000 0.000 0.000 0.000 0.000 0.000 0.000 0.000 0.000 0.000 0.000 0.000 0.000 0.000 0.000 0.000 0.000 0.000 0.000 0.000 0.000 0.000 0.000 0.000 15/04/2098
0.000 0.000 0.000 0.000 0.000 0.000 0.000 0.000 0.000 0.000 0.000 0.000 0.000 0.000 0.000 0.000 0.000 0.000 0.000 0.000 0.000 0.000 0.000 0.000 0.000 0.000 0.000 0.000 0.000 0.000 16/04/2098
0.736 0.181 0.140 0.000 0.000 0.182 0.185 0.142 0.000 0.000 0.136 0.000 0.000 0.000 0.000 0.138 0.000 0.000 0.000 0.000 0.000 0.000 0.000 0.000 0.000 0.317 0.000 0.124 0.000 0.000 17/04/2098
0.000 0.000 0.000 0.000 0.000 0.000 0.000 0.000 0.000 0.000 0.000 0.000 0.000 0.000 0.000 0.000 0.000 0.000 0.000 0.000 0.000 0.000 0.000 0.000 0.000 0.000 0.000 0.000 0.000 0.000 18/04/2098
0.000 0.000 0.000 0.000 0.000 0.000 0.000 0.000 0.000 0.000 0.000 0.000 0.000 0.000 0.000 0.000 0.000 0.000 0.000 0.000 0.000 0.000 0.000 0.000 0.000 0.000 0.000 0.000 0.000 0.000 19/04/2098
0.000 0.000 0.000 0.000 0.000 0.000 0.000 0.000 0.000 0.000 0.000 0.000 0.000 0.000 0.000 0.000 0.000 0.000 0.000 0.000 0.000 0.000 0.000 0.000 0.000 0.000 0.000 0.108 0.000 0.000 20/04/2098
0.943 1.272 0.881 0.892 0.928 1.287 1.300 0.869 0.726 0.844 0.374 0.876 0.578 0.562 0.848 0.489 0.663 0.547 0.512 0.506 1.344 0.661 0.772 0.554 0.689 0.892 0.680 0.818 0.904 0.682 21/04/2098
0.000 0.000 0.000 0.000 0.000 0.000 0.000 0.000 0.000 0.000 0.000 0.000 0.000 0.000 0.000 0.000 0.000 0.000 0.000 0.000 0.000 0.000 0.000 0.000 0.000 0.000 0.000 0.000 0.000 0.000 22/04/2098
0.000 0.000 0.000 0.000 0.000 0.000 0.000 0.000 0.000 0.000 0.000 0.000 0.000 0.000 0.000 0.000 0.000 0.000 0.000 0.000 0.000 0.000 0.000 0.000 0.000 0.000 0.000 0.000 0.000 0.000 23/04/2098
0.000 0.000 0.000 0.000 0.000 0.000 0.000 0.000 0.000 0.000 0.000 0.000 0.000 0.000 0.000 0.000 0.000 0.000 0.000 0.000 0.000 0.000 0.000 0.000 0.000 0.000 0.000 0.000 0.000 0.000 24/04/2098
0.000 0.000 0.000 0.000 0.000 0.000 0.000 0.000 0.000 0.000 0.000 0.000 0.000 0.000 0.000 0.000 0.000 0.000 0.000 0.000 0.000 0.000 0.000 0.000 0.000 0.000 0.000 0.000 0.000 0.000 25/04/2098
0.000 0.000 0.000 0.000 0.000 0.000 0.000 0.000 0.000 0.000 0.000 0.000 0.000 0.000 0.000 0.000 0.000 0.000 0.000 0.000 0.000 0.000 0.000 0.000 0.000 0.000 0.000 0.000 0.000 0.000 26/04/2098
0.000 0.000 0.000 0.000 0.000 0.000 0.000 0.000 0.000 0.000 0.000 0.000 0.000 0.000 0.000 0.000 0.000 0.000 0.000 0.000 0.000 0.000 0.000 0.000 0.000 0.000 0.000 0.000 0.000 0.000 27/04/2098
0.000 0.000 0.000 0.000 0.000 0.000 0.000 0.000 0.000 0.000 0.000 0.000 0.000 0.000 0.000 0.000 0.000 0.000 0.000 0.000 0.000 0.000 0.000 0.000 0.000 0.000 0.000 0.000 0.000 0.000 28/04/2098
0.901 1.666 0.869 1.590 1.416 1.687 1.704 0.874 1.281 1.474 1.499 0.153 0.831 0.839 1.462 1.325 0.000 0.108 0.109 0.113 0.163 0.000 0.113 0.108 1.267 0.000 0.000 0.108 0.135 1.283 29/04/2098
14.555 6.556 5.923 4.452 5.571 6.638 6.704 5.962 1.270 1.465 10.853 10.353 3.254 3.284 1.453 9.693 4.481 1.265 1.275 0.643 6.138 4.492 4.831 1.260 1.313 1.523 0.223 0.312 0.849 1.331 30/04/2098
0.393 0.109 0.637 1.227 0.926 0.111 0.112 0.641 0.850 0.857 0.000 0.107 0.154 0.154 0.849 0.000 0.000 0.112 0.114 0.885 0.000 0.000 0.000 0.112 0.311 0.000 0.000 0.000 0.111 0.313 01/05/2098
0.000 0.000 0.000 0.000 0.000 0.000 0.000 0.000 0.000 0.000 0.000 0.000 0.000 0.000 0.000 0.000 0.000 0.000 0.000 0.000 0.000 0.000 0.000 0.000 0.000 0.000 0.000 0.000 0.000 0.000 02/05/2098
0.000 0.000 0.000 0.000 0.000 0.000 0.000 0.000 0.000 0.000 0.000 0.000 0.000 0.000 0.000 0.000 0.000 0.000 0.000 0.000 0.000 0.000 0.000 0.000 0.000 0.000 0.000 0.000 0.000 0.000 03/05/2098
0.000 0.000 0.000 0.000 0.000 0.000 0.000 0.000 0.000 0.000 0.000 0.000 0.000 0.000 0.000 0.000 0.000 0.000 0.000 0.000 0.000 0.000 0.000 0.000 0.000 0.000 0.000 0.000 0.000 0.000 04/05/2098
0.000 0.000 0.000 0.000 0.000 0.000 0.000 0.000 0.000 0.000 1.181 0.088 0.000 0.000 0.000 1.126 0.000 0.000 0.000 0.000 0.972 0.000 0.000 0.000 0.000 0.704 0.000 0.000 0.000 0.000 05/05/2098
0.000 0.000 0.000 0.000 0.000 0.000 0.000 0.000 0.000 0.000 0.000 0.000 0.000 0.000 0.000 0.000 0.000 0.000 0.000 0.000 0.000 0.000 0.000 0.000 0.000 0.000 0.000 0.000 0.000 0.000 06/05/2098
0.000 0.000 0.000 0.000 0.000 0.000 0.000 0.000 0.000 0.000 0.000 0.000 0.000 0.000 0.000 0.000 0.000 0.000 0.000 0.000 0.000 0.000 0.000 0.000 0.000 0.000 0.000 0.000 0.000 0.000 07/05/2098
0.000 0.000 0.000 0.000 0.000 0.000 0.000 0.000 0.000 0.000 0.000 0.000 0.000 0.000 0.000 0.000 0.000 0.000 0.000 0.000 0.000 0.000 0.000 0.000 0.000 0.000 0.000 0.000 0.000 0.000 08/05/2098
0.000 0.000 0.000 0.000 0.000 0.000 0.000 0.000 0.000 0.000 0.000 0.000 0.000 0.000 0.000 0.000 0.000 0.000 0.000 0.000 0.000 0.000 0.000 0.000 0.000 0.000 0.000 0.000 0.000 0.000 09/05/2098
0.000 0.000 0.000 0.000 0.000 0.000 0.000 0.000 0.000 0.000 0.000 0.000 0.000 0.000 0.000 0.000 0.000 0.000 0.000 0.000 0.000 0.000 0.000 0.000 0.000 0.000 0.000 0.000 0.000 0.000 10/05/2098
3.196 2.302 1.551 0.454 0.322 2.330 2.354 1.561 0.000 0.000 2.407 2.075 1.404 1.417 0.000 2.319 3.081 0.486 0.494 0.000 1.947 3.088 3.991 0.483 0.000 2.746 1.251 1.272 0.000 0.000 11/05/2098
0.000 0.000 0.000 0.000 0.000 0.000 0.000 0.000 0.000 0.000 0.000 0.000 0.000 0.000 0.000 0.000 0.000 0.000 0.000 0.000 0.000 0.000 0.000 0.000 0.000 0.000 0.000 0.000 0.000 0.000 12/05/2098
0.000 0.000 0.000 0.000 0.000 0.000 0.000 0.000 0.000 0.000 0.000 0.000 0.000 0.000 0.000 0.000 0.000 0.000 0.000 0.000 0.000 0.000 0.000 0.000 0.000 0.000 0.000 0.000 0.000 0.000 13/05/2098
0.000 0.000 0.000 0.000 0.000 0.000 0.000 0.000 0.000 0.000 0.138 0.448 0.116 0.116 0.000 0.000 0.194 0.000 0.000 0.000 0.000 0.180 0.256 0.000 0.000 0.000 0.000 0.000 0.106 0.000 14/05/2098
0.000 0.000 0.000 0.000 0.000 0.000 0.000 0.000 0.000 0.000 0.000 0.000 0.000 0.000 0.000 0.000 0.000 0.000 0.000 0.000 0.000 0.000 0.000 0.000 0.000 0.000 0.000 0.000 0.000 0.000 15/05/2098
0.000 0.000 0.000 0.000 0.000 0.000 0.000 0.000 0.000 0.000 0.107 0.000 0.000 0.000 0.000 0.000 0.000 0.000 0.000 0.000 0.267 0.000 0.113 0.000 0.000 0.000 0.255 0.408 0.000 0.000 16/05/2098
0.000 1.357 0.000 0.000 0.000 1.371 1.393 0.000 0.000 0.000 0.418 1.249 0.000 0.000 0.000 0.353 0.000 0.000 0.000 0.000 0.461 0.000 0.105 0.000 0.000 0.000 0.000 0.000 0.000 0.000 17/05/2098
0.000 0.000 0.000 0.000 0.000 0.000 0.000 0.000 0.000 0.000 0.000 0.000 0.000 0.000 0.000 0.000 0.000 0.000 0.000 0.000 0.000 0.000 0.000 0.000 0.000 0.000 0.000 0.000 0.000 0.000 18/05/2098
0.974 1.694 1.280 2.046 2.368 1.716 1.733 1.290 3.214 3.456 2.508 2.031 2.878 2.903 3.363 2.205 5.160 3.693 3.734 2.312 3.668 5.171 5.918 3.676 2.841 7.380 4.670 5.773 1.587 2.923 19/05/2098
5.052 0.460 1.838 2.579 2.848 0.460 0.462 1.846 1.604 2.010 0.500 0.343 1.456 1.464 1.990 0.546 0.734 0.586 0.582 0.761 0.375 0.735 0.786 0.602 0.252 0.853 1.111 1.432 3.101 0.260 20/05/2098
16.426 29.087 28.432 8.359 8.604 29.424 29.699 28.644 6.534 6.926 39.031 27.278 29.266 29.529 6.867 37.053 26.195 32.022 32.336 4.496 33.875 26.251 31.265 31.890 4.529 31.972 31.014 35.732 11.118 4.586 21/05/2098
7.396 7.825 11.286 11.289 12.575 7.832 7.824 11.366 9.972 10.380 16.827 29.996 32.698 32.960 10.292 16.778 11.096 36.959 37.273 30.059 14.799 11.119 12.424 36.828 21.627 9.240 11.902 13.126 33.216 21.964 22/05/2098
23.055 7.074 2.572 0.771 0.834 7.164 7.153 2.593 4.616 4.150 9.251 5.946 3.614 3.647 4.116 9.560 7.244 6.148 6.213 5.942 31.914 7.260 7.804 6.177 4.754 32.430 10.756 11.814 6.811 4.816 23/05/2098
0.000 0.000 0.000 0.000 0.000 0.000 0.000 0.000 0.000 0.000 0.000 0.000 0.000 0.000 0.000 0.000 0.000 0.000 0.000 0.000 0.000 0.000 0.000 0.000 0.000 0.000 0.000 0.000 0.000 0.000 24/05/2098
1.362 0.898 1.540 1.831 1.703 0.908 0.916 1.549 0.958 0.964 1.588 1.468 0.957 0.966 0.949 1.780 1.304 0.626 0.634 0.474 2.027 1.307 1.338 0.623 0.403 1.494 0.486 0.673 1.150 0.423 25/05/2098
1.523 3.459 0.602 1.710 1.670 3.503 3.540 0.606 1.697 1.692 5.996 6.881 3.317 3.347 1.677 6.469 3.602 0.445 0.456 0.327 9.660 3.611 4.624 0.443 0.204 1.169 15.559 15.900 1.509 0.204 26/05/2098
1.373 6.574 6.155 10.641 11.628 6.657 6.726 6.205 12.599 13.867 7.728 6.264 8.950 9.027 13.755 8.244 7.336 8.475 8.565 12.900 6.840 7.353 8.142 8.438 8.707 4.243 5.547 6.466 9.144 8.836 27/05/2098
0.000 0.000 0.000 0.000 0.000 0.000 0.000 0.000 0.000 0.000 0.000 0.000 0.000 0.000 0.000 0.000 0.000 0.000 0.000 0.000 0.000 0.000 0.000 0.000 0.000 0.000 0.000 0.000 0.000 0.000 28/05/2098
0.000 0.000 0.000 0.000 0.000 0.000 0.000 0.000 0.000 0.000 0.000 0.000 0.000 0.000 0.000 0.000 0.000 0.000 0.000 0.000 0.000 0.000 0.000 0.000 0.000 0.000 0.000 0.000 0.000 0.000 29/05/2098
0.650 0.641 1.454 2.763 2.887 0.671 0.678 1.463 1.447 1.656 10.431 4.465 3.293 3.323 1.634 9.534 2.377 2.034 2.029 8.305 11.410 2.382 2.696 2.025 3.568 8.901 9.312 9.978 6.049 3.614 30/05/2098
0.129 0.217 0.139 0.118 0.100 0.219 0.220 0.139 0.451 0.507 0.340 0.332 0.708 0.716 0.504 0.447 0.545 0.479 0.475 0.495 0.525 0.546 0.669 0.480 0.801 0.346 0.432 0.551 0.732 0.774 31/05/2098
8.326 3.088 2.976 6.476 6.196 3.127 3.159 2.998 6.456 6.955 5.028 4.404 3.816 3.851 6.895 4.803 4.522 3.769 3.811 3.631 4.859 4.533 4.357 3.752 2.131 3.994 1.791 1.996 6.524 2.165 01/06/2098
2.562 4.375 1.418 3.194 3.375 4.431 4.476 1.429 1.340 1.793 4.609 4.210 2.672 2.697 1.778 4.614 7.300 3.114 3.148 1.045 4.564 7.317 7.745 3.099 0.636 4.655 7.573 8.596 6.677 0.659 02/06/2098
0.000 0.000 0.000 0.000 0.000 0.000 0.000 0.000 0.000 0.000 0.000 0.000 0.000 0.000 0.000 0.000 0.000 0.000 0.000 0.000 0.000 0.000 0.000 0.000 0.000 0.000 0.000 0.000 0.000 0.000 03/06/2098
0.000 0.000 0.000 0.000 0.000 0.000 0.000 0.000 0.000 0.000 0.000 0.000 0.000 0.000 0.000 0.000 0.000 0.000 0.000 0.000 0.000 0.000 0.000 0.000 0.000 0.000 0.000 0.000 0.000 0.000 04/06/2098
0.000 0.000 0.000 0.000 0.000 0.000 0.000 0.000 0.000 0.000 0.000 0.000 0.000 0.000 0.000 0.000 0.000 0.000 0.000 0.000 0.000 0.000 0.000 0.000 0.000 0.000 0.000 0.000 0.000 0.000 05/06/2098
0.000 0.000 0.000 0.000 0.000 0.000 0.000 0.000 0.000 0.000 0.000 0.000 0.000 0.000 0.000 0.000 0.000 0.000 0.000 0.000 0.000 0.000 0.000 0.000 0.000 0.000 0.000 0.000 0.000 0.000 06/06/2098
6.856 9.459 12.318 7.281 6.941 9.579 9.677 12.416 8.949 10.515 9.233 19.032 10.229 10.324 10.426 8.061 16.984 13.052 13.197 10.974 15.510 17.024 17.941 12.991 4.512 14.948 10.186 11.044 11.230 4.571 07/06/2098
1.717 5.992 5.661 4.591 4.680 6.069 6.131 5.701 3.431 3.936 4.941 5.262 3.242 3.269 3.903 4.525 2.825 3.441 3.476 4.201 4.422 2.831 3.309 3.426 3.846 2.012 3.204 3.838 4.677 3.899 08/06/2098
0.142 0.101 0.164 0.439 0.426 0.101 0.101 0.165 0.902 1.236 0.000 0.754 0.351 0.354 1.226 0.000 0.272 0.377 0.380 0.124 0.407 0.272 0.444 0.375 0.183 0.219 0.189 0.371 0.344 0.186 09/06/2098
11.248 8.142 9.289 7.942 7.376 8.245 8.330 9.363 5.045 5.638 7.999 5.415 6.267 6.328 5.591 7.388 5.806 5.355 5.409 5.076 5.495 5.820 6.175 5.332 5.251 5.373 5.804 6.088 5.208 5.325 10/06/2098
3.196 4.237 3.032 0.144 0.225 4.291 4.335 3.053 0.000 0.000 4.128 5.403 0.233 0.234 0.000 3.940 0.731 0.169 0.169 0.000 6.211 0.732 0.984 0.168 0.978 6.059 2.354 2.854 0.813 0.993 11/06/2098
6.830 3.989 0.000 0.198 0.322 4.040 4.081 0.000 0.363 0.521 4.762 0.000 0.768 0.771 0.512 4.671 0.000 0.000 0.000 0.000 0.105 0.000 0.000 0.000 0.000 0.105 0.000 0.100 0.000 0.000 12/06/2098
4.104 5.089 3.908 5.271 5.556 5.153 5.206 3.939 4.178 4.415 4.279 4.187 4.182 4.220 4.378 4.179 4.629 7.828 7.910 6.608 2.153 4.640 5.758 7.794 8.068 4.482 6.617 8.008 7.757 8.192 13/06/2098
0.000 0.000 0.000 0.000 0.000 0.000 0.000 0.000 0.000 0.000 0.000 0.000 0.000 0.000 0.000 0.000 0.000 0.000 0.000 0.000 0.000 0.000 0.000 0.000 0.000 0.000 0.000 0.000 0.000 0.000 14/06/2098
0.000 0.000 0.000 0.000 0.000 0.000 0.000 0.000 0.000 0.000 0.000 0.000 0.000 0.000 0.000 0.000 0.000 0.000 0.000 0.000 0.000 0.000 0.000 0.000 0.000 0.000 0.000 0.000 0.000 0.000 15/06/2098
6.788 8.916 5.218 3.887 4.155 9.022 9.109 5.260 3.877 4.001 9.385 4.406 3.136 3.160 3.968 10.093 3.684 3.851 3.894 1.867 7.026 3.693 4.167 3.833 1.601 4.355 2.673 3.093 2.382 1.626 16/06/2098
0.000 0.000 0.000 0.000 0.000 0.000 0.000 0.000 0.000 0.000 0.185 0.100 0.101 0.101 0.000 0.178 0.248 0.730 0.735 0.236 0.336 0.248 0.419 0.728 1.525 0.228 0.103 0.137 0.300 1.549 17/06/2098
0.000 0.100 0.000 0.000 0.000 0.101 0.101 0.000 0.000 0.000 8.405 1.670 0.000 0.000 0.000 9.020 0.424 0.500 0.503 0.532 0.568 0.425 0.618 0.499 0.859 2.624 1.841 1.979 3.515 0.869 18/06/2098
2.495 2.088 2.088 1.364 1.663 2.115 2.137 2.105 3.558 3.654 2.202 0.000 3.131 3.155 3.623 1.976 0.166 1.054 1.063 2.369 3.341 0.167 0.294 1.050 1.364 3.257 1.668 1.663 1.428 1.386 19/06/2098
0.000 0.000 0.102 1.231 1.496 0.000 0.000 0.102 0.000 0.000 0.000 0.000 0.543 0.547 0.000 0.000 0.000 0.353 0.362 0.000 0.000 0.000 0.000 0.350 0.000 0.000 0.000 0.000 0.000 0.000 20/06/2098
8.241 13.605 0.664 0.000 0.000 13.778 13.919 0.665 0.000 0.000 7.069 6.766 4.474 4.514 0.000 7.311 4.959 4.014 4.059 0.210 20.029 4.971 6.181 3.995 1.868 0.488 0.157 0.263 1.382 1.896 21/06/2098
0.557 6.302 7.136 0.768 1.002 6.379 6.443 7.192 1.836 2.323 0.381 5.115 2.580 2.604 2.303 0.281 1.426 2.783 2.814 1.597 0.000 1.429 1.696 2.771 0.234 0.000 0.137 0.284 1.016 0.237 22/06/2098
0.777 2.051 13.998 10.617 12.208 2.073 2.095 14.107 20.390 21.622 0.560 3.197 23.004 23.217 21.439 0.601 11.205 22.086 22.331 27.760 1.509 11.230 10.768 21.984 25.824 2.294 13.609 13.192 26.326 26.220 23/06/2098
0.000 0.000 0.000 0.000 0.000 0.000 0.000 0.000 0.000 0.000 0.000 0.000 0.000 0.000 0.000 0.000 0.000 0.000 0.000 0.000 0.000 0.000 0.000 0.000 0.000 0.000 0.000 0.000 0.000 0.000 24/06/2098
0.000 0.000 0.000 0.000 0.000 0.000 0.000 0.000 0.000 0.000 0.000 0.000 0.000 0.000 0.000 0.000 0.000 0.000 0.000 0.000 0.000 0.000 0.000 0.000 0.000 0.000 0.000 0.000 0.000 0.000 25/06/2098
0.801 0.548 0.771 0.000 0.000 0.555 0.558 0.776 0.000 0.000 1.915 0.749 0.000 0.000 0.000 2.176 0.000 0.000 0.000 0.000 1.372 0.000 0.000 0.000 0.000 0.000 0.000 0.000 0.000 0.000 26/06/2098
23.504 48.664 18.739 7.864 9.581 49.086 49.430 18.884 2.942 3.095 55.638 43.736 16.811 16.966 3.074 58.896 29.009 13.136 13.282 0.000 43.693 29.077 28.534 13.075 0.115 33.921 21.416 20.034 1.418 0.115 27/06/2098
47.809 48.469 36.003 36.065 31.014 48.891 49.235 36.269 30.845 28.691 39.937 44.317 28.966 29.223 28.446 43.195 38.303 28.297 28.596 39.091 37.137 38.378 41.047 28.173 33.948 31.551 27.116 24.086 37.365 34.484 28/06/2098
8.276 10.957 14.692 16.401 18.788 11.092 11.203 14.807 22.637 24.870 17.106 13.199 20.219 20.406 24.659 17.155 19.199 23.504 23.763 21.541 23.282 19.244 19.919 23.396 19.996 16.873 22.519 20.435 26.884 20.309 29/06/2098
0.549 0.153 0.559 0.393 0.429 0.155 0.157 0.563 0.446 0.591 0.500 0.568 0.537 0.541 0.586 0.429 0.321 1.279 1.293 1.475 1.635 0.322 0.536 1.273 1.401 0.860 0.674 1.076 1.327 1.423 30/06/2098
0.000 0.000 0.000 0.000 0.000 0.000 0.000 0.000 0.000 0.000 0.000 0.000 0.000 0.000 0.000 0.000 0.000 0.000 0.000 0.000 0.000 0.000 0.000 0.000 0.000 0.000 0.000 0.000 0.000 0.000 01/07/2098
0.000 0.000 0.000 0.000 0.000 0.000 0.000 0.000 0.000 0.000 0.000 0.000 0.000 0.000 0.000 0.000 0.000 0.000 0.000 0.000 0.000 0.000 0.000 0.000 0.000 0.000 0.000 0.000 0.000 0.000 02/07/2098
0.000 0.000 0.000 0.000 0.000 0.000 0.000 0.000 0.000 0.000 0.000 0.000 0.000 0.000 0.000 0.000 0.000 0.000 0.000 0.000 0.000 0.000 0.000 0.000 0.000 0.000 0.000 0.000 0.000 0.000 03/07/2098
0.000 0.000 0.000 0.000 0.000 0.000 0.000 0.000 0.000 0.000 0.000 0.000 0.000 0.000 0.000 0.000 0.000 0.000 0.000 0.000 0.000 0.000 0.000 0.000 0.000 0.000 0.000 0.000 0.000 0.000 04/07/2098
0.000 0.000 0.000 0.000 0.000 0.000 0.000 0.000 0.000 0.000 0.000 0.000 0.000 0.000 0.000 0.000 0.000 0.000 0.000 0.000 0.000 0.000 0.000 0.000 0.000 0.000 0.000 0.000 0.000 0.000 05/07/2098
0.000 0.000 0.000 0.000 0.000 0.000 0.000 0.000 0.000 0.000 0.000 0.000 0.000 0.000 0.000 0.000 0.000 0.000 0.000 0.000 0.000 0.000 0.000 0.000 0.000 0.000 0.000 0.000 0.000 0.000 06/07/2098
0.000 0.000 0.000 0.000 0.000 0.000 0.000 0.000 0.000 0.000 0.000 0.000 0.000 0.000 0.000 0.000 0.000 0.000 0.000 0.000 0.000 0.000 0.000 0.000 0.000 0.000 0.000 0.000 0.000 0.000 07/07/2098
0.000 0.000 0.000 0.000 0.000 0.000 0.000 0.000 0.000 0.000 0.000 0.000 0.000 0.000 0.000 0.000 0.000 0.000 0.000 0.000 0.000 0.000 0.000 0.000 0.000 0.000 0.000 0.000 0.000 0.000 08/07/2098
0.000 0.000 0.000 0.000 0.000 0.000 0.000 0.000 0.000 0.000 0.000 0.000 0.000 0.000 0.000 0.000 0.000 0.000 0.000 0.000 0.000 0.000 0.000 0.000 0.000 0.000 0.000 0.000 0.000 0.000 09/07/2098
3.350 2.470 1.786 2.022 2.767 2.500 2.525 1.800 2.661 2.997 7.512 4.288 3.118 3.142 2.972 7.932 4.230 3.984 4.028 1.243 4.477 4.240 4.954 3.965 0.885 0.658 2.848 3.204 6.318 0.898 10/07/2098
0.236 0.000 0.761 2.469 2.874 0.000 0.000 0.766 2.444 2.829 0.455 1.031 2.028 2.039 2.806 0.355 1.768 5.013 5.068 2.551 1.248 1.772 1.932 4.989 4.142 3.149 4.902 5.349 3.498 4.206 11/07/2098
1.940 1.206 0.927 2.201 2.603 1.219 1.229 0.933 2.435 2.826 1.811 0.918 1.351 1.364 2.803 2.049 2.050 2.402 2.429 2.725 1.917 2.054 2.164 2.391 3.412 2.905 3.305 3.848 2.853 3.455 12/07/2098
0.000 0.000 0.000 0.000 0.000 0.000 0.000 0.000 0.000 0.000 0.000 0.000 0.000 0.000 0.000 0.000 0.000 0.000 0.000 0.000 0.000 0.000 0.000 0.000 0.000 0.000 0.000 0.000 0.000 0.000 13/07/2098
0.000 0.000 0.000 0.000 0.000 0.000 0.000 0.000 0.000 0.000 0.000 0.000 0.000 0.000 0.000 0.000 0.000 0.000 0.000 0.000 0.000 0.000 0.000 0.000 0.000 0.000 0.000 0.000 0.000 0.000 14/07/2098
0.000 0.000 0.000 0.000 0.000 0.000 0.000 0.000 0.000 0.000 0.000 0.000 0.000 0.000 0.000 0.000 0.000 0.000 0.000 0.000 0.000 0.000 0.000 0.000 0.000 0.000 0.000 0.000 0.000 0.000 15/07/2098
0.347 0.000 0.000 0.000 0.000 0.000 0.000 0.000 0.000 0.000 1.330 0.000 0.000 0.000 0.000 1.384 0.000 0.000 0.000 0.000 2.147 0.000 0.000 0.000 0.000 1.161 0.000 0.000 0.000 0.000 16/07/2098
5.666 0.000 1.177 7.562 9.303 0.000 0.000 1.186 4.208 4.433 0.350 0.518 0.327 0.342 4.395 0.252 0.000 0.290 0.303 1.185 0.000 0.000 0.000 0.285 2.266 0.000 0.268 0.506 0.000 2.297 17/07/2098
0.000 0.000 0.000 0.000 0.000 0.000 0.000 0.000 0.000 0.000 2.244 0.241 0.000 0.000 0.000 2.536 0.491 0.243 0.247 0.615 0.703 0.492 0.694 0.242 0.542 5.534 0.975 1.272 4.140 0.549 18/07/2098
19.035 23.524 17.506 15.400 18.132 23.821 24.058 17.644 18.368 18.667 35.432 34.518 24.788 25.013 18.508 38.690 35.279 27.087 27.375 21.936 44.366 35.354 38.022 26.966 25.192 33.713 47.544 49.877 28.555 25.581 19/07/2098
0.000 0.000 0.000 0.000 0.000 0.000 0.000 0.000 0.000 0.000 0.000 0.000 0.000 0.000 0.000 0.000 0.000 0.000 0.000 0.000 0.000 0.000 0.000 0.000 0.000 0.000 0.000 0.000 0.000 0.000 20/07/2098
0.000 0.000 0.000 0.000 0.000 0.000 0.000 0.000 0.000 0.000 0.000 0.000 0.000 0.000 0.000 0.000 0.000 0.000 0.000 0.000 0.000 0.000 0.000 0.000 0.000 0.000 0.000 0.000 0.000 0.000 21/07/2098
0.000 0.000 0.000 0.000 0.000 0.000 0.000 0.000 0.000 0.000 0.000 0.000 0.000 0.000 0.000 0.000 0.000 0.000 0.000 0.000 0.000 0.000 0.000 0.000 0.000 0.000 0.000 0.000 0.000 0.000 22/07/2098
0.641 0.779 0.493 0.240 0.419 0.788 0.796 0.497 0.630 0.814 0.171 0.534 0.767 0.773 0.810 0.253 0.000 0.231 0.236 0.777 0.000 0.000 0.137 0.230 0.259 0.000 0.000 0.000 0.000 0.264 23/07/2098
0.000 0.000 0.000 0.000 0.000 0.000 0.000 0.000 0.000 0.000 0.000 0.000 0.000 0.000 0.000 0.000 0.000 0.000 0.000 0.000 0.000 0.000 0.000 0.000 0.000 0.000 0.000 0.000 0.000 0.000 24/07/2098
0.000 0.000 0.000 0.000 0.000 0.000 0.000 0.000 0.000 0.000 0.000 0.000 0.000 0.000 0.000 0.000 0.000 0.000 0.000 0.000 0.000 0.000 0.000 0.000 0.000 0.000 0.000 0.000 0.000 0.000 25/07/2098
0.000 0.000 0.000 0.180 0.248 0.000 0.000 0.000 0.173 0.225 0.000 0.000 0.000 0.000 0.225 0.000 0.000 0.000 0.000 0.000 0.000 0.000 0.000 0.000 0.833 0.324 0.000 0.106 0.587 0.839 26/07/2098
4.114 0.581 0.000 0.000 0.000 0.588 0.594 0.000 0.000 0.000 0.000 1.462 0.000 0.000 0.000 0.000 0.346 0.000 0.000 0.000 1.966 0.347 0.572 0.000 0.000 0.194 0.208 0.222 0.000 0.000 27/07/2098
0.000 0.000 0.000 0.000 0.000 0.000 0.000 0.000 0.000 0.000 0.000 0.000 0.000 0.000 0.000 0.000 0.000 0.000 0.000 0.000 0.000 0.000 0.000 0.000 0.000 0.000 0.000 0.000 0.000 0.000 28/07/2098
0.727 0.479 0.000 0.000 0.000 0.485 0.490 0.000 0.000 0.000 0.355 0.611 0.000 0.000 0.000 0.346 0.000 0.000 0.000 0.160 0.894 0.000 0.000 0.000 0.243 0.976 0.000 0.000 0.172 0.248 29/07/2098
0.000 0.000 0.000 0.000 0.000 0.000 0.000 0.000 0.000 0.000 0.000 0.000 0.000 0.000 0.000 0.000 0.000 0.439 0.440 0.163 0.000 0.000 0.000 0.438 0.972 0.000 0.000 0.000 0.776 0.982 30/07/2098
2.323 0.458 0.938 1.352 1.448 0.465 0.470 0.944 0.207 0.410 0.000 0.166 0.200 0.201 0.403 0.000 0.000 0.297 0.300 0.192 0.112 0.000 0.151 0.296 0.127 0.193 0.000 0.000 0.100 0.128 31/07/2098
