# 6448 6449 6450 6451 6452 6528 6529 6530 6531 6532 6610 6611 6612 6613 6614 6693 6694 6695 6696 6697 6776 6777 6778 6779 6780 6859 6860 6861 6862 6863 Date
27.060 27.023 26.990 26.007 26.418 27.110 27.187 27.019 26.475 26.281 27.356 27.161 26.485 26.467 26.308 27.142 26.878 26.369 26.331 26.237 26.950 26.896 26.372 26.406 26.179 27.051 26.822 26.514 26.246 26.090 01/08/2091
29.663 28.889 29.381 28.682 29.601 28.865 28.772 29.332 30.252 29.831 28.872 29.130 29.635 29.476 29.887 29.458 29.771 29.780 29.602 29.866 29.125 29.792 29.251 29.871 29.078 29.310 29.271 29.015 29.510 28.832 02/08/2091
28.184 27.482 28.709 27.553 28.133 27.455 27.388 28.699 28.949 28.527 26.898 27.604 28.585 28.420 28.501 27.415 28.349 28.194 28.012 28.725 27.598 28.373 27.614 28.283 28.339 27.643 28.122 27.762 27.971 28.029 03/08/2091
27.710 26.692 27.907 26.946 27.655 26.815 26.859 27.948 27.782 27.587 26.414 27.069 27.323 27.301 27.497 26.796 27.891 27.015 27.013 27.588 26.715 27.906 26.539 27.117 26.917 26.955 27.434 26.515 26.711 26.868 04/08/2091
28.228 27.491 28.272 27.400 27.927 27.451 27.355 28.272 28.021 27.732 27.439 27.815 27.570 27.594 27.637 27.238 28.397 27.452 27.493 27.730 27.251 28.380 27.515 27.444 27.151 27.384 27.872 27.160 27.232 27.121 05/08/2091
31.449 29.758 31.196 29.745 30.080 29.810 29.818 31.232 30.737 30.212 29.627 29.914 30.124 30.093 30.132 29.326 29.946 29.899 29.822 30.202 29.353 29.978 29.969 29.946 29.429 29.519 29.468 29.625 29.730 29.312 06/08/2091
31.151 30.344 31.029 29.668 30.159 30.374 30.325 31.033 31.064 30.685 30.595 30.812 30.873 30.734 30.628 30.321 30.670 31.235 31.040 31.257 30.621 30.669 31.013 31.260 30.922 30.817 30.638 30.998 31.009 30.714 07/08/2091
29.148 28.740 28.824 28.079 27.871 28.672 28.569 28.762 28.972 28.485 29.040 29.111 28.906 28.701 28.444 28.877 28.974 29.516 29.249 29.326 29.137 28.946 29.119 29.546 29.479 29.306 29.101 29.234 29.387 29.180 08/08/2091
24.505 24.081 23.784 23.503 23.246 23.899 23.703 23.652 23.763 23.550 24.110 23.966 23.961 23.758 23.670 24.081 24.169 24.268 24.020 24.015 24.361 24.122 24.220 24.360 24.740 24.771 24.535 24.707 24.721 24.458 09/08/2091
23.050 22.705 22.588 21.647 21.827 22.423 22.300 22.453 22.572 21.928 22.591 22.498 22.619 22.466 22.034 22.900 23.162 22.809 22.600 22.505 23.168 23.128 22.862 22.897 22.812 23.434 23.302 23.281 23.093 22.508 10/08/2091
24.716 24.618 24.604 24.619 24.357 24.487 24.349 24.503 24.936 24.482 24.616 24.617 24.915 24.818 24.551 24.018 24.791 25.053 24.942 24.986 24.258 24.769 25.053 25.107 25.301 24.563 25.072 25.484 25.343 25.113 11/08/2091
27.209 27.320 27.316 26.430 26.624 27.344 27.349 27.381 27.029 26.759 27.434 27.418 27.053 27.013 26.810 27.072 27.258 27.052 26.910 27.067 27.129 27.248 26.962 27.101 27.074 27.148 27.278 27.071 26.991 26.892 12/08/2091
29.466 29.435 29.532 29.776 30.027 29.471 29.515 29.578 29.102 30.260 30.126 29.655 29.144 29.047 30.157 28.883 29.363 29.313 29.201 29.187 28.821 29.342 29.350 29.378 29.292 28.766 29.076 29.136 29.222 29.133 13/08/2091
27.127 27.201 27.336 26.897 27.011 27.358 27.541 27.453 26.308 27.223 27.460 27.368 26.253 26.181 27.137 26.892 27.294 26.363 26.372 26.778 26.857 27.299 26.274 26.380 26.785 26.911 27.524 26.374 26.495 26.881 14/08/2091
26.526 26.437 25.559 24.844 21.841 26.389 26.378 25.499 22.839 22.140 26.920 26.769 22.797 22.592 22.102 26.478 25.920 22.886 22.681 22.592 26.637 25.896 23.214 22.950 23.074 26.530 26.114 23.484 23.057 22.870 15/08/2091
26.275 25.736 25.464 23.957 23.947 25.590 25.494 25.411 25.256 23.690 25.513 25.505 25.110 24.943 23.738 24.970 25.428 25.220 25.005 24.782 25.105 25.427 25.233 25.302 25.410 24.182 24.931 24.943 25.337 25.181 16/08/2091
22.297 22.134 22.158 21.683 21.838 22.018 21.921 22.056 22.104 21.879 21.740 22.011 21.762 21.708 21.891 21.889 22.322 22.056 22.003 21.758 22.072 22.294 21.883 22.089 22.287 22.060 21.973 21.441 22.071 22.187 17/08/2091
24.246 23.989 23.914 22.652 23.081 23.728 23.509 23.758 23.153 22.996 23.676 23.708 23.138 23.060 23.063 23.777 23.628 23.278 23.214 22.959 23.974 23.605 23.314 23.308 23.766 24.166 23.672 23.390 23.411 23.609 18/08/2091
25.649 25.434 25.635 24.677 24.630 25.201 25.047 25.520 25.096 24.669 25.296 25.217 24.921 24.759 24.878 24.987 25.287 24.817 24.656 24.514 25.136 25.251 24.865 24.875 24.543 25.381 25.269 24.988 24.857 24.316 19/08/2091
29.052 29.153 29.068 27.761 28.249 28.979 28.835 28.947 28.287 27.887 28.943 29.031 28.348 28.165 27.973 27.646 28.081 28.408 28.225 27.874 27.579 28.078 28.365 28.465 27.764 27.631 27.959 28.353 28.353 27.631 20/08/2091
30.526 30.528 30.640 30.052 30.565 30.507 30.556 30.606 30.025 29.818 30.408 30.410 29.999 29.864 29.926 29.958 30.863 30.044 29.879 29.561 29.793 30.837 29.987 30.095 29.517 29.681 30.813 30.067 30.129 29.300 21/08/2091
28.628 28.457 28.593 28.279 28.610 28.433 28.474 28.566 27.928 27.744 27.871 28.252 28.081 27.964 27.771 27.326 27.989 27.705 27.562 27.664 27.397 27.999 27.957 27.770 27.853 27.305 27.840 27.867 27.904 27.643 22/08/2091
25.399 25.268 25.279 25.228 26.161 25.211 25.223 25.268 25.922 25.955 25.324 25.265 26.034 25.971 25.950 24.955 26.398 26.056 26.014 25.943 25.169 26.401 26.353 26.082 26.107 25.161 26.365 26.392 26.284 26.037 23/08/2091
23.801 24.033 24.061 23.604 23.770 24.002 23.984 24.034 24.023 23.659 24.143 24.170 24.175 24.109 23.713 24.394 24.523 24.057 24.021 23.862 24.789 24.517 24.347 24.084 23.946 24.255 24.170 24.082 24.060 23.888 24/08/2091
25.065 25.054 24.883 22.723 23.140 25.036 25.003 24.876 23.646 23.307 25.296 25.081 23.720 23.619 23.345 24.772 24.695 23.827 23.783 23.816 25.014 24.714 24.036 23.845 23.873 25.023 24.502 24.045 23.923 23.782 25/08/2091
25.908 25.883 25.720 25.134 24.972 25.790 25.712 25.642 25.741 25.101 26.063 25.825 25.735 25.568 25.196 25.798 26.198 25.875 25.748 25.732 26.025 26.177 26.026 25.917 25.717 26.057 25.958 25.967 25.865 25.504 26/08/2091
29.223 29.021 29.062 29.020 29.234 28.859 28.760 28.955 29.428 29.162 29.000 28.889 29.441 29.270 29.241 28.844 28.953 29.383 29.254 29.270 29.066 28.932 29.368 29.463 29.291 29.216 28.903 29.500 29.404 29.109 27/08/2091
28.300 28.480 28.692 27.905 28.927 28.466 28.522 28.661 28.353 28.618 28.822 28.474 28.560 28.647 28.635 28.509 28.966 28.417 28.534 28.498 28.523 28.970 28.463 28.382 28.313 28.016 29.065 28.579 28.414 28.483 28/08/2091
27.589 27.618 27.554 27.209 28.220 27.445 27.451 27.458 27.732 28.054 27.673 27.364 27.855 27.890 28.017 28.038 27.897 27.847 27.971 27.706 28.259 27.890 27.933 27.844 27.748 28.303 27.820 27.772 27.756 27.883 29/08/2091
27.798 27.865 28.075 27.369 27.343 27.701 27.612 27.999 28.054 27.681 27.965 27.932 27.906 27.795 27.678 28.039 28.350 28.043 27.916 27.925 28.202 28.387 28.058 28.070 28.223 28.257 28.238 28.172 28.265 28.020 30/08/2091
25.267 25.345 24.920 25.339 24.731 25.198 25.095 24.768 24.769 24.706 25.738 24.943 24.760 24.622 24.739 25.006 25.334 24.889 24.737 24.706 24.625 25.356 25.559 24.951 25.237 24.532 24.685 25.213 25.375 25.000 31/08/2091
25.466 25.446 25.061 25.022 24.794 25.259 25.124 24.924 25.053 24.802 25.408 24.930 24.773 24.621 24.931 25.850 25.418 24.769 24.593 24.884 25.798 25.392 25.236 24.849 24.889 25.120 24.606 24.602 24.968 24.635 01/09/2091
26.145 26.242 26.155 25.795 25.905 26.122 25.992 26.070 26.472 26.020 26.516 26.079 26.008 25.956 26.056 27.951 26.995 26.081 26.020 26.445 27.802 26.968 26.351 26.107 26.380 27.724 26.762 26.141 26.287 26.293 02/09/2091
26.796 26.730 27.255 27.043 26.998 26.667 26.584 27.190 26.975 26.772 26.772 26.446 26.316 26.298 26.845 26.127 26.196 26.362 26.349 26.604 26.340 26.188 26.561 26.368 26.456 26.420 25.942 26.482 26.421 26.440 03/09/2091
23.486 22.901 23.455 23.832 23.374 22.702 22.504 23.352 23.349 23.130 23.311 22.492 22.578 22.476 23.115 25.262 23.720 22.511 22.432 22.891 25.249 23.702 22.858 22.557 22.911 25.828 23.520 22.754 22.917 22.859 04/09/2091
24.957 25.017 25.104 24.486 24.152 25.126 25.188 25.190 25.058 24.112 25.480 25.076 24.766 24.871 24.022 24.514 25.592 24.923 25.060 25.117 24.451 25.618 25.525 24.888 24.803 24.799 25.163 24.940 24.916 25.029 05/09/2091
28.543 28.637 28.942 28.374 28.783 28.685 28.712 28.978 28.719 28.330 28.938 28.685 28.553 28.515 28.353 29.417 29.812 28.718 28.676 28.753 29.241 29.846 29.111 28.743 29.001 29.182 29.328 28.733 28.906 28.951 06/09/2091
31.355 30.980 30.990 30.393 30.795 30.901 30.827 30.941 31.358 30.358 30.706 30.539 31.141 30.962 30.485 31.059 31.199 30.908 30.694 30.911 30.935 31.183 31.144 30.998 31.022 31.093 31.009 31.242 31.181 30.724 07/09/2091
27.454 27.107 27.099 28.071 29.120 26.901 26.736 26.964 30.670 29.002 26.646 26.660 30.269 29.959 29.204 28.430 30.508 30.289 29.917 30.499 28.844 30.427 30.088 30.444 30.795 29.260 30.454 30.427 30.777 30.280 08/09/2091
22.635 23.088 22.838 22.864 22.755 23.040 23.002 22.818 23.780 23.124 23.019 23.399 23.690 23.581 23.212 23.009 23.975 23.978 23.859 24.216 23.838 23.950 23.927 24.035 24.708 24.580 24.191 24.382 24.472 24.520 09/09/2091
23.212 23.156 22.718 22.354 22.321 23.041 22.939 22.631 23.626 22.718 22.637 23.263 23.914 23.738 22.835 22.868 23.645 23.570 23.359 22.945 23.475 23.623 23.902 23.652 24.273 23.338 23.431 23.976 24.155 23.989 10/09/2091
24.076 23.415 22.951 22.072 22.582 23.287 23.195 22.868 23.560 23.176 22.922 22.979 23.385 23.204 23.262 22.920 23.907 23.576 23.339 23.483 23.545 23.873 23.938 23.680 24.456 23.516 23.656 23.969 24.263 24.122 11/09/2091
20.316 20.013 20.190 20.101 19.939 19.822 19.656 20.075 20.492 20.044 20.060 20.111 20.740 20.654 20.123 20.059 20.373 20.919 20.804 20.698 20.030 20.338 20.791 21.003 21.252 20.134 20.491 21.109 21.173 21.041 12/09/2091
17.085 16.840 16.567 16.093 16.361 16.664 16.484 16.413 16.858 16.474 17.106 16.768 17.350 17.183 16.602 17.413 17.481 17.103 16.939 16.598 17.532 17.437 17.388 17.201 17.258 17.304 17.452 17.602 17.450 16.976 13/09/2091
15.830 15.661 15.429 14.620 14.813 15.574 15.466 15.358 15.120 14.895 15.719 15.610 15.346 15.260 14.999 15.725 15.978 15.185 15.113 15.064 15.684 15.958 15.345 15.255 15.200 15.357 15.747 15.310 15.393 15.063 14/09/2091
19.545 19.266 19.559 18.681 17.789 19.010 18.779 19.411 18.644 17.733 18.604 18.815 18.545 18.517 17.812 18.084 18.134 18.193 18.145 18.502 18.008 18.127 17.919 18.207 18.090 17.980 18.050 17.850 17.848 18.045 15/09/2091
22.425 22.352 22.669 22.725 22.139 22.234 22.099 22.604 22.521 21.928 22.021 22.043 22.597 22.476 21.965 22.336 21.851 22.376 22.216 22.419 22.412 21.836 22.142 22.441 22.245 22.688 22.286 22.805 22.278 22.000 16/09/2091
24.723 24.411 24.382 24.485 23.963 24.389 24.356 24.371 24.519 23.768 24.268 24.131 24.573 24.440 23.859 24.653 24.487 24.538 24.375 24.467 24.640 24.477 24.470 24.605 24.546 25.080 24.831 25.039 24.712 24.310 17/09/2091
22.552 22.234 21.919 21.656 21.447 22.201 22.175 21.900 22.179 21.530 22.321 22.337 22.236 22.196 21.600 22.643 22.350 22.165 22.107 22.316 22.344 22.341 22.087 22.195 22.425 22.319 22.045 21.909 22.346 22.330 18/09/2091
21.988 21.562 21.286 20.670 20.089 21.502 21.482 21.220 20.980 20.358 21.553 21.614 20.830 20.690 20.438 21.396 21.122 20.703 20.604 21.067 20.982 21.109 20.891 20.745 21.444 21.085 20.773 20.541 21.073 21.339 19/09/2091
20.979 20.769 20.798 20.436 19.982 20.739 20.721 20.771 20.512 20.271 20.811 20.911 20.261 20.180 20.314 20.134 20.684 20.374 20.300 20.641 20.027 20.665 20.420 20.416 20.541 20.151 20.373 20.229 20.456 20.453 20/09/2091
21.215 20.910 20.766 20.921 21.164 20.740 20.658 20.672 21.285 21.021 20.837 20.902 21.330 21.246 21.116 21.119 21.244 21.230 21.155 21.295 21.173 21.218 21.279 21.256 21.098 21.153 21.211 21.295 21.343 20.995 21/09/2091
20.394 19.769 19.723 19.994 20.206 19.563 19.420 19.615 20.462 20.037 19.704 19.678 20.178 20.063 20.122 19.992 20.562 19.930 19.789 19.926 19.819 20.511 20.245 19.957 19.833 19.764 19.963 19.797 19.886 19.642 22/09/2091
21.388 21.189 20.987 20.393 20.183 21.061 20.961 20.930 20.776 20.173 21.225 21.106 20.881 20.805 20.228 21.175 21.402 20.718 20.629 20.736 21.316 21.356 20.977 20.760 20.928 21.626 21.413 21.012 20.969 20.823 23/09/2091
20.160 19.917 19.734 19.193 19.135 19.855 19.767 19.688 19.441 19.110 19.967 19.876 19.647 19.626 19.152 20.212 20.229 19.543 19.539 19.358 20.214 20.198 19.752 19.592 19.511 20.348 20.212 19.760 19.560 19.480 24/09/2091
19.323 19.193 19.053 18.517 18.344 19.152 19.089 19.014 18.672 18.471 19.296 19.144 18.973 18.847 18.526 19.595 19.835 19.445 19.355 19.377 19.752 19.814 19.428 19.479 19.764 20.100 19.885 19.517 19.757 19.640 25/09/2091
19.351 19.189 19.111 18.716 18.478 19.114 19.010 19.090 18.471 18.343 18.997 19.109 18.855 18.760 18.336 19.375 19.696 19.066 19.022 18.927 19.587 19.670 18.963 19.124 18.962 19.609 19.627 19.027 19.052 18.870 26/09/2091
18.334 18.386 18.029 17.580 17.582 18.299 18.215 17.983 17.869 17.720 18.254 18.224 18.256 18.104 17.760 18.667 18.943 18.200 18.088 18.233 18.841 18.951 18.291 18.258 18.963 18.883 18.952 18.576 18.546 18.822 27/09/2091
19.945 20.106 19.769 19.363 18.934 20.009 19.874 19.715 19.510 19.065 19.936 19.889 19.771 19.572 19.082 20.053 20.321 19.823 19.616 19.572 20.146 20.299 19.889 19.939 19.928 20.062 20.271 20.072 20.004 19.683 28/09/2091
20.095 19.912 19.849 18.990 19.388 19.801 19.669 19.783 19.993 19.494 20.001 19.938 20.294 20.172 19.549 20.424 21.103 20.570 20.453 20.523 20.482 21.075 20.508 20.630 20.894 20.485 21.551 20.971 20.920 20.713 29/09/2091
18.542 18.092 17.987 17.751 18.006 17.985 17.922 17.928 18.570 18.203 18.303 18.060 18.634 18.542 18.327 19.527 19.665 18.664 18.525 18.930 19.685 19.638 18.948 18.734 19.303 19.805 20.075 19.506 19.348 19.111 30/09/2091
18.084 17.857 17.813 16.924 16.863 17.736 17.590 17.706 17.708 17.342 17.922 17.974 17.869 17.737 17.473 18.460 18.860 17.899 17.736 17.553 18.473 18.833 17.803 17.959 17.874 18.835 19.111 18.168 18.065 17.678 01/10/2091
20.529 20.246 20.092 19.841 19.653 20.103 20.020 20.005 20.329 19.511 20.153 19.981 20.444 20.265 19.663 20.050 19.786 20.272 20.050 19.879 19.811 19.775 20.334 20.362 20.226 19.940 19.961 20.756 20.552 19.906 02/10/2091
18.337 18.062 17.767 17.380 17.334 17.908 17.786 17.662 17.849 17.448 17.839 17.924 18.017 17.887 17.580 18.077 18.296 18.136 17.961 17.741 18.008 18.285 18.098 18.199 17.834 18.282 18.275 18.310 18.401 17.615 03/10/2091
17.485 17.175 17.495 17.069 16.923 17.031 16.917 17.378 17.406 17.005 17.097 17.207 17.361 17.223 17.114 17.365 17.781 17.244 17.078 17.133 17.326 17.734 17.160 17.311 17.223 17.612 17.822 17.397 17.382 16.999 04/10/2091
19.251 18.834 18.834 18.280 17.872 18.628 18.449 18.701 18.105 17.600 18.941 18.880 18.267 18.080 17.656 19.382 19.424 18.264 18.122 17.887 19.397 19.389 18.534 18.321 18.162 19.565 19.474 18.680 18.618 17.912 05/10/2091
19.870 19.481 19.346 18.732 18.852 19.376 19.276 19.251 19.096 18.794 19.471 19.403 19.332 19.193 18.883 19.957 19.880 19.305 19.200 19.594 19.961 19.856 19.280 19.369 19.686 20.136 19.812 19.362 19.481 19.527 06/10/2091
18.557 18.502 18.377 17.955 17.935 18.456 18.401 18.321 18.402 18.076 18.449 18.532 18.506 18.391 18.208 18.777 19.157 18.523 18.422 18.863 19.069 19.144 18.370 18.566 18.932 18.850 18.751 18.238 18.808 18.800 07/10/2091
20.254 20.212 19.858 19.227 19.516 20.154 20.070 19.810 20.473 19.729 20.216 19.979 20.519 20.372 19.836 20.936 21.081 20.784 20.645 20.886 21.019 21.053 20.485 20.842 21.182 21.368 21.355 20.688 21.086 20.982 08/10/2091
21.612 21.909 21.677 21.437 21.484 21.858 21.789 21.638 22.745 22.141 22.117 21.990 22.772 22.742 22.124 22.468 22.968 22.688 22.657 22.806 22.311 22.963 22.696 22.673 22.782 22.642 22.786 22.506 22.778 22.768 09/10/2091
17.095 16.994 16.711 16.247 16.547 16.796 16.671 16.601 17.415 16.896 16.881 17.051 17.416 17.279 16.971 17.104 17.867 17.671 17.532 17.338 17.323 17.827 17.488 17.724 17.778 17.630 18.007 17.711 17.868 17.561 10/10/2091
14.162 14.124 13.988 13.527 13.379 13.912 13.766 13.879 13.992 13.469 14.240 13.964 14.252 14.201 13.559 14.074 14.517 14.162 14.149 14.104 14.046 14.506 14.185 14.187 14.167 14.371 14.483 14.183 14.210 14.086 11/10/2091
13.227 13.276 13.374 13.338 13.922 13.195 13.084 13.306 13.733 13.866 13.203 13.254 13.648 13.613 13.911 14.092 14.393 13.547 13.545 13.555 13.968 14.357 13.473 13.561 13.467 13.903 14.227 13.409 13.490 13.410 12/10/2091
15.272 15.507 15.280 15.215 16.039 15.279 15.108 15.148 15.778 15.886 15.381 15.264 15.976 15.915 15.967 15.568 16.588 16.073 15.983 15.749 15.902 16.556 16.218 16.074 15.980 16.214 16.720 16.477 16.249 15.863 13/10/2091
18.277 18.444 18.121 18.177 18.331 18.309 18.180 18.051 18.529 18.381 18.290 18.286 18.730 18.678 18.435 18.964 19.712 18.770 18.672 18.577 19.192 19.692 18.830 18.780 18.805 19.592 19.927 19.078 18.911 18.681 14/10/2091
18.839 18.817 18.622 18.550 18.291 18.779 18.711 18.565 18.621 18.358 18.842 18.737 18.694 18.658 18.419 19.311 19.137 18.717 18.685 18.620 19.103 19.161 18.643 18.742 18.671 19.127 19.267 18.829 18.783 18.632 15/10/2091
19.199 19.031 18.820 18.434 18.258 18.943 18.862 18.717 18.644 18.385 19.017 18.871 18.565 18.465 18.520 19.307 19.388 18.638 18.509 18.420 19.221 19.395 18.767 18.674 18.809 19.503 19.705 19.154 19.069 18.640 16/10/2091
19.930 19.959 19.822 19.861 19.996 19.913 19.889 19.780 20.199 20.048 19.924 19.854 20.146 20.065 20.115 20.063 20.262 20.036 19.952 19.988 20.015 20.269 20.151 20.060 20.229 20.216 20.337 20.256 20.368 20.071 17/10/2091
22.767 22.306 21.993 22.085 22.567 22.149 22.033 21.896 22.550 22.491 22.079 21.931 22.429 22.277 22.592 22.851 22.752 22.358 22.158 22.325 22.809 22.716 22.338 22.418 22.286 22.733 22.810 22.471 22.569 22.014 18/10/2091
21.647 21.076 20.736 21.128 21.382 20.817 20.667 20.565 21.362 21.198 20.831 20.570 21.589 21.408 21.294 21.887 21.829 21.565 21.347 21.146 22.204 21.780 21.531 21.653 21.359 22.186 21.975 21.771 21.659 21.031 19/10/2091
19.662 19.334 19.054 19.106 19.271 19.150 19.031 18.962 19.365 19.223 19.039 19.089 19.817 19.661 19.314 19.277 19.295 19.753 19.579 19.441 19.492 19.271 19.670 19.848 19.867 19.358 19.373 19.963 19.828 19.623 20/10/2091
17.568 17.545 17.355 16.749 17.041 17.423 17.352 17.265 17.307 17.066 17.043 17.148 17.752 17.633 17.153 17.231 17.412 17.700 17.575 17.637 17.131 17.398 17.303 17.735 18.349 17.244 17.260 17.243 17.880 18.168 21/10/2091
18.262 18.257 18.163 17.804 17.928 18.171 18.121 18.112 19.210 18.050 18.176 18.142 19.264 19.177 18.129 17.927 18.541 19.245 19.170 19.237 17.857 18.540 19.151 19.299 19.455 17.843 18.456 19.191 19.319 19.338 22/10/2091
16.753 16.543 16.507 16.413 15.930 16.428 16.299 16.419 16.352 16.009 16.697 16.520 16.266 16.343 16.123 16.994 16.652 16.336 16.385 16.345 16.862 16.653 16.453 16.281 16.203 16.873 16.612 16.083 16.068 16.327 23/10/2091
17.473 17.183 17.244 17.823 16.438 16.892 16.728 17.078 16.407 16.225 16.885 16.848 16.378 16.379 16.234 17.098 16.903 16.148 16.126 16.303 17.087 16.877 16.171 16.183 16.087 17.220 16.929 16.153 16.094 16.057 24/10/2091
16.320 16.491 16.515 16.206 16.388 16.315 16.231 16.403 16.635 16.095 16.384 16.367 16.676 16.635 16.126 16.868 17.243 16.591 16.516 16.538 16.848 17.208 16.625 16.632 16.525 16.888 17.212 16.664 16.606 16.431 25/10/2091
16.022 15.955 15.901 16.388 16.639 15.781 15.682 15.811 16.857 16.376 15.631 15.711 16.837 16.743 16.433 16.387 16.852 16.795 16.688 16.746 16.495 16.837 16.728 16.851 16.923 16.743 16.982 16.946 16.969 16.783 26/10/2091
15.992 15.972 16.013 16.379 16.492 15.835 15.805 15.929 16.614 16.205 15.774 15.808 16.535 16.499 16.288 16.471 17.320 16.492 16.424 16.556 16.440 17.317 16.342 16.520 16.476 16.571 17.313 16.413 16.495 16.397 27/10/2091
14.002 14.301 14.214 14.169 14.499 14.247 14.203 14.188 14.532 14.549 14.253 14.268 14.508 14.496 14.557 14.639 15.516 14.608 14.581 14.628 14.890 15.510 14.496 14.627 14.774 15.052 15.691 14.711 14.719 14.747 28/10/2091
13.425 13.524 13.561 13.157 13.500 13.387 13.301 13.454 13.850 13.664 13.222 13.319 13.477 13.424 13.690 13.345 14.150 13.525 13.423 13.729 13.418 14.126 13.263 13.582 13.634 13.527 14.183 13.328 13.516 13.493 29/10/2091
14.684 14.586 14.538 14.162 14.505 14.424 14.299 14.460 14.874 14.447 14.318 14.372 14.758 14.712 14.531 14.561 15.250 14.796 14.701 14.753 14.631 15.234 14.741 14.858 14.785 14.790 15.341 14.988 14.950 14.626 30/10/2091
16.245 16.128 15.994 15.661 15.569 15.961 15.867 15.894 15.766 15.376 15.759 15.764 15.887 15.770 15.454 16.516 16.554 15.627 15.480 15.526 16.589 16.533 15.825 15.682 15.828 16.803 16.611 16.085 16.028 15.602 31/10/2091
18.203 18.336 18.430 18.230 15.527 18.150 17.986 18.278 16.662 15.547 18.248 18.481 16.891 16.801 15.632 17.694 17.516 16.890 16.776 16.865 17.802 17.501 16.790 16.930 17.302 17.711 17.670 17.187 17.335 17.131 01/11/2091
16.901 17.088 17.507 17.818 17.855 16.906 16.762 17.433 18.167 17.998 16.735 17.325 17.939 17.797 18.060 18.279 18.784 17.896 17.798 18.231 18.697 18.758 17.463 17.939 18.579 19.026 19.168 18.172 18.402 18.341 02/11/2091
17.580 17.615 17.285 16.737 16.605 17.366 17.149 17.169 17.024 16.683 17.191 17.351 17.163 17.025 16.785 17.080 17.666 17.177 17.042 16.976 17.377 17.617 17.122 17.251 17.331 17.699 17.801 17.484 17.302 17.070 03/11/2091
16.093 16.059 15.868 15.746 16.006 15.852 15.664 15.757 16.136 15.952 15.943 15.969 16.149 16.016 16.068 16.162 16.398 16.145 15.991 15.936 16.363 16.359 16.207 16.213 16.145 16.404 16.387 16.367 16.229 15.895 04/11/2091
14.572 14.247 14.268 13.709 13.809 14.052 13.871 14.163 14.162 13.768 14.181 14.083 14.287 14.170 13.875 14.417 14.685 14.339 14.212 14.170 14.700 14.675 14.407 14.383 14.350 14.785 14.753 14.582 14.443 14.179 05/11/2091
15.678 15.600 15.389 14.745 14.818 15.360 15.181 15.246 15.017 14.822 15.524 15.408 15.338 15.213 14.897 15.700 15.828 15.253 15.130 14.995 15.920 15.784 15.453 15.315 15.154 16.187 15.897 15.615 15.386 14.982 06/11/2091
17.337 17.436 17.154 16.613 17.040 17.225 17.053 17.025 17.342 17.025 17.275 17.290 17.828 17.630 17.174 18.648 18.860 17.660 17.437 17.221 18.782 18.830 17.846 17.744 17.276 18.777 18.626 17.836 17.486 17.011 07/11/2091
15.401 15.443 15.252 14.804 14.670 15.339 15.225 15.202 14.856 14.655 15.156 15.139 14.953 14.831 14.759 15.115 15.019 14.806 14.678 14.674 15.158 14.983 14.818 14.863 14.929 14.913 14.857 14.880 14.803 14.731 08/11/2091
13.736 13.390 13.179 12.775 12.171 13.130 12.920 13.038 13.150 12.361 13.140 13.127 13.159 12.887 12.549 13.613 13.643 13.249 12.936 12.950 13.892 13.583 13.076 13.404 13.677 14.208 14.064 13.807 13.799 13.239 09/11/2091
12.672 12.512 12.449 12.201 12.554 12.350 12.195 12.345 12.574 12.632 12.590 12.522 12.596 12.475 12.733 12.770 12.646 12.664 12.532 12.368 12.894 12.631 12.600 12.729 12.845 12.970 12.891 12.991 12.915 12.674 10/11/2091
13.832 13.646 13.767 13.893 13.640 13.435 13.292 13.640 13.717 13.387 13.631 13.537 13.625 13.477 13.517 13.990 13.978 13.525 13.349 13.440 14.175 13.942 13.644 13.603 13.591 14.456 14.155 14.013 13.764 13.332 11/11/2091
15.582 15.289 15.580 15.514 13.064 15.148 15.036 15.485 13.570 12.310 15.049 15.009 13.364 13.403 12.274 15.020 15.561 13.105 13.133 13.200 14.994 15.548 13.161 13.050 12.910 15.056 15.625 13.096 12.846 12.970 12/11/2091
16.063 15.722 15.613 15.007 15.579 15.406 15.163 15.409 15.228 15.325 15.013 14.982 15.234 14.989 15.559 14.501 15.087 15.024 14.739 14.662 14.501 15.065 14.995 15.133 14.926 14.607 15.199 15.500 15.281 14.522 13/11/2091
16.391 16.349 16.355 15.297 15.847 16.266 16.177 16.305 16.208 15.754 16.011 16.063 16.221 16.162 15.851 16.084 15.711 16.007 15.916 15.918 15.726 15.700 15.894 16.047 15.815 15.748 15.707 16.016 15.941 15.706 14/11/2091
14.846 14.811 14.882 15.680 16.316 14.830 14.873 14.896 17.480 16.205 14.530 14.649 17.200 17.127 16.228 14.078 14.080 16.867 16.745 16.732 13.718 14.116 16.812 16.921 16.731 13.567 13.909 16.981 16.914 16.492 15/11/2091
12.410 12.513 12.312 12.476 11.689 12.504 12.531 12.341 10.864 11.149 12.197 11.752 10.552 10.486 11.252 12.442 11.994 10.267 10.184 10.152 12.108 11.976 10.142 10.306 10.118 11.827 12.155 10.406 10.123 9.966 16/11/2091
9.531 9.288 9.388 9.571 9.736 9.152 9.006 9.274 9.595 9.943 9.257 9.162 9.453 9.287 10.124 8.737 9.805 9.494 9.265 9.346 8.864 9.784 9.377 9.586 9.635 9.099 10.019 9.811 9.744 9.336 17/11/2091
6.518 6.201 6.315 5.497 6.252 6.080 5.942 6.239 6.487 6.307 6.411 6.215 6.424 6.347 6.363 6.155 6.290 6.422 6.327 6.340 6.106 6.281 6.526 6.459 6.463 6.163 6.345 6.671 6.601 6.331 18/11/2091
7.355 7.106 7.054 6.521 6.839 7.001 6.904 6.986 7.599 6.937 6.891 7.155 7.708 7.636 7.014 6.448 6.978 7.743 7.641 7.780 6.727 6.986 7.705 7.793 7.838 6.876 7.274 8.059 7.981 7.708 19/11/2091
5.333 5.301 5.344 4.465 4.461 5.319 5.358 5.360 4.791 4.592 5.240 5.349 4.863 4.808 4.632 5.399 5.283 4.751 4.684 4.902 5.209 5.297 4.637 4.798 4.950 5.083 5.384 4.851 4.912 4.899 20/11/2091
4.783 4.610 4.128 4.552 4.413 4.617 4.577 4.104 4.409 4.208 4.149 4.690 4.329 4.291 4.293 4.560 4.656 4.234 4.206 4.601 4.780 4.674 4.179 4.257 4.672 4.664 4.700 4.252 4.652 4.564 21/11/2091
3.013 2.674 3.040 3.040 3.518 2.638 2.586 3.017 4.314 4.226 2.372 3.042 3.356 3.294 4.280 3.082 2.936 3.283 3.206 3.679 3.172 2.978 3.072 3.316 3.496 3.749 3.123 3.276 3.174 3.381 22/11/2091
3.875 3.931 4.261 3.917 4.059 3.976 3.974 4.263 4.619 4.503 3.614 5.012 4.143 4.164 4.443 5.067 4.794 3.293 3.318 3.971 4.990 4.803 3.240 3.337 3.663 5.489 4.742 3.218 3.646 3.620 23/11/2091
4.180 3.965 4.080 3.567 4.108 3.889 3.818 4.020 4.302 4.050 3.889 4.077 4.017 4.012 4.095 4.562 4.541 3.821 3.798 4.010 4.669 4.539 3.872 3.862 4.234 5.103 4.471 3.815 4.183 4.080 24/11/2091
4.891 5.239 5.359 5.021 5.559 5.143 5.051 5.329 5.648 5.707 4.999 5.251 5.470 5.470 5.755 4.918 5.661 5.403 5.362 5.641 5.212 5.653 5.408 5.456 5.696 5.926 5.984 5.768 5.710 5.667 25/11/2091
3.594 3.959 4.053 3.720 4.067 3.734 3.629 3.967 4.625 4.462 3.971 4.239 4.551 4.506 4.498 3.943 4.976 4.698 4.707 4.958 4.421 4.970 4.755 4.717 5.257 4.983 5.292 5.196 5.248 5.255 26/11/2091
3.857 3.802 3.765 3.616 3.731 3.664 3.471 3.687 4.237 4.201 3.781 3.830 3.508 3.452 4.295 3.572 4.195 4.080 4.016 4.439 3.887 4.189 3.934 4.118 4.675 4.342 4.620 4.334 4.500 4.559 27/11/2091
4.820 4.619 4.691 4.537 4.641 4.516 4.401 4.628 4.996 4.800 4.391 4.524 4.485 4.441 4.872 4.424 5.023 4.761 4.720 5.478 4.480 4.999 4.536 4.760 5.653 4.798 5.276 4.743 5.420 5.561 28/11/2091
3.471 3.615 3.817 3.403 3.520 3.507 3.398 3.742 4.034 3.794 3.626 3.909 3.974 3.897 3.880 3.836 4.158 3.882 3.797 4.080 3.961 4.140 3.710 3.922 3.878 4.083 4.036 3.750 3.971 3.743 29/11/2091
2.089 2.158 2.339 2.096 2.481 1.961 1.732 2.195 2.408 2.248 1.423 1.893 2.368 2.190 2.384 2.381 2.806 2.308 2.094 1.937 2.761 2.756 2.062 2.370 2.011 3.275 2.845 2.253 2.345 1.744 30/11/2091
5.089 5.340 5.214 4.195 4.027 5.187 5.042 5.120 4.800 4.246 5.282 5.376 4.834 4.685 4.368 5.700 5.701 4.918 4.785 4.640 5.951 5.693 4.761 4.977 4.897 6.119 6.040 5.188 5.121 4.666 01/12/2091
5.740 5.862 5.484 5.847 5.665 5.648 5.492 5.392 6.114 5.839 5.984 6.064 5.821 5.724 5.949 6.079 6.734 6.381 6.237 6.211 6.692 6.718 6.345 6.440 6.241 6.766 6.969 6.644 6.532 6.033 02/12/2091
4.841 4.659 3.688 3.464 3.078 4.486 4.294 3.579 3.521 2.975 4.301 3.862 3.489 3.448 2.995 4.857 5.030 4.101 4.040 3.487 5.369 5.012 4.045 4.145 3.736 5.238 4.702 3.942 4.242 3.623 03/12/2091
4.081 3.769 3.080 2.498 2.378 3.580 3.409 2.994 2.783 2.330 2.922 2.848 2.638 2.542 2.422 3.399 3.696 2.906 2.844 2.572 3.600 3.652 2.721 2.967 3.216 3.702 4.166 3.278 3.309 3.058 04/12/2091
3.601 3.516 3.394 2.967 3.130 3.351 3.194 3.312 3.275 3.208 3.084 3.162 3.411 3.286 3.260 3.239 3.946 3.690 3.558 3.349 3.530 3.933 3.430 3.736 3.880 4.016 4.362 4.020 4.008 3.661 05/12/2091
5.034 4.784 4.501 4.056 4.245 4.607 4.466 4.387 4.731 4.451 4.305 4.291 4.642 4.501 4.553 4.763 5.127 4.716 4.553 4.571 4.923 5.094 4.580 4.786 4.798 5.051 5.153 4.851 4.894 4.544 06/12/2091
3.742 3.761 3.637 3.450 3.341 3.602 3.469 3.539 3.731 3.417 3.484 3.541 3.706 3.633 3.524 3.935 4.216 3.700 3.575 3.632 3.901 4.183 3.609 3.794 3.849 4.084 4.363 4.001 3.780 3.693 07/12/2091
3.319 3.244 2.932 2.848 2.539 3.109 3.029 2.850 2.811 2.344 3.149 3.142 2.895 2.758 2.496 3.254 2.984 3.062 2.884 2.604 3.396 2.970 2.843 3.128 2.737 3.400 3.186 3.210 3.273 2.468 08/12/2091
1.378 1.171 0.941 0.391 0.828 1.011 0.947 0.871 1.295 0.856 1.059 0.939 1.367 1.206 0.963 1.335 1.280 1.241 1.097 1.111 1.415 1.267 1.224 1.310 1.139 1.508 1.371 1.485 1.411 0.907 09/12/2091
-0.180 -0.317 -0.428 -0.573 -0.268 -0.530 -0.641 -0.555 -0.071 -0.201 -0.430 -0.428 -0.243 -0.301 -0.102 0.581 1.120 -0.068 -0.143 0.076 0.959 1.076 -0.175 -0.047 0.151 1.494 1.354 0.087 0.120 0.046 10/12/2091
-0.496 -0.458 -0.718 -0.080 -0.759 -0.624 -0.745 -0.811 -0.519 -0.845 -0.801 -0.641 -0.556 -0.710 -0.774 -0.780 -0.308 -0.561 -0.741 -0.581 -0.514 -0.367 -0.539 -0.477 -0.394 -0.129 -0.218 -0.261 -0.372 -0.639 11/12/2091
0.589 0.463 0.051 -0.418 -1.207 0.391 0.330 -0.042 -0.585 -1.163 0.669 0.441 -0.353 -0.459 -1.049 0.786 0.639 -0.406 -0.496 -0.753 0.821 0.606 -0.018 -0.369 -0.578 0.817 0.581 0.082 -0.195 -0.743 12/12/2091
-0.555 -0.712 -0.891 -0.784 -1.086 -0.702 -0.821 -0.938 -0.797 -1.347 0.103 -0.586 -0.836 -0.962 -1.187 0.421 0.178 -0.730 -0.902 -1.271 0.650 0.142 -0.234 -0.646 -1.086 1.031 0.592 0.105 -0.308 -1.284 13/12/2091
-0.562 -0.604 -0.771 -0.802 -1.176 -0.638 -0.746 -0.816 -0.862 -1.310 -0.089 -0.582 -0.918 -0.960 -1.227 -0.182 -0.185 -0.552 -0.670 -0.631 0.148 -0.207 -0.773 -0.572 -0.089 0.802 0.631 0.036 0.044 -0.163 14/12/2091
-6.468 -6.883 -6.935 -7.922 -7.338 -7.055 -7.203 -7.048 -5.876 -7.104 -6.464 -6.696 -5.815 -5.946 -7.119 -4.983 -4.915 -5.789 -7.041 -7.163 -4.809 -4.928 -5.858 -5.739 -5.726 -4.533 -4.616 -5.447 -5.452 -7.112 15/12/2091
-2.659 -2.851 -3.356 -4.524 -4.141 -2.977 -3.133 -3.455 -3.608 -4.164 -2.737 -2.716 -3.440 -3.494 -4.165 -2.984 -4.130 -3.396 -3.857 -4.122 -2.716 -4.119 -3.265 -3.393 -3.350 -2.706 -4.223 -3.288 -3.395 -3.819 16/12/2091
-0.642 -0.891 -1.224 -1.880 -2.228 -1.111 -1.250 -1.382 -2.084 -2.335 -1.155 -1.229 -1.518 -1.583 -2.217 -0.509 -1.055 -1.524 -1.755 -2.212 -0.611 -1.083 -1.415 -1.502 -1.697 -0.656 -1.273 -1.516 -1.411 -1.919 17/12/2091
8.565 8.355 7.727 4.811 4.791 8.141 7.986 7.623 4.860 4.594 8.357 8.072 5.418 5.315 4.702 8.649 5.826 5.337 5.185 4.760 6.314 5.806 5.605 5.376 5.068 6.362 5.856 5.755 5.547 4.873 18/12/2091
8.558 8.601 8.189 7.082 6.516 8.465 8.364 8.119 7.839 7.154 8.577 8.332 8.041 7.969 7.186 9.016 8.779 8.138 8.046 7.924 8.779 8.776 8.257 8.149 8.114 9.108 9.046 8.538 8.308 8.024 19/12/2091
8.147 8.474 8.306 7.950 7.611 8.399 8.322 8.252 8.525 8.197 8.456 8.413 8.699 8.598 8.252 9.067 9.413 8.724 8.608 8.520 9.083 9.405 8.671 8.792 8.804 9.304 9.485 8.952 8.884 8.580 20/12/2091
7.205 7.593 8.188 8.130 7.974 7.505 7.407 8.128 8.400 7.779 7.459 7.825 8.361 8.318 7.845 7.821 8.139 7.930 7.866 8.014 8.012 8.118 8.009 7.963 7.889 8.053 7.933 7.824 7.889 7.797 21/12/2091
9.314 9.315 9.244 8.964 8.976 9.171 9.022 9.133 9.661 9.020 9.207 8.901 9.391 9.313 9.106 9.675 9.794 9.276 9.156 9.210 9.788 9.774 9.556 9.327 9.634 9.880 9.747 9.473 9.816 9.458 22/12/2091
9.686 10.396 10.514 10.067 9.848 10.188 10.046 10.362 10.875 10.104 10.701 10.592 10.851 10.673 10.192 11.081 11.234 10.712 10.489 10.636 11.328 11.203 10.688 10.809 10.772 11.437 11.383 10.997 10.966 10.491 23/12/2091
11.877 12.203 12.439 12.285 11.709 12.041 11.922 12.347 12.765 12.079 12.049 12.312 12.593 12.477 12.210 12.392 12.967 12.373 12.202 12.733 12.640 12.940 12.307 12.448 12.807 13.030 13.118 12.610 12.829 12.585 24/12/2091
14.439 14.881 14.429 13.974 14.096 14.720 14.634 14.338 15.091 14.530 15.516 15.066 15.164 15.211 14.570 15.224 15.588 15.582 15.601 15.262 15.720 15.592 15.819 15.576 15.586 16.030 15.647 15.805 15.714 15.616 25/12/2091
14.898 14.404 14.597 14.709 14.505 14.267 14.195 14.496 15.387 14.752 14.927 15.060 15.385 15.372 14.829 15.415 15.462 15.464 15.449 15.334 15.769 15.483 15.604 15.471 15.507 15.858 15.486 15.606 15.599 15.485 26/12/2091
13.432 13.346 13.396 13.686 13.476 13.221 13.080 13.307 13.994 13.647 13.654 13.534 13.967 13.882 13.704 14.180 14.781 14.218 14.168 13.883 14.373 14.770 14.129 14.261 13.944 14.407 14.812 14.258 14.123 13.837 27/12/2091
14.165 14.321 13.897 13.770 13.999 14.154 14.016 13.805 14.296 13.857 14.221 13.886 14.377 14.432 13.888 14.177 14.206 14.558 14.610 14.409 14.341 14.217 14.617 14.516 14.386 14.594 14.457 14.845 14.730 14.485 28/12/2091
13.257 13.480 13.402 13.098 13.483 13.356 13.287 13.336 13.907 13.584 13.199 13.597 13.610 13.597 13.653 13.710 13.889 14.010 14.013 14.061 13.641 13.892 13.810 13.995 14.163 13.889 14.219 14.129 14.183 14.222 29/12/2091
11.832 11.865 11.831 11.602 11.268 11.737 11.646 11.733 12.020 11.481 11.691 11.847 11.833 11.716 11.590 12.131 12.239 11.850 11.716 11.849 12.208 12.231 11.791 11.912 11.923 12.357 12.588 12.202 12.174 11.730 30/12/2091
9.695 9.637 9.551 9.020 9.102 9.417 9.258 9.429 9.683 9.344 9.517 9.624 9.804 9.653 9.472 9.890 10.358 9.867 9.706 9.486 10.071 10.330 9.844 9.933 9.748 10.326 10.406 10.092 9.964 9.516 31/12/2091
7.477 7.341 7.123 6.272 5.890 7.065 6.830 6.961 6.878 6.072 7.334 7.167 7.204 6.991 6.277 8.126 8.222 7.160 6.923 6.515 8.193 8.178 7.292 7.267 6.986 8.498 8.352 7.664 7.427 6.668 01/01/2092
9.715 9.606 9.427 9.410 9.476 9.486 9.392 9.349 9.725 9.573 9.686 9.452 9.865 9.771 9.660 10.043 10.332 9.903 9.793 9.618 10.140 10.295 10.153 9.944 9.860 10.479 10.441 10.289 10.047 9.687 02/01/2092
12.817 12.749 12.529 12.147 12.462 12.574 12.433 12.393 12.948 12.469 12.669 12.547 12.899 12.859 12.499 12.559 12.975 12.941 12.907 12.893 12.716 12.931 13.109 12.957 12.967 12.759 12.876 12.870 12.827 12.917 03/01/2092
12.696 12.548 12.609 12.888 12.421 12.362 12.238 12.490 12.644 12.418 12.566 12.556 12.612 12.486 12.500 12.930 13.165 12.633 12.506 12.630 13.020 13.126 12.655 12.691 12.740 13.339 13.368 12.961 13.076 12.559 04/01/2092
15.227 15.104 15.575 14.280 15.406 15.015 14.906 15.509 15.625 15.240 14.942 14.869 15.154 14.965 15.287 14.556 14.737 14.956 14.693 15.017 14.401 14.713 15.019 15.027 14.964 14.558 14.878 15.290 15.190 14.634 05/01/2092
14.309 14.220 14.464 15.503 13.786 14.056 13.966 14.356 14.127 13.774 13.959 14.051 13.994 13.887 13.891 13.696 14.240 13.975 13.801 13.899 13.615 14.229 13.651 13.992 13.962 13.727 14.259 13.900 13.988 13.779 06/01/2092
12.210 12.135 12.013 12.028 11.594 11.980 11.823 11.898 11.947 11.736 12.126 12.056 12.149 12.017 11.851 11.957 12.310 12.073 11.897 11.901 12.010 12.283 12.288 12.137 12.058 11.965 12.139 12.246 12.209 11.830 07/01/2092
9.680 9.598 9.371 8.412 8.093 9.458 9.353 9.308 8.566 8.247 9.654 9.744 8.853 8.756 8.314 10.471 9.725 8.701 8.615 8.684 10.286 9.688 8.798 8.749 8.776 10.174 9.744 8.861 8.833 8.635 08/01/2092
12.119 12.259 12.017 11.538 11.325 12.112 12.030 11.934 11.793 11.398 12.059 12.004 11.799 11.726 11.476 12.657 12.606 11.925 11.859 11.571 12.778 12.587 11.941 11.959 11.804 12.857 12.550 11.964 11.884 11.715 09/01/2092
11.465 11.576 11.386 10.889 10.465 11.400 11.299 11.282 11.046 10.587 11.372 11.446 11.300 11.251 10.675 11.682 11.971 11.352 11.184 11.070 12.142 11.946 11.407 11.381 11.546 12.564 12.061 11.529 11.571 11.371 10/01/2092
10.490 10.397 10.250 9.941 9.886 10.212 10.102 10.138 10.494 9.990 10.552 10.268 10.496 10.406 10.098 11.276 10.927 10.691 10.540 10.457 11.319 10.900 10.682 10.738 10.791 11.593 11.105 11.050 10.802 10.591 11/01/2092
13.663 13.128 13.103 12.168 12.606 13.012 12.936 13.022 12.721 12.368 13.028 12.890 12.952 12.918 12.468 13.371 13.122 12.666 12.601 12.713 13.456 13.112 12.738 12.700 12.704 13.274 13.143 12.794 12.709 12.600 12/01/2092
14.194 13.888 13.778 13.156 12.922 13.687 13.557 13.646 13.342 12.929 13.695 13.678 13.513 13.333 13.054 13.751 13.453 13.421 13.216 13.166 13.850 13.444 13.453 13.541 13.557 14.058 13.560 13.850 13.762 13.217 13/01/2092
12.216 11.990 11.880 11.555 11.165 11.757 11.592 11.745 11.561 11.042 11.924 12.086 11.795 11.656 11.146 12.057 11.822 11.423 11.287 11.491 12.129 11.797 11.699 11.496 11.568 12.333 11.797 11.869 11.775 11.377 14/01/2092
8.333 8.227 8.291 7.711 7.882 8.059 7.929 8.185 8.436 8.024 8.242 8.291 8.398 8.296 8.088 8.576 8.229 8.471 8.355 8.359 9.053 8.206 8.548 8.539 8.499 9.645 8.450 8.944 8.613 8.317 15/01/2092
5.680 5.555 5.758 5.229 4.995 5.443 5.350 5.702 5.214 5.140 5.473 5.426 5.339 5.343 5.174 5.533 6.287 5.333 5.309 5.516 5.638 6.279 5.281 5.338 5.588 6.305 6.411 5.410 5.463 5.549 16/01/2092
6.522 6.424 6.462 6.681 5.536 6.239 6.066 6.344 6.145 5.580 6.261 6.310 6.136 6.055 5.679 6.725 7.197 6.127 6.011 6.121 7.028 7.156 6.118 6.155 6.267 7.419 7.374 6.386 6.285 6.131 17/01/2092
9.855 9.694 9.800 9.568 8.979 9.615 9.529 9.761 9.368 9.036 9.451 9.583 9.087 8.987 9.145 9.260 9.693 9.080 8.943 9.430 9.146 9.668 9.040 9.130 9.544 9.292 9.539 9.115 9.207 9.362 18/01/2092
8.484 8.415 8.259 7.732 7.643 8.292 8.185 8.186 8.108 7.740 8.585 8.517 8.018 7.931 7.850 8.868 9.040 8.260 8.148 8.246 8.967 9.009 8.461 8.293 8.106 9.164 8.850 8.379 8.260 7.973 19/01/2092
8.160 7.828 7.666 7.461 6.874 7.691 7.571 7.586 7.339 6.977 7.844 7.607 7.320 7.222 7.020 7.880 7.569 7.255 7.143 7.392 7.843 7.558 7.161 7.293 7.455 7.811 7.648 7.328 7.684 7.299 20/01/2092
10.193 9.893 9.716 9.396 8.531 9.725 9.530 9.623 9.409 8.644 9.481 9.455 9.086 8.960 8.746 9.504 9.315 9.179 9.006 9.333 9.448 9.292 8.966 9.235 9.383 9.629 9.479 9.323 9.348 9.153 21/01/2092
12.242 12.023 11.532 11.021 10.638 11.838 11.683 11.412 11.203 10.770 12.122 11.577 11.137 11.040 10.900 12.453 12.452 11.474 11.355 11.273 12.535 12.414 11.562 11.533 11.725 13.098 12.614 11.803 11.804 11.518 22/01/2092
12.500 12.463 12.129 12.226 11.817 12.272 12.091 12.033 12.444 11.985 12.553 12.329 12.421 12.264 12.130 12.735 12.565 12.446 12.300 12.245 12.835 12.527 12.488 12.522 12.563 13.001 12.782 12.942 12.862 12.323 23/01/2092
10.920 11.110 10.751 10.587 11.010 10.884 10.776 10.665 11.202 11.152 11.122 10.898 11.251 11.186 11.290 11.381 11.471 11.433 11.362 11.236 11.525 11.427 11.331 11.481 11.463 11.710 11.864 11.758 11.585 11.333 24/01/2092
9.893 10.001 9.652 9.429 8.435 9.773 9.605 9.515 9.414 8.902 10.155 9.919 9.394 9.264 9.031 10.549 10.527 9.436 9.279 9.415 10.862 10.481 9.873 9.492 9.590 10.844 10.611 10.045 9.690 9.349 25/01/2092
11.855 11.904 11.686 11.066 10.715 11.726 11.583 11.587 11.472 10.839 11.838 11.858 11.720 11.629 10.969 12.190 12.395 11.792 11.716 11.452 12.588 12.368 11.898 11.829 11.576 12.666 12.356 11.938 11.857 11.386 26/01/2092
11.296 10.880 11.364 10.261 10.271 10.806 10.799 11.261 11.186 10.551 10.546 11.108 11.213 11.125 10.656 11.325 12.095 11.064 10.916 11.086 12.257 12.070 11.445 11.126 10.091 11.353 11.154 10.284 10.048 10.009 27/01/2092
10.768 9.951 10.636 10.516 10.532 9.752 9.674 10.525 10.677 10.438 9.711 9.842 10.457 10.288 10.550 10.025 10.769 9.673 9.516 10.088 10.730 10.734 10.230 9.723 9.441 9.493 9.494 8.891 9.055 9.266 28/01/2092
10.762 10.287 10.474 9.237 10.606 10.021 9.825 10.287 8.870 10.629 10.191 10.107 9.051 8.862 10.762 10.739 9.979 8.398 8.319 8.477 10.777 9.949 8.155 8.527 8.324 10.138 9.609 8.583 8.580 8.148 29/01/2092
13.351 13.382 13.985 13.925 13.487 13.234 13.168 13.925 13.834 13.102 13.093 13.064 12.934 12.837 13.179 11.234 12.561 12.573 12.486 12.808 11.356 12.531 12.559 12.609 12.614 11.336 12.550 12.633 12.580 12.466 30/01/2092
13.024 13.383 13.223 13.213 13.136 13.161 13.033 13.086 13.344 13.125 13.315 13.138 12.616 12.538 13.134 12.106 12.382 12.847 12.786 12.812 12.111 12.340 12.448 12.883 12.992 12.049 12.820 12.931 13.166 12.820 31/01/2092
13.098 13.082 13.149 13.738 13.282 12.836 12.699 12.982 13.681 13.345 13.144 12.966 13.327 13.192 13.402 13.090 13.382 13.546 13.423 13.484 13.064 13.330 13.102 13.603 13.930 13.496 14.319 14.092 13.914 13.736 01/02/2092
13.020 12.683 12.637 12.938 12.460 12.481 12.303 12.490 12.953 12.306 12.412 12.348 13.076 12.943 12.381 12.540 13.124 13.129 12.993 13.140 12.733 13.078 12.935 13.198 13.117 13.199 13.508 13.497 13.712 12.899 02/02/2092
14.599 14.390 14.585 14.544 13.920 14.214 14.089 14.455 14.433 14.120 14.155 14.807 14.651 14.731 14.128 14.359 15.040 14.601 14.694 14.611 14.665 15.036 14.848 14.570 14.542 15.068 15.387 15.095 15.026 14.667 03/02/2092
10.452 10.437 10.251 9.756 9.260 10.220 10.081 10.121 10.040 9.430 10.163 10.194 10.076 9.975 9.563 10.539 10.518 9.863 9.730 10.123 10.530 10.491 9.845 9.945 11.018 10.687 10.475 10.023 10.387 10.769 04/02/2092
9.665 9.646 9.382 9.214 8.638 9.513 9.433 9.326 9.154 8.819 9.789 9.619 9.615 9.536 8.893 9.839 9.704 9.420 9.301 9.228 9.848 9.694 9.565 9.475 9.718 9.910 9.648 9.613 9.728 9.561 05/02/2092
8.929 8.919 8.630 8.228 7.249 8.851 8.829 8.604 7.720 7.132 9.259 8.868 8.303 8.309 7.080 9.044 9.420 8.177 8.152 7.889 8.997 9.417 8.521 8.180 8.225 9.019 9.418 8.528 8.434 8.198 06/02/2092
10.496 10.351 10.240 11.579 9.682 10.217 10.104 10.155 10.026 9.649 10.376 10.202 10.200 10.087 9.726 10.589 10.500 10.119 9.973 9.873 10.536 10.462 10.227 10.161 10.095 10.575 10.453 10.288 10.282 9.921 07/02/2092
13.524 13.429 13.549 13.788 14.451 13.277 13.112 13.473 15.408 14.832 13.543 13.628 15.415 15.253 14.868 13.266 14.552 15.265 15.057 15.244 13.396 14.481 15.121 15.344 15.219 13.772 14.968 15.644 15.544 14.918 08/02/2092
11.479 11.329 10.706 10.974 11.538 11.150 11.001 10.620 12.341 11.738 11.188 11.057 12.156 12.072 11.831 11.660 11.652 12.205 12.109 12.191 11.932 11.618 11.901 12.259 12.548 11.991 12.201 12.648 12.888 12.397 09/02/2092
8.580 8.473 8.087 7.669 8.206 8.328 8.267 7.980 8.732 8.320 8.111 8.196 8.727 8.667 8.444 8.912 9.181 8.861 8.770 8.826 9.212 9.171 8.787 8.896 8.838 9.499 9.438 9.243 9.189 8.746 10/02/2092
7.512 7.522 6.883 6.331 6.742 7.321 7.189 6.778 7.046 6.800 7.162 6.989 7.226 7.115 6.911 7.657 8.053 7.408 7.312 7.071 7.824 8.029 7.445 7.461 7.621 8.102 8.232 7.813 7.846 7.494 11/02/2092
8.382 8.637 8.422 7.994 7.600 8.499 8.381 8.326 8.591 8.025 8.839 8.712 8.606 8.503 8.145 9.305 9.337 8.878 8.742 8.567 9.563 9.302 8.885 8.944 9.215 9.808 9.560 9.306 9.352 8.990 12/02/2092
10.764 10.819 10.451 10.758 10.664 10.610 10.505 10.329 10.525 10.422 10.922 10.638 10.585 10.471 10.556 11.420 11.487 10.601 10.403 10.262 11.703 11.453 10.848 10.661 10.644 11.783 11.677 11.188 10.999 10.374 13/02/2092
9.811 9.975 9.692 9.166 8.824 9.752 9.635 9.574 9.823 9.345 10.114 9.957 9.893 9.782 9.393 10.913 11.072 10.021 9.905 9.847 11.084 11.053 9.937 10.082 10.107 11.177 11.123 10.325 10.224 9.763 14/02/2092
10.201 10.312 10.213 9.220 9.201 10.127 10.047 10.118 10.210 9.575 10.391 10.115 10.413 10.260 9.690 11.061 11.127 10.390 10.233 10.553 10.895 11.088 10.715 10.466 10.501 11.261 11.020 10.631 10.780 10.226 15/02/2092
6.523 6.226 6.154 5.762 5.805 6.000 5.838 6.021 5.948 5.981 6.186 6.145 5.992 5.854 6.101 6.585 6.634 5.899 5.717 5.904 6.687 6.595 6.009 6.010 6.121 6.808 6.475 6.096 6.243 5.857 16/02/2092
4.804 4.811 4.731 4.354 4.244 4.667 4.533 4.628 4.607 4.461 4.749 4.533 4.712 4.592 4.585 5.005 5.007 4.691 4.559 4.665 5.025 4.981 4.643 4.743 4.770 5.177 5.090 4.904 4.733 4.550 17/02/2092
5.883 5.762 5.746 5.069 4.572 5.662 5.572 5.670 5.472 4.586 5.753 5.727 5.579 5.414 4.718 5.973 6.199 5.421 5.241 5.109 5.945 6.194 5.448 5.517 5.603 5.968 6.172 5.732 5.676 5.327 18/02/2092
7.853 7.789 8.012 7.234 6.837 7.685 7.597 7.949 7.452 6.950 7.860 7.969 7.847 7.733 7.006 8.357 8.597 7.638 7.509 7.691 8.479 8.580 7.567 7.688 8.005 8.739 8.667 7.859 7.856 7.768 19/02/2092
7.708 7.585 7.760 6.708 7.190 7.425 7.303 7.647 7.453 7.188 7.722 7.820 7.620 7.453 7.277 7.997 8.040 7.437 7.308 7.362 7.979 8.004 7.457 7.464 7.493 8.154 7.969 7.499 7.473 7.345 20/02/2092
8.904 8.771 9.124 9.641 8.603 8.807 8.851 9.121 9.266 8.444 8.779 8.930 8.892 9.023 8.431 8.818 8.440 8.963 9.135 9.193 8.788 8.429 8.867 8.890 8.777 8.748 8.458 8.718 8.775 9.013 21/02/2092
13.315 13.228 13.459 13.626 13.114 13.254 13.280 13.457 12.441 12.964 13.179 13.306 12.306 12.241 12.852 12.676 11.800 12.232 12.169 12.152 12.816 11.849 12.238 12.275 12.197 12.911 11.720 12.456 12.480 12.087 22/02/2092
14.404 14.564 14.148 13.048 13.952 14.455 14.362 14.096 14.154 13.962 14.764 14.523 14.413 14.296 13.965 14.183 13.294 14.310 14.154 14.052 14.298 13.286 14.375 14.376 14.218 14.505 13.427 14.688 14.423 13.986 23/02/2092
10.269 10.169 10.063 9.927 9.469 10.018 9.918 9.960 9.764 9.483 10.130 10.022 9.814 9.737 9.516 10.326 10.159 9.827 9.742 9.577 10.348 10.153 9.925 9.882 9.696 10.291 10.009 9.931 9.827 9.546 24/02/2092
10.243 10.177 10.074 9.791 9.322 10.001 9.862 9.983 9.745 9.339 10.135 10.066 9.935 9.841 9.407 10.353 10.454 9.895 9.770 9.751 10.652 10.439 10.150 9.939 9.777 10.488 10.195 9.950 9.729 9.644 25/02/2092
10.571 10.592 10.486 9.975 9.673 10.389 10.262 10.362 10.404 9.988 10.448 10.539 10.472 10.410 10.059 10.805 11.043 10.303 10.233 10.399 11.247 11.022 10.560 10.361 10.518 11.149 10.833 10.444 10.575 10.409 26/02/2092
11.479 11.617 11.584 11.274 10.817 11.522 11.469 11.521 11.477 10.982 11.671 11.606 11.401 11.289 11.103 11.831 11.942 11.353 11.191 11.315 12.352 11.951 11.606 11.421 11.246 12.328 12.078 11.856 11.612 11.017 27/02/2092
12.389 12.548 12.315 11.969 11.707 12.442 12.363 12.224 11.739 11.230 12.054 12.502 11.660 11.468 11.316 12.410 12.520 11.584 11.382 11.441 12.756 12.519 11.983 11.666 11.644 12.608 12.376 12.161 11.930 11.356 28/02/2092
14.332 14.318 14.370 12.654 13.859 14.107 13.900 14.206 13.917 13.897 13.847 14.035 13.876 13.813 13.988 13.472 13.705 13.831 13.765 13.580 13.794 13.693 13.847 13.864 13.659 14.128 13.891 14.158 13.860 13.539 29/02/2092
16.862 16.540 16.823 16.291 17.075 16.386 16.269 16.752 17.164 16.892 16.215 16.237 17.010 16.924 16.984 16.874 17.476 16.869 16.759 16.799 17.010 17.456 16.789 16.915 16.819 17.153 17.633 17.065 16.956 16.656 01/03/2092
15.191 14.959 14.826 14.266 14.461 14.791 14.634 14.748 15.013 14.532 14.537 14.687 14.992 14.905 14.628 15.107 15.622 15.053 14.953 15.273 15.288 15.574 14.912 15.090 15.229 15.255 15.908 15.325 15.371 15.059 02/03/2092
14.870 14.955 15.228 15.412 14.983 14.801 14.689 15.156 15.841 15.164 14.941 15.025 15.381 15.280 15.265 15.719 16.378 15.314 15.203 15.660 16.412 16.354 15.514 15.374 15.965 16.543 16.389 15.723 15.529 15.815 03/03/2092
17.144 17.225 17.333 17.749 17.620 17.172 17.172 17.313 17.630 17.680 16.990 17.092 17.212 17.232 17.643 17.065 17.333 17.089 17.136 17.461 17.234 17.315 17.043 17.103 17.579 17.816 17.700 17.445 17.454 17.595 04/03/2092
18.565 18.465 18.438 18.216 17.954 18.284 18.167 18.343 17.789 17.750 18.285 18.154 17.680 17.584 17.795 18.131 18.142 17.754 17.633 17.460 18.337 18.123 17.875 17.801 17.622 18.671 18.426 18.299 18.099 17.512 05/03/2092
16.456 16.521 16.527 16.281 16.548 16.272 16.138 16.410 16.724 16.469 16.196 16.336 16.881 16.757 16.570 16.885 16.999 16.459 16.302 16.683 16.907 16.963 16.567 16.517 16.713 17.193 16.908 16.661 16.592 16.595 06/03/2092
18.118 18.071 18.050 17.489 17.923 17.860 17.700 17.939 18.283 17.838 18.037 17.996 18.387 18.308 17.965 19.071 19.317 18.290 18.116 18.151 18.991 19.298 18.358 18.319 18.351 19.053 19.377 18.624 18.428 18.168 07/03/2092
18.992 18.887 18.995 18.991 18.685 18.787 18.606 18.963 19.078 18.508 18.793 18.735 19.183 19.061 18.603 19.204 19.423 19.026 18.842 18.864 19.238 19.414 19.059 19.100 19.017 19.449 19.580 19.376 19.150 18.810 08/03/2092
20.323 20.077 20.115 19.288 19.388 19.873 19.691 20.000 20.108 19.037 19.860 19.853 19.953 19.930 19.094 20.058 20.782 19.768 19.718 19.853 20.150 20.744 19.853 19.795 19.797 20.237 20.910 19.960 19.753 19.759 09/03/2092
21.524 21.565 21.750 21.282 20.118 21.383 21.225 21.652 21.384 19.979 21.407 21.367 21.408 21.248 20.089 21.110 21.738 21.283 21.162 21.226 21.183 21.710 21.236 21.373 21.464 21.615 21.890 21.668 21.657 21.242 10/03/2092
14.264 14.426 14.390 14.422 14.078 14.293 14.172 14.306 14.720 14.261 14.632 14.611 14.788 14.682 14.390 14.973 15.755 15.117 14.985 14.859 15.524 15.751 15.184 15.158 15.344 15.945 16.092 15.708 15.573 15.205 11/03/2092
14.343 14.929 14.924 14.649 14.634 14.851 14.767 14.878 15.510 14.960 14.970 15.114 15.505 15.381 15.076 15.039 16.577 15.816 15.728 15.722 15.286 16.602 15.753 15.851 16.290 15.490 16.590 16.045 16.205 16.160 12/03/2092
15.937 15.638 15.907 15.813 15.624 15.474 15.383 15.819 16.384 15.662 15.445 15.583 16.032 15.940 15.742 15.728 16.416 16.283 16.215 16.335 16.256 16.387 16.133 16.315 16.426 16.751 16.898 16.602 16.603 16.312 13/03/2092
18.717 18.578 18.635 19.043 17.878 18.461 18.373 18.566 18.390 17.738 18.304 18.363 18.267 18.231 17.833 18.514 18.699 18.285 18.220 18.225 18.732 18.669 18.326 18.309 18.340 18.889 18.865 18.557 18.498 18.258 14/03/2092
18.755 18.556 18.511 18.830 18.207 18.402 18.295 18.425 18.500 18.132 18.220 18.318 18.572 18.493 18.278 18.594 18.827 18.555 18.456 18.412 18.780 18.785 18.490 18.601 18.541 18.914 18.944 18.702 18.685 18.372 15/03/2092
13.654 13.506 13.278 13.054 13.287 13.369 13.234 13.189 13.239 13.194 13.453 13.294 13.545 13.467 13.310 13.832 13.784 13.359 13.204 13.088 13.991 13.749 13.339 13.416 13.211 13.848 13.793 13.570 13.594 13.075 16/03/2092
15.667 15.423 15.267 14.935 14.520 15.449 15.464 15.277 14.454 14.309 15.999 15.611 14.896 14.902 14.377 16.040 16.276 14.878 14.856 14.564 16.236 16.268 15.546 14.893 14.764 16.326 16.363 15.708 15.449 14.747 17/03/2092
13.660 13.595 13.479 13.041 13.047 13.500 13.424 13.414 13.038 12.946 13.563 13.497 13.501 13.426 13.009 13.633 14.285 13.407 13.323 13.315 13.966 14.240 13.829 13.457 13.262 13.809 14.337 13.988 13.547 13.112 18/03/2092
10.485 10.327 10.697 11.564 10.577 9.953 9.581 10.469 12.061 11.572 10.214 10.558 11.368 11.169 11.780 10.220 10.809 11.138 10.918 11.988 10.850 10.765 10.782 11.234 12.323 10.887 10.941 11.132 11.648 11.963 19/03/2092
11.134 10.818 10.733 10.547 10.608 10.805 10.740 10.693 10.853 10.665 10.709 10.630 10.698 10.648 10.838 11.116 10.924 10.949 10.888 10.661 11.420 10.921 10.495 10.980 10.549 11.111 11.198 10.879 10.793 10.427 20/03/2092
11.284 11.028 11.011 10.692 11.021 10.986 10.952 10.990 10.859 10.743 10.925 10.966 10.874 10.820 10.852 11.462 11.799 10.926 10.867 10.966 11.514 11.779 10.763 10.972 10.955 11.498 11.864 10.976 11.151 10.844 21/03/2092
11.473 10.906 11.575 11.183 11.094 10.680 10.497 11.449 11.260 11.170 10.762 11.166 11.398 11.240 11.323 11.085 11.354 11.194 11.029 10.829 11.070 11.340 11.144 11.275 11.455 11.722 11.443 11.475 11.724 11.238 22/03/2092
11.151 10.844 10.618 9.928 10.069 10.589 10.376 10.457 10.722 10.251 10.508 10.624 11.144 10.952 10.434 10.895 10.754 10.913 10.692 10.495 11.100 10.720 10.876 11.001 10.720 11.504 10.766 11.113 11.154 10.388 23/03/2092
6.875 7.047 6.744 5.776 5.670 6.817 6.626 6.620 5.863 5.784 6.852 6.809 6.653 6.517 5.942 6.885 6.681 7.180 6.998 6.730 6.838 6.645 7.205 7.222 6.663 7.197 6.467 6.942 7.229 6.412 24/03/2092
11.060 11.041 10.889 10.484 10.386 10.813 10.609 10.735 10.766 10.605 10.674 10.878 10.855 10.705 10.764 11.055 11.535 10.857 10.684 10.575 11.402 11.487 10.992 10.916 10.779 11.754 11.414 11.016 10.940 10.519 25/03/2092
14.649 14.429 14.257 13.801 14.288 14.187 13.964 14.092 14.476 14.218 14.243 14.410 14.670 14.518 14.361 14.754 14.721 14.453 14.290 14.420 14.361 14.659 14.280 14.506 14.587 15.127 14.776 14.488 14.569 14.378 26/03/2092
13.399 12.618 12.874 12.072 12.124 12.378 12.117 12.732 12.549 12.282 12.575 12.567 12.920 12.756 12.417 12.528 13.166 13.139 12.921 13.011 12.883 13.106 13.192 13.203 13.421 13.534 13.411 13.646 13.663 13.181 27/03/2092
12.535 12.435 12.646 12.465 12.261 12.387 12.350 12.592 13.239 12.552 12.751 12.717 13.162 13.044 12.636 13.066 13.661 13.599 13.400 13.368 13.539 13.654 13.515 13.663 13.734 13.943 14.036 14.128 13.971 13.483 28/03/2092
17.051 16.963 17.088 17.008 16.111 16.872 16.793 17.001 16.751 16.081 16.770 16.740 16.544 16.465 16.161 15.983 16.939 16.500 16.390 16.418 16.099 16.952 16.495 16.531 16.453 16.332 17.141 16.829 16.634 16.314 29/03/2092
16.305 16.350 16.562 16.590 16.081 16.331 16.281 16.538 16.384 16.073 16.206 16.289 16.116 16.127 16.145 15.217 16.409 16.248 16.261 16.501 15.086 16.406 16.194 16.250 16.459 15.255 16.660 16.365 16.489 16.527 30/03/2092
12.247 11.966 12.181 11.872 11.951 11.867 11.752 12.090 12.740 12.143 12.037 11.995 12.605 12.494 12.276 12.349 12.676 12.580 12.435 12.714 12.296 12.655 12.301 12.634 12.571 12.501 12.970 12.729 13.030 12.363 31/03/2092
13.184 13.272 13.398 13.232 12.956 13.105 12.992 13.296 13.181 12.771 13.182 13.188 13.348 13.213 12.838 13.094 13.720 13.390 13.237 13.053 13.422 13.687 13.547 13.453 13.784 13.715 13.820 13.807 14.011 13.584 01/04/2092
12.029 11.585 11.541 12.102 11.547 11.406 11.257 11.428 11.890 11.356 11.656 11.906 11.578 11.413 11.500 12.086 12.451 12.259 12.113 12.563 12.467 12.398 11.793 12.352 13.137 13.306 13.006 12.571 12.975 12.872 02/04/2092
11.553 11.441 11.441 11.356 11.283 11.254 11.074 11.309 11.857 11.540 11.632 11.126 11.631 11.486 11.628 12.018 11.690 11.348 11.212 11.721 12.068 11.673 11.578 11.433 12.379 12.668 12.230 12.204 12.088 12.167 03/04/2092
9.993 9.938 9.819 8.941 9.180 9.734 9.561 9.701 10.404 10.135 10.071 9.890 10.117 10.034 10.239 10.451 10.709 9.962 9.832 10.128 10.621 10.684 10.421 10.029 10.562 11.068 10.460 10.218 10.444 10.377 04/04/2092
9.839 9.730 10.080 10.254 10.633 9.542 9.375 9.953 11.078 10.588 9.778 9.673 10.668 10.509 10.764 10.253 10.233 10.585 10.368 10.708 10.544 10.189 10.169 10.674 11.014 10.449 10.549 10.752 11.059 10.693 05/04/2092
11.076 11.141 11.415 11.096 11.083 10.956 10.795 11.317 11.597 11.254 10.890 11.156 11.287 11.197 11.380 10.859 11.031 11.401 11.241 11.490 11.203 11.013 11.209 11.456 11.567 11.132 11.103 11.430 11.498 11.321 06/04/2092
12.068 11.973 11.832 11.693 11.905 11.815 11.685 11.732 12.207 12.073 12.130 12.010 12.151 12.020 12.226 12.280 12.316 12.253 12.075 12.088 12.832 12.268 12.327 12.333 12.124 12.558 12.793 12.965 12.638 11.886 07/04/2092
10.408 10.467 10.479 10.133 10.112 10.241 10.101 10.351 9.945 9.660 10.265 10.160 10.477 10.359 9.772 10.451 10.837 10.246 10.070 10.163 10.494 10.789 10.593 10.336 10.509 10.805 10.575 10.444 10.358 10.276 08/04/2092
10.200 10.412 10.506 10.403 10.384 10.273 10.160 10.415 10.200 10.225 9.749 9.647 9.675 9.595 10.329 9.839 9.857 9.732 9.620 10.036 9.902 9.818 9.721 9.796 9.952 10.141 9.687 9.737 9.521 9.783 09/04/2092
13.235 13.921 13.059 13.404 13.849 13.807 13.739 12.990 13.636 13.370 13.202 13.258 13.629 13.574 13.424 13.476 13.566 13.390 13.356 13.791 13.816 13.522 13.192 13.456 13.527 13.759 14.642 14.343 13.743 13.426 10/04/2092
13.309 13.252 12.828 12.746 12.969 13.195 13.129 12.771 13.078 12.956 12.725 12.818 13.190 13.124 13.031 12.811 12.994 12.712 12.634 12.999 12.758 12.957 12.639 12.748 13.082 12.875 13.297 13.085 12.968 12.953 11/04/2092
12.999 12.881 12.988 12.132 12.408 12.819 12.736 12.974 12.533 12.444 13.159 12.892 12.831 12.760 12.528 13.784 13.447 12.981 12.888 12.896 13.744 13.412 12.731 13.022 12.825 13.736 14.054 13.330 13.007 12.748 12/04/2092
14.328 14.329 13.954 13.670 13.901 14.247 14.180 13.926 14.329 14.083 14.265 14.466 14.295 14.245 14.161 14.619 14.912 14.410 14.345 13.856 14.686 14.895 14.481 14.467 14.489 14.806 14.954 14.558 14.528 14.358 13/04/2092
14.213 14.482 14.032 13.569 13.912 14.388 14.314 13.988 14.231 14.095 14.364 14.393 14.397 14.358 14.160 14.936 15.576 14.539 14.461 14.339 15.169 15.550 14.737 14.544 14.650 15.470 15.717 14.935 14.589 14.542 14/04/2092
13.659 13.815 13.437 13.291 13.308 13.679 13.570 13.351 13.516 13.295 13.622 13.681 13.539 13.474 13.414 13.973 14.655 13.773 13.672 13.933 14.210 14.632 13.853 13.804 14.321 14.582 14.818 14.115 14.052 14.141 15/04/2092
12.063 12.311 11.930 11.838 11.947 12.234 12.168 11.851 12.333 12.171 12.362 12.363 12.591 12.436 12.301 12.771 12.969 12.698 12.508 12.520 12.866 12.948 12.619 12.782 13.063 13.353 13.408 13.291 13.231 12.767 16/04/2092
13.707 13.615 13.366 12.865 12.891 13.455 13.348 13.273 13.206 12.845 13.653 13.476 13.392 13.295 12.964 13.757 13.797 13.576 13.503 13.342 13.869 13.773 13.552 13.634 13.965 14.168 14.256 14.041 13.894 13.825 17/04/2092
15.885 15.814 15.786 15.410 15.181 15.759 15.683 15.745 15.641 15.430 15.893 15.926 15.808 15.781 15.525 16.108 16.997 15.982 15.984 16.019 16.454 17.029 15.966 16.000 16.232 16.656 17.193 16.299 16.221 16.236 18/04/2092
17.639 17.480 17.486 18.202 16.997 17.270 17.083 17.366 17.917 17.266 17.345 17.518 17.948 17.824 17.394 17.723 17.837 18.002 17.907 18.159 17.843 17.823 17.913 18.057 18.277 17.944 17.869 18.175 18.337 18.141 19/04/2092
17.899 17.903 17.751 17.106 17.674 17.618 17.494 17.596 18.002 17.954 17.778 17.865 18.031 18.040 17.982 18.296 18.848 18.072 18.123 18.305 18.464 18.816 18.034 18.073 18.235 18.468 18.837 17.880 18.079 18.285 20/04/2092
19.220 19.280 19.181 18.674 18.444 19.138 19.010 19.093 18.969 18.530 19.211 19.263 19.096 19.013 18.597 19.425 19.485 19.185 19.112 19.143 19.567 19.458 19.169 19.183 19.252 19.709 19.532 19.228 19.242 19.170 21/04/2092
20.707 20.703 20.595 20.244 20.373 20.469 20.346 20.435 20.392 20.336 20.413 20.400 20.501 20.384 20.439 20.032 20.570 20.492 20.359 20.322 20.017 20.543 20.442 20.564 20.495 20.100 20.746 20.792 20.549 20.313 22/04/2092
18.681 18.768 18.614 18.255 18.513 18.726 18.679 18.580 18.881 18.795 18.776 18.783 18.947 18.931 18.871 18.837 19.269 19.038 18.984 19.103 18.850 19.253 18.994 19.048 19.265 18.959 19.410 19.235 19.160 19.184 23/04/2092
17.173 17.132 16.350 14.570 16.420 16.882 16.644 16.184 16.744 16.466 17.095 16.948 17.100 17.036 16.594 16.452 16.812 17.218 17.190 16.763 16.309 16.728 17.250 17.261 17.192 16.341 16.925 17.268 17.156 17.088 24/04/2092
16.803 16.869 16.593 16.714 15.499 16.749 16.646 16.502 15.973 15.595 17.011 16.896 16.404 16.352 15.751 17.415 16.410 15.972 15.866 15.527 17.162 16.359 16.021 16.023 15.622 16.902 16.242 15.952 15.897 15.504 25/04/2092
15.803 15.342 15.359 15.113 13.819 15.245 15.094 15.285 13.850 13.773 15.038 15.130 14.304 14.147 13.946 15.005 14.204 13.869 13.753 13.648 14.720 14.138 13.553 13.922 13.934 15.345 14.427 13.854 13.821 13.755 26/04/2092
12.554 11.963 12.038 11.277 11.058 11.840 11.712 11.956 11.363 11.153 11.689 11.793 11.438 11.322 11.248 12.076 12.168 11.467 11.327 10.955 11.858 12.134 11.503 11.511 11.023 12.155 12.140 11.623 11.257 10.829 27/04/2092
11.336 11.568 10.809 9.060 9.859 11.306 11.085 10.637 9.861 9.944 10.994 10.999 10.310 10.138 10.065 10.980 12.448 10.144 9.961 9.716 10.974 12.377 10.331 10.195 9.917 11.277 12.983 11.019 10.123 9.662 28/04/2092
13.989 13.837 13.720 12.568 13.143 13.639 13.478 13.599 13.932 13.723 13.772 13.676 13.682 13.550 13.875 14.188 14.600 13.755 13.609 13.850 14.501 14.563 13.907 13.802 14.185 14.683 14.988 14.440 14.306 13.933 29/04/2092
21.127 20.749 21.078 19.441 17.243 20.666 20.640 21.014 21.091 17.903 20.463 20.494 20.863 20.782 17.985 20.793 21.594 20.851 20.779 20.995 20.884 21.557 20.909 20.886 21.004 20.936 21.759 21.100 21.035 20.885 30/04/2092
20.806 20.916 21.150 20.364 20.524 20.814 20.726 21.063 21.685 20.823 20.632 20.720 21.441 21.332 20.823 20.313 21.015 21.269 21.133 21.622 20.579 20.961 21.402 21.274 21.566 20.947 21.164 21.442 21.250 21.470 01/05/2092
18.637 18.685 18.746 18.638 18.370 18.552 18.455 18.655 18.669 18.108 18.413 18.481 18.534 18.415 18.157 18.475 18.375 18.236 18.130 18.661 18.200 18.346 18.432 18.280 18.882 18.153 18.394 18.459 18.523 18.690 02/05/2092
18.615 18.685 18.932 20.112 19.780 18.655 18.602 19.027 20.340 19.709 18.688 18.864 20.467 20.600 19.982 19.730 20.697 20.262 20.474 20.558 19.888 20.686 20.512 20.221 20.568 19.684 20.666 20.351 20.459 20.796 03/05/2092
16.970 17.115 17.171 16.887 17.308 16.939 16.826 17.085 17.585 17.076 17.046 17.229 17.619 17.490 17.267 17.877 18.716 17.520 17.385 17.516 18.000 18.715 17.944 17.581 17.839 18.224 18.038 17.495 17.443 17.633 04/05/2092
16.039 15.979 16.040 15.718 15.867 15.852 15.757 15.977 16.069 15.876 15.952 15.916 16.253 16.271 15.956 16.316 17.345 16.263 16.248 16.463 16.573 17.320 16.292 16.265 16.382 16.859 17.630 16.419 16.456 16.369 05/05/2092
15.638 15.378 15.460 15.191 15.760 15.254 15.147 15.372 15.171 15.289 15.115 15.145 15.424 15.369 15.405 15.556 16.007 15.392 15.359 15.329 15.632 15.982 15.368 15.446 15.300 16.112 16.249 15.522 15.336 15.184 06/05/2092
16.035 15.946 15.804 16.028 15.594 15.758 15.582 15.675 16.321 15.636 16.113 15.661 16.405 16.232 15.746 16.214 16.260 15.880 15.735 15.936 16.076 16.231 16.197 15.910 15.788 16.487 16.404 16.547 16.440 15.582 07/05/2092
16.497 16.627 16.237 16.680 15.744 16.430 16.278 16.195 15.872 15.918 16.235 16.502 15.998 15.907 15.992 16.131 16.445 16.275 16.164 16.035 15.950 16.432 16.153 16.291 16.119 15.984 15.976 15.656 15.998 15.972 08/05/2092
17.470 17.306 17.135 16.266 16.544 17.034 16.805 16.977 16.522 16.668 17.271 17.319 16.809 16.661 16.730 17.992 17.861 16.484 16.298 15.989 18.012 17.809 16.906 16.520 16.845 18.223 17.668 16.867 16.745 16.615 09/05/2092
19.975 19.942 19.909 19.639 20.350 19.786 19.720 19.803 20.651 20.431 20.059 20.038 20.700 20.619 20.500 20.503 20.699 20.429 20.287 20.206 20.647 20.668 20.718 20.459 20.506 20.844 20.927 21.010 20.751 20.324 10/05/2092
24.007 24.101 24.201 23.993 24.396 24.110 24.076 24.213 24.992 24.473 23.900 23.958 24.749 24.626 24.606 24.120 24.839 24.406 24.283 24.391 24.338 24.866 24.526 24.503 24.498 24.697 24.928 25.086 24.842 24.248 11/05/2092
26.608 26.788 26.826 25.639 25.851 26.629 26.530 26.741 26.633 26.308 26.317 26.609 26.482 26.387 26.424 26.012 27.331 26.105 26.045 26.178 26.470 27.318 26.238 26.192 26.143 26.651 27.506 26.694 26.160 25.976 12/05/2092
19.231 19.261 19.375 17.803 18.807 19.071 19.025 19.290 20.051 19.352 18.746 19.094 20.203 20.046 19.455 20.541 22.074 20.378 20.290 20.583 20.936 22.049 19.851 20.479 20.561 20.800 22.091 19.919 20.390 20.348 13/05/2092
16.697 16.644 16.953 16.718 16.788 16.525 16.364 16.879 17.569 17.243 16.386 16.569 17.265 17.129 17.369 16.231 17.064 17.779 17.566 17.884 16.469 17.031 17.003 17.833 17.778 16.682 17.133 17.242 17.757 17.520 14/05/2092
16.850 16.676 16.541 15.908 16.685 16.507 16.351 16.431 17.225 17.177 16.464 16.429 17.098 17.091 17.210 17.480 17.967 17.058 17.014 17.111 17.160 17.938 16.828 17.095 17.137 17.337 18.041 16.922 17.253 17.090 15/05/2092
20.618 20.253 20.694 19.381 20.399 20.181 20.223 20.674 20.835 20.607 20.975 20.753 20.797 20.653 20.754 20.851 21.433 20.912 20.754 20.955 20.831 21.412 20.789 20.991 21.348 20.907 21.726 21.413 21.546 21.091 16/05/2092
20.429 20.072 19.970 19.622 19.377 19.994 19.897 19.897 19.913 19.668 20.566 20.020 19.750 19.715 19.815 20.132 21.193 19.984 19.914 19.902 19.938 21.167 19.960 20.048 19.698 20.180 21.150 20.141 20.329 19.520 17/05/2092
14.949 14.912 14.595 15.702 15.778 14.606 14.384 14.415 16.347 15.603 14.529 14.881 16.279 16.244 15.647 14.477 15.252 16.048 16.000 16.177 14.405 15.208 15.970 16.073 16.107 15.015 15.351 16.097 16.130 16.028 18/05/2092
15.599 15.293 15.206 15.596 14.982 15.196 15.125 15.133 14.386 14.735 15.118 15.080 14.615 14.590 14.797 15.172 15.815 14.680 14.636 14.501 15.061 15.788 14.572 14.708 14.524 15.562 15.845 14.659 14.728 14.452 19/05/2092
22.572 22.302 22.377 20.810 20.330 22.262 22.251 22.349 21.164 20.291 22.496 22.366 21.526 21.322 20.468 21.852 22.957 21.437 21.196 21.073 22.119 22.872 21.506 21.543 21.341 22.465 23.251 22.190 21.943 21.000 20/05/2092
21.712 22.230 22.309 21.441 20.839 22.264 22.316 22.311 21.702 20.798 22.569 22.014 21.987 21.905 20.843 21.906 22.527 21.784 21.695 21.867 22.005 22.502 21.900 21.854 21.990 21.953 22.753 22.413 22.619 21.826 21/05/2092
19.956 19.897 19.788 19.081 19.362 19.837 19.836 19.749 19.726 19.367 19.769 19.779 20.092 19.970 19.416 19.681 20.489 19.965 19.832 19.678 19.717 20.456 20.000 20.013 19.947 20.010 20.547 20.201 20.228 19.760 22/05/2092
20.832 20.936 20.841 19.865 21.213 20.893 20.870 20.834 20.742 21.388 20.953 20.960 20.880 20.911 21.311 21.105 21.604 21.122 21.131 21.117 21.244 21.593 21.197 21.132 21.223 21.485 21.787 21.403 21.317 21.210 23/05/2092
20.717 20.626 20.899 20.689 20.836 20.506 20.373 20.813 21.897 20.851 20.534 20.507 21.765 21.621 20.911 20.755 21.603 22.039 21.837 21.933 20.981 21.571 21.561 22.077 22.216 21.518 22.055 22.143 22.142 21.971 24/05/2092
23.203 23.083 23.238 22.962 22.724 22.865 22.714 23.094 23.533 22.813 23.229 23.064 23.363 23.176 22.909 23.089 23.135 23.534 23.336 23.480 23.333 23.107 23.375 23.594 23.638 23.687 23.416 23.798 23.683 23.383 25/05/2092
25.443 25.332 25.151 24.460 23.641 25.157 25.037 25.056 24.610 23.752 25.529 25.217 24.873 24.800 23.951 24.845 25.133 24.834 24.752 24.623 25.252 25.059 25.041 24.846 24.755 25.629 25.422 25.137 24.743 24.668 26/05/2092
22.214 22.232 22.136 22.332 22.543 22.201 22.182 22.142 22.651 22.532 22.457 22.402 22.865 22.815 22.661 22.071 22.741 22.978 22.903 23.207 22.383 22.698 23.038 22.994 23.332 22.707 23.093 23.221 23.156 23.238 27/05/2092
24.317 24.422 24.534 24.885 24.239 24.237 24.089 24.403 25.228 24.492 24.577 24.625 25.262 25.075 24.595 24.123 24.756 25.307 25.069 25.296 24.417 24.682 25.176 25.346 25.317 24.723 24.877 25.260 25.318 25.052 28/05/2092
27.105 27.332 27.362 26.012 27.019 27.337 27.348 27.341 28.381 27.233 27.600 27.379 28.303 28.059 27.344 27.267 27.558 28.628 28.316 28.448 27.394 27.511 28.311 28.685 28.656 27.619 27.775 28.654 28.780 28.301 29/05/2092
21.830 21.571 21.388 19.662 20.438 21.450 21.384 21.287 21.328 20.990 21.994 21.941 22.227 22.015 21.123 21.823 22.003 22.168 21.887 21.369 22.124 21.944 22.074 22.226 21.522 22.144 21.903 22.083 21.897 21.162 30/05/2092
23.897 23.690 23.972 21.623 21.623 23.537 23.454 23.908 23.914 22.568 23.704 23.970 24.171 24.091 22.694 23.338 23.485 24.029 23.940 23.819 23.450 23.466 23.721 24.056 23.658 23.442 23.379 23.597 23.679 23.575 31/05/2092
21.025 20.928 21.095 19.585 19.967 20.753 20.652 20.991 21.012 20.487 20.758 21.044 20.764 20.681 20.593 20.649 21.021 20.960 20.868 20.987 20.941 21.012 20.638 20.998 21.156 21.056 21.048 20.739 20.974 21.049 01/06/2092
20.498 20.233 20.361 19.764 20.118 20.066 19.932 20.240 20.402 20.286 20.144 20.267 20.339 20.305 20.404 19.750 20.139 20.549 20.518 20.524 20.210 20.108 20.381 20.555 21.094 20.619 20.441 20.677 20.789 21.002 02/06/2092
21.609 21.564 21.484 21.069 20.952 21.298 21.089 21.297 21.398 21.199 21.340 21.329 21.342 21.265 21.303 20.776 21.516 21.586 21.492 21.526 21.136 21.487 21.527 21.628 21.990 21.497 21.818 21.858 21.909 21.844 03/06/2092
26.167 26.314 26.509 26.571 25.979 26.130 25.958 26.366 26.727 26.128 26.188 26.278 26.690 26.583 26.228 26.178 26.705 26.825 26.675 26.720 26.637 26.668 26.679 26.876 26.960 26.918 26.936 26.960 27.032 26.757 04/06/2092
21.841 21.829 21.757 21.586 21.330 21.662 21.526 21.660 21.941 21.595 21.511 21.768 21.767 21.699 21.718 21.675 21.870 21.931 21.796 21.941 22.052 21.856 21.866 21.988 22.297 22.256 21.992 22.087 22.318 22.153 05/06/2092
23.319 23.374 23.348 22.115 22.770 23.269 23.163 23.281 22.617 23.019 23.181 23.425 22.363 22.350 23.156 23.027 21.806 22.435 22.420 22.698 23.287 21.777 22.314 22.446 22.573 23.391 21.927 22.395 22.517 22.507 06/06/2092
22.846 22.892 22.798 22.464 22.816 22.671 22.519 22.655 23.241 23.087 22.649 22.820 23.081 22.968 23.179 22.614 22.043 23.261 23.113 23.220 22.957 22.001 23.150 23.341 23.455 23.242 22.180 23.421 23.595 23.264 07/06/2092
26.493 26.549 26.269 25.735 26.085 26.276 26.035 26.074 26.288 26.269 26.214 26.317 26.069 25.986 26.326 25.956 25.938 26.127 26.020 26.091 26.193 25.903 26.073 26.183 26.193 26.157 25.944 26.180 26.190 26.031 08/06/2092
26.917 26.837 26.684 25.861 26.465 26.647 26.555 26.545 26.864 26.472 26.322 26.485 26.923 26.749 26.518 26.276 26.481 26.820 26.617 26.625 26.368 26.468 26.800 26.906 26.766 26.384 26.359 26.877 26.788 26.507 09/06/2092
26.855 26.982 26.906 26.292 25.402 26.835 26.778 26.822 26.894 25.951 27.091 27.379 26.973 26.866 25.978 26.553 27.457 27.028 26.953 26.779 26.801 27.468 27.012 27.067 26.913 26.733 27.002 26.601 26.686 26.781 10/06/2092
28.787 29.883 29.358 29.793 30.437 29.714 29.638 29.245 30.647 30.465 29.616 29.861 30.375 30.338 30.434 29.807 30.476 30.775 30.739 30.485 30.345 30.481 30.845 30.779 30.745 30.704 30.316 30.665 31.006 30.703 11/06/2092
31.712 32.245 32.165 32.035 33.813 32.172 32.057 32.102 34.011 34.009 31.724 32.099 33.462 33.296 33.883 32.445 33.226 33.457 33.246 33.201 32.846 33.186 33.477 33.495 32.822 32.946 32.904 33.151 33.200 32.583 12/06/2092
31.474 31.650 31.571 30.808 32.541 31.503 31.374 31.459 33.603 32.989 31.308 31.598 33.169 32.945 32.975 32.350 32.239 33.162 32.876 32.842 32.518 32.182 33.166 33.221 32.421 32.405 31.939 32.830 32.813 32.090 13/06/2092
32.357 32.479 32.570 31.566 32.784 32.302 32.057 32.421 34.099 33.192 32.026 32.447 33.597 33.362 33.214 32.712 33.082 33.589 33.288 33.401 32.801 33.042 33.479 33.652 32.977 32.685 32.590 33.065 33.228 32.627 14/06/2092
31.546 32.107 31.904 31.540 32.551 32.006 31.959 31.812 32.931 32.987 32.018 32.532 33.093 32.952 32.903 32.978 33.779 33.399 33.208 33.060 33.184 33.767 33.364 33.439 33.147 33.316 33.453 33.160 33.483 32.925 15/06/2092
30.084 30.218 30.112 29.567 29.072 30.117 30.027 30.039 30.443 29.521 30.072 30.168 30.144 30.002 29.537 29.674 29.973 30.007 29.851 30.236 29.956 29.929 30.068 30.062 30.360 29.688 29.523 29.638 29.983 30.204 16/06/2092
23.847 23.454 23.241 23.128 23.396 23.416 23.314 23.213 22.565 23.190 23.684 23.261 22.836 22.687 23.236 23.665 23.980 22.907 22.873 22.585 23.674 23.968 23.090 22.990 22.883 23.805 23.905 23.270 22.864 22.790 17/06/2092
25.377 25.195 24.600 24.312 24.265 24.959 24.795 24.416 24.702 24.224 25.178 24.967 25.147 25.017 24.298 25.302 25.315 25.104 24.965 24.755 25.397 25.277 25.296 25.175 25.118 25.534 25.444 25.626 25.405 24.934 18/06/2092
25.192 24.901 25.001 24.932 24.156 24.921 24.966 24.992 24.730 24.343 25.524 25.107 24.856 24.929 24.323 25.343 25.245 24.903 24.965 24.880 25.069 25.271 24.797 24.878 24.810 24.774 25.121 24.680 24.792 24.887 19/06/2092
21.217 20.975 20.626 20.119 20.562 20.764 20.620 20.530 20.797 20.545 21.242 21.112 21.321 21.192 20.600 21.591 21.701 21.559 21.466 20.853 21.612 21.653 21.289 21.638 21.486 21.837 21.967 21.622 21.638 21.282 20/06/2092
19.480 19.394 19.023 18.739 19.161 19.252 19.165 18.915 19.213 19.298 19.525 19.336 19.498 19.398 19.415 19.472 20.009 19.723 19.607 19.408 19.716 19.997 19.700 19.770 19.910 19.914 20.193 19.944 19.950 19.782 21/06/2092
20.413 20.166 19.812 18.498 19.294 19.871 19.640 19.648 20.348 19.462 20.065 19.915 20.531 20.413 19.549 20.411 21.215 20.649 20.524 20.416 20.613 21.180 20.839 20.735 20.808 20.979 21.330 21.068 20.944 20.605 22/06/2092
20.396 20.270 20.093 18.632 20.005 20.050 19.852 19.970 20.501 20.197 20.224 20.128 20.600 20.524 20.287 20.538 21.124 20.637 20.522 20.445 20.766 21.107 20.740 20.692 20.584 21.037 21.295 20.945 20.868 20.390 23/06/2092
20.973 20.948 20.780 20.360 21.623 20.850 20.721 20.728 21.809 21.929 21.288 21.109 21.839 21.792 21.939 21.753 22.539 21.934 21.847 21.833 21.983 22.519 22.019 21.949 21.843 22.183 22.622 22.025 21.986 21.776 24/06/2092
24.394 24.421 24.160 23.771 23.741 24.115 23.927 24.000 24.832 24.300 24.714 24.729 24.896 24.776 24.430 24.411 25.144 25.327 25.126 25.085 24.690 25.133 25.368 25.407 25.234 24.825 25.038 25.406 25.412 24.967 25/06/2092
27.546 27.500 27.219 26.919 26.347 27.397 27.371 27.169 27.926 27.058 27.554 27.604 27.850 27.792 27.125 27.515 27.835 28.291 28.127 28.090 27.778 27.848 28.146 28.305 28.112 27.937 27.897 28.228 28.134 27.965 26/06/2092
28.858 28.530 28.239 27.969 27.351 28.416 28.381 28.139 27.208 27.597 28.501 28.464 27.273 27.267 27.727 27.997 29.754 27.564 27.554 27.760 28.380 29.770 27.621 27.551 27.758 28.668 29.722 27.564 27.521 27.744 27/06/2092
27.417 26.765 26.348 26.084 25.516 26.629 26.575 26.249 26.223 26.034 26.893 26.681 26.267 26.151 26.090 26.507 26.986 26.583 26.352 26.471 26.764 26.968 26.433 26.603 26.666 26.948 27.198 26.682 26.426 26.433 28/06/2092
28.105 27.645 27.957 27.456 27.486 27.550 27.505 27.901 28.265 27.548 28.138 28.170 28.573 28.360 27.646 27.837 28.678 28.589 28.312 28.449 28.325 28.671 28.732 28.694 28.280 28.259 28.367 28.626 28.482 27.906 29/06/2092
25.832 25.576 25.559 25.217 25.785 25.491 25.460 25.513 25.773 25.634 25.811 25.720 26.058 25.941 25.718 25.718 26.069 26.283 26.147 26.112 25.847 26.083 26.356 26.339 25.964 25.745 25.849 26.098 26.025 25.811 30/06/2092
23.139 22.607 22.168 20.686 19.820 22.336 22.089 21.975 20.939 19.941 22.582 22.351 21.544 21.351 20.119 23.266 23.031 21.756 21.509 21.659 23.557 22.941 21.980 21.872 22.208 23.286 23.251 22.454 22.334 21.896 01/07/2092
21.008 20.687 20.837 19.586 19.973 20.583 20.472 20.737 20.104 20.130 20.711 20.969 20.260 20.217 20.182 20.777 21.051 20.185 20.181 20.382 21.150 21.018 20.327 20.219 20.766 21.164 21.035 20.499 20.840 20.636 02/07/2092
20.591 20.329 20.114 19.153 19.645 20.099 19.936 19.977 20.081 19.985 20.157 20.292 20.261 20.063 20.131 20.422 21.138 20.434 20.279 20.341 20.730 21.125 20.364 20.537 20.754 20.911 21.266 20.759 20.823 20.479 03/07/2092
20.794 20.322 19.981 19.388 20.131 19.958 19.614 19.742 20.454 20.436 20.006 19.756 20.588 20.528 20.572 20.074 20.179 20.665 20.630 20.545 20.334 20.162 20.704 20.683 20.703 20.719 20.258 20.865 20.870 20.603 04/07/2092
21.723 21.650 21.399 20.720 20.776 21.502 21.323 21.359 20.983 21.038 21.604 21.508 21.156 21.122 21.066 21.407 21.743 21.394 21.285 21.189 21.602 21.749 21.346 21.412 21.313 21.918 21.826 21.511 21.473 21.149 05/07/2092
22.310 22.237 22.053 21.410 21.137 22.162 22.126 22.017 22.182 21.475 22.232 22.106 22.148 22.015 21.599 22.062 22.219 22.293 22.118 22.009 21.989 22.215 22.270 22.363 22.321 21.999 22.411 22.665 22.706 22.123 06/07/2092
22.227 22.164 22.111 21.322 21.362 22.050 21.930 22.038 21.674 21.456 22.174 22.189 22.023 21.937 21.527 22.793 23.046 22.149 22.084 21.516 22.796 23.004 21.923 22.200 22.177 23.009 23.121 22.167 22.308 21.972 07/07/2092
22.991 22.854 22.873 22.708 22.965 22.781 22.710 22.792 23.448 22.830 22.879 22.816 23.709 23.598 22.952 22.863 23.614 23.616 23.491 23.291 22.959 23.556 23.559 23.648 23.572 22.968 23.677 23.670 23.690 23.398 08/07/2092
22.255 22.168 22.100 21.289 21.886 21.930 21.836 22.010 22.106 22.032 22.008 22.061 22.254 22.155 22.137 21.686 22.032 22.378 22.249 22.194 21.937 22.005 22.251 22.437 22.458 22.260 22.194 22.545 22.556 22.289 09/07/2092
20.477 20.070 19.966 19.531 19.890 19.920 19.764 19.879 19.883 19.777 19.700 19.898 20.244 20.126 19.908 20.033 20.617 20.014 19.807 19.820 20.599 20.594 20.219 20.107 20.330 20.689 20.740 20.512 20.383 20.101 10/07/2092
20.909 20.710 20.582 20.021 20.386 20.442 20.244 20.419 20.976 20.487 20.475 20.561 21.173 20.982 20.657 20.987 21.970 21.078 20.847 20.715 21.413 21.928 21.229 21.184 21.037 21.546 21.982 21.444 21.252 20.720 11/07/2092
20.941 20.798 21.239 22.562 21.783 20.709 20.643 21.150 22.329 21.763 20.726 20.690 22.118 22.003 21.873 22.476 22.936 21.824 21.670 21.914 22.715 22.914 21.764 21.884 21.778 22.906 23.048 22.004 21.855 21.556 12/07/2092
27.186 26.825 27.473 26.676 27.342 26.864 26.821 27.472 27.287 27.448 26.451 27.109 27.072 26.905 27.206 27.334 28.043 27.079 26.834 27.088 27.547 28.006 26.675 27.112 26.872 27.687 27.975 26.691 26.859 26.614 13/07/2092
27.744 26.657 26.970 26.106 26.584 26.697 26.714 26.967 27.208 26.571 26.472 26.732 27.085 27.009 26.580 27.441 27.977 26.904 26.804 26.829 27.634 27.968 26.790 26.984 26.798 27.848 27.951 26.894 26.773 26.619 14/07/2092
28.384 27.537 28.017 26.690 26.859 27.531 27.464 27.986 27.938 27.140 27.321 27.632 27.849 27.667 27.093 27.656 28.418 27.735 27.476 27.734 28.040 28.399 27.590 27.811 27.473 28.076 28.254 27.624 27.576 27.162 15/07/2092
29.383 29.189 29.198 27.575 27.638 28.988 28.805 29.062 28.591 28.319 29.441 29.404 28.561 28.279 28.339 29.642 28.696 29.125 28.774 28.941 30.037 28.687 28.805 29.201 28.970 29.860 28.570 28.829 28.826 28.534 16/07/2092
26.999 26.820 26.615 25.531 25.776 26.603 26.353 26.443 26.525 26.012 26.817 26.735 26.595 26.421 26.104 26.753 26.734 26.736 26.529 26.618 26.963 26.759 26.649 26.807 26.706 27.162 26.722 26.870 26.779 26.455 17/07/2092
25.710 25.577 25.542 24.335 25.948 25.530 25.463 25.470 26.558 26.176 25.554 25.580 26.555 26.412 26.267 25.923 26.045 26.597 26.466 26.651 26.003 26.042 26.470 26.662 26.581 26.091 26.061 26.625 26.611 26.367 18/07/2092
24.117 23.979 23.704 23.665 23.774 23.897 23.850 23.622 24.206 23.830 24.098 23.980 24.417 24.436 23.924 24.092 23.748 24.766 24.750 24.704 24.312 23.752 24.793 24.777 24.903 24.325 23.835 24.928 25.039 24.890 19/07/2092
24.654 24.382 24.181 24.120 24.591 24.484 24.559 24.236 24.898 24.660 24.370 24.056 24.969 24.773 24.752 23.926 23.661 25.125 24.931 25.001 24.093 23.658 25.234 25.250 25.190 24.174 23.764 25.669 25.466 24.880 20/07/2092
24.248 24.240 24.420 24.321 24.486 24.268 24.283 24.401 25.276 24.530 24.340 24.189 25.257 25.162 24.622 24.261 25.219 24.990 24.861 25.075 24.253 25.252 24.986 25.027 24.974 24.213 25.045 25.035 25.095 24.818 21/07/2092
26.397 26.022 26.270 25.899 26.332 25.883 25.775 26.226 26.148 25.619 25.831 25.890 26.924 26.832 25.657 25.877 26.522 25.925 25.836 25.797 26.080 26.522 26.278 25.966 25.383 26.060 26.258 26.096 25.837 25.295 22/07/2092
25.741 25.727 25.816 25.813 26.612 25.531 25.428 25.707 27.134 26.660 25.459 25.329 27.020 26.894 26.741 25.672 26.180 26.596 26.537 26.449 25.666 26.170 26.951 26.641 26.479 25.778 25.947 26.890 26.726 26.360 23/07/2092
27.319 27.038 27.066 26.232 26.965 26.906 26.801 26.998 26.970 26.860 27.022 26.649 26.978 26.858 26.899 26.846 26.350 26.785 26.635 26.671 26.603 26.328 26.559 26.845 26.763 26.712 26.334 26.869 26.796 26.517 24/07/2092
27.237 27.098 26.742 26.520 26.316 27.075 27.042 26.748 26.636 26.010 26.854 26.568 26.791 26.706 26.061 26.431 25.831 26.738 26.650 26.427 26.583 25.791 26.617 26.767 26.602 26.876 25.954 26.779 26.624 26.488 25/07/2092
27.306 27.168 27.204 26.262 26.981 26.967 26.797 27.079 26.906 26.702 27.103 27.120 27.189 27.107 26.732 26.761 27.184 27.143 27.092 27.019 27.075 27.170 27.100 27.143 26.989 27.405 27.299 27.221 27.119 26.971 26/07/2092
28.043 28.001 28.355 27.607 27.110 27.951 27.896 28.314 27.675 27.139 28.124 28.166 27.737 27.789 27.129 27.753 28.257 27.864 27.875 27.892 27.953 28.259 27.689 27.862 27.928 28.085 28.172 27.697 27.825 27.910 27/07/2092
27.511 27.385 27.426 28.031 26.945 27.237 27.079 27.327 27.482 26.545 27.406 27.414 27.881 27.820 26.481 27.153 27.522 27.939 27.881 27.770 27.363 27.521 27.981 27.963 27.954 27.466 27.378 27.929 27.934 27.867 28/07/2092
28.404 28.283 28.236 27.595 26.453 28.098 28.015 28.132 26.201 26.005 28.272 28.099 26.643 26.587 26.048 27.531 26.728 26.140 26.090 26.239 27.488 26.737 26.499 26.147 26.372 27.307 26.590 26.255 26.234 26.316 29/07/2092
28.257 27.941 27.881 27.682 27.541 27.736 27.707 27.763 27.156 27.317 28.262 28.002 27.363 27.318 27.300 27.957 27.361 26.925 26.917 26.968 27.413 27.369 26.894 26.918 26.998 27.521 27.470 27.045 27.094 26.968 30/07/2092
30.912 30.297 30.792 30.622 30.597 30.216 30.206 30.723 30.727 30.625 30.402 30.299 30.653 30.646 30.572 29.551 30.282 30.843 30.854 31.071 29.500 30.278 30.541 30.833 30.923 29.880 30.397 30.495 30.689 30.930 31/07/2092
