# 6448 6449 6450 6451 6452 6528 6529 6530 6531 6532 6610 6611 6612 6613 6614 6693 6694 6695 6696 6697 6776 6777 6778 6779 6780 6859 6860 6861 6862 6863 Date
0.189 0.120 0.000 0.100 0.000 0.000 0.107 0.118 0.000 0.105 0.000 0.102 0.000 0.110 0.137 0.293 0.000 0.000 0.111 0.139 0.114 0.105 0.143 0.105 0.135 0.112 0.105 0.000 0.145 0.000 01/08/2043
0.000 0.467 3.399 3.871 4.403 0.000 0.354 4.261 4.121 5.544 0.000 0.862 0.629 4.516 5.511 0.000 0.481 0.630 4.531 5.011 0.000 1.072 1.192 5.185 3.580 0.000 1.064 3.178 6.287 6.174 02/08/2043
6.121 5.892 4.479 4.169 10.571 4.608 5.025 5.396 5.473 10.543 4.599 6.344 6.572 6.055 8.871 4.839 6.409 6.586 6.080 6.996 14.340 7.247 7.001 6.522 7.413 14.177 7.189 6.724 5.478 8.105 03/08/2043
0.000 0.115 0.644 0.846 0.108 0.000 0.353 0.796 1.052 0.412 0.000 0.253 0.255 1.237 0.602 0.000 0.127 0.256 1.242 0.459 0.000 0.000 0.000 1.513 1.127 0.000 0.000 0.000 1.401 1.201 04/08/2043
22.777 10.481 3.927 3.687 10.478 13.370 1.936 5.420 5.483 9.992 13.345 2.924 2.802 9.535 11.997 2.853 2.473 2.808 9.574 10.857 5.783 9.496 9.114 15.567 16.560 5.714 9.423 16.125 19.392 19.528 05/08/2043
0.000 0.000 0.000 0.000 0.000 0.000 0.000 0.000 0.000 0.000 0.000 0.000 0.000 0.000 0.000 0.000 0.000 0.000 0.000 0.000 0.000 0.000 0.000 0.000 0.000 0.000 0.000 0.000 0.000 0.000 06/08/2043
0.000 0.000 0.000 0.000 0.000 0.000 0.000 0.000 0.000 0.000 0.000 0.000 0.000 0.000 0.000 0.000 0.000 0.000 0.000 0.000 0.000 0.000 0.000 0.000 0.000 0.000 0.000 0.000 0.000 0.000 07/08/2043
0.000 0.000 0.000 0.000 0.000 0.000 0.000 0.000 0.000 0.000 0.000 0.000 0.000 0.000 0.000 0.000 0.000 0.000 0.000 0.000 0.000 0.000 0.000 0.000 0.000 0.000 0.000 0.000 0.000 0.000 08/08/2043
0.000 0.000 0.000 0.000 0.000 0.000 0.000 0.000 0.000 0.000 0.000 0.000 0.000 0.000 0.000 0.000 0.000 0.000 0.000 0.000 0.000 0.000 0.000 0.000 0.000 0.000 0.000 0.000 0.000 0.000 09/08/2043
0.000 0.000 0.000 0.000 0.000 0.000 0.000 0.000 0.000 0.000 0.000 0.000 0.000 0.000 0.000 0.000 0.000 0.000 0.000 0.000 0.000 0.000 0.000 0.000 0.000 0.000 0.000 0.000 0.000 0.000 10/08/2043
0.879 0.148 0.102 0.108 0.220 0.103 0.000 0.000 0.000 0.000 0.103 0.000 0.100 0.000 0.000 0.156 0.000 0.100 0.000 0.000 0.000 0.000 0.000 0.000 0.000 0.000 0.000 0.000 0.000 0.000 11/08/2043
0.000 0.140 0.000 0.000 0.000 1.047 0.602 0.000 0.107 0.000 1.045 0.956 1.005 1.413 0.950 1.304 0.762 1.007 1.419 0.701 0.173 0.372 0.551 0.000 0.000 0.172 0.368 0.000 0.000 0.000 12/08/2043
0.000 0.000 0.000 0.000 0.000 0.000 0.000 0.000 0.000 0.000 0.000 0.000 0.000 0.000 0.000 0.000 0.000 0.000 0.000 0.000 0.000 0.000 0.000 0.000 0.000 0.000 0.000 0.000 0.000 0.000 13/08/2043
1.554 1.062 1.289 1.485 1.176 1.131 0.712 1.272 1.233 1.084 1.129 0.799 0.846 0.830 1.002 0.707 0.578 0.848 0.832 0.773 0.421 0.306 0.485 0.536 0.477 0.416 0.304 0.116 0.128 0.127 14/08/2043
1.624 1.074 1.764 1.789 1.985 1.007 0.934 1.329 1.275 1.651 1.006 0.970 1.016 1.074 2.343 0.763 0.787 1.018 1.077 1.704 0.500 0.666 0.930 0.767 0.765 0.494 0.662 0.503 0.197 0.230 15/08/2043
0.855 0.118 0.103 0.111 0.927 0.719 0.953 1.405 1.332 1.760 0.719 0.435 0.494 0.303 0.759 0.282 0.317 0.495 0.305 0.553 0.253 0.000 0.000 0.000 0.000 0.247 0.000 0.000 0.000 0.000 16/08/2043
0.000 0.000 0.000 0.000 0.000 0.000 0.000 0.000 0.000 0.000 0.000 0.000 0.000 0.000 0.000 0.000 0.000 0.000 0.000 0.000 0.000 0.000 0.000 0.000 0.000 0.000 0.000 0.000 0.000 0.000 17/08/2043
2.926 2.422 0.824 0.988 0.000 3.024 1.669 0.771 0.787 1.071 3.018 3.582 3.522 1.752 1.502 4.693 3.726 3.531 1.759 1.077 3.563 3.236 3.178 1.210 1.027 3.521 3.211 0.565 0.633 0.224 18/08/2043
0.000 0.000 0.000 0.000 0.000 0.000 0.000 0.000 0.000 0.000 0.000 0.000 0.000 0.000 0.103 0.000 0.000 0.000 0.000 0.106 0.000 0.000 0.000 0.000 0.100 0.000 0.000 0.000 0.000 0.000 19/08/2043
0.000 0.000 0.000 0.000 0.000 0.000 0.000 0.000 0.000 0.000 0.000 0.000 0.000 0.000 0.000 0.000 0.000 0.000 0.000 0.000 0.000 0.000 0.000 0.000 0.000 0.000 0.000 0.000 0.000 0.000 20/08/2043
0.000 0.000 0.000 0.000 0.000 0.000 0.000 0.000 0.000 0.000 0.000 0.000 0.000 0.000 0.000 0.000 0.000 0.000 0.000 0.000 0.000 0.000 0.000 0.000 0.000 0.000 0.000 0.000 0.000 0.000 21/08/2043
0.000 0.000 0.000 0.000 0.000 0.000 0.000 0.000 0.000 0.000 0.000 0.000 0.000 0.000 0.000 0.000 0.000 0.000 0.000 0.000 0.000 0.000 0.000 0.000 0.000 0.000 0.000 0.000 0.000 0.000 22/08/2043
0.000 0.000 0.000 0.000 0.000 0.000 0.000 0.000 0.000 0.000 0.000 0.000 0.000 0.000 0.000 0.000 0.000 0.000 0.000 0.000 0.000 0.000 0.000 0.000 0.000 0.000 0.000 0.000 0.000 0.000 23/08/2043
0.000 0.000 0.000 0.000 0.000 0.000 0.000 0.000 0.000 0.000 0.000 0.000 0.000 0.000 0.000 0.000 0.000 0.000 0.000 0.000 0.000 0.000 0.000 0.000 0.000 0.000 0.000 0.000 0.000 0.000 24/08/2043
0.000 0.000 0.000 0.000 0.000 0.000 0.000 0.000 0.000 0.000 0.000 0.000 0.000 0.000 0.000 0.000 0.000 0.000 0.000 0.000 0.000 0.000 0.000 0.000 0.000 0.000 0.000 0.000 0.000 0.000 25/08/2043
0.000 0.000 0.000 0.000 0.000 0.000 0.000 0.000 0.000 0.000 0.000 0.000 0.000 0.000 0.000 0.000 0.000 0.000 0.000 0.000 0.000 0.000 0.000 0.000 0.102 0.000 0.000 0.000 0.000 0.000 26/08/2043
0.000 0.000 0.000 0.000 0.000 0.000 0.000 0.000 0.000 0.000 0.000 0.000 0.000 0.000 0.000 0.000 0.000 0.000 0.000 0.000 0.000 0.000 0.000 0.179 1.401 0.000 0.000 0.973 3.587 2.864 27/08/2043
0.000 0.000 0.000 0.000 0.274 0.000 0.000 0.000 0.114 0.000 0.000 0.000 0.000 0.000 0.000 0.000 0.000 0.000 0.000 0.000 0.000 0.000 0.000 0.237 0.000 0.000 0.000 0.334 0.100 0.834 28/08/2043
20.126 13.296 19.693 19.893 41.599 31.723 35.207 37.818 38.793 19.914 31.664 35.997 36.938 18.021 26.071 37.029 34.354 37.018 18.095 26.444 38.169 29.594 29.636 24.368 19.849 37.736 29.357 26.195 30.553 24.597 29/08/2043
0.000 0.638 2.032 2.237 8.786 0.730 1.455 8.412 8.724 20.352 0.729 11.773 12.048 20.985 17.238 2.493 12.751 12.076 21.072 17.076 8.191 20.039 20.076 19.428 23.574 8.102 19.880 19.507 21.006 18.471 30/08/2043
0.000 0.000 0.000 0.000 0.000 0.000 0.000 0.000 0.000 0.000 0.000 0.000 0.000 0.000 0.000 0.000 0.000 0.000 0.000 0.000 0.000 0.000 0.000 0.000 0.000 0.000 0.000 0.000 0.000 0.000 31/08/2043
0.000 0.000 0.000 0.000 0.000 0.000 0.000 0.000 0.000 0.000 0.000 0.000 0.000 0.000 0.000 0.000 0.000 0.000 0.000 0.000 0.000 0.000 0.000 0.000 0.000 0.000 0.000 0.000 0.000 0.000 01/09/2043
1.646 0.779 0.227 0.383 0.000 0.910 0.108 0.178 0.223 0.100 0.910 0.269 0.339 0.878 0.000 0.541 0.313 0.340 0.880 0.157 0.189 0.192 0.261 0.113 0.107 0.188 0.191 0.148 0.104 0.000 02/09/2043
0.000 0.000 0.000 0.000 0.637 0.000 0.000 0.000 0.118 3.603 0.000 0.135 0.186 0.185 1.207 0.279 0.157 0.187 0.187 0.881 1.205 1.170 1.413 0.261 0.260 1.192 1.163 1.355 1.334 0.164 03/09/2043
0.000 0.000 0.000 0.000 0.000 0.000 0.000 0.000 0.000 0.000 0.000 0.000 0.000 0.000 0.000 0.000 0.000 0.000 0.000 0.000 0.000 0.000 0.000 0.000 0.000 0.000 0.000 0.000 0.000 0.000 04/09/2043
0.000 0.000 0.000 0.000 0.000 0.000 0.000 0.000 0.000 0.000 0.000 0.000 0.000 0.000 0.000 0.000 0.000 0.000 0.000 0.000 0.000 0.000 0.000 0.000 0.000 0.000 0.000 0.000 0.000 0.000 05/09/2043
0.000 0.000 0.000 0.000 0.000 0.000 0.000 0.000 0.000 0.000 0.000 0.000 0.000 0.000 0.000 0.000 0.000 0.000 0.000 0.000 0.000 0.000 0.000 0.000 0.000 0.000 0.000 0.000 0.000 0.000 06/09/2043
0.000 0.000 0.000 0.000 0.000 0.000 0.000 0.000 0.000 0.000 0.000 0.000 0.000 0.000 0.000 0.000 0.000 0.000 0.000 0.000 0.000 0.000 0.000 0.000 0.000 0.000 0.000 0.000 0.000 0.000 07/09/2043
6.121 4.364 3.899 4.389 5.381 3.822 2.447 2.492 2.868 4.514 3.815 2.428 2.775 2.910 3.379 3.315 2.290 2.781 2.919 2.861 3.934 2.182 2.454 2.940 3.965 3.888 2.182 2.164 3.235 4.674 08/09/2043
0.000 0.000 0.000 0.000 0.000 0.000 0.000 0.000 0.000 0.000 0.000 0.000 0.000 0.000 0.000 0.000 0.000 0.000 0.000 0.000 0.000 0.000 0.000 0.000 0.000 0.000 0.000 0.000 0.000 0.000 09/09/2043
0.000 0.000 0.000 0.000 0.000 0.000 0.000 0.000 0.000 0.000 0.000 0.000 0.000 0.000 0.000 0.000 0.000 0.000 0.000 0.000 0.000 0.000 0.000 0.000 0.000 0.000 0.000 0.000 0.000 0.000 10/09/2043
0.000 0.000 0.000 0.000 0.000 0.000 0.000 0.000 0.000 0.000 0.000 0.000 0.000 0.000 0.000 0.000 0.000 0.000 0.000 0.000 0.000 0.000 0.000 0.000 0.000 0.000 0.000 0.000 0.000 0.000 11/09/2043
0.000 0.000 0.000 0.000 0.000 0.000 0.000 0.000 0.000 0.000 0.000 0.000 0.000 0.000 0.000 0.000 0.000 0.000 0.000 0.000 0.000 0.000 0.000 0.000 0.000 0.000 0.000 0.000 0.000 0.000 12/09/2043
0.000 0.000 0.000 0.000 0.000 0.000 0.000 0.000 0.000 0.000 0.000 0.000 0.000 0.000 0.000 0.000 0.000 0.000 0.000 0.000 0.000 0.000 0.000 0.000 0.000 0.000 0.000 0.000 0.000 0.000 13/09/2043
0.000 0.000 0.000 0.000 0.000 0.000 0.000 0.000 0.000 0.000 0.000 0.000 0.000 0.000 0.000 0.000 0.000 0.000 0.000 0.000 0.000 0.000 0.000 0.000 0.000 0.000 0.000 0.042 0.044 0.000 14/09/2043
0.000 0.000 0.000 0.000 0.000 0.000 0.000 0.000 0.000 0.000 0.000 0.000 0.000 0.000 0.000 0.000 0.000 0.000 0.000 0.000 0.000 0.000 0.000 0.000 0.000 0.000 0.000 0.000 0.000 0.000 15/09/2043
0.000 0.000 0.000 0.000 0.000 0.000 0.000 0.000 0.000 0.000 0.000 0.000 0.000 0.000 0.000 0.000 0.000 0.000 0.000 0.000 0.000 0.000 0.000 0.000 0.000 0.000 0.000 0.000 0.000 0.000 16/09/2043
0.000 0.000 0.000 0.102 0.000 0.000 0.000 0.000 0.000 0.000 0.000 0.000 0.108 0.000 0.000 0.188 0.000 0.108 0.000 0.000 0.000 0.000 0.000 0.000 0.000 0.000 0.000 0.000 0.000 0.000 17/09/2043
2.277 1.707 1.761 1.857 1.159 1.971 0.612 1.695 1.827 2.365 1.968 2.651 3.017 3.918 4.041 1.096 2.239 3.023 3.931 4.326 0.676 0.156 0.182 0.421 1.855 0.671 0.153 0.153 0.250 1.859 18/09/2043
2.637 3.243 4.288 4.168 3.097 3.502 4.477 6.550 6.934 3.302 3.497 3.610 4.294 4.452 3.786 2.897 3.330 4.303 4.471 4.099 3.161 3.209 3.985 3.601 4.024 3.131 3.184 2.549 2.734 3.358 19/09/2043
9.924 9.054 7.846 8.456 9.919 7.703 7.437 7.726 8.489 9.303 7.688 7.045 7.658 8.294 10.117 5.799 6.382 7.675 8.328 9.950 6.941 7.221 8.195 8.542 9.149 6.862 7.163 7.121 8.836 10.755 20/09/2043
0.128 0.000 0.229 0.386 0.247 0.105 0.104 0.130 0.180 0.252 0.105 0.232 0.317 0.181 0.100 0.107 0.280 0.318 0.182 0.231 0.000 0.000 0.103 0.000 0.510 0.000 0.000 0.000 0.000 0.103 21/09/2043
1.018 0.138 0.782 0.844 1.171 0.132 0.108 0.940 0.709 0.680 0.131 0.551 0.360 0.571 0.354 0.137 0.313 0.360 0.573 0.341 0.315 0.478 0.624 1.541 0.984 0.311 0.472 0.576 1.344 0.523 22/09/2043
0.116 0.158 0.205 0.205 0.100 0.000 0.132 0.130 0.106 0.000 0.000 0.000 0.000 0.000 0.000 0.000 0.000 0.000 0.000 0.000 0.000 0.000 0.000 0.000 0.000 0.000 0.000 0.109 0.100 0.000 23/09/2043
0.636 0.134 0.156 0.154 2.898 0.106 0.000 0.000 0.000 0.000 0.106 1.176 1.144 0.000 0.000 0.160 0.913 1.147 0.000 0.000 0.000 0.000 0.000 0.000 0.000 0.000 0.000 0.000 0.000 0.000 24/09/2043
0.000 0.000 0.000 0.000 0.000 0.111 0.000 0.000 0.000 0.000 0.111 0.000 0.000 0.000 0.000 0.135 0.000 0.000 0.000 0.000 0.202 0.130 0.124 0.101 0.000 0.202 0.129 0.117 0.101 0.000 25/09/2043
2.429 1.983 1.286 1.542 1.372 3.091 1.077 0.780 0.510 1.419 3.085 1.025 0.925 1.408 1.131 4.628 0.698 0.926 1.414 0.881 4.797 1.425 1.781 2.174 1.746 4.756 1.415 3.715 1.707 3.650 26/09/2043
0.424 0.344 0.327 0.368 0.265 0.168 0.138 0.297 0.193 0.100 0.168 0.105 0.000 0.181 0.000 0.132 0.000 0.000 0.182 0.000 0.121 0.000 0.000 0.281 0.131 0.120 0.000 0.122 0.402 0.185 27/09/2043
0.000 0.000 0.000 0.000 0.000 0.000 0.000 0.000 0.000 0.000 0.000 0.000 0.000 0.000 0.000 0.000 0.000 0.000 0.000 0.000 0.000 0.000 0.000 0.000 0.000 0.000 0.000 0.107 0.123 0.177 28/09/2043
0.000 0.000 0.000 0.000 0.000 0.000 0.000 0.000 0.000 0.000 0.000 0.000 0.000 0.000 0.000 0.000 0.000 0.000 0.000 0.000 0.000 0.000 0.000 0.000 0.000 0.000 0.000 0.000 0.000 0.000 29/09/2043
0.400 0.202 0.101 0.116 0.000 0.563 0.144 0.103 0.153 0.000 0.562 0.472 0.473 0.120 0.000 0.207 0.462 0.473 0.120 0.103 0.146 0.162 0.199 0.174 0.155 0.141 0.160 0.381 0.446 0.170 30/09/2043
4.257 4.001 4.574 4.429 5.538 5.283 5.129 6.462 6.718 6.364 5.273 6.716 7.196 7.854 7.229 6.402 5.839 7.212 7.885 7.423 5.760 5.624 6.936 7.338 7.390 5.679 5.579 4.795 6.695 8.459 01/10/2043
0.000 0.000 0.000 0.000 0.000 0.000 0.000 0.000 0.000 0.000 0.000 0.000 0.000 0.000 0.000 0.000 0.000 0.000 0.000 0.000 0.000 0.000 0.000 0.000 0.000 0.000 0.000 0.000 0.000 0.000 02/10/2043
0.000 0.000 0.000 0.000 0.000 0.000 0.000 0.000 0.000 0.000 0.000 0.000 0.000 0.000 0.000 0.000 0.000 0.000 0.000 0.000 0.000 0.000 0.000 0.000 0.000 0.000 0.000 0.000 0.000 0.000 03/10/2043
0.000 0.000 0.182 0.238 0.000 0.100 0.195 0.177 0.222 0.083 0.100 0.757 0.791 0.155 0.108 0.657 0.777 0.793 0.156 0.261 0.193 0.376 0.374 0.271 0.479 0.192 0.373 0.393 0.292 0.440 04/10/2043
0.000 0.000 0.000 0.000 0.000 0.000 0.000 0.000 0.000 0.000 0.000 0.000 0.000 0.000 0.000 0.000 0.000 0.000 0.000 0.000 0.048 0.000 0.100 0.000 0.000 0.050 0.000 0.753 0.162 0.000 05/10/2043
3.250 5.055 5.335 5.046 6.969 3.163 4.431 4.561 4.394 7.239 3.158 2.579 2.834 2.767 5.565 2.956 2.357 2.840 2.778 5.116 3.313 2.841 3.304 3.474 6.656 3.273 2.818 2.691 2.593 2.837 06/10/2043
1.688 0.776 0.387 0.479 0.230 1.628 1.108 1.733 1.746 0.000 1.625 4.215 4.094 0.163 0.000 1.656 3.432 4.104 0.163 0.000 4.734 1.031 1.251 0.286 0.000 4.676 1.027 2.265 0.000 0.000 07/10/2043
0.000 0.000 0.000 0.000 2.070 1.883 0.000 0.228 0.392 0.000 1.879 0.000 0.000 0.287 0.000 0.193 0.000 0.000 0.287 0.000 0.249 2.346 2.805 2.632 0.567 0.247 2.327 0.000 4.844 3.467 08/10/2043
0.000 0.000 0.000 0.000 0.000 0.000 0.000 0.000 0.000 0.000 0.000 0.000 0.000 1.785 4.598 0.000 0.000 0.000 1.791 4.136 0.000 1.436 1.453 0.000 4.068 0.000 1.425 0.000 0.000 0.000 09/10/2043
0.000 0.000 0.000 0.000 0.000 0.000 0.000 0.000 0.000 0.000 0.000 0.000 0.000 0.000 0.000 0.000 0.000 0.000 0.000 0.000 0.000 0.000 0.000 0.000 0.000 0.000 0.000 0.000 0.000 0.000 10/10/2043
0.000 0.000 0.000 0.000 0.000 0.000 0.000 0.000 0.000 0.000 0.000 0.000 0.000 0.000 0.000 0.000 0.000 0.000 0.000 0.000 0.000 0.000 0.000 0.000 0.000 0.000 0.000 0.000 0.000 0.000 11/10/2043
0.000 0.000 0.000 0.000 0.000 0.000 0.000 0.000 0.000 0.000 0.000 0.000 0.000 0.000 0.000 0.000 0.000 0.000 0.000 0.000 0.000 0.000 0.000 0.000 0.000 0.000 0.000 0.000 0.000 0.000 12/10/2043
0.000 0.000 0.731 0.947 0.679 0.000 0.000 0.000 0.000 0.229 0.000 0.000 0.000 0.000 0.000 0.000 0.000 0.000 0.000 0.000 0.000 0.000 0.000 0.050 0.000 0.000 0.000 0.000 0.000 0.000 13/10/2043
0.000 0.000 0.000 0.000 0.000 0.000 0.000 0.000 0.000 0.000 0.000 0.000 0.000 0.000 0.000 0.000 0.000 0.000 0.000 0.000 0.000 0.000 0.000 0.000 0.000 0.000 0.000 0.000 0.000 0.000 14/10/2043
0.000 0.000 0.150 0.280 0.000 0.000 0.000 0.000 0.000 0.000 0.000 0.000 0.000 0.000 0.000 0.000 0.000 0.000 0.000 0.000 0.000 0.000 0.000 0.000 0.000 0.000 0.000 0.000 0.000 0.000 15/10/2043
13.232 3.153 4.515 5.149 16.635 22.705 7.678 6.132 6.596 5.961 22.664 9.304 11.059 4.084 5.535 10.297 10.022 11.084 4.101 4.954 15.567 10.265 11.452 6.261 15.340 15.386 10.188 14.429 5.703 16.446 16/10/2043
24.183 29.349 21.314 21.146 10.540 17.833 14.673 9.906 11.623 8.469 17.800 7.467 8.296 8.450 11.668 7.555 7.372 8.313 8.482 10.952 5.788 6.603 7.748 10.233 11.955 5.719 6.550 6.486 7.200 11.075 17/10/2043
4.261 5.569 3.243 4.071 2.555 3.544 3.914 2.674 3.107 3.279 3.538 1.997 2.204 4.800 5.770 1.959 1.962 2.209 4.818 5.165 2.723 4.312 5.104 8.218 10.491 2.691 4.278 2.357 5.015 8.660 18/10/2043
8.114 6.581 7.311 7.629 9.012 8.350 6.502 8.032 9.042 9.896 8.334 8.092 9.121 9.054 12.012 5.369 8.532 9.141 9.090 11.404 4.244 5.602 6.110 6.569 7.847 4.193 5.558 5.490 5.948 4.904 19/10/2043
15.092 19.224 25.506 25.331 29.319 16.507 27.267 30.000 33.706 29.205 16.476 19.083 23.252 25.667 26.022 11.625 21.700 23.306 25.774 24.977 11.499 17.468 19.497 19.064 19.259 11.370 17.329 18.045 18.157 18.363 20/10/2043
1.025 0.569 0.102 0.102 0.000 1.235 1.567 1.124 1.078 0.141 1.233 0.933 0.697 0.976 0.894 1.016 0.537 0.694 0.980 0.650 0.630 0.254 0.286 0.292 1.163 0.620 0.252 0.172 0.294 1.595 21/10/2043
0.108 0.000 0.101 0.121 0.000 0.000 0.101 0.101 0.120 0.000 0.000 0.111 0.156 0.122 0.788 0.000 0.113 0.156 0.123 0.951 0.290 0.167 0.318 0.167 1.261 0.288 0.165 0.427 0.448 0.638 22/10/2043
0.000 0.000 0.000 0.000 0.000 0.000 0.000 0.000 0.000 0.000 0.000 0.000 0.000 0.000 0.000 0.000 0.000 0.000 0.000 0.000 0.000 0.000 0.000 0.000 0.000 0.000 0.000 0.000 0.000 0.000 23/10/2043
0.000 0.000 0.000 0.000 0.000 0.000 0.000 0.000 0.000 0.000 0.000 0.000 0.000 0.000 0.000 0.000 0.000 0.000 0.000 0.000 0.000 0.000 0.000 0.000 0.000 0.000 0.000 0.000 0.000 0.000 24/10/2043
0.000 0.000 0.000 0.000 0.000 0.000 0.000 0.000 0.000 0.000 0.000 0.000 0.000 0.000 0.000 0.000 0.000 0.000 0.000 0.000 0.000 0.000 0.000 0.000 0.000 0.000 0.000 0.000 0.000 0.000 25/10/2043
0.000 0.000 0.000 0.000 0.000 0.000 0.000 0.000 0.000 0.000 0.000 0.000 0.000 0.000 0.000 0.000 0.000 0.000 0.000 0.000 0.000 0.000 0.000 0.000 0.000 0.000 0.000 0.000 0.000 0.000 26/10/2043
0.000 0.000 0.000 0.000 0.000 0.000 0.000 0.000 0.000 0.000 0.000 0.000 0.000 0.000 0.000 0.000 0.000 0.000 0.000 0.000 0.000 0.000 0.000 0.000 0.000 0.000 0.000 0.000 0.000 0.000 27/10/2043
6.310 7.414 4.172 4.711 4.566 3.504 6.708 7.033 7.893 5.294 3.497 3.587 4.222 6.444 6.121 6.107 3.211 4.232 6.469 5.636 6.088 2.562 3.221 3.346 5.649 6.016 2.542 2.760 2.648 4.672 28/10/2043
0.217 0.245 0.365 0.695 0.223 0.324 0.325 1.737 1.999 0.844 0.326 6.036 6.478 0.590 2.018 0.170 5.904 6.491 0.593 1.794 4.226 0.000 0.000 5.697 3.388 4.176 0.000 0.000 1.207 1.697 29/10/2043
0.210 3.373 1.223 1.334 3.280 0.320 0.569 2.000 2.224 4.315 0.319 1.494 1.805 1.401 1.391 1.880 1.567 1.809 1.405 1.366 0.534 1.037 1.490 1.560 1.187 0.528 1.030 1.503 1.299 0.248 30/10/2043
0.419 0.286 0.497 0.837 1.532 1.007 0.139 0.733 0.928 1.930 1.005 0.223 0.241 2.086 2.932 0.647 0.182 0.242 2.095 2.349 0.268 0.165 0.230 1.114 3.217 0.267 0.164 0.302 0.877 4.566 31/10/2043
0.000 0.000 0.000 0.000 0.000 0.000 0.000 0.000 0.000 0.000 0.000 0.000 0.000 0.000 0.000 0.000 0.000 0.000 0.000 0.000 0.000 0.000 0.000 0.050 0.000 0.000 0.000 0.000 0.000 0.534 01/11/2043
0.000 0.000 0.000 0.000 0.000 0.000 0.000 0.000 0.000 0.000 0.000 0.000 0.000 0.000 0.000 0.000 0.000 0.000 0.000 0.000 0.000 0.000 0.000 0.000 0.000 0.000 0.000 0.000 0.000 0.000 02/11/2043
0.000 0.000 0.000 0.000 0.000 0.000 0.000 0.000 0.000 0.000 0.000 0.000 0.000 0.000 0.000 0.000 0.000 0.000 0.000 0.000 0.000 0.000 0.000 0.000 0.000 0.000 0.000 0.000 0.000 0.000 03/11/2043
2.472 1.995 2.380 2.528 1.404 2.207 1.937 1.908 1.845 2.558 2.204 1.944 1.863 1.429 2.085 3.066 1.701 1.866 1.435 1.972 2.074 1.007 1.231 1.237 1.267 2.048 1.003 0.953 1.030 1.128 04/11/2043
7.455 9.734 6.810 6.940 9.256 6.379 5.410 5.883 5.937 9.950 6.368 2.798 3.058 3.161 6.025 6.441 2.519 3.065 3.174 5.399 7.912 10.080 10.270 8.252 1.417 7.818 9.999 3.673 1.445 1.224 05/11/2043
15.786 25.908 20.068 19.191 17.132 14.438 24.993 28.986 30.429 24.911 14.412 22.549 22.719 22.869 38.694 16.038 20.575 22.770 22.961 37.642 15.320 17.665 19.273 26.699 23.230 15.138 17.525 26.150 23.802 16.533 06/11/2043
1.135 4.138 0.481 0.772 4.700 5.316 0.768 3.116 3.502 2.179 5.306 13.192 15.951 6.795 10.951 5.047 14.370 15.988 6.823 10.304 4.987 8.922 9.520 7.523 4.755 4.932 8.851 4.883 0.243 9.593 07/11/2043
8.086 8.468 7.772 8.163 9.730 8.961 8.292 8.672 10.077 12.113 8.945 10.061 11.773 11.230 8.825 8.333 10.549 11.800 11.275 7.874 10.299 10.199 11.354 12.150 7.254 10.178 10.123 8.252 9.244 7.652 08/11/2043
21.675 16.983 34.452 32.715 27.033 24.525 33.903 16.600 19.558 23.835 24.480 8.803 10.310 13.908 22.205 16.726 9.545 10.333 13.965 21.433 7.480 15.407 17.189 17.409 12.147 7.392 15.284 16.576 17.769 7.737 09/11/2043
20.065 18.945 21.786 21.617 25.312 15.317 13.876 16.105 18.972 20.221 15.288 12.294 14.746 16.462 15.994 11.992 12.988 14.780 16.530 15.570 10.753 11.151 13.290 15.771 11.686 10.627 11.061 11.185 11.990 15.645 10/11/2043
24.550 25.590 18.541 18.280 19.773 21.973 22.830 12.147 13.123 19.063 21.932 10.947 11.685 17.569 11.169 8.713 10.054 11.712 17.641 9.921 7.237 14.316 16.662 21.059 8.057 7.158 14.205 4.531 14.963 14.258 11/11/2043
33.495 30.781 15.028 15.945 16.740 21.429 35.920 18.222 19.057 17.235 21.389 11.190 11.980 17.559 16.986 12.577 10.296 12.007 17.630 15.586 19.826 6.805 7.865 5.090 6.782 19.593 6.750 4.926 3.911 1.184 12/11/2043
4.109 4.454 8.464 8.862 8.278 4.870 3.327 4.514 4.350 6.412 4.861 6.095 6.389 8.552 11.653 3.456 5.412 6.404 8.588 10.672 4.235 4.960 5.673 4.825 5.170 4.185 4.919 6.469 9.876 5.578 13/11/2043
0.000 0.000 0.000 0.000 0.000 0.000 0.000 0.000 0.000 0.000 0.000 0.000 0.000 0.000 0.000 0.000 0.000 0.000 0.000 0.000 0.000 0.000 0.000 0.000 0.000 0.000 0.000 0.000 0.000 0.000 14/11/2043
4.908 4.289 1.827 1.837 3.376 7.515 1.584 5.011 4.833 5.383 7.502 4.477 4.322 5.619 6.995 7.444 3.649 4.332 5.640 6.294 5.491 11.985 12.488 11.042 6.009 5.428 11.889 8.504 3.938 8.450 15/11/2043
4.611 3.410 4.165 3.974 5.846 5.030 3.624 2.940 3.193 4.486 5.021 5.062 4.972 3.977 4.933 5.144 4.236 4.983 3.994 4.466 6.890 4.544 5.275 3.181 7.207 6.814 4.503 5.736 2.797 6.680 16/11/2043
19.863 9.843 11.595 12.159 12.929 10.662 12.115 13.274 14.660 13.360 10.642 21.412 20.857 13.195 12.827 12.709 22.119 20.905 13.250 12.397 19.515 16.168 18.948 17.133 11.439 19.283 16.039 17.862 11.705 10.920 17/11/2043
8.245 8.912 9.241 9.877 13.041 7.096 8.403 9.298 10.043 15.809 7.083 7.045 7.366 9.163 14.900 3.797 6.614 7.383 9.201 14.055 3.261 5.764 6.697 7.312 9.754 3.220 5.718 7.146 8.778 8.135 18/11/2043
3.884 2.958 3.037 3.620 2.315 3.135 2.247 1.587 1.898 1.662 3.130 0.489 0.704 0.473 0.545 1.446 0.462 0.706 0.474 0.643 0.507 0.112 0.167 0.156 0.261 0.501 0.112 0.129 0.502 1.445 19/11/2043
8.282 13.874 4.258 4.812 10.313 9.875 6.799 9.819 11.544 9.663 9.857 14.886 17.526 6.818 10.205 8.325 15.702 17.565 6.847 9.303 26.516 15.692 17.545 16.673 20.139 26.202 15.566 16.213 24.477 12.624 20/11/2043
5.681 7.541 2.836 3.438 5.510 6.327 4.500 6.443 6.967 5.475 6.314 8.586 9.936 4.790 6.413 5.364 9.286 9.958 4.808 6.058 12.680 9.122 9.759 9.663 12.242 12.531 9.049 7.998 13.718 8.033 21/11/2043
1.993 1.098 0.636 0.913 0.237 1.307 2.367 1.404 1.691 0.929 1.305 2.471 2.838 3.369 3.910 2.527 2.317 2.844 3.382 3.276 2.807 2.333 2.871 4.209 5.969 2.774 2.314 3.531 3.449 5.071 22/11/2043
0.950 0.313 1.197 1.211 0.709 0.163 0.106 1.174 1.219 0.241 0.162 0.246 0.403 0.497 0.000 0.192 0.219 0.406 0.502 0.135 0.588 0.326 0.539 0.389 0.189 0.586 0.324 0.462 0.430 0.349 23/11/2043
0.103 0.101 0.000 0.000 0.226 0.360 0.000 0.000 0.000 0.000 0.359 0.107 0.147 0.795 4.125 0.147 0.109 0.147 0.799 3.798 0.158 0.963 1.203 0.224 0.000 0.154 0.958 0.108 0.000 0.579 24/11/2043
0.000 0.000 0.000 0.000 0.000 0.000 0.000 0.000 0.000 3.027 0.000 0.000 0.000 0.000 0.000 1.101 0.000 0.000 0.000 0.000 0.000 0.000 0.000 0.000 0.000 0.000 0.000 0.000 3.958 5.835 25/11/2043
0.000 0.000 1.174 1.479 0.000 0.000 0.000 0.000 0.000 0.000 0.000 0.000 0.000 0.000 0.000 0.000 0.000 0.000 0.000 0.000 0.000 0.000 0.000 0.000 0.000 0.000 0.000 0.000 0.000 0.000 26/11/2043
0.000 0.172 0.190 0.186 0.000 0.143 1.039 0.310 0.199 0.000 0.143 0.103 0.000 0.190 0.000 0.142 0.000 0.000 0.190 0.137 0.138 0.000 0.000 0.101 0.244 0.136 0.000 0.000 0.000 0.000 27/11/2043
0.000 0.145 1.576 1.911 3.131 3.467 0.000 2.473 2.552 0.000 3.461 0.000 0.000 0.162 0.100 0.111 0.000 0.000 0.165 0.161 0.125 0.000 0.000 1.356 1.304 0.124 0.000 0.000 0.206 0.000 28/11/2043
12.376 11.157 14.295 14.459 11.887 4.549 2.474 4.250 4.774 10.457 4.540 7.299 8.085 5.371 15.467 4.601 7.139 8.100 5.391 14.635 5.384 1.254 1.655 0.776 2.038 5.320 1.243 4.144 3.830 1.383 29/11/2043
0.292 0.211 0.208 0.402 0.215 0.000 0.000 0.000 0.000 0.000 0.000 0.000 0.000 0.000 0.000 0.000 0.000 0.000 0.000 0.000 0.000 0.000 0.000 0.000 0.000 0.000 0.000 0.000 0.000 0.476 30/11/2043
1.264 1.975 1.572 1.999 3.457 7.565 8.126 5.161 5.531 7.567 7.552 18.150 19.149 12.115 18.878 6.658 15.884 19.194 12.164 15.932 8.695 7.546 9.218 10.623 1.818 8.593 7.498 0.130 7.227 7.227 01/12/2043
0.511 0.675 1.237 1.550 1.673 1.532 1.182 0.894 1.341 3.052 1.529 0.886 1.189 0.883 1.945 3.750 0.809 1.191 0.932 1.955 2.853 1.030 1.419 1.118 0.792 2.831 1.013 3.165 1.432 1.415 02/12/2043
0.000 0.000 0.000 0.000 0.000 0.000 0.000 0.000 0.000 0.000 0.000 0.000 0.000 0.000 0.000 0.000 0.000 0.000 0.000 0.000 0.000 0.000 0.000 0.000 0.000 0.000 0.000 0.000 0.000 0.000 03/12/2043
0.000 0.000 0.000 0.000 0.000 0.000 0.000 0.000 0.000 0.000 0.000 0.000 0.000 0.000 0.000 0.000 0.000 0.000 0.000 0.000 0.000 0.000 0.000 0.000 0.000 0.000 0.000 0.000 0.000 0.000 04/12/2043
0.104 0.000 0.098 0.182 0.653 0.151 0.423 0.193 0.455 0.385 0.146 0.104 0.265 0.135 0.000 0.112 0.126 0.266 0.129 0.111 0.000 0.000 0.000 0.000 0.000 0.000 0.000 0.203 0.110 0.267 05/12/2043
0.882 0.590 0.972 1.424 0.891 1.668 1.653 1.567 1.943 3.175 1.665 0.835 1.180 1.402 2.857 1.101 1.057 1.181 1.446 2.243 0.059 0.619 0.967 0.689 0.866 0.050 0.611 1.582 1.334 1.246 06/12/2043
0.000 0.000 0.102 0.215 0.093 0.000 0.118 0.101 0.193 0.000 0.000 0.443 0.865 0.675 0.000 0.000 0.471 0.866 0.675 0.000 0.000 0.185 0.409 0.485 0.000 0.000 0.164 0.000 0.000 0.000 07/12/2043
23.105 19.104 24.225 22.774 31.960 26.352 29.629 29.893 33.035 37.699 26.314 27.671 30.163 34.118 31.232 9.678 27.616 30.215 34.211 25.433 31.546 29.226 31.829 26.264 18.779 31.305 29.064 27.089 21.102 17.417 08/12/2043
0.000 0.000 0.000 0.000 0.000 0.000 0.000 0.000 0.000 0.000 0.000 0.000 0.000 0.000 0.000 0.000 0.000 0.000 0.000 0.000 0.000 0.000 0.000 0.000 0.000 0.000 0.000 0.000 0.000 0.000 09/12/2043
0.306 0.444 0.189 0.278 0.664 0.101 0.000 3.110 3.521 1.642 0.101 0.279 0.298 0.180 0.800 0.298 0.154 0.299 0.181 0.781 0.000 0.157 0.311 0.000 0.832 0.000 0.156 0.426 3.565 2.047 10/12/2043
9.577 8.965 7.247 7.089 9.144 5.936 0.806 4.523 5.013 7.288 5.926 1.366 1.455 0.894 3.058 3.994 1.231 1.459 0.905 2.825 0.792 0.000 0.000 0.000 1.077 0.775 0.000 0.000 0.000 0.000 11/12/2043
19.653 33.316 17.620 17.548 19.752 18.869 13.624 19.853 24.115 24.510 18.837 14.431 15.706 25.391 31.627 11.863 14.148 15.741 25.496 27.897 14.847 24.608 25.245 26.611 30.008 14.670 24.425 32.732 30.895 26.778 12/12/2043
3.488 1.467 2.012 2.681 1.016 1.810 0.542 1.271 1.240 1.035 1.808 0.749 0.848 0.751 1.502 1.235 0.607 0.850 0.753 1.264 1.363 0.575 0.825 0.773 0.982 1.351 0.570 1.711 0.765 0.524 13/12/2043
0.116 0.272 0.334 0.470 4.021 0.478 0.196 0.279 0.323 0.404 0.477 0.793 0.892 1.084 1.057 0.932 0.657 0.894 1.088 0.894 0.785 0.946 1.159 0.956 1.210 0.769 0.941 2.092 3.103 2.895 14/12/2043
1.745 0.666 3.825 4.052 1.459 2.394 1.076 0.665 0.810 2.062 2.389 2.054 2.423 1.865 1.307 1.222 2.252 2.426 1.872 0.778 2.617 3.757 4.096 0.107 0.107 2.592 3.727 3.397 6.920 3.238 15/12/2043
4.955 2.867 2.004 2.483 1.739 1.824 4.092 1.824 2.221 1.754 1.818 3.679 4.228 2.194 2.509 2.231 3.919 4.209 2.202 2.623 3.040 1.698 1.930 3.368 3.270 3.002 1.659 2.640 3.356 4.059 16/12/2043
0.000 0.000 0.072 0.024 0.000 0.100 0.000 0.160 0.109 0.239 0.103 0.120 0.114 0.114 0.000 0.110 0.071 0.115 0.116 0.000 0.110 0.073 0.086 0.114 0.116 0.109 0.077 0.074 0.065 0.146 17/12/2043
5.120 4.200 4.839 4.450 5.802 4.649 2.279 3.442 4.093 5.745 4.640 2.467 3.337 3.395 4.695 3.192 3.024 3.344 3.409 4.131 2.990 10.030 11.601 4.018 3.506 2.953 9.955 4.024 3.888 3.505 18/12/2043
0.132 0.000 0.102 0.000 0.000 0.152 0.000 0.000 0.112 0.000 0.148 0.000 0.103 0.000 0.000 0.123 0.000 0.103 0.000 0.000 0.000 0.000 0.000 0.000 0.000 0.000 0.000 0.000 0.000 0.000 19/12/2043
0.000 0.095 0.000 0.000 0.000 0.142 0.160 0.000 0.000 0.000 0.140 0.231 0.333 0.000 0.000 0.740 0.188 0.333 0.000 0.000 0.529 0.137 0.194 0.123 0.000 0.532 0.137 0.131 0.115 0.122 20/12/2043
0.227 0.304 0.100 0.196 0.178 0.205 0.210 0.242 0.527 0.000 0.205 0.450 0.870 0.714 0.000 0.618 0.483 0.870 0.717 0.111 1.191 0.467 0.876 0.842 0.179 1.220 0.487 0.816 0.739 0.324 21/12/2043
1.933 0.271 1.856 2.106 0.000 0.200 0.116 0.189 0.432 2.624 0.200 0.102 0.229 3.027 3.276 0.820 0.111 0.229 3.031 2.426 0.878 3.958 5.013 0.471 2.706 0.892 3.934 0.269 0.153 0.297 22/12/2043
0.000 0.000 0.000 0.000 0.000 0.050 0.000 0.000 0.000 0.000 0.000 0.000 0.000 0.000 0.000 0.000 0.000 0.000 0.000 0.060 0.000 0.000 0.000 0.000 0.000 0.000 0.000 0.000 0.000 0.000 23/12/2043
0.000 0.000 0.000 0.000 0.000 0.000 0.000 0.000 0.000 0.000 0.000 0.000 0.000 0.000 0.000 0.000 0.000 0.000 0.000 0.060 0.000 0.000 0.000 0.000 0.000 0.000 0.000 0.000 0.000 0.000 24/12/2043
0.220 0.150 0.000 0.000 0.000 0.553 0.242 0.000 0.120 0.000 0.552 0.260 0.387 0.188 0.000 0.915 0.241 0.387 0.189 0.141 0.533 0.691 0.961 1.138 0.950 0.536 0.676 0.203 0.288 0.166 25/12/2043
0.143 0.160 0.098 0.000 0.000 0.000 0.000 0.000 0.000 0.000 0.000 0.000 0.000 0.000 0.000 0.000 0.000 0.000 0.000 0.000 0.000 0.000 0.000 0.000 0.000 0.000 0.000 0.000 0.000 0.000 26/12/2043
0.154 0.185 0.201 0.254 0.402 1.196 0.985 0.339 0.505 0.596 1.194 1.529 1.846 1.674 1.437 2.071 1.486 1.849 1.679 1.542 0.578 0.667 0.904 1.738 1.123 0.574 0.650 0.159 0.348 0.851 27/12/2043
0.000 0.000 0.000 0.000 0.000 0.000 0.000 0.000 0.000 0.000 0.000 0.000 0.000 0.000 0.000 0.000 0.000 0.000 0.000 0.000 0.000 0.000 0.000 0.000 0.000 0.000 0.000 0.000 0.000 0.000 28/12/2043
0.000 0.000 0.000 0.000 0.000 0.000 0.000 0.000 0.000 0.000 0.000 0.000 0.000 0.000 0.000 0.000 0.000 0.000 0.000 0.000 0.000 0.000 0.000 0.000 0.000 0.000 0.000 0.000 0.000 0.000 29/12/2043
1.196 6.672 4.792 4.390 0.833 0.369 2.512 1.785 2.173 0.579 0.368 0.190 0.228 0.192 0.134 0.402 0.157 0.228 0.193 0.297 0.140 0.000 0.109 0.063 0.528 0.139 0.000 0.136 0.126 0.574 30/12/2043
0.000 0.000 0.000 0.000 0.000 0.000 0.000 0.000 0.000 0.000 0.000 0.000 0.000 0.000 0.000 0.000 0.000 0.000 0.000 0.000 0.000 0.000 0.000 0.000 0.000 0.000 0.000 0.000 0.000 0.000 31/12/2043
0.000 0.000 0.000 0.000 0.000 0.000 0.000 0.000 0.000 0.000 0.000 0.000 0.000 0.000 0.000 0.000 0.000 0.000 0.000 0.000 0.000 0.000 0.000 0.000 0.000 0.000 0.000 0.000 0.000 0.000 01/01/2044
0.358 0.000 0.000 0.000 0.000 0.115 0.101 0.000 0.000 0.000 0.116 0.000 0.105 0.118 0.000 0.000 0.000 0.105 0.116 0.102 3.008 0.204 0.459 0.202 0.117 2.979 0.176 3.781 0.127 0.000 02/01/2044
4.359 3.112 3.271 3.164 3.101 7.371 4.378 2.621 2.856 4.724 7.358 6.688 7.573 6.063 6.109 5.317 6.342 7.589 6.088 5.268 2.593 7.218 8.965 8.211 5.110 2.559 7.159 5.331 4.375 4.665 03/01/2044
2.356 2.442 2.800 2.758 3.545 1.659 1.645 1.735 2.256 2.583 1.656 1.508 1.764 2.835 3.409 1.631 1.608 1.755 2.845 2.448 1.717 1.930 2.176 2.120 2.363 1.702 1.918 2.020 2.045 2.390 04/01/2044
0.203 0.101 0.200 0.516 1.728 0.000 0.078 0.108 0.276 0.000 0.000 0.000 0.000 0.177 0.000 0.000 0.000 0.000 0.179 0.106 0.000 0.000 0.000 0.000 0.000 0.000 0.000 0.100 0.410 0.054 05/01/2044
0.000 0.000 0.135 0.297 0.884 0.000 0.000 0.000 0.244 0.227 0.000 0.103 0.255 0.280 0.000 0.367 0.122 0.256 0.285 0.040 0.404 0.749 1.034 0.804 0.767 0.388 0.745 1.017 1.049 1.039 06/01/2044
0.000 0.000 0.000 0.000 0.000 0.000 0.000 0.000 0.000 0.033 0.000 0.000 0.000 0.000 0.000 0.000 0.000 0.000 0.000 0.000 0.000 0.000 0.094 0.000 0.000 0.000 0.000 0.114 0.123 0.000 07/01/2044
4.358 5.160 10.688 10.451 7.103 0.683 3.552 7.435 8.960 4.959 0.683 1.223 1.476 5.241 7.070 0.626 1.401 1.474 5.227 5.722 1.548 1.258 1.412 3.213 5.507 1.543 1.261 0.786 2.221 8.715 08/01/2044
0.000 0.104 0.111 0.238 1.956 0.000 0.000 0.190 0.437 1.103 0.000 0.000 0.000 0.302 0.971 0.000 0.000 0.000 0.305 0.868 0.000 0.000 0.000 0.211 0.766 0.000 0.000 0.000 0.000 0.521 09/01/2044
0.000 0.000 0.000 0.000 0.000 0.000 0.000 0.000 0.000 0.000 0.000 0.000 0.000 0.000 0.000 0.000 0.000 0.000 0.061 0.000 0.000 0.000 0.079 0.000 0.000 0.000 0.000 0.000 0.000 0.092 10/01/2044
0.000 0.000 0.000 0.000 0.000 0.000 0.000 0.000 0.000 0.000 0.000 0.000 0.000 0.000 0.000 0.000 0.000 0.000 0.061 0.000 0.000 0.000 0.000 0.000 0.000 0.000 0.000 0.000 0.000 0.000 11/01/2044
0.000 0.000 0.000 0.000 0.000 0.000 0.000 0.000 0.000 0.000 0.000 0.000 0.000 0.000 0.000 0.000 0.000 0.000 0.000 0.000 0.000 0.000 0.000 0.000 0.000 0.000 0.000 0.000 0.000 0.000 12/01/2044
0.000 0.000 0.000 0.000 0.000 0.000 0.000 0.000 0.000 0.000 0.000 0.000 0.000 0.000 0.000 0.000 0.000 0.000 0.000 0.000 0.000 0.000 0.000 0.000 0.000 0.000 0.000 0.000 0.000 0.000 13/01/2044
0.000 0.000 0.000 0.000 0.000 0.000 0.000 0.000 0.000 0.000 0.000 0.000 0.000 0.000 0.000 0.000 0.000 0.000 0.000 0.000 0.000 0.000 0.000 0.000 0.093 0.000 0.000 0.000 0.000 0.000 14/01/2044
0.000 0.000 0.000 0.000 0.000 0.000 0.000 0.000 0.000 0.000 0.000 0.000 0.000 0.000 0.000 0.000 0.000 0.000 0.000 0.000 0.000 0.000 0.000 0.000 0.049 0.000 0.000 0.000 0.000 0.000 15/01/2044
0.261 0.429 0.452 0.866 0.898 0.363 0.363 0.463 0.892 1.548 0.357 0.467 0.894 0.317 2.442 0.715 0.505 0.895 0.328 1.928 0.835 0.000 0.000 0.662 1.965 0.866 0.000 0.459 5.025 1.641 16/01/2044
3.954 3.229 5.702 5.635 6.139 2.713 3.808 5.863 6.264 7.070 2.708 3.206 3.470 5.148 5.070 3.641 3.191 3.478 5.139 4.589 4.273 2.480 2.750 2.108 2.233 4.244 2.461 1.289 1.352 1.285 17/01/2044
11.502 12.932 7.404 7.521 9.242 14.251 14.979 14.922 15.639 10.475 14.226 11.817 12.317 8.315 6.515 7.667 9.602 12.648 8.349 5.428 5.349 5.324 6.104 4.752 12.396 5.286 5.281 7.347 13.319 9.191 18/01/2044
3.322 3.393 1.915 2.126 2.774 4.828 3.864 4.021 4.928 7.692 4.820 1.363 1.544 1.184 2.608 1.757 1.505 1.546 1.217 2.084 0.137 0.655 0.986 0.316 1.319 0.152 0.651 0.233 0.743 0.186 19/01/2044
0.000 0.000 0.000 0.000 0.000 0.000 0.000 0.000 0.000 0.000 0.000 0.000 0.000 0.000 0.000 0.000 0.000 0.000 0.000 0.000 0.000 0.000 0.000 0.000 0.000 0.000 0.000 0.000 0.000 0.000 20/01/2044
0.000 0.000 0.000 0.000 0.000 0.000 0.000 0.000 0.000 0.000 0.000 0.000 0.000 0.000 0.000 0.000 0.000 0.000 0.000 0.000 0.000 0.000 0.000 0.000 0.000 0.000 0.000 0.000 0.000 0.000 21/01/2044
0.000 0.000 0.000 0.123 0.000 0.000 0.000 0.000 0.068 0.000 0.000 0.000 0.000 0.000 0.000 0.000 0.000 0.000 0.000 0.000 0.000 0.000 0.000 0.000 0.000 0.000 0.000 0.000 0.000 0.000 22/01/2044
0.000 0.000 0.000 0.000 0.000 0.000 0.000 0.000 0.000 0.000 0.000 0.000 0.000 0.000 0.000 0.000 0.000 0.000 0.000 0.000 0.000 0.000 0.000 0.000 0.000 0.000 0.000 0.000 0.000 0.000 23/01/2044
16.013 20.421 24.234 28.222 16.321 25.814 19.536 15.340 17.907 18.087 25.774 14.069 16.029 11.483 13.234 14.862 11.107 16.100 11.535 13.392 15.324 6.958 14.258 10.865 6.805 15.142 6.909 5.468 3.569 18.162 24/01/2044
13.332 13.590 10.986 11.050 12.270 10.682 13.488 10.299 10.879 12.712 10.662 11.187 11.849 10.523 14.060 9.741 10.047 11.876 10.590 13.410 8.481 7.603 8.649 8.233 10.889 8.389 7.542 11.708 9.657 11.649 25/01/2044
40.001 52.796 45.015 41.437 31.091 32.904 46.383 43.385 40.608 34.444 32.846 35.065 32.273 36.017 38.194 29.559 32.179 32.338 36.134 33.990 29.590 27.881 26.945 28.313 37.996 29.250 27.681 31.892 28.831 33.916 26/01/2044
18.916 18.606 19.220 19.676 26.381 19.161 20.003 18.092 20.171 23.397 19.134 19.543 23.343 21.895 25.490 16.430 20.552 23.397 22.648 25.000 16.292 19.144 22.658 23.715 24.636 16.083 19.000 25.771 27.082 26.315 27/01/2044
14.708 12.891 15.226 15.342 18.744 18.378 13.854 12.763 13.378 17.541 18.344 18.178 21.699 20.243 24.805 22.531 19.479 21.756 20.341 21.644 18.275 19.251 21.427 21.722 20.446 18.058 19.103 18.473 22.002 16.855 28/01/2044
20.211 16.560 21.042 19.500 29.936 26.595 27.229 23.574 26.636 29.492 26.557 24.757 27.248 27.057 26.997 29.609 24.702 27.300 27.092 22.426 27.863 26.989 29.695 24.525 25.160 27.622 26.826 39.301 37.634 32.861 29/01/2044
5.757 4.617 4.719 4.825 5.932 8.271 6.456 5.310 5.492 5.675 8.257 7.741 8.967 7.744 8.381 9.723 7.250 8.987 7.773 6.779 9.663 8.412 11.428 10.496 9.752 9.553 8.352 11.080 11.090 11.180 30/01/2044
0.000 0.000 0.000 0.000 0.000 0.000 0.000 0.000 0.000 0.000 0.000 0.000 0.000 0.000 0.042 0.000 0.000 0.000 0.000 0.000 0.000 0.000 0.000 0.000 0.000 0.000 0.000 0.000 0.000 0.000 31/01/2044
0.000 0.000 0.000 0.000 0.100 0.000 0.000 0.000 0.000 0.000 0.000 0.000 0.000 0.000 0.000 0.000 0.000 0.000 0.000 0.000 0.000 0.000 0.000 0.000 0.000 0.000 0.000 0.000 0.000 0.000 01/02/2044
20.341 29.765 18.583 19.279 26.092 17.876 20.238 18.465 23.552 32.572 17.823 18.058 17.601 17.797 21.880 13.230 19.343 17.695 17.748 21.179 14.745 13.239 12.701 14.388 11.700 14.570 13.137 14.527 23.095 20.539 02/02/2044
2.317 4.612 4.744 4.725 6.926 5.509 5.404 5.402 6.136 8.541 5.501 4.766 5.067 7.119 4.654 5.697 3.999 5.085 7.263 4.368 2.814 3.326 4.182 4.248 3.964 2.787 3.340 2.118 3.094 3.379 03/02/2044
5.282 4.924 4.926 4.849 9.502 5.849 13.367 5.333 5.927 11.867 5.840 9.403 9.961 8.999 12.690 10.763 8.344 9.957 9.159 11.986 9.934 8.306 10.053 15.152 12.953 9.820 8.243 12.698 17.098 13.818 04/02/2044
16.557 17.961 18.965 19.351 17.719 16.229 17.168 18.151 20.317 20.325 16.200 17.074 17.926 18.214 22.493 14.913 16.110 17.952 18.271 22.007 14.222 15.928 17.697 17.160 16.672 14.054 15.804 12.660 13.721 16.645 05/02/2044
10.578 10.307 9.645 9.729 11.767 9.178 11.773 12.325 12.407 11.779 9.161 10.964 11.649 16.368 15.875 10.906 9.805 11.676 16.435 15.902 9.787 9.513 11.456 11.634 12.121 9.680 9.439 10.408 11.332 12.281 06/02/2044
3.204 2.485 0.903 1.243 5.232 2.607 4.261 4.296 4.648 2.731 2.603 3.699 4.054 11.832 12.441 5.948 3.129 4.126 11.936 11.476 4.898 4.522 5.208 4.142 5.255 4.777 4.542 7.705 8.220 9.243 07/02/2044
9.811 8.139 8.380 8.150 9.303 9.147 8.022 7.578 7.908 8.564 9.130 10.138 10.672 10.474 9.856 9.644 8.880 10.696 10.535 9.556 9.600 10.385 12.100 12.243 11.858 9.502 10.302 11.562 9.499 8.096 08/02/2044
4.487 2.768 1.257 1.659 1.599 1.866 1.250 1.721 1.805 1.740 1.863 6.033 6.889 1.586 1.993 6.111 5.509 6.910 1.604 1.728 1.891 1.861 2.210 4.932 6.720 1.890 1.803 0.792 2.910 4.342 09/02/2044
16.704 16.764 16.307 16.372 17.047 14.494 14.091 13.681 14.541 17.696 14.468 11.317 11.888 12.997 15.306 9.837 10.093 11.915 13.172 14.427 10.354 11.244 12.809 13.914 13.593 10.224 11.154 13.684 13.466 13.015 10/02/2044
2.415 2.441 2.804 3.082 4.606 1.592 4.850 4.821 5.216 1.717 1.591 1.887 1.928 2.719 2.414 4.265 1.725 1.981 2.800 2.133 2.726 2.825 3.718 3.097 2.519 2.699 2.813 2.924 2.957 4.203 11/02/2044
16.155 31.895 20.220 14.999 14.659 13.680 16.123 18.705 15.610 13.995 13.656 19.002 11.857 7.169 12.308 19.857 18.872 11.882 5.172 11.167 17.885 16.690 6.557 3.450 5.846 17.695 16.574 7.308 23.141 2.812 12/02/2044
0.000 0.100 0.100 0.100 0.000 0.000 0.000 0.000 0.000 0.000 0.000 0.000 0.000 0.000 0.000 0.000 0.000 0.000 0.000 0.000 0.000 0.000 0.000 0.000 0.000 0.000 0.000 0.000 0.000 0.000 13/02/2044
15.544 5.229 12.977 14.226 17.424 7.409 12.037 17.666 18.569 21.806 7.396 10.040 8.834 23.093 19.198 9.614 7.635 8.849 23.354 16.896 8.058 8.836 10.414 13.950 9.208 7.954 8.719 5.062 2.430 9.714 14/02/2044
7.547 8.773 5.434 6.140 8.487 10.775 6.306 5.774 6.148 6.374 10.756 4.856 5.278 10.422 6.158 3.825 4.434 5.284 10.464 5.012 4.225 7.235 8.172 2.268 2.617 4.178 7.178 2.254 2.098 2.983 15/02/2044
2.516 2.258 2.570 2.480 2.060 1.678 1.106 2.524 2.583 2.277 1.675 1.768 1.748 2.375 2.523 2.362 1.516 1.770 2.395 2.673 5.809 2.413 2.912 3.333 3.844 5.602 2.405 2.379 3.780 3.652 16/02/2044
0.000 0.000 0.000 0.000 0.000 0.000 0.000 0.072 0.000 0.000 0.000 0.000 0.000 0.000 0.000 0.000 0.000 0.000 0.000 0.000 0.000 0.000 0.047 0.000 0.000 0.000 0.000 0.000 0.000 0.000 17/02/2044
0.870 1.044 0.901 1.239 1.420 0.895 1.018 0.820 0.884 0.192 0.895 0.480 0.610 0.284 0.278 1.360 0.262 0.610 0.322 0.400 0.000 0.000 0.047 0.110 0.622 0.000 0.000 0.000 0.000 0.238 18/02/2044
0.000 0.000 0.000 0.000 0.000 0.000 0.000 0.000 0.000 0.000 0.000 0.000 0.000 0.000 0.000 0.000 0.000 0.000 0.000 0.000 0.000 0.000 0.000 0.000 0.000 0.000 0.000 0.000 0.000 0.000 19/02/2044
0.091 0.000 0.000 0.000 0.000 0.000 0.000 0.000 0.000 0.000 0.000 0.000 0.000 0.000 0.000 0.000 0.000 0.000 0.000 0.000 0.000 0.000 0.000 0.000 0.000 0.000 0.000 0.000 0.000 0.000 20/02/2044
0.000 0.102 0.100 0.000 0.000 0.000 0.000 0.000 0.000 0.000 0.000 0.000 0.000 0.000 0.000 0.000 0.000 0.000 0.000 0.000 0.000 0.000 0.000 0.000 0.000 0.000 0.000 0.000 0.000 0.000 21/02/2044
0.362 5.734 8.010 7.747 13.530 2.459 10.851 13.531 14.208 15.785 2.456 14.070 15.122 14.551 14.137 7.911 13.809 15.156 14.610 13.532 9.866 8.925 10.730 10.143 5.244 9.754 8.855 12.005 2.472 9.507 22/02/2044
0.000 0.000 0.000 0.000 0.000 0.000 0.000 0.000 0.000 0.000 0.000 0.000 0.000 0.000 0.000 0.000 0.000 0.000 0.000 0.000 0.000 0.000 0.000 0.000 0.000 0.000 0.000 0.000 0.000 0.000 23/02/2044
2.320 4.045 8.269 7.988 8.805 4.279 2.347 9.680 10.031 7.940 4.271 1.857 1.888 1.485 0.936 7.815 1.697 1.944 1.509 0.934 1.005 1.156 1.438 0.000 0.000 0.963 1.118 0.886 0.189 2.426 24/02/2044
25.995 33.094 22.145 21.960 23.770 31.987 34.237 25.912 26.852 23.306 31.929 29.915 28.116 26.953 23.867 33.253 28.327 28.180 27.064 23.969 28.610 27.798 26.732 25.154 25.011 28.269 27.601 26.229 25.652 24.451 25/02/2044
0.000 0.000 0.000 0.000 0.100 0.000 0.220 0.000 0.000 0.000 0.000 0.000 0.000 0.150 0.000 0.000 0.000 0.000 0.159 0.102 0.120 0.154 0.197 0.293 0.093 0.116 0.134 0.140 0.195 0.086 26/02/2044
0.000 0.000 0.000 0.000 0.000 0.000 0.000 0.000 0.000 0.000 0.000 0.000 0.000 0.000 0.000 0.000 0.000 0.000 0.000 0.000 0.000 0.000 0.000 0.000 0.000 0.000 0.000 0.000 0.000 0.000 27/02/2044
0.000 0.000 0.000 0.000 0.000 0.000 0.000 0.000 0.000 0.000 0.000 0.000 0.000 0.000 0.000 0.000 0.000 0.000 0.000 0.000 0.000 0.000 0.000 0.000 0.000 0.000 0.000 0.000 0.000 0.000 28/02/2044
0.000 0.000 0.000 0.000 0.000 0.000 0.000 0.000 0.000 0.000 0.000 0.000 0.000 0.000 0.000 0.000 0.000 0.000 0.000 0.000 0.000 0.000 0.000 0.000 0.000 0.000 0.000 0.000 0.000 0.000 29/02/2044
0.000 0.000 0.000 0.000 0.000 0.000 0.000 0.000 0.000 0.000 0.000 0.000 0.000 0.000 0.000 0.000 0.000 0.000 0.000 0.000 0.000 0.000 0.000 0.000 0.000 0.000 0.000 0.000 0.000 0.000 01/03/2044
0.000 0.000 0.000 0.000 0.000 0.000 0.000 0.000 0.000 0.000 0.000 0.000 0.000 0.000 0.000 0.000 0.000 0.000 0.000 0.000 0.000 0.000 0.000 0.000 0.000 0.000 0.000 0.000 0.000 0.000 02/03/2044
0.000 0.000 0.000 0.000 0.000 0.000 0.000 0.000 0.000 0.000 0.000 0.000 0.000 0.000 0.000 0.000 0.000 0.000 0.000 0.000 0.000 0.000 0.000 0.000 0.000 0.000 0.000 0.000 0.000 0.000 03/03/2044
1.476 2.649 2.790 3.021 1.113 2.732 4.065 8.638 10.793 14.359 2.727 7.350 9.474 13.149 3.206 3.944 7.826 9.494 13.201 3.575 7.485 10.768 11.909 8.264 8.934 7.402 10.691 8.023 4.934 6.882 04/03/2044
1.264 1.402 1.306 1.553 0.438 1.012 0.417 0.675 0.663 0.000 1.011 0.142 0.122 0.000 0.000 0.821 0.094 0.122 0.000 0.000 0.000 0.116 0.147 0.000 0.000 0.000 0.116 0.119 0.103 0.118 05/03/2044
0.000 0.000 0.000 0.000 0.186 0.000 0.000 0.000 0.000 0.000 0.000 0.000 0.000 0.000 0.000 0.000 0.000 0.000 0.000 0.000 0.000 0.000 0.000 0.000 0.000 0.000 0.000 0.000 0.000 0.000 06/03/2044
0.611 0.000 0.000 0.000 0.000 1.071 0.691 0.000 0.102 0.143 1.070 0.098 0.108 0.106 0.000 0.000 0.000 0.108 0.106 0.000 0.000 0.000 0.000 0.103 0.000 0.000 0.000 0.000 0.104 0.000 07/03/2044
1.722 1.444 1.950 2.391 1.644 2.821 1.770 2.093 2.650 3.270 2.815 1.396 1.644 1.652 2.170 1.167 1.522 1.648 1.659 2.486 0.364 0.537 0.685 0.140 0.000 0.361 0.525 0.000 0.000 0.000 08/03/2044
3.805 2.404 2.249 2.728 1.806 2.975 1.559 1.272 1.410 2.036 2.970 3.296 4.463 1.500 1.128 4.734 3.252 4.472 1.507 1.252 8.502 5.520 6.273 4.998 3.274 8.422 5.477 7.273 6.228 4.957 09/03/2044
0.000 0.000 0.000 0.000 0.000 0.000 0.000 0.000 0.000 0.000 0.000 0.000 0.000 0.107 0.000 0.000 0.000 0.000 0.107 0.000 0.000 0.000 0.000 0.116 0.000 0.000 0.000 0.000 0.000 0.880 10/03/2044
1.457 0.000 0.267 0.219 0.117 0.000 0.000 1.859 2.483 1.903 0.000 0.000 0.000 4.116 2.969 0.000 0.000 0.000 4.133 3.115 0.000 0.574 0.735 3.920 3.332 0.000 0.567 4.208 1.606 2.133 11/03/2044
0.000 0.000 0.000 0.000 0.000 0.000 0.000 0.000 0.000 0.000 0.000 0.000 0.000 0.000 0.000 0.000 0.000 0.000 0.000 0.000 0.000 0.000 0.000 0.000 0.000 0.000 0.000 0.000 0.000 0.000 12/03/2044
0.000 0.000 0.000 0.000 0.000 0.000 0.000 0.000 0.000 0.000 0.000 0.000 0.000 0.000 0.000 0.106 0.000 0.000 0.000 0.000 0.000 0.000 0.000 0.000 0.000 0.000 0.000 0.000 0.000 0.000 13/03/2044
0.000 0.000 0.000 0.000 0.000 0.000 0.000 0.000 0.000 0.000 0.000 0.000 0.000 0.000 0.000 0.000 0.000 0.000 0.000 0.000 0.000 0.000 0.000 0.000 0.000 0.000 0.000 0.000 0.000 0.000 14/03/2044
0.000 0.000 0.000 0.000 0.000 0.000 0.000 0.000 0.000 0.000 0.000 0.000 0.000 0.000 0.000 0.000 0.000 0.000 0.000 0.000 0.000 0.000 0.000 0.000 0.000 0.000 0.000 0.000 0.000 0.000 15/03/2044
0.519 1.618 0.360 0.434 2.310 0.448 0.079 1.038 1.448 1.251 0.443 1.713 1.767 0.168 1.580 0.449 1.482 1.754 0.169 0.829 0.738 0.153 0.263 1.960 0.345 0.737 0.152 1.840 0.415 1.239 16/03/2044
0.000 0.000 0.000 0.000 0.000 0.000 0.000 0.000 0.000 0.000 0.000 0.000 0.000 0.000 0.000 0.000 0.000 0.000 0.000 0.000 0.000 0.000 0.000 0.000 0.000 0.000 0.000 0.000 0.000 0.000 17/03/2044
0.000 0.000 0.000 0.000 0.000 0.000 0.000 0.000 0.000 0.000 0.000 0.000 0.000 0.000 0.000 0.000 0.000 0.000 0.000 0.000 0.000 0.000 0.000 0.000 0.000 0.000 0.000 0.000 0.000 0.000 18/03/2044
0.000 0.000 0.000 0.000 0.000 0.000 0.000 0.000 0.000 0.000 0.000 0.000 0.000 0.000 0.000 0.000 0.000 0.000 0.000 0.000 0.000 1.948 2.843 1.930 0.000 0.000 1.912 0.106 0.000 0.000 19/03/2044
0.000 0.000 0.000 0.000 0.000 0.000 0.000 0.000 0.000 0.000 0.000 0.000 0.000 0.000 0.069 0.000 0.000 0.000 0.000 0.000 0.000 0.000 0.000 0.000 0.000 0.000 0.000 0.000 0.000 0.000 20/03/2044
0.000 0.000 0.000 0.000 0.000 0.000 0.000 0.000 0.000 0.000 0.000 0.000 0.000 0.000 0.000 0.000 0.000 0.000 0.000 0.000 0.000 0.000 0.000 0.000 0.000 0.000 0.000 0.000 0.000 0.000 21/03/2044
1.628 2.222 1.561 2.054 2.055 4.655 2.820 2.041 2.459 2.051 4.647 3.323 3.596 2.137 1.461 2.804 3.102 3.602 2.138 1.346 2.847 4.235 4.535 2.341 0.860 2.852 4.201 5.106 2.395 1.151 22/03/2044
19.025 11.121 11.574 10.241 15.421 13.123 8.104 3.582 3.744 11.678 13.099 12.495 12.560 16.451 12.018 18.867 12.248 12.589 16.514 10.777 8.323 19.596 21.180 7.272 10.641 8.224 19.443 9.224 13.867 3.907 23/03/2044
3.567 3.255 3.470 3.938 8.238 5.559 3.080 2.817 2.826 3.338 5.549 3.165 3.310 2.483 2.463 4.853 2.641 3.317 2.490 2.175 3.990 4.889 5.779 3.278 2.081 3.942 4.904 3.588 3.786 2.371 24/03/2044
3.876 1.699 1.006 1.229 1.199 2.550 1.369 2.383 2.413 0.746 2.546 2.328 2.396 1.813 1.724 2.212 2.015 2.400 1.820 1.406 3.084 2.954 3.630 2.737 1.417 3.051 2.931 3.128 4.321 6.002 25/03/2044
2.836 2.567 2.552 3.011 2.419 1.409 1.358 1.956 2.128 1.969 1.408 1.390 1.931 1.686 0.846 1.773 1.448 1.951 1.693 0.722 2.759 1.759 2.071 1.117 0.830 2.749 1.762 0.989 1.050 0.973 26/03/2044
0.778 0.424 0.941 1.173 1.955 0.283 0.110 0.466 0.556 1.689 0.281 0.000 0.000 0.999 0.000 0.000 0.000 0.000 1.003 0.000 0.195 0.672 0.784 0.159 0.000 0.190 0.673 0.380 1.031 0.221 27/03/2044
4.023 3.248 4.480 4.840 6.115 2.521 2.912 4.068 4.410 5.508 2.517 2.794 3.332 3.579 5.199 2.652 2.710 3.339 3.593 4.808 2.942 5.884 6.328 3.164 3.586 2.937 5.842 4.370 3.608 3.738 28/03/2044
3.099 2.778 2.303 2.674 5.771 5.174 4.375 5.448 6.351 5.211 5.165 5.670 6.620 5.826 3.860 5.952 6.052 6.635 5.850 3.560 6.048 6.103 6.827 7.467 4.625 5.976 6.090 8.523 8.096 6.340 29/03/2044
0.643 1.444 2.029 2.352 0.905 0.530 2.022 2.592 3.139 2.113 0.528 2.006 2.122 1.509 2.245 1.090 1.845 2.127 1.515 2.049 1.620 1.797 2.110 1.714 1.733 1.601 1.800 1.920 1.821 1.139 30/03/2044
1.854 3.152 4.052 4.327 5.207 1.985 3.669 3.301 3.603 4.824 2.005 3.323 3.596 2.135 4.183 2.984 3.101 3.602 2.134 3.669 2.362 2.030 2.300 3.096 2.656 2.386 2.014 3.165 3.413 2.299 31/03/2044
0.000 0.772 0.848 1.103 0.962 0.595 0.877 0.602 0.733 1.299 0.594 0.374 0.479 0.613 0.821 0.375 0.311 0.480 0.615 0.695 0.639 1.127 1.325 0.490 0.000 0.649 1.123 1.086 0.892 0.000 01/04/2044
5.070 3.129 4.624 4.965 1.408 3.712 4.242 4.060 4.381 4.402 3.701 4.842 5.541 3.197 1.709 4.068 5.240 5.554 3.210 1.501 2.284 4.509 5.772 3.517 2.658 2.300 4.473 2.437 2.311 2.457 02/04/2044
0.000 0.273 0.167 0.236 0.000 0.000 0.323 0.000 0.000 0.000 0.000 0.000 0.000 0.170 0.000 0.000 0.000 0.000 0.171 0.000 0.000 0.000 0.000 0.000 0.228 0.000 0.000 0.205 0.324 0.399 03/04/2044
0.000 0.000 0.000 0.000 0.000 0.000 0.000 0.000 0.000 0.000 0.000 0.000 0.000 0.000 0.000 0.000 0.000 0.000 0.000 0.000 0.000 0.000 0.000 0.000 0.000 0.000 0.000 0.000 0.000 0.000 04/04/2044
1.909 2.017 2.457 2.791 10.992 2.188 0.000 0.631 0.613 10.344 2.184 0.000 0.000 0.000 0.000 0.000 0.000 0.000 0.000 0.102 0.000 0.000 0.000 0.000 0.000 0.000 0.000 0.000 1.020 3.012 05/04/2044
3.653 2.137 2.602 2.920 0.000 2.679 1.871 0.000 0.000 1.435 2.674 0.996 0.938 0.000 1.243 2.530 0.748 0.940 0.000 1.086 0.738 0.000 0.000 6.304 1.935 0.730 0.000 0.000 0.000 3.027 06/04/2044
5.715 2.293 3.524 3.711 2.837 5.419 4.581 9.211 10.775 4.229 5.410 14.154 14.299 7.360 15.092 5.336 12.548 14.332 7.388 13.957 6.560 8.812 9.383 7.287 2.876 6.482 8.741 9.876 4.763 6.932 07/04/2044
17.168 21.682 28.108 28.488 33.076 14.868 19.719 18.711 18.738 23.859 14.841 11.616 12.596 10.831 9.945 4.438 11.429 12.625 10.875 9.371 9.853 12.428 14.141 9.721 8.462 9.741 12.329 4.511 4.989 6.671 08/04/2044
10.360 12.312 15.108 14.464 19.004 13.632 13.612 14.380 14.456 20.776 13.607 15.923 15.668 16.039 21.790 13.094 14.385 15.704 16.105 18.270 9.448 12.540 14.308 16.065 15.977 9.343 12.440 11.706 11.471 15.093 09/04/2044
0.000 0.000 0.000 0.000 0.000 0.000 0.000 0.000 0.000 0.000 0.000 0.000 0.000 0.000 0.000 0.000 0.000 0.000 0.000 0.000 0.000 0.000 0.000 0.000 0.000 0.000 0.000 0.000 0.000 0.000 10/04/2044
0.000 0.554 0.000 0.000 0.000 0.275 0.000 0.000 0.000 0.000 0.274 0.868 0.856 0.000 0.000 0.000 0.618 0.858 0.000 0.000 0.140 0.000 0.000 0.402 0.000 0.137 0.000 0.000 0.000 0.000 11/04/2044
2.623 9.085 4.079 4.219 9.917 9.990 1.307 10.635 11.991 11.536 9.971 6.863 7.681 6.507 24.085 6.677 7.492 7.697 6.533 20.708 3.772 2.867 3.280 0.000 4.750 3.727 2.844 5.281 5.379 0.756 12/04/2044
6.060 12.825 2.288 2.463 12.549 11.205 5.157 4.858 5.102 0.000 11.184 1.491 1.722 0.788 0.000 9.798 1.385 1.723 0.793 0.000 0.000 0.000 0.000 0.000 0.133 0.000 0.117 0.000 0.000 0.000 13/04/2044
2.201 0.000 0.000 0.000 0.760 22.432 9.618 7.185 7.498 0.865 22.392 8.255 9.077 5.977 8.241 10.256 8.978 9.098 6.002 6.923 1.013 0.000 0.000 0.000 0.634 1.067 0.000 1.093 0.000 3.555 14/04/2044
3.683 1.191 3.973 4.381 0.403 0.252 1.525 1.044 1.148 2.923 0.252 0.000 0.000 0.257 0.313 6.047 0.000 0.000 0.258 0.215 6.658 4.278 4.964 5.458 0.275 6.579 4.246 0.573 3.891 8.616 15/04/2044
0.000 0.000 0.000 0.000 0.000 0.000 0.000 0.000 0.000 0.000 0.000 0.000 0.000 0.000 0.000 0.000 0.000 0.000 0.000 0.000 0.000 0.000 0.000 0.000 0.000 0.000 0.000 0.000 0.000 0.000 16/04/2044
0.000 0.000 0.000 0.000 0.000 0.000 0.000 0.000 0.000 0.000 0.000 0.000 0.000 0.000 0.000 0.000 0.000 0.000 0.000 0.000 0.000 0.000 0.000 0.000 0.000 0.000 0.000 0.000 0.000 0.000 17/04/2044
0.000 0.000 0.000 0.000 0.000 0.000 0.000 0.000 0.000 0.000 0.000 0.000 0.000 0.000 0.000 0.000 0.000 0.000 0.000 0.000 0.000 0.000 0.000 0.000 0.000 0.000 0.000 0.000 0.000 0.000 18/04/2044
0.000 0.000 0.000 0.000 0.000 0.000 0.000 0.000 0.000 0.000 0.000 0.000 0.000 0.000 0.000 0.000 0.000 0.000 0.000 0.000 0.000 0.000 0.000 0.000 0.000 0.000 0.000 0.000 0.000 0.000 19/04/2044
10.926 5.615 2.599 2.916 0.906 9.781 4.480 1.198 1.117 0.196 9.762 3.097 3.355 0.380 0.000 7.145 2.989 3.363 0.382 0.000 2.313 2.816 3.235 1.820 0.918 2.289 2.794 1.204 1.094 0.106 20/04/2044
0.000 0.000 0.000 0.000 0.000 0.000 0.000 0.000 0.000 0.000 0.000 0.000 0.000 0.000 0.000 0.000 0.000 0.000 0.000 0.000 0.000 0.000 0.000 0.000 0.000 0.000 0.000 0.000 0.000 0.000 21/04/2044
0.000 0.000 0.000 0.000 0.000 0.000 0.000 0.000 0.000 0.000 0.000 0.000 0.000 0.000 0.000 0.000 0.000 0.000 0.000 0.000 0.000 0.000 0.000 0.000 0.000 0.000 0.000 0.000 0.000 0.000 22/04/2044
3.135 1.174 0.198 0.390 0.000 2.832 0.405 1.255 1.249 0.000 2.827 1.431 1.488 0.244 0.000 1.739 1.182 1.491 0.244 0.000 1.408 0.442 0.599 0.000 0.000 1.392 0.436 1.726 0.512 0.000 23/04/2044
0.000 0.446 0.294 0.533 0.000 0.000 0.147 0.904 0.877 0.000 0.000 0.413 0.363 1.009 0.000 0.000 0.247 0.364 1.013 0.107 0.000 0.000 0.126 0.437 1.070 0.000 0.000 0.643 0.289 0.309 24/04/2044
0.000 0.105 0.000 0.000 0.000 0.000 0.000 0.000 0.000 0.623 0.000 0.000 0.000 0.000 0.234 0.000 0.000 0.000 0.000 0.290 0.000 0.000 0.103 0.274 0.909 0.000 0.000 1.334 1.393 1.634 25/04/2044
0.146 0.000 0.000 0.000 1.325 0.000 0.000 0.000 0.000 0.385 0.000 0.000 0.000 0.000 0.000 0.000 0.000 0.000 0.000 0.000 0.000 0.000 0.000 0.000 0.000 0.000 0.000 0.000 0.000 0.000 26/04/2044
5.875 9.549 5.036 5.517 5.671 5.072 6.058 3.698 3.928 5.170 5.063 4.950 5.627 5.412 7.330 3.957 5.324 5.640 5.432 6.813 2.266 1.504 1.798 4.010 3.752 2.279 1.504 1.886 2.546 2.725 27/04/2044
3.833 3.121 3.873 4.502 5.641 3.890 4.132 3.458 4.567 6.817 3.883 4.332 5.602 5.296 6.182 3.960 4.476 5.614 5.298 6.057 4.428 3.531 4.570 4.309 6.831 4.388 3.505 1.820 2.206 5.111 28/04/2044
0.000 0.000 0.000 0.000 0.000 0.000 0.000 0.000 0.000 0.000 0.000 0.000 0.000 0.000 0.000 0.000 0.000 0.000 0.000 0.000 0.000 0.000 0.000 0.000 0.000 0.000 0.000 0.000 0.000 0.000 29/04/2044
0.000 0.000 0.000 0.000 0.000 0.000 0.000 0.000 0.000 0.000 0.000 0.000 0.000 0.000 0.000 0.000 0.000 0.000 0.000 0.000 0.000 0.000 0.000 0.000 0.000 0.000 0.000 0.000 0.000 0.000 30/04/2044
0.000 0.000 0.000 0.000 0.000 0.000 0.000 0.000 0.000 0.000 0.000 0.000 0.000 0.000 0.000 0.000 0.000 0.000 0.000 0.000 0.000 0.000 0.000 0.000 0.000 0.000 0.000 0.000 0.000 0.000 01/05/2044
0.129 1.089 1.544 1.856 0.000 3.567 0.000 0.000 0.000 0.000 3.561 0.132 0.101 0.760 0.558 1.748 0.000 0.101 0.763 0.580 0.800 0.287 0.442 0.000 0.000 0.792 0.286 0.000 0.000 1.457 02/05/2044
15.538 8.054 11.400 11.251 13.598 9.206 12.910 16.766 16.669 19.520 9.189 7.102 8.244 11.338 5.758 6.040 7.819 8.263 11.385 5.072 7.359 7.757 8.143 2.097 9.510 7.271 7.695 2.238 10.723 5.793 03/05/2044
20.897 17.077 15.496 14.901 15.423 18.777 16.347 17.054 17.932 13.276 18.743 14.065 14.576 18.652 15.597 14.777 14.965 14.693 18.726 14.317 10.555 14.210 14.249 13.549 13.189 10.430 14.101 12.790 8.998 11.894 04/05/2044
6.999 5.109 4.145 4.475 4.417 5.182 3.354 2.254 2.454 3.976 5.174 2.397 2.564 3.843 3.484 1.652 2.270 2.570 3.853 3.406 1.581 1.951 2.250 5.189 5.251 1.561 1.934 4.808 8.391 10.040 05/05/2044
3.509 2.627 1.436 1.990 2.016 4.056 2.274 1.442 1.808 1.728 4.050 1.890 2.074 0.916 2.466 3.175 1.786 2.079 0.918 2.205 3.418 1.456 1.742 1.106 2.142 3.431 1.461 5.028 3.323 6.515 06/05/2044
0.125 0.142 0.689 0.903 0.998 0.298 0.447 0.169 0.210 0.705 0.296 0.000 0.000 0.000 0.000 0.000 0.000 0.000 0.000 0.000 0.000 0.104 0.142 0.000 0.000 0.000 0.103 0.000 0.000 0.000 07/05/2044
0.000 0.000 0.000 0.000 0.000 0.000 0.000 0.000 0.000 0.000 0.000 0.000 0.000 0.000 0.000 0.000 0.000 0.000 0.000 0.000 0.000 0.000 0.000 0.000 0.000 0.000 0.000 0.000 0.000 0.000 08/05/2044
0.000 0.000 0.000 0.000 0.000 0.000 0.000 0.000 0.000 0.000 0.000 0.000 0.000 0.000 0.000 0.172 0.000 0.000 0.000 0.000 0.000 0.740 0.857 1.410 0.000 0.000 0.736 0.000 0.256 0.412 09/05/2044
13.462 17.133 17.583 18.164 8.814 5.272 8.045 8.564 9.466 12.279 5.263 12.315 12.336 8.741 9.424 13.891 12.053 12.364 8.777 8.859 9.736 11.888 12.190 14.215 17.547 9.636 11.803 11.867 31.202 22.227 10/05/2044
2.179 2.686 3.396 3.599 4.582 2.218 3.692 4.021 4.230 4.913 2.214 2.647 3.111 3.682 3.645 2.672 2.597 3.118 3.697 3.467 2.482 2.811 3.398 4.441 5.203 2.486 2.789 3.699 3.779 4.220 11/05/2044
4.795 4.704 3.897 3.912 7.633 5.361 4.735 2.792 3.112 6.641 5.351 4.144 4.633 5.773 4.964 1.988 4.306 4.643 5.797 4.140 1.078 2.805 3.226 6.287 7.268 1.068 2.783 1.065 2.254 6.591 12/05/2044
0.000 0.000 0.000 0.000 0.000 0.000 0.000 0.000 0.000 0.000 0.000 0.000 0.000 0.000 0.000 0.000 0.000 0.000 0.000 0.000 0.000 0.000 0.000 0.000 0.000 0.000 0.000 0.000 0.000 0.000 13/05/2044
11.292 2.251 1.570 2.059 4.995 13.256 5.114 7.152 8.126 13.128 13.233 6.977 7.936 4.193 16.764 14.877 7.096 7.954 4.207 16.307 19.198 10.099 10.598 12.431 18.950 18.975 10.020 10.428 18.821 28.290 14/05/2044
17.275 7.760 9.917 8.624 7.138 6.678 10.930 7.989 8.887 12.000 6.665 7.877 8.719 7.034 8.315 7.240 7.855 8.731 7.056 8.004 7.203 4.602 4.969 6.968 4.907 7.117 4.565 3.619 3.470 2.606 15/05/2044
21.101 23.164 20.377 21.908 20.627 21.864 21.278 16.946 17.825 23.082 21.825 20.606 23.132 19.154 21.203 21.366 21.017 23.185 19.229 20.164 23.571 22.844 25.414 29.070 30.321 23.334 22.667 27.129 35.954 34.556 16/05/2044
0.000 0.000 0.279 0.397 1.452 0.000 0.000 0.409 0.514 0.000 0.000 0.619 0.744 0.000 0.000 1.494 0.609 0.743 0.000 0.000 1.828 1.341 1.523 0.483 3.236 1.806 1.336 2.829 2.796 1.963 17/05/2044
0.000 0.000 0.000 0.000 0.000 0.000 0.000 0.000 0.000 0.000 0.000 0.000 0.000 0.000 0.000 0.000 0.000 0.000 0.000 0.000 0.000 0.000 0.000 0.000 0.000 0.000 0.000 0.000 0.000 0.000 18/05/2044
0.000 0.000 0.000 0.000 0.000 0.000 0.000 0.000 0.000 0.000 0.000 0.000 0.000 0.000 0.000 0.000 0.000 0.000 0.000 0.000 0.000 0.000 0.000 0.000 0.000 0.000 0.000 0.000 0.000 0.000 19/05/2044
0.000 0.000 0.000 0.000 0.000 0.000 0.000 0.000 0.000 0.000 0.000 0.000 0.000 0.000 0.000 0.000 0.000 0.000 0.000 0.000 0.000 0.000 0.000 0.000 0.000 0.000 0.000 0.000 0.000 0.000 20/05/2044
0.390 0.160 0.000 0.000 0.000 0.417 0.237 0.305 0.293 0.000 0.416 1.079 1.030 2.654 1.303 1.266 0.817 1.032 2.662 1.113 2.039 2.295 2.863 3.392 0.284 2.016 2.277 2.895 2.864 1.318 21/05/2044
0.000 0.000 0.000 0.000 0.000 0.000 0.000 0.000 0.000 0.000 0.000 0.000 0.000 0.000 0.000 0.000 0.000 0.000 0.000 0.000 0.000 0.000 0.000 0.000 0.000 0.000 0.000 0.000 0.000 0.000 22/05/2044
1.061 0.000 0.000 0.000 0.000 0.000 0.000 0.325 0.328 3.651 0.000 0.000 0.000 3.784 3.762 0.000 0.000 0.000 3.799 3.567 0.000 0.171 0.256 0.579 1.483 0.000 0.169 2.557 4.011 4.959 23/05/2044
0.102 3.586 0.000 0.000 0.431 0.291 0.892 0.000 0.000 3.123 0.291 0.000 0.000 0.000 0.529 0.000 0.000 0.000 0.000 0.344 0.000 1.486 1.885 0.625 0.397 0.000 1.474 1.163 0.305 0.670 24/05/2044
0.000 0.000 0.000 0.000 0.000 0.000 0.000 0.000 0.000 0.000 0.000 0.000 0.000 0.000 0.000 0.000 0.000 0.000 0.000 0.000 0.000 0.000 0.000 0.000 0.000 0.000 0.000 0.000 0.000 0.000 25/05/2044
0.000 0.000 0.000 0.000 0.000 0.000 0.000 0.000 0.000 0.000 0.000 0.000 0.000 0.000 0.000 0.000 0.130 0.000 0.000 0.000 0.000 0.000 0.000 0.000 0.000 0.000 0.000 0.000 0.000 0.000 26/05/2044
0.000 0.000 0.000 0.000 0.000 0.000 0.000 0.000 0.000 0.000 0.000 0.000 0.000 0.000 0.000 0.000 0.000 0.000 0.000 0.000 0.000 0.000 0.000 0.000 0.000 0.000 0.000 0.000 0.000 0.000 27/05/2044
0.000 0.000 0.000 0.000 0.000 0.000 0.000 0.000 0.000 0.000 0.000 0.000 0.000 0.000 0.000 0.000 0.000 0.000 0.000 0.000 0.000 0.000 0.000 0.000 0.000 0.000 0.000 0.000 0.000 0.000 28/05/2044
0.000 0.000 0.000 0.000 0.000 0.000 0.000 0.000 0.000 0.000 0.000 0.000 0.000 0.000 0.000 0.000 0.000 0.000 0.000 0.000 0.000 0.000 0.000 0.000 0.000 0.000 0.000 0.000 0.000 0.000 29/05/2044
0.000 0.000 0.000 0.000 0.000 0.000 0.000 0.000 0.000 0.000 0.000 0.000 0.000 0.000 0.000 0.000 0.000 0.000 0.000 0.000 0.000 0.000 0.000 0.000 0.000 0.000 0.000 0.000 0.000 0.000 30/05/2044
0.000 0.000 0.000 0.000 0.000 0.000 0.000 0.000 0.000 0.000 0.000 0.000 0.000 0.000 0.000 0.000 0.000 0.000 0.000 0.000 0.000 0.000 0.000 0.000 0.000 0.000 0.000 0.000 0.000 0.000 31/05/2044
1.820 0.967 0.487 0.474 1.269 0.780 0.647 0.777 0.829 1.605 0.779 0.641 0.661 0.599 1.376 1.029 0.460 0.662 0.601 1.027 0.278 0.980 1.084 1.094 1.043 0.273 0.972 0.875 0.355 1.022 01/06/2044
6.842 8.490 8.615 10.295 7.522 6.998 8.373 8.426 8.587 10.661 6.985 7.624 7.768 8.355 11.465 7.454 7.262 7.785 8.390 10.484 7.698 7.429 8.054 7.171 6.076 7.607 7.372 8.527 7.345 6.381 02/06/2044
6.719 6.858 7.264 7.687 12.465 7.922 4.958 6.697 6.834 13.126 7.909 6.364 6.589 5.595 4.779 7.907 6.447 6.603 5.618 4.713 4.245 3.251 3.806 2.241 1.336 4.195 3.228 1.644 1.817 0.782 03/06/2044
11.331 12.122 9.218 9.663 15.620 13.321 15.575 14.198 16.217 16.801 13.296 13.917 15.915 19.765 16.934 17.597 15.490 15.952 19.845 16.660 19.010 21.138 20.293 20.231 19.613 18.794 20.972 24.748 22.471 22.397 04/06/2044
0.000 0.000 0.000 0.000 0.000 0.000 0.000 0.583 0.726 4.384 0.000 14.679 16.686 19.069 15.914 6.570 16.034 16.725 19.146 14.658 27.602 28.355 26.864 20.243 14.968 27.274 28.128 33.620 25.601 20.377 05/06/2044
0.000 0.000 0.000 0.000 0.000 0.000 0.000 0.000 0.000 0.000 0.000 0.000 0.000 0.000 0.000 0.000 0.000 0.000 0.000 0.000 0.000 0.000 0.000 0.000 0.000 0.000 0.000 0.000 0.000 0.000 06/06/2044
0.000 0.510 0.504 0.608 0.630 0.000 0.392 0.406 0.397 0.811 0.000 0.000 0.000 0.117 0.786 0.000 0.000 0.000 0.117 0.538 0.000 0.000 0.000 0.000 0.169 0.000 0.000 0.000 0.000 0.000 07/06/2044
0.000 0.000 0.000 0.000 0.000 0.000 0.000 0.000 0.000 0.000 0.000 0.000 0.000 0.000 0.000 0.000 0.000 0.000 0.000 0.000 0.000 0.000 0.000 0.000 0.000 0.000 0.000 0.000 0.000 0.000 08/06/2044
0.000 0.000 0.000 0.000 0.000 0.000 0.000 0.000 0.000 0.000 0.000 0.000 0.000 0.000 0.000 0.000 0.000 0.000 0.000 0.000 0.000 0.000 0.000 0.000 0.000 0.000 0.000 0.000 0.000 0.000 09/06/2044
0.000 0.290 0.141 0.227 0.165 2.697 1.271 0.000 0.000 0.000 2.693 0.000 0.109 0.000 0.000 4.274 0.000 0.109 0.000 0.000 2.320 0.411 0.582 0.000 0.980 2.299 0.407 0.115 0.113 0.147 10/06/2044
0.000 0.000 0.000 0.106 1.014 6.057 0.471 0.708 0.914 1.209 6.045 1.417 1.624 1.256 1.226 1.070 1.269 1.628 1.261 1.070 0.000 0.871 1.183 1.864 1.057 0.000 0.865 0.750 2.655 2.764 11/06/2044
21.418 29.325 25.349 23.251 26.486 15.350 21.722 26.492 26.969 25.524 15.322 22.690 22.232 23.448 23.139 12.710 25.566 22.283 23.544 21.707 13.703 23.110 21.008 24.228 22.006 13.546 22.928 22.992 20.707 20.003 12/06/2044
5.360 7.491 4.826 5.408 5.508 5.252 4.370 5.432 5.362 5.918 5.243 3.260 3.103 3.433 9.113 4.169 2.645 3.110 3.446 7.677 3.197 4.713 5.116 5.066 5.981 3.159 4.674 6.085 6.068 6.248 13/06/2044
5.501 5.820 3.879 4.339 7.300 5.404 5.230 4.847 4.713 8.042 5.395 4.669 4.458 5.477 9.355 3.629 3.993 4.467 5.498 8.262 2.938 3.230 3.895 4.609 7.099 2.898 3.205 3.394 3.733 6.719 14/06/2044
13.025 17.348 19.590 20.201 22.666 12.672 16.120 19.411 19.572 22.250 12.649 14.643 14.675 17.249 21.229 12.220 14.524 14.709 17.318 20.408 11.730 15.687 16.146 17.671 17.720 11.590 15.563 16.042 16.049 13.155 15/06/2044
12.996 17.891 19.513 20.091 16.600 15.809 16.395 18.767 18.498 15.940 15.781 16.405 16.293 16.991 13.676 14.246 15.815 16.330 17.059 12.668 11.014 15.788 16.281 14.825 9.488 10.883 15.662 13.319 11.956 9.236 16/06/2044
4.110 1.989 3.148 3.628 5.537 0.725 0.717 3.309 3.156 3.987 0.725 1.471 1.287 2.340 2.435 0.535 1.167 1.290 2.349 1.834 1.235 2.037 2.382 2.287 0.924 1.220 2.021 0.941 1.531 1.528 17/06/2044
6.221 7.351 6.652 8.386 5.746 5.207 6.697 6.124 6.117 8.430 5.198 7.637 7.798 8.078 7.025 7.736 7.280 7.816 8.111 6.176 4.962 6.285 6.612 4.512 6.138 4.905 6.235 4.628 3.152 3.951 18/06/2044
22.199 21.966 27.725 28.684 37.907 28.563 31.663 41.058 47.022 44.979 28.520 31.544 37.463 53.188 46.054 35.866 33.865 37.530 53.310 48.671 37.032 41.418 45.084 45.978 44.867 36.779 41.192 36.466 36.805 42.811 19/06/2044
6.083 4.204 7.568 9.370 20.809 3.838 6.354 8.120 8.392 13.734 3.831 4.510 4.319 28.033 17.953 7.754 3.842 4.328 28.149 16.170 0.000 7.116 7.533 11.130 17.893 0.000 7.059 1.377 16.411 10.200 20/06/2044
0.988 0.815 0.128 0.122 0.000 0.215 0.000 0.000 0.000 0.000 0.214 0.000 0.000 0.000 0.000 0.000 0.000 0.000 0.000 0.000 0.780 0.421 0.590 0.107 0.000 0.770 0.417 0.636 0.436 0.126 21/06/2044
1.187 1.452 1.912 2.230 1.370 1.159 0.708 1.045 0.780 0.521 1.157 0.632 0.433 0.420 1.161 1.320 0.261 0.435 0.421 0.884 0.909 0.974 0.991 1.339 1.496 0.895 0.970 1.288 2.592 2.167 22/06/2044
5.284 4.125 6.250 7.991 5.653 4.960 5.181 4.863 4.743 5.550 4.954 5.379 5.314 5.279 6.942 4.595 4.964 5.325 5.298 6.127 4.887 3.828 4.316 5.943 6.254 4.829 3.797 5.008 6.124 5.529 23/06/2044
5.128 5.371 6.069 7.498 7.197 5.245 6.519 6.019 6.009 6.879 5.236 6.758 6.676 6.291 5.655 6.245 6.353 6.689 6.318 5.133 6.608 6.325 6.658 5.728 5.496 6.531 6.274 4.939 6.025 5.412 24/06/2044
0.000 0.241 0.000 0.000 0.000 0.000 0.141 0.299 0.158 0.125 0.000 0.130 0.102 0.197 0.587 0.235 0.000 0.102 0.198 0.511 0.613 0.239 0.425 0.434 0.819 0.606 0.237 0.644 0.721 1.331 25/06/2044
0.000 0.000 0.000 0.000 0.000 0.000 0.000 0.000 0.000 0.000 0.000 0.000 0.000 0.000 0.000 0.000 0.000 0.000 0.000 0.000 0.000 0.000 0.000 0.000 0.000 0.000 0.000 0.000 0.000 0.251 26/06/2044
0.000 0.000 0.000 0.000 0.000 0.000 0.000 0.000 0.000 0.000 0.000 0.000 0.000 0.000 0.000 0.000 0.000 0.000 0.000 0.000 0.000 0.000 0.119 0.000 0.000 0.000 0.000 0.000 0.000 0.000 27/06/2044
0.000 0.000 0.000 0.000 0.000 0.000 0.000 0.000 0.000 0.000 0.000 0.000 0.000 0.000 0.000 0.000 0.000 0.000 0.000 0.000 0.000 0.000 0.000 0.000 0.000 0.000 0.000 0.000 0.000 0.000 28/06/2044
0.000 0.000 0.000 0.000 0.000 0.000 0.000 0.000 0.000 0.000 0.000 0.000 0.000 0.000 0.000 0.000 0.000 0.000 0.000 0.000 0.000 0.000 0.000 0.000 0.000 0.000 0.000 0.000 0.000 0.000 29/06/2044
0.000 0.000 0.000 0.000 0.000 0.000 0.000 0.000 0.000 0.000 0.000 0.000 0.000 0.000 0.000 0.000 0.000 0.000 0.000 0.000 0.000 0.000 0.000 0.000 0.000 0.000 0.000 0.000 0.000 0.000 30/06/2044
0.991 2.447 2.341 2.288 0.000 0.836 2.669 0.000 0.000 0.000 0.835 0.344 0.222 0.000 0.000 1.398 0.198 0.222 0.000 0.000 0.000 0.000 0.000 0.000 0.000 0.000 0.000 0.000 0.000 0.000 01/07/2044
0.685 0.947 0.104 0.121 0.000 0.987 1.803 0.000 0.000 0.000 0.986 1.032 1.071 0.795 1.363 1.783 0.818 1.073 0.797 0.992 1.653 1.600 1.751 1.340 1.353 1.633 1.588 2.086 1.350 5.203 02/07/2044
0.000 0.000 0.000 0.000 0.000 0.101 0.000 0.000 0.000 0.000 0.101 0.132 0.144 0.000 0.000 0.286 0.000 0.144 0.000 0.000 0.424 0.121 0.195 0.000 0.000 0.419 0.120 0.114 0.000 0.000 03/07/2044
0.000 0.000 0.000 0.000 0.000 0.000 0.000 0.000 0.000 0.000 0.000 0.000 0.000 0.000 0.000 0.000 0.000 0.000 0.000 0.000 0.000 0.381 0.611 1.071 6.712 0.000 0.380 2.274 1.220 0.422 04/07/2044
0.817 0.678 0.227 0.259 0.735 0.268 0.708 0.503 0.535 1.694 0.267 0.620 0.640 0.574 0.866 0.442 0.444 0.641 0.575 0.633 0.464 0.192 0.355 0.850 2.027 0.458 0.189 0.249 0.838 4.119 05/07/2044
2.162 2.429 2.136 2.129 1.421 2.683 2.824 2.538 2.133 2.118 2.679 2.073 1.760 1.652 1.857 2.298 1.682 1.764 1.659 1.373 0.912 1.742 1.973 0.907 0.706 0.901 1.728 1.123 1.688 1.381 06/07/2044
0.000 0.000 0.000 0.000 0.000 0.000 0.000 0.000 0.000 0.000 0.000 0.000 0.000 0.000 0.000 0.000 0.000 0.000 0.000 0.000 0.000 0.000 0.000 0.000 0.000 0.000 0.000 0.000 0.000 0.000 07/07/2044
0.780 0.000 0.000 0.000 0.000 0.000 0.214 1.435 1.354 3.551 0.000 0.000 0.000 1.916 4.033 1.386 0.000 0.000 1.924 3.938 0.105 2.714 3.145 0.972 13.733 0.104 2.692 12.089 10.437 8.143 08/07/2044
0.000 0.000 1.631 1.703 1.751 0.000 0.000 0.000 0.000 0.000 0.000 0.000 0.000 0.613 1.945 0.000 0.000 0.000 0.615 1.358 0.000 0.000 0.000 0.921 0.000 0.000 0.000 2.657 0.000 0.000 09/07/2044
0.000 0.000 0.000 0.000 0.000 0.000 0.000 0.000 0.121 0.000 0.000 0.000 0.000 0.000 0.000 0.000 0.000 0.000 0.000 0.000 0.000 0.000 0.000 0.000 0.000 0.000 0.000 0.000 0.000 0.000 10/07/2044
0.000 0.000 0.000 0.000 0.000 0.000 0.000 0.000 0.000 0.000 0.000 0.000 0.000 0.000 0.000 0.000 0.000 0.000 0.000 0.000 0.000 0.000 0.000 0.000 0.000 0.000 0.000 0.000 0.000 0.000 11/07/2044
0.000 0.000 0.000 0.000 0.000 0.000 0.000 0.000 0.000 0.000 0.000 0.000 0.000 0.000 0.000 0.000 0.000 0.000 0.000 0.000 0.000 0.000 0.000 0.000 0.000 0.000 0.000 0.000 0.000 0.000 12/07/2044
0.000 0.000 0.000 0.000 0.177 0.000 0.000 0.000 0.000 2.094 0.000 0.000 0.000 0.221 1.877 0.000 0.000 0.000 0.223 1.378 0.000 0.000 0.000 1.354 2.023 0.000 0.000 1.677 2.756 1.868 13/07/2044
20.934 23.269 25.797 23.323 28.601 6.692 1.604 0.913 0.962 4.485 6.680 1.003 1.049 1.386 1.818 2.323 0.811 1.051 1.392 1.363 0.000 0.000 0.000 0.160 1.125 0.000 0.000 0.000 0.663 1.491 14/07/2044
0.000 0.000 0.000 0.000 0.000 0.000 0.000 0.000 0.000 0.000 0.000 0.000 0.000 0.000 0.000 0.000 0.000 0.000 0.000 0.000 0.000 0.000 0.000 0.000 0.000 0.000 0.000 0.000 0.000 0.000 15/07/2044
0.000 0.114 1.674 1.732 2.944 0.334 0.577 1.051 1.072 1.979 0.333 1.207 1.183 1.204 2.783 1.058 1.143 1.185 1.208 2.284 0.989 2.187 2.536 2.541 1.744 0.977 2.170 4.077 3.195 1.147 16/07/2044
4.132 7.794 8.983 10.310 7.718 7.830 6.524 8.496 10.370 7.995 7.815 4.885 6.371 7.647 9.430 6.939 5.130 6.385 7.677 9.451 7.090 9.578 9.900 10.873 12.462 7.005 9.501 9.586 8.280 12.100 17/07/2044
0.000 0.000 0.000 0.000 0.000 0.000 0.000 0.000 0.000 0.000 0.000 0.000 0.000 0.000 0.000 0.000 0.000 0.000 0.000 0.000 0.000 0.000 0.000 0.000 0.000 0.000 0.000 0.000 0.000 0.000 18/07/2044
0.000 0.000 0.000 0.000 0.000 0.000 0.000 0.000 0.000 0.000 0.000 0.000 0.000 0.000 0.000 0.000 0.000 0.000 0.000 0.000 0.000 0.000 0.000 0.000 0.000 0.000 0.000 0.000 0.000 0.000 19/07/2044
0.000 0.000 0.000 0.000 0.000 0.000 0.000 0.000 0.000 0.000 0.000 0.000 0.000 0.000 0.000 0.000 0.000 0.000 0.000 0.000 0.000 0.000 0.000 0.000 0.000 0.000 0.000 0.000 0.000 0.000 20/07/2044
0.000 0.000 0.000 0.000 0.000 0.000 0.000 0.000 0.000 0.000 0.000 0.000 0.000 0.000 0.000 0.000 0.000 0.000 0.000 0.000 0.000 0.000 0.000 0.000 0.000 0.000 0.000 0.000 0.000 0.000 21/07/2044
0.000 0.000 0.000 0.000 0.000 0.000 0.000 0.000 0.000 0.000 0.000 0.000 0.000 0.000 0.000 0.000 0.000 0.000 0.000 0.000 0.000 0.000 0.000 0.000 0.000 0.000 0.000 0.000 0.000 0.000 22/07/2044
0.000 0.000 0.000 0.000 0.000 0.000 0.000 0.000 0.000 0.000 0.000 0.000 0.000 0.000 0.000 0.000 0.000 0.000 0.000 0.000 0.000 0.000 0.000 0.000 0.000 0.000 0.000 0.000 0.000 0.000 23/07/2044
0.000 0.000 0.000 0.000 1.767 0.102 0.150 2.479 2.076 8.050 0.102 10.688 13.788 5.404 4.847 5.196 9.955 13.819 5.425 4.595 12.773 11.420 15.921 11.728 3.636 12.622 11.329 0.000 0.000 0.000 24/07/2044
0.000 0.000 0.000 0.000 0.000 0.000 0.000 0.000 0.000 0.000 0.000 0.000 0.000 0.000 0.000 0.000 0.000 0.000 0.000 0.000 0.000 0.000 0.000 0.000 0.000 0.000 0.000 0.000 0.000 0.000 25/07/2044
0.000 0.000 0.000 0.000 0.000 0.000 0.000 0.000 0.000 0.000 0.000 0.000 0.000 0.000 0.000 0.000 0.000 0.000 0.000 0.000 0.000 0.000 0.000 0.000 0.000 0.000 0.000 0.000 0.000 0.000 26/07/2044
0.000 0.000 0.000 0.000 0.000 0.000 0.000 0.000 0.000 0.000 0.000 0.000 0.000 0.000 0.000 0.000 0.000 0.000 0.000 0.000 0.000 0.000 0.000 0.000 0.000 0.000 0.000 0.000 0.000 0.000 27/07/2044
0.000 0.000 0.000 0.000 0.000 0.000 0.000 0.000 0.000 0.000 0.000 0.000 0.000 0.000 0.000 0.000 0.000 0.000 0.000 0.000 0.000 0.000 0.000 0.000 0.000 0.000 0.000 0.000 0.000 0.000 28/07/2044
0.000 0.000 0.000 0.000 0.000 0.000 0.000 0.000 0.000 0.000 0.000 0.000 0.000 0.000 0.000 0.000 0.000 0.000 0.000 0.000 0.000 0.000 0.000 0.000 0.000 0.000 0.000 0.000 0.000 0.000 29/07/2044
0.000 0.000 0.000 0.000 0.000 0.000 0.000 0.000 0.000 0.000 0.000 0.000 0.000 0.000 0.000 0.000 0.000 0.000 0.000 0.000 0.000 0.000 0.000 0.000 0.000 0.000 0.000 0.000 0.000 0.000 30/07/2044
0.000 0.000 0.000 0.000 0.000 0.000 0.000 0.000 0.000 0.000 0.000 0.000 0.000 0.000 0.000 0.000 0.000 0.000 0.000 0.000 0.000 0.000 0.000 0.000 0.000 0.000 0.000 0.000 0.000 0.000 31/07/2044
