# 6448 6449 6450 6451 6452 6528 6529 6530 6531 6532 6610 6611 6612 6613 6614 6693 6694 6695 6696 6697 6776 6777 6778 6779 6780 6859 6860 6861 6862 6863 Date
0.384 0.369 0.293 0.259 0.000 0.718 0.562 0.299 0.158 0.000 0.718 0.361 0.205 0.000 0.000 0.701 0.132 0.205 0.000 0.000 0.925 0.437 0.601 0.187 0.000 0.917 0.433 0.832 0.142 0.000 01/08/2037
0.000 0.000 0.000 0.000 0.000 0.000 0.000 0.000 0.000 0.000 0.000 0.000 0.000 0.000 0.000 0.000 0.000 0.000 0.000 0.000 0.000 0.000 0.000 0.000 0.000 0.000 0.000 0.000 0.000 0.000 02/08/2037
0.000 0.000 0.000 0.000 0.000 0.000 0.000 0.000 0.000 0.000 0.000 0.000 0.000 0.000 0.000 0.000 0.000 0.000 0.000 0.000 0.000 0.000 0.000 0.000 0.000 0.000 0.000 0.000 0.000 0.000 03/08/2037
0.000 0.000 0.000 0.000 0.000 0.000 0.000 0.000 0.000 0.000 0.000 0.000 0.000 0.000 0.000 0.000 0.000 0.000 0.000 0.000 0.000 0.000 0.000 0.000 0.000 0.000 0.000 0.000 0.000 0.000 04/08/2037
0.000 0.000 0.000 0.000 0.000 0.000 0.000 0.000 0.000 0.000 0.000 0.000 0.000 0.000 0.000 0.000 0.000 0.000 0.000 0.000 0.000 0.000 0.000 0.000 0.000 0.000 0.000 0.000 0.000 0.000 05/08/2037
4.927 3.339 5.295 6.309 7.666 0.897 0.592 2.646 2.359 9.365 0.896 1.813 1.582 2.235 3.648 0.974 1.444 1.585 2.244 3.083 0.108 0.000 0.000 0.000 0.000 0.107 0.000 0.000 0.000 0.000 06/08/2037
0.251 0.421 0.544 0.660 0.472 1.470 3.229 0.901 1.156 0.482 1.467 1.000 1.207 1.820 0.895 4.657 0.909 1.210 1.826 0.572 2.026 2.473 2.802 1.264 1.149 2.011 2.455 2.014 2.402 1.600 07/08/2037
5.017 11.962 10.696 10.657 19.492 0.000 0.000 0.000 0.000 0.000 0.000 0.000 0.000 0.000 0.000 0.000 0.000 0.000 0.000 0.000 0.000 0.000 0.000 0.000 0.000 0.000 0.000 0.000 0.130 0.112 08/08/2037
0.000 0.000 0.000 0.000 0.000 0.000 0.000 0.000 0.000 0.000 0.000 0.000 0.000 0.000 0.000 0.000 0.000 0.000 0.000 0.000 0.000 0.000 0.000 0.000 0.000 0.000 0.000 0.000 0.000 0.000 09/08/2037
0.000 0.000 0.000 0.000 0.000 0.000 0.000 0.000 0.000 0.000 0.000 0.000 0.000 0.000 0.000 0.000 0.000 0.000 0.000 0.000 0.000 0.000 0.000 0.000 0.000 0.000 0.000 0.000 0.000 0.000 10/08/2037
0.000 0.000 0.000 0.000 0.000 0.000 0.000 0.000 0.000 0.000 0.000 0.000 0.000 0.000 0.000 0.000 0.000 0.000 0.000 0.000 0.000 0.000 0.000 0.000 0.000 0.000 0.000 0.000 0.000 0.000 11/08/2037
5.486 2.013 3.230 3.711 2.521 0.357 0.000 0.566 0.369 4.341 0.352 3.166 2.957 0.000 2.164 0.334 2.575 2.963 0.000 1.614 0.104 0.000 0.000 0.000 2.253 0.103 0.000 0.939 0.409 0.000 12/08/2037
0.000 0.145 0.167 0.157 1.004 0.237 0.132 0.350 0.191 0.622 0.237 0.150 0.106 0.000 0.922 0.278 0.000 0.106 0.000 0.720 0.109 0.151 0.258 0.000 0.000 0.107 0.147 0.213 0.599 0.000 13/08/2037
0.000 0.000 0.000 0.000 0.000 0.000 0.000 0.000 0.000 0.000 0.000 0.000 0.000 0.000 0.000 0.000 0.000 0.000 0.000 0.000 0.000 0.000 0.000 0.000 0.000 0.000 0.000 0.000 0.000 0.000 14/08/2037
0.000 0.000 0.000 0.000 0.000 0.000 0.000 0.000 0.000 0.000 0.000 0.000 0.000 0.000 0.000 0.000 0.000 0.000 0.000 0.000 0.000 0.000 0.000 0.000 0.000 0.000 0.000 0.000 0.000 0.000 15/08/2037
1.128 1.170 0.566 0.758 0.522 2.261 5.076 1.236 1.450 1.413 2.258 1.820 1.916 1.424 0.801 2.787 1.754 1.919 1.430 0.542 1.917 0.000 0.000 0.523 0.000 1.900 0.000 0.000 0.245 0.118 16/08/2037
0.000 0.000 0.733 0.904 1.755 0.815 2.215 2.665 2.628 1.918 0.814 3.177 3.066 3.626 4.532 0.958 2.720 3.073 3.639 4.419 2.169 2.339 2.496 6.879 1.737 2.152 2.326 1.841 2.729 2.674 17/08/2037
2.453 4.970 7.108 7.442 10.378 3.411 6.963 4.779 4.721 8.522 3.405 3.340 3.270 4.896 1.726 1.584 2.907 3.276 4.917 1.431 1.040 5.149 5.530 5.988 0.211 1.032 5.108 5.274 10.127 2.671 18/08/2037
0.000 0.000 0.000 0.000 0.000 0.000 0.000 0.000 0.000 0.000 0.000 0.000 0.000 0.000 0.000 0.000 0.000 0.000 0.000 0.000 0.000 0.000 0.000 0.000 0.000 0.000 0.000 0.000 0.000 0.000 19/08/2037
0.000 0.000 0.000 0.000 0.000 0.000 0.000 0.000 0.000 0.000 0.000 0.000 0.000 0.000 0.000 0.000 0.000 0.000 0.000 0.000 0.000 0.000 0.000 0.000 0.000 0.000 0.000 0.000 0.000 0.000 20/08/2037
0.000 0.000 0.000 0.000 0.000 0.000 0.000 0.000 0.000 0.000 0.000 0.000 0.000 0.000 0.000 0.000 0.000 0.000 0.000 0.000 0.000 0.000 0.000 0.000 0.000 0.000 0.000 0.000 0.000 0.000 21/08/2037
0.000 0.000 0.000 0.000 0.000 0.000 0.000 0.000 0.000 0.000 0.000 0.000 0.000 0.000 0.000 0.000 0.000 0.000 0.000 0.000 0.000 0.000 0.000 0.000 0.000 0.000 0.000 0.000 0.000 0.000 22/08/2037
0.000 0.000 0.000 0.000 0.000 0.000 0.000 0.000 0.000 0.000 0.000 0.000 0.000 0.000 0.000 0.000 0.000 0.000 0.000 0.000 0.000 0.000 0.000 0.000 0.000 0.000 0.000 0.000 0.000 0.000 23/08/2037
0.000 0.000 0.000 0.000 0.000 0.000 0.000 0.000 0.000 0.000 0.000 0.000 0.000 0.000 0.000 0.000 0.000 0.000 0.000 0.000 0.000 0.000 0.000 0.000 0.000 0.000 0.000 0.000 0.000 0.000 24/08/2037
0.508 1.055 1.619 1.811 2.395 0.557 1.001 1.666 1.459 2.307 0.556 0.168 0.110 0.766 1.301 0.289 0.000 0.110 0.768 0.957 0.122 0.000 0.000 0.137 0.576 0.119 0.000 0.000 0.000 0.000 25/08/2037
0.600 0.987 0.826 0.816 0.816 0.781 1.012 0.627 0.432 0.617 0.780 0.977 0.703 0.649 0.183 0.373 0.590 0.704 0.650 0.152 0.691 0.368 0.554 0.195 0.106 0.682 0.362 0.178 0.134 0.168 26/08/2037
0.277 0.703 0.777 0.754 0.590 0.591 0.898 0.724 0.551 0.145 0.590 0.386 0.233 0.427 0.843 0.698 0.142 0.234 0.429 0.683 0.589 0.196 0.388 0.275 0.442 0.582 0.194 0.267 0.263 0.169 27/08/2037
4.001 3.956 3.387 3.860 7.193 6.871 6.215 3.505 3.350 4.592 6.858 7.296 7.108 8.357 3.722 7.927 6.826 7.124 8.391 3.196 7.856 11.903 12.553 8.709 6.479 7.764 11.804 12.218 15.249 7.077 28/08/2037
0.483 2.046 7.668 8.323 3.040 0.833 0.695 8.019 7.844 20.792 0.832 5.680 5.580 14.187 22.384 1.337 5.313 5.593 14.245 21.156 6.782 9.880 9.558 19.874 15.918 6.703 9.805 12.864 12.182 6.494 29/08/2037
10.715 6.451 8.043 8.872 9.130 21.523 22.380 14.492 16.510 20.171 21.484 24.214 23.719 23.898 21.031 29.193 26.982 23.773 23.996 20.395 27.063 31.579 33.874 25.673 26.080 26.741 31.326 37.360 34.616 23.595 30/08/2037
3.720 4.102 7.859 8.624 9.512 4.180 2.104 3.732 3.659 3.086 4.173 0.764 0.999 0.809 1.371 1.171 0.609 1.001 0.813 1.163 1.662 0.793 1.157 0.518 0.603 1.636 0.787 1.260 0.350 0.556 31/08/2037
2.499 2.731 2.134 2.066 2.709 1.069 2.585 2.650 2.997 3.393 1.067 2.867 3.803 2.763 2.688 0.980 2.851 3.810 2.780 2.693 0.884 1.201 1.496 3.461 2.758 0.874 1.195 1.192 3.973 4.497 01/09/2037
0.436 0.124 0.000 0.101 0.069 0.192 0.000 0.187 0.238 0.000 0.191 0.137 0.188 0.365 0.000 0.509 0.158 0.188 0.367 0.136 0.892 0.237 0.295 0.210 0.301 0.882 0.236 0.381 0.815 0.376 02/09/2037
0.180 0.141 0.195 0.333 0.753 0.136 0.538 0.723 0.766 0.194 0.135 0.328 0.366 0.719 0.652 0.176 0.359 0.367 0.722 0.458 0.196 0.163 0.204 0.201 0.490 0.194 0.161 0.101 0.272 0.154 03/09/2037
0.000 0.000 0.000 0.000 0.000 0.517 0.000 0.000 0.000 0.000 0.517 0.214 0.297 0.000 0.000 0.000 0.237 0.298 0.000 0.000 0.000 0.000 0.000 0.000 0.000 0.000 0.000 0.102 0.000 0.103 04/09/2037
0.000 0.000 0.000 0.000 0.000 0.000 0.000 0.000 0.000 0.000 0.000 0.000 0.000 0.000 0.000 0.000 0.000 0.000 0.000 0.124 0.000 0.000 0.000 0.000 0.189 0.000 0.000 0.000 0.107 0.141 05/09/2037
0.000 0.000 0.000 0.000 0.000 0.000 0.000 0.000 0.000 0.000 0.000 0.000 0.000 0.000 0.000 0.000 0.000 0.000 0.000 0.000 0.000 0.000 0.000 0.000 0.000 0.000 0.000 0.000 0.000 0.000 06/09/2037
0.562 0.248 0.365 0.546 1.873 0.603 0.718 0.762 0.813 3.167 0.603 0.509 0.517 0.806 1.953 0.204 0.496 0.518 0.809 1.424 0.127 0.414 0.395 0.523 0.515 0.124 0.411 0.151 0.256 0.497 07/09/2037
0.000 0.000 0.000 0.000 0.000 0.000 0.000 0.000 0.000 0.000 0.000 0.000 0.000 0.000 0.000 0.000 0.000 0.000 0.000 0.000 0.000 0.000 0.000 0.000 0.000 0.000 0.000 0.000 0.000 0.000 08/09/2037
0.000 0.000 0.000 0.000 0.000 0.000 0.000 0.000 0.000 0.000 0.000 0.000 0.000 0.000 0.000 0.000 0.000 0.000 0.000 0.000 0.000 0.000 0.000 0.000 0.000 0.000 0.000 0.000 0.000 0.000 09/09/2037
0.000 0.000 0.000 0.000 0.000 0.000 0.000 0.000 0.000 0.000 0.000 0.000 0.000 0.000 0.000 0.000 0.000 0.000 0.000 0.000 0.000 0.000 0.000 0.000 0.000 0.000 0.000 0.000 0.000 0.000 10/09/2037
0.000 0.000 0.000 0.000 0.000 0.000 0.000 0.000 0.000 0.000 0.000 0.000 0.000 0.000 0.000 0.000 0.000 0.000 0.000 0.000 0.000 0.000 0.000 0.000 0.000 0.000 0.000 0.000 0.000 0.000 11/09/2037
0.000 0.000 0.000 0.000 0.000 0.000 0.000 0.000 0.000 0.000 0.000 0.000 0.000 0.000 0.000 0.000 0.000 0.000 0.000 0.101 0.000 0.000 0.000 0.000 0.000 0.000 0.000 0.000 0.000 0.000 12/09/2037
0.000 0.000 0.000 0.000 0.000 0.000 0.000 0.000 0.000 0.000 0.000 0.000 0.000 0.000 0.000 0.000 0.000 0.000 0.000 0.000 0.000 0.000 0.000 0.000 0.000 0.000 0.000 0.000 0.000 0.000 13/09/2037
0.000 0.000 0.000 0.000 0.000 0.000 0.000 0.000 0.000 0.000 0.000 0.000 0.000 0.000 0.000 0.000 0.000 0.000 0.000 0.000 0.000 0.000 0.000 0.000 0.000 0.000 0.000 0.000 0.000 0.000 14/09/2037
0.100 1.631 0.304 0.584 0.101 2.455 0.000 3.372 4.063 4.084 2.451 0.000 0.000 0.000 0.000 0.000 0.000 0.000 0.000 0.000 0.000 1.006 1.475 0.000 0.000 0.000 0.999 2.126 1.070 0.000 15/09/2037
8.471 3.088 3.473 4.232 2.624 7.438 11.305 7.346 8.142 3.384 7.426 5.027 5.519 8.226 11.862 4.048 4.851 5.531 8.258 11.175 5.695 10.029 11.104 6.098 16.885 5.627 9.958 7.616 20.636 5.152 16/09/2037
10.640 13.203 13.711 13.924 25.544 14.778 14.845 10.435 13.103 11.037 14.751 11.006 13.492 12.850 11.839 15.947 11.509 13.524 12.903 11.139 10.306 11.654 13.680 12.973 10.324 10.184 11.561 8.188 11.635 12.632 17/09/2037
3.357 3.873 3.096 3.689 6.600 4.220 4.347 6.493 7.051 6.182 4.213 4.566 5.152 6.754 6.441 4.541 4.402 5.163 6.782 6.075 3.910 2.851 3.483 5.603 6.002 3.864 2.836 4.024 4.072 9.977 18/09/2037
0.000 0.000 0.000 0.000 0.000 0.000 0.468 0.484 0.665 2.036 0.000 1.509 1.837 2.294 0.000 2.642 1.602 1.841 2.302 0.000 2.685 0.993 1.454 0.149 0.000 2.654 0.986 0.206 0.450 1.796 19/09/2037
8.399 8.004 7.339 7.807 7.540 4.716 5.961 5.697 6.220 7.691 4.707 3.522 3.787 3.774 4.375 3.602 3.257 3.795 3.789 3.817 3.968 4.268 4.853 3.325 2.451 3.930 4.234 1.766 2.099 4.189 20/09/2037
6.995 6.899 7.226 7.289 15.842 6.720 6.609 7.783 8.553 9.347 6.708 7.109 7.747 8.323 8.864 7.216 6.488 7.765 8.358 8.592 7.344 7.575 8.350 9.661 7.362 7.262 7.515 6.508 6.540 8.385 21/09/2037
0.000 0.000 0.000 0.000 0.000 0.000 0.000 0.000 0.000 0.000 0.000 0.184 0.232 0.000 0.000 0.000 0.172 0.232 0.000 0.000 0.000 0.000 0.000 0.000 0.000 0.000 0.000 0.000 0.000 0.000 22/09/2037
0.000 0.000 0.000 0.000 0.000 0.000 0.000 0.000 0.000 0.000 0.000 0.000 0.000 0.000 0.000 0.000 0.000 0.000 0.000 0.000 0.000 0.000 0.000 0.000 0.000 0.000 0.000 0.000 0.000 0.000 23/09/2037
0.000 0.000 0.000 0.000 0.000 0.000 0.000 0.000 0.000 0.000 0.000 0.000 0.000 0.000 0.000 0.000 0.000 0.000 0.000 0.000 0.000 0.000 0.000 0.000 0.000 0.000 0.000 0.000 0.000 0.000 24/09/2037
0.000 0.000 0.000 0.000 0.000 0.000 0.000 0.000 0.000 0.000 0.000 0.000 0.000 0.000 0.000 0.000 0.000 0.000 0.000 0.000 0.000 0.000 0.000 0.000 0.000 0.000 0.000 0.000 0.000 0.000 25/09/2037
0.000 0.000 0.000 0.000 0.000 0.000 0.000 0.000 0.000 0.000 0.000 0.000 0.000 0.000 0.000 0.000 0.000 0.000 0.000 0.000 0.000 0.000 0.000 0.000 0.000 0.000 0.000 0.000 0.000 0.000 26/09/2037
0.000 0.000 0.000 0.000 0.000 0.000 0.000 0.000 0.000 0.000 0.000 0.000 0.000 0.000 0.000 0.000 0.000 0.000 0.000 0.000 0.000 0.000 0.000 0.000 0.000 0.000 0.000 0.000 0.000 0.000 27/09/2037
0.000 0.000 0.000 0.000 0.000 0.000 0.000 0.000 0.000 0.000 0.000 0.000 0.000 0.000 0.000 0.000 0.000 0.000 0.000 0.000 0.000 0.000 0.000 0.000 0.000 0.000 0.000 0.000 0.000 0.000 28/09/2037
0.000 0.000 0.000 0.000 0.000 0.000 0.000 0.000 0.000 0.000 0.000 0.000 0.000 0.000 0.000 0.000 0.000 0.000 0.000 0.000 0.000 0.000 0.000 0.000 0.000 0.000 0.000 0.000 0.000 0.000 29/09/2037
0.000 0.000 0.000 0.000 0.000 0.000 0.000 0.000 0.000 0.000 0.000 0.000 0.000 0.000 0.000 0.000 0.000 0.000 0.000 0.000 0.000 0.000 0.000 0.000 0.000 0.000 0.000 0.000 0.000 0.000 30/09/2037
0.820 0.198 0.199 0.349 0.107 2.724 0.107 0.202 0.286 0.054 2.721 2.354 2.672 0.352 0.100 0.191 1.946 2.692 0.353 0.184 0.653 0.647 0.673 0.451 0.345 0.648 0.642 0.276 0.292 0.284 01/10/2037
3.001 2.684 1.025 1.327 1.967 2.256 2.255 1.056 1.271 0.774 2.252 1.933 2.320 2.178 2.128 0.364 1.362 2.327 2.188 1.627 1.145 1.235 1.618 4.030 3.967 1.137 1.228 3.685 4.021 3.200 02/10/2037
0.000 0.000 0.000 0.000 3.058 0.000 0.000 0.000 0.000 2.086 0.000 0.115 0.169 0.180 0.000 0.730 0.138 0.169 0.180 0.000 2.976 0.103 0.130 0.378 0.000 2.947 0.102 2.557 0.000 0.000 03/10/2037
0.000 0.000 0.000 0.000 0.000 0.000 0.000 0.000 0.000 0.000 0.000 0.000 0.000 0.000 0.000 0.000 0.000 0.000 0.000 0.000 0.000 0.000 0.000 0.000 0.000 0.000 0.000 0.000 0.000 0.000 04/10/2037
0.000 0.000 0.000 0.000 0.000 0.000 0.000 0.000 0.000 0.000 0.000 0.000 0.000 0.000 0.000 0.000 0.000 0.000 0.000 0.000 0.000 0.000 0.000 0.000 0.000 0.000 0.000 0.000 0.000 0.000 05/10/2037
0.000 0.000 0.000 0.000 0.000 0.000 0.000 0.000 0.000 0.000 0.000 0.000 0.000 0.000 0.000 0.000 0.000 0.000 0.000 0.000 0.000 0.000 0.000 0.000 0.000 0.000 0.000 0.000 0.000 0.000 06/10/2037
0.000 0.000 0.000 0.000 0.000 0.000 0.000 0.000 0.000 0.000 0.000 0.000 0.000 0.000 0.000 0.000 0.000 0.000 0.000 0.000 0.000 0.000 0.000 0.000 0.000 0.000 0.000 0.000 0.000 0.000 07/10/2037
0.000 0.000 0.000 0.000 0.000 0.000 0.000 0.000 0.000 0.000 0.000 0.000 0.000 0.000 0.000 0.000 0.000 0.000 0.000 0.000 0.000 0.000 0.000 0.000 0.000 0.000 0.000 0.000 0.000 0.000 08/10/2037
0.000 0.000 0.000 0.000 0.000 0.000 0.000 0.000 0.000 0.000 0.000 0.000 0.000 0.000 0.000 0.000 0.000 0.000 0.000 0.000 0.000 0.000 0.000 0.000 0.000 0.000 0.000 0.000 0.000 0.000 09/10/2037
0.226 0.298 0.000 0.000 0.000 0.166 0.142 0.000 0.000 0.000 0.166 0.117 0.165 0.377 0.348 0.216 0.119 0.165 0.379 0.454 0.445 0.509 0.825 0.181 0.349 0.428 0.505 0.870 0.531 1.212 10/10/2037
7.601 5.044 4.938 4.451 1.385 5.917 7.116 1.997 1.986 4.226 5.905 8.382 9.074 4.092 6.318 4.795 8.288 9.096 4.110 5.535 4.584 3.633 4.317 9.668 8.252 4.526 3.606 3.668 0.818 3.412 11/10/2037
0.000 0.000 0.000 0.000 0.000 0.000 0.000 0.000 0.000 0.000 0.000 0.133 0.190 0.000 0.000 0.000 0.132 0.190 0.000 0.000 0.000 0.000 0.000 0.000 0.000 0.000 0.000 0.000 0.000 0.000 12/10/2037
0.000 0.000 0.000 0.000 0.000 0.000 0.000 0.000 0.000 0.000 0.000 0.000 0.000 0.000 0.000 0.000 0.000 0.000 0.000 0.000 0.000 0.000 0.000 0.000 0.000 0.000 0.000 0.000 0.000 0.000 13/10/2037
0.000 0.000 0.000 0.000 0.000 0.000 0.000 0.000 0.000 0.000 0.000 0.000 0.000 0.000 0.000 0.000 0.000 0.000 0.000 0.000 0.000 0.000 0.000 0.000 0.000 0.000 0.000 0.000 0.000 0.000 14/10/2037
0.000 0.000 0.000 0.000 0.000 0.000 0.000 0.000 0.000 0.000 0.000 0.000 0.000 0.000 0.000 0.000 0.000 0.000 0.000 0.000 0.000 0.000 0.000 0.000 0.000 0.000 0.000 0.000 0.000 0.000 15/10/2037
0.000 0.000 0.000 0.000 0.000 0.000 0.000 0.000 0.000 0.000 0.000 0.000 0.000 0.000 0.000 0.000 0.000 0.000 0.000 0.000 0.000 0.000 0.000 0.000 0.000 0.000 0.000 0.000 0.000 0.000 16/10/2037
0.000 0.000 0.000 0.000 0.000 0.000 0.000 0.000 0.000 0.000 0.000 0.000 0.000 0.000 0.000 0.000 0.000 0.000 0.000 0.000 0.000 0.000 0.000 0.000 0.000 0.000 0.000 0.539 1.303 0.000 17/10/2037
4.122 0.106 2.418 2.418 1.982 0.499 0.000 0.000 0.000 2.654 0.498 0.335 0.369 0.152 4.281 4.958 0.365 0.369 0.153 4.472 1.595 0.166 0.212 2.582 4.308 1.564 0.164 1.403 0.747 3.909 18/10/2037
7.094 6.523 2.601 2.587 1.027 7.294 6.167 2.168 2.546 3.938 7.281 6.431 6.743 4.806 1.257 5.822 5.555 6.758 4.826 0.944 6.247 5.717 7.143 5.961 2.615 6.163 5.671 9.472 7.135 7.235 19/10/2037
0.457 1.647 2.026 1.979 7.195 1.403 2.564 2.808 3.617 3.168 1.401 0.796 0.852 2.072 2.154 2.390 0.823 0.854 2.081 1.710 2.742 0.440 0.446 0.770 4.032 2.710 0.436 2.990 2.952 4.316 20/10/2037
0.000 0.000 0.000 0.105 0.100 0.000 0.000 0.103 0.153 0.240 0.000 0.000 0.000 0.000 0.000 0.000 0.000 0.000 0.000 0.000 0.000 0.000 0.000 0.000 0.000 0.000 0.000 0.000 0.000 0.000 21/10/2037
4.424 1.294 7.143 7.541 9.687 7.072 5.911 3.426 3.566 2.143 7.059 1.083 1.024 6.888 2.103 0.618 0.814 1.026 6.925 1.775 0.318 1.539 1.855 4.800 0.254 0.314 1.528 1.318 2.425 6.805 22/10/2037
5.854 2.614 0.112 0.174 0.327 5.016 1.272 0.103 0.128 0.000 5.006 0.809 0.935 0.612 0.000 4.477 0.636 0.936 0.621 0.112 3.294 0.682 1.020 0.850 1.290 3.254 0.677 0.867 0.871 0.529 23/10/2037
3.043 6.930 9.183 9.789 9.567 7.191 4.268 10.065 11.026 7.668 7.178 8.312 8.909 4.382 6.881 4.287 8.142 8.930 4.401 5.848 3.753 3.409 4.086 4.507 3.962 3.711 3.381 7.664 5.100 8.569 24/10/2037
24.992 28.332 17.987 16.117 17.429 21.845 19.688 18.772 19.625 16.688 21.804 8.295 8.868 18.169 16.171 14.099 8.106 8.889 18.244 14.934 16.512 14.273 15.505 12.231 19.145 16.315 14.161 23.795 11.869 20.001 25/10/2037
0.160 0.637 0.137 0.217 0.910 0.149 0.420 0.519 0.742 0.293 0.149 1.570 1.524 1.300 1.778 0.415 1.512 1.526 1.305 1.615 0.590 1.090 1.288 2.101 1.444 0.588 1.085 0.698 1.636 1.854 26/10/2037
0.397 0.188 0.000 0.000 0.000 0.188 0.105 0.000 0.000 0.000 0.188 0.000 0.000 0.000 0.000 0.106 0.000 0.000 0.000 0.000 0.000 0.000 0.000 0.102 0.000 0.000 0.000 0.000 0.000 0.000 27/10/2037
0.255 0.182 0.000 0.110 0.000 0.209 0.198 0.103 0.153 0.000 0.209 0.109 0.167 0.142 0.000 0.124 0.135 0.167 0.143 0.152 0.117 0.136 0.168 0.179 0.155 0.117 0.136 0.000 0.000 0.000 28/10/2037
0.000 0.134 0.431 0.610 0.000 0.133 0.171 0.149 0.201 0.319 0.133 0.263 0.336 0.000 0.000 0.205 0.308 0.337 0.000 0.108 3.630 0.162 0.199 0.000 0.000 3.588 0.160 0.292 0.000 0.000 29/10/2037
2.917 1.705 2.927 3.314 5.173 2.824 3.449 3.777 4.297 4.347 2.819 1.405 1.487 3.332 2.656 4.211 1.223 1.491 3.343 2.670 4.679 2.441 3.269 4.593 1.431 4.625 2.431 4.399 1.426 5.795 30/10/2037
0.000 0.000 0.000 0.000 0.000 0.000 0.000 0.000 0.000 0.000 0.000 0.101 0.143 0.140 0.000 0.000 0.111 0.143 0.141 0.153 0.000 0.109 0.139 0.000 0.125 0.000 0.109 0.509 0.198 0.103 31/10/2037
0.000 0.000 0.000 0.000 0.000 0.000 0.000 0.000 0.000 0.000 0.000 0.000 0.000 0.000 0.000 0.000 0.000 0.000 0.000 0.000 0.000 0.000 0.000 0.000 0.000 0.000 0.000 0.000 0.000 0.000 01/11/2037
0.000 0.000 0.000 0.000 0.000 0.000 0.000 0.000 0.000 0.000 0.000 0.000 0.000 0.000 0.000 0.000 0.000 0.000 0.000 0.000 0.000 0.000 0.000 0.000 0.000 0.000 0.000 0.000 0.000 0.000 02/11/2037
0.000 0.000 0.000 0.000 0.100 0.000 0.000 0.000 0.000 0.000 0.000 0.000 0.000 0.000 0.000 0.000 0.000 0.000 0.000 0.000 0.000 0.000 0.000 0.000 0.000 0.000 0.000 0.000 0.000 0.000 03/11/2037
0.000 0.000 0.000 0.000 0.000 0.000 0.000 0.000 0.000 0.000 0.000 0.000 0.000 0.000 0.000 0.000 0.000 0.000 0.000 0.000 0.000 0.000 0.126 0.000 0.000 0.000 0.000 0.000 0.000 0.000 04/11/2037
3.185 2.658 6.264 6.178 2.091 4.051 4.750 10.226 12.514 3.827 4.043 12.259 14.699 8.338 3.411 2.743 12.934 14.733 8.371 2.892 4.263 9.808 10.753 6.672 2.899 4.212 9.737 4.979 7.305 6.756 05/11/2037
5.832 5.681 3.182 3.383 9.841 6.202 4.332 3.823 3.944 5.747 6.190 5.521 5.508 8.660 4.786 7.320 4.821 5.520 8.695 4.322 6.349 5.031 5.784 4.448 7.840 6.269 4.992 9.396 5.884 8.539 06/11/2037
0.000 0.000 0.000 0.000 0.000 0.000 0.000 0.000 0.000 0.000 0.000 0.000 0.000 0.000 0.000 0.000 0.000 0.000 0.000 0.000 0.000 0.000 0.000 0.000 0.000 0.000 0.000 0.000 0.000 0.000 07/11/2037
0.000 0.000 0.000 0.000 0.000 0.000 0.000 0.000 0.000 0.000 0.000 0.000 0.000 0.000 0.000 0.000 0.000 0.000 0.000 0.000 0.000 0.000 0.000 0.000 0.000 0.000 0.000 0.000 0.000 0.000 08/11/2037
0.000 0.000 0.000 0.000 0.000 0.000 0.000 0.000 0.000 0.000 0.000 0.000 0.000 0.000 0.000 0.000 0.000 0.000 0.000 0.000 0.000 0.000 0.000 0.000 0.000 0.000 0.000 0.000 0.000 0.000 09/11/2037
0.000 0.000 0.000 0.000 0.000 0.000 0.000 0.000 0.000 0.000 0.000 0.000 0.000 0.000 0.000 0.000 0.000 0.000 0.000 0.000 0.000 0.000 0.000 0.000 0.000 0.000 0.000 0.000 0.000 0.000 10/11/2037
0.000 0.000 0.000 0.000 0.000 0.000 0.000 0.000 0.000 0.000 0.000 0.000 0.000 0.000 0.000 0.000 0.000 0.000 0.000 0.000 0.000 0.000 0.000 0.000 0.000 0.000 0.000 0.000 0.000 0.000 11/11/2037
0.000 0.000 0.000 0.000 0.108 0.000 0.000 0.000 0.000 0.000 0.000 0.000 0.000 0.000 0.000 0.000 0.000 0.000 0.000 0.000 0.000 0.000 0.000 0.000 0.000 0.000 0.000 0.000 0.000 0.000 12/11/2037
5.747 7.710 6.345 6.446 6.159 5.797 6.346 4.322 4.934 6.481 5.787 3.387 4.121 2.853 0.929 5.348 3.108 4.131 2.863 0.998 3.740 2.213 2.555 2.206 1.480 3.695 2.210 3.706 2.037 0.579 13/11/2037
8.668 9.299 3.125 3.767 7.467 9.245 6.304 5.847 6.326 2.126 9.229 6.397 6.827 3.545 5.238 6.825 6.105 6.843 3.558 4.607 9.971 1.103 1.504 2.094 6.276 9.854 1.094 2.758 5.030 2.157 14/11/2037
0.000 0.000 0.000 0.000 0.000 0.000 0.000 0.000 0.000 0.000 0.000 0.000 0.000 0.000 0.000 0.000 0.000 0.000 0.000 0.000 0.000 0.000 0.000 0.000 0.000 0.000 0.000 0.000 0.000 0.000 15/11/2037
0.000 0.000 0.000 0.000 0.100 0.000 0.000 0.000 0.000 0.100 0.000 0.000 0.000 0.000 0.000 0.000 0.000 0.000 0.000 0.000 0.000 0.000 0.000 0.000 0.000 0.000 0.000 0.000 0.120 0.000 16/11/2037
0.000 0.000 0.000 0.000 0.000 0.000 0.000 0.136 0.111 0.000 0.000 0.000 0.000 0.000 0.000 0.000 0.000 0.000 0.000 0.000 0.000 0.000 0.000 0.000 0.000 0.000 0.000 0.000 0.000 0.000 17/11/2037
0.477 0.953 2.899 3.356 1.122 0.641 0.969 1.414 1.484 0.430 0.640 1.590 1.564 1.870 1.549 1.520 1.262 1.568 1.875 1.290 1.663 1.441 1.790 1.816 1.629 1.644 1.430 1.352 0.993 1.471 18/11/2037
1.407 1.905 1.062 1.285 0.726 0.677 1.073 0.558 0.365 3.835 0.676 0.978 0.810 0.908 0.766 0.733 0.591 0.810 0.910 0.584 0.951 0.503 0.653 0.442 0.427 0.939 0.499 0.352 0.192 0.165 19/11/2037
1.790 1.429 1.369 1.624 0.905 1.658 1.234 1.591 1.642 1.866 1.655 1.191 1.166 3.545 4.253 1.206 0.927 1.169 3.560 3.733 1.133 0.652 0.902 2.198 2.524 1.122 0.651 0.600 0.360 1.593 20/11/2037
0.641 0.489 0.522 0.569 0.000 0.583 0.273 0.492 0.308 0.254 0.582 0.437 0.270 1.109 1.596 0.292 0.238 0.270 1.114 1.350 0.376 0.163 0.170 0.539 0.834 0.371 0.162 0.137 0.110 0.271 21/11/2037
0.000 0.000 0.000 0.000 0.000 0.000 0.000 0.000 0.000 0.000 0.000 0.000 0.000 0.000 0.000 0.000 0.000 0.000 0.000 0.000 0.000 0.000 0.000 0.000 0.000 0.000 0.000 0.000 0.000 0.000 22/11/2037
0.000 0.000 0.000 0.000 0.000 0.000 0.000 0.000 0.000 0.000 0.000 0.000 0.000 0.000 0.000 0.000 0.000 0.000 0.000 0.000 0.000 0.000 0.000 0.000 0.000 0.000 0.000 0.000 0.000 0.000 23/11/2037
0.000 0.000 0.000 0.000 0.000 0.000 0.000 0.000 0.000 0.000 0.000 0.000 0.000 0.000 0.000 0.000 0.000 0.000 0.000 0.000 0.000 0.000 0.000 0.000 0.000 0.000 0.000 0.000 0.000 0.000 24/11/2037
7.346 12.318 6.600 5.951 4.925 10.302 6.944 6.448 6.695 9.674 10.283 6.155 6.337 13.201 11.287 7.376 5.378 6.351 13.256 11.359 5.437 5.522 6.563 7.500 7.595 5.380 5.480 5.423 6.530 3.607 25/11/2037
0.000 0.000 0.000 0.000 0.000 0.000 0.000 0.000 0.000 0.000 0.000 0.000 0.000 0.000 0.000 0.000 0.000 0.000 0.000 0.000 0.000 0.000 0.000 0.000 0.000 0.000 0.000 0.000 0.000 0.000 26/11/2037
0.000 0.000 0.000 0.000 0.000 0.000 0.000 0.000 0.000 0.000 0.000 0.000 0.000 0.000 0.000 0.000 0.000 0.000 0.000 0.000 0.000 0.000 0.000 0.000 0.000 0.000 0.000 0.000 0.000 0.000 27/11/2037
1.067 1.487 1.064 1.290 0.202 1.307 1.055 0.252 0.174 0.215 1.305 0.891 0.633 0.550 0.100 0.896 0.490 0.632 0.553 0.182 0.662 0.251 0.283 0.290 0.163 0.653 0.249 0.107 0.000 0.000 28/11/2037
3.576 3.387 2.778 3.241 2.999 3.449 2.464 2.198 2.177 2.928 3.443 1.936 1.890 3.508 2.532 2.787 1.684 1.893 3.522 1.912 4.129 1.784 2.066 1.749 2.386 4.087 1.771 1.743 1.107 1.769 29/11/2037
9.401 6.140 10.287 10.397 8.536 8.093 11.198 8.103 8.570 7.939 8.078 6.972 7.083 6.726 6.624 7.882 6.292 7.099 6.759 5.839 7.375 6.236 6.993 8.116 5.095 7.295 6.185 6.940 6.631 5.077 30/11/2037
0.436 0.176 1.333 1.604 2.615 0.000 0.000 0.189 0.205 2.472 0.000 0.000 0.000 0.307 0.241 0.000 0.000 0.000 0.318 0.327 0.000 0.000 0.000 0.173 0.319 0.000 0.000 0.000 0.141 0.292 01/12/2037
11.233 13.229 10.254 10.777 10.561 11.409 12.671 10.019 10.135 10.913 11.388 11.591 11.837 11.606 13.720 11.960 9.783 11.864 11.653 11.775 13.993 13.577 16.781 11.138 10.557 13.846 13.468 12.330 13.308 9.029 02/12/2037
15.996 28.429 18.830 19.180 24.109 15.397 14.011 13.706 14.598 23.831 15.368 15.324 16.509 16.820 23.031 14.534 14.740 16.539 16.856 22.700 14.596 16.082 17.860 12.861 15.851 14.422 15.959 15.997 10.197 13.127 03/12/2037
3.540 2.887 1.679 2.242 2.225 2.167 2.848 2.366 2.711 3.596 2.163 2.724 3.122 2.668 3.813 1.237 2.474 3.129 2.678 3.323 0.938 0.435 0.651 0.726 0.644 0.935 0.433 1.558 1.247 0.519 04/12/2037
4.385 4.920 6.715 7.092 9.638 5.168 3.467 4.402 4.963 10.447 5.159 5.489 5.721 10.976 20.815 5.068 5.135 5.733 11.018 18.402 7.339 7.153 8.056 19.474 11.890 7.249 7.096 5.142 7.684 9.878 05/12/2037
1.162 1.155 2.171 2.832 4.211 1.726 1.476 2.027 2.215 3.409 1.723 2.329 2.648 2.927 5.269 1.381 2.126 2.653 2.938 4.413 1.001 1.412 1.796 1.418 3.326 1.004 1.401 1.271 0.648 1.492 06/12/2037
5.619 4.327 5.339 6.072 6.388 4.382 4.418 4.434 4.975 6.882 4.374 10.577 10.495 7.410 9.013 6.500 8.847 10.518 7.434 7.702 7.478 7.360 8.557 7.899 7.840 7.379 7.307 7.766 5.509 7.125 07/12/2037
0.000 0.000 0.000 0.000 0.000 0.000 0.107 0.000 0.000 0.000 0.000 0.000 0.000 0.000 0.000 0.000 0.000 0.000 0.000 0.000 0.000 0.000 0.000 0.000 0.137 0.000 0.000 0.000 0.288 0.721 08/12/2037
12.248 11.617 2.046 2.715 1.339 10.570 25.355 6.675 6.856 2.422 10.551 17.706 18.936 17.819 5.273 12.247 15.519 18.980 17.890 4.416 13.956 7.614 9.396 9.465 12.558 13.809 7.565 5.094 0.000 6.629 09/12/2037
8.486 11.772 11.694 12.677 11.530 8.693 10.331 9.139 9.549 10.849 8.677 9.887 10.068 8.099 12.595 10.113 8.188 10.091 8.133 10.756 10.636 7.412 8.715 7.427 7.866 10.509 7.360 10.320 6.197 6.218 10/12/2037
10.014 7.005 5.123 5.095 5.981 9.956 9.262 8.770 9.391 7.234 9.939 12.408 12.441 9.026 10.229 13.501 11.059 12.469 9.193 9.673 13.712 9.064 10.982 16.169 13.540 13.551 8.991 12.628 12.206 11.900 11/12/2037
0.000 0.000 0.000 0.000 0.000 0.000 0.000 0.000 0.000 0.000 0.000 0.000 0.000 0.050 0.000 0.000 0.000 0.000 0.055 0.100 0.000 0.000 0.000 0.000 0.000 0.000 0.000 0.000 0.000 0.000 12/12/2037
15.086 13.394 12.660 12.724 14.672 16.818 14.754 13.037 13.511 17.309 16.787 11.084 11.783 12.599 17.191 11.914 8.693 11.855 12.637 13.546 9.769 7.712 9.617 10.780 12.405 9.655 7.651 10.674 8.828 11.728 13/12/2037
1.837 0.660 0.786 0.879 1.462 0.132 0.584 1.657 2.068 1.468 0.130 0.263 0.393 0.133 0.756 0.000 0.247 0.394 0.129 0.961 0.386 0.111 0.157 0.000 0.000 0.376 0.110 0.172 0.000 0.000 14/12/2037
0.000 0.000 0.000 0.000 0.000 0.000 0.000 0.000 0.000 0.000 0.000 0.000 0.000 0.000 0.000 0.000 0.000 0.000 0.000 0.000 0.000 0.000 0.000 0.000 0.000 0.000 0.000 0.000 0.000 0.000 15/12/2037
8.571 1.866 0.145 0.151 0.210 2.404 1.676 0.194 0.242 0.000 2.400 0.190 0.226 0.192 0.000 0.338 0.156 0.227 0.193 0.000 0.406 4.390 5.337 0.115 0.000 0.407 4.356 3.360 0.890 0.000 16/12/2037
0.000 0.000 0.693 0.858 11.336 0.000 0.000 1.962 2.151 0.000 0.000 0.143 0.173 0.176 0.000 0.163 0.102 0.173 0.175 0.000 2.354 0.176 0.354 0.418 0.199 2.330 0.176 0.184 0.367 3.447 17/12/2037
0.717 0.616 0.647 0.812 1.195 0.763 0.594 0.470 0.578 0.681 0.762 0.909 0.979 1.010 1.710 1.069 0.734 0.981 1.012 1.528 1.070 1.588 2.069 1.299 1.396 1.065 1.584 1.520 1.787 2.755 18/12/2037
1.128 0.959 0.657 0.823 0.237 0.768 0.774 0.698 0.832 0.555 0.767 0.443 0.516 0.632 0.470 0.643 0.360 0.520 0.633 0.508 0.550 0.153 0.296 0.321 0.426 0.547 0.153 0.166 0.168 0.332 19/12/2037
7.138 8.197 11.416 12.077 8.532 18.146 11.627 6.792 7.177 11.168 18.113 11.379 11.404 10.652 6.194 8.409 9.620 11.430 10.694 5.049 13.105 14.596 18.320 15.547 6.025 12.960 14.480 7.196 4.024 4.964 20/12/2037
7.862 20.839 19.083 19.203 14.134 2.172 13.011 24.262 24.289 25.530 2.169 11.272 11.179 23.679 26.201 14.748 9.538 11.204 23.778 23.074 1.015 9.597 11.292 17.824 19.100 1.013 9.525 7.102 6.850 19.454 21/12/2037
0.199 0.267 0.225 0.364 0.000 0.000 0.000 0.000 0.109 0.117 0.000 0.000 0.000 0.113 0.079 0.000 0.000 0.000 0.126 0.153 0.000 0.000 0.144 0.000 0.106 0.000 0.000 0.106 0.000 0.000 22/12/2037
0.000 0.000 0.000 0.000 0.000 0.000 0.000 0.000 0.000 0.000 0.000 0.000 0.000 0.000 0.000 0.000 0.000 0.000 0.000 0.000 0.000 0.000 0.000 0.000 0.000 0.000 0.000 0.000 0.000 0.000 23/12/2037
6.859 8.007 6.671 7.214 6.547 5.124 5.083 4.962 6.035 6.734 5.116 2.414 3.222 6.557 2.541 3.822 2.904 3.229 6.578 2.667 3.024 2.558 3.007 2.350 3.770 2.986 2.538 3.219 0.219 0.899 24/12/2037
1.925 1.667 1.810 2.275 1.855 4.931 4.347 3.805 4.477 4.638 4.920 1.985 2.362 3.294 6.892 1.034 2.200 2.363 3.307 6.829 0.878 0.393 0.485 0.743 2.569 0.851 0.375 0.170 0.608 0.157 25/12/2037
0.373 1.534 0.182 0.241 1.598 0.146 0.207 1.620 2.022 2.084 0.143 0.177 0.208 0.442 2.224 0.132 0.145 0.209 0.428 2.284 0.457 0.000 0.117 1.703 0.373 0.483 0.000 0.649 0.419 2.508 26/12/2037
11.693 16.007 11.803 11.509 20.358 14.446 21.197 13.669 13.819 18.959 14.420 15.042 15.948 21.609 23.822 19.097 16.789 15.988 21.715 20.097 18.268 17.411 17.328 20.138 9.940 18.051 17.274 30.063 30.787 25.652 27/12/2037
22.658 23.020 12.599 12.672 30.456 12.000 7.562 13.183 13.583 20.550 11.975 7.113 8.477 12.418 14.285 3.675 6.885 8.497 12.461 12.690 4.917 8.801 11.939 10.659 9.178 4.866 8.735 10.295 5.274 9.339 28/12/2037
14.748 13.490 16.159 16.523 18.121 14.357 13.050 13.018 13.502 14.432 14.331 11.778 12.293 12.296 13.537 12.151 9.510 12.597 12.343 11.175 17.026 16.771 15.903 13.572 12.053 16.824 16.638 14.890 13.705 12.171 29/12/2037
0.000 0.000 0.229 0.281 0.616 0.000 0.000 0.000 0.000 0.000 0.000 0.000 0.000 0.000 0.000 0.000 0.000 0.000 0.000 0.100 0.000 0.000 0.000 0.000 0.000 0.000 0.000 0.115 0.128 0.000 30/12/2037
0.000 0.000 0.000 0.000 0.000 0.000 0.000 0.000 0.000 0.000 0.000 0.000 0.000 0.000 0.000 0.000 0.000 0.000 0.000 0.000 0.000 0.000 0.000 0.000 0.000 0.000 0.000 0.000 0.000 0.000 31/12/2037
9.888 8.679 8.341 8.774 7.682 11.488 9.550 12.102 12.382 10.810 11.467 12.441 12.854 13.071 12.111 11.195 10.565 12.882 13.122 10.419 11.997 10.321 12.723 9.458 7.861 11.871 10.240 9.156 7.036 10.190 01/01/2038
15.568 15.260 15.504 15.694 20.327 15.257 14.033 12.693 13.344 18.125 15.230 14.161 13.990 13.916 18.178 12.632 15.753 14.038 13.967 13.872 10.570 16.603 15.527 14.093 13.337 10.445 16.471 13.055 12.637 12.374 02/01/2038
0.000 0.000 0.103 0.216 0.000 0.000 0.000 0.000 0.000 0.000 0.000 0.000 0.000 0.000 0.000 0.000 0.000 0.000 0.000 0.000 0.000 0.000 0.000 0.000 1.216 0.000 0.000 0.000 0.000 0.000 03/01/2038
11.527 10.390 13.356 13.117 15.759 9.041 12.424 12.350 12.418 14.009 9.024 12.065 12.144 12.966 12.978 9.547 10.575 12.171 13.109 12.297 9.379 8.395 10.291 13.356 11.613 9.281 8.330 7.740 7.201 8.188 04/01/2038
5.102 7.902 3.636 3.978 5.952 11.000 5.163 4.290 4.645 3.293 10.979 6.578 7.277 9.234 5.357 11.389 5.924 7.493 9.359 5.105 8.685 16.260 18.245 11.598 7.778 8.592 16.139 11.031 13.569 9.468 05/01/2038
17.220 15.875 12.924 12.945 33.261 7.205 15.256 15.538 18.772 14.156 7.192 11.204 12.191 14.290 29.971 7.505 9.125 12.384 13.227 20.929 12.085 18.497 20.191 12.745 23.660 11.941 18.331 13.921 12.054 12.248 06/01/2038
9.493 5.809 4.894 4.878 1.666 0.369 4.677 0.608 1.012 3.289 0.362 0.000 0.171 1.925 3.534 1.321 0.000 0.171 1.952 2.838 0.000 0.130 0.292 1.060 0.943 0.000 0.114 0.706 0.000 0.192 07/01/2038
0.000 0.374 0.000 0.000 0.000 0.378 0.000 0.127 0.304 0.000 0.368 0.331 0.730 0.308 2.901 0.777 0.420 0.706 0.315 2.276 1.484 0.481 0.892 0.808 1.073 1.499 0.496 1.557 1.789 1.567 08/01/2038
0.000 0.000 0.000 0.000 0.000 0.000 0.000 0.000 0.000 0.000 0.000 0.000 0.000 0.000 0.000 0.000 0.000 0.000 0.000 0.000 0.000 0.000 0.000 0.000 0.000 0.000 0.000 0.000 0.000 0.000 09/01/2038
3.175 2.746 0.105 0.107 0.112 2.322 1.591 0.321 0.493 0.824 2.317 1.860 2.232 1.590 1.342 1.669 2.065 2.232 1.593 1.406 1.883 2.196 2.327 3.329 3.562 1.874 2.191 1.629 1.941 3.804 10/01/2038
0.464 0.477 0.893 1.335 3.834 5.335 7.590 1.517 1.710 0.751 5.376 4.634 5.347 0.908 0.928 5.468 4.335 5.358 0.912 0.856 3.177 2.274 2.475 0.906 0.586 3.141 2.261 1.137 0.662 0.900 11/01/2038
0.000 0.000 0.000 0.000 0.000 0.000 0.000 0.000 0.000 0.000 0.000 0.000 0.000 0.000 0.000 0.000 0.000 0.000 0.000 0.000 0.000 0.000 0.000 0.000 0.000 0.000 0.000 0.000 0.000 0.000 12/01/2038
0.000 0.000 0.000 0.000 0.000 1.460 1.100 0.173 0.169 0.000 1.450 2.377 3.532 0.199 0.000 0.000 2.859 3.608 0.198 0.000 0.000 2.071 2.516 0.668 0.755 0.000 2.054 0.000 3.106 2.117 13/01/2038
0.000 0.000 0.000 0.000 0.000 0.000 0.000 0.000 0.000 0.000 0.000 0.000 0.000 0.000 0.000 0.000 0.000 0.000 0.000 0.000 0.000 0.000 0.000 0.000 0.000 0.000 0.000 0.000 0.000 0.000 14/01/2038
0.000 0.000 0.000 0.000 0.000 0.000 0.000 0.000 0.000 0.000 0.000 0.000 0.000 0.000 0.000 0.000 0.000 0.000 0.000 0.000 0.000 0.000 0.000 0.000 0.000 0.000 0.000 0.000 0.000 0.000 15/01/2038
0.000 0.000 0.000 0.000 0.000 0.000 0.000 0.000 0.000 0.000 0.000 0.179 0.265 0.253 0.000 0.000 0.000 0.274 0.271 0.000 0.236 0.124 0.405 0.291 0.145 0.214 0.105 0.333 0.201 0.000 16/01/2038
0.000 0.000 0.000 0.000 0.000 0.000 0.000 0.000 0.000 0.000 0.000 0.000 0.000 0.000 0.000 0.000 0.000 0.000 0.000 0.000 0.000 0.000 0.000 0.000 0.000 0.000 0.000 0.000 0.000 0.000 17/01/2038
0.000 0.000 0.000 0.000 0.000 0.000 0.000 0.000 0.000 0.000 0.000 0.000 0.000 0.000 0.000 0.000 0.000 0.000 0.000 0.000 0.000 0.000 0.000 0.000 0.000 0.000 0.000 0.000 0.000 0.000 18/01/2038
0.665 0.792 0.526 0.527 0.435 0.229 0.339 0.240 0.363 0.162 0.281 0.349 0.447 0.543 0.272 0.150 0.237 0.449 0.545 0.351 0.408 0.398 0.659 0.772 0.240 0.404 0.395 0.344 0.718 0.148 19/01/2038
0.788 1.759 1.243 1.585 2.211 0.205 0.471 0.507 0.914 0.976 0.205 0.445 0.866 0.898 1.014 0.467 0.474 0.867 0.905 0.881 1.616 1.011 1.195 0.899 0.833 1.611 1.015 1.492 1.273 0.719 20/01/2038
0.000 0.000 0.101 0.207 0.000 0.000 0.099 0.000 0.093 0.139 0.000 0.122 0.304 0.488 0.149 0.000 0.146 0.304 0.490 0.147 0.000 0.210 0.468 0.832 0.853 0.000 0.181 0.443 0.308 0.668 21/01/2038
0.102 0.000 0.000 0.000 0.000 0.000 0.000 0.000 0.000 0.000 0.000 0.000 0.000 0.000 0.000 0.000 0.000 0.000 0.000 0.000 0.000 0.000 0.000 0.000 0.000 0.000 0.000 0.000 0.000 0.000 22/01/2038
2.298 4.461 3.573 3.921 2.029 1.358 5.210 2.828 3.176 3.326 1.354 2.552 2.594 3.827 1.379 2.236 2.087 2.564 3.882 1.222 2.308 2.164 2.553 4.150 0.851 2.288 2.149 5.005 1.702 1.703 23/01/2038
0.823 0.165 0.248 0.388 0.287 0.236 0.000 0.153 0.159 1.034 0.232 0.000 0.000 0.000 0.604 0.450 0.000 0.000 0.000 0.755 0.111 0.000 0.000 0.000 0.299 0.000 0.000 0.794 0.000 0.000 24/01/2038
0.000 0.000 0.206 0.534 0.000 0.000 0.000 0.000 0.000 0.000 0.000 0.787 1.082 0.000 0.000 0.000 0.901 1.077 0.000 0.000 0.000 0.000 0.000 0.000 0.000 0.000 0.000 0.000 0.000 0.000 25/01/2038
0.000 0.000 0.000 0.000 0.000 0.000 0.000 0.000 0.000 0.000 0.000 0.000 0.000 0.000 0.000 0.000 0.000 0.000 0.000 0.000 0.000 0.000 0.000 0.000 0.000 0.000 0.000 0.000 0.000 0.000 26/01/2038
0.212 2.082 4.755 4.732 0.119 0.000 0.000 5.556 6.391 4.420 0.000 0.000 0.000 7.808 4.499 0.000 0.000 0.000 7.907 4.229 0.000 0.000 0.000 7.819 6.015 0.000 0.000 6.227 13.913 4.953 27/01/2038
8.137 8.307 8.010 7.747 10.530 7.861 8.839 8.227 8.994 10.849 7.847 9.517 10.115 10.023 12.498 7.815 8.389 10.123 10.296 11.625 7.351 7.750 9.123 10.281 10.814 7.216 7.688 8.722 9.650 10.278 28/01/2038
0.887 0.748 0.195 0.340 0.000 0.388 0.381 0.134 0.138 0.000 0.387 0.247 0.229 0.113 0.000 0.187 0.123 0.229 0.131 0.000 0.000 0.000 0.000 0.000 0.000 0.000 0.000 0.000 0.000 0.000 29/01/2038
10.906 9.316 8.375 8.140 13.389 12.341 11.913 10.325 10.891 13.310 12.319 7.492 7.824 9.427 10.778 10.480 6.803 7.845 9.499 10.315 12.250 7.633 8.749 14.866 10.257 12.105 7.572 9.257 17.917 6.986 30/01/2038
3.762 3.895 4.721 4.827 13.990 3.685 4.318 5.918 6.344 7.280 3.678 4.565 5.310 6.336 9.437 3.840 4.285 5.317 6.361 8.405 6.869 6.024 6.967 3.636 8.910 6.933 5.981 5.992 8.105 7.385 31/01/2038
2.772 3.561 2.864 2.801 4.136 3.014 3.287 3.138 3.610 4.885 3.010 2.785 2.905 3.227 4.582 2.803 2.665 2.936 3.240 3.940 1.804 2.324 2.492 2.628 2.822 1.782 2.314 2.894 2.347 2.438 01/02/2038
0.100 0.000 0.000 0.000 0.000 0.000 0.000 0.000 0.000 0.000 0.000 0.000 0.000 0.000 0.000 0.000 0.000 0.000 0.000 0.107 0.000 0.000 0.000 0.000 0.000 0.000 0.000 0.000 0.000 0.000 02/02/2038
6.745 8.499 5.266 5.039 11.057 5.063 7.694 5.369 5.533 11.010 5.054 5.884 6.455 6.327 7.064 3.192 5.659 6.479 6.440 5.712 3.262 3.231 3.623 2.355 4.176 3.223 3.208 2.854 2.187 2.910 03/02/2038
0.224 0.217 0.434 0.811 0.787 0.092 0.320 0.197 0.471 0.565 0.083 0.211 0.575 1.042 1.307 0.224 0.305 0.564 1.056 0.963 0.417 0.478 0.888 0.432 0.961 0.413 0.494 0.915 0.151 0.232 04/02/2038
2.132 1.392 2.077 2.188 6.327 3.722 1.905 1.798 2.305 3.195 3.715 1.318 1.535 2.044 4.568 1.333 1.482 1.536 2.122 3.921 2.041 0.753 1.036 1.338 2.242 1.967 0.748 2.046 0.989 1.277 05/02/2038
4.411 3.728 3.777 3.893 9.791 5.880 5.718 5.534 5.574 7.136 5.869 3.977 4.807 4.965 6.840 3.874 3.902 4.860 4.974 5.669 4.362 4.177 5.206 3.910 5.392 4.327 4.144 5.203 3.290 4.046 06/02/2038
7.605 5.618 4.716 4.712 9.726 9.017 11.054 10.023 10.459 10.804 9.000 8.952 9.537 9.072 9.151 8.075 8.098 9.547 9.247 9.289 8.434 10.475 12.134 11.003 10.936 8.343 10.391 10.265 9.279 9.501 07/02/2038
7.265 7.629 0.000 0.000 0.849 3.085 0.000 0.000 0.000 0.000 3.080 0.000 0.000 0.000 0.100 0.000 0.000 0.000 0.000 0.183 0.000 0.000 0.000 0.000 0.121 0.000 0.000 0.170 0.000 0.583 08/02/2038
0.000 0.000 0.000 0.000 0.000 0.000 0.000 0.000 0.000 0.000 0.000 0.000 0.000 0.000 0.000 0.000 0.000 0.000 0.075 0.000 0.000 0.000 0.000 0.000 0.000 0.000 0.000 0.000 0.000 0.000 09/02/2038
2.052 2.123 2.176 2.836 3.119 1.811 1.901 2.208 2.488 2.600 1.809 1.991 2.210 2.473 2.610 1.487 1.764 2.214 2.487 2.371 2.462 2.299 2.911 2.237 2.039 2.434 2.287 2.605 1.950 2.061 10/02/2038
0.661 0.657 0.236 0.387 0.210 0.601 0.212 0.261 0.307 0.100 0.600 0.482 0.600 0.674 0.100 0.345 0.419 0.601 0.676 0.184 0.146 0.118 0.196 0.187 0.000 0.146 0.118 0.311 0.385 0.371 11/02/2038
0.288 0.614 0.960 1.071 1.144 0.296 0.684 0.520 0.648 1.127 0.296 0.701 0.823 1.361 1.627 0.468 0.572 0.824 1.376 1.449 0.740 0.462 0.706 0.999 1.189 0.714 0.460 1.401 0.933 0.525 12/02/2038
6.650 5.700 5.901 6.221 8.557 7.442 12.391 6.857 7.855 8.643 7.428 12.350 12.844 10.298 13.311 7.992 11.583 13.264 10.476 11.043 7.978 7.072 8.835 9.469 13.649 7.906 7.014 8.132 10.667 9.439 13/02/2038
5.514 3.400 4.251 4.229 8.667 3.785 2.699 2.599 2.848 3.584 3.778 2.885 2.948 3.752 4.898 5.254 2.736 2.951 3.768 4.399 7.100 4.536 5.454 3.661 5.091 7.145 4.500 5.453 3.420 3.774 14/02/2038
10.009 10.065 18.259 18.214 19.298 10.803 7.954 14.403 14.516 20.175 10.779 5.858 6.361 9.990 15.021 5.211 5.599 6.377 10.185 13.017 4.112 3.726 4.465 2.877 5.852 4.094 3.697 5.252 2.725 3.863 15/02/2038
10.915 11.690 15.082 15.160 18.133 8.317 11.966 13.699 13.834 19.099 8.302 6.844 7.906 12.902 15.085 6.213 6.542 7.923 12.850 13.046 6.027 6.508 7.908 8.853 11.185 6.046 6.462 8.665 7.894 8.882 16/02/2038
1.585 2.655 1.731 2.028 1.368 2.178 1.670 1.333 1.560 2.134 2.174 0.879 1.234 1.039 2.405 1.286 1.168 1.236 1.053 1.889 1.240 1.256 1.410 0.992 1.364 1.285 1.258 1.192 1.285 1.622 17/02/2038
0.364 1.233 1.985 2.303 1.959 0.958 1.615 0.980 1.538 1.459 0.952 1.022 1.400 1.242 1.651 1.112 1.309 1.403 1.266 1.283 0.965 1.012 1.196 1.189 1.736 0.946 1.017 1.486 1.644 2.879 18/02/2038
0.000 0.000 0.000 0.000 0.000 0.000 0.000 0.000 0.088 0.000 0.000 0.339 0.676 0.196 0.302 0.366 0.368 0.656 0.201 0.236 0.332 0.439 0.843 0.276 0.182 0.326 0.437 0.232 0.114 0.246 19/02/2038
2.127 0.409 0.490 1.027 1.201 1.631 0.185 0.456 1.199 1.320 1.625 1.014 1.384 1.256 1.659 1.039 0.425 1.391 1.280 1.350 0.881 0.743 1.920 0.917 1.431 0.767 0.737 1.780 1.312 0.956 20/02/2038
0.000 0.000 0.101 0.197 0.880 0.000 0.000 0.105 0.252 2.495 0.000 0.811 1.244 1.914 3.285 0.112 0.999 1.140 1.942 2.430 0.299 0.271 0.579 0.825 0.789 0.296 0.255 1.192 1.333 1.205 21/02/2038
0.000 0.983 0.850 1.210 0.309 0.198 0.000 0.773 1.165 2.588 0.198 0.467 0.894 0.584 1.374 1.109 0.506 0.895 0.594 1.064 1.819 2.062 2.323 0.979 0.568 1.797 2.057 1.584 1.444 1.028 22/02/2038
2.114 1.376 0.542 0.966 3.050 1.695 0.905 0.838 1.175 2.265 1.692 1.436 1.563 2.786 3.119 2.340 1.541 1.566 2.796 2.355 1.932 1.254 1.410 1.584 1.471 1.900 1.257 1.047 1.314 1.747 23/02/2038
4.349 3.486 2.959 2.860 5.881 9.939 3.398 2.341 2.646 3.453 9.921 5.661 6.068 2.516 1.910 5.544 5.160 6.082 2.542 1.444 3.833 4.893 5.720 2.672 2.152 3.791 4.859 5.130 2.316 1.989 24/02/2038
0.000 0.000 0.109 0.234 0.350 0.000 0.000 0.000 0.088 0.551 0.000 0.000 0.142 0.000 0.000 0.000 0.000 0.142 0.000 0.104 0.000 0.000 0.175 0.121 0.000 0.000 0.000 0.100 0.114 0.325 25/02/2038
0.000 0.000 0.000 0.000 0.000 0.000 0.000 0.000 0.000 0.000 0.000 0.000 0.000 0.000 0.000 0.000 0.000 0.000 0.000 0.000 0.000 0.000 0.000 0.000 0.000 0.000 0.000 0.000 0.000 0.000 26/02/2038
0.000 0.000 0.102 0.000 0.000 0.000 0.000 0.000 0.000 0.000 0.000 0.000 0.000 0.000 0.000 0.000 0.000 0.000 0.000 0.000 0.000 0.000 0.000 0.000 0.000 0.000 0.000 0.000 0.000 0.000 27/02/2038
0.000 0.000 0.052 0.000 0.000 0.000 0.000 0.000 0.000 0.000 0.000 0.000 0.000 0.000 0.000 0.000 0.000 0.000 0.000 0.000 0.000 0.000 0.000 0.000 0.000 0.000 0.000 0.000 0.000 0.000 28/02/2038
15.171 11.988 4.335 4.209 9.718 16.247 7.512 10.794 11.637 4.270 16.168 4.307 4.966 6.139 7.733 10.346 5.269 5.032 6.265 8.389 6.267 9.376 9.703 11.722 13.968 5.923 9.207 4.740 8.659 8.550 01/03/2038
7.044 7.281 8.189 7.177 9.726 9.521 10.735 9.588 10.534 9.023 9.454 10.226 10.894 11.100 7.956 9.395 10.767 10.978 11.242 8.689 8.698 9.534 10.047 11.460 9.174 8.400 9.363 9.550 10.815 10.200 02/03/2038
0.000 0.056 0.102 0.213 0.000 0.000 0.095 0.175 0.161 0.043 0.000 0.000 0.000 0.051 0.241 0.116 0.000 0.000 0.051 0.199 0.199 0.000 0.000 0.000 0.000 0.146 0.000 0.000 0.000 0.000 03/03/2038
0.000 0.000 0.000 0.000 0.000 0.000 0.000 0.000 0.000 0.000 0.000 0.000 0.000 0.000 0.000 0.000 0.000 0.000 0.000 0.000 0.000 0.000 0.000 0.000 0.000 0.000 0.000 0.000 0.000 0.000 04/03/2038
3.472 2.574 3.612 3.741 3.494 2.431 2.795 2.635 3.211 3.014 2.426 1.123 1.392 0.854 2.007 1.409 1.200 1.395 0.857 1.857 1.032 0.245 0.443 0.450 1.055 1.019 0.253 1.142 0.393 0.442 05/03/2038
2.828 3.503 4.151 4.453 6.581 3.489 3.835 3.983 4.305 6.539 3.484 3.574 3.857 4.914 7.226 3.517 3.571 3.866 4.935 6.499 2.749 2.867 3.279 4.114 5.860 2.716 2.844 3.370 3.827 5.696 06/03/2038
0.000 0.000 0.000 0.000 0.000 0.000 0.000 0.000 0.000 0.000 0.000 0.000 0.000 0.000 0.000 0.000 0.000 0.000 0.000 0.000 0.000 0.000 0.000 0.000 0.000 0.000 0.000 0.000 0.000 0.000 07/03/2038
14.748 9.406 12.913 12.515 18.033 10.163 14.912 18.584 18.657 18.563 10.145 13.546 13.975 16.363 16.745 9.350 12.331 14.007 16.430 14.939 8.803 5.979 6.356 7.176 5.042 8.701 5.934 16.472 17.549 11.382 08/03/2038
28.616 27.035 22.295 22.520 24.626 16.254 15.805 14.395 14.463 16.808 16.224 16.279 16.069 13.832 15.163 14.590 14.877 16.106 13.889 14.021 12.508 12.216 13.824 11.673 12.916 12.361 12.119 10.619 8.519 8.513 09/03/2038
4.949 2.904 2.498 2.824 2.910 2.372 1.900 1.984 2.177 11.999 2.367 4.298 4.860 3.785 1.722 2.787 4.523 4.871 3.800 1.543 3.580 1.004 1.260 5.930 4.855 3.537 0.998 2.811 2.869 4.948 10/03/2038
2.359 2.437 2.587 3.036 3.177 1.461 0.934 1.958 2.129 2.809 1.459 0.398 0.502 1.127 1.556 0.787 0.353 0.503 1.133 1.370 0.274 0.111 0.161 0.473 0.524 0.271 0.110 0.000 0.000 0.000 11/03/2038
3.244 1.913 3.495 3.649 5.113 1.901 2.196 3.203 3.561 4.809 1.916 1.142 1.437 1.875 4.184 1.479 1.225 1.432 1.881 3.670 1.376 0.676 0.788 0.676 1.637 1.371 0.676 0.676 0.605 1.177 12/03/2038
9.413 9.372 7.241 7.991 6.939 11.274 10.565 5.919 6.645 5.881 11.253 8.187 9.373 5.479 3.757 12.135 8.816 9.395 5.500 3.165 9.651 7.563 7.805 5.414 5.075 9.542 7.502 6.355 4.147 5.299 13/03/2038
8.356 10.350 13.304 12.819 17.177 9.102 10.057 13.170 13.808 19.045 9.085 10.182 11.718 13.891 15.257 7.863 10.330 11.744 13.948 14.105 9.382 10.695 11.986 11.800 14.082 9.279 10.609 11.324 10.931 12.406 14/03/2038
12.827 6.138 8.024 8.299 16.210 9.070 9.085 6.380 6.995 9.391 9.053 4.132 4.601 4.846 12.492 6.436 4.274 4.612 4.866 11.841 12.899 7.738 8.109 12.732 2.468 12.746 7.676 15.903 6.196 3.026 15/03/2038
18.784 24.247 27.070 27.450 24.424 19.531 22.704 26.170 26.843 23.916 19.495 20.737 19.988 17.356 31.285 16.712 19.837 20.034 17.427 26.606 12.524 13.437 15.014 15.558 17.899 12.377 13.334 13.148 12.671 14.954 16/03/2038
6.858 7.542 8.434 8.462 7.196 7.745 10.632 6.941 7.845 10.486 7.731 6.516 7.122 9.437 15.497 7.988 7.177 7.139 9.476 14.319 7.750 7.642 7.942 11.206 15.532 7.658 7.580 10.968 9.023 9.704 17/03/2038
10.406 8.134 3.083 3.397 5.792 8.652 6.004 2.811 3.126 2.808 8.637 5.750 6.522 4.860 3.315 8.261 6.567 6.535 4.880 2.942 6.601 4.942 5.367 6.354 5.001 6.522 4.902 4.064 4.132 6.221 18/03/2038
5.615 6.027 7.622 8.140 9.043 4.542 4.885 6.160 6.800 8.979 4.534 8.607 9.548 9.979 8.908 4.526 8.947 9.570 10.020 7.366 4.634 7.699 8.041 5.743 6.487 4.582 7.637 7.334 4.579 5.958 19/03/2038
3.943 3.208 3.443 3.648 4.420 5.324 4.608 6.896 7.739 7.565 5.314 5.881 6.605 11.102 10.343 5.809 6.661 6.619 11.147 9.670 8.126 5.855 6.295 6.801 10.320 8.034 5.812 8.566 6.401 7.329 20/03/2038
0.205 0.168 0.105 0.132 0.000 0.000 0.000 0.000 0.000 0.000 0.000 0.000 0.000 0.000 0.000 0.000 0.000 0.000 0.000 0.000 0.000 0.000 0.000 0.000 0.000 0.000 0.000 0.000 0.000 0.000 21/03/2038
1.106 0.696 0.304 0.444 0.222 1.435 0.888 1.513 1.762 0.248 1.432 2.339 2.401 2.434 1.171 1.315 2.026 2.405 2.441 0.826 2.166 0.799 0.849 2.082 0.726 2.141 0.799 2.126 1.192 0.495 22/03/2038
0.000 0.000 0.000 0.000 0.000 0.000 0.000 0.000 0.000 0.105 0.000 0.000 0.000 0.000 0.000 0.000 0.000 0.000 0.000 0.000 0.000 0.136 0.000 0.000 0.000 0.000 0.000 0.000 0.000 0.163 23/03/2038
11.160 11.819 10.824 9.106 12.940 11.931 11.172 10.719 10.815 11.602 11.909 12.440 12.492 13.547 14.073 9.950 12.189 12.521 13.603 12.282 10.561 13.046 13.573 14.321 14.496 10.437 12.943 13.438 13.962 14.825 24/03/2038
0.000 0.124 0.000 0.000 0.000 0.000 0.000 0.000 0.000 0.000 0.000 0.000 0.000 0.000 0.000 0.000 0.000 0.000 0.000 0.000 0.000 0.000 0.000 0.000 0.000 0.000 0.000 0.000 0.104 0.000 25/03/2038
0.000 0.000 0.000 0.000 0.000 0.000 0.000 0.000 0.000 0.000 0.000 0.000 0.000 0.000 0.000 0.000 0.000 0.000 0.000 0.000 0.000 0.000 0.147 0.000 0.000 0.000 0.000 0.000 0.000 0.000 26/03/2038
4.623 4.425 4.560 4.916 6.610 4.371 4.078 4.383 4.934 6.774 4.363 3.298 3.584 3.848 5.109 2.610 3.056 3.589 3.858 4.683 1.578 1.876 2.189 2.521 2.427 1.558 1.866 2.289 2.157 1.964 27/03/2038
13.474 12.642 13.274 12.717 15.499 19.065 15.539 13.215 13.693 18.144 19.031 18.400 19.298 18.423 18.673 17.154 18.271 19.341 18.495 18.120 13.020 17.007 17.894 16.669 18.074 12.865 16.872 12.270 14.482 16.425 28/03/2038
13.166 12.557 14.573 13.990 16.948 11.611 9.697 12.483 12.647 17.387 11.589 13.373 13.724 18.200 17.872 11.405 13.592 13.789 18.271 17.626 18.702 19.759 21.409 24.298 19.141 18.488 19.605 24.586 25.383 26.428 29/03/2038
3.886 3.148 5.465 5.936 7.141 4.475 2.756 4.892 5.596 7.225 4.467 7.846 8.655 9.939 9.370 8.869 7.810 8.668 9.980 8.818 9.197 9.360 10.091 9.969 10.812 9.089 9.285 9.749 8.321 10.062 30/03/2038
3.508 2.636 2.167 2.543 2.797 2.186 0.914 4.438 5.065 6.513 2.183 6.311 7.300 5.233 5.025 5.111 6.491 7.317 5.251 4.519 8.268 4.449 4.793 4.089 4.302 8.170 4.449 5.390 5.212 5.102 31/03/2038
0.520 1.037 1.388 1.922 0.968 0.455 1.243 0.953 1.064 0.488 0.454 0.940 1.055 0.816 0.373 0.920 0.889 1.051 0.820 0.296 0.379 0.744 0.861 0.802 0.701 0.380 0.740 0.140 0.290 1.834 01/04/2038
4.144 12.558 16.597 16.199 6.028 12.093 13.874 10.481 10.657 7.376 12.070 13.620 14.032 9.882 18.313 9.733 14.101 14.124 9.923 17.898 10.198 16.019 16.604 8.350 16.461 10.090 15.892 11.685 11.039 11.568 02/04/2038
8.733 4.101 8.838 10.919 10.435 8.339 5.250 6.325 7.368 6.554 8.372 5.726 6.713 7.460 3.512 8.088 6.157 6.728 7.490 4.210 9.901 9.348 10.433 6.614 7.532 9.784 9.275 6.835 6.677 4.281 03/04/2038
0.000 0.000 0.000 0.000 0.000 0.298 0.000 0.000 0.000 0.000 0.298 0.105 0.111 0.000 0.000 1.034 0.000 0.111 0.000 0.000 0.934 0.308 0.404 0.000 0.238 0.923 0.301 2.771 2.423 1.035 04/04/2038
0.916 0.261 1.024 1.260 0.100 0.601 1.838 0.858 0.781 0.100 0.600 1.304 1.501 0.203 0.000 0.000 1.288 1.505 0.204 0.000 0.000 0.000 0.000 0.000 0.211 0.000 0.000 0.000 0.443 4.113 05/04/2038
0.000 0.000 0.000 0.000 0.000 0.000 0.000 0.000 0.000 0.000 0.000 0.000 0.000 0.000 0.000 0.000 0.000 0.000 0.000 0.000 0.000 0.000 0.000 0.000 0.000 0.000 0.000 0.000 0.000 0.000 06/04/2038
0.941 0.884 0.477 0.535 0.000 0.000 0.000 0.229 0.140 0.000 0.000 0.000 0.000 0.113 0.000 0.000 0.000 0.000 0.113 0.000 0.214 0.162 0.201 0.116 0.157 0.210 0.159 0.151 0.000 0.650 07/04/2038
0.000 0.000 0.000 0.000 0.000 0.000 0.000 0.000 0.000 0.000 0.000 0.000 0.000 0.000 0.000 0.000 0.000 0.000 0.000 0.000 0.000 0.000 0.000 0.000 0.000 0.000 0.000 0.000 0.000 0.000 08/04/2038
0.000 0.000 0.000 0.000 0.000 0.000 0.000 0.000 0.000 0.000 0.000 0.000 0.000 0.000 0.000 0.000 0.000 0.000 0.000 0.000 0.000 0.000 0.000 0.000 0.000 0.000 0.000 0.000 0.000 0.000 09/04/2038
0.000 0.000 0.000 0.000 0.000 0.000 0.363 0.000 0.000 0.000 0.000 0.000 0.102 0.104 0.961 0.000 0.000 0.102 0.104 0.985 0.000 0.000 0.000 0.123 0.000 0.000 0.000 0.000 0.000 0.000 10/04/2038
0.000 0.000 0.000 0.000 0.000 0.316 0.000 0.000 0.000 0.000 0.314 0.000 0.000 0.000 0.000 0.000 0.000 0.000 0.000 0.000 0.000 0.000 0.000 0.000 0.000 0.000 0.000 0.000 0.000 0.000 11/04/2038
0.000 0.000 0.122 0.164 0.959 0.347 0.000 0.000 0.000 0.000 0.346 0.000 0.000 0.000 0.000 0.254 0.000 0.000 0.000 0.000 0.578 0.496 0.593 0.764 0.000 0.596 0.498 0.361 0.869 0.000 12/04/2038
0.000 0.267 0.582 0.727 0.000 0.000 0.214 0.000 0.000 0.000 0.000 0.000 0.103 0.000 0.000 0.000 0.000 0.103 0.000 0.000 0.000 0.105 0.127 0.126 0.000 0.000 0.105 0.195 0.145 0.000 13/04/2038
0.000 0.000 0.000 0.000 0.000 0.000 0.000 0.000 0.000 0.000 0.000 0.000 0.000 0.000 0.000 0.000 0.000 0.000 0.000 0.000 0.000 0.000 0.000 0.000 0.000 0.000 0.000 0.000 0.000 0.000 14/04/2038
2.382 1.702 2.883 3.328 8.155 2.472 2.531 2.853 3.425 3.981 2.467 1.766 2.045 1.996 2.138 1.989 1.754 2.049 1.990 1.997 1.615 1.654 1.878 2.154 3.827 1.596 1.652 0.729 1.537 1.712 15/04/2038
2.528 2.770 3.156 3.457 4.916 0.463 0.776 0.944 1.057 1.519 0.462 0.455 0.563 0.203 0.471 0.110 0.434 0.555 0.201 0.402 1.833 0.975 1.096 0.726 1.132 1.812 0.971 2.354 0.943 1.073 16/04/2038
15.099 12.722 10.964 9.304 14.937 13.500 11.636 11.947 12.019 14.283 13.477 13.361 13.709 12.074 16.806 9.826 13.567 13.772 12.123 16.379 7.469 9.690 10.319 13.474 18.300 7.380 9.613 13.023 18.438 13.136 17/04/2038
4.929 6.805 6.942 6.901 7.023 6.361 5.368 4.462 5.107 5.803 6.349 5.956 7.161 5.172 4.779 5.335 6.383 7.177 5.190 3.990 5.764 5.125 5.575 6.146 4.219 5.697 5.083 5.604 8.135 3.428 18/04/2038
7.361 9.201 6.883 6.868 7.583 8.028 7.816 5.014 5.724 6.750 8.013 7.773 8.505 7.877 7.538 6.744 7.705 8.521 7.909 7.241 6.637 7.094 7.962 8.054 5.884 6.559 7.037 7.176 8.484 6.345 19/04/2038
10.281 11.457 6.721 6.778 8.371 9.834 9.905 5.532 6.431 7.738 9.816 9.642 9.900 10.624 10.274 7.527 9.129 9.923 10.666 9.709 7.235 9.490 10.181 9.692 7.912 7.149 9.414 8.827 9.091 10.023 20/04/2038
6.646 6.126 5.806 6.223 8.647 1.177 3.513 3.679 3.889 4.770 1.175 2.640 3.099 3.624 3.023 1.005 2.592 3.106 3.639 2.770 0.846 0.835 0.975 1.299 2.419 0.835 0.840 0.479 1.075 1.847 21/04/2038
11.269 13.479 13.199 12.644 11.530 10.757 7.014 11.790 11.878 14.271 10.737 7.834 8.631 7.423 10.062 7.304 7.794 8.645 7.450 9.586 7.811 9.178 9.965 9.370 9.698 7.718 9.104 8.189 9.797 6.948 22/04/2038
0.134 0.128 0.400 0.590 0.901 0.150 0.000 0.000 0.000 0.110 0.149 1.029 1.273 0.790 0.524 1.114 1.026 1.275 0.792 0.447 0.424 0.584 0.719 1.071 1.373 0.432 0.579 0.000 0.000 0.393 23/04/2038
16.342 11.459 19.474 20.085 20.339 17.505 12.571 14.726 14.675 12.610 17.473 11.220 12.343 13.737 20.421 14.911 11.138 12.370 13.793 17.066 15.019 14.143 15.514 15.024 15.460 14.841 14.035 15.737 14.880 14.453 24/04/2038
0.000 0.000 0.000 0.000 0.000 0.000 0.000 0.000 0.000 0.100 0.000 0.000 0.000 0.000 0.000 0.000 0.000 0.000 0.000 0.000 0.000 0.000 0.000 0.000 1.207 0.000 0.000 0.000 0.000 0.000 25/04/2038
0.000 0.000 0.000 0.000 0.000 0.107 1.690 0.000 0.000 0.000 0.107 0.000 0.000 0.000 0.000 1.128 0.000 0.000 0.000 0.000 0.000 0.000 0.000 0.000 0.000 0.000 0.000 0.000 0.000 0.000 26/04/2038
0.258 1.210 1.098 1.574 0.262 0.930 0.000 0.000 0.000 0.000 0.930 0.797 0.902 0.093 0.539 0.331 0.761 0.903 0.093 0.454 0.341 0.000 0.000 0.000 0.000 0.333 0.000 0.000 0.000 0.000 27/04/2038
0.000 0.000 0.000 0.000 0.000 0.000 0.000 0.000 0.000 0.000 0.000 0.000 0.000 0.000 0.000 0.000 0.000 0.000 0.000 0.000 0.000 0.000 0.000 0.000 0.000 0.000 0.000 0.000 0.000 0.000 28/04/2038
0.000 8.200 3.025 3.397 2.730 0.251 7.779 0.000 0.000 7.364 0.251 1.113 1.376 1.130 0.104 1.229 1.183 1.378 1.136 0.147 1.797 1.727 2.039 1.766 0.122 1.776 1.728 5.402 1.489 1.454 29/04/2038
5.057 3.750 5.774 6.187 6.014 4.027 0.542 4.002 4.187 0.774 4.020 0.668 0.780 1.326 17.191 0.140 0.648 0.775 1.331 17.031 1.034 0.851 1.005 6.444 6.153 1.021 0.859 2.110 5.050 5.452 30/04/2038
0.367 0.259 0.212 0.288 0.613 0.617 0.364 0.133 0.144 0.276 0.616 1.254 1.595 1.223 0.676 1.193 1.313 1.568 1.227 0.513 0.000 0.000 0.083 0.638 0.524 0.000 0.036 0.000 0.000 0.000 01/05/2038
5.168 5.235 5.818 6.236 6.856 5.322 5.284 5.585 6.481 7.208 5.313 7.711 8.394 8.057 8.814 6.574 7.622 8.413 8.090 8.437 6.782 5.875 6.298 8.289 8.309 6.702 5.832 6.505 5.705 5.640 02/05/2038
1.262 1.065 0.996 1.366 0.788 1.005 0.386 0.815 0.903 0.525 1.004 0.981 1.202 1.843 1.478 0.964 0.971 1.201 1.850 1.292 2.136 1.324 1.507 1.815 2.162 2.123 1.314 2.163 1.072 1.299 03/05/2038
0.159 0.844 0.997 1.319 2.264 0.000 0.251 0.349 0.304 1.451 0.000 0.000 0.000 0.298 1.034 0.000 0.000 0.000 0.298 0.893 0.000 0.000 0.000 0.000 0.292 0.000 0.000 0.000 0.000 0.453 04/05/2038
0.000 0.000 0.000 0.000 0.000 0.000 0.000 0.000 0.000 0.000 0.000 0.000 0.000 0.000 0.000 0.000 0.000 0.000 0.000 0.000 0.000 0.000 0.000 0.000 0.000 0.000 0.000 0.000 0.000 0.000 05/05/2038
0.000 0.000 0.000 0.000 0.000 0.000 0.000 0.000 0.000 0.000 0.000 0.000 0.000 0.000 0.000 0.000 0.000 0.000 0.000 0.000 0.000 0.000 0.000 0.000 0.000 0.000 0.000 0.000 0.000 0.000 06/05/2038
0.000 0.000 0.000 0.000 0.000 0.000 0.000 0.000 0.000 0.000 0.000 0.000 0.000 0.000 0.000 0.000 0.000 0.000 0.000 0.000 0.000 0.000 0.000 0.000 0.000 0.000 0.000 0.000 0.000 0.000 07/05/2038
0.000 0.000 0.000 0.000 0.000 0.000 0.000 0.000 0.000 0.000 0.000 0.000 0.000 0.000 0.000 0.000 0.000 0.000 0.000 0.000 0.000 0.000 0.000 0.000 0.000 0.000 0.000 0.000 0.000 0.000 08/05/2038
0.000 0.000 0.000 0.000 0.000 0.000 0.000 0.000 0.000 0.000 0.000 0.000 0.000 0.000 0.000 0.000 0.000 0.000 0.000 0.000 0.000 0.000 0.000 0.000 0.000 0.000 0.000 0.000 0.000 0.000 09/05/2038
0.000 0.000 0.000 0.000 0.100 0.000 0.000 0.000 0.000 0.032 0.000 0.000 0.000 0.000 0.000 0.000 0.000 0.000 0.000 0.000 0.000 0.000 0.000 0.000 0.000 0.000 0.000 0.000 0.000 0.000 10/05/2038
16.355 17.683 13.626 13.060 13.330 12.406 12.701 11.636 11.741 16.054 12.383 13.389 13.744 11.991 13.262 9.816 13.624 13.810 12.039 11.681 9.595 13.454 13.810 12.536 10.988 9.481 13.349 12.192 13.458 12.052 11/05/2038
3.203 2.112 5.608 6.483 7.508 3.830 3.929 4.697 5.973 3.641 3.823 5.871 6.873 6.896 5.626 3.208 6.396 6.889 6.924 5.512 2.161 2.911 3.666 5.471 5.762 2.202 2.887 5.575 6.273 7.231 12/05/2038
0.102 0.000 0.000 0.000 0.000 0.136 0.000 0.000 0.000 0.000 0.135 0.435 0.539 0.123 0.000 1.107 0.411 0.537 0.125 0.000 0.593 0.132 0.208 0.476 0.000 0.609 0.130 0.703 0.148 0.113 13/05/2038
5.582 5.473 5.820 6.238 9.396 6.160 6.347 7.264 8.262 12.014 6.148 6.919 7.810 7.933 5.010 7.261 6.966 7.828 7.966 4.486 7.272 6.458 7.363 6.206 7.141 7.186 6.407 5.733 5.293 5.422 14/05/2038
2.449 2.161 1.763 2.045 1.502 2.699 3.480 1.596 1.598 1.701 2.694 1.651 1.661 1.925 0.900 2.033 1.405 1.664 1.933 0.867 1.665 1.046 1.342 1.727 0.698 1.648 1.041 0.985 0.662 0.514 15/05/2038
0.561 1.676 1.289 1.704 2.714 2.338 2.706 2.556 2.922 2.644 2.333 3.550 3.792 2.249 2.904 2.686 3.538 3.801 2.257 2.578 3.499 2.146 2.531 3.116 2.223 3.457 2.130 3.338 4.251 5.677 16/05/2038
0.520 0.000 0.000 0.000 0.000 0.000 0.000 0.000 0.000 0.000 0.000 0.000 0.000 0.000 0.000 0.000 0.000 0.000 0.000 0.000 0.000 0.000 0.000 0.000 0.000 0.000 0.000 0.000 0.000 0.000 17/05/2038
2.393 4.719 2.915 3.233 3.611 2.388 2.789 2.554 2.921 4.531 2.384 1.881 1.988 1.586 3.025 0.736 1.696 1.991 1.609 2.807 0.656 0.273 0.421 0.616 2.912 0.648 0.273 0.295 1.676 4.900 18/05/2038
1.996 1.300 1.239 1.623 2.446 2.287 2.003 1.677 1.697 1.431 2.282 1.814 1.883 1.534 1.420 1.699 1.637 1.887 1.554 1.234 1.021 1.049 1.347 0.390 0.825 1.009 1.044 1.075 0.984 0.779 19/05/2038
1.920 0.101 0.000 0.000 0.000 0.000 0.000 0.000 0.000 0.000 0.000 0.173 0.134 0.000 0.000 0.000 0.000 0.134 0.000 0.000 0.000 0.000 0.000 0.000 0.000 0.000 0.000 0.000 0.000 0.000 20/05/2038
0.000 0.000 0.000 0.000 0.000 0.000 0.000 0.000 0.000 0.000 0.000 0.000 0.000 0.000 0.000 0.000 0.000 0.000 0.000 0.000 0.000 0.000 0.000 0.000 0.000 0.000 0.000 0.000 0.000 0.000 21/05/2038
0.000 0.000 0.000 0.000 0.000 0.152 0.000 0.000 0.000 0.000 0.151 0.000 0.000 0.000 0.000 0.000 0.000 0.000 0.000 0.000 0.000 0.000 0.000 0.000 0.000 0.000 0.000 0.000 0.000 0.000 22/05/2038
0.000 0.000 0.000 0.000 0.000 0.000 0.000 0.000 0.000 0.000 0.000 0.000 0.000 0.000 0.000 0.000 0.000 0.000 0.000 0.000 0.000 0.000 0.000 0.000 0.000 0.000 0.000 0.000 0.000 0.000 23/05/2038
0.000 0.000 0.000 0.000 0.000 0.000 0.000 0.000 0.000 0.000 0.000 0.000 0.000 0.000 0.000 0.000 0.000 0.000 0.000 0.000 0.000 0.000 0.000 0.000 0.000 0.000 0.000 0.000 0.000 0.000 24/05/2038
3.798 1.353 0.610 0.773 1.597 4.381 1.374 0.902 0.886 1.661 4.373 2.693 3.510 0.984 1.762 4.895 2.790 3.517 0.988 1.883 7.292 3.179 4.253 2.020 4.675 7.212 3.157 2.774 2.605 3.030 25/05/2038
7.838 4.714 6.049 6.366 2.985 8.161 6.125 6.387 6.421 4.867 8.146 4.843 5.084 4.398 5.289 5.975 4.400 5.094 4.416 5.035 4.517 5.236 5.981 5.472 7.417 4.461 5.204 2.528 6.601 11.142 26/05/2038
0.146 0.335 0.328 0.477 0.000 0.000 0.381 0.864 0.788 0.109 0.000 1.110 1.402 1.549 0.751 0.278 1.094 1.404 1.557 0.575 1.506 1.596 2.068 2.495 2.436 1.488 1.583 1.541 3.273 4.930 27/05/2038
0.000 0.000 0.000 0.000 0.000 0.000 0.000 0.000 0.000 0.000 0.000 0.000 0.000 0.000 0.000 0.000 0.000 0.000 0.000 0.000 0.000 0.000 0.000 0.000 0.000 0.000 0.000 0.000 0.000 0.000 28/05/2038
0.000 0.000 0.000 0.000 0.000 0.000 0.000 0.000 0.000 0.000 0.000 0.000 0.000 0.000 0.000 0.000 0.000 0.000 0.000 0.000 0.000 0.000 0.000 0.000 0.000 0.000 0.000 0.000 0.000 0.000 29/05/2038
0.000 0.000 0.000 0.000 0.000 0.000 0.000 0.000 0.000 0.000 0.000 0.000 0.000 0.000 0.000 0.000 0.000 0.000 0.000 0.000 0.000 0.000 0.000 0.000 0.000 0.000 0.000 0.000 0.000 0.000 30/05/2038
0.000 0.000 0.000 0.000 0.000 0.000 0.000 0.000 0.000 0.000 0.000 0.000 0.000 0.000 0.000 0.000 0.000 0.000 0.000 0.000 0.000 0.000 0.000 0.000 0.000 0.000 0.000 0.000 0.000 0.000 31/05/2038
0.000 0.000 0.000 0.000 0.101 0.000 0.000 0.000 0.128 0.000 0.000 0.114 0.161 0.164 0.114 0.115 0.113 0.161 0.164 0.125 0.214 0.000 0.116 0.138 0.732 0.210 0.000 0.121 0.141 0.366 01/06/2038
2.533 2.051 1.168 1.365 1.386 2.430 1.688 2.440 2.515 2.661 2.427 1.779 1.889 2.372 2.861 2.042 1.716 1.892 2.382 2.609 2.537 2.584 2.970 2.742 3.145 2.507 2.564 2.455 2.206 1.697 02/06/2038
0.678 0.861 2.008 2.215 1.372 1.095 1.637 2.157 2.305 2.876 1.093 2.154 2.300 1.994 1.641 1.640 2.199 2.305 1.999 1.373 1.649 2.311 2.434 1.802 1.172 1.622 2.298 3.012 2.548 2.491 03/06/2038
4.041 3.282 3.111 2.918 2.025 10.119 3.274 2.611 2.601 2.435 10.101 2.684 2.633 1.701 10.674 9.346 2.402 2.639 1.708 8.904 11.794 6.314 6.551 6.687 13.719 11.657 6.263 15.396 8.379 20.012 04/06/2038
6.060 5.047 4.968 4.508 2.554 10.129 7.124 6.066 5.807 4.528 10.111 6.510 6.719 7.003 14.286 6.472 6.732 6.732 7.031 12.972 6.369 13.423 13.006 18.391 21.814 6.294 13.316 22.895 14.967 22.899 05/06/2038
2.065 2.713 3.061 3.531 2.589 2.514 3.294 4.126 4.668 6.606 2.510 2.868 3.275 7.877 8.384 2.888 2.926 3.281 7.908 8.385 3.947 4.203 4.873 4.051 8.704 3.900 4.169 5.943 5.379 8.655 06/06/2038
1.770 2.337 1.929 1.963 1.817 2.402 2.662 1.424 1.346 1.981 2.398 0.980 1.023 2.239 3.005 1.918 0.808 1.025 2.248 2.749 0.870 1.489 1.454 2.967 3.179 0.859 1.482 2.586 1.426 0.816 07/06/2038
1.421 0.612 0.000 0.000 1.120 2.247 0.555 0.000 0.000 0.000 2.242 1.003 1.039 0.137 0.000 2.883 0.855 1.041 0.137 0.101 3.547 2.439 2.966 0.722 1.424 3.504 2.419 2.041 1.867 0.838 08/06/2038
21.777 31.022 35.309 36.206 27.111 29.128 35.860 38.845 41.184 24.936 29.085 31.103 33.409 38.872 19.612 29.486 39.773 33.468 38.979 23.786 25.887 35.527 29.205 29.511 18.315 25.636 35.270 16.385 22.935 12.949 09/06/2038
1.132 0.979 1.603 1.680 1.502 0.865 0.691 2.827 3.215 4.215 0.864 7.460 9.277 4.265 4.144 1.355 8.625 9.299 4.282 3.991 2.917 4.517 5.563 5.497 3.492 2.890 4.481 5.826 3.228 4.208 10/06/2038
2.575 1.837 1.026 1.273 1.196 2.897 0.924 0.709 0.751 2.407 2.892 1.811 1.750 1.254 1.909 2.630 1.717 1.754 1.260 1.290 1.373 1.425 1.435 1.290 2.138 1.358 1.418 2.490 1.880 3.050 11/06/2038
7.061 6.740 6.975 8.664 6.721 6.248 6.824 6.484 6.452 9.227 6.237 5.275 5.235 6.378 8.589 3.989 4.865 5.246 6.405 7.066 4.289 3.104 3.832 3.839 5.998 4.243 3.079 3.513 2.324 4.056 12/06/2038
6.998 8.318 8.813 10.401 10.747 7.104 8.633 8.682 8.828 11.095 7.091 7.856 8.207 9.164 11.151 5.558 7.575 8.225 9.202 10.106 4.020 5.443 5.854 6.543 8.741 3.976 5.399 3.528 3.256 4.252 13/06/2038
0.541 2.684 1.394 1.598 1.000 0.210 1.058 1.047 0.783 0.514 0.209 0.380 0.226 0.449 0.000 0.389 0.139 0.227 0.453 0.000 0.541 0.452 0.610 2.325 1.547 0.535 0.449 0.644 1.819 2.044 14/06/2038
0.000 0.130 0.000 0.000 0.000 0.000 0.193 0.000 0.000 0.000 0.000 0.144 0.104 0.000 0.000 0.153 0.000 0.104 0.000 0.000 0.000 0.000 0.000 0.000 0.000 0.000 0.000 0.000 0.000 0.000 15/06/2038
2.075 1.847 1.858 2.162 1.317 0.687 1.329 3.575 3.463 2.707 0.687 0.143 0.104 1.469 2.672 0.141 0.000 0.104 1.473 2.066 0.000 0.000 0.101 0.155 0.000 0.000 0.000 0.000 0.100 0.000 16/06/2038
0.208 0.000 0.000 0.100 0.000 0.158 0.000 0.111 0.000 0.000 0.158 0.000 0.000 0.000 0.000 0.175 0.000 0.000 0.000 0.000 0.000 0.000 0.000 0.000 0.000 0.000 0.000 0.000 0.000 0.000 17/06/2038
1.336 1.590 1.889 2.202 1.293 4.893 6.399 4.717 4.502 4.830 4.886 6.096 6.084 6.192 4.172 6.303 5.705 6.097 6.218 3.820 9.652 7.803 8.376 7.203 3.515 9.531 7.741 7.883 4.132 5.555 18/06/2038
0.000 0.000 0.000 0.000 0.000 0.000 0.000 0.000 0.000 0.000 0.000 0.000 0.000 0.000 0.000 0.000 0.000 0.000 0.000 0.000 0.000 0.000 0.000 0.000 0.000 0.000 0.000 0.000 0.000 0.000 19/06/2038
0.000 0.000 0.000 0.000 0.000 1.733 0.000 0.000 0.000 0.000 1.730 0.000 0.000 0.104 0.000 0.247 0.000 0.000 0.105 0.000 1.524 0.437 0.600 0.000 0.100 1.504 0.433 0.393 2.055 0.000 20/06/2038
0.000 0.000 0.000 0.000 0.000 0.000 0.000 0.000 0.000 0.000 0.000 0.000 0.000 0.000 0.000 0.000 0.000 0.000 0.000 0.000 0.000 0.000 0.000 0.000 0.000 0.000 0.000 0.000 0.000 0.000 21/06/2038
0.000 0.000 0.000 0.000 0.000 0.000 0.000 0.000 0.000 0.000 0.000 0.000 0.000 0.000 0.000 0.000 0.000 0.000 0.000 0.000 0.000 0.000 0.000 0.000 0.000 0.000 0.000 0.000 0.000 0.000 22/06/2038
0.000 0.000 0.000 0.000 0.000 0.000 0.000 0.000 0.000 0.000 0.000 0.000 0.000 0.000 0.000 0.000 0.000 0.000 0.000 0.000 0.168 0.000 0.000 0.000 0.000 0.167 0.000 0.000 0.000 0.000 23/06/2038
0.000 0.000 0.000 0.000 0.000 0.000 0.000 0.000 0.000 0.000 0.000 0.000 0.000 0.000 0.000 0.000 0.000 0.000 0.000 0.000 0.000 0.000 0.000 0.000 0.000 0.000 0.000 0.000 0.000 0.000 24/06/2038
0.000 0.000 0.000 0.000 0.000 0.000 0.000 0.000 0.000 0.000 0.000 0.000 0.000 0.000 0.000 0.000 0.000 0.000 0.000 0.000 0.000 0.000 0.000 0.000 0.875 0.000 0.000 1.382 1.707 3.616 25/06/2038
0.249 0.000 0.104 0.120 0.157 0.117 0.105 0.160 0.178 0.000 0.117 0.000 0.000 0.000 0.000 0.000 0.000 0.000 0.000 0.000 0.000 0.000 0.000 0.000 0.000 0.000 0.000 0.000 0.000 0.000 26/06/2038
0.000 0.000 0.000 0.000 0.000 0.000 0.000 0.000 0.000 0.000 0.000 0.000 0.000 0.000 0.000 0.000 0.000 0.000 0.000 0.000 0.000 0.000 0.000 0.000 0.000 0.000 0.000 0.000 0.000 0.000 27/06/2038
0.000 0.000 0.000 0.000 0.000 0.000 0.000 0.000 0.000 0.000 0.000 0.000 0.000 0.000 0.000 0.000 0.000 0.000 0.000 0.000 0.000 0.000 0.000 0.000 0.000 0.000 0.000 0.000 0.000 0.000 28/06/2038
0.000 0.000 0.000 0.000 0.000 0.000 0.000 0.000 0.000 0.000 0.000 0.000 0.000 0.000 0.000 0.000 0.000 0.000 0.000 0.000 0.000 0.000 0.000 0.000 0.000 0.000 0.000 0.000 0.000 0.000 29/06/2038
1.918 1.579 0.725 0.760 0.979 1.548 1.584 0.796 0.844 0.901 1.545 1.795 1.723 1.685 2.610 1.432 1.700 1.726 1.692 2.024 1.850 2.641 3.097 6.491 5.349 1.828 2.620 6.941 5.743 2.340 30/06/2038
5.210 4.245 2.449 2.486 3.138 4.228 4.745 2.855 3.255 3.055 4.220 4.911 6.407 6.404 6.973 6.277 5.158 6.421 6.429 7.536 6.353 9.751 10.078 19.647 13.816 6.278 9.673 17.636 13.343 8.256 01/07/2038
0.000 0.000 0.000 0.000 0.000 0.000 0.000 0.000 0.000 0.000 0.000 0.000 0.000 0.000 0.000 0.000 0.000 0.000 0.000 0.000 0.000 0.000 0.000 0.000 0.000 0.000 0.000 0.000 0.000 0.000 02/07/2038
0.000 0.000 0.000 0.000 0.000 0.000 0.000 0.000 0.000 0.000 0.000 0.000 0.000 0.000 0.000 0.000 0.000 0.000 0.000 0.000 0.000 0.000 0.000 0.000 0.000 0.000 0.000 0.000 0.000 0.000 03/07/2038
0.000 0.000 0.000 0.000 0.000 0.387 1.997 3.939 4.460 2.185 0.384 0.662 0.682 0.000 5.298 6.401 0.477 0.683 0.000 5.629 0.578 1.557 1.491 1.450 0.991 0.556 1.548 0.000 0.000 0.783 04/07/2038
10.703 7.829 8.561 10.265 11.739 7.893 10.210 10.237 10.469 5.820 7.878 11.462 11.171 13.979 6.499 11.582 10.223 11.197 14.036 5.728 11.133 13.438 13.844 6.715 14.722 11.000 13.330 6.673 10.156 6.804 05/07/2038
4.645 4.651 6.000 7.310 5.573 3.074 3.506 4.499 4.314 3.342 3.068 4.468 4.282 5.025 4.335 3.696 3.802 4.292 5.042 3.892 4.876 5.789 6.156 8.113 5.284 4.818 5.743 7.360 8.154 7.352 06/07/2038
0.000 0.000 0.000 0.000 0.000 0.000 0.000 0.000 0.000 0.000 0.000 0.000 0.000 0.000 0.000 0.000 0.000 0.000 0.000 0.000 0.000 0.000 0.000 0.000 0.000 0.000 0.000 0.000 0.000 0.000 07/07/2038
0.512 0.327 0.315 0.345 0.342 0.246 0.123 0.190 0.229 0.377 0.245 0.148 0.175 0.303 0.394 0.154 0.129 0.175 0.305 0.292 0.103 0.000 0.113 0.122 0.103 0.103 0.000 0.000 0.000 0.000 08/07/2038
7.720 7.317 4.521 5.352 5.023 10.561 5.416 5.527 7.751 8.975 10.544 9.147 10.927 12.186 11.103 11.070 10.602 10.952 12.234 12.535 9.603 12.096 12.552 9.017 9.930 9.492 11.999 9.281 7.769 8.814 09/07/2038
5.285 4.187 3.798 4.348 3.404 4.656 4.286 4.090 4.612 5.485 4.647 8.901 10.710 7.979 9.133 7.131 10.389 10.734 8.010 9.056 9.005 11.682 12.059 11.223 13.195 8.900 11.589 10.574 8.809 10.354 10/07/2038
1.131 2.398 1.924 1.957 3.219 0.580 0.909 4.245 5.169 6.702 0.579 2.055 2.218 2.153 2.688 2.695 1.977 2.223 2.162 2.119 0.102 0.000 0.000 0.000 0.000 0.102 0.000 0.000 0.000 0.000 11/07/2038
7.611 6.910 6.771 7.242 9.869 5.496 6.921 7.101 8.827 10.382 5.486 6.954 8.632 10.620 11.699 2.954 7.530 8.652 10.663 13.135 6.241 5.935 7.515 9.008 11.036 6.167 5.890 6.839 5.261 6.557 12/07/2038
0.531 0.803 1.979 1.999 2.426 0.715 0.715 0.971 1.019 1.575 0.714 0.225 0.202 1.188 1.508 0.273 0.139 0.202 1.193 1.080 0.954 0.431 0.668 0.626 1.002 0.943 0.430 1.719 0.613 1.105 13/07/2038
0.000 0.000 0.000 0.000 0.000 0.000 0.000 0.000 0.000 0.000 0.000 0.000 0.000 0.000 0.000 0.000 0.000 0.000 0.000 0.000 0.000 0.000 0.000 0.000 0.000 0.000 0.000 0.000 0.000 0.000 14/07/2038
0.000 0.000 0.000 0.000 0.000 0.000 0.000 0.000 0.000 0.000 0.000 0.000 0.000 0.000 0.000 0.000 0.000 0.000 0.000 0.000 0.000 0.000 0.000 0.000 0.000 0.000 0.000 0.000 0.000 0.000 15/07/2038
5.563 7.147 9.338 10.705 11.960 7.655 7.845 7.628 9.499 10.046 7.641 3.456 3.986 4.224 3.165 3.037 3.538 3.995 4.242 3.027 0.406 0.937 1.069 1.009 0.000 0.401 0.930 0.000 0.000 0.000 16/07/2038
2.758 1.541 1.729 1.767 2.108 1.776 1.983 2.640 2.949 3.393 1.773 3.032 3.583 4.024 6.710 3.141 3.157 3.591 4.041 7.051 6.738 5.221 6.500 4.886 3.913 6.658 5.178 4.931 4.394 3.227 17/07/2038
11.563 9.234 6.889 7.187 10.969 5.697 6.288 10.502 10.625 5.196 5.686 6.085 5.963 2.897 0.000 5.815 5.813 5.977 2.909 0.101 5.635 4.706 5.277 1.416 6.645 5.568 4.668 0.668 2.647 0.357 18/07/2038
32.060 26.256 24.659 22.769 19.190 27.335 21.607 16.030 16.785 13.811 27.286 16.936 17.019 8.544 9.648 12.997 12.705 17.059 8.578 10.065 9.183 7.375 7.927 14.954 6.706 9.086 7.316 4.682 7.072 14.842 19/07/2038
0.000 0.000 0.000 0.000 0.000 0.000 0.100 0.000 0.000 0.000 0.000 0.000 0.000 0.000 0.000 0.000 0.000 0.000 0.000 0.000 0.000 0.000 0.000 0.000 0.000 0.000 0.000 0.000 0.000 0.238 20/07/2038
0.000 0.000 0.000 0.000 0.000 0.000 0.000 0.000 0.000 0.000 0.000 0.000 0.000 0.000 0.000 0.000 0.000 0.000 0.000 0.000 0.142 0.213 0.227 0.186 0.000 0.140 0.210 0.579 0.319 0.132 21/07/2038
0.494 0.366 0.480 0.450 0.000 0.168 0.288 0.103 0.105 0.000 0.168 0.805 0.807 0.296 0.000 0.726 0.634 0.808 0.298 0.000 1.868 0.790 1.012 1.079 0.136 1.846 0.778 3.353 2.081 0.623 22/07/2038
2.949 1.778 1.128 1.454 1.654 1.996 1.910 1.081 1.111 1.086 1.993 2.146 1.809 1.614 1.672 2.638 1.715 1.813 1.620 1.167 2.472 1.560 1.743 1.067 0.100 2.442 1.549 0.670 0.215 0.112 23/07/2038
0.697 0.742 0.722 0.935 0.586 0.000 0.254 0.514 0.397 1.192 0.000 0.209 0.200 0.248 0.707 0.179 0.133 0.200 0.251 0.547 0.406 0.276 0.344 0.492 0.342 0.402 0.267 0.327 0.203 0.164 24/07/2038
0.000 0.236 0.929 1.092 0.000 0.000 0.000 0.000 0.123 0.103 0.000 0.000 0.000 0.000 0.000 0.000 0.000 0.000 0.000 0.000 0.227 0.000 0.000 0.000 0.000 0.223 0.000 0.000 0.000 0.000 25/07/2038
5.650 5.125 3.297 3.414 1.644 4.350 3.425 3.168 3.049 1.054 4.342 1.976 2.018 1.272 0.307 3.036 1.898 2.021 1.277 0.229 2.033 1.559 1.784 1.008 0.752 2.018 1.547 0.530 0.464 0.135 26/07/2038
1.641 1.457 1.417 1.657 1.809 0.193 0.759 1.561 1.696 1.090 0.192 0.317 0.297 0.356 0.000 0.139 0.139 0.300 0.361 0.000 0.203 0.109 0.186 0.115 0.000 0.199 0.109 0.202 0.107 0.000 27/07/2038
1.232 2.041 1.220 1.441 0.355 3.160 3.437 2.234 2.412 1.643 3.154 0.744 0.967 0.360 0.118 3.656 0.590 0.969 0.365 0.122 0.155 0.149 0.341 0.183 0.186 0.150 0.149 0.000 0.112 0.117 28/07/2038
0.000 0.000 0.000 0.000 0.000 0.000 0.000 0.000 0.000 0.000 0.000 0.000 0.000 0.000 0.000 0.000 0.000 0.000 0.000 0.000 0.000 0.000 0.000 0.000 0.000 0.000 0.000 0.000 0.000 0.000 29/07/2038
0.106 0.000 0.000 0.000 0.000 0.000 0.108 0.707 0.714 1.270 0.000 1.819 1.606 4.824 1.807 0.309 1.317 1.610 4.841 1.360 3.399 5.698 6.569 2.909 2.025 3.359 5.652 3.509 2.743 2.141 30/07/2038
0.374 0.123 0.000 0.000 0.000 0.000 0.502 0.830 0.824 0.000 0.000 0.714 0.731 1.208 0.000 0.000 0.510 0.734 1.213 0.000 0.469 0.348 0.574 1.055 0.202 0.464 0.346 0.653 0.867 0.236 31/07/2038
