# 6448 6449 6450 6451 6452 6528 6529 6530 6531 6532 6610 6611 6612 6613 6614 6693 6694 6695 6696 6697 6776 6777 6778 6779 6780 6859 6860 6861 6862 6863 Date
19.741 19.644 19.768 19.573 19.424 19.888 19.742 19.723 20.090 19.565 19.892 20.509 20.727 20.127 19.799 20.426 20.592 20.683 20.111 19.938 20.287 20.294 20.361 20.310 20.287 20.387 20.395 20.171 20.380 20.285 01/08/2033
19.061 18.690 18.842 18.289 18.491 18.950 18.842 18.913 19.040 18.543 18.970 19.506 19.627 19.298 18.705 19.355 19.859 19.594 19.243 18.845 19.247 19.596 19.327 19.566 19.409 19.369 19.718 19.287 19.426 19.213 02/08/2033
19.655 19.571 19.296 17.990 17.876 19.473 19.153 19.175 18.602 18.011 19.468 19.356 18.830 18.517 17.876 19.656 19.197 18.799 18.458 17.982 19.520 19.137 18.736 18.822 18.267 19.643 19.217 18.743 19.099 18.301 03/08/2033
19.214 19.101 18.886 18.248 18.058 18.811 18.476 18.665 18.411 18.122 18.826 18.765 18.500 18.268 18.056 18.560 18.989 18.483 18.213 17.963 18.554 18.837 18.324 18.192 18.103 18.715 18.944 18.228 18.299 17.959 04/08/2033
20.461 20.237 20.085 19.567 19.824 20.065 19.661 19.993 20.282 19.990 20.089 20.135 20.398 20.174 19.968 20.315 20.622 20.370 20.101 19.973 20.489 20.463 20.243 20.275 20.125 20.643 20.586 20.311 20.353 19.859 05/08/2033
21.637 21.524 21.383 21.042 21.523 21.162 20.841 21.108 21.552 21.496 21.199 21.224 21.624 21.440 21.653 21.886 22.022 21.603 21.370 21.333 22.187 21.986 21.619 21.697 21.651 22.430 22.149 21.929 21.873 21.642 06/08/2033
21.063 20.885 20.802 20.094 19.791 20.882 20.730 20.780 20.753 20.007 20.910 20.949 20.945 20.615 20.211 20.864 21.295 20.900 20.540 20.527 20.875 21.102 20.702 20.954 20.755 21.058 21.209 20.661 20.819 20.563 07/08/2033
18.727 18.550 18.365 18.236 16.721 18.266 17.887 18.137 17.612 16.925 18.318 18.334 17.782 17.445 16.999 18.726 18.760 17.753 17.371 17.392 18.865 18.658 17.693 17.619 17.461 19.079 18.763 17.786 17.759 17.115 08/08/2033
18.515 17.932 17.529 17.171 17.350 17.964 17.110 17.220 17.850 17.431 18.011 17.666 18.199 17.582 17.323 18.270 18.814 18.178 17.521 17.531 18.459 18.576 17.943 17.628 17.675 18.684 18.734 18.064 17.760 17.449 09/08/2033
20.073 19.996 20.021 19.660 19.038 19.670 19.548 19.925 19.318 19.291 19.695 19.769 19.072 18.829 19.299 19.132 19.480 19.030 18.837 18.993 19.193 19.071 18.526 18.472 18.567 19.414 19.067 18.662 18.422 17.892 10/08/2033
18.763 18.682 19.115 18.710 18.611 18.774 18.711 19.035 18.411 18.476 18.788 19.014 18.547 18.105 18.496 18.722 19.405 18.527 18.086 18.297 18.774 19.070 18.182 18.247 18.191 18.773 19.172 18.475 18.133 17.686 11/08/2033
18.183 18.681 18.819 18.296 16.249 17.732 17.914 18.112 17.125 16.222 17.746 17.840 16.626 16.675 16.305 17.589 17.850 16.588 16.626 16.501 17.996 17.853 16.714 17.420 16.993 18.053 17.984 17.390 17.114 16.901 12/08/2033
20.694 20.590 20.541 20.165 20.003 19.367 19.599 19.910 19.891 19.809 19.388 19.727 19.689 19.504 19.296 19.326 19.989 19.675 19.495 19.133 19.946 19.842 19.544 19.945 19.551 19.979 19.897 19.450 19.515 19.478 13/08/2033
19.976 19.688 19.354 20.374 20.350 18.746 18.789 19.076 20.117 20.304 18.761 19.064 20.227 20.085 20.227 18.216 19.295 20.226 20.068 19.537 18.612 19.155 20.184 20.335 19.934 18.515 19.212 20.045 20.051 19.944 14/08/2033
22.819 22.757 22.624 21.727 21.910 21.694 21.911 22.755 22.230 22.115 21.738 22.395 21.795 21.637 21.782 21.749 22.495 21.759 21.564 21.668 22.309 22.418 21.666 21.960 21.602 22.435 22.567 21.821 21.863 21.298 15/08/2033
21.478 21.022 20.685 20.594 20.836 20.504 20.381 20.780 21.061 21.075 20.558 21.133 21.333 21.049 21.146 21.115 21.942 21.279 20.965 21.066 21.466 21.672 21.029 21.407 21.366 21.740 21.839 21.384 21.606 21.154 16/08/2033
20.957 21.076 20.644 20.342 20.270 20.428 21.057 20.710 20.875 20.257 20.450 20.736 20.884 21.003 20.418 20.568 21.286 20.871 20.964 20.399 20.649 21.260 20.790 21.195 20.943 20.765 21.322 20.827 21.321 21.109 17/08/2033
20.498 20.185 19.947 19.703 19.581 19.856 19.991 19.815 20.159 19.573 19.882 19.818 20.110 20.108 19.674 19.780 20.170 20.089 20.062 19.723 19.787 19.976 19.847 20.284 19.997 19.963 20.042 19.954 20.266 19.937 18/08/2033
20.272 19.681 19.625 19.971 21.103 19.509 19.631 19.615 21.043 21.110 19.520 19.815 21.289 21.171 21.240 20.169 21.263 21.269 21.155 21.165 20.300 20.747 20.772 21.141 21.012 20.528 20.912 20.813 20.875 20.621 19/08/2033
18.146 17.554 17.346 16.888 16.989 17.090 17.198 17.125 17.111 16.709 17.105 17.632 17.693 17.184 16.841 17.173 17.846 17.649 17.129 16.895 17.218 17.250 16.945 17.330 17.145 17.421 17.377 16.912 17.144 16.854 20/08/2033
20.247 19.233 18.841 18.718 18.672 18.429 18.509 18.493 19.081 18.397 18.459 19.396 19.939 19.233 18.468 19.087 19.650 19.899 19.143 18.717 19.629 19.014 19.384 19.958 19.501 19.906 19.188 19.605 19.541 19.151 21/08/2033
20.246 19.170 18.821 18.702 18.202 19.050 18.569 19.149 19.379 19.031 19.070 20.032 20.201 19.390 18.766 19.655 20.541 20.144 19.319 18.700 20.101 20.072 19.707 19.735 19.551 20.304 20.216 19.661 19.295 19.001 22/08/2033
19.925 18.886 19.048 18.400 19.121 18.987 18.425 19.303 19.283 19.793 18.990 19.703 19.738 18.993 18.774 19.524 19.949 19.707 18.936 18.524 19.901 19.654 19.343 19.331 19.407 20.007 19.766 19.337 18.962 18.602 23/08/2033
24.564 24.236 24.116 23.545 24.188 23.665 24.051 23.875 23.990 24.199 23.687 24.125 24.218 23.745 23.566 23.841 24.066 24.183 23.702 23.344 23.968 23.689 23.860 23.866 23.978 24.142 23.768 23.692 23.412 23.231 24/08/2033
23.507 24.030 24.229 23.282 24.495 23.560 25.022 24.525 24.616 24.702 23.546 24.709 24.794 24.780 24.491 24.174 25.176 24.791 24.795 24.284 24.153 25.027 24.711 24.802 24.841 24.130 25.059 24.408 24.216 24.482 25/08/2033
23.227 23.022 22.785 22.662 22.673 22.598 22.929 21.940 22.651 21.870 22.614 22.370 23.196 22.736 21.728 22.765 23.046 23.167 22.659 21.905 22.289 23.234 23.282 23.337 22.740 22.489 23.262 23.713 23.907 23.260 26/08/2033
24.407 24.247 23.912 24.780 24.563 23.983 23.889 23.503 24.547 24.277 24.008 23.942 25.095 24.650 24.123 24.594 24.997 25.057 24.579 24.281 24.461 24.774 24.768 24.942 25.094 24.825 24.817 25.462 25.223 24.581 27/08/2033
25.720 25.465 24.820 24.846 24.859 25.304 25.097 24.884 24.774 25.052 25.322 25.441 25.469 25.170 25.509 24.929 25.285 25.415 25.109 25.493 25.047 25.246 25.431 25.779 26.150 25.180 25.274 25.780 25.866 25.613 28/08/2033
25.177 25.035 24.782 24.412 24.731 24.954 25.342 24.781 25.038 24.806 24.956 25.177 25.478 25.131 25.221 24.814 25.211 25.460 25.118 25.242 25.046 25.216 25.511 25.419 25.789 25.194 25.358 25.651 25.791 25.690 29/08/2033
24.904 25.019 24.841 24.620 25.404 24.668 25.358 25.020 25.690 25.378 24.658 25.282 26.005 25.973 25.863 25.098 25.727 25.975 25.915 26.040 25.467 25.870 26.198 26.253 26.481 25.690 26.055 26.405 26.507 26.285 30/08/2033
26.443 26.016 25.828 25.553 25.487 26.068 25.747 26.142 26.042 25.862 26.068 26.130 26.082 26.037 25.987 26.000 26.122 26.070 26.037 26.342 26.095 26.059 26.055 26.109 26.386 26.184 26.155 26.149 26.268 26.303 31/08/2033
25.277 25.035 24.440 24.115 23.529 24.892 24.250 24.760 24.400 24.227 24.908 25.241 24.885 24.648 24.455 25.732 25.544 24.869 24.635 24.543 26.253 25.519 24.852 24.566 24.904 26.405 25.561 24.838 24.644 24.754 01/09/2033
24.591 24.482 24.009 23.769 23.785 24.293 24.049 24.301 24.542 24.132 24.317 24.754 24.826 24.861 24.626 25.396 25.136 24.804 24.832 24.642 26.230 25.414 25.064 25.063 24.998 26.397 25.487 25.271 25.107 24.974 02/09/2033
24.267 24.257 23.627 23.162 22.543 24.135 23.440 23.545 23.043 22.600 24.148 24.162 23.789 23.482 23.005 23.980 23.891 23.738 23.422 22.902 24.102 24.079 23.982 23.562 23.758 24.225 24.133 24.536 23.886 23.205 03/09/2033
22.314 21.967 21.774 21.391 21.073 22.086 20.892 21.459 21.065 20.721 22.088 21.820 21.536 21.231 20.887 22.040 21.931 21.492 21.154 20.949 21.770 21.883 21.342 21.337 21.378 21.658 21.824 21.641 21.643 21.336 04/09/2033
20.853 21.035 20.499 20.038 19.270 21.043 19.870 20.114 19.904 18.999 21.038 21.008 20.750 19.787 19.223 21.293 21.325 20.719 19.707 18.825 20.965 20.549 19.959 19.488 19.672 20.924 20.511 20.103 19.652 19.440 05/09/2033
19.741 19.546 19.186 18.726 18.028 19.304 18.054 18.719 18.764 17.930 19.322 19.759 19.753 18.922 18.525 19.446 19.684 19.723 18.842 18.474 19.682 19.590 19.724 19.760 20.024 19.771 19.655 20.289 20.321 20.295 06/09/2033
17.837 17.289 16.721 16.394 16.323 17.327 16.441 16.630 17.455 16.432 17.342 16.873 17.737 17.411 16.335 17.512 17.480 17.724 17.336 16.684 17.462 17.174 17.500 17.122 17.172 17.531 17.280 17.577 17.520 17.659 07/09/2033
17.021 16.961 16.558 16.557 15.786 16.842 16.682 16.502 17.494 16.454 16.862 16.927 18.049 17.881 16.622 17.518 17.856 18.050 17.842 17.295 17.235 17.618 17.867 17.804 17.442 17.415 17.692 17.225 17.296 17.493 08/09/2033
18.064 17.716 17.448 17.597 16.644 17.567 17.283 17.348 16.736 16.742 17.580 17.374 16.863 16.627 16.733 17.156 17.189 16.835 16.573 16.281 16.945 17.045 16.714 16.725 16.424 17.058 17.152 16.678 16.652 16.474 09/09/2033
18.859 18.317 17.946 18.152 17.345 18.181 17.745 17.831 17.770 17.264 18.207 17.988 17.970 17.727 17.379 16.947 16.809 17.931 17.652 17.481 17.035 16.699 17.857 17.915 17.608 17.302 16.904 18.033 17.928 17.476 10/09/2033
17.448 16.729 16.352 17.274 16.169 16.879 16.225 16.168 16.278 16.137 16.904 16.575 16.695 16.495 16.249 17.236 16.879 16.696 16.450 16.214 17.417 16.740 16.538 16.616 16.199 17.717 16.834 16.526 16.353 16.082 11/09/2033
15.687 15.049 14.882 15.085 14.987 15.086 14.240 14.300 14.643 14.686 15.109 14.778 15.111 14.675 14.598 15.777 14.887 15.105 14.657 14.316 15.900 14.874 15.121 14.761 14.354 16.026 15.047 15.102 14.601 14.439 12/09/2033
15.296 14.544 14.340 14.953 14.907 14.489 13.602 14.219 14.858 15.075 14.509 14.604 15.167 14.552 15.167 14.606 14.822 15.145 14.519 14.826 14.830 14.668 15.026 14.559 14.463 14.939 14.772 15.172 14.811 14.348 13/09/2033
17.694 17.339 17.026 18.289 18.327 17.638 16.902 17.123 18.445 18.621 17.621 17.422 18.729 18.226 18.877 17.262 17.219 18.712 18.192 18.280 17.068 17.034 18.602 18.498 18.118 17.174 17.108 18.538 18.174 17.887 14/09/2033
18.699 18.661 18.240 18.182 17.540 18.790 18.537 18.311 18.106 17.760 18.777 18.716 18.671 18.056 18.256 18.437 18.469 18.644 17.983 18.336 18.188 18.286 18.432 18.460 18.345 18.111 18.358 18.389 18.324 18.133 15/09/2033
19.343 19.187 18.961 18.896 18.955 19.258 19.101 19.069 19.450 19.065 19.274 19.387 19.783 19.209 19.206 19.661 19.768 19.744 19.134 19.092 19.445 19.381 19.327 19.291 19.002 19.590 19.519 19.267 19.217 18.859 16/09/2033
20.600 20.553 20.561 20.386 20.610 20.794 20.434 20.751 21.250 20.643 20.816 20.912 21.430 20.808 20.885 21.188 21.513 21.388 20.741 21.033 21.273 21.172 21.030 21.273 20.990 21.456 21.253 21.287 21.244 20.864 17/09/2033
23.310 23.052 22.613 22.295 21.739 23.048 22.581 22.511 22.489 21.541 23.089 22.820 22.794 22.333 21.876 23.279 22.882 22.762 22.330 22.055 23.420 22.798 22.690 22.722 22.141 23.594 22.882 22.884 22.541 21.935 18/09/2033
20.237 20.059 19.795 19.849 18.667 20.031 19.375 19.725 19.568 19.222 20.066 20.305 20.254 19.554 19.282 20.277 20.375 20.240 19.530 19.474 20.298 20.263 20.104 20.209 19.815 20.317 20.314 20.230 20.236 19.947 19/09/2033
18.972 18.275 17.727 17.272 16.716 18.217 17.306 17.573 17.997 16.915 18.232 18.277 18.801 17.720 17.102 19.132 19.484 18.784 17.661 17.373 19.193 19.421 18.686 18.288 18.155 19.211 19.431 18.926 19.126 18.823 20/09/2033
20.070 19.316 18.697 18.764 18.207 19.211 18.393 18.709 18.867 18.468 19.213 19.383 19.625 18.970 18.979 19.968 20.360 19.606 18.920 18.922 20.245 20.483 19.703 19.491 19.341 20.377 20.541 20.037 19.888 19.703 21/09/2033
19.666 19.607 18.790 18.570 17.276 19.417 19.050 18.746 18.962 17.446 19.424 19.117 19.299 18.711 17.386 19.381 19.789 19.275 18.669 17.923 19.191 19.123 18.604 18.635 18.174 19.319 19.171 18.840 18.710 18.273 22/09/2033
19.058 18.764 18.539 18.239 17.660 18.656 18.531 18.414 18.105 17.784 18.672 18.754 18.597 18.192 17.793 18.837 19.002 18.536 18.174 17.807 18.752 19.106 18.662 18.451 18.164 18.951 19.146 18.875 18.459 17.792 23/09/2033
18.183 18.128 17.725 17.108 16.288 17.879 17.868 17.649 16.907 16.442 17.900 17.927 17.308 16.994 16.499 18.576 17.900 17.272 16.965 16.474 18.611 18.027 17.394 17.262 16.950 18.658 18.083 17.533 17.257 16.893 24/09/2033
18.523 18.236 18.126 18.041 17.398 18.214 18.066 18.197 18.412 17.927 18.217 18.305 18.621 18.668 18.283 18.725 18.868 18.579 18.606 18.623 18.890 19.327 19.007 19.113 19.351 18.916 19.392 19.266 19.273 19.064 25/09/2033
18.486 18.384 18.641 18.225 18.350 18.249 18.242 18.757 19.210 18.794 18.268 18.656 19.105 19.296 19.003 18.623 19.492 19.067 19.240 19.346 18.792 19.595 19.197 19.412 19.582 18.982 19.775 19.360 19.477 19.250 26/09/2033
20.603 20.885 20.977 20.482 20.291 20.398 20.510 21.021 20.617 20.292 20.424 20.361 20.013 20.106 19.946 19.705 20.242 19.966 20.032 20.171 19.920 20.397 20.104 20.321 20.409 20.078 20.490 20.525 20.443 20.261 27/09/2033
17.908 17.133 16.990 16.759 16.250 17.529 16.501 17.401 17.364 16.492 17.580 17.584 17.540 17.579 16.541 17.784 17.726 17.480 17.513 16.982 18.084 18.126 17.777 17.708 17.374 18.248 18.211 17.730 17.659 16.915 28/09/2033
17.670 16.954 16.498 15.872 15.811 17.108 16.203 16.921 17.018 16.544 17.126 17.351 17.444 17.389 16.738 17.568 17.976 17.412 17.346 16.983 17.841 18.376 17.875 17.610 17.968 17.986 18.424 17.721 17.431 17.202 29/09/2033
17.605 17.016 17.084 16.214 15.953 17.148 16.408 17.331 17.144 16.512 17.187 17.431 17.202 17.247 16.550 17.890 17.215 17.190 17.246 17.386 18.247 17.380 17.397 17.104 17.481 18.452 17.424 17.211 16.941 17.029 30/09/2033
19.991 20.158 20.147 19.747 18.840 19.821 19.744 19.903 19.757 19.077 19.824 19.681 19.461 19.501 18.661 20.927 20.438 19.467 19.539 19.233 20.405 20.038 19.037 19.195 19.385 20.422 20.006 19.010 18.899 18.902 01/10/2033
20.738 20.587 19.801 19.660 19.003 20.602 19.813 19.780 19.825 19.201 20.611 20.376 20.539 19.848 19.534 21.440 20.902 20.548 19.823 19.940 21.215 20.668 20.306 20.013 20.522 21.356 20.671 20.124 20.328 20.510 02/10/2033
20.360 20.388 19.681 19.371 19.689 20.310 20.878 20.075 20.126 19.689 20.320 20.309 20.412 20.147 19.524 20.581 20.910 20.402 20.104 19.939 20.520 20.834 20.282 20.411 20.392 20.613 20.807 20.302 20.354 20.277 03/10/2033
20.222 20.539 19.932 19.435 19.714 20.164 20.766 20.102 19.961 19.689 20.163 19.983 19.909 20.003 19.569 20.998 20.530 19.897 20.016 19.825 21.014 20.699 20.010 20.325 20.101 20.951 20.756 20.039 20.090 20.105 04/10/2033
18.718 19.556 19.049 18.769 18.979 18.801 19.160 19.036 19.446 19.124 18.820 18.972 19.395 19.591 19.221 19.753 19.827 19.382 19.556 19.414 19.875 19.959 19.507 20.037 19.695 19.970 20.042 19.681 19.740 19.775 05/10/2033
18.469 18.822 18.742 18.504 18.553 18.503 18.482 18.721 19.202 18.708 18.519 18.584 19.015 19.249 19.066 19.509 19.422 18.995 19.201 19.040 19.639 19.479 19.027 19.429 19.410 19.770 19.524 19.295 19.454 19.256 06/10/2033
19.955 20.175 19.743 20.036 20.251 19.472 19.368 19.460 20.590 20.265 19.500 19.488 20.643 20.500 20.645 19.990 20.482 20.596 20.382 20.384 20.252 20.339 20.477 20.698 20.747 20.502 20.547 20.838 20.779 20.423 07/10/2033
18.284 17.717 17.283 16.769 16.856 17.918 17.448 17.515 18.072 17.161 17.947 18.033 18.654 18.441 17.940 18.461 19.225 18.625 18.385 18.424 18.651 19.176 18.610 18.650 18.642 18.788 19.260 18.851 18.701 18.483 08/10/2033
19.165 19.257 19.316 18.981 19.267 19.082 19.139 19.193 19.655 19.003 19.098 19.095 19.560 19.772 19.174 20.123 20.581 19.542 19.749 19.548 19.989 20.512 19.469 19.650 19.648 19.993 20.480 19.867 19.749 19.362 09/10/2033
19.002 18.371 18.401 18.612 18.102 18.559 18.049 18.127 19.189 18.079 18.587 18.672 19.669 19.439 18.437 19.468 19.942 19.651 19.427 19.317 19.396 19.682 19.315 19.529 19.606 19.405 19.667 19.634 19.546 19.363 10/10/2033
16.607 15.894 15.839 15.341 15.725 15.985 15.254 15.496 15.759 15.715 16.005 15.614 15.859 15.503 15.885 16.268 16.689 15.827 15.470 15.652 16.378 16.360 15.486 15.546 15.824 16.548 16.394 15.925 15.884 15.626 11/10/2033
14.399 13.986 13.808 13.754 13.951 13.833 13.385 13.559 13.913 14.263 13.858 13.870 14.264 14.415 14.554 14.038 14.474 14.233 14.384 14.621 14.576 14.627 14.591 14.935 14.556 14.739 14.692 14.763 14.731 14.675 12/10/2033
12.755 13.912 14.461 14.366 14.879 12.452 13.280 13.942 14.274 14.857 12.476 12.574 12.965 14.002 14.604 12.260 12.848 12.950 13.964 14.606 12.661 12.764 12.775 13.833 14.477 12.789 12.837 12.573 13.375 14.060 13/10/2033
14.378 14.241 14.039 13.760 13.900 14.733 14.404 14.093 14.025 13.733 14.743 14.515 14.472 14.088 13.869 14.459 14.422 14.458 14.051 14.045 14.577 14.579 14.675 14.350 13.711 14.664 14.659 14.724 14.550 13.923 14/10/2033
13.777 13.954 14.110 13.832 14.272 13.554 13.921 13.869 14.176 14.257 13.565 13.644 13.977 14.034 14.287 13.603 14.117 13.954 14.012 14.145 13.347 14.025 13.824 14.166 14.183 13.381 14.041 13.783 13.977 14.000 15/10/2033
15.672 15.928 16.022 15.579 15.958 15.489 15.989 15.705 16.709 15.758 15.504 15.480 16.568 16.662 15.645 15.002 15.886 16.569 16.641 16.621 14.743 15.813 16.483 16.738 16.668 14.668 15.824 16.528 16.704 16.665 16/10/2033
14.877 15.183 15.434 14.761 15.122 14.839 15.180 15.115 15.144 14.931 14.854 14.921 14.960 14.844 14.592 15.176 15.527 14.971 14.846 14.987 14.949 15.390 14.816 14.872 14.945 15.068 15.491 15.101 15.176 14.992 17/10/2033
14.830 15.108 15.238 14.892 15.757 14.455 14.717 15.071 15.563 15.630 14.481 14.630 15.117 15.286 15.513 14.859 15.134 15.116 15.255 15.575 14.816 15.165 15.188 15.311 15.554 15.055 15.239 15.166 15.577 15.480 18/10/2033
14.931 15.314 15.154 14.854 15.342 14.950 15.270 15.128 14.962 15.146 14.959 14.891 14.755 14.736 15.108 15.626 15.669 14.758 14.762 15.018 15.567 15.534 14.600 14.813 15.080 15.595 15.487 14.529 14.818 14.852 19/10/2033
16.076 16.401 16.617 16.789 17.152 16.436 16.286 16.634 17.371 16.753 16.447 16.295 17.026 16.865 16.741 16.659 17.764 16.984 16.831 16.778 16.592 17.340 16.645 16.823 17.386 16.796 17.527 17.305 17.512 17.469 20/10/2033
14.198 14.310 14.105 14.317 14.258 14.255 14.223 14.440 14.976 14.364 14.274 14.229 14.774 14.803 14.619 14.149 14.573 14.761 14.783 14.639 14.328 14.663 14.837 14.929 14.994 14.467 14.773 15.239 15.382 15.259 21/10/2033
9.817 9.585 9.281 9.288 9.803 9.479 8.936 9.197 10.370 9.986 9.505 9.325 10.483 10.289 10.089 9.650 9.558 10.469 10.234 10.072 9.674 9.593 10.521 10.339 10.147 9.764 9.685 10.633 10.638 10.579 22/10/2033
9.602 9.550 9.373 9.577 9.281 9.365 9.142 9.615 10.127 9.463 9.379 9.635 10.159 10.043 9.804 9.746 9.956 10.150 9.991 9.891 9.809 9.704 10.020 10.502 10.101 10.150 9.822 9.919 10.438 10.326 23/10/2033
11.086 10.937 10.608 10.377 9.359 10.721 10.297 10.479 10.373 9.208 10.752 10.686 10.617 10.164 9.304 10.828 10.271 10.591 10.107 9.450 11.087 9.900 10.300 10.283 9.821 11.265 9.975 10.271 10.144 9.539 24/10/2033
8.643 8.659 8.932 8.594 8.218 8.739 8.494 8.564 8.529 7.901 8.743 8.611 8.628 8.200 7.903 9.117 9.167 8.609 8.173 8.030 9.334 8.790 8.159 8.182 7.508 9.392 8.815 8.371 8.257 8.079 25/10/2033
7.664 7.888 8.344 7.983 8.431 7.863 7.838 8.348 8.091 8.456 7.878 8.273 8.017 7.845 8.279 8.607 8.815 8.005 7.822 7.973 8.825 8.796 7.919 7.976 7.618 8.888 8.819 8.049 8.016 7.747 26/10/2033
8.119 8.731 9.543 8.985 9.795 8.171 8.577 9.039 9.004 9.410 8.188 8.307 8.217 8.288 8.909 8.633 9.047 8.195 8.251 8.736 8.484 9.101 8.211 8.198 8.118 8.347 9.082 8.196 8.158 7.728 27/10/2033
7.605 7.884 7.881 7.851 8.264 7.703 7.982 7.752 8.111 8.034 7.717 7.720 8.093 8.096 8.043 7.857 8.525 8.072 8.058 8.090 7.899 8.575 8.133 8.093 8.009 7.824 8.624 8.067 7.981 7.860 28/10/2033
6.187 6.321 6.028 6.155 6.729 5.996 6.471 5.783 6.302 6.511 6.021 5.856 6.411 6.523 6.621 6.199 6.509 6.376 6.483 6.339 6.069 6.587 6.447 6.517 6.372 6.079 6.600 6.401 6.428 6.379 29/10/2033
6.688 6.833 6.296 6.328 5.853 6.465 6.697 6.409 6.861 5.849 6.501 6.691 7.198 7.277 6.440 6.932 7.543 7.158 7.228 6.547 6.718 7.491 7.047 7.219 6.877 6.721 7.472 6.950 7.245 6.967 30/10/2033
6.325 5.818 5.484 5.383 4.704 5.915 5.377 5.338 5.155 4.606 5.949 5.837 5.821 5.305 4.755 6.325 6.097 5.831 5.301 4.785 6.154 5.963 5.639 5.632 5.607 6.198 5.943 5.627 5.522 5.513 31/10/2033
6.131 5.170 4.490 4.895 4.105 5.594 4.406 4.492 5.043 3.947 5.617 5.414 5.847 5.069 3.893 6.043 6.337 5.843 5.068 4.277 6.129 6.075 5.571 5.124 4.538 6.191 6.154 5.553 5.340 4.863 01/11/2033
7.333 7.581 7.703 7.489 7.562 7.211 7.215 7.642 7.914 7.563 7.223 7.461 7.730 7.804 7.448 8.008 7.747 7.744 7.808 7.636 8.116 7.451 7.594 7.751 7.618 8.271 7.506 7.636 7.722 7.757 02/11/2033
11.666 11.974 12.109 11.650 11.904 11.713 11.715 12.183 11.704 11.833 11.733 11.917 11.440 11.824 12.209 11.664 11.816 11.448 11.782 12.006 11.759 11.897 11.560 12.027 12.080 11.900 11.928 11.752 12.190 12.295 03/11/2033
12.593 12.524 12.381 12.154 12.926 12.952 12.110 12.289 13.055 12.782 12.970 13.029 13.855 13.086 12.995 14.135 14.112 13.820 13.034 13.042 14.123 14.173 13.866 14.041 13.872 14.119 14.184 13.759 13.709 13.935 04/11/2033
12.866 12.991 12.934 12.385 12.302 12.886 12.496 12.749 12.755 12.282 12.905 12.991 13.059 12.861 12.741 13.313 13.337 13.036 12.827 12.934 13.509 13.585 13.296 13.497 13.630 13.523 13.680 13.551 13.763 13.735 05/11/2033
14.581 14.661 14.723 14.175 14.461 13.846 14.270 14.245 14.506 14.395 13.925 13.950 14.150 14.226 14.422 14.779 14.707 14.062 14.107 14.118 15.170 14.679 13.971 14.537 14.532 15.258 14.662 14.424 14.544 13.832 06/11/2033
13.365 13.343 13.229 13.398 13.460 13.014 13.198 13.027 13.374 13.388 13.041 12.984 13.234 13.198 13.316 14.128 13.489 13.218 13.206 13.139 14.388 13.510 13.224 13.157 13.078 14.718 13.601 13.394 13.285 13.121 07/11/2033
15.050 15.199 14.914 14.480 14.842 14.808 14.912 14.734 15.200 14.822 14.851 14.920 15.443 15.319 15.126 14.974 15.056 15.395 15.243 15.183 15.168 15.106 15.429 15.517 15.426 15.350 15.201 15.903 15.836 15.382 08/11/2033
15.658 15.840 15.637 15.373 15.307 15.300 15.658 15.390 15.666 15.115 15.336 15.369 15.600 15.786 15.401 15.411 15.456 15.554 15.720 15.576 15.437 15.497 15.623 15.843 15.927 15.617 15.614 16.005 16.068 15.789 09/11/2033
14.441 14.424 14.263 13.896 14.144 14.047 14.020 14.162 14.383 13.959 14.074 14.081 14.304 14.516 14.099 14.139 14.290 14.287 14.451 14.102 14.264 14.389 14.362 14.671 14.527 14.432 14.446 14.579 14.673 14.164 10/11/2033
12.121 12.209 12.285 12.134 13.122 11.777 12.030 12.363 13.335 13.268 11.784 12.035 13.064 13.413 13.298 12.363 12.484 13.047 13.391 13.508 12.750 12.423 12.941 13.406 13.554 12.863 12.394 13.275 13.495 13.305 11/11/2033
12.999 13.275 13.322 12.983 13.698 12.419 13.167 12.949 13.668 13.571 12.450 12.292 12.964 13.330 13.121 12.355 12.782 12.937 13.269 13.391 12.232 12.693 12.883 13.260 13.520 12.356 12.761 13.104 12.950 12.795 12/11/2033
12.987 12.963 12.934 11.910 12.411 12.697 12.599 12.671 12.767 12.366 12.715 12.467 12.566 12.561 12.327 12.879 12.804 12.536 12.499 12.692 12.871 12.788 12.484 12.701 12.686 12.919 12.802 12.823 12.757 12.259 13/11/2033
12.555 12.921 13.103 13.150 13.017 12.363 12.517 12.611 12.731 12.706 12.374 12.205 11.969 12.279 12.479 11.695 12.305 11.979 12.265 12.500 11.830 12.205 11.973 12.054 12.038 12.137 12.468 12.228 11.931 11.859 14/11/2033
11.439 11.730 11.947 11.956 11.070 11.178 11.202 11.552 11.025 10.982 11.197 11.185 10.533 10.612 10.867 10.122 9.918 10.512 10.568 10.785 10.206 9.849 10.470 10.774 10.721 10.419 9.963 10.787 10.759 10.501 15/11/2033
9.786 9.899 9.782 8.826 8.980 9.146 8.959 9.342 9.244 8.832 9.211 9.046 8.812 8.985 8.265 9.139 9.009 8.812 8.962 8.877 8.686 9.069 8.861 8.859 8.807 7.733 9.028 8.995 9.077 8.737 16/11/2033
10.456 10.652 10.744 9.808 10.303 9.796 10.413 10.281 10.248 10.097 9.850 9.772 9.659 10.032 9.848 9.948 10.042 9.650 10.030 10.206 10.397 10.137 9.836 9.831 10.126 10.835 10.253 10.131 10.173 9.819 17/11/2033
11.749 11.804 11.719 11.174 11.023 11.030 11.408 11.428 11.132 10.996 11.073 11.134 10.711 11.210 10.867 11.255 11.427 10.672 11.161 11.020 11.648 11.548 10.919 11.090 11.019 12.020 11.734 11.314 11.314 10.821 18/11/2033
12.631 12.682 12.560 12.126 11.829 12.449 12.579 12.391 12.237 11.938 12.477 12.679 12.474 12.364 11.893 12.831 13.072 12.449 12.309 12.049 12.963 13.090 12.492 12.463 12.358 13.198 13.245 12.638 12.627 12.115 19/11/2033
11.784 11.633 11.422 10.942 11.015 11.489 11.691 11.281 11.507 10.960 11.518 11.453 11.788 11.594 10.994 11.763 12.224 11.734 11.518 11.058 11.780 12.251 11.841 11.688 11.659 11.976 12.413 11.783 11.787 11.268 20/11/2033
13.075 12.777 12.443 12.175 12.231 12.733 12.523 12.212 12.646 12.214 12.771 12.566 13.073 12.685 12.237 13.126 13.212 13.035 12.617 12.375 13.399 13.191 13.101 12.795 12.815 13.664 13.386 13.168 13.167 12.545 21/11/2033
14.177 13.846 13.654 13.354 13.187 13.928 13.681 13.377 13.717 13.323 13.956 13.752 14.142 13.663 13.384 14.165 14.077 14.109 13.604 13.598 14.458 14.132 14.147 13.943 13.912 14.633 14.260 14.413 14.483 13.718 22/11/2033
11.611 10.240 11.600 11.261 9.958 11.091 10.046 9.841 9.969 9.923 11.122 11.396 11.413 10.177 10.076 11.720 11.842 11.387 10.132 10.199 12.207 12.075 11.708 11.448 10.374 12.367 12.197 11.969 12.027 11.712 23/11/2033
12.534 12.294 12.046 11.545 11.497 12.342 11.820 12.061 11.813 11.809 12.375 12.449 12.224 11.951 12.003 12.883 12.812 12.202 11.899 12.163 13.191 12.783 12.135 12.282 12.211 13.429 12.885 12.545 12.575 12.158 24/11/2033
7.820 7.980 8.029 7.383 6.911 7.847 7.745 7.831 6.935 7.080 7.838 8.004 7.102 7.256 7.177 8.018 7.914 7.076 7.225 7.134 7.986 7.843 6.882 7.341 7.124 7.902 7.762 7.370 7.554 7.250 25/11/2033
7.287 7.413 7.344 7.098 7.088 7.517 7.479 7.614 7.335 7.192 7.505 7.698 7.522 7.720 7.529 7.553 7.861 7.500 7.702 7.258 7.734 7.838 7.549 7.737 7.618 7.752 7.817 7.537 7.646 7.644 26/11/2033
11.453 11.574 11.621 11.605 11.552 11.462 11.632 11.628 11.941 11.471 11.475 11.503 11.826 11.698 11.342 11.584 12.033 11.793 11.627 11.457 11.863 12.453 12.230 12.440 11.946 11.936 12.570 12.677 12.793 12.455 27/11/2033
13.422 13.433 13.502 13.139 12.995 13.436 13.158 13.044 13.269 13.090 13.463 13.137 13.334 12.958 12.789 13.585 13.735 13.297 12.896 12.797 13.905 13.835 13.386 13.438 13.418 14.080 13.993 13.690 13.840 13.396 28/11/2033
8.501 8.432 8.203 8.281 7.509 8.294 8.278 8.143 8.436 7.860 8.311 8.415 8.674 8.361 8.131 8.288 9.015 8.632 8.279 7.983 8.553 9.055 8.656 8.780 8.595 8.728 9.191 8.971 8.927 8.580 29/11/2033
6.436 6.223 5.782 5.486 4.669 5.944 5.903 6.438 6.138 5.125 5.979 6.805 6.515 6.111 5.624 6.220 6.894 6.486 6.070 5.494 6.743 7.201 6.813 6.682 6.022 6.794 7.275 6.949 6.828 6.099 30/11/2033
8.309 7.983 7.517 7.458 7.733 7.643 7.243 7.544 8.154 7.927 7.675 7.923 8.464 8.075 8.047 8.465 8.991 8.434 8.016 7.849 8.815 9.097 8.542 8.449 8.178 9.016 9.191 8.738 8.624 8.081 01/12/2033
9.262 9.182 9.025 8.295 8.057 9.030 8.854 8.845 8.782 8.086 9.057 8.994 9.017 8.654 8.256 9.277 9.600 9.013 8.601 8.498 9.511 9.700 9.106 8.794 8.808 9.595 9.769 9.359 9.010 8.713 02/12/2033
5.615 5.690 5.669 5.278 4.705 5.769 5.654 5.515 5.062 4.800 5.763 5.754 5.289 5.094 5.064 5.758 6.148 5.271 5.030 4.939 5.822 6.237 5.417 5.334 5.257 5.945 6.374 5.620 5.437 5.018 03/12/2033
3.435 3.411 3.152 2.992 3.425 3.403 3.312 3.157 3.383 3.434 3.411 3.646 3.876 3.452 3.445 3.813 3.353 3.852 3.388 3.189 3.724 3.446 3.852 3.567 3.432 3.757 3.474 3.933 3.578 3.391 04/12/2033
7.182 7.331 7.093 7.398 6.886 8.039 7.913 7.235 7.171 6.867 8.031 7.938 7.865 6.971 7.017 7.561 7.592 7.822 6.908 6.474 7.553 7.553 7.712 7.199 6.863 7.688 7.623 7.636 7.399 6.671 05/12/2033
9.060 9.028 8.338 8.114 8.573 8.917 8.277 7.944 7.663 8.179 8.950 8.358 8.102 7.564 8.432 8.724 8.868 8.102 7.548 7.530 8.831 8.727 7.916 7.640 7.561 8.886 8.772 7.855 7.752 7.403 06/12/2033
7.437 7.556 7.726 6.327 7.768 7.269 7.321 7.213 7.026 7.535 7.294 7.139 6.925 6.870 7.719 8.036 9.026 6.900 6.846 7.144 8.240 9.165 6.851 7.070 7.277 8.478 9.269 7.436 7.392 6.986 07/12/2033
8.187 7.529 7.486 6.710 6.435 7.552 6.548 6.404 6.750 6.223 7.575 7.287 7.504 6.833 6.726 7.643 7.340 7.495 6.804 6.940 7.937 7.399 7.579 7.212 7.299 8.288 7.525 7.458 7.396 7.050 08/12/2033
8.666 7.897 7.711 7.175 6.892 7.889 6.961 7.338 7.290 6.931 7.920 7.716 7.630 6.955 7.017 7.455 7.402 7.624 6.966 7.114 7.660 7.020 7.105 6.742 6.792 7.825 7.067 6.826 6.793 6.563 09/12/2033
6.881 5.745 5.757 5.306 5.657 6.328 5.055 5.766 6.077 5.880 6.353 6.562 6.831 6.090 6.452 6.855 6.841 6.803 6.059 6.645 7.371 6.756 6.633 6.245 6.620 7.527 6.833 6.804 6.494 6.286 10/12/2033
7.392 7.279 7.627 7.628 7.041 7.427 7.046 7.938 7.483 7.464 7.442 8.281 7.900 7.515 7.543 8.010 8.389 7.871 7.499 7.893 8.429 8.139 7.575 7.438 7.806 8.534 8.178 7.301 7.367 7.727 11/12/2033
7.553 7.448 7.946 7.530 7.554 7.800 7.718 8.135 7.912 7.955 7.819 7.887 7.697 7.847 7.992 8.245 8.497 7.674 7.820 8.096 8.289 8.564 7.767 7.864 8.098 8.416 8.615 7.848 7.743 7.908 12/12/2033
11.088 11.315 11.584 11.559 11.142 11.095 11.237 11.612 11.339 11.204 11.116 11.099 10.793 11.130 11.284 10.483 10.673 10.779 11.113 11.468 10.451 10.644 10.722 11.130 11.341 10.572 10.714 10.852 11.070 11.009 13/12/2033
12.383 12.517 12.609 12.533 12.501 12.094 12.419 12.391 12.597 12.540 12.119 12.137 12.426 12.448 12.251 12.756 12.911 12.382 12.384 12.496 12.669 12.879 12.359 12.651 12.849 12.853 13.037 12.449 12.683 12.319 14/12/2033
12.658 12.781 12.592 12.384 12.393 12.075 12.734 12.365 12.737 12.211 12.091 11.968 12.517 12.649 12.152 11.855 11.612 12.495 12.599 12.825 11.848 11.632 12.508 12.686 12.836 12.041 11.783 12.559 12.649 12.446 15/12/2033
14.490 14.679 14.587 14.092 14.436 13.905 14.459 14.470 14.239 14.012 13.930 14.101 13.811 14.194 13.762 13.236 13.558 13.779 14.110 13.906 13.285 13.635 13.858 14.077 14.078 13.452 13.791 13.811 13.974 13.636 16/12/2033
12.914 12.961 12.800 12.869 11.995 12.725 12.677 12.648 12.496 11.776 12.743 12.712 12.557 12.450 11.835 12.145 12.760 12.529 12.389 12.326 12.354 12.832 12.611 12.451 12.580 12.454 12.849 12.625 12.611 12.438 17/12/2033
11.506 11.458 11.390 11.912 11.299 11.164 11.334 11.230 11.122 11.202 11.190 11.288 11.176 11.256 11.340 11.548 12.282 11.157 11.199 11.067 11.558 12.246 11.183 11.259 11.405 11.524 12.397 11.414 11.513 11.221 18/12/2033
10.248 9.667 9.602 9.024 10.334 9.751 9.835 9.855 10.275 10.571 9.784 10.024 10.463 10.657 10.605 9.328 9.341 10.438 10.621 10.323 9.522 9.545 10.753 10.483 11.111 9.659 9.632 10.927 11.181 10.914 19/12/2033
5.898 5.790 5.885 5.555 6.117 5.638 5.872 5.904 6.150 6.222 5.664 6.167 6.369 6.405 6.371 5.923 6.237 6.336 6.335 6.232 6.144 6.632 6.758 6.791 6.977 6.230 6.618 7.001 7.120 6.958 20/12/2033
9.132 9.062 8.917 8.679 8.061 8.575 8.969 8.817 8.182 8.021 8.598 8.916 8.194 8.320 7.869 8.715 8.773 8.220 8.339 8.192 8.826 8.973 8.488 8.371 8.296 8.892 8.927 8.359 8.337 8.400 21/12/2033
9.991 9.871 9.754 9.681 8.679 9.579 9.539 9.580 9.480 9.055 9.623 9.925 9.948 9.703 9.159 9.823 9.681 9.877 9.589 9.434 10.040 9.546 9.713 10.068 10.176 10.274 9.690 9.963 10.081 9.641 22/12/2033
10.151 10.356 10.381 9.559 9.657 10.238 10.024 10.288 10.499 9.780 10.288 10.403 10.710 10.565 9.956 9.947 10.319 10.690 10.538 10.433 10.006 10.374 10.708 10.782 10.770 10.049 10.396 10.830 11.061 10.739 23/12/2033
6.621 5.735 5.680 5.641 6.258 6.144 5.155 5.859 6.538 6.645 6.176 6.504 7.136 6.751 6.638 6.819 7.204 7.102 6.676 6.562 7.173 7.567 7.320 7.228 7.375 7.396 7.680 8.076 7.997 7.304 24/12/2033
4.601 4.420 4.140 3.711 3.436 4.232 3.794 3.861 4.050 3.423 4.262 4.351 4.550 4.150 3.666 5.265 5.214 4.521 4.082 3.967 5.519 5.155 4.412 4.509 4.432 5.611 5.133 4.485 4.505 4.281 25/12/2033
2.978 3.401 3.767 2.517 1.738 2.605 3.061 3.423 2.781 1.577 2.639 2.868 2.307 2.467 1.556 4.637 5.197 2.259 2.422 2.659 4.879 5.622 2.406 2.779 2.946 5.016 5.662 3.106 3.091 2.688 26/12/2033
5.319 5.738 5.715 5.988 6.033 4.674 5.047 5.167 5.850 5.983 4.701 4.930 5.586 5.422 5.819 5.220 5.450 5.566 5.404 5.753 5.138 5.289 5.487 5.609 5.582 5.259 5.417 5.794 5.705 5.599 27/12/2033
7.736 7.575 7.171 6.818 6.695 7.260 7.035 6.861 7.005 6.675 7.287 7.424 7.548 7.237 6.875 7.756 8.033 7.508 7.171 7.015 7.810 8.132 7.646 7.728 7.613 7.943 8.233 7.739 7.683 7.557 28/12/2033
9.357 9.217 9.009 8.754 8.476 9.033 8.591 8.745 8.892 8.425 9.056 9.148 9.220 8.992 8.466 9.301 9.268 9.197 8.934 8.723 9.271 9.004 8.924 8.989 9.038 9.383 9.044 8.990 8.907 8.889 29/12/2033
8.322 7.860 7.825 7.404 7.279 7.873 7.545 7.564 7.649 7.344 7.900 7.842 7.880 7.856 7.700 8.151 8.605 7.846 7.847 7.854 8.289 8.744 7.968 8.288 8.453 8.432 8.847 8.430 8.570 8.453 30/12/2033
4.567 4.302 4.480 4.093 5.126 4.058 3.912 4.582 5.115 5.217 4.092 4.267 4.680 5.080 5.365 4.664 4.975 4.645 5.037 5.225 4.781 5.056 4.776 5.181 5.547 4.969 5.108 4.727 5.473 5.517 31/12/2033
2.777 2.669 2.818 2.618 3.441 2.796 2.834 3.190 3.692 3.735 2.811 2.856 3.395 3.581 3.626 3.192 3.602 3.373 3.565 3.644 3.089 3.596 3.372 3.844 3.843 3.223 3.639 3.160 3.960 3.854 01/01/2034
2.190 1.879 1.650 1.462 1.516 1.903 1.386 1.533 2.106 1.981 1.920 1.891 2.478 2.119 2.236 2.313 2.462 2.468 2.079 2.197 2.508 2.353 2.340 2.356 2.443 2.617 2.434 2.374 2.434 2.419 02/01/2034
1.390 1.155 1.136 0.658 1.097 1.214 0.884 0.830 1.229 1.057 1.222 1.083 1.538 1.037 1.360 2.011 2.146 1.525 1.016 1.115 1.883 2.107 1.541 1.349 1.378 1.987 2.233 1.488 1.421 1.389 03/01/2034
1.573 1.753 1.785 2.075 2.022 1.698 1.443 1.263 1.664 1.176 1.709 1.194 1.606 0.991 1.506 1.783 1.613 1.606 0.980 1.389 1.235 1.254 1.228 1.458 1.663 1.331 1.280 1.504 1.615 1.550 04/01/2034
5.591 6.201 6.283 6.243 6.478 5.610 5.568 5.878 6.337 6.288 5.637 5.592 6.017 5.829 6.084 6.248 6.393 6.018 5.799 6.036 6.402 6.202 5.795 5.816 5.984 6.541 6.238 6.264 6.206 5.960 05/01/2034
6.100 6.303 6.502 6.406 7.137 5.736 5.840 6.254 6.954 6.965 5.768 5.910 6.662 6.660 6.787 6.524 6.966 6.632 6.594 6.600 6.549 6.929 6.636 6.762 6.819 6.698 7.005 6.828 6.961 6.642 06/01/2034
6.807 6.844 6.993 6.734 7.803 6.582 6.629 6.897 7.563 7.772 6.609 6.506 7.172 7.274 7.623 7.678 8.227 7.149 7.227 7.489 7.776 8.289 7.215 7.266 7.490 7.960 8.363 7.547 7.394 7.107 07/01/2034
8.369 8.450 8.385 7.751 8.598 7.954 8.025 8.239 9.081 8.535 7.988 8.082 8.994 8.967 8.686 8.839 9.692 8.971 8.914 8.955 8.890 9.518 8.832 8.798 8.505 9.038 9.680 8.915 8.459 8.213 08/01/2034
5.880 6.142 6.236 6.181 4.875 5.660 5.832 5.947 5.633 5.079 5.676 6.004 5.655 5.838 5.324 5.579 5.374 5.653 5.826 5.937 5.903 5.568 5.881 6.020 6.026 6.015 5.679 6.110 6.005 6.000 09/01/2034
4.627 4.885 5.003 4.909 3.742 4.523 4.483 4.694 4.402 4.024 4.540 4.825 4.429 4.618 4.358 4.348 4.450 4.425 4.596 4.740 4.691 4.487 4.467 4.735 4.886 4.809 4.535 4.794 4.863 5.012 10/01/2034
2.518 2.722 2.757 2.639 2.631 2.337 2.187 2.542 3.044 2.635 2.378 2.703 3.158 3.335 3.016 2.210 3.000 3.143 3.286 3.144 2.377 2.719 2.972 3.359 3.525 2.485 2.752 3.010 3.449 3.493 11/01/2034
7.040 7.137 7.113 6.689 6.566 7.002 6.826 7.091 7.070 6.703 7.025 7.185 7.153 7.147 7.033 7.231 7.409 7.117 7.063 7.142 7.405 7.538 7.215 7.269 7.346 7.559 7.660 7.505 7.421 7.089 12/01/2034
4.840 4.889 4.783 4.263 4.370 4.818 4.670 4.942 5.049 4.510 4.857 5.112 5.211 5.099 4.982 5.713 5.770 5.177 5.038 5.157 5.819 5.779 5.209 5.435 5.368 5.993 5.904 5.454 5.415 4.989 13/01/2034
1.508 1.583 1.384 0.972 1.043 1.360 1.308 1.418 1.525 1.261 1.385 1.532 1.654 1.499 1.570 1.956 2.101 1.644 1.439 1.659 2.438 2.315 1.845 1.999 1.889 2.567 2.431 2.418 2.434 2.144 14/01/2034
-0.113 -0.034 -0.285 -0.852 -0.953 -0.040 -0.103 -0.595 -0.519 -0.973 -0.025 -0.003 -0.032 -0.504 -0.780 0.129 0.392 -0.060 -0.574 -0.502 0.456 0.492 0.062 0.019 -0.459 0.570 0.640 0.295 0.208 -0.343 15/01/2034
0.189 -0.020 -0.366 -0.827 -0.613 -0.480 -0.703 -0.566 0.173 -0.642 -0.399 -0.277 0.220 0.038 -0.578 0.253 0.568 0.208 -0.014 -0.451 0.498 0.583 0.230 0.278 -0.016 0.666 0.683 0.442 0.377 -0.165 16/01/2034
0.049 -0.055 -0.440 -1.234 -1.069 -0.471 -0.823 -0.863 -0.545 -1.086 -0.407 -0.693 -0.575 -0.688 -1.024 -0.206 -0.028 -0.587 -0.747 -0.760 0.098 0.002 -0.523 -0.441 -0.542 0.413 0.142 -0.234 -0.258 -0.664 17/01/2034
-0.548 -0.617 -1.008 -1.839 -1.532 -1.063 -0.837 -1.274 -1.255 -1.904 -1.076 -1.422 -1.644 -1.625 -1.633 -0.230 -1.549 -1.668 -1.679 -1.488 0.126 -1.554 -1.627 -1.753 -2.217 -0.004 -1.410 -1.386 -1.840 -2.322 18/01/2034
6.110 6.620 6.244 7.048 6.491 5.893 6.347 6.129 6.761 6.501 5.904 5.921 6.408 6.546 6.578 6.974 6.524 6.400 6.550 6.837 6.891 6.276 6.158 6.389 6.047 6.887 6.217 5.907 6.005 6.098 19/01/2034
10.145 10.102 9.780 9.863 10.043 9.838 10.133 9.903 10.598 9.619 9.862 10.229 11.020 10.469 9.841 11.082 11.008 10.994 10.433 9.988 11.066 10.734 10.710 10.553 10.460 11.061 10.789 10.807 10.535 10.145 20/01/2034
10.143 10.435 10.642 10.331 10.579 10.488 10.611 11.072 10.986 10.915 10.507 11.183 11.147 11.109 10.966 11.139 11.593 11.123 11.060 11.074 11.436 11.609 11.114 11.304 11.325 11.491 11.616 11.453 11.416 11.201 21/01/2034
5.008 4.592 4.431 4.098 4.841 4.710 3.799 4.250 5.196 5.755 4.723 5.778 6.522 6.482 6.590 6.226 7.581 6.486 6.432 6.752 7.202 7.991 7.005 7.269 7.325 7.307 8.067 7.000 7.444 7.498 22/01/2034
5.052 4.876 4.888 4.565 3.889 4.840 4.427 4.616 4.517 4.006 4.841 5.031 4.938 4.931 4.362 5.093 5.273 4.922 4.877 4.982 5.484 5.497 5.166 5.215 5.214 5.589 5.541 5.301 5.408 5.347 23/01/2034
6.162 6.230 6.390 5.949 5.867 6.060 6.080 6.154 6.508 6.076 6.073 6.036 6.418 6.354 5.807 6.573 6.774 6.389 6.306 6.334 6.499 6.660 6.180 6.062 6.348 6.586 6.687 6.211 6.033 6.066 24/01/2034
6.137 6.057 6.343 6.612 6.294 5.837 5.733 6.001 6.207 6.345 5.879 5.797 6.003 6.014 6.255 6.271 6.162 5.961 5.948 6.098 6.291 6.085 5.935 5.975 6.197 6.483 6.219 6.319 6.297 5.767 25/01/2034
10.259 10.670 10.147 10.450 10.976 10.486 10.418 10.399 11.763 10.930 10.539 10.419 11.806 11.504 10.442 10.153 10.285 11.787 11.459 11.282 10.185 10.238 11.408 11.452 11.416 10.347 10.275 11.640 11.316 10.905 26/01/2034
13.707 13.763 13.536 12.917 12.788 13.401 13.905 13.647 13.985 12.740 13.397 13.554 13.888 14.046 12.638 14.757 14.767 13.902 14.063 13.319 14.859 14.787 13.991 13.879 13.597 15.010 14.983 13.652 13.829 13.757 27/01/2034
12.780 12.691 12.566 11.675 11.799 13.077 13.150 13.110 13.364 11.990 13.084 13.663 13.923 13.807 12.065 13.928 14.043 13.913 13.798 13.151 14.228 14.083 14.008 13.843 13.729 14.367 14.149 14.118 14.074 13.820 28/01/2034
10.783 10.514 10.102 9.673 9.288 10.142 9.889 9.710 9.407 8.839 10.149 9.995 9.755 9.382 8.570 10.237 10.203 9.764 9.391 8.677 10.360 10.032 9.563 9.202 9.001 10.575 10.096 9.566 9.255 8.693 29/01/2034
11.163 10.532 9.859 9.697 9.572 10.377 10.157 10.362 10.025 9.643 10.396 10.494 10.107 9.906 9.365 10.657 10.637 10.108 9.868 9.501 10.830 10.524 10.014 9.835 9.720 11.028 10.626 10.202 9.801 9.503 30/01/2034
12.341 12.193 12.461 11.885 11.915 12.192 12.335 12.444 12.556 11.967 12.206 12.558 12.624 12.689 12.271 12.007 12.549 12.616 12.688 12.801 12.289 12.549 12.660 12.756 12.888 12.483 12.665 12.680 12.760 12.936 31/01/2034
13.953 14.007 14.136 13.652 13.327 13.710 13.352 13.656 13.598 13.089 13.728 13.909 13.898 13.558 13.257 13.668 13.639 13.857 13.524 13.595 13.677 13.339 13.533 13.641 13.705 13.818 13.477 13.834 13.697 13.536 01/02/2034
13.521 13.096 13.220 13.065 12.979 13.268 12.569 12.950 12.944 12.383 13.299 13.217 13.184 12.890 12.427 13.185 13.042 13.160 12.851 12.702 13.225 13.155 13.290 13.269 13.238 13.389 13.252 13.514 14.161 13.870 02/02/2034
12.306 12.136 12.109 11.913 11.311 11.935 11.591 11.780 11.756 11.153 11.965 11.955 11.961 11.655 11.133 12.036 12.062 11.927 11.595 11.320 12.363 11.872 11.771 11.866 12.322 12.521 11.958 12.354 12.125 12.125 03/02/2034
11.417 11.407 11.140 11.101 9.985 11.309 10.847 10.819 10.704 10.113 11.337 11.176 11.122 11.074 10.457 11.096 11.013 11.092 11.018 10.475 11.408 11.126 11.224 11.281 11.218 11.563 11.205 11.635 11.449 10.988 04/02/2034
12.388 12.145 12.143 12.117 11.118 12.120 11.343 11.843 11.638 11.202 12.143 12.135 11.891 11.690 11.369 12.111 12.188 11.871 11.649 11.565 12.260 12.183 11.864 11.954 11.942 12.543 12.283 12.357 12.473 12.406 05/02/2034
12.447 12.260 12.150 11.831 11.540 12.084 11.573 11.916 12.000 11.542 12.124 12.084 12.147 12.061 11.563 11.987 12.330 12.139 12.037 11.766 11.966 12.049 11.869 11.924 11.962 12.131 12.109 12.031 12.157 12.098 06/02/2034
11.877 11.551 11.385 11.868 10.080 11.324 11.116 11.249 11.107 10.029 11.349 11.298 11.088 11.052 9.684 10.736 11.154 11.083 11.038 10.456 10.780 10.721 10.708 10.428 10.393 11.035 10.790 9.974 9.844 9.800 07/02/2034
10.615 10.288 10.466 10.568 9.747 10.271 10.201 10.402 10.457 10.111 10.292 10.643 10.683 10.526 9.993 10.112 10.842 10.674 10.514 10.271 10.238 10.217 10.081 10.184 10.012 10.437 10.270 10.079 10.005 9.897 08/02/2034
9.201 8.787 8.913 8.951 8.664 8.363 8.238 8.789 8.744 8.570 8.393 8.483 8.359 8.029 8.360 9.007 8.637 8.360 8.036 8.351 9.021 8.027 7.782 7.773 8.001 9.221 8.067 8.124 7.788 7.880 09/02/2034
9.771 9.227 8.763 8.466 8.033 8.862 8.129 8.481 8.571 8.139 8.888 8.391 8.410 8.683 8.199 9.250 9.246 8.374 8.653 8.208 9.401 9.161 8.279 8.665 8.718 9.604 9.225 8.690 8.646 8.378 10/02/2034
9.598 9.356 9.054 8.683 8.363 9.315 8.729 8.801 9.683 8.473 9.336 8.918 9.819 9.456 8.433 9.662 9.616 9.768 9.362 8.726 9.701 9.648 9.754 9.658 9.474 9.841 9.765 10.008 9.768 9.202 11/02/2034
7.976 7.677 7.589 7.729 6.505 7.646 7.080 7.470 7.283 6.674 7.678 7.961 7.770 7.481 6.875 8.308 8.499 7.755 7.455 7.024 8.511 8.637 7.894 7.702 7.777 8.612 8.712 7.999 7.956 7.818 12/02/2034
4.950 4.166 3.884 3.581 4.104 4.543 3.850 3.964 5.012 4.473 4.572 4.846 5.585 5.253 4.621 5.527 5.624 5.578 5.213 5.132 6.064 5.794 5.697 5.447 5.186 6.335 5.814 5.873 5.611 5.199 13/02/2034
8.182 8.251 8.112 7.769 7.196 7.988 7.855 8.185 7.990 7.362 8.019 8.254 8.062 7.811 7.423 8.566 8.105 8.040 7.772 7.842 8.774 7.820 7.699 7.940 7.975 8.901 7.871 7.860 7.914 7.620 14/02/2034
8.790 8.344 8.560 8.213 8.126 8.250 7.798 8.718 8.524 7.982 8.280 8.598 8.401 8.431 8.235 8.644 8.805 8.381 8.377 8.428 9.130 8.941 8.472 8.595 8.805 9.264 9.060 8.932 8.912 8.416 15/02/2034
7.781 7.818 7.688 7.395 6.791 7.616 7.589 7.676 7.565 6.650 7.645 7.703 7.613 7.570 6.928 7.754 7.892 7.595 7.539 7.156 7.831 7.748 7.494 7.657 7.541 7.990 7.866 7.877 7.674 6.922 16/02/2034
5.814 5.236 4.894 4.695 4.307 5.815 4.958 4.812 4.708 4.682 5.830 5.709 5.587 5.518 5.254 6.405 5.782 5.582 5.497 5.233 6.572 5.775 5.581 5.499 5.601 6.644 5.836 5.759 5.423 5.285 17/02/2034
5.062 4.440 3.962 4.020 3.583 4.725 4.628 4.334 3.995 4.459 4.714 4.813 4.593 4.565 4.792 5.178 4.657 4.572 4.541 4.909 5.394 4.708 4.636 4.619 4.809 5.405 4.721 4.782 4.456 4.392 18/02/2034
6.426 6.087 5.963 6.765 5.341 6.091 5.845 5.947 6.302 5.852 6.114 5.908 6.321 6.194 6.036 6.387 6.278 6.292 6.141 6.335 6.294 6.154 6.201 6.284 6.315 6.383 6.224 6.327 6.299 6.092 19/02/2034
6.887 6.850 6.759 6.352 5.441 6.590 6.248 6.784 6.847 5.548 6.644 6.878 6.863 6.881 5.781 6.584 7.552 6.842 6.855 6.951 7.098 7.578 6.874 7.094 7.212 7.253 7.722 7.179 7.260 7.151 20/02/2034
6.624 6.003 6.184 5.007 6.818 6.395 6.240 6.138 7.350 6.932 6.393 6.467 7.532 7.482 6.715 7.679 8.143 7.545 7.488 6.919 7.549 8.145 7.553 7.226 7.095 7.401 8.239 7.132 7.008 7.022 21/02/2034
7.983 7.734 7.662 6.692 6.268 8.075 7.968 7.899 7.034 6.283 8.060 8.019 7.255 7.061 6.261 8.579 7.861 7.243 7.040 6.495 8.327 7.838 7.138 7.010 6.799 8.056 7.732 7.081 6.742 6.680 22/02/2034
3.438 2.796 2.745 2.309 1.887 3.064 2.171 2.631 2.532 2.332 3.068 3.020 3.044 2.656 3.235 3.038 3.286 3.009 2.617 2.993 3.091 3.061 2.722 2.960 3.859 3.317 3.183 2.747 2.805 3.592 23/02/2034
5.029 4.850 4.361 4.216 3.706 4.817 4.785 4.295 4.469 3.896 4.822 5.129 5.271 4.585 4.259 6.380 6.712 5.266 4.553 4.003 6.415 6.484 4.988 4.913 4.799 6.383 6.648 5.046 4.950 4.721 24/02/2034
7.709 7.012 6.585 6.700 5.388 7.409 6.305 6.109 6.300 5.055 7.427 6.699 6.948 6.394 5.118 7.523 7.809 6.935 6.348 5.879 7.645 7.944 7.114 6.695 6.652 7.799 8.031 6.987 6.764 6.568 25/02/2034
6.642 5.929 5.753 5.927 4.727 5.884 5.497 5.576 5.138 4.554 5.898 5.855 5.495 5.285 4.911 6.046 5.923 5.472 5.242 4.865 6.254 6.265 5.776 5.513 5.808 6.431 6.328 6.202 6.088 6.058 26/02/2034
9.490 9.226 9.130 8.052 9.371 9.339 9.346 8.930 8.899 9.171 9.340 9.456 9.431 9.356 9.305 10.075 9.934 9.463 9.409 9.518 9.998 9.993 9.569 9.246 9.474 10.144 9.926 9.587 9.307 9.738 27/02/2034
12.550 12.456 11.842 11.115 10.927 12.631 12.014 11.413 10.780 10.829 12.652 12.525 11.767 11.678 10.924 12.207 12.178 11.780 11.689 11.113 12.098 12.121 11.733 11.592 11.770 12.242 12.140 11.726 11.673 11.876 28/02/2034
10.099 10.256 10.366 10.025 10.351 10.116 10.016 10.013 10.559 10.040 10.145 9.963 10.476 10.312 9.805 11.141 10.471 10.473 10.299 10.549 11.083 10.343 10.460 10.427 10.490 11.177 10.304 10.775 10.354 10.393 01/03/2034
9.970 10.122 9.576 9.694 8.638 9.798 9.744 9.568 9.256 8.572 9.826 9.972 9.628 9.670 9.423 10.368 11.231 9.593 9.619 9.440 10.724 11.349 9.723 10.014 10.208 10.801 11.327 10.049 10.059 9.918 02/03/2034
7.806 7.718 7.350 7.097 6.680 7.595 7.584 7.378 7.303 6.695 7.629 7.656 7.592 7.420 7.004 7.482 7.508 7.565 7.365 7.164 7.638 7.553 7.599 7.650 7.705 7.759 7.603 7.805 7.781 7.553 03/03/2034
4.558 4.959 4.822 4.452 5.934 4.418 5.163 4.930 4.741 6.242 4.453 4.952 4.586 4.444 6.228 4.386 4.981 4.567 4.434 4.741 4.441 4.646 4.317 4.383 4.616 4.527 4.663 4.366 4.383 4.398 04/03/2034
5.366 5.357 5.287 4.751 5.094 4.902 5.091 5.318 5.200 5.557 4.956 5.236 5.057 5.185 5.836 4.666 4.931 5.032 5.150 5.850 5.034 5.032 5.141 5.418 5.742 5.357 5.144 5.574 5.732 5.621 05/03/2034
5.129 4.939 4.967 4.543 5.101 4.949 4.937 5.077 5.380 5.313 4.975 5.156 5.365 5.383 5.549 5.227 5.905 5.339 5.343 5.594 5.447 5.892 5.380 5.639 5.756 5.656 5.973 5.753 5.967 5.955 06/03/2034
7.484 7.433 7.221 6.612 7.210 7.363 7.382 7.343 7.240 7.483 7.392 7.304 7.181 7.136 7.372 7.664 7.889 7.157 7.079 7.280 7.624 7.710 7.060 7.111 7.141 7.741 7.821 7.204 7.186 6.892 07/03/2034
7.847 7.805 7.392 6.892 7.153 7.729 7.828 7.596 7.693 7.423 7.750 7.956 8.094 8.065 8.095 8.302 8.340 8.069 8.002 8.166 8.559 8.596 8.337 8.635 8.509 8.703 8.716 8.945 9.013 8.416 08/03/2034
5.957 5.762 5.686 5.376 5.617 6.012 5.979 6.145 6.075 6.201 6.034 6.257 6.259 6.252 6.519 6.525 6.963 6.225 6.194 6.570 6.841 7.087 6.348 6.422 6.520 7.023 7.202 6.790 6.718 6.376 09/03/2034
7.001 6.880 7.135 7.080 7.534 7.224 7.057 7.274 7.218 8.001 7.239 7.238 7.220 7.189 8.038 8.513 7.510 7.206 7.155 7.777 8.750 7.654 7.313 7.305 7.436 8.867 7.703 7.813 7.556 7.180 10/03/2034
9.343 9.864 10.540 9.381 11.544 9.933 9.924 10.097 10.488 11.142 9.912 9.640 9.981 10.207 10.811 10.537 9.797 10.005 10.243 10.608 10.537 9.860 10.093 10.039 10.001 10.663 9.904 10.019 9.998 10.146 11/03/2034
12.048 12.255 12.192 11.825 12.323 11.915 12.083 11.980 12.129 12.205 11.933 11.768 11.904 12.023 12.032 13.743 13.276 11.873 11.916 12.233 13.393 13.259 11.824 12.062 11.916 13.362 13.311 11.963 12.082 11.706 12/03/2034
11.221 11.499 11.196 11.313 10.839 10.983 11.350 11.252 11.945 10.990 11.025 11.037 11.782 11.916 11.448 12.515 12.629 11.722 11.796 12.015 12.630 12.587 11.667 12.073 12.015 12.793 12.725 12.149 12.234 11.661 13/03/2034
10.781 10.976 11.019 10.855 10.402 10.671 11.029 11.017 11.317 10.596 10.702 11.006 11.415 11.658 11.146 11.160 11.734 11.388 11.592 11.475 11.592 12.022 11.757 12.289 12.379 11.735 12.133 12.553 12.842 12.684 14/03/2034
7.895 8.371 8.302 8.071 7.201 8.020 8.218 7.996 8.090 7.578 8.041 8.024 8.256 8.771 8.678 8.521 8.477 8.243 8.709 8.794 9.025 9.183 8.966 8.843 9.220 9.161 9.317 9.443 9.488 9.348 15/03/2034
6.841 6.913 6.888 6.437 6.872 6.724 7.180 6.958 6.929 6.626 6.745 7.016 6.957 7.168 6.876 7.335 7.771 6.933 7.115 6.893 7.565 7.922 7.065 7.302 7.081 7.705 7.971 7.258 7.310 7.107 16/03/2034
7.655 7.411 6.942 6.156 6.752 7.137 7.180 6.527 7.130 6.669 7.159 6.965 7.480 7.245 6.738 7.253 8.047 7.456 7.203 7.017 7.360 8.076 7.529 7.354 7.303 7.481 8.125 7.522 7.269 7.143 17/03/2034
9.368 9.446 9.419 8.848 9.849 9.117 9.212 9.373 10.239 9.841 9.145 9.271 10.084 10.073 9.991 10.062 10.729 10.049 10.029 10.254 10.275 10.734 10.097 10.214 10.289 10.326 10.735 10.596 10.500 10.196 18/03/2034
9.455 9.782 10.430 10.512 10.821 9.378 9.743 10.730 11.268 11.449 9.396 9.908 10.603 10.951 11.559 10.553 11.033 10.588 10.921 11.885 10.691 10.933 10.444 10.976 11.672 10.709 11.002 10.857 11.080 11.159 19/03/2034
10.182 10.328 11.166 10.573 11.453 10.048 10.586 11.548 12.012 11.698 10.063 10.775 11.358 11.853 11.592 11.039 11.724 11.328 11.805 12.103 11.192 11.600 11.207 11.662 11.912 11.289 11.695 11.603 11.681 11.311 20/03/2034
12.843 13.080 13.408 12.181 13.520 12.599 12.981 13.196 13.055 13.349 12.623 12.627 12.497 12.930 13.116 12.381 12.888 12.469 12.899 13.182 12.225 12.748 12.337 12.666 12.994 12.445 12.877 12.158 12.363 12.827 21/03/2034
13.902 13.987 14.023 13.496 14.258 13.727 13.980 13.981 13.957 14.184 13.751 13.756 13.709 13.883 14.168 13.645 13.600 13.696 13.863 14.084 13.629 13.617 13.705 13.982 14.071 13.727 13.704 13.608 13.856 14.112 22/03/2034
10.400 10.347 10.025 9.983 10.505 10.143 10.521 10.332 10.695 10.499 10.162 10.222 10.516 10.705 10.490 10.620 11.618 10.496 10.638 10.483 10.664 11.619 10.520 10.695 10.652 10.781 11.640 10.713 10.756 10.381 23/03/2034
13.123 13.115 13.081 12.655 13.745 13.029 13.118 12.923 13.336 13.350 13.047 13.065 13.395 13.199 12.813 13.026 13.121 13.380 13.165 12.780 13.169 13.078 13.313 13.218 13.029 13.391 13.154 13.337 13.157 12.849 24/03/2034
12.832 12.793 12.640 12.278 13.583 12.759 13.079 12.544 13.068 13.158 12.758 12.596 13.121 12.842 12.806 13.295 13.393 13.101 12.847 12.602 13.198 13.408 13.099 13.001 12.996 13.256 13.472 13.077 12.875 12.855 25/03/2034
11.018 11.322 11.420 11.008 12.185 11.088 11.748 11.384 11.863 12.081 11.096 11.316 11.783 11.786 12.143 11.721 12.236 11.768 11.762 12.006 11.808 12.137 11.698 11.616 12.129 11.924 12.246 11.875 11.817 12.159 26/03/2034
6.174 6.435 6.342 5.921 6.479 6.137 6.261 6.231 6.529 6.405 6.172 6.348 6.613 6.569 6.475 6.892 7.273 6.615 6.521 6.315 7.044 7.306 6.629 6.726 7.027 7.179 7.455 6.774 6.766 6.766 27/03/2034
6.216 6.011 6.070 5.781 5.879 5.971 5.825 6.062 6.155 6.245 5.994 6.152 6.306 6.344 6.448 6.884 7.295 6.299 6.286 6.688 7.043 7.272 6.281 6.500 6.906 7.169 7.394 6.449 6.640 6.693 28/03/2034
8.079 8.216 7.779 7.386 7.095 7.976 7.428 7.492 7.372 7.223 8.003 7.564 7.419 7.000 7.133 8.289 8.214 7.409 6.936 7.271 8.204 7.918 7.140 6.826 7.234 8.386 7.982 7.103 6.963 6.887 29/03/2034
10.184 10.001 10.014 9.496 10.131 10.451 9.907 10.069 10.937 10.165 10.473 10.176 11.037 10.893 10.450 11.542 10.770 11.016 10.819 10.878 11.445 10.529 10.810 10.741 10.993 11.565 10.617 10.945 10.846 10.452 30/03/2034
9.444 9.492 9.629 8.858 9.509 9.471 9.414 9.916 10.266 9.973 9.494 9.694 10.057 10.330 10.197 10.340 10.526 10.022 10.271 10.351 10.381 10.576 10.038 10.095 10.297 10.526 10.668 10.176 9.974 9.542 31/03/2034
9.654 9.541 9.507 8.914 9.228 9.497 9.386 9.314 9.427 9.251 9.515 9.567 9.652 9.472 9.327 9.461 10.045 9.621 9.404 9.434 9.371 9.855 9.391 9.684 9.782 9.475 9.884 9.419 9.778 9.579 01/04/2034
11.160 11.246 11.174 10.455 10.514 11.074 10.947 10.898 10.707 10.920 11.085 10.977 10.803 10.479 10.401 11.665 11.553 10.767 10.432 10.499 11.719 11.560 10.738 10.726 11.004 11.858 11.553 10.901 10.705 10.524 02/04/2034
11.774 12.015 11.995 11.981 11.841 11.486 11.808 11.736 12.128 11.880 11.503 11.364 11.817 11.785 11.706 11.831 12.145 11.801 11.743 11.771 11.802 12.102 11.727 11.835 11.867 11.912 12.162 11.989 11.923 11.695 03/04/2034
11.947 11.544 11.348 10.680 11.096 11.605 11.761 11.271 11.068 11.284 11.616 11.575 11.427 11.304 11.375 12.709 12.223 11.417 11.254 11.391 12.801 11.892 11.116 11.303 11.517 12.945 12.013 11.614 11.376 11.326 04/04/2034
12.369 12.118 12.134 11.376 12.250 12.158 12.333 12.244 12.974 12.499 12.176 12.234 12.974 13.112 12.759 13.188 12.796 12.943 13.060 13.185 13.268 12.850 12.946 13.273 13.489 13.400 12.937 13.312 13.423 13.258 05/04/2034
12.953 12.707 12.652 12.982 12.673 12.667 12.498 12.640 13.772 12.963 12.701 12.859 13.991 14.003 13.367 12.995 13.356 13.952 13.936 14.113 13.280 13.545 14.141 14.284 14.403 13.595 13.748 14.393 14.434 14.163 06/04/2034
13.886 13.642 13.288 13.324 14.755 13.551 13.205 13.176 14.849 14.720 13.570 13.314 15.055 14.775 14.434 12.572 13.379 15.046 14.745 14.574 12.581 13.243 14.936 14.823 15.094 12.748 13.225 14.798 14.858 14.955 07/04/2034
10.109 9.819 9.689 9.465 9.284 9.731 9.456 9.615 9.893 9.470 9.760 9.938 10.149 9.845 9.512 9.999 10.487 10.127 9.790 9.859 10.405 10.561 10.263 10.329 10.330 10.683 10.714 10.677 10.519 10.389 08/04/2034
7.069 6.747 6.517 6.521 6.645 6.699 6.289 6.507 6.922 6.937 6.730 6.708 7.116 6.893 7.204 7.520 7.896 7.081 6.831 7.199 7.624 7.826 7.021 7.260 7.342 7.733 7.930 7.310 7.472 7.361 09/04/2034
9.468 9.637 9.849 9.669 10.225 9.214 9.465 9.689 10.127 10.180 9.243 9.381 9.829 9.942 10.602 9.857 10.282 9.781 9.869 10.385 10.131 10.281 9.782 10.163 10.277 10.223 10.305 10.203 10.318 10.084 10/04/2034
10.864 11.103 11.059 10.747 11.624 10.841 11.220 11.260 11.483 11.647 10.871 11.087 11.292 11.430 11.774 11.240 12.205 11.269 11.391 11.299 11.474 11.947 11.038 11.324 11.215 11.622 12.046 11.337 11.440 11.524 11/04/2034
11.948 12.233 12.710 12.388 12.312 12.121 12.117 11.785 11.904 12.062 12.161 12.179 12.324 12.086 11.538 13.071 13.254 12.299 12.020 11.640 13.037 13.166 12.168 12.170 12.022 13.190 13.249 12.174 12.076 11.679 12/04/2034
10.380 10.380 10.116 9.638 9.878 10.432 10.413 10.129 10.114 9.845 10.446 10.490 10.525 10.434 10.251 11.694 11.738 10.489 10.350 10.457 11.847 11.749 10.526 10.647 10.697 11.981 11.870 10.793 10.702 10.350 13/04/2034
10.362 10.610 10.495 9.957 10.030 10.539 10.586 10.471 10.477 10.223 10.557 10.379 10.439 10.399 10.202 11.182 10.874 10.403 10.311 10.263 11.107 10.793 10.236 10.225 10.135 11.193 10.856 9.897 9.957 9.372 14/04/2034
7.933 7.293 7.059 6.680 6.447 8.645 8.020 7.285 6.893 6.617 8.677 8.781 8.516 8.233 6.958 9.048 8.412 8.470 8.134 6.890 9.255 8.486 8.476 8.719 8.232 9.459 8.626 8.553 8.665 7.831 15/04/2034
11.082 11.622 11.450 11.313 11.812 11.583 11.874 11.518 12.013 12.006 11.592 11.545 12.037 12.100 12.004 12.174 12.493 12.008 12.061 11.969 12.150 12.325 11.841 12.029 11.914 12.346 12.445 12.122 12.162 11.671 16/04/2034
14.458 14.263 14.252 14.274 14.229 14.075 13.381 13.648 13.912 14.149 14.091 13.677 14.019 13.601 14.054 13.917 13.871 13.951 13.480 13.918 13.704 14.170 14.152 13.991 14.105 13.723 14.279 14.677 14.400 13.588 17/04/2034
14.768 14.604 14.130 14.023 14.169 14.539 14.450 13.859 14.156 13.998 14.561 14.636 14.860 14.054 14.068 14.906 14.948 14.835 14.000 13.790 15.000 15.194 15.091 14.391 13.632 15.163 15.248 15.187 14.901 13.868 18/04/2034
15.638 15.488 15.218 14.829 14.803 15.513 15.372 15.127 15.312 14.687 15.538 15.734 15.854 15.235 14.794 16.330 16.516 15.822 15.182 14.936 16.355 16.738 16.079 15.708 15.118 16.413 16.801 16.194 16.028 15.012 19/04/2034
16.086 15.988 16.087 15.287 15.078 15.982 15.616 15.840 15.684 14.789 16.020 16.139 15.856 15.609 14.848 16.596 16.814 15.820 15.545 15.417 16.522 17.049 16.104 16.021 15.850 16.659 17.120 16.284 16.300 15.535 20/04/2034
15.313 14.871 14.914 14.309 14.493 15.201 15.078 14.922 14.949 14.871 15.214 15.015 15.042 15.055 15.094 15.686 15.947 15.048 15.035 15.364 15.621 16.012 15.083 15.155 15.376 15.698 15.997 15.348 15.390 15.177 21/04/2034
16.805 16.628 16.517 15.847 16.260 17.067 16.802 16.985 16.999 16.805 17.075 17.178 17.189 17.452 17.119 18.181 18.793 17.187 17.406 17.486 18.172 18.925 17.430 17.395 17.162 18.086 18.955 17.572 17.496 16.924 22/04/2034
17.533 17.365 17.280 16.732 16.636 17.676 17.540 17.550 17.468 17.127 17.689 17.726 17.612 17.761 17.513 18.330 18.735 17.607 17.705 17.814 18.463 19.004 17.944 17.903 17.929 18.406 19.113 18.224 18.169 17.684 23/04/2034
16.038 15.665 15.641 15.320 15.321 15.577 15.290 15.387 16.234 15.775 15.620 15.514 16.357 16.251 16.309 16.509 16.587 16.314 16.138 16.401 16.664 16.646 16.416 16.328 16.539 16.889 16.811 16.255 16.273 15.970 24/04/2034
15.105 15.127 14.952 14.721 15.386 15.012 14.674 14.441 14.651 15.055 15.029 14.798 15.014 14.463 15.081 15.116 15.376 14.982 14.422 14.808 15.370 15.440 15.149 14.580 14.942 15.488 15.557 15.247 14.839 14.798 25/04/2034
13.140 12.626 12.513 12.297 11.223 13.018 12.182 11.588 11.122 11.259 13.041 12.395 11.916 10.875 11.381 13.074 12.324 11.889 10.804 11.132 13.269 12.377 11.980 11.319 11.310 13.467 12.428 12.129 11.494 11.077 26/04/2034
10.184 9.847 9.526 9.844 9.070 9.955 9.155 9.225 9.591 9.346 9.988 9.938 10.185 9.572 9.428 10.334 10.212 10.143 9.495 9.543 10.706 10.294 10.178 10.000 9.745 10.864 10.377 10.494 10.497 9.665 27/04/2034
9.860 9.213 9.185 8.485 9.362 9.421 8.683 9.148 9.423 9.782 9.464 9.412 9.579 9.221 9.939 10.165 10.450 9.563 9.235 9.662 10.462 10.360 9.474 9.056 9.122 10.633 10.463 9.567 9.252 9.094 28/04/2034
10.387 9.782 10.036 9.708 10.247 9.915 8.962 10.068 10.382 10.730 9.935 9.842 10.184 10.149 11.159 10.123 10.648 10.154 10.090 10.964 10.434 10.322 9.797 9.996 10.601 10.597 10.446 10.048 10.014 10.094 29/04/2034
7.840 7.119 7.103 6.636 6.690 7.495 6.370 6.873 6.385 6.950 7.519 7.094 6.663 6.203 7.079 7.603 7.408 6.627 6.167 6.753 7.846 7.198 6.398 6.243 5.950 8.004 7.329 6.409 6.266 5.900 30/04/2034
8.438 8.448 8.337 8.098 7.621 8.266 8.146 8.192 8.590 7.502 8.290 8.110 8.487 8.255 7.603 8.284 8.736 8.465 8.220 8.627 8.251 8.667 8.388 8.371 8.092 8.306 8.816 8.542 8.167 8.005 01/05/2034
9.669 9.273 9.113 8.650 8.778 9.245 8.723 8.740 9.031 8.436 9.261 9.043 9.286 8.805 8.487 9.388 9.945 9.260 8.762 8.686 9.330 9.593 8.988 8.897 8.505 9.391 9.655 8.990 8.646 8.427 02/05/2034
10.126 9.536 9.304 8.965 8.080 9.534 9.223 9.301 8.956 7.856 9.555 9.532 9.210 8.723 8.509 9.675 9.508 9.158 8.652 8.601 9.835 9.430 9.054 9.132 8.735 9.958 9.566 9.315 9.229 8.752 03/05/2034
10.402 10.254 10.423 9.721 10.130 10.177 10.098 10.601 10.279 10.286 10.208 10.701 10.413 10.535 10.515 9.691 10.202 10.408 10.547 10.556 9.943 10.191 10.446 10.337 10.238 10.056 10.288 10.778 10.439 10.477 04/05/2034
10.068 9.586 9.584 9.347 8.910 9.572 8.962 8.876 8.732 8.932 9.604 9.819 9.707 8.688 9.802 9.716 10.442 9.686 8.682 9.505 10.025 10.076 9.204 9.244 9.782 10.148 10.154 9.697 9.717 9.861 05/05/2034
12.411 12.253 12.668 12.425 10.581 12.146 12.437 12.485 12.235 10.687 12.168 12.889 12.614 12.292 11.720 12.459 12.993 12.569 12.255 12.560 12.952 13.031 12.584 12.801 12.963 13.103 13.195 13.156 13.172 13.040 06/05/2034
14.034 14.212 13.655 13.552 12.597 13.825 13.395 13.354 14.003 12.932 13.830 13.647 14.334 13.361 13.170 13.815 14.394 14.309 13.308 13.404 13.678 14.301 14.215 13.844 13.661 13.864 14.397 14.702 14.153 13.325 07/05/2034
12.149 11.721 11.787 11.860 12.388 11.475 11.128 11.539 12.889 12.411 11.494 11.773 13.037 12.810 12.697 11.379 12.564 13.014 12.803 13.033 11.535 12.313 12.772 12.986 13.135 11.681 12.304 12.845 13.019 12.825 08/05/2034
12.053 11.630 11.363 11.875 10.635 11.635 11.056 10.690 11.491 10.390 11.635 11.615 12.506 10.981 10.767 11.724 12.812 12.452 10.900 11.112 11.813 12.340 11.889 11.297 11.321 11.970 12.474 11.781 11.576 11.211 09/05/2034
12.314 11.771 11.553 11.546 11.605 11.591 10.910 11.175 12.284 11.685 11.601 11.885 12.992 12.340 11.941 12.086 12.359 12.972 12.268 12.242 12.314 12.090 12.606 12.443 12.413 12.472 12.243 12.466 12.472 12.256 10/05/2034
9.692 9.187 8.547 8.159 8.324 9.069 7.966 8.014 7.614 7.796 9.090 8.679 8.322 7.275 7.820 8.879 10.298 8.292 7.175 6.833 8.832 10.004 7.896 7.700 7.246 8.961 10.145 7.937 7.997 7.281 11/05/2034
10.876 10.088 9.606 8.581 8.401 10.246 9.099 9.117 8.819 8.265 10.277 10.045 9.733 8.755 8.323 10.004 11.129 9.722 8.723 8.188 10.233 10.937 9.467 8.974 8.529 10.417 11.015 9.336 9.230 8.740 12/05/2034
12.468 11.594 11.328 11.533 11.867 11.953 10.626 11.316 11.758 12.326 11.998 11.848 12.255 11.411 12.384 11.981 11.842 12.233 11.344 11.695 12.246 11.706 12.070 11.581 11.594 12.479 11.841 12.249 11.931 11.397 13/05/2034
13.313 12.497 12.737 12.453 13.644 12.998 11.793 12.739 13.044 14.116 13.025 12.759 13.146 12.809 14.236 13.441 12.936 13.105 12.738 13.393 13.663 12.571 12.754 12.305 13.170 13.730 12.701 12.979 12.528 12.438 14/05/2034
16.478 16.091 16.247 14.515 16.035 16.411 15.902 16.477 16.330 16.552 16.425 16.208 16.057 16.494 16.897 16.246 16.404 16.056 16.500 17.095 16.796 16.501 16.213 16.130 16.756 16.908 16.639 16.491 16.223 16.373 15/05/2034
16.980 15.898 16.110 17.833 16.858 16.222 14.887 16.160 16.538 17.244 16.276 15.927 16.230 16.500 17.489 15.502 15.905 16.231 16.472 17.143 15.709 16.012 16.383 16.448 16.895 15.647 16.095 16.714 16.656 16.513 16/05/2034
18.068 17.266 17.404 16.913 15.697 17.672 16.540 17.300 16.443 15.799 17.690 17.440 16.504 15.940 15.697 16.866 17.697 16.487 15.891 15.982 17.175 17.528 16.337 16.047 15.730 17.257 17.665 16.596 16.243 15.388 17/05/2034
20.245 20.408 20.439 19.940 18.924 20.295 19.888 19.935 19.843 18.966 20.277 20.158 20.206 19.322 18.644 19.363 20.291 20.154 19.225 19.319 18.969 19.620 19.240 19.319 19.391 19.069 19.646 19.096 19.022 18.843 18/05/2034
20.455 20.318 20.253 19.723 18.248 20.184 19.946 19.954 19.463 18.467 20.190 19.804 19.402 19.071 18.102 20.678 20.989 19.369 19.024 19.221 20.352 20.674 18.993 19.016 18.830 20.414 20.690 18.967 19.000 18.863 19/05/2034
21.126 20.953 20.741 19.684 19.801 20.932 20.672 20.807 20.374 20.183 20.957 20.801 20.369 20.271 20.274 20.899 20.492 20.335 20.235 20.500 20.957 20.430 20.229 20.320 20.258 20.938 20.489 20.389 20.466 20.210 20/05/2034
20.317 20.172 20.011 19.959 19.707 20.295 20.163 20.010 20.306 19.876 20.305 20.284 20.666 20.485 20.090 21.241 21.035 20.661 20.478 20.521 21.280 21.030 20.637 20.539 20.587 21.233 21.037 20.571 20.610 20.752 21/05/2034
19.456 19.283 19.078 20.061 18.426 19.407 19.060 19.000 18.872 18.621 19.425 19.455 19.538 19.288 19.027 19.871 19.866 19.506 19.245 19.332 20.173 19.972 19.608 19.629 19.852 20.243 20.022 19.620 19.702 19.830 22/05/2034
19.020 18.359 18.295 18.303 18.499 18.832 18.316 18.566 19.071 18.661 18.859 19.113 19.548 19.514 19.177 19.780 19.926 19.515 19.475 19.511 20.469 20.305 19.926 19.633 19.452 20.551 20.335 20.377 20.045 19.778 23/05/2034
20.614 20.620 20.416 19.869 20.143 20.414 20.122 20.355 20.524 20.429 20.429 20.215 20.570 20.574 20.537 20.574 20.937 20.558 20.516 20.546 20.675 20.970 20.653 20.638 20.738 20.691 21.102 20.873 21.078 21.021 24/05/2034
24.149 24.073 23.635 23.715 22.629 24.117 23.918 23.548 23.839 22.654 24.136 23.818 24.175 23.686 22.627 24.015 24.668 24.148 23.657 23.305 24.219 24.505 23.932 23.536 23.348 24.350 24.617 23.753 23.738 23.701 25/05/2034
22.427 22.053 21.823 22.189 22.326 22.113 21.968 21.675 22.218 22.107 22.141 22.011 22.614 21.868 21.845 22.208 22.163 22.598 21.847 21.547 22.368 22.128 22.562 22.254 21.809 22.679 22.305 22.101 22.158 21.990 26/05/2034
18.699 19.817 20.649 20.293 21.047 18.787 19.298 20.216 20.895 20.929 18.825 19.098 19.708 20.691 20.696 19.431 20.195 19.729 20.651 21.005 19.679 20.227 19.809 20.503 20.993 19.843 20.321 19.507 20.606 21.101 27/05/2034
16.322 16.259 16.205 16.156 16.527 16.033 15.773 15.991 16.692 16.515 16.050 16.096 16.730 16.574 16.432 16.374 16.844 16.731 16.560 16.490 16.352 16.627 16.527 16.537 16.546 16.501 16.709 16.410 16.503 16.610 28/05/2034
14.775 14.526 14.336 13.747 13.847 14.359 14.191 14.326 13.903 13.982 14.375 14.595 14.222 13.886 14.081 14.951 14.852 14.235 13.871 13.943 15.109 14.703 14.193 13.942 13.965 15.316 14.822 13.873 13.878 14.179 29/05/2034
15.791 14.984 14.869 15.361 14.217 14.791 13.787 14.600 15.312 14.380 14.815 14.700 15.530 15.179 14.729 14.727 15.717 15.494 15.091 14.993 14.994 15.481 15.320 15.393 15.428 15.324 15.725 15.487 15.571 15.295 30/05/2034
16.775 16.269 16.217 16.012 15.713 16.427 15.891 16.331 16.796 16.137 16.436 16.475 16.932 16.710 16.639 16.529 17.164 16.910 16.680 17.106 16.761 17.230 16.956 17.093 17.132 16.977 17.365 17.116 17.091 17.113 31/05/2034
19.840 19.700 19.792 19.086 19.463 19.352 19.726 19.674 19.780 19.583 19.354 19.766 19.999 19.877 19.657 19.731 20.178 19.963 19.820 20.031 19.910 20.314 20.053 20.251 20.056 20.078 20.395 20.147 20.195 19.861 01/06/2034
21.203 21.279 21.609 21.254 22.441 20.873 20.747 21.167 22.512 22.270 20.893 21.152 22.628 22.035 22.058 20.998 21.774 22.539 21.894 22.196 21.498 22.034 22.815 22.816 22.780 21.699 22.191 23.199 23.153 22.256 02/06/2034
16.646 16.636 16.607 16.375 16.994 16.349 16.485 16.399 17.056 17.136 16.376 16.695 17.484 17.066 17.207 16.746 17.272 17.442 16.968 17.304 17.044 17.232 17.325 17.612 17.619 17.191 17.373 17.833 17.800 17.432 03/06/2034
16.610 16.737 16.569 16.477 16.724 16.556 16.240 16.250 16.758 16.460 16.594 16.671 17.358 16.657 16.569 16.531 17.393 17.318 16.596 16.494 16.614 17.124 16.921 16.964 16.763 16.824 17.251 17.049 17.026 16.775 04/06/2034
17.450 17.205 17.035 17.617 17.886 16.987 16.713 16.474 18.130 17.725 17.014 16.705 18.349 17.825 17.454 17.195 17.772 18.326 17.771 17.636 17.398 17.746 18.267 18.001 17.856 17.523 17.790 18.387 18.161 17.902 05/06/2034
19.101 18.570 18.129 17.328 18.176 18.728 18.058 18.141 18.284 18.425 18.748 18.532 18.657 18.040 18.162 19.350 19.031 18.628 18.013 18.138 19.632 19.244 18.843 18.234 18.113 19.747 19.281 19.130 18.815 18.360 06/06/2034
20.818 20.371 19.906 19.522 19.745 20.589 19.623 19.875 20.370 20.269 20.619 20.337 20.932 19.917 19.984 20.964 21.031 20.896 19.835 19.968 21.114 20.792 20.605 19.899 20.198 21.273 20.899 20.961 20.468 20.215 07/06/2034
22.121 21.242 20.849 18.845 20.677 21.109 19.743 20.577 20.697 21.078 21.174 20.712 20.805 20.026 20.232 20.996 21.030 20.771 19.939 20.272 21.399 20.909 20.653 20.235 20.269 21.746 21.030 20.979 20.523 20.030 08/06/2034
22.156 21.845 21.521 20.642 20.523 21.580 20.864 21.295 21.204 20.715 21.606 21.139 20.972 20.549 20.501 20.446 20.909 20.954 20.515 20.675 20.031 20.620 20.545 20.597 20.878 20.152 20.716 20.459 20.423 20.474 09/06/2034
19.895 19.406 18.581 18.048 18.077 19.101 18.727 17.981 18.367 17.817 19.141 18.848 19.219 18.845 17.909 19.063 19.243 19.185 18.796 17.916 18.999 19.135 19.015 19.037 18.529 19.190 19.258 19.344 19.142 18.417 10/06/2034
18.427 18.617 18.671 18.098 18.775 18.386 18.478 18.417 18.792 18.835 18.422 18.078 18.541 18.522 18.563 18.590 18.567 18.504 18.446 18.648 18.980 18.521 18.416 18.537 18.463 19.158 18.621 18.687 18.523 18.152 11/06/2034
17.784 18.544 18.695 18.140 19.337 17.321 18.629 18.503 18.815 19.322 17.360 17.809 18.038 18.337 18.947 17.649 18.450 18.015 18.273 18.923 17.763 18.214 17.790 18.092 18.146 17.980 18.299 18.077 18.235 18.087 12/06/2034
18.499 18.961 19.279 18.731 19.352 18.278 19.128 18.877 18.827 19.033 18.317 18.369 18.289 18.589 18.990 18.387 18.759 18.263 18.537 18.973 18.306 18.651 18.077 18.471 18.332 18.502 18.781 18.250 18.412 18.361 13/06/2034
18.819 19.497 19.970 19.544 19.677 18.946 20.112 20.021 19.989 19.763 18.972 19.413 19.559 20.090 19.587 19.342 19.900 19.540 20.071 19.708 19.269 19.918 19.553 19.888 19.427 19.311 19.965 19.939 19.844 19.440 14/06/2034
19.653 20.076 20.572 20.323 20.185 19.612 20.590 20.560 20.466 20.187 19.641 19.695 19.788 20.489 19.926 19.467 19.904 19.760 20.488 20.008 19.400 19.852 19.726 20.384 20.189 19.553 19.957 19.919 20.334 19.905 15/06/2034
19.085 19.800 20.168 20.009 20.348 19.259 20.303 20.124 20.155 20.276 19.277 19.260 19.473 19.979 19.948 19.276 19.696 19.441 19.934 20.072 19.164 19.678 19.430 19.902 19.718 19.273 19.785 19.544 19.778 19.446 16/06/2034
21.520 21.979 22.224 21.809 22.048 21.533 22.291 22.125 22.306 21.971 21.567 21.949 22.253 22.424 22.110 21.749 22.267 22.222 22.394 22.316 21.945 22.381 22.364 22.549 22.177 22.088 22.493 22.804 22.654 22.079 17/06/2034
22.827 23.178 23.478 22.851 23.331 22.681 23.875 23.261 23.273 23.271 22.708 22.843 22.938 23.196 23.346 22.583 22.812 22.910 23.160 23.430 22.639 22.877 22.988 23.376 23.345 22.769 22.950 23.405 23.499 23.171 18/06/2034
20.857 21.753 22.007 21.732 21.777 20.999 22.013 21.696 22.288 22.194 21.028 21.438 22.040 21.909 22.030 21.691 22.572 22.000 21.855 22.186 21.750 22.276 21.641 21.823 22.151 21.905 22.395 21.995 22.214 22.096 19/06/2034
20.292 20.862 21.024 20.587 20.920 20.155 20.962 20.522 20.938 21.097 20.180 20.256 20.676 20.767 21.097 20.230 20.804 20.638 20.710 21.059 20.266 20.449 20.302 20.751 21.017 20.445 20.595 20.536 20.948 20.737 20/06/2034
20.406 20.455 20.625 19.883 19.828 20.085 20.367 20.496 20.500 19.832 20.117 20.217 20.228 20.422 20.298 19.906 20.355 20.188 20.353 20.463 20.165 20.116 20.016 20.412 20.559 20.402 20.323 20.226 20.475 20.395 21/06/2034
19.045 19.068 19.382 18.915 19.299 18.713 19.279 19.310 19.567 19.403 18.753 18.948 19.158 19.547 19.818 18.923 18.880 19.146 19.518 19.792 19.094 18.772 19.045 19.358 19.538 19.210 18.897 19.346 19.460 19.251 22/06/2034
20.534 20.493 20.560 20.353 20.295 20.572 20.957 20.524 20.602 20.262 20.608 20.482 20.614 20.685 20.234 19.988 20.866 20.602 20.672 20.686 20.189 20.871 20.622 20.708 20.449 20.272 21.020 20.842 20.905 20.573 23/06/2034
23.954 23.642 23.645 23.578 24.439 23.618 24.205 23.895 24.331 24.532 23.643 23.610 24.092 24.276 24.449 23.663 24.109 24.076 24.241 24.535 24.252 24.178 24.184 24.225 24.179 24.472 24.314 24.482 24.433 24.048 24/06/2034
23.360 23.119 23.359 23.195 24.352 23.311 24.238 23.847 24.472 24.657 23.344 23.795 24.255 24.202 24.796 23.943 24.088 24.240 24.116 24.557 25.074 24.794 24.826 24.258 24.192 25.216 24.820 24.840 24.620 24.264 25/06/2034
23.289 22.900 22.890 22.732 23.733 23.125 23.547 23.286 23.998 23.854 23.144 23.345 24.020 24.324 24.214 24.223 24.268 24.017 24.261 24.539 25.193 25.043 24.702 24.630 24.719 25.349 25.079 24.958 24.786 24.807 26/06/2034
22.756 22.285 21.862 20.636 20.947 22.426 22.103 21.893 21.816 21.235 22.446 22.255 22.235 21.784 22.014 22.910 22.654 22.185 21.694 22.479 23.596 23.075 22.523 22.341 22.716 23.730 23.218 23.177 22.487 22.072 27/06/2034
23.764 23.520 23.227 23.018 22.440 23.802 23.254 23.355 23.371 22.488 23.831 23.619 23.710 23.332 22.979 24.256 24.218 23.669 23.362 23.387 24.970 24.725 24.163 24.125 23.923 25.057 24.831 24.062 23.643 23.523 28/06/2034
25.546 25.570 25.198 24.359 24.702 25.521 24.964 25.305 25.156 25.021 25.538 25.503 25.410 25.057 25.179 25.987 25.479 25.397 25.001 25.098 26.462 25.784 25.704 25.787 25.404 26.594 25.921 25.622 25.389 24.944 29/06/2034
24.881 24.615 24.174 24.119 23.874 24.698 23.791 24.418 24.493 24.156 24.727 24.661 24.736 24.386 24.331 25.108 24.837 24.718 24.350 24.568 25.596 25.148 24.954 24.988 24.829 25.721 25.260 25.087 24.877 24.439 30/06/2034
24.464 23.740 23.605 22.985 23.617 24.547 23.533 24.008 24.040 23.909 24.546 24.299 24.348 23.931 24.057 24.585 24.393 24.319 23.912 24.240 24.920 24.689 24.585 24.469 24.520 24.640 24.650 24.825 24.516 24.358 01/07/2034
26.162 25.778 25.398 25.105 25.102 25.819 25.475 25.309 25.561 25.397 25.835 25.728 25.975 25.376 25.545 25.221 25.841 25.932 25.321 25.775 25.803 26.003 26.083 26.080 25.958 25.792 26.021 26.348 25.917 25.448 02/07/2034
25.323 25.085 24.784 24.139 24.107 24.834 24.646 24.366 24.576 23.944 24.846 24.833 24.944 24.288 24.039 24.842 25.309 24.918 24.231 24.084 25.201 25.480 25.120 24.649 24.386 25.192 25.447 24.970 24.598 24.169 03/07/2034
23.326 23.333 23.374 22.885 23.194 22.904 23.226 22.877 23.579 23.127 22.907 22.842 23.574 23.431 23.256 23.074 23.760 23.544 23.365 23.531 23.082 23.750 23.482 23.523 23.185 23.002 23.698 23.556 23.153 23.043 04/07/2034
22.204 22.439 22.755 22.615 22.611 21.927 22.483 22.473 22.860 22.308 21.953 21.941 22.338 22.549 22.506 22.345 23.001 22.298 22.495 22.450 22.448 23.062 22.333 22.543 22.566 22.556 23.133 22.628 22.370 22.190 05/07/2034
22.932 23.372 23.598 23.009 23.094 22.660 23.389 23.408 23.573 23.046 22.674 23.003 23.155 23.308 23.085 22.715 23.562 23.134 23.295 23.005 22.834 23.497 23.112 23.382 23.066 22.858 23.535 23.425 23.336 22.973 06/07/2034
22.902 22.680 22.529 23.087 22.736 22.140 22.175 22.141 22.533 22.661 22.160 22.332 22.841 22.464 22.914 22.789 23.045 22.806 22.428 22.328 23.372 23.184 22.917 22.512 22.267 23.521 23.265 22.944 22.450 22.191 07/07/2034
25.398 24.983 25.236 25.325 24.633 24.670 24.357 24.793 24.584 24.533 24.695 24.867 24.604 24.269 24.370 24.515 25.005 24.622 24.280 24.276 24.924 24.893 24.567 24.278 24.164 25.082 24.930 24.427 24.097 23.764 08/07/2034
20.850 21.286 21.608 20.986 20.567 20.552 20.892 20.919 20.525 20.266 20.574 20.877 20.393 20.484 20.159 20.766 21.156 20.369 20.468 20.055 20.839 21.125 20.359 20.534 20.514 20.969 21.201 20.396 20.544 20.452 09/07/2034
17.460 17.640 17.551 17.493 16.612 17.320 16.607 16.894 17.094 16.391 17.346 17.446 17.761 17.465 17.184 17.564 17.891 17.720 17.406 17.084 17.850 18.459 18.160 18.327 18.116 18.093 18.540 18.313 18.334 17.608 10/07/2034
15.410 15.576 15.464 16.124 15.736 15.465 14.527 14.847 15.745 14.887 15.511 15.614 16.546 15.970 15.325 16.010 17.014 16.532 15.956 15.162 16.555 17.236 16.709 17.088 16.282 16.870 17.309 17.270 16.937 16.043 11/07/2034
17.209 17.530 17.135 16.643 16.779 17.174 16.855 16.921 17.207 16.577 17.203 17.124 17.385 17.202 16.778 17.107 17.805 17.366 17.151 16.957 17.497 17.974 17.582 17.733 17.739 17.645 18.089 17.796 17.966 17.909 12/07/2034
18.789 19.314 19.042 19.036 18.801 18.974 19.577 19.346 19.639 18.748 18.993 19.091 19.383 19.324 18.953 18.732 19.600 19.370 19.273 18.958 18.845 19.588 19.303 19.491 19.113 18.928 19.706 19.088 18.967 18.773 13/07/2034
18.641 18.835 18.377 18.051 18.378 18.744 18.396 18.677 18.905 18.718 18.765 18.983 19.352 19.607 19.308 19.043 19.697 19.330 19.522 19.218 19.219 19.817 19.451 19.843 19.885 19.332 19.928 19.680 19.541 19.084 14/07/2034
18.857 18.785 18.393 18.203 18.151 18.966 18.685 18.649 18.925 18.506 18.985 19.244 19.599 19.842 19.647 18.917 19.857 19.576 19.781 19.707 19.021 19.507 19.172 19.585 19.909 19.144 19.608 19.647 19.612 19.373 15/07/2034
18.167 18.046 17.788 17.406 17.926 17.659 17.340 17.501 17.974 17.997 17.710 17.514 17.921 17.671 17.974 17.930 17.679 17.900 17.633 17.846 18.117 17.644 17.928 17.855 17.699 18.293 17.745 18.943 18.793 18.164 16/07/2034
18.417 18.328 17.988 17.470 18.108 17.734 17.773 17.971 17.962 18.101 17.772 17.942 17.907 17.927 18.449 17.684 17.865 17.864 17.871 17.862 18.079 17.953 17.957 18.036 18.159 18.332 18.021 18.588 18.610 18.091 17/07/2034
19.239 19.009 18.324 17.745 18.145 18.757 18.237 18.429 18.667 18.522 18.800 18.709 19.000 18.632 18.836 18.885 18.931 18.971 18.584 18.527 19.067 19.007 19.064 18.830 18.777 19.211 19.063 19.365 19.133 18.730 18/07/2034
19.367 18.939 18.421 17.419 17.675 18.941 18.378 18.444 18.546 17.954 18.962 19.226 19.295 18.944 18.727 19.406 19.238 19.268 18.904 18.805 19.718 19.417 19.501 19.377 19.242 19.865 19.484 19.781 19.518 19.165 19/07/2034
20.390 20.046 19.502 19.416 18.862 20.116 19.604 19.705 20.236 19.583 20.141 20.313 20.821 20.377 19.948 20.530 20.402 20.800 20.322 20.239 21.042 20.482 20.885 20.624 20.416 21.229 20.580 21.120 20.815 20.234 20/07/2034
19.556 19.022 18.214 18.115 18.100 19.559 18.243 18.776 19.233 18.297 19.574 19.273 19.660 19.346 18.710 19.432 19.033 19.634 19.304 19.070 20.028 19.443 20.104 19.783 19.715 20.311 19.624 20.640 20.348 19.686 21/07/2034
19.067 19.051 19.015 18.169 18.724 18.942 18.997 19.043 19.093 18.734 18.961 19.305 19.312 19.260 19.089 19.088 19.470 19.291 19.245 19.059 19.433 19.644 19.465 19.465 19.371 19.588 19.730 19.539 19.677 19.317 22/07/2034
19.822 19.908 20.049 19.710 19.986 19.685 19.887 19.886 19.852 19.816 19.701 19.951 19.840 19.819 19.832 19.567 20.000 19.828 19.807 19.634 19.812 19.794 19.642 19.738 19.682 19.911 19.875 19.824 19.947 19.545 23/07/2034
20.949 21.066 20.628 20.129 19.869 20.949 20.641 20.548 20.374 19.838 20.962 20.672 20.476 20.294 20.196 20.911 20.877 20.451 20.259 20.235 20.916 20.898 20.552 20.412 20.568 20.958 20.975 20.556 20.600 20.598 24/07/2034
20.408 20.410 19.772 19.859 19.614 20.749 19.896 19.769 20.319 19.677 20.787 20.625 21.029 20.246 19.775 20.518 20.867 21.006 20.208 20.070 20.388 20.715 20.832 20.472 20.448 20.583 20.806 20.888 20.570 20.326 25/07/2034
22.878 22.721 22.192 21.371 21.731 23.047 22.316 22.367 22.619 22.046 23.060 22.965 23.252 22.781 22.226 23.136 23.524 23.227 22.771 22.596 23.235 23.530 23.236 22.881 22.864 23.333 23.561 23.298 23.030 22.774 26/07/2034
26.703 26.447 26.304 25.436 26.304 26.481 26.201 26.395 27.177 26.443 26.497 26.429 27.241 27.049 26.553 26.950 27.267 27.220 26.981 27.152 27.144 27.330 27.248 27.389 27.416 27.381 27.382 27.474 27.570 27.354 27/07/2034
29.941 30.408 30.060 29.294 28.692 30.041 29.847 29.957 29.039 28.839 30.063 30.035 29.139 29.284 29.086 28.781 28.495 29.127 29.242 29.264 28.819 28.759 29.327 29.307 29.373 28.823 28.748 29.424 29.120 29.002 28/07/2034
30.834 31.067 30.831 30.520 29.911 30.648 31.101 30.796 30.949 30.172 30.672 31.005 31.172 31.331 30.386 30.805 30.843 31.149 31.274 30.901 30.939 31.109 31.370 31.499 31.107 30.906 31.133 31.665 31.301 30.928 29/07/2034
29.264 29.614 29.817 29.028 29.826 29.313 29.454 29.641 29.374 29.610 29.315 29.663 29.424 29.459 29.418 29.631 29.654 29.396 29.373 29.273 29.845 29.630 29.339 29.743 29.963 29.989 29.703 29.841 29.763 29.750 30/07/2034
28.273 28.416 28.788 28.353 28.429 27.903 28.039 28.465 28.377 28.063 27.917 28.157 28.074 28.132 27.911 27.500 28.169 28.061 28.069 28.060 27.597 27.968 27.853 28.285 28.679 27.865 28.067 27.550 27.944 28.391 31/07/2034
