# 6448 6449 6450 6451 6452 6528 6529 6530 6531 6532 6610 6611 6612 6613 6614 6693 6694 6695 6696 6697 6776 6777 6778 6779 6780 6859 6860 6861 6862 6863 Date
22.806 23.462 22.896 22.132 21.650 22.564 22.234 22.743 22.413 21.316 22.598 22.829 22.404 22.051 21.635 21.997 22.741 22.404 22.038 21.844 21.662 22.538 22.183 22.558 22.303 21.759 22.549 22.142 22.407 22.435 01/08/2040
24.182 24.070 24.017 23.143 23.433 23.769 23.501 23.998 24.214 23.258 23.772 23.105 23.356 23.551 23.587 22.727 23.292 23.325 23.531 23.671 22.469 22.883 22.907 23.171 23.396 22.558 22.933 23.590 23.441 23.103 02/08/2040
22.984 23.014 22.766 22.306 22.408 22.582 22.996 22.716 22.755 21.960 22.594 22.289 22.297 22.143 22.162 22.073 22.512 22.277 22.085 22.380 21.526 22.173 21.947 22.250 21.742 21.582 22.216 21.954 21.881 21.558 03/08/2040
23.051 23.505 23.472 22.575 22.816 22.652 23.358 23.049 23.079 22.390 22.654 22.438 22.450 22.391 22.022 22.565 22.873 22.405 22.347 22.447 22.280 22.636 22.233 22.529 22.252 22.361 22.728 22.189 22.284 22.251 04/08/2040
23.089 23.387 23.237 22.387 20.991 22.624 23.399 22.739 21.871 20.824 22.627 22.357 21.570 21.773 21.216 22.106 22.035 21.531 21.710 21.858 21.921 21.865 21.426 22.004 21.888 22.189 22.043 21.985 22.053 21.768 05/08/2040
23.912 23.845 23.480 23.180 23.261 23.301 23.907 23.249 23.029 23.089 23.323 22.975 22.805 23.171 23.194 23.016 22.919 22.815 23.147 22.983 22.846 22.826 22.767 23.233 23.183 23.105 22.904 22.922 23.143 23.162 06/08/2040
27.676 27.513 27.237 25.690 27.087 27.327 27.273 27.269 27.166 26.840 27.345 27.406 27.287 27.147 26.762 27.248 26.802 27.270 27.088 26.900 27.254 26.921 27.325 27.316 27.018 27.394 26.879 27.696 27.440 27.052 07/08/2040
24.554 24.748 25.317 24.450 25.251 24.281 24.557 24.927 24.992 24.882 24.308 24.618 24.633 24.565 24.630 24.117 24.775 24.590 24.504 24.406 23.867 24.465 24.232 24.659 24.994 23.988 24.533 24.235 24.469 24.617 08/08/2040
20.621 20.845 21.084 20.761 19.827 20.416 20.613 19.797 19.746 19.930 20.415 20.854 20.790 21.124 19.899 20.624 20.893 20.760 21.088 21.085 20.551 20.840 20.726 21.437 21.484 20.705 20.916 20.799 21.421 21.167 09/08/2040
19.167 19.575 19.507 19.306 19.593 18.920 19.194 19.134 19.290 19.600 18.932 19.205 19.327 19.509 19.819 18.914 19.390 19.312 19.454 19.795 18.899 19.551 19.430 19.938 19.870 18.989 19.650 19.590 19.905 19.834 10/08/2040
19.018 19.208 19.503 19.287 19.816 18.594 19.135 19.666 20.058 20.178 18.623 18.937 19.657 20.037 20.284 18.974 19.532 19.612 19.952 20.446 18.759 19.364 19.469 20.286 20.434 18.924 19.490 19.151 20.049 20.414 11/08/2040
20.877 21.073 21.392 20.579 21.060 20.399 20.797 21.272 21.435 20.966 20.433 20.550 20.706 21.090 21.042 20.265 21.154 20.692 21.067 21.398 19.788 20.628 20.249 20.589 20.718 19.977 20.735 19.622 20.154 20.345 12/08/2040
19.208 19.281 19.234 18.769 18.773 18.917 18.844 18.924 19.083 18.775 18.939 19.152 19.379 19.257 18.904 19.092 19.839 19.363 19.205 19.059 19.126 19.859 19.382 19.755 19.385 19.324 19.984 19.561 20.020 19.619 13/08/2040
21.253 21.411 20.865 20.385 20.494 21.046 20.916 20.528 20.728 20.379 21.053 21.109 21.329 20.926 20.316 20.820 21.526 21.308 20.895 20.241 20.015 21.163 20.885 21.205 20.538 20.173 21.290 20.661 21.119 20.615 14/08/2040
21.668 21.884 21.529 20.907 21.246 21.361 21.678 21.497 21.626 21.307 21.378 21.812 21.756 21.855 21.574 21.747 22.508 21.734 21.822 21.604 21.340 22.234 21.450 22.019 21.611 21.471 22.312 21.135 21.919 21.354 15/08/2040
23.470 22.939 22.925 22.778 23.322 23.082 22.519 22.930 23.398 23.175 23.100 22.940 23.409 23.648 23.676 23.242 23.572 23.381 23.603 23.850 23.149 23.414 23.249 23.777 24.033 23.335 23.514 23.398 23.757 23.494 16/08/2040
24.674 24.669 24.890 25.108 25.099 24.767 24.759 24.871 25.506 24.628 24.776 25.069 25.782 25.579 24.849 25.182 25.659 25.770 25.514 25.236 25.207 25.405 25.518 25.555 25.573 25.339 25.527 25.443 25.431 24.932 17/08/2040
22.979 23.011 22.778 22.805 21.575 22.593 22.316 22.400 22.813 21.375 22.619 22.641 23.088 22.565 21.251 22.468 23.038 23.062 22.511 21.564 22.495 22.587 22.641 22.301 21.876 22.547 22.607 22.484 22.345 21.966 18/08/2040
21.498 21.350 21.155 20.757 20.425 21.508 21.135 20.966 20.581 19.965 21.503 21.494 21.169 20.448 20.109 21.468 21.943 21.175 20.440 20.010 21.255 21.682 20.904 20.549 20.110 21.296 21.710 20.421 20.316 20.202 19/08/2040
20.059 20.114 19.969 19.398 18.689 20.110 20.014 19.850 19.387 18.759 20.109 20.162 19.599 19.496 18.744 20.264 20.274 19.591 19.486 18.893 20.227 20.222 19.545 19.633 19.312 20.324 20.320 19.407 19.669 19.532 20/08/2040
19.593 20.014 20.148 19.628 19.434 19.892 20.230 20.239 20.002 19.339 19.916 19.687 19.563 19.957 19.382 19.737 19.924 19.528 19.906 19.629 19.789 19.886 19.445 19.848 19.781 19.907 19.960 19.714 19.888 19.636 21/08/2040
19.787 20.075 20.114 19.822 20.027 19.576 20.070 19.908 20.081 19.713 19.598 19.716 19.893 20.021 19.665 19.619 19.889 19.850 19.954 19.861 19.600 19.770 19.736 20.034 19.922 19.834 19.887 19.921 20.080 19.701 22/08/2040
17.907 18.303 18.457 18.029 18.378 18.015 18.212 18.243 18.420 18.500 18.034 17.884 18.118 18.182 18.109 17.978 18.382 18.099 18.122 18.343 18.061 18.316 18.033 18.342 18.619 18.176 18.398 18.512 18.803 18.788 23/08/2040
19.265 19.436 19.670 19.284 19.987 19.185 19.650 19.420 19.759 19.749 19.217 19.229 19.562 19.593 19.741 19.840 19.706 19.543 19.553 19.655 19.925 19.628 19.452 19.640 19.626 20.097 19.669 19.682 19.792 19.678 24/08/2040
20.755 20.661 21.124 20.482 21.192 20.105 20.642 20.786 20.627 21.003 20.134 20.023 19.869 20.363 21.102 20.559 20.411 19.838 20.279 21.160 20.777 20.363 19.792 20.246 20.798 20.905 20.390 20.571 20.553 20.396 25/08/2040
22.263 22.294 22.956 22.430 23.291 22.121 22.872 22.916 23.106 23.603 22.127 22.168 22.498 23.016 23.441 22.575 22.726 22.473 22.979 23.479 22.629 22.979 22.699 23.138 23.197 22.761 22.983 23.182 23.323 23.124 26/08/2040
22.489 22.299 22.688 22.306 23.716 22.113 22.553 22.717 23.046 24.027 22.131 22.153 22.544 22.944 23.893 21.743 22.068 22.515 22.891 23.499 21.823 22.213 22.659 22.870 23.051 21.997 22.314 22.946 22.982 22.801 27/08/2040
22.427 21.966 22.233 21.940 23.122 21.790 22.078 22.208 22.896 22.951 21.809 21.789 22.506 22.670 23.071 22.241 22.049 22.479 22.597 23.244 22.226 22.227 22.650 22.904 22.895 22.443 22.335 22.798 23.168 22.933 28/08/2040
20.272 20.176 20.029 19.436 19.941 20.016 20.429 20.056 20.293 20.086 20.053 19.988 20.190 20.043 19.880 20.430 20.677 20.176 19.970 19.935 20.281 20.562 20.041 20.211 19.959 20.454 20.686 20.513 20.526 20.129 29/08/2040
21.153 20.972 20.993 20.776 21.646 20.435 20.899 20.712 21.958 21.777 20.471 20.480 21.490 21.642 21.946 21.003 21.454 21.471 21.561 21.954 20.980 21.138 21.177 21.534 21.615 21.261 21.326 21.547 21.716 21.542 30/08/2040
19.150 19.107 19.330 19.095 19.702 19.024 19.308 18.977 19.335 19.556 19.070 18.888 19.268 19.330 19.478 19.504 19.727 19.246 19.283 19.198 19.332 19.652 19.131 19.130 18.938 19.521 19.703 19.229 19.331 19.172 31/08/2040
20.694 20.318 19.934 20.022 20.215 20.184 19.875 19.714 20.421 19.748 20.224 19.359 19.978 19.996 19.610 20.231 20.266 19.954 19.943 19.772 20.016 20.008 19.697 19.563 19.225 20.233 20.176 19.842 19.890 19.644 01/09/2040
18.975 18.584 18.378 18.279 18.372 18.445 18.179 18.312 18.806 18.418 18.464 18.493 19.088 19.090 18.688 18.740 18.981 19.053 19.028 18.663 18.946 18.991 19.078 19.159 18.991 19.145 19.197 19.440 19.382 18.996 02/09/2040
21.222 21.115 20.532 20.685 20.086 21.106 20.808 20.219 20.646 20.199 21.113 20.447 21.011 20.736 20.454 21.418 21.273 20.985 20.694 20.681 20.901 20.935 20.610 20.832 20.768 21.077 21.093 20.833 20.774 20.332 03/09/2040
22.100 21.548 21.170 21.002 21.812 21.630 21.611 21.377 22.106 21.954 21.646 21.233 21.993 21.988 21.898 21.890 22.330 21.991 21.953 21.827 21.681 22.221 21.963 21.963 21.908 21.900 22.416 22.095 21.948 21.691 04/09/2040
21.516 21.232 21.448 21.165 21.093 21.399 21.563 21.524 21.280 21.003 21.389 21.246 20.927 21.081 20.814 21.485 21.171 20.934 21.069 21.063 21.589 21.173 20.985 21.001 20.947 21.683 21.173 21.152 21.069 21.011 05/09/2040
22.879 22.602 23.185 22.654 23.356 22.481 22.746 23.033 23.408 23.357 22.498 22.003 22.438 22.876 23.187 22.163 21.885 22.421 22.844 23.571 21.937 21.680 22.192 22.999 23.444 22.052 21.769 22.577 23.058 23.260 06/09/2040
21.066 20.900 20.608 20.332 20.474 20.536 20.505 20.851 20.896 20.547 20.559 20.664 20.692 20.906 20.586 20.582 20.716 20.686 20.868 20.773 20.546 20.931 20.914 21.111 20.922 20.652 21.044 21.164 21.052 20.858 07/09/2040
21.479 20.719 20.637 20.323 20.356 20.793 20.616 20.720 21.053 20.412 20.794 20.825 21.148 21.014 20.476 21.004 21.216 21.132 20.981 21.010 20.972 21.393 21.314 21.201 21.024 21.125 21.513 21.368 21.093 20.735 08/09/2040
21.628 20.797 20.774 20.453 20.833 21.056 20.634 20.949 21.308 20.873 21.078 21.104 21.459 21.354 21.199 21.304 21.719 21.439 21.336 21.632 21.277 21.786 21.507 21.331 21.290 21.390 21.882 21.587 21.240 20.924 09/09/2040
21.263 20.596 20.795 20.189 20.305 20.624 20.289 21.006 20.787 20.476 20.646 20.846 20.728 20.695 20.683 20.515 20.821 20.709 20.699 21.072 20.610 20.857 20.787 20.754 20.822 20.791 21.021 20.813 20.759 20.569 10/09/2040
22.349 22.389 22.599 21.708 21.628 22.110 22.342 22.546 21.977 21.470 22.133 22.159 21.592 21.693 21.168 22.668 23.336 21.568 21.690 21.775 22.611 23.385 21.669 21.619 21.676 22.627 23.454 21.731 21.633 21.563 11/09/2040
20.871 20.956 21.082 20.898 21.004 20.897 20.686 21.291 21.029 21.063 20.914 21.311 20.997 21.068 21.334 21.167 21.741 20.990 21.108 21.348 21.404 21.895 21.254 21.294 21.653 21.381 21.970 21.313 21.484 22.038 12/09/2040
20.975 20.897 20.706 20.509 20.113 20.598 20.455 20.788 20.796 20.267 20.620 20.770 20.691 20.883 20.630 20.605 20.839 20.686 20.850 20.876 20.657 20.952 20.820 21.203 21.224 20.771 21.039 21.051 21.388 21.264 13/09/2040
21.921 22.255 22.359 21.946 22.278 21.991 22.441 22.425 22.521 22.194 21.988 22.219 22.319 22.665 22.377 21.954 22.517 22.318 22.660 22.824 21.959 22.749 22.588 22.800 22.762 22.002 22.803 22.725 22.845 22.785 14/09/2040
21.628 21.855 21.713 21.425 21.765 21.581 22.011 21.648 21.708 21.791 21.579 21.356 21.396 21.878 21.641 21.726 21.977 21.402 21.889 21.994 21.702 22.246 21.738 22.050 21.767 21.758 22.348 21.821 21.802 21.992 15/09/2040
20.085 20.216 19.970 19.848 19.973 19.803 20.009 20.013 20.538 20.522 19.807 19.854 20.421 20.665 20.918 20.219 20.790 20.401 20.606 20.937 20.227 20.836 20.465 21.002 20.686 20.295 20.930 20.745 20.806 20.634 16/09/2040
19.207 18.812 18.360 17.844 17.754 18.740 18.326 18.252 18.405 17.887 18.751 18.355 18.394 18.317 17.914 18.641 19.425 18.384 18.274 18.046 18.533 19.261 18.235 18.696 18.435 18.576 19.343 18.592 18.743 18.650 17/09/2040
18.929 18.098 17.610 16.600 16.427 18.234 17.425 17.405 17.375 16.532 18.268 18.174 18.079 17.712 17.869 17.984 18.714 18.055 17.634 18.097 17.951 18.567 17.861 18.252 18.554 18.076 18.709 18.347 18.305 18.478 18/09/2040
18.907 18.241 18.087 17.370 17.095 18.137 17.560 17.976 18.633 17.397 18.174 18.111 18.826 18.490 18.043 19.388 19.115 18.746 18.342 18.550 19.431 19.187 18.739 18.959 19.040 19.592 19.218 19.354 19.287 18.713 19/09/2040
17.712 17.571 17.535 17.049 17.613 17.113 16.787 17.334 18.183 17.763 17.144 17.165 18.078 17.912 17.995 18.404 18.615 18.046 17.833 18.127 18.513 18.979 18.366 18.267 18.194 18.641 19.024 18.353 18.282 17.895 20/09/2040
19.918 19.920 19.911 19.695 19.704 19.216 19.263 19.481 19.317 19.655 19.236 19.157 18.974 18.916 19.486 19.848 19.458 18.952 18.863 19.023 19.583 19.476 19.002 19.083 19.041 19.716 19.594 18.967 19.167 18.735 21/09/2040
20.711 20.943 20.586 20.624 19.491 20.324 20.564 20.367 20.335 19.637 20.350 20.648 20.583 20.053 19.878 20.401 20.739 20.533 19.957 20.191 20.625 20.741 20.515 20.521 20.686 20.761 20.932 20.504 20.688 20.640 22/09/2040
19.788 19.380 19.484 19.281 18.905 19.258 18.751 19.342 19.597 18.986 19.286 19.253 19.629 19.371 19.155 19.584 19.453 19.600 19.318 19.356 19.844 19.469 19.543 19.536 19.830 20.005 19.521 19.455 19.423 19.558 23/09/2040
22.325 21.768 21.485 20.493 19.858 21.689 21.189 21.296 20.564 20.016 21.715 21.654 20.905 20.573 20.436 21.268 20.764 20.874 20.509 20.701 21.414 20.917 21.009 20.918 20.845 21.629 21.004 21.064 20.884 20.579 24/09/2040
20.833 20.855 20.869 20.404 20.217 20.701 20.540 20.532 20.743 20.201 20.702 20.583 20.676 20.542 20.405 20.530 21.232 20.644 20.491 20.732 20.301 21.035 20.443 20.553 20.625 20.384 21.098 20.429 20.474 20.243 25/09/2040
21.939 21.787 21.682 21.632 21.199 21.795 22.125 21.590 21.210 20.873 21.781 21.631 21.271 21.189 20.929 21.623 21.979 21.261 21.204 21.241 21.441 21.926 21.216 21.250 21.016 21.445 21.942 21.065 21.046 20.943 26/09/2040
19.423 19.456 19.280 19.120 19.598 19.407 19.399 19.376 19.923 19.576 19.412 19.605 20.032 20.043 19.882 19.584 19.798 20.013 20.020 20.136 19.541 19.708 20.032 20.258 20.287 19.668 19.845 20.171 20.301 20.228 27/09/2040
18.648 18.375 18.137 18.054 17.790 18.163 17.917 17.971 18.341 18.083 18.193 18.345 18.633 18.309 18.200 18.565 19.084 18.600 18.258 18.289 18.740 18.959 18.543 18.456 18.427 18.903 19.094 18.636 18.588 18.437 28/09/2040
17.434 17.216 16.627 16.393 17.042 17.132 16.999 16.710 17.720 17.328 17.157 17.149 18.218 18.071 17.832 17.125 17.596 18.172 17.969 18.163 17.393 17.771 18.309 18.384 18.587 17.585 17.817 18.573 18.490 18.147 29/09/2040
19.484 19.407 19.133 18.774 19.386 19.419 19.641 19.120 19.619 19.455 19.426 19.117 19.479 19.720 19.654 19.506 19.303 19.456 19.680 19.912 19.312 19.398 19.445 19.744 19.773 19.354 19.379 19.382 19.479 19.410 30/09/2040
19.355 18.920 19.183 19.004 20.879 19.142 18.845 18.935 20.127 20.473 19.144 18.962 20.193 19.882 20.500 20.256 20.215 20.167 19.859 20.140 20.053 20.215 20.140 20.090 20.027 20.036 20.299 20.127 19.982 19.906 01/10/2040
18.212 18.354 18.203 18.112 19.021 17.989 18.178 18.228 19.296 18.999 17.997 18.155 19.240 19.166 19.136 18.443 18.583 19.222 19.134 19.212 18.338 18.813 19.446 19.155 19.104 18.397 18.836 19.348 18.969 19.042 02/10/2040
18.313 18.158 18.218 18.101 18.395 18.142 18.125 18.250 18.826 18.563 18.156 18.189 18.762 18.572 18.616 18.347 18.849 18.721 18.485 18.721 18.514 18.855 18.759 18.782 18.791 18.748 19.009 18.852 18.609 18.182 03/10/2040
19.474 19.306 18.881 18.871 18.876 19.169 19.111 18.857 19.987 19.064 19.176 19.142 20.369 19.765 19.100 19.562 20.105 20.319 19.679 19.625 19.823 20.038 20.267 20.082 19.967 19.937 20.151 20.165 19.950 19.410 04/10/2040
16.429 16.428 15.948 15.745 15.764 16.134 16.185 16.160 16.386 16.173 16.148 16.385 16.620 16.434 16.452 16.322 16.534 16.597 16.392 16.219 16.488 16.522 16.557 16.421 16.290 16.554 16.610 16.585 16.391 16.062 05/10/2040
17.423 17.329 17.292 16.943 16.302 16.991 16.900 17.331 17.347 16.751 17.030 17.143 17.169 17.178 16.976 17.144 17.808 17.124 17.100 17.406 17.441 17.880 17.206 17.280 17.258 17.675 17.977 17.337 17.193 16.714 06/10/2040
17.212 17.250 17.570 17.337 17.008 17.248 17.277 17.904 18.032 17.577 17.273 17.613 17.764 17.959 17.815 17.878 18.210 17.741 17.926 18.434 17.899 18.193 17.726 18.010 18.224 17.989 18.281 17.651 17.913 17.884 07/10/2040
18.045 18.294 18.441 17.652 17.887 18.168 18.238 18.480 18.501 18.146 18.190 18.351 18.459 18.385 18.427 18.550 18.564 18.417 18.301 18.817 18.785 18.862 18.574 18.652 18.778 18.819 18.875 18.899 18.959 18.494 08/10/2040
19.873 20.000 20.061 19.786 19.802 19.980 19.839 19.438 19.702 19.145 20.004 19.778 19.934 19.485 19.060 19.730 20.001 19.905 19.403 19.383 19.940 20.088 19.971 19.511 19.562 20.116 20.079 19.998 19.801 19.234 09/10/2040
20.047 19.847 19.796 19.521 19.732 20.093 19.975 19.602 19.989 19.431 20.104 19.754 20.273 19.866 19.344 20.289 20.112 20.247 19.828 19.713 20.167 20.294 20.392 20.192 19.737 20.291 20.352 19.917 20.126 19.566 10/10/2040
19.403 19.196 19.194 19.066 18.908 19.296 19.752 19.371 19.235 19.188 19.314 19.453 19.349 19.209 19.053 19.910 19.785 19.333 19.177 19.365 19.620 20.082 19.630 19.683 19.182 19.667 20.177 19.540 19.654 19.029 11/10/2040
18.977 18.838 18.550 18.463 18.621 18.803 18.568 18.408 18.996 18.641 18.821 18.659 19.381 18.935 18.618 19.382 19.568 19.341 18.857 18.843 19.302 19.735 19.524 19.496 19.088 19.449 19.868 19.534 19.408 18.775 12/10/2040
17.974 17.522 17.513 17.109 17.195 17.556 17.009 17.116 17.360 17.296 17.590 17.256 17.513 17.228 17.426 17.815 17.937 17.507 17.193 17.545 17.673 18.103 17.669 17.788 17.751 17.742 18.128 17.719 18.027 17.825 13/10/2040
18.064 18.061 18.052 18.026 18.253 17.866 17.900 17.782 18.021 18.118 17.873 17.549 17.806 17.762 17.907 18.438 18.591 17.796 17.730 17.830 18.254 18.471 17.681 17.797 17.714 18.379 18.540 17.783 17.881 17.544 14/10/2040
18.933 18.883 18.453 17.770 18.155 18.556 18.751 18.400 18.384 18.291 18.573 18.389 18.509 18.237 18.506 20.315 20.717 18.442 18.110 18.087 20.369 20.660 18.444 18.546 18.463 20.606 20.770 18.653 18.474 17.918 15/10/2040
16.408 16.742 16.593 16.791 17.000 16.408 16.896 16.784 17.131 17.349 16.407 16.605 17.082 16.951 17.334 16.671 17.197 17.032 16.863 16.990 16.705 17.224 16.997 17.233 17.169 16.727 17.204 17.340 17.259 16.928 16/10/2040
17.193 16.496 15.926 15.827 14.786 16.547 16.164 16.003 15.641 15.133 16.579 16.316 16.048 15.505 15.300 16.595 16.282 16.014 15.431 15.027 16.588 16.218 15.888 15.678 15.331 16.587 16.214 15.917 15.920 15.366 17/10/2040
15.558 15.554 15.436 15.186 15.285 15.488 15.155 15.318 15.660 15.422 15.510 15.298 15.665 15.533 15.650 15.208 15.382 15.647 15.470 15.597 15.026 15.227 15.441 15.676 15.933 15.143 15.284 15.681 15.859 15.740 18/10/2040
18.391 18.513 18.172 17.822 17.865 17.946 18.468 18.067 18.197 17.827 17.965 17.929 18.081 18.183 18.192 17.536 17.147 18.066 18.151 18.246 17.424 17.059 17.935 17.997 17.869 17.514 17.098 18.080 17.913 17.618 19/10/2040
19.252 19.373 19.412 19.196 19.081 18.787 19.416 19.256 19.340 19.054 18.811 18.973 19.059 19.217 19.183 19.382 19.543 19.032 19.197 19.354 19.350 19.696 19.077 19.225 19.134 19.464 19.624 19.405 19.449 18.983 20/10/2040
19.038 19.240 19.100 18.772 19.129 18.608 19.179 18.991 19.283 19.163 18.651 18.876 19.200 19.170 19.247 19.006 19.615 19.158 19.139 19.169 19.140 19.543 19.068 19.211 19.108 19.268 19.600 19.369 19.351 19.051 21/10/2040
19.367 19.722 19.663 19.384 19.385 19.182 20.303 19.723 19.639 19.534 19.198 19.370 19.269 19.558 19.491 19.184 19.824 19.246 19.510 19.700 19.154 19.728 19.168 19.625 19.573 19.224 19.814 19.410 19.706 19.545 22/10/2040
17.283 17.537 17.266 17.096 17.295 16.760 17.032 16.845 17.750 17.199 16.783 16.895 17.731 17.240 16.946 17.234 18.025 17.684 17.155 17.289 17.363 17.981 17.660 17.300 17.271 17.531 18.172 18.031 17.738 17.481 23/10/2040
15.259 15.571 15.797 16.034 16.343 15.173 15.447 15.578 16.352 16.162 15.191 15.247 16.025 16.228 16.083 15.143 15.691 16.005 16.190 16.361 15.297 15.740 16.083 16.363 16.529 15.385 15.817 16.185 16.439 16.734 24/10/2040
15.369 15.438 15.313 15.185 15.602 15.644 15.540 15.609 16.210 15.691 15.671 15.730 16.291 16.226 15.620 15.813 16.250 16.266 16.186 15.766 15.681 15.972 15.977 16.046 16.207 15.770 16.048 16.202 16.317 16.263 25/10/2040
17.101 17.048 16.680 16.482 16.492 17.180 17.125 16.596 16.981 16.996 17.196 16.835 17.188 16.797 16.723 16.998 17.196 17.159 16.717 16.865 16.451 16.490 16.410 16.569 16.972 16.653 16.594 16.569 16.562 16.517 26/10/2040
15.538 15.652 15.868 15.713 16.220 15.286 15.422 15.609 16.026 16.268 15.310 15.323 15.788 15.693 16.190 15.264 15.951 15.756 15.635 16.244 15.318 15.649 15.518 15.698 16.236 15.506 15.791 15.770 15.782 16.015 27/10/2040
15.557 15.956 16.454 16.128 16.859 15.587 16.407 16.155 16.638 16.912 15.601 15.973 16.533 16.933 17.009 15.861 16.838 16.490 16.899 17.112 15.876 16.916 16.569 17.003 17.018 15.990 17.009 16.843 17.031 16.596 28/10/2040
14.890 15.276 15.398 15.054 14.331 14.953 14.950 15.113 15.255 14.400 14.969 14.674 14.770 14.841 14.901 14.587 15.454 14.744 14.794 15.011 14.734 15.312 14.648 14.894 14.853 14.832 15.327 14.693 14.988 14.778 29/10/2040
13.729 13.999 13.916 13.662 14.041 13.721 13.602 14.095 14.311 14.216 13.749 13.492 13.979 14.528 14.512 13.384 14.104 13.939 14.480 14.600 13.573 14.282 14.046 14.667 14.824 13.694 14.372 14.664 14.944 14.701 30/10/2040
13.493 14.122 14.166 13.792 13.904 13.751 14.637 14.455 14.287 13.977 13.778 13.966 13.943 14.351 14.100 13.682 14.397 13.910 14.285 14.044 13.719 14.272 13.771 14.368 14.260 13.829 14.424 14.194 14.472 14.065 31/10/2040
15.779 16.260 16.038 16.216 16.748 15.524 16.988 15.624 16.225 16.324 15.553 15.678 16.353 16.306 16.123 15.999 16.888 16.319 16.204 15.803 16.006 17.001 16.355 16.553 16.121 16.249 17.137 16.794 16.777 15.770 01/11/2040
14.703 14.668 14.318 14.075 14.472 14.145 14.373 13.994 14.398 13.797 14.168 13.981 14.410 14.129 14.089 14.326 14.637 14.385 14.089 14.069 14.318 14.609 14.285 14.294 14.573 14.545 14.751 14.392 14.391 14.068 02/11/2040
12.367 12.428 12.461 12.197 11.711 12.160 11.928 12.260 12.287 11.776 12.182 12.091 12.093 12.556 12.220 11.820 12.154 12.088 12.473 12.499 11.559 12.230 12.173 12.822 13.035 11.681 12.280 13.023 12.938 13.088 03/11/2040
12.858 13.230 13.219 12.965 12.858 12.604 12.928 13.144 13.211 12.715 12.628 12.975 13.019 13.288 13.036 12.972 13.336 13.015 13.260 13.082 12.967 13.415 13.076 13.171 13.230 13.086 13.443 13.371 13.405 13.159 04/11/2040
14.357 14.739 14.472 14.361 14.071 14.303 14.754 14.430 14.505 14.104 14.301 14.357 14.445 14.649 14.114 13.620 13.736 14.429 14.637 14.442 13.397 13.796 14.518 14.708 14.440 13.425 13.723 14.782 14.778 14.510 05/11/2040
15.024 15.420 15.590 15.498 15.816 14.981 15.525 15.419 16.110 15.846 14.991 15.181 15.894 16.137 15.781 14.866 15.347 15.868 16.112 15.941 14.799 15.484 15.958 16.291 15.993 14.908 15.565 16.187 16.349 15.958 06/11/2040
16.787 17.150 17.288 17.489 17.572 16.702 17.372 17.208 18.087 17.545 16.704 16.829 17.707 17.999 17.622 16.939 17.729 17.671 17.948 18.007 17.101 17.692 17.615 18.108 18.119 17.273 17.758 17.916 18.257 18.000 07/11/2040
18.718 18.648 18.515 18.610 19.206 18.498 18.510 18.228 19.031 18.952 18.510 18.287 19.155 18.973 18.865 18.819 19.184 19.120 18.944 18.815 18.895 19.145 19.068 19.160 19.082 19.038 19.262 19.309 19.459 19.227 08/11/2040
16.736 16.832 16.439 15.531 16.244 16.151 16.268 15.820 16.152 15.957 16.185 15.720 16.017 15.924 15.815 15.781 15.700 15.973 15.889 15.962 15.803 15.754 16.021 15.984 15.983 15.932 15.785 16.616 16.400 15.920 09/11/2040
13.413 14.043 14.551 14.100 15.055 13.188 13.829 13.904 14.314 14.593 13.220 12.847 13.190 13.666 14.131 13.556 13.892 13.165 13.629 14.064 13.713 13.860 13.112 13.378 13.511 13.887 13.907 14.045 13.808 13.352 10/11/2040
12.964 13.278 13.594 12.952 13.521 13.036 13.060 13.296 13.541 13.377 13.053 12.919 13.222 13.367 13.287 14.122 14.634 13.184 13.307 13.459 14.282 14.638 13.208 13.527 13.553 14.387 14.694 14.219 13.891 13.768 11/11/2040
12.936 12.883 12.829 12.372 12.572 13.022 12.910 12.890 12.931 12.883 13.034 13.422 13.492 13.182 13.185 13.861 13.922 13.476 13.158 12.937 14.170 14.210 13.703 13.675 13.477 14.386 14.302 14.072 13.787 13.445 12/11/2040
10.009 9.695 10.268 10.584 10.001 10.004 9.958 10.278 10.633 10.446 10.030 10.187 10.643 10.599 10.613 10.719 10.842 10.604 10.537 10.878 10.512 10.625 10.532 10.778 10.891 10.636 10.733 10.748 10.806 10.576 13/11/2040
9.480 9.072 8.485 8.706 7.971 9.347 8.842 8.515 8.676 8.263 9.370 9.347 9.665 8.596 8.189 9.810 10.023 9.627 8.541 7.869 9.835 9.755 9.244 8.860 8.162 9.966 9.842 9.471 9.149 8.398 14/11/2040
11.730 11.748 11.264 10.583 10.890 12.418 11.776 11.532 11.734 10.921 12.428 12.309 12.478 11.830 11.051 12.230 12.866 12.460 11.817 10.993 12.073 12.208 11.812 11.809 11.102 12.080 12.252 11.859 11.913 10.936 15/11/2040
12.390 12.964 12.855 12.475 13.537 12.543 12.983 12.831 13.236 12.911 12.565 12.648 13.180 13.271 12.833 12.643 13.330 13.151 13.231 12.907 12.608 13.174 12.983 13.310 13.062 12.737 13.269 13.264 13.501 13.211 16/11/2040
12.187 12.243 11.930 11.713 11.921 12.150 12.153 11.716 11.999 11.815 12.155 12.040 12.418 11.976 11.926 12.497 12.497 12.422 12.003 11.798 12.772 12.635 12.559 12.109 11.801 12.847 12.598 12.286 12.137 12.112 17/11/2040
12.643 12.036 11.662 11.240 11.656 12.508 12.132 11.449 12.063 11.362 12.528 12.203 12.759 12.094 11.171 12.782 12.792 12.737 12.065 11.409 13.154 12.950 12.898 12.379 11.810 13.298 13.037 12.739 12.512 11.905 18/11/2040
9.908 9.305 9.101 8.649 9.428 9.662 9.161 9.121 9.941 9.440 9.681 9.731 10.485 9.978 9.281 10.443 10.925 10.470 9.970 9.739 10.911 10.975 10.582 10.105 9.871 10.990 10.988 10.432 10.263 9.784 19/11/2040
10.781 10.503 10.146 9.362 8.791 10.272 9.954 10.040 9.597 8.997 10.303 10.307 9.836 9.465 8.695 10.582 10.884 9.828 9.437 8.920 10.722 10.646 9.692 9.438 8.859 10.817 10.701 9.510 9.147 8.695 20/11/2040
10.871 11.018 10.355 9.609 9.412 10.201 10.067 9.990 10.302 9.298 10.215 10.121 10.389 10.131 8.892 10.049 10.961 10.382 10.085 9.430 10.006 10.510 9.964 9.996 9.406 10.317 10.583 10.015 9.660 9.326 21/11/2040
9.289 8.982 8.329 7.890 7.040 9.087 8.324 8.405 8.100 7.146 9.106 9.031 8.854 8.305 7.622 8.826 9.127 8.867 8.283 7.829 8.727 8.830 8.573 8.386 8.039 8.813 8.883 8.557 8.477 8.354 22/11/2040
8.077 7.708 7.700 7.149 6.596 7.802 7.507 7.719 7.781 7.081 7.819 7.921 7.965 7.642 7.258 8.006 8.441 7.967 7.630 7.476 7.733 8.172 7.708 7.588 7.556 7.803 8.128 7.399 7.457 7.635 23/11/2040
7.161 7.080 7.093 6.754 6.999 7.308 6.893 7.048 7.192 7.145 7.326 7.161 7.292 6.995 6.921 7.326 7.706 7.281 6.974 6.965 7.025 7.419 6.976 6.955 6.649 7.108 7.392 6.903 6.889 6.361 24/11/2040
6.355 5.726 5.596 5.374 6.182 6.133 4.988 5.704 5.917 6.604 6.161 6.175 6.460 6.183 6.585 6.404 6.355 6.425 6.190 6.522 6.863 6.298 6.334 6.404 6.440 6.882 6.320 6.402 6.346 5.812 25/11/2040
4.808 3.707 3.283 3.148 3.211 4.466 3.136 3.471 3.561 3.645 4.484 3.979 4.068 3.553 3.377 4.355 4.542 4.037 3.530 3.544 4.716 4.497 4.043 3.847 3.585 4.817 4.569 4.074 3.812 3.288 26/11/2040
6.562 6.179 5.966 5.660 6.661 6.501 6.233 6.260 6.525 7.120 6.521 6.380 6.590 6.561 6.904 7.564 7.908 6.579 6.541 6.842 7.892 7.932 6.627 6.783 6.786 8.023 8.025 6.953 6.798 6.643 27/11/2040
8.053 8.127 8.205 7.877 8.009 7.940 7.857 7.884 8.062 7.909 7.966 7.671 7.897 7.576 7.797 8.742 9.051 7.878 7.508 7.747 8.614 8.821 7.603 7.464 7.895 8.794 8.917 7.631 7.571 7.759 28/11/2040
10.028 10.285 9.949 9.680 9.386 9.906 9.532 9.194 9.624 9.024 9.937 9.549 9.861 9.683 9.324 10.254 10.214 9.822 9.634 9.497 10.463 10.207 9.800 9.959 9.952 10.557 10.282 10.074 10.070 10.130 29/11/2040
9.697 9.920 9.752 9.382 9.445 9.661 9.699 9.300 9.543 9.438 9.690 9.427 9.680 9.769 9.524 10.026 10.272 9.644 9.699 9.570 10.318 10.377 9.733 9.893 9.699 10.570 10.488 9.960 9.928 9.619 30/11/2040
7.993 7.611 7.519 7.766 6.734 7.382 6.846 7.393 7.812 7.015 7.408 7.684 8.125 7.731 7.162 7.883 8.322 8.098 7.675 7.660 8.333 8.138 7.973 7.794 7.802 8.509 8.195 7.923 7.818 7.510 01/12/2040
6.088 5.902 5.526 5.215 4.253 5.604 4.904 5.493 5.969 4.587 5.642 5.640 6.096 6.069 5.111 6.629 4.940 6.060 5.990 6.009 6.770 4.778 5.956 6.156 6.184 6.785 4.869 6.194 6.335 5.914 02/12/2040
4.512 4.569 4.436 4.915 2.973 3.663 3.034 3.853 3.266 2.781 3.745 3.500 2.957 2.791 2.696 3.266 2.318 2.889 2.741 3.139 3.602 2.148 2.728 2.973 3.045 3.781 2.321 3.667 3.384 2.635 03/12/2040
7.580 6.953 7.070 7.976 5.582 7.911 6.725 7.299 6.009 5.547 7.982 7.656 6.314 5.762 5.668 7.801 6.897 6.299 5.704 5.733 7.994 6.930 6.233 6.012 5.566 8.075 7.078 6.461 6.312 5.861 04/12/2040
4.837 4.684 4.652 4.563 4.699 4.791 4.828 4.937 4.855 5.170 4.798 4.927 4.880 4.817 5.036 5.073 5.823 4.842 4.817 5.004 4.975 5.665 4.567 4.463 4.799 5.053 5.754 4.590 4.658 4.461 05/12/2040
2.029 2.661 3.401 3.742 3.962 2.370 3.007 3.430 3.741 4.181 2.400 3.027 3.312 3.571 3.971 2.971 4.223 3.304 3.585 4.286 2.943 3.987 3.156 3.241 3.532 3.017 4.085 3.204 3.169 3.083 06/12/2040
1.258 2.188 3.723 3.414 4.214 1.793 2.572 3.575 3.726 4.238 1.810 2.357 2.495 3.161 3.698 2.660 2.395 2.500 3.172 3.990 2.091 1.604 1.682 2.233 3.195 2.156 1.564 1.980 2.268 2.599 07/12/2040
1.401 2.172 2.906 2.457 4.174 1.468 2.275 2.616 1.655 4.244 1.441 1.571 0.883 1.388 3.884 0.689 0.664 0.855 1.347 2.117 -0.359 0.381 0.435 1.015 1.605 -0.640 0.008 0.542 1.158 1.462 08/12/2040
2.071 2.262 2.792 2.535 2.890 2.064 2.454 2.631 1.534 2.865 2.050 2.100 1.149 1.594 2.766 0.989 1.264 1.155 1.599 1.962 0.259 1.019 0.908 1.198 1.506 0.153 0.914 0.786 1.036 1.167 09/12/2040
7.048 6.875 7.055 6.819 6.572 7.032 6.919 6.933 6.437 6.628 7.047 6.925 6.534 6.500 6.505 7.495 6.974 6.505 6.447 6.173 7.626 6.909 6.478 6.527 6.364 7.779 6.945 6.762 6.831 6.570 10/12/2040
7.356 7.300 7.396 6.249 6.594 7.320 7.491 7.388 6.210 6.396 7.322 7.138 5.964 6.167 6.279 8.281 6.970 5.957 6.143 6.009 8.090 6.806 5.803 6.069 6.307 8.090 6.833 5.737 5.663 5.611 11/12/2040
5.797 5.906 5.801 4.237 5.186 5.335 5.168 5.742 5.323 5.012 5.396 5.203 4.832 4.818 4.953 5.169 5.339 4.787 4.708 4.839 5.224 5.358 4.783 5.066 5.245 5.346 5.440 5.229 5.065 4.499 12/12/2040
4.695 4.589 4.610 5.565 5.046 4.066 3.721 4.084 4.491 4.773 4.125 3.858 4.284 3.993 4.693 4.061 3.466 4.208 3.872 4.101 3.735 3.518 4.197 4.293 4.224 3.305 3.514 5.037 4.774 3.643 13/12/2040
2.905 2.722 3.450 2.890 2.991 2.537 2.331 2.915 2.857 3.730 2.572 2.891 2.759 3.340 4.237 1.952 3.311 2.720 3.280 4.206 1.708 3.511 2.842 3.555 4.024 1.195 3.678 2.850 3.390 3.508 14/12/2040
1.361 0.662 0.492 0.243 -0.465 0.500 -0.405 -0.303 -0.824 -0.398 0.518 0.183 -0.338 -0.401 0.062 -0.282 0.312 -0.361 -0.431 -0.318 -0.275 0.167 -0.590 -0.572 0.006 -0.336 0.263 -0.382 -0.217 -0.053 15/12/2040
5.559 5.136 5.030 5.147 4.184 5.285 4.810 4.835 4.176 4.251 5.299 4.727 4.185 4.116 4.438 3.973 4.075 4.179 4.113 4.187 3.958 3.867 3.972 4.025 4.036 3.923 3.878 4.042 4.076 4.031 16/12/2040
2.424 1.450 1.127 1.688 0.509 1.949 0.860 1.000 0.930 0.534 1.968 1.425 1.422 0.946 0.765 1.361 1.518 1.405 0.905 0.937 1.375 1.658 1.517 1.288 1.150 1.397 1.666 1.725 1.473 1.267 17/12/2040
8.805 8.211 7.983 4.884 3.644 8.483 7.959 8.003 6.596 3.880 8.471 8.023 6.642 6.364 3.955 7.173 7.338 6.655 6.357 6.396 7.273 7.215 6.529 6.307 6.179 7.484 7.368 6.538 6.437 6.335 18/12/2040
13.256 12.662 12.715 11.778 10.955 13.553 13.254 12.612 12.543 11.077 13.575 13.442 13.371 13.102 11.693 14.090 14.123 13.331 13.021 12.640 13.915 13.775 12.888 12.997 12.981 14.134 13.967 13.044 13.036 12.570 19/12/2040
13.760 13.041 12.984 12.711 12.022 13.718 13.276 13.301 13.385 12.228 13.748 13.516 13.586 13.346 12.829 13.750 13.883 13.552 13.264 13.361 13.419 13.275 13.081 13.262 13.445 13.684 13.418 12.939 13.001 12.732 20/12/2040
13.795 13.187 13.235 12.638 12.088 13.205 12.874 12.871 12.864 12.142 13.236 12.950 12.908 12.721 12.183 13.567 13.277 12.880 12.651 12.674 13.479 12.977 12.617 12.727 12.810 13.752 13.149 12.547 12.524 12.357 21/12/2040
13.315 12.254 11.867 12.289 10.624 13.051 11.947 11.721 11.542 10.647 13.073 12.590 12.529 11.689 10.900 13.167 12.676 12.501 11.661 11.217 13.106 12.451 12.252 11.775 11.989 13.330 12.543 12.430 12.092 11.804 22/12/2040
13.508 13.246 12.748 12.869 11.916 13.447 12.614 12.636 12.722 11.846 13.467 13.102 13.171 13.030 12.324 13.461 13.310 13.167 13.018 12.598 13.267 13.264 13.106 13.156 13.224 13.413 13.345 13.253 13.249 12.858 23/12/2040
13.859 13.521 13.354 12.817 12.532 13.533 13.378 13.229 14.195 12.568 13.551 13.693 14.588 14.259 12.726 13.337 14.194 14.578 14.259 13.520 13.078 13.752 14.089 13.582 13.670 13.190 13.829 13.466 13.501 13.307 24/12/2040
14.560 14.400 14.475 14.573 13.540 14.384 14.044 14.259 14.419 13.774 14.412 14.343 14.322 14.215 13.809 14.524 14.340 14.300 14.172 14.120 14.351 14.306 14.183 14.211 14.246 14.493 14.390 14.129 14.086 13.872 25/12/2040
15.783 15.820 15.679 14.933 13.664 15.354 15.322 15.220 14.710 13.685 15.373 15.061 14.303 13.966 13.403 14.560 14.436 14.269 13.910 13.923 14.245 14.078 13.899 13.986 14.014 14.457 14.154 13.872 13.767 13.498 26/12/2040
10.522 9.769 9.642 9.653 9.262 10.235 9.152 9.573 10.212 9.461 10.268 10.205 10.821 10.011 9.389 10.591 10.106 10.793 9.980 9.510 10.646 9.990 10.631 10.295 9.945 10.736 9.972 10.576 10.428 10.157 27/12/2040
6.234 5.138 4.704 4.607 4.051 5.891 4.420 4.615 5.072 3.999 5.904 5.529 5.865 4.828 4.155 6.678 6.410 5.840 4.807 4.268 6.781 6.328 5.710 5.150 4.899 6.780 6.233 5.765 5.319 5.218 28/12/2040
10.373 10.198 9.913 9.721 9.306 10.042 9.599 9.578 9.988 9.304 10.067 9.907 10.285 10.049 9.737 10.295 10.683 10.256 9.998 9.991 10.417 10.777 10.294 10.238 9.951 10.518 10.912 10.409 10.184 9.597 29/12/2040
10.626 10.242 9.993 9.454 9.437 10.454 9.953 9.703 10.010 9.412 10.461 10.197 10.629 10.164 9.850 10.233 10.387 10.606 10.115 10.053 10.294 10.318 10.438 10.229 10.227 10.522 10.457 10.459 10.357 9.921 30/12/2040
11.798 11.530 11.403 11.177 10.409 11.433 11.085 11.191 11.103 10.486 11.463 11.541 11.494 11.096 10.688 11.495 11.470 11.456 11.001 10.906 11.504 11.297 11.293 11.406 11.370 11.655 11.435 11.264 11.352 10.900 31/12/2040
13.382 12.766 12.478 12.384 11.636 12.925 12.121 12.188 12.402 11.768 12.952 12.654 12.891 12.362 11.656 12.998 12.755 12.864 12.286 11.942 13.196 13.011 13.313 12.635 12.326 13.416 13.172 13.207 12.535 11.881 01/01/2041
10.819 10.693 10.476 10.436 11.464 10.187 10.132 9.987 11.091 11.014 10.199 10.082 11.140 11.092 11.010 10.105 11.184 11.145 11.095 10.616 10.224 11.201 11.325 11.068 10.990 10.458 11.375 11.174 10.883 10.790 02/01/2041
10.032 9.693 9.488 8.637 8.663 9.209 8.913 8.800 8.441 8.273 9.255 8.641 8.243 8.217 7.748 8.830 8.921 8.204 8.161 7.853 8.628 8.327 7.824 7.802 7.829 8.821 8.457 7.840 7.482 7.069 03/01/2041
7.250 7.401 7.382 6.961 6.585 6.990 7.156 7.194 6.412 6.462 6.991 6.677 5.942 6.185 6.389 6.747 6.877 5.906 6.112 6.348 6.660 6.747 5.646 5.973 6.376 6.628 6.724 5.856 5.886 5.742 04/01/2041
10.852 10.641 9.665 9.534 9.544 10.495 10.569 9.548 9.959 9.272 10.505 10.460 11.045 10.396 9.852 10.112 10.241 11.011 10.339 10.189 10.401 9.934 10.771 10.572 10.106 10.655 10.085 10.785 10.446 9.922 05/01/2041
9.067 8.932 8.806 8.281 8.341 8.752 8.451 8.509 8.670 8.351 8.752 8.854 9.104 8.680 7.854 9.043 9.257 9.082 8.646 8.668 9.091 8.913 8.759 8.676 8.620 9.226 8.950 8.788 8.799 8.510 06/01/2041
7.359 6.955 6.655 6.241 5.748 7.764 6.497 6.576 6.688 6.213 7.786 7.034 7.341 6.512 5.641 8.420 7.711 7.311 6.459 5.859 8.110 7.927 7.507 7.137 6.618 8.266 7.996 6.713 6.513 6.285 07/01/2041
10.878 10.453 10.225 9.826 9.490 10.479 10.077 10.253 10.127 9.653 10.509 10.438 9.573 10.238 9.610 10.156 10.014 9.544 10.183 9.884 10.751 10.035 9.502 10.005 10.181 10.350 10.091 10.241 10.112 9.641 08/01/2041
12.123 11.447 10.812 9.532 10.266 11.320 10.235 10.572 10.759 10.411 11.369 11.186 11.203 10.759 10.789 10.738 11.049 11.200 10.751 10.780 10.970 10.845 10.949 10.564 10.665 11.142 10.956 10.633 10.622 10.529 09/01/2041
9.053 8.667 8.857 8.245 9.170 8.632 8.415 8.731 9.305 9.521 8.655 8.704 9.225 9.240 9.392 8.469 9.023 9.221 9.208 9.186 8.574 9.127 9.358 9.391 9.514 8.690 9.188 9.388 9.817 9.760 10/01/2041
8.011 7.847 7.922 7.523 7.408 7.431 6.891 7.460 7.792 7.027 7.468 6.711 7.059 7.174 6.986 6.842 7.367 7.054 7.140 7.298 6.676 7.307 6.947 7.221 7.532 6.869 7.241 6.934 7.351 7.441 11/01/2041
7.642 7.656 7.653 6.873 7.307 7.378 7.327 7.453 7.556 7.424 7.414 7.052 7.307 7.304 7.360 7.837 8.159 7.289 7.276 7.620 7.613 8.217 7.260 7.384 7.761 7.572 8.181 7.183 7.430 7.355 12/01/2041
7.891 8.044 8.260 7.516 7.859 7.750 8.129 8.064 7.771 7.769 7.778 8.083 7.767 7.746 7.641 8.376 8.294 7.735 7.699 7.630 8.582 8.443 7.853 7.906 7.905 8.694 8.490 7.943 7.871 7.532 13/01/2041
7.403 7.592 7.574 7.237 7.214 7.143 7.328 7.351 7.437 7.075 7.168 7.138 7.269 7.323 7.119 7.443 7.541 7.252 7.276 7.462 7.535 7.451 7.159 7.334 7.460 7.663 7.514 7.110 7.370 7.256 14/01/2041
7.988 8.072 8.045 7.692 8.146 7.631 7.751 7.701 7.887 7.722 7.658 7.619 7.736 7.862 7.429 7.998 8.336 7.709 7.839 7.827 7.725 8.228 7.626 7.770 7.763 7.836 8.285 7.416 7.559 7.386 15/01/2041
7.581 7.590 7.599 7.298 7.266 7.363 7.383 7.505 7.763 7.186 7.379 7.384 7.632 7.656 7.302 7.439 7.523 7.627 7.598 7.721 7.334 7.539 7.593 7.680 7.669 7.392 7.516 7.504 7.648 7.512 16/01/2041
6.702 6.816 6.678 6.955 6.074 5.949 5.560 6.168 6.547 5.764 5.987 5.489 5.705 5.406 5.455 4.980 5.120 5.677 5.392 5.573 4.555 4.569 5.188 5.304 5.455 4.764 4.559 5.058 5.082 5.142 17/01/2041
6.303 6.058 6.107 7.982 9.847 6.228 6.491 6.625 9.551 9.469 6.224 6.130 9.115 9.294 9.434 7.520 8.440 9.170 9.360 9.463 7.507 8.542 9.197 9.131 9.583 7.566 8.502 9.722 9.652 9.718 18/01/2041
8.105 7.750 7.633 8.344 8.051 7.653 7.451 7.517 8.107 7.981 7.661 7.242 7.966 8.115 8.068 7.992 7.631 7.963 8.061 8.184 8.080 7.803 8.071 8.171 8.254 8.228 7.895 8.167 8.247 8.147 19/01/2041
7.470 7.321 7.467 7.267 7.736 7.132 6.645 7.162 7.710 7.725 7.144 6.772 7.331 7.509 7.667 7.634 7.543 7.308 7.501 7.765 7.770 7.510 7.300 7.408 7.631 7.906 7.582 7.474 7.475 7.551 20/01/2041
5.556 5.857 5.872 4.953 5.556 5.255 5.140 5.302 5.306 5.335 5.281 4.723 4.771 4.928 5.060 5.584 5.432 4.769 4.921 5.177 5.341 5.223 4.511 4.661 4.864 5.469 5.163 4.734 4.763 4.786 21/01/2041
8.140 8.237 7.926 7.236 7.439 7.925 8.025 7.844 7.506 7.286 7.924 7.667 7.156 7.101 7.138 8.157 7.961 7.156 7.116 7.184 8.063 8.037 7.253 7.090 6.975 8.158 8.005 7.212 7.291 6.903 22/01/2041
6.551 6.512 6.145 5.759 5.516 5.824 6.202 5.953 5.923 5.546 5.840 5.760 5.805 5.920 5.747 6.800 7.201 5.790 5.908 5.961 6.818 7.249 5.791 5.992 5.907 6.895 7.228 6.028 6.157 5.899 23/01/2041
8.732 8.608 8.419 8.211 7.671 8.095 8.415 8.386 7.366 7.753 8.131 7.969 6.967 7.352 7.657 8.460 8.453 6.962 7.339 7.472 8.607 8.506 6.985 7.403 7.490 8.703 8.558 7.220 7.477 7.308 24/01/2041
9.279 9.395 9.518 8.685 9.491 8.975 9.341 9.444 9.253 9.482 8.979 8.865 8.680 9.066 9.308 9.280 9.721 8.661 9.053 9.324 9.419 9.817 8.782 9.080 9.131 9.632 9.958 8.862 9.031 9.084 25/01/2041
10.903 11.065 10.512 10.411 11.088 10.626 10.624 10.394 10.494 10.361 10.646 10.360 10.600 10.633 10.408 11.192 10.932 10.583 10.627 10.432 11.057 10.990 10.709 10.639 10.449 11.132 11.158 10.799 10.713 10.240 26/01/2041
7.393 6.875 6.569 6.328 6.578 6.747 6.265 6.482 6.984 6.572 6.779 6.693 7.355 6.983 6.775 7.266 7.761 7.328 6.929 6.914 7.449 7.628 7.182 7.098 7.154 7.568 7.766 7.292 7.285 6.967 27/01/2041
3.687 3.593 3.280 3.188 3.582 3.346 2.969 3.023 3.458 3.601 3.356 3.086 3.532 3.149 3.362 3.519 4.191 3.519 3.130 3.108 3.661 4.036 3.385 3.192 2.875 3.821 4.145 3.667 3.475 2.944 28/01/2041
10.156 9.772 9.682 9.446 9.512 9.751 9.121 9.524 9.455 9.299 9.766 9.561 9.472 9.476 9.194 9.019 8.847 9.457 9.462 9.524 9.329 9.213 9.977 10.044 10.014 9.583 9.403 10.322 10.242 9.998 29/01/2041
12.438 12.448 12.150 11.202 11.288 11.931 11.660 11.982 12.224 10.862 11.986 11.995 12.053 11.963 10.982 12.226 11.718 11.989 11.850 11.476 12.446 11.781 12.138 12.163 12.149 12.806 11.998 12.538 12.553 11.871 30/01/2041
11.723 11.981 11.962 11.964 11.015 11.838 11.608 11.819 11.351 10.737 11.881 11.803 11.274 11.261 10.828 11.823 11.262 11.250 11.235 10.971 11.907 11.399 11.382 11.333 11.119 12.129 11.448 11.376 11.217 11.135 31/01/2041
11.087 10.613 10.535 10.461 10.265 10.916 10.619 10.909 10.849 10.171 10.935 10.834 10.802 10.568 9.838 10.874 10.684 10.777 10.540 10.041 10.796 10.622 10.682 10.475 9.784 10.921 10.691 10.459 9.970 9.402 01/02/2041
8.980 9.271 9.291 9.015 8.790 8.970 9.021 9.272 9.341 8.573 8.988 9.121 9.231 9.149 8.417 9.431 9.640 9.208 9.116 8.695 9.523 9.656 9.229 9.147 8.818 9.679 9.702 9.297 9.021 8.375 02/02/2041
9.716 9.689 9.469 8.885 8.352 9.666 9.454 9.391 9.342 8.283 9.703 9.927 10.045 9.313 8.439 10.163 10.269 10.022 9.264 8.763 10.339 10.213 9.971 9.594 9.732 10.530 10.343 9.833 9.990 9.449 03/02/2041
9.224 9.387 9.444 9.847 9.425 9.281 9.173 9.418 9.620 9.416 9.283 9.173 9.522 9.456 9.367 9.166 9.221 9.506 9.437 9.437 9.243 9.469 9.745 9.651 9.632 9.341 9.550 9.950 9.802 9.390 04/02/2041
7.579 7.629 7.671 7.357 7.793 7.530 7.147 7.457 7.315 7.741 7.555 7.421 7.283 7.281 7.446 7.672 7.850 7.284 7.282 6.954 7.784 7.909 7.357 7.505 7.372 7.944 8.037 7.672 7.438 7.266 05/02/2041
8.692 8.486 8.184 8.150 8.174 8.870 8.176 8.199 8.482 8.355 8.892 8.546 8.829 8.641 8.077 8.955 8.887 8.871 8.675 8.251 8.994 8.846 8.836 8.792 8.686 9.142 8.869 8.835 8.688 8.812 06/02/2041
9.579 9.018 8.407 8.427 7.966 9.103 8.352 8.348 9.060 8.604 9.159 9.058 9.840 9.319 8.655 9.126 9.220 9.795 9.234 8.992 9.406 9.182 9.667 9.744 9.819 9.702 9.186 10.009 9.948 9.556 07/02/2041
6.537 6.147 5.715 3.836 4.211 6.201 5.836 5.873 5.411 4.816 6.231 6.415 5.937 5.543 4.734 5.940 6.076 5.911 5.488 4.979 6.034 6.002 5.824 5.899 5.795 6.056 6.122 5.968 5.894 5.425 08/02/2041
6.886 6.533 6.119 5.706 4.924 6.255 5.864 5.560 4.654 4.318 6.278 6.038 5.037 4.730 3.740 5.666 5.437 5.054 4.746 4.036 5.040 4.756 4.287 4.149 3.874 4.992 4.700 4.159 3.868 3.584 09/02/2041
9.973 9.778 9.389 8.739 8.430 9.701 9.277 9.023 8.569 7.814 9.719 9.306 8.934 8.649 7.908 9.615 9.527 8.933 8.610 8.252 9.521 9.293 8.679 8.696 8.425 9.590 9.356 8.448 8.414 8.015 10/02/2041
6.888 6.242 6.137 6.275 6.933 6.685 6.209 6.337 5.969 6.941 6.698 6.531 6.149 6.072 6.926 7.085 7.574 6.141 6.055 5.902 7.240 7.420 6.020 5.940 6.011 7.320 7.442 5.788 5.689 5.700 11/02/2041
4.733 4.038 4.098 3.153 4.465 4.339 4.160 4.632 4.256 5.150 4.355 4.460 3.951 4.327 5.239 4.004 4.289 3.980 4.377 4.573 4.439 4.144 4.050 3.817 3.970 4.907 4.599 3.736 3.634 3.971 12/02/2041
8.009 7.933 7.772 7.411 7.932 7.743 7.727 7.621 7.022 7.822 7.747 7.334 6.649 6.922 7.786 6.484 6.254 6.698 6.988 7.130 6.303 6.088 6.567 6.594 6.688 6.320 6.133 6.355 6.448 6.876 13/02/2041
9.099 8.702 8.300 7.751 6.977 9.215 8.629 8.370 8.307 7.469 9.232 9.130 9.207 8.524 7.761 9.029 9.274 9.183 8.475 7.948 9.126 9.172 9.101 9.171 9.123 9.259 9.291 9.354 9.296 8.933 14/02/2041
10.822 10.413 10.241 9.779 9.033 10.647 10.144 10.193 9.818 9.294 10.683 10.647 10.406 10.050 9.621 10.597 10.847 10.378 9.996 9.812 10.613 10.727 10.254 10.202 10.134 10.765 10.843 10.285 10.232 9.835 15/02/2041
13.241 12.808 12.633 12.460 12.074 13.005 12.444 12.658 12.930 12.473 13.036 13.054 13.311 12.806 12.964 13.198 13.309 13.281 12.768 13.266 13.248 13.295 13.262 13.168 12.943 13.468 13.378 13.322 13.382 13.076 16/02/2041
13.186 12.257 11.959 12.665 10.809 12.748 12.169 12.229 12.547 11.246 12.764 12.847 13.297 13.129 11.759 12.405 12.691 13.278 13.108 13.115 12.449 12.561 13.170 13.326 13.566 12.586 12.672 13.003 13.124 13.219 17/02/2041
10.962 10.900 11.149 10.931 9.855 10.846 10.913 11.174 11.393 10.267 10.857 10.873 11.181 11.270 10.200 9.864 9.915 11.160 11.227 11.210 9.994 10.025 11.234 11.203 11.392 10.073 10.039 11.376 11.191 10.886 18/02/2041
9.223 8.943 8.787 8.626 8.653 9.061 8.715 8.673 8.623 8.927 9.087 9.049 9.027 8.590 8.971 9.312 9.036 9.001 8.573 9.217 9.590 9.114 9.112 9.025 9.193 9.715 9.158 9.353 9.181 8.902 19/02/2041
8.742 8.097 8.041 8.191 8.589 8.589 8.166 8.140 8.475 8.691 8.592 8.439 8.731 8.404 8.616 8.583 8.388 8.738 8.428 8.634 8.721 8.323 8.706 8.296 8.474 8.786 8.313 8.500 8.186 8.315 20/02/2041
6.207 5.514 5.491 5.870 5.175 5.828 5.572 5.820 5.797 5.719 5.841 5.985 5.953 5.807 5.729 6.334 6.298 5.934 5.787 5.967 6.459 6.214 5.796 5.791 5.958 6.621 6.282 5.945 5.807 5.412 21/02/2041
7.056 7.099 7.359 6.652 6.769 6.861 6.945 7.212 6.801 6.803 6.889 7.012 6.494 6.518 6.541 7.335 7.404 6.477 6.504 6.740 7.448 7.435 6.477 6.384 6.510 7.513 7.373 6.578 6.366 6.197 22/02/2041
7.433 7.313 7.238 7.034 7.209 7.147 7.239 6.694 6.619 7.064 7.164 6.708 6.661 6.181 6.542 7.446 8.254 6.646 6.150 6.235 7.390 8.238 6.583 6.461 6.345 7.462 8.221 6.940 7.048 6.340 23/02/2041
7.917 7.012 6.726 6.526 6.893 7.075 6.337 6.288 6.645 6.723 7.088 6.581 7.024 6.510 6.368 7.242 6.984 6.994 6.447 6.282 7.162 6.706 6.765 6.745 6.948 7.325 6.844 6.478 6.549 6.280 24/02/2041
7.086 6.201 5.825 6.334 5.402 6.157 5.204 5.149 4.927 4.981 6.186 5.413 5.233 4.882 5.017 5.984 5.876 5.212 4.839 4.568 5.990 5.936 5.274 5.095 5.292 6.053 5.939 4.976 4.906 4.689 25/02/2041
9.523 8.891 8.743 8.849 9.343 8.936 8.375 8.583 9.626 9.661 8.954 8.791 9.812 9.724 9.917 9.152 9.407 9.771 9.640 9.538 9.329 9.459 9.790 9.779 10.240 9.589 9.523 10.275 9.780 9.524 26/02/2041
8.848 7.421 6.644 5.396 6.446 8.426 7.484 7.442 7.790 7.119 8.454 8.608 8.863 8.186 7.574 8.406 8.471 8.817 8.115 7.410 8.475 8.622 9.010 8.627 8.805 8.605 8.697 8.690 8.966 8.540 27/02/2041
9.969 9.799 9.729 9.804 9.787 9.936 10.037 9.601 9.626 9.536 9.941 10.053 10.070 9.834 9.850 10.442 10.072 10.044 9.815 9.689 10.880 10.292 10.263 10.180 10.058 11.018 10.357 10.355 10.311 10.032 28/02/2041
10.126 9.959 10.096 9.568 9.815 10.168 10.293 9.946 9.712 9.627 10.182 10.163 9.864 9.971 9.719 11.150 10.599 9.848 9.908 9.878 11.478 10.890 10.314 10.300 10.257 11.687 11.030 10.617 10.694 10.356 01/03/2041
10.003 10.175 10.053 10.248 10.239 9.765 9.631 9.825 10.439 10.234 9.795 9.734 10.294 10.708 10.297 10.272 10.618 10.290 10.690 10.606 10.266 10.624 10.325 10.645 10.586 10.350 10.666 10.308 10.620 10.502 02/03/2041
9.582 9.756 9.534 9.463 9.481 9.585 9.493 9.750 9.898 9.246 9.607 9.420 9.576 9.830 9.403 9.653 10.121 9.558 9.791 9.530 9.716 10.151 9.626 9.904 9.838 9.823 10.224 9.409 9.825 9.795 03/03/2041
11.027 11.299 10.721 10.110 10.137 10.679 10.930 11.043 10.705 10.756 10.692 10.644 10.212 10.603 10.952 10.606 10.988 10.180 10.577 10.473 10.279 10.584 9.668 10.352 10.443 10.435 10.647 9.406 10.184 10.201 04/03/2041
12.016 12.568 12.417 11.976 12.756 11.835 12.175 12.230 12.650 12.701 11.856 11.707 12.110 12.200 12.309 12.019 12.939 12.090 12.191 12.094 11.839 12.683 11.835 12.119 12.046 12.095 12.851 11.924 12.272 12.005 05/03/2041
9.529 9.436 9.302 8.730 9.634 9.186 8.851 9.166 9.024 9.520 9.216 8.834 8.655 8.649 9.332 8.956 8.777 8.623 8.590 8.553 8.913 8.639 8.492 8.892 8.780 9.207 8.812 8.791 9.060 8.716 06/03/2041
8.052 8.191 8.030 7.457 8.020 7.840 8.016 7.661 7.308 7.810 7.852 7.811 7.527 7.756 7.786 8.112 7.967 7.518 7.762 7.814 7.944 8.022 7.599 8.470 8.625 7.981 8.082 8.266 9.016 9.235 07/03/2041
9.274 9.561 9.551 9.305 9.695 9.187 9.395 9.281 9.497 9.375 9.224 9.219 9.333 9.507 9.515 9.420 9.626 9.295 9.432 9.443 9.524 9.565 9.233 9.607 9.669 9.757 9.730 9.657 9.841 9.546 08/03/2041
9.917 10.116 9.574 9.240 9.266 9.540 9.940 10.130 9.964 8.929 9.572 9.725 9.602 9.976 9.199 9.832 10.045 9.553 9.916 9.227 10.213 10.050 9.563 9.845 9.790 10.412 10.147 9.378 9.669 9.598 09/03/2041
11.157 11.047 10.514 9.930 9.751 11.036 10.602 10.626 10.285 9.959 11.068 10.950 10.423 10.220 9.688 11.166 10.858 10.390 10.184 9.731 11.427 10.949 10.503 10.205 10.224 11.625 11.109 10.985 10.534 10.288 10/03/2041
10.794 10.700 10.566 10.214 10.075 10.577 10.506 10.534 10.669 10.454 10.593 10.620 10.705 10.791 10.626 11.013 10.888 10.678 10.751 10.482 11.058 10.949 10.714 10.845 10.902 11.122 11.031 10.719 10.724 10.485 11/03/2041
11.530 11.841 11.923 11.424 11.436 11.396 11.483 11.548 11.702 11.282 11.409 11.183 11.403 11.341 11.366 11.620 11.864 11.375 11.282 11.481 11.454 11.743 11.206 11.299 11.361 11.645 11.827 11.255 11.184 11.005 12/03/2041
12.026 12.201 12.668 12.112 13.381 11.719 12.048 12.405 13.259 13.320 11.745 11.784 12.612 12.920 13.147 12.176 12.670 12.597 12.916 13.230 12.034 12.583 12.459 12.626 12.827 12.089 12.593 12.392 12.446 12.470 13/03/2041
12.979 13.045 12.974 12.603 13.904 12.617 12.762 12.694 13.550 13.607 12.644 12.497 13.327 13.515 13.566 12.775 13.245 13.305 13.484 13.625 12.677 13.000 13.110 13.629 13.738 12.706 13.189 13.351 13.469 13.602 14/03/2041
13.593 13.433 13.142 11.919 13.742 13.562 13.618 13.565 14.289 14.384 13.568 13.616 14.391 14.335 14.620 13.368 13.721 14.368 14.280 14.495 13.248 13.550 14.198 14.336 14.388 13.225 13.616 14.471 14.442 14.147 15/03/2041
12.092 12.074 11.847 11.073 11.665 11.997 12.125 11.814 12.048 11.905 12.002 11.964 12.165 12.005 11.803 11.723 11.992 12.151 11.987 11.544 11.666 11.778 11.944 11.931 11.562 11.687 11.850 12.034 11.957 11.590 16/03/2041
11.223 11.199 10.939 10.722 10.986 10.834 10.656 10.498 11.194 11.158 10.856 10.898 11.514 11.207 11.294 11.511 12.057 11.478 11.159 10.892 11.726 11.768 11.221 11.120 11.380 11.762 11.831 11.439 11.100 10.755 17/03/2041
10.772 10.833 10.478 9.637 8.809 10.911 10.827 10.222 9.703 9.098 10.939 11.130 10.630 10.440 9.770 11.333 11.306 10.601 10.381 9.789 11.655 11.368 10.648 10.784 10.463 11.795 11.413 11.042 10.944 10.114 18/03/2041
11.747 11.425 11.133 10.303 10.115 11.497 11.024 10.927 10.477 10.109 11.530 11.497 11.106 10.766 10.368 11.595 11.291 11.077 10.702 10.243 11.781 11.398 11.159 11.049 10.969 11.964 11.509 11.552 11.268 10.829 19/03/2041
10.249 9.793 9.275 8.932 8.894 10.197 9.784 9.565 9.635 8.836 10.207 10.198 10.266 10.108 9.066 10.415 10.889 10.229 10.072 8.965 10.792 11.115 10.511 10.474 10.430 10.930 11.171 10.803 10.440 10.326 20/03/2041
12.599 12.619 12.702 12.364 12.424 12.652 12.615 12.606 12.561 12.134 12.674 13.005 12.962 12.862 12.302 12.910 13.648 12.963 12.824 12.335 13.476 13.828 13.050 13.271 13.353 13.577 13.942 13.278 13.340 13.283 21/03/2041
14.206 14.282 14.020 13.904 14.307 14.255 14.399 13.943 14.303 14.122 14.278 14.133 14.414 14.442 14.097 14.247 14.571 14.399 14.399 14.299 14.329 14.581 14.376 14.361 14.293 14.483 14.660 14.555 14.486 14.306 22/03/2041
15.183 15.414 15.790 15.666 15.607 15.306 15.177 15.068 15.577 15.594 15.314 15.169 15.569 15.724 15.751 15.580 15.855 15.548 15.677 15.807 15.708 15.880 15.582 15.816 15.776 15.842 15.906 15.979 15.953 15.592 23/03/2041
12.502 12.355 12.401 12.299 11.966 12.581 12.181 12.233 12.659 12.102 12.610 12.724 13.055 13.046 13.437 12.915 13.034 13.012 12.975 13.494 13.283 13.180 13.190 13.535 13.754 13.489 13.282 13.791 13.977 13.773 24/03/2041
11.155 10.593 10.634 10.369 10.322 11.002 10.377 10.592 10.682 10.503 11.037 10.829 11.012 10.918 10.882 10.950 10.894 10.976 10.848 10.686 11.169 10.820 10.889 11.104 10.960 11.375 10.908 11.010 11.016 10.716 25/03/2041
10.191 9.465 9.002 8.557 9.060 9.911 9.216 9.077 9.517 9.355 9.942 9.766 10.374 9.906 9.717 10.690 10.282 10.335 9.837 9.555 10.953 10.219 10.194 10.169 10.026 11.176 10.256 10.505 10.367 10.000 26/03/2041
12.849 12.456 12.429 12.248 11.022 12.402 11.852 12.262 11.791 10.900 12.430 12.426 11.982 11.531 10.920 12.057 11.934 11.946 11.471 11.161 12.229 11.972 11.980 12.063 11.912 12.418 12.090 12.399 12.316 12.206 27/03/2041
14.136 14.176 13.699 13.634 12.740 14.112 14.129 13.709 13.677 12.955 14.122 14.351 14.499 14.070 13.403 14.706 14.872 14.468 14.042 13.577 14.981 14.905 14.575 14.523 14.227 15.153 15.023 15.010 14.903 14.361 28/03/2041
13.340 13.219 12.954 12.818 12.576 13.331 12.896 12.950 12.861 12.515 13.332 13.226 13.194 13.018 12.662 13.461 13.568 13.187 12.977 12.764 13.824 13.684 13.316 13.315 13.454 13.968 13.740 13.487 13.460 13.365 29/03/2041
14.738 14.938 15.111 15.067 14.845 14.633 14.695 14.862 14.838 14.761 14.631 14.570 14.623 14.709 14.820 14.584 14.701 14.612 14.702 14.719 14.534 14.742 14.663 14.791 14.868 14.705 14.824 14.770 14.836 14.744 30/03/2041
13.221 13.212 13.325 13.094 14.020 12.977 13.666 13.435 13.950 13.889 12.983 13.076 13.613 13.633 13.739 13.225 13.734 13.584 13.561 13.624 13.244 13.916 13.728 14.083 13.828 13.346 13.973 13.866 14.085 13.782 31/03/2041
12.717 13.215 13.325 13.097 13.241 12.710 13.177 13.231 13.682 13.287 12.725 13.080 13.519 13.389 13.035 13.093 13.564 13.489 13.332 13.163 13.101 13.424 13.292 13.512 13.272 13.266 13.498 13.363 13.252 12.824 01/04/2041
11.861 12.392 12.472 12.503 12.345 11.976 12.298 12.389 12.740 12.584 11.999 12.296 12.623 12.683 12.751 12.381 13.158 12.590 12.628 12.742 12.449 13.139 12.547 12.944 12.896 12.581 13.233 12.923 12.896 12.719 02/04/2041
10.109 10.116 9.666 8.800 8.843 9.871 9.598 9.631 9.511 9.158 9.901 10.138 10.000 9.660 9.253 9.608 10.109 9.966 9.598 9.383 9.754 9.928 9.734 9.819 9.744 9.826 9.985 9.950 9.723 9.511 03/04/2041
9.417 9.191 8.783 8.228 8.569 8.881 8.940 9.054 9.165 8.894 8.908 9.322 9.394 9.365 8.972 9.449 9.905 9.372 9.317 9.001 9.644 9.874 9.328 9.600 9.319 9.665 9.962 9.304 9.564 9.246 04/04/2041
15.102 14.879 14.833 14.494 14.898 14.734 14.602 14.499 15.246 15.151 14.768 14.792 15.529 15.362 15.502 14.811 15.691 15.494 15.322 15.700 14.581 15.103 14.946 15.584 15.478 14.694 15.213 14.898 15.447 15.379 05/04/2041
17.624 17.904 18.091 18.110 18.075 17.511 17.505 17.667 18.047 17.909 17.538 17.388 17.929 17.830 17.828 17.669 18.154 17.888 17.764 17.934 17.478 17.820 17.615 17.776 17.903 17.534 17.936 17.622 17.857 17.706 06/04/2041
17.509 17.766 17.879 18.511 17.519 17.475 17.738 17.828 17.941 17.655 17.480 17.539 17.585 17.667 17.510 17.605 17.878 17.566 17.601 17.658 17.405 17.661 17.377 17.465 17.625 17.319 17.735 17.622 17.431 17.195 07/04/2041
18.054 17.893 18.059 18.552 17.956 17.741 17.699 17.950 18.456 18.296 17.805 17.977 18.379 18.380 18.370 18.807 18.479 18.345 18.311 18.344 18.760 18.400 18.218 18.319 18.282 18.781 18.494 18.504 18.331 17.936 08/04/2041
17.602 17.056 17.447 17.036 16.985 17.619 17.110 17.038 17.098 16.349 17.647 17.429 17.389 17.145 16.428 16.809 17.336 17.384 17.111 16.988 16.872 17.192 17.237 17.157 17.083 17.030 17.285 17.308 17.175 16.684 09/04/2041
18.556 18.186 18.104 17.967 18.376 18.316 17.949 17.818 18.548 18.130 18.341 17.978 18.705 18.479 18.097 17.894 18.218 18.670 18.423 18.209 17.881 18.137 18.588 18.493 18.420 18.034 18.232 18.594 18.487 18.204 10/04/2041
18.565 18.432 18.399 17.677 18.544 18.158 18.329 18.193 18.722 18.347 18.164 18.031 18.641 18.442 18.161 18.158 18.243 18.607 18.404 18.314 17.981 18.090 18.474 18.560 18.406 18.121 18.201 18.565 18.443 18.156 11/04/2041
16.224 16.137 16.126 15.758 16.345 15.952 16.174 16.195 16.831 16.473 15.973 16.199 16.860 16.912 16.523 16.382 16.968 16.816 16.828 16.751 16.471 17.020 16.933 17.115 16.645 16.643 17.123 17.183 17.188 16.225 12/04/2041
17.428 17.283 17.475 17.119 17.407 17.509 17.309 17.527 18.152 17.619 17.535 17.573 18.214 17.854 17.741 17.921 18.238 18.193 17.793 18.071 18.121 18.118 18.183 18.209 18.577 18.273 18.177 18.530 18.489 18.376 13/04/2041
15.192 14.882 14.974 15.600 15.250 15.097 14.886 14.951 15.456 15.733 15.119 15.074 15.549 15.347 15.872 14.809 14.815 15.519 15.299 15.940 15.173 15.005 15.652 15.746 16.209 15.307 15.060 16.088 16.084 15.980 14/04/2041
11.696 11.363 11.181 11.454 10.884 11.489 11.033 11.180 11.268 11.456 11.509 11.578 11.721 11.518 11.384 11.646 11.789 11.692 11.455 11.276 11.840 11.886 11.796 11.681 11.889 11.884 11.950 12.002 11.933 11.562 15/04/2041
10.511 10.101 9.723 9.578 9.278 10.323 9.763 10.004 9.785 9.655 10.350 10.463 10.420 10.149 9.804 10.984 11.755 10.406 10.117 9.888 11.230 12.019 10.691 10.324 10.490 11.270 12.077 10.669 10.174 10.055 16/04/2041
10.882 10.310 10.110 10.030 10.541 10.625 10.137 10.156 10.929 10.853 10.669 10.651 11.446 11.342 11.345 11.027 11.476 11.389 11.234 11.506 11.513 11.922 11.838 11.690 11.891 11.843 12.012 12.348 11.967 11.312 17/04/2041
11.790 11.542 11.456 10.756 11.589 11.614 11.469 11.472 12.374 11.816 11.642 11.596 12.451 12.521 12.145 12.091 13.017 12.434 12.478 12.613 12.557 13.191 12.697 12.594 12.719 12.797 13.363 12.775 12.627 12.369 18/04/2041
11.687 11.413 11.208 10.591 11.440 11.344 11.158 11.195 11.650 11.609 11.380 11.299 11.782 11.644 11.997 11.596 11.975 11.744 11.568 11.712 11.955 12.126 11.881 11.841 11.901 12.290 12.340 12.095 11.811 11.325 19/04/2041
11.155 10.576 10.346 10.999 10.406 10.837 10.510 10.369 10.704 10.574 10.869 10.613 10.974 10.784 10.946 10.255 10.656 10.946 10.722 10.768 10.591 10.948 11.262 10.972 10.959 10.888 11.052 11.375 10.955 10.492 20/04/2041
13.122 12.725 12.750 13.287 12.870 12.668 12.467 12.634 13.904 12.304 12.688 12.861 14.265 13.920 12.557 12.706 12.990 14.241 13.847 13.714 13.026 13.280 14.501 14.344 14.148 13.210 13.399 14.403 14.211 13.722 21/04/2041
13.567 13.202 13.088 12.807 12.415 13.329 12.918 13.005 13.557 12.123 13.352 13.311 13.947 13.299 12.430 13.190 13.431 13.929 13.247 12.872 13.392 13.617 13.995 13.846 13.490 13.489 13.687 14.329 14.158 13.775 22/04/2041
14.918 14.275 14.684 14.167 14.037 14.424 13.549 14.508 14.532 14.025 14.442 14.268 14.318 14.562 14.183 15.068 14.937 14.297 14.516 14.688 15.261 15.061 14.430 14.848 15.017 15.292 15.095 14.458 14.899 14.901 23/04/2041
16.461 16.098 16.608 16.044 16.628 15.852 15.718 16.551 16.599 16.678 15.890 16.300 16.383 16.356 16.659 15.982 16.223 16.337 16.236 16.417 16.398 16.352 16.393 16.705 17.007 16.596 16.419 16.686 16.819 16.420 24/04/2041
15.199 14.676 15.118 15.311 16.136 14.520 14.287 15.237 16.668 16.357 14.531 15.110 16.499 16.636 16.487 15.134 15.604 16.478 16.586 16.821 15.407 15.632 16.633 16.745 17.004 15.568 15.719 16.678 16.833 16.906 25/04/2041
15.003 15.087 15.051 14.693 15.269 15.173 14.913 15.208 16.376 15.518 15.188 15.321 16.540 16.282 15.302 15.880 15.957 16.521 16.275 16.114 16.160 16.231 16.844 16.227 16.229 16.249 16.271 16.365 16.075 15.626 26/04/2041
14.378 14.444 14.219 14.125 14.247 14.529 14.635 14.159 14.729 14.399 14.522 14.421 15.006 14.972 14.943 14.962 15.033 14.995 14.974 15.108 15.053 15.285 15.268 14.982 14.913 15.111 15.324 15.247 14.959 14.828 27/04/2041
15.073 15.507 15.514 15.273 15.271 14.885 15.158 15.223 15.355 15.331 14.888 14.896 15.111 15.190 15.168 15.358 15.324 15.087 15.189 15.600 15.528 15.413 15.156 14.879 15.423 15.715 15.506 15.048 15.120 15.242 28/04/2041
18.255 18.247 18.016 17.728 17.118 18.398 18.195 18.153 17.750 17.613 18.415 18.212 17.858 17.546 17.623 18.293 17.856 17.815 17.511 17.783 18.476 17.822 17.747 17.605 17.705 18.555 17.923 18.224 17.846 17.527 29/04/2041
20.683 20.739 20.942 20.833 20.796 20.744 20.481 20.771 21.227 20.644 20.772 20.436 20.636 20.476 20.355 21.005 21.193 20.611 20.452 20.744 20.903 20.615 20.106 20.157 20.294 20.976 20.759 20.467 20.284 19.945 30/04/2041
21.967 21.576 21.350 21.228 22.064 21.571 21.107 21.388 22.036 22.785 21.590 21.683 22.509 22.393 21.941 22.926 22.722 22.507 22.395 22.224 23.046 22.452 22.235 22.119 22.129 23.132 22.648 22.361 22.310 22.105 01/05/2041
21.604 21.395 21.684 20.657 21.950 21.653 21.381 21.808 22.022 22.336 21.669 21.513 21.748 21.845 21.583 21.744 21.987 21.764 21.840 22.093 21.937 21.932 21.718 21.631 21.860 21.914 22.004 21.808 21.735 21.741 02/05/2041
22.332 22.379 22.738 21.811 22.157 22.618 22.422 22.727 22.861 22.174 22.604 22.447 22.668 22.669 21.956 22.834 22.855 22.682 22.667 22.707 22.740 22.749 22.518 22.124 22.165 22.609 22.759 22.432 21.863 21.895 03/05/2041
22.024 21.029 20.556 19.948 20.240 21.413 20.877 20.616 20.914 20.780 21.426 21.255 21.787 20.975 21.040 21.924 22.099 21.757 20.898 21.132 22.389 22.372 21.918 20.876 21.009 22.324 22.380 21.702 20.918 20.679 04/05/2041
20.480 20.048 19.467 19.578 19.357 20.387 19.751 19.437 20.276 19.638 20.423 19.692 20.649 20.278 19.826 21.065 19.949 20.637 20.229 20.225 21.397 20.487 21.017 20.357 20.651 21.518 20.424 20.688 20.348 20.171 05/05/2041
21.073 20.650 20.314 19.792 20.797 21.118 20.646 20.367 21.564 21.126 21.122 20.519 21.899 21.749 21.417 21.047 20.482 21.864 21.673 21.750 21.074 20.563 21.898 21.751 22.051 21.031 20.589 21.889 21.657 21.296 06/05/2041
19.468 19.216 19.040 19.443 18.478 19.191 18.699 18.669 19.729 18.306 19.203 18.642 19.806 19.425 18.159 20.257 19.886 19.746 19.323 19.077 20.325 19.851 19.591 19.382 19.372 20.363 19.877 19.808 19.313 18.694 07/05/2041
19.044 18.930 18.506 18.189 17.807 18.724 17.895 17.988 17.925 17.857 18.755 18.059 17.945 17.749 17.766 18.830 18.643 17.907 17.705 17.885 18.604 18.251 17.624 17.747 18.600 18.784 18.411 18.036 17.697 18.374 08/05/2041
19.120 18.829 18.596 18.212 18.196 18.608 18.108 18.439 19.069 18.346 18.619 18.531 19.040 18.972 18.793 18.853 19.067 18.987 18.897 19.042 19.133 19.004 18.932 19.226 19.583 19.250 19.115 19.538 19.439 19.447 09/05/2041
20.259 20.066 20.227 20.484 20.243 19.670 19.632 20.072 20.766 20.224 19.702 19.771 20.365 20.213 20.413 19.932 19.949 20.343 20.195 20.535 20.170 19.843 20.226 19.935 20.660 20.385 19.879 20.242 20.063 20.427 10/05/2041
20.674 20.643 20.248 19.554 19.398 20.038 19.935 20.160 20.075 19.337 20.064 19.791 19.802 19.866 19.670 20.533 20.303 19.761 19.787 19.915 20.368 19.957 19.474 19.921 20.342 20.526 20.105 19.727 19.933 19.947 11/05/2041
19.891 19.153 18.537 17.967 17.870 19.545 18.018 18.120 18.501 17.909 19.569 18.919 19.248 18.239 18.005 20.000 19.467 19.216 18.172 18.341 20.141 19.647 19.520 18.584 18.441 20.318 19.684 19.560 19.010 18.369 12/05/2041
17.606 16.610 16.395 15.319 15.459 16.939 15.688 16.251 15.987 15.709 16.967 16.544 16.265 15.594 15.854 16.542 16.041 16.237 15.517 16.031 16.778 16.149 16.359 15.830 16.047 16.849 16.152 16.665 16.256 15.839 13/05/2041
15.569 15.006 14.872 14.705 14.597 15.188 14.300 14.399 14.554 14.548 15.212 15.063 15.185 14.350 14.603 15.194 15.250 15.155 14.292 14.201 15.108 15.051 14.953 14.806 14.458 15.285 15.174 14.614 14.557 14.405 14/05/2041
14.843 14.292 14.164 14.002 13.173 14.464 13.826 14.012 14.778 13.042 14.485 14.295 15.016 14.518 13.228 14.453 15.000 14.979 14.445 14.321 14.674 14.814 14.818 14.710 14.664 14.879 14.899 15.050 14.951 14.602 15/05/2041
14.298 13.788 14.311 14.058 13.853 13.810 13.127 13.657 13.836 13.560 13.832 13.754 13.988 13.649 13.711 13.530 13.834 13.953 13.591 13.924 14.065 14.075 14.176 14.093 13.964 14.192 14.152 14.292 14.291 13.917 16/05/2041
16.106 15.861 15.696 15.235 14.665 15.726 14.937 15.350 15.485 14.783 15.750 15.638 15.732 15.517 14.809 15.686 15.675 15.719 15.489 15.493 16.447 15.818 15.942 15.732 15.703 16.676 15.869 16.103 15.884 15.661 17/05/2041
15.841 15.551 15.093 15.144 14.836 15.885 14.827 15.142 15.119 15.060 15.908 15.637 15.428 15.034 15.040 15.706 15.936 15.416 15.038 15.039 16.389 15.992 15.515 15.043 14.794 16.594 16.015 15.515 15.009 14.680 18/05/2041
19.937 19.965 19.631 18.147 18.288 19.777 19.068 19.490 18.752 18.002 19.818 19.549 18.809 18.691 18.231 19.854 19.800 18.785 18.668 18.358 19.990 19.742 18.705 18.571 18.254 20.223 19.808 18.858 18.416 17.967 19/05/2041
24.611 24.568 24.722 23.927 23.704 24.310 24.255 24.228 24.074 23.715 24.315 23.865 23.711 24.177 24.040 24.102 23.968 23.695 24.163 24.454 24.044 23.651 23.247 23.642 24.250 24.224 23.645 23.591 23.747 23.806 20/05/2041
25.774 25.428 25.735 24.250 23.701 25.057 25.235 24.805 23.624 23.365 25.053 24.806 23.592 23.870 23.165 25.441 24.704 23.604 23.897 23.827 25.406 24.528 23.421 23.366 23.916 25.644 24.442 23.201 23.076 23.461 21/05/2041
22.302 22.074 22.267 21.904 21.859 21.958 21.723 21.843 21.664 22.013 21.949 21.854 21.705 21.737 21.743 21.231 21.697 21.688 21.712 21.533 21.266 21.457 21.303 20.964 22.052 21.488 21.500 21.236 20.793 20.841 22/05/2041
20.063 19.602 19.552 19.233 19.412 20.280 19.473 19.698 20.309 19.806 20.279 20.500 20.990 20.877 21.189 20.330 20.967 20.968 20.836 21.049 20.606 20.888 20.880 20.555 21.359 20.848 21.049 20.687 20.637 21.261 23/05/2041
18.760 18.504 18.456 17.916 17.093 18.852 18.345 18.732 18.301 17.711 18.867 19.207 18.831 18.550 18.538 19.484 19.748 18.811 18.498 18.682 19.406 19.494 18.481 18.589 19.470 19.279 19.596 18.610 19.026 19.752 24/05/2041
17.569 17.786 17.355 16.556 16.946 17.832 17.609 17.770 17.347 17.066 17.841 18.313 17.924 17.751 17.697 17.936 18.738 17.897 17.708 17.819 18.228 18.809 17.917 17.937 18.373 18.338 18.866 18.193 18.592 18.608 25/05/2041
19.352 19.770 19.302 20.072 18.664 19.914 19.225 19.370 19.426 18.484 19.941 20.020 20.003 19.753 18.736 20.185 20.621 20.019 19.715 18.982 20.546 20.864 20.318 19.413 19.279 20.655 20.851 19.828 19.623 19.326 26/05/2041
20.302 20.595 20.242 20.364 20.359 20.388 19.958 20.167 21.064 20.162 20.410 20.419 21.311 20.888 20.234 20.789 21.267 21.284 20.795 20.596 20.997 21.078 21.060 20.573 20.638 21.322 21.259 21.211 20.704 20.450 27/05/2041
19.668 20.365 19.915 19.741 20.670 19.656 20.050 19.419 20.388 20.226 19.671 19.184 20.249 20.087 19.778 19.105 20.041 20.208 20.004 20.053 19.091 20.059 20.342 20.232 20.483 19.350 20.272 20.473 20.405 20.134 28/05/2041
19.168 19.456 19.939 19.528 20.199 18.853 18.918 19.690 21.043 20.051 18.864 19.463 20.828 20.783 19.975 19.008 20.254 20.794 20.714 20.835 19.296 20.210 20.725 20.503 20.680 19.577 20.377 20.695 20.891 20.602 29/05/2041
22.053 22.066 21.751 20.926 20.532 21.670 21.427 21.623 21.490 20.685 21.713 21.553 21.365 21.347 20.996 21.244 21.543 21.328 21.270 21.407 21.460 21.361 21.188 21.480 22.175 21.797 21.643 21.581 21.931 22.303 30/05/2041
23.415 23.275 23.335 22.080 21.674 23.228 23.269 23.457 23.003 22.013 23.228 23.178 22.710 22.947 22.432 22.943 23.368 22.698 22.918 23.013 22.717 22.970 22.389 22.851 23.414 22.894 23.104 22.525 22.995 23.603 31/05/2041
18.030 17.849 17.884 17.517 17.639 17.692 17.733 17.828 17.999 17.763 17.718 17.717 17.924 17.890 17.978 17.640 17.945 17.891 17.830 17.945 17.735 17.909 17.895 18.169 18.387 17.867 18.075 18.308 18.495 18.388 01/06/2041
18.620 18.376 18.306 17.833 18.445 18.132 18.122 18.172 18.750 18.770 18.174 18.452 19.062 18.751 18.997 18.855 19.063 19.010 18.654 19.060 18.887 18.864 18.806 19.006 19.338 19.059 19.022 19.262 19.214 18.944 02/06/2041
19.836 19.872 20.347 20.222 20.007 19.982 20.126 20.421 20.680 20.611 19.999 20.254 20.556 20.502 20.178 20.117 21.130 20.539 20.469 20.718 19.968 20.919 20.325 20.310 20.823 19.964 21.006 20.437 20.389 20.544 03/06/2041
20.831 20.781 21.130 20.880 21.096 20.665 20.330 20.989 21.275 21.236 20.687 20.956 21.338 20.989 21.230 21.369 21.677 21.282 20.913 21.345 21.532 21.456 21.077 21.051 21.352 21.765 21.620 21.463 21.269 20.855 04/06/2041
20.766 20.502 20.214 19.743 19.056 20.614 19.992 20.132 20.354 19.463 20.665 20.546 20.890 20.493 19.870 20.790 21.618 20.839 20.402 20.460 21.066 21.684 20.870 20.592 21.014 21.303 21.698 21.429 20.905 20.376 05/06/2041
20.846 20.448 20.036 19.022 18.873 20.442 19.588 19.789 19.419 18.953 20.477 20.104 19.770 19.255 19.091 20.660 20.543 19.745 19.220 19.174 20.787 20.536 19.719 19.350 19.643 20.950 20.575 19.775 19.353 19.181 06/06/2041
22.541 22.105 21.317 20.887 20.980 22.467 21.088 21.174 21.777 21.365 22.495 21.739 22.295 21.766 21.651 22.616 22.455 22.273 21.714 21.795 22.968 22.533 22.386 21.736 21.882 23.080 22.625 22.845 22.217 21.780 07/06/2041
22.992 22.665 22.699 20.239 22.408 22.801 21.725 22.435 22.489 22.848 22.878 22.941 23.009 22.527 22.679 22.887 23.161 22.984 22.461 22.482 23.482 23.512 23.276 22.922 23.124 23.886 23.498 23.767 23.375 23.022 08/06/2041
22.247 21.935 21.768 20.645 20.291 21.880 21.367 21.644 20.931 20.511 21.914 22.434 21.621 21.123 20.555 21.594 21.902 21.618 21.076 20.795 21.714 21.952 21.591 21.463 21.363 21.906 22.023 21.918 21.776 21.733 09/06/2041
17.980 17.967 18.447 17.957 17.263 17.467 18.034 17.567 17.469 17.191 17.517 17.906 17.734 17.816 17.109 17.437 18.042 17.736 17.762 17.188 17.626 18.245 17.879 17.854 17.840 17.761 18.318 18.628 18.443 18.034 10/06/2041
17.943 18.120 18.198 18.047 18.166 17.633 17.993 17.730 18.399 18.319 17.662 17.607 18.139 18.441 18.010 17.813 18.592 18.114 18.374 18.054 17.989 18.587 18.148 18.067 18.344 18.130 18.750 18.642 18.518 18.169 11/06/2041
22.946 22.582 22.590 22.664 22.483 22.539 22.441 22.764 23.130 22.953 22.571 22.640 22.990 23.075 22.915 21.858 22.226 22.963 23.009 22.822 22.922 22.981 23.757 23.439 23.183 23.108 23.152 24.132 24.074 23.572 12/06/2041
24.112 23.885 24.288 24.531 23.713 23.776 23.353 24.419 24.861 23.795 23.823 23.754 24.191 23.959 23.614 23.820 24.061 24.136 23.873 23.917 24.318 24.336 24.369 23.601 23.947 24.509 24.454 24.678 24.245 23.425 13/06/2041
23.649 23.124 23.242 23.477 21.698 23.078 22.428 23.343 23.752 22.333 23.114 23.143 23.603 23.067 22.216 22.040 22.486 23.514 22.901 22.919 22.312 22.231 23.208 22.973 23.392 22.506 22.414 23.802 23.521 22.297 14/06/2041
20.303 19.972 20.906 20.652 21.088 20.332 19.927 20.629 20.954 21.223 20.360 20.680 21.071 21.057 21.340 20.493 21.220 21.048 20.994 21.461 20.549 20.917 20.648 20.752 21.263 20.701 21.038 21.043 21.352 21.103 15/06/2041
21.507 21.677 22.206 21.761 22.066 21.227 21.817 22.256 22.457 22.171 21.259 21.558 21.869 22.544 22.329 21.347 22.116 21.841 22.482 22.436 20.988 21.461 21.072 22.055 22.195 21.183 21.585 21.341 21.639 21.456 16/06/2041
18.575 18.730 18.588 18.073 18.427 18.120 18.211 18.434 18.385 18.475 18.143 18.412 18.472 18.534 18.373 17.898 18.497 18.442 18.490 18.727 17.858 18.437 18.364 18.808 18.860 18.052 18.552 18.554 18.748 18.684 17/06/2041
18.184 18.499 18.271 17.983 18.190 17.772 18.043 18.072 18.344 18.272 17.794 18.276 18.603 18.531 18.430 18.009 18.838 18.563 18.466 18.450 17.966 18.917 18.671 18.954 18.937 18.088 19.027 18.688 18.962 18.806 18/06/2041
18.215 18.556 18.575 17.905 18.416 17.982 18.368 18.628 18.735 18.732 18.014 18.570 18.601 18.816 18.781 18.278 19.254 18.570 18.764 18.548 18.413 19.255 18.574 18.990 18.841 18.605 19.353 18.903 19.007 18.873 19/06/2041
19.060 19.430 19.182 18.804 19.069 18.531 18.872 19.042 19.381 19.143 18.553 18.964 19.321 19.246 19.055 18.501 19.590 19.291 19.175 18.962 18.595 19.399 19.156 19.404 19.129 18.777 19.529 19.152 19.211 19.040 20/06/2041
20.021 20.373 19.943 19.707 19.940 19.747 19.962 20.087 20.511 20.293 19.776 20.127 20.584 20.423 20.157 19.861 20.700 20.553 20.357 20.094 19.867 20.456 20.309 20.539 20.337 20.067 20.612 20.495 20.579 20.235 21/06/2041
22.328 22.074 21.764 21.757 21.902 22.064 21.727 22.048 22.485 22.078 22.099 22.221 22.669 22.565 22.389 22.109 22.876 22.643 22.505 22.318 22.200 22.747 22.497 22.626 22.927 22.431 22.916 22.640 22.703 22.858 22/06/2041
27.329 26.884 26.562 26.290 25.911 27.001 26.380 26.628 26.190 26.000 27.037 26.898 26.417 26.105 26.118 26.443 26.552 26.386 26.041 26.299 26.699 26.895 26.692 26.391 26.683 26.855 26.968 26.888 26.769 26.837 23/06/2041
25.733 25.390 25.887 25.466 25.859 25.422 25.153 26.033 26.448 26.308 25.446 25.828 26.161 26.278 26.117 25.496 26.259 26.149 26.251 26.442 25.611 26.366 26.280 26.417 26.956 25.718 26.470 26.345 26.564 26.519 24/06/2041
25.752 25.791 26.018 25.359 24.980 25.518 25.550 26.249 26.544 25.452 25.534 26.332 26.650 26.704 25.817 26.132 26.671 26.637 26.645 26.277 26.356 26.547 26.636 26.901 27.055 26.512 26.694 26.591 26.803 26.859 25/06/2041
24.186 23.866 23.930 23.147 23.572 23.508 23.813 23.768 24.378 23.315 23.539 23.692 24.352 24.272 23.304 23.769 24.086 24.337 24.242 23.663 24.088 24.263 24.481 24.365 23.826 24.249 24.332 24.161 23.830 23.782 26/06/2041
24.760 24.262 24.167 23.812 24.248 23.765 24.076 23.941 24.706 23.871 23.808 23.934 24.628 24.422 23.863 23.843 24.398 24.615 24.397 24.015 24.570 24.093 24.335 24.321 24.216 24.739 24.292 24.153 24.500 24.299 27/06/2041
26.168 25.542 25.038 24.393 24.602 25.417 24.501 24.650 25.278 24.705 25.427 25.427 25.903 25.511 24.624 25.663 26.072 25.894 25.494 24.881 26.234 25.742 25.584 24.924 25.113 26.308 25.842 25.618 25.518 25.041 28/06/2041
23.859 23.168 22.847 22.901 22.966 23.090 22.361 22.599 23.770 23.204 23.110 23.187 24.427 24.146 23.408 23.608 24.132 24.399 24.109 23.640 24.182 23.712 24.045 23.199 23.724 24.347 23.844 24.165 24.120 23.538 29/06/2041
25.461 24.763 24.366 23.839 24.005 24.880 24.050 24.215 23.139 23.983 24.885 24.946 23.948 23.687 24.279 23.980 24.350 23.916 23.675 23.423 24.439 23.951 23.513 22.763 23.439 24.589 24.060 23.554 23.448 22.967 30/06/2041
28.477 27.968 27.540 27.007 27.225 28.225 27.377 27.477 27.317 27.385 28.227 28.421 28.407 28.039 28.029 27.530 27.771 28.372 27.978 27.512 27.897 27.510 28.125 27.360 27.857 28.021 27.594 28.049 27.946 27.635 01/07/2041
28.276 28.231 27.963 27.550 27.842 27.969 28.266 27.699 28.022 27.759 27.985 28.204 28.587 28.341 27.783 27.882 28.160 28.549 28.259 27.578 27.959 28.039 28.439 28.092 28.186 28.060 28.177 28.568 28.581 28.081 02/07/2041
29.678 29.664 29.157 28.709 28.283 29.442 29.623 28.823 28.622 28.130 29.468 29.657 29.393 29.186 28.269 29.356 29.137 29.370 29.129 28.620 29.315 29.099 29.315 28.751 28.973 29.443 29.176 29.431 29.315 28.949 03/07/2041
27.363 28.043 28.081 27.523 28.288 27.338 27.981 28.020 28.030 28.063 27.351 28.387 28.461 28.257 28.386 25.971 28.518 28.424 28.186 28.530 27.833 27.649 27.602 28.279 28.877 27.869 27.744 28.705 28.615 27.681 04/07/2041
25.334 25.817 25.171 24.182 23.415 25.389 24.830 25.430 24.962 23.951 25.413 25.977 25.469 25.393 24.336 24.957 25.657 25.423 25.311 24.700 25.606 25.642 25.443 25.147 25.733 25.710 25.768 25.577 25.905 25.195 05/07/2041
23.254 23.845 23.133 22.467 22.138 23.678 23.060 23.584 23.391 22.648 23.675 24.117 24.052 23.712 23.087 23.813 24.204 24.020 23.693 23.328 24.052 24.410 24.285 23.542 23.855 24.036 24.465 23.824 24.121 23.909 06/07/2041
24.092 24.076 23.643 23.594 23.591 24.106 23.931 24.031 24.672 24.017 24.107 24.773 25.425 24.916 24.372 24.336 24.853 25.375 24.891 24.610 24.680 24.951 25.467 24.884 24.732 24.780 25.021 25.389 25.150 24.804 07/07/2041
21.956 22.738 21.596 21.388 21.092 22.620 22.049 21.715 22.230 22.104 22.638 22.250 22.655 22.319 22.783 22.266 22.513 22.620 22.244 22.863 22.891 22.548 22.663 22.777 23.797 23.131 22.701 23.769 23.881 22.990 08/07/2041
22.166 22.589 21.904 21.228 20.993 22.067 21.819 21.599 21.907 21.435 22.099 21.808 22.125 21.985 21.815 21.796 21.810 22.066 21.899 21.951 21.865 21.914 22.118 22.262 22.697 22.067 21.983 22.733 22.980 22.914 09/07/2041
20.600 20.738 20.732 20.408 20.283 20.034 19.960 19.957 19.752 20.432 20.060 20.327 20.175 20.010 20.560 20.453 20.390 20.140 19.946 20.129 20.737 20.989 20.643 20.504 20.710 20.878 21.069 21.246 21.568 21.334 10/07/2041
20.608 20.700 20.859 20.870 20.377 20.248 20.213 20.483 20.488 20.686 20.259 20.717 20.807 20.919 21.079 20.111 21.134 20.763 20.870 21.075 20.261 21.435 21.062 21.255 21.512 20.350 21.479 21.433 21.683 21.844 11/07/2041
21.079 21.179 21.189 21.033 20.938 20.807 20.713 21.039 21.288 21.045 20.823 21.141 21.420 21.216 21.008 20.776 21.618 21.376 21.160 21.032 20.855 21.552 21.341 21.512 21.524 20.968 21.677 21.605 21.850 22.067 12/07/2041
22.998 22.567 22.449 22.207 21.850 22.557 21.794 22.174 22.350 22.126 22.590 22.479 22.720 22.286 22.049 22.219 22.578 22.697 22.224 22.010 22.659 22.667 22.863 22.582 22.548 22.845 22.842 23.265 22.817 22.446 13/07/2041
23.880 23.540 23.588 23.456 22.965 23.621 22.884 23.595 23.922 23.331 23.630 23.873 24.261 23.953 23.527 23.293 23.717 24.223 23.881 23.451 23.752 23.785 24.310 23.888 24.115 23.947 23.929 24.589 24.215 23.799 14/07/2041
26.470 26.287 26.278 26.162 25.163 26.363 26.098 26.293 26.042 25.428 26.382 26.564 26.340 26.237 25.781 25.993 26.157 26.290 26.250 25.950 26.472 26.487 26.531 26.337 26.752 26.635 26.568 27.029 26.859 26.719 15/07/2041
26.528 26.949 26.806 27.004 25.918 26.666 26.935 26.884 26.530 25.767 26.694 27.084 26.695 27.064 26.062 26.801 27.184 26.678 27.048 26.486 27.122 27.482 26.993 27.266 27.053 27.211 27.595 27.454 27.340 27.208 16/07/2041
25.748 26.046 25.767 25.596 24.796 25.847 26.140 25.972 25.782 24.748 25.861 26.155 26.048 26.366 25.571 26.140 26.355 26.004 26.336 25.876 26.503 26.771 26.461 26.650 26.300 26.612 26.925 26.974 26.782 26.620 17/07/2041
26.359 26.211 25.842 25.254 24.729 26.218 25.494 25.788 25.839 25.100 26.243 26.258 26.191 26.300 25.791 25.913 26.076 26.165 26.283 26.137 25.960 26.132 26.223 26.233 26.436 26.027 26.151 26.461 26.348 26.052 18/07/2041
26.747 26.398 26.229 25.648 25.115 26.546 25.597 25.999 25.832 25.314 26.541 26.235 26.075 25.651 25.288 26.258 26.061 26.032 25.636 25.655 26.315 26.075 26.016 25.921 26.137 26.346 26.096 26.373 26.244 25.937 19/07/2041
29.423 29.142 28.886 27.622 27.764 29.123 28.907 28.875 28.248 27.897 29.132 29.104 28.470 28.277 28.009 28.624 28.800 28.477 28.299 28.354 28.506 28.754 28.374 28.151 28.376 28.436 28.722 28.165 28.475 28.635 20/07/2041
25.223 25.701 25.518 25.101 24.838 25.255 25.287 25.539 25.341 24.712 25.277 25.468 25.432 25.602 25.129 25.054 25.904 25.407 25.553 25.382 25.057 25.903 25.490 25.972 26.139 25.105 25.941 25.623 26.100 25.992 21/07/2041
23.544 23.732 23.649 23.612 23.565 23.485 23.451 23.516 24.191 23.425 23.501 24.038 24.656 24.275 23.708 23.807 24.864 24.619 24.243 23.863 23.957 24.838 24.597 24.540 24.401 24.057 24.886 24.468 24.638 24.422 22/07/2041
21.947 22.034 22.147 22.018 21.777 21.730 21.923 22.422 22.537 21.682 21.765 22.793 22.891 22.257 21.657 22.182 22.834 22.856 22.191 21.557 22.318 22.589 22.632 22.414 21.852 22.510 22.678 22.576 22.462 21.847 23/07/2041
23.596 23.778 23.426 22.780 22.911 23.224 23.425 23.467 23.562 22.641 23.244 23.217 23.424 23.167 22.787 23.346 23.452 23.404 23.126 22.925 23.157 23.197 23.202 23.280 22.989 23.247 23.272 23.457 23.437 23.080 24/07/2041
23.628 24.034 23.278 22.056 22.663 23.434 23.266 22.893 22.980 22.387 23.439 22.871 22.970 22.653 22.588 23.332 23.351 22.958 22.626 22.728 22.791 22.763 22.494 22.682 22.668 22.876 22.829 22.614 22.712 22.500 25/07/2041
26.148 25.869 25.567 24.478 23.555 25.773 25.165 25.238 23.721 23.823 25.791 25.492 23.977 23.677 23.995 24.882 24.732 23.947 23.652 24.090 24.839 24.336 23.522 23.325 23.754 25.088 24.388 23.556 23.424 23.521 26/07/2041
26.341 25.816 25.523 25.824 25.712 25.809 24.896 25.443 26.159 25.879 25.823 25.471 26.288 26.205 26.141 25.449 26.204 26.261 26.171 26.672 25.108 25.395 25.518 25.862 26.313 25.122 25.473 25.152 25.493 25.930 27/07/2041
27.005 26.728 25.905 26.137 26.664 26.490 24.776 25.276 25.620 26.680 26.502 26.317 26.449 25.640 26.381 27.239 26.801 26.412 25.637 26.343 26.870 26.379 26.048 25.350 26.138 26.842 26.451 25.647 25.514 25.904 28/07/2041
22.885 23.116 22.454 22.467 22.524 23.091 23.017 22.969 23.126 22.432 23.108 23.101 23.401 23.022 22.609 23.324 23.113 23.366 22.969 22.542 22.695 22.794 23.121 23.097 22.759 22.889 22.937 23.181 23.330 22.949 29/07/2041
21.080 21.430 21.455 21.366 21.570 21.267 20.861 20.830 21.263 21.575 21.294 21.620 22.131 21.625 21.792 21.771 22.439 22.115 21.557 21.647 21.541 22.546 22.346 22.006 22.129 21.773 22.633 22.548 22.628 22.998 30/07/2041
20.526 20.378 19.789 19.495 19.613 20.305 19.497 19.339 19.773 19.366 20.334 19.632 20.162 19.708 19.456 20.092 20.291 20.126 19.631 19.478 19.909 20.073 19.960 19.881 19.670 20.099 20.198 20.266 20.259 19.885 31/07/2041
