# 6448 6449 6450 6451 6452 6528 6529 6530 6531 6532 6610 6611 6612 6613 6614 6693 6694 6695 6696 6697 6776 6777 6778 6779 6780 6859 6860 6861 6862 6863 Date
22.835 22.684 22.910 22.435 23.101 22.483 22.306 22.765 23.530 23.502 22.397 22.804 23.591 23.546 23.552 21.789 23.206 23.670 23.634 23.490 21.766 23.206 23.668 23.697 23.293 22.390 23.304 23.813 23.768 23.242 01/08/2004
22.850 22.577 22.882 21.774 22.448 22.465 22.353 22.797 23.251 23.043 22.532 22.800 23.202 23.090 23.193 23.137 23.696 23.353 23.203 23.312 23.231 23.710 23.251 23.404 23.189 23.577 23.791 23.588 23.633 23.011 02/08/2004
23.095 22.918 22.802 21.726 22.398 22.804 22.701 22.737 23.150 23.059 22.739 22.980 22.822 22.736 23.150 23.193 23.860 22.867 22.790 23.001 23.249 23.875 23.070 22.930 22.750 23.325 23.810 23.276 23.101 22.539 03/08/2004
23.173 23.088 22.881 22.664 22.907 22.970 22.921 22.823 23.247 23.065 22.969 23.000 23.262 23.150 23.138 23.215 23.654 23.213 23.100 23.144 23.185 23.641 23.163 23.260 23.357 23.222 23.602 23.353 23.303 23.143 04/08/2004
22.611 22.861 22.783 22.619 22.909 22.722 22.637 22.706 23.169 22.882 22.881 22.897 23.187 23.094 22.996 22.885 23.297 23.195 23.092 23.172 23.063 23.267 23.172 23.245 23.532 23.374 23.468 23.474 23.411 23.296 05/08/2004
25.630 25.795 25.502 25.002 25.064 25.678 25.600 25.418 25.482 25.088 25.720 25.698 25.585 25.489 25.171 25.514 25.655 25.608 25.494 25.320 25.538 25.633 25.806 25.641 25.538 25.528 25.660 25.914 25.716 25.339 06/08/2004
26.644 26.637 26.617 26.410 27.410 26.601 26.539 26.577 27.348 27.425 26.734 26.675 27.356 27.350 27.422 26.601 26.686 27.384 27.362 27.271 26.612 26.666 27.511 27.391 27.308 26.689 26.646 27.476 27.409 27.237 07/08/2004
26.944 26.899 26.878 26.012 25.982 26.745 26.682 26.751 26.585 26.014 26.547 26.639 26.792 26.608 26.075 26.247 26.279 26.474 26.256 26.144 25.802 26.261 26.424 26.567 25.899 25.600 25.894 26.329 26.389 25.595 08/08/2004
25.894 26.048 26.071 25.178 24.543 25.981 25.931 25.975 25.405 24.907 25.647 25.969 25.664 25.450 24.997 25.608 26.243 25.670 25.387 25.345 25.506 26.210 25.493 25.780 25.420 25.817 26.259 25.906 26.041 24.981 09/08/2004
24.366 24.824 24.964 24.762 24.834 24.667 24.529 24.862 25.293 25.003 24.511 25.081 25.405 25.215 25.130 24.401 25.125 25.422 25.235 25.271 24.675 25.087 25.083 25.520 25.426 24.743 25.207 25.363 25.678 25.157 10/08/2004
21.627 22.196 22.216 21.420 21.813 22.086 22.083 22.147 22.572 22.247 22.084 22.390 22.601 22.484 22.348 22.313 23.192 22.797 22.730 22.798 22.570 23.182 22.490 22.890 22.931 22.679 23.408 22.960 23.130 22.811 11/08/2004
21.924 22.103 21.900 21.137 21.308 21.967 21.887 21.823 21.734 21.517 22.054 22.098 21.814 21.769 21.564 21.860 22.538 21.922 21.937 21.875 21.987 22.517 21.763 21.950 21.881 22.174 22.673 21.925 21.935 21.861 12/08/2004
22.300 22.500 22.367 21.586 21.836 22.463 22.385 22.319 22.500 22.089 22.546 22.555 22.606 22.492 22.158 22.433 22.735 22.637 22.519 22.553 22.515 22.734 22.552 22.695 22.628 22.629 22.849 22.792 22.758 22.474 13/08/2004
23.677 23.793 23.727 22.958 23.521 23.682 23.656 23.637 24.009 23.786 23.955 23.852 23.994 23.922 23.875 23.793 23.941 24.169 24.036 24.067 24.116 23.942 24.094 24.212 24.138 24.246 24.125 24.316 24.263 23.975 14/08/2004
26.365 26.615 26.486 26.000 26.403 26.383 26.225 26.363 27.166 26.533 26.552 26.518 27.258 27.075 26.707 26.670 27.190 27.255 27.045 26.969 26.853 27.180 27.129 27.351 27.450 27.161 27.415 27.629 27.517 27.131 15/08/2004
24.112 24.035 24.163 24.144 24.191 23.785 23.649 24.001 24.567 24.337 23.614 23.751 24.423 24.234 24.523 23.539 24.074 24.265 24.083 24.377 23.731 24.043 24.023 24.370 24.818 24.209 24.186 24.433 24.523 24.503 16/08/2004
24.667 24.535 24.645 25.228 25.277 24.289 24.131 24.523 25.139 25.162 24.135 24.353 24.891 24.791 25.308 24.120 24.452 24.740 24.582 24.637 24.291 24.407 24.502 24.820 24.749 24.496 24.661 24.925 24.712 24.461 17/08/2004
23.001 22.843 22.851 21.938 22.327 22.628 22.474 22.758 23.172 22.052 22.482 22.580 23.125 22.969 22.130 22.140 22.560 22.970 22.758 22.883 22.097 22.530 22.804 23.063 22.986 22.133 22.462 22.863 22.876 22.656 18/08/2004
22.688 22.678 22.452 21.799 22.736 22.444 22.354 22.339 22.642 22.454 22.379 22.380 22.821 22.726 22.542 22.709 22.753 22.479 22.360 22.357 22.568 22.736 22.457 22.542 22.388 22.639 22.588 22.344 22.302 22.216 19/08/2004
23.343 23.284 23.209 22.684 23.227 23.098 23.001 23.049 23.432 23.159 23.131 23.147 23.765 23.660 23.262 23.404 23.771 23.665 23.532 23.339 23.508 23.730 23.571 23.711 23.675 23.609 23.834 23.722 23.806 23.473 20/08/2004
24.749 24.664 24.707 24.022 24.651 24.522 24.371 24.639 25.032 24.715 24.704 24.654 25.105 25.014 24.802 24.696 25.060 25.061 24.942 24.873 24.987 25.045 25.011 25.093 24.959 25.097 25.118 25.127 25.093 24.780 21/08/2004
27.503 27.685 27.726 26.680 27.067 27.560 27.516 27.664 26.823 27.118 27.576 27.684 26.920 26.856 27.088 26.825 27.776 26.985 26.902 26.991 26.955 27.769 26.674 27.010 26.968 26.745 27.844 26.781 26.997 26.889 22/08/2004
26.991 27.183 27.200 25.562 25.651 27.150 27.148 27.241 25.910 25.690 27.059 27.084 25.975 25.907 25.672 26.196 26.715 25.968 25.900 25.963 26.364 26.687 25.750 25.974 25.452 25.794 26.008 25.324 25.383 25.406 23/08/2004
24.859 24.991 24.847 23.632 23.279 24.778 24.642 24.723 24.356 23.572 24.950 24.924 24.426 24.326 23.640 24.557 24.638 24.159 24.043 23.924 24.799 24.612 24.355 24.204 23.597 24.382 24.306 24.196 24.012 23.295 24/08/2004
23.572 23.454 23.261 22.556 22.430 23.245 23.093 23.097 23.219 22.703 22.664 22.900 23.309 23.170 22.814 22.735 23.013 22.980 22.803 22.802 22.832 22.979 23.004 23.058 22.669 22.959 22.842 23.023 22.960 22.377 25/08/2004
22.492 22.596 22.462 22.123 22.060 22.407 22.255 22.336 22.515 21.943 22.468 22.430 22.711 22.580 22.040 22.640 22.658 22.450 22.262 22.206 22.678 22.622 22.366 22.539 22.272 22.846 22.750 22.593 22.415 21.992 26/08/2004
21.098 21.219 20.986 20.678 21.081 21.049 20.910 20.838 21.346 21.172 21.122 21.179 21.731 21.584 21.267 21.232 21.651 21.621 21.449 21.288 21.310 21.624 21.597 21.676 21.469 21.326 21.681 21.712 21.684 21.219 27/08/2004
20.938 21.097 20.838 20.971 20.919 20.882 20.733 20.705 21.384 21.157 20.911 20.984 21.489 21.379 21.260 21.076 21.622 21.531 21.419 21.406 21.264 21.592 21.463 21.578 21.430 21.388 21.794 21.716 21.717 21.229 28/08/2004
23.643 23.925 23.988 23.838 24.047 23.753 23.635 23.868 24.441 24.169 23.840 24.016 24.544 24.432 24.287 23.794 24.415 24.487 24.343 24.304 23.997 24.362 24.463 24.518 24.246 24.012 24.332 24.523 24.458 24.058 29/08/2004
26.284 26.511 26.330 25.950 26.101 26.401 26.319 26.280 26.380 26.012 26.343 26.381 26.569 26.497 26.063 26.208 26.541 26.422 26.335 26.256 26.285 26.521 26.489 26.465 26.212 26.205 26.358 26.456 26.356 26.075 30/08/2004
25.874 26.093 25.999 25.335 25.302 25.954 25.873 25.940 25.708 25.294 25.997 26.073 25.833 25.765 25.393 25.797 26.360 25.760 25.669 25.692 25.994 26.369 25.772 25.782 25.889 26.089 26.289 25.895 25.826 25.752 31/08/2004
20.971 21.111 21.582 21.627 22.295 21.014 20.974 21.553 22.483 22.595 20.674 21.302 22.085 22.081 22.628 20.915 22.177 22.207 22.206 22.443 21.430 22.208 21.903 22.243 22.490 21.784 22.372 22.189 22.503 22.450 01/09/2004
18.222 18.107 18.026 17.845 18.062 18.021 17.911 17.959 18.220 17.870 18.107 18.019 18.046 17.967 17.920 18.317 18.687 17.973 17.895 17.934 18.420 18.686 18.185 18.052 18.011 18.289 18.543 18.230 18.258 17.850 02/09/2004
18.143 17.903 17.895 16.728 16.994 17.727 17.564 17.827 16.854 16.989 17.781 17.752 16.948 16.905 17.096 18.022 17.656 16.889 16.851 16.859 18.312 17.613 17.091 16.923 17.143 18.729 17.774 17.289 17.272 17.044 03/09/2004
18.273 17.813 18.167 17.515 17.587 17.651 17.481 18.081 18.171 17.865 17.489 17.715 18.230 18.095 17.977 17.112 17.706 18.164 17.999 18.147 17.423 17.658 17.756 18.223 18.119 17.913 17.898 18.108 18.241 17.923 04/09/2004
17.649 17.353 17.535 17.087 17.597 17.205 17.088 17.448 18.233 17.794 17.258 17.296 18.019 17.922 17.868 17.753 18.211 17.969 17.807 18.081 18.178 18.202 17.922 18.017 17.943 18.310 18.249 18.173 18.069 17.666 05/09/2004
19.109 18.988 19.171 19.059 19.318 18.875 18.769 19.109 19.551 19.270 18.996 18.965 19.445 19.311 19.339 19.574 19.822 19.345 19.196 19.383 19.839 19.809 19.280 19.418 19.461 19.876 19.862 19.430 19.431 19.216 06/09/2004
19.462 19.352 19.421 18.811 18.071 19.122 18.961 19.285 18.919 18.310 19.186 19.216 18.708 18.544 18.461 19.993 19.710 18.569 18.376 18.722 20.229 19.637 18.503 18.658 18.589 20.497 19.766 18.635 18.559 18.280 07/09/2004
20.656 20.797 20.715 20.406 20.443 20.670 20.547 20.653 21.031 20.641 20.723 20.778 20.980 20.821 20.716 20.785 20.658 21.097 20.926 21.151 20.916 20.646 20.903 21.154 21.349 21.017 20.653 21.023 21.197 21.131 08/09/2004
19.639 19.645 19.668 19.267 19.295 19.475 19.295 19.560 20.247 19.507 19.566 19.741 20.292 20.096 19.613 19.858 20.226 20.319 20.062 20.191 20.109 20.194 20.204 20.425 20.594 20.293 20.339 20.603 20.685 20.364 09/09/2004
18.020 17.950 18.016 17.945 18.054 17.786 17.679 17.915 18.490 18.259 17.795 17.877 18.482 18.344 18.315 18.229 18.844 18.463 18.286 18.537 18.452 18.815 18.403 18.546 18.708 18.600 18.911 18.627 18.747 18.478 10/09/2004
17.042 16.904 16.897 16.951 16.981 16.771 16.679 16.844 17.504 17.220 16.890 16.957 17.461 17.338 17.308 17.350 17.977 17.551 17.419 17.692 17.576 17.933 17.467 17.611 17.833 17.683 18.092 17.685 17.848 17.632 11/09/2004
17.557 17.363 17.586 17.341 17.499 17.223 17.125 17.498 17.902 17.606 17.162 17.360 17.887 17.770 17.707 19.002 19.555 17.788 17.706 17.831 19.155 19.539 17.696 17.841 17.909 19.289 19.613 17.868 17.940 17.759 12/09/2004
19.006 18.734 18.611 18.276 18.385 18.578 18.504 18.535 18.927 18.429 18.664 18.250 18.955 18.856 18.535 19.652 19.837 18.817 18.670 18.602 19.805 19.829 18.865 18.855 18.521 19.799 19.869 19.055 18.780 18.356 13/09/2004
18.328 18.566 18.530 17.708 17.817 18.381 18.267 18.441 18.781 17.895 18.384 18.582 19.170 19.033 18.016 18.579 18.790 18.838 18.643 18.302 19.101 18.775 19.295 18.925 18.497 19.558 18.270 19.113 18.714 18.195 14/09/2004
18.020 18.229 18.520 18.451 18.320 18.214 18.104 18.503 18.788 18.299 18.260 18.449 18.996 18.911 18.387 18.438 19.155 18.962 18.907 18.723 18.842 19.113 19.062 19.015 18.979 18.730 19.008 18.989 18.992 18.880 15/09/2004
19.952 20.026 20.294 20.469 19.842 19.935 19.828 20.252 20.417 20.151 19.982 20.162 20.369 20.279 20.303 20.933 20.828 20.409 20.311 20.236 21.413 20.761 20.366 20.440 20.367 21.544 20.785 20.285 20.477 20.240 16/09/2004
21.171 21.493 21.959 21.586 21.338 21.355 21.261 21.874 22.007 21.466 21.433 21.592 22.016 21.915 21.615 21.328 21.324 21.884 21.774 21.931 21.659 21.326 21.798 21.937 22.072 21.728 21.292 21.909 22.010 21.910 17/09/2004
21.129 21.138 21.231 21.191 20.687 20.996 20.861 21.154 20.964 20.634 21.200 21.168 20.996 20.992 20.722 21.275 21.013 20.961 20.942 20.981 21.578 20.993 21.004 20.980 21.098 21.631 21.087 21.092 21.052 21.013 18/09/2004
20.477 20.513 20.481 20.444 20.498 20.445 20.380 20.424 20.881 20.565 20.639 20.534 20.907 20.872 20.610 20.787 20.563 20.944 20.924 20.952 20.932 20.582 20.904 20.961 21.210 20.849 20.646 21.088 21.103 21.220 19/09/2004
19.520 19.437 19.364 18.810 18.920 19.265 19.145 19.241 19.477 19.065 19.121 19.304 19.836 19.701 19.153 19.153 19.381 19.709 19.624 19.583 19.307 19.378 19.606 19.798 19.876 19.194 19.398 19.779 19.864 19.727 20/09/2004
16.521 16.512 16.147 15.142 15.235 16.352 16.195 16.048 14.821 14.358 15.895 16.016 15.341 15.260 14.451 16.334 15.687 15.490 15.376 15.110 16.052 15.667 15.155 15.545 15.674 15.765 15.351 14.780 15.412 15.512 21/09/2004
15.109 14.985 15.055 14.852 14.913 14.886 14.808 15.027 15.298 14.701 14.504 14.749 15.333 15.283 14.784 15.027 15.616 15.468 15.365 15.493 15.000 15.599 15.305 15.508 15.678 15.045 15.600 15.339 15.619 15.545 22/09/2004
15.870 15.778 15.873 15.044 15.347 15.767 15.771 15.859 16.000 15.624 15.625 15.816 16.116 16.003 15.762 15.494 16.445 16.318 16.179 16.344 15.908 16.425 16.257 16.382 16.653 16.152 16.613 16.569 16.719 16.432 23/09/2004
15.169 14.923 15.202 16.873 13.955 14.789 14.681 15.130 15.011 14.154 14.496 14.688 14.947 14.831 14.259 14.402 14.379 14.675 14.573 14.827 14.368 14.366 14.609 14.734 15.062 14.285 14.296 14.802 14.949 14.855 24/09/2004
15.747 14.880 15.255 14.156 14.766 14.801 14.717 15.157 14.827 14.654 14.721 14.872 14.844 14.820 14.748 15.334 15.764 14.526 14.463 14.456 15.455 15.750 14.579 14.537 14.351 15.451 15.352 14.337 14.432 14.240 25/09/2004
15.124 14.941 15.019 14.206 14.990 14.854 14.749 14.949 14.650 15.107 15.320 14.955 14.796 14.609 15.270 15.307 15.680 15.043 14.775 14.869 15.669 15.663 14.910 15.073 15.266 15.959 15.849 15.276 15.326 14.995 26/09/2004
13.744 13.705 13.885 13.735 13.924 13.610 13.510 13.829 13.981 14.088 13.708 13.915 13.874 13.769 14.199 13.732 14.286 13.974 13.828 14.095 14.210 14.290 13.715 14.014 13.736 14.624 14.521 14.074 13.897 13.545 27/09/2004
12.684 12.635 12.824 12.213 12.309 12.560 12.495 12.755 12.739 12.564 12.893 12.848 12.626 12.566 12.636 13.572 14.191 12.733 12.633 12.914 14.112 14.187 12.776 12.780 12.689 14.396 14.450 13.116 12.922 12.553 28/09/2004
13.611 13.543 13.865 13.193 13.917 13.462 13.384 13.860 14.330 13.901 13.500 13.562 13.988 13.958 13.992 13.776 14.588 13.917 13.881 14.233 14.163 14.578 13.801 13.945 13.882 14.264 14.739 13.974 13.906 13.829 29/09/2004
15.631 15.421 15.492 14.869 15.691 15.267 15.157 15.413 15.993 15.578 15.239 15.232 15.889 15.820 15.726 15.823 16.408 15.699 15.597 15.748 16.031 16.407 15.706 15.717 15.662 16.162 16.451 15.858 15.741 15.562 30/09/2004
15.643 15.340 15.497 14.346 15.101 15.156 15.038 15.414 15.462 14.968 15.101 15.147 15.493 15.382 15.115 15.917 16.240 15.238 15.150 15.265 16.082 16.242 15.222 15.279 15.251 16.192 16.309 15.381 15.286 15.104 01/10/2004
16.592 16.313 16.399 15.891 16.498 16.136 16.025 16.303 16.593 16.247 16.113 16.041 16.687 16.572 16.328 16.450 16.735 16.452 16.313 16.483 16.634 16.745 16.523 16.475 16.529 16.775 16.948 16.754 16.646 16.397 02/10/2004
16.185 15.911 16.173 16.197 16.616 15.727 15.644 16.111 16.729 16.488 15.419 15.645 16.493 16.426 16.545 15.829 16.529 16.246 16.128 16.583 15.890 16.532 15.936 16.298 16.661 15.909 16.616 16.144 16.368 16.560 03/10/2004
19.474 19.484 19.614 19.573 19.204 19.429 19.413 19.602 19.747 19.270 19.434 19.656 19.774 19.753 19.330 19.803 20.721 19.646 19.601 19.756 20.292 20.728 19.787 19.675 19.718 20.426 20.747 19.815 19.694 19.653 04/10/2004
19.786 19.762 19.815 19.524 19.020 19.680 19.607 19.759 19.780 19.188 19.784 19.917 19.678 19.586 19.286 20.236 20.599 19.810 19.776 20.011 20.598 20.598 19.843 19.859 20.242 20.794 20.761 20.032 20.150 20.127 05/10/2004
15.475 15.460 15.626 15.935 15.604 15.388 15.294 15.552 15.683 15.427 15.387 15.492 15.626 15.557 15.471 15.617 15.911 15.651 15.601 15.695 15.726 15.905 15.469 15.678 15.886 15.684 15.853 15.476 15.656 15.801 06/10/2004
14.151 14.048 13.863 13.322 13.560 13.838 13.689 13.746 13.689 13.548 13.715 13.842 13.684 13.576 13.656 13.759 14.061 13.610 13.500 13.557 13.702 14.045 13.539 13.659 13.849 13.836 13.924 13.636 13.705 13.682 07/10/2004
12.247 12.357 12.086 11.130 11.248 12.203 12.114 12.006 11.711 11.503 12.620 12.472 12.466 12.333 11.615 12.347 13.089 12.858 12.692 12.076 12.514 13.076 12.897 12.911 12.615 12.577 12.976 12.990 13.299 12.383 08/10/2004
11.674 11.641 11.277 10.815 11.299 11.502 11.389 11.181 11.454 11.370 11.971 11.594 11.969 11.880 11.472 12.030 12.440 12.159 12.027 11.747 12.000 12.422 12.356 12.212 12.171 11.960 12.447 12.531 12.563 12.036 09/10/2004
15.913 15.564 15.281 14.750 14.190 15.313 15.099 15.140 14.351 14.069 15.279 15.192 14.708 14.530 14.190 15.302 15.379 14.603 14.389 14.234 15.294 15.337 14.648 14.689 14.466 15.354 15.392 14.839 14.731 14.233 10/10/2004
15.369 15.095 15.047 15.290 15.170 14.869 14.716 14.929 15.030 14.748 14.806 14.876 15.093 14.962 14.870 14.821 15.071 15.219 15.042 15.172 14.957 15.047 15.121 15.294 15.376 15.091 15.134 15.315 15.373 15.111 11/10/2004
12.868 12.758 12.671 12.529 12.298 12.507 12.306 12.492 12.379 12.133 12.471 12.356 12.542 12.336 12.251 12.243 12.584 12.218 12.008 12.019 12.388 12.568 12.291 12.302 12.877 12.711 12.848 12.821 12.844 12.574 12/10/2004
13.480 13.721 13.217 12.645 12.099 13.413 13.151 12.975 12.658 12.009 13.417 13.158 13.156 13.046 12.149 13.713 13.039 12.619 12.488 12.605 13.476 13.034 13.027 12.680 13.307 13.241 12.924 13.116 13.244 13.108 13/10/2004
11.467 11.385 11.316 11.179 11.006 11.225 11.087 11.173 11.351 10.957 11.599 11.376 11.309 11.184 11.096 11.703 11.951 11.483 11.297 11.357 12.110 11.929 11.911 11.546 11.956 12.284 11.832 11.994 11.918 11.702 14/10/2004
9.238 9.172 9.148 9.698 8.295 9.017 8.787 9.030 8.964 8.281 9.426 9.235 8.883 8.752 8.420 9.378 9.668 9.214 9.050 9.137 9.695 9.640 9.495 9.268 9.717 9.965 9.978 9.952 9.838 9.509 15/10/2004
10.102 10.121 9.621 9.221 9.351 9.828 9.630 9.437 10.029 9.568 10.588 10.094 10.270 10.131 9.723 10.799 10.642 10.431 10.306 10.290 11.249 10.649 10.786 10.480 10.879 11.476 10.869 11.150 10.929 10.688 16/10/2004
17.193 17.117 16.850 17.344 17.356 16.777 16.489 16.639 17.492 17.007 16.821 16.749 17.737 17.608 16.952 17.047 16.746 17.533 17.380 17.256 17.075 16.712 17.614 17.595 17.638 17.268 16.829 17.874 17.712 17.394 17/10/2004
18.804 18.672 18.491 18.484 17.480 18.536 18.403 18.405 17.825 17.259 18.486 18.459 17.940 17.881 17.281 17.936 17.041 17.926 17.862 17.788 17.870 17.028 17.995 17.982 18.091 17.837 17.069 18.128 18.101 17.941 18/10/2004
16.833 16.709 16.581 16.408 15.177 16.606 16.453 16.514 15.451 14.948 16.608 16.641 15.667 15.539 15.056 16.031 15.995 15.562 15.416 15.347 16.094 15.949 15.728 15.618 15.562 16.155 15.997 15.904 15.772 15.373 19/10/2004
18.074 18.055 17.987 17.906 17.181 17.937 17.820 17.905 17.588 17.046 17.898 17.913 17.542 17.480 17.116 17.748 17.725 17.483 17.365 17.435 17.844 17.723 17.468 17.513 17.661 18.101 17.960 17.803 17.655 17.560 20/10/2004
17.832 17.969 17.947 17.960 17.094 17.765 17.620 17.846 17.863 17.028 17.668 17.806 17.777 17.709 17.104 17.411 17.525 17.790 17.709 17.821 17.624 17.488 17.636 17.797 18.113 17.927 17.755 17.854 17.920 18.014 21/10/2004
13.076 12.983 13.041 12.761 12.940 12.825 12.718 12.964 12.897 12.850 12.707 12.800 12.884 12.831 12.957 12.946 13.302 12.784 12.690 12.817 13.291 13.279 12.793 12.821 12.938 13.520 13.501 13.046 12.959 12.812 22/10/2004
12.854 12.695 12.686 12.261 12.432 12.549 12.452 12.601 12.433 12.226 12.378 12.351 12.434 12.365 12.288 12.615 12.412 12.289 12.193 12.302 12.654 12.395 12.240 12.315 12.340 12.831 12.501 12.368 12.241 12.222 23/10/2004
14.325 14.282 14.295 14.081 14.408 14.131 13.962 14.202 14.966 14.434 14.045 14.097 15.019 14.818 14.622 14.214 14.934 14.965 14.706 14.800 14.386 14.846 14.865 15.054 15.291 14.674 15.265 15.287 15.260 14.987 24/10/2004
14.922 14.832 14.989 14.964 15.977 14.667 14.575 14.889 16.296 16.213 14.310 14.659 15.937 15.849 16.334 14.656 15.402 16.005 15.867 16.390 14.802 15.351 15.624 16.075 17.324 15.215 15.842 16.105 16.807 17.060 25/10/2004
12.714 12.641 12.417 11.672 12.430 12.613 12.552 12.365 12.945 12.416 12.481 12.518 13.103 13.028 12.504 12.535 12.668 13.054 12.964 12.977 12.648 12.651 13.080 13.061 13.105 12.625 12.653 13.088 13.004 13.002 26/10/2004
11.415 11.391 11.050 10.556 11.181 11.197 11.088 10.933 11.040 10.887 11.110 11.118 11.257 11.178 10.954 11.608 11.329 11.163 11.107 10.956 11.464 11.334 11.317 11.183 11.170 11.525 11.327 11.389 11.183 11.051 27/10/2004
10.144 10.219 9.874 9.540 9.508 10.061 9.941 9.766 10.021 9.692 10.041 10.107 10.088 10.015 9.745 10.095 10.118 10.208 10.136 10.017 9.941 10.106 10.229 10.231 9.987 9.857 9.896 10.085 10.180 9.876 28/10/2004
8.160 8.203 7.912 7.475 7.632 8.042 7.899 7.818 7.920 7.729 7.905 7.900 8.043 7.939 7.814 8.292 8.155 8.073 7.954 7.954 8.191 8.130 7.963 8.134 8.054 8.326 8.054 8.032 8.108 7.879 29/10/2004
7.700 7.571 7.214 6.426 7.435 7.446 7.370 7.161 7.268 7.171 7.705 7.201 7.556 7.468 7.249 7.820 7.742 7.379 7.300 7.095 7.621 7.751 7.681 7.454 7.124 7.628 7.706 7.798 7.594 7.015 30/10/2004
10.952 10.795 10.478 10.154 11.431 10.658 10.518 10.373 11.015 11.372 10.651 10.391 10.996 10.875 11.461 11.169 11.525 10.862 10.737 10.664 11.142 11.493 11.061 10.942 11.066 11.199 11.843 11.507 11.100 10.890 31/10/2004
11.303 11.251 11.140 10.831 11.376 11.065 10.909 11.020 11.792 11.857 11.658 11.678 11.931 11.798 11.992 11.936 12.352 12.191 12.022 11.754 12.246 12.303 12.110 12.246 12.406 12.352 12.491 12.366 12.506 12.177 01/11/2004
12.017 12.190 11.967 11.253 11.877 12.071 11.979 11.904 12.391 12.187 12.420 12.468 12.550 12.502 12.314 12.406 12.522 12.651 12.565 12.293 12.531 12.509 12.720 12.695 12.397 12.530 12.461 12.742 12.718 12.295 02/11/2004
11.436 11.173 11.050 11.218 11.651 11.045 10.962 10.973 11.497 11.524 10.782 10.859 11.643 11.545 11.623 10.727 11.022 11.444 11.359 11.322 10.655 11.017 11.395 11.484 11.427 10.727 10.975 11.437 11.433 11.329 03/11/2004
12.125 11.599 11.691 11.601 11.566 11.439 11.277 11.578 11.297 11.185 11.005 11.032 11.048 10.958 11.267 10.561 10.320 10.331 10.206 10.092 10.232 10.295 10.234 10.377 9.997 10.164 10.129 10.215 10.147 9.809 04/11/2004
12.432 11.911 11.700 11.988 10.770 11.739 11.601 11.579 11.163 10.812 11.652 11.489 11.073 10.956 10.966 11.489 11.110 10.959 10.803 10.973 11.418 11.080 10.820 11.035 11.282 11.589 11.230 11.100 11.183 11.038 05/11/2004
9.999 9.782 9.689 9.364 8.640 9.629 9.511 9.600 9.004 8.524 9.506 9.584 9.176 9.082 8.616 9.425 9.420 9.171 9.083 9.140 9.580 9.380 9.207 9.232 9.533 9.904 9.571 9.424 9.437 9.405 06/11/2004
9.856 9.997 9.917 9.477 8.533 9.878 9.755 9.825 8.841 8.579 9.925 10.020 9.267 9.177 8.649 9.302 9.444 9.431 9.357 9.252 9.571 9.418 9.444 9.455 9.873 9.837 9.608 9.722 9.746 9.737 07/11/2004
8.546 8.613 8.629 8.292 8.100 8.504 8.384 8.572 8.117 7.886 8.506 8.551 8.479 8.380 7.924 8.570 8.756 8.396 8.291 8.193 8.815 8.732 8.354 8.442 7.474 9.073 9.093 8.758 8.350 7.374 08/11/2004
6.644 7.082 7.100 6.803 6.165 6.941 6.819 7.005 6.241 5.980 6.626 6.726 6.448 6.289 6.086 7.651 6.846 6.100 5.980 6.021 7.636 6.809 6.055 6.176 5.747 7.675 6.937 6.237 6.073 5.578 09/11/2004
4.411 4.537 4.414 4.105 4.040 4.417 4.317 4.329 2.954 3.844 4.086 3.968 3.322 3.240 3.986 4.098 4.127 2.931 2.856 2.704 4.010 4.111 2.790 2.911 2.630 4.347 4.329 2.974 2.685 2.641 10/11/2004
6.932 7.019 7.006 6.401 6.715 6.885 6.804 6.984 7.304 6.924 6.956 7.096 7.244 7.181 6.979 6.995 7.233 7.401 7.324 7.617 7.235 7.236 7.127 7.465 7.586 7.206 6.911 6.993 7.196 7.522 11/11/2004
7.995 7.771 8.349 8.650 8.580 7.849 7.872 8.369 8.255 8.232 7.412 7.570 7.787 7.866 8.206 7.416 7.329 7.646 7.723 8.066 7.165 7.348 7.350 7.620 7.561 6.915 7.034 7.116 7.386 7.710 12/11/2004
7.990 8.003 8.573 8.839 8.686 7.953 7.907 8.512 9.196 8.574 7.654 7.998 8.643 8.662 8.601 8.070 8.342 8.570 8.596 9.099 8.230 8.339 8.081 8.563 8.828 8.282 8.364 8.181 8.550 8.908 13/11/2004
7.681 7.836 8.279 8.353 7.579 7.711 7.552 8.173 8.367 7.653 7.421 7.747 7.951 7.849 7.735 7.374 7.776 7.772 7.621 8.239 7.370 7.749 7.382 7.820 8.465 7.647 7.857 7.676 7.922 8.309 14/11/2004
9.178 9.664 9.575 9.939 9.178 9.433 9.257 9.449 10.050 9.559 9.553 9.569 9.831 9.719 9.653 9.482 9.680 9.891 9.739 9.707 9.304 9.651 9.418 9.942 9.717 8.911 8.900 8.879 9.514 9.533 15/11/2004
12.000 12.275 12.235 12.268 11.884 12.064 11.903 12.101 12.256 11.929 11.893 12.065 12.227 12.096 12.018 11.808 12.114 12.155 12.029 12.105 11.727 12.104 11.819 12.224 12.334 11.678 11.924 11.798 12.262 12.131 16/11/2004
10.950 10.865 11.054 11.118 10.798 10.686 10.553 10.914 11.355 11.012 10.625 10.725 10.879 10.774 11.109 10.877 11.088 11.132 10.996 11.549 11.049 11.063 10.530 11.210 12.090 11.297 11.524 11.054 11.593 11.845 17/11/2004
11.765 11.784 12.026 12.044 12.035 11.533 11.320 11.894 12.229 12.289 11.419 11.687 12.137 11.927 12.443 11.190 11.627 12.134 11.924 12.289 11.668 11.597 11.836 12.242 12.844 12.078 12.020 12.420 12.630 12.500 18/11/2004
6.372 6.763 6.492 6.200 6.380 6.632 6.529 6.405 6.510 6.353 6.909 6.943 6.800 6.709 6.410 6.920 7.157 7.002 6.898 6.875 6.995 7.138 6.943 7.072 7.251 7.165 7.033 6.872 6.990 7.125 19/11/2004
7.267 7.490 6.965 6.823 6.109 7.350 7.212 6.858 6.524 6.151 7.576 7.535 6.744 6.731 6.261 7.300 7.633 7.127 7.080 6.794 7.493 7.628 7.441 7.161 7.156 7.452 7.520 7.407 7.395 7.065 20/11/2004
6.798 6.973 6.230 5.552 6.170 6.811 6.676 6.104 6.027 6.260 7.868 6.983 6.570 6.505 6.370 8.557 8.015 6.925 6.852 6.332 8.488 7.943 7.655 6.948 6.749 8.122 8.153 7.839 7.210 6.640 21/11/2004
9.773 9.688 9.264 8.929 9.772 9.502 9.368 9.160 8.762 9.546 9.621 9.300 9.182 9.062 9.560 9.447 9.291 8.950 8.866 8.538 9.200 9.238 9.115 8.971 8.433 8.709 9.131 8.916 8.759 8.303 22/11/2004
10.780 10.943 10.778 10.570 10.466 10.784 10.654 10.690 10.561 10.431 10.789 10.741 10.778 10.620 10.527 10.606 10.524 10.622 10.476 10.344 10.575 10.474 10.600 10.668 10.506 10.987 10.763 10.977 10.794 10.299 23/11/2004
11.002 11.030 10.818 10.279 10.582 10.835 10.688 10.735 10.732 10.616 10.897 10.765 10.839 10.730 10.695 11.135 11.473 10.741 10.654 10.588 11.025 11.454 10.765 10.791 10.685 11.250 11.589 10.966 10.890 10.515 24/11/2004
5.943 5.978 5.956 5.662 5.709 5.887 5.840 5.928 6.019 5.919 5.795 5.905 6.004 5.906 6.013 5.868 6.488 6.035 5.945 6.099 6.114 6.468 6.008 6.092 6.415 6.313 6.616 6.264 6.295 6.270 25/11/2004
3.971 3.675 3.906 3.186 2.921 3.681 3.654 3.880 3.222 3.136 2.992 3.127 3.155 3.084 3.171 2.928 2.768 2.810 2.731 2.949 2.470 2.743 2.503 2.887 2.574 2.456 2.661 2.681 2.620 2.443 26/11/2004
8.395 8.220 8.194 7.943 7.679 8.128 8.069 8.130 7.620 7.519 7.877 7.829 7.600 7.542 7.568 7.637 7.337 7.359 7.284 7.285 7.238 7.312 7.110 7.421 7.112 7.089 7.083 7.025 7.031 6.990 27/11/2004
12.110 11.667 11.574 11.207 10.564 11.525 11.383 11.449 10.400 10.231 11.202 11.176 10.516 10.424 10.346 11.065 10.801 10.258 10.133 10.092 10.858 10.775 10.150 10.299 9.975 10.806 10.602 10.062 10.012 9.840 28/11/2004
10.647 10.438 10.552 10.064 9.963 10.357 10.294 10.482 9.759 9.548 10.112 10.152 9.776 9.679 9.651 10.715 10.395 9.465 9.368 9.365 10.839 10.394 9.430 9.508 9.330 10.989 10.325 9.427 9.415 9.187 29/11/2004
8.999 8.767 9.169 8.899 8.990 8.625 8.518 9.055 9.789 8.575 8.034 8.436 9.590 9.489 8.619 9.625 9.230 9.351 9.265 9.498 9.746 9.205 9.042 9.388 9.488 9.952 9.195 9.066 9.275 9.354 30/11/2004
10.953 10.873 11.117 10.888 10.374 10.691 10.515 10.990 10.710 10.093 10.214 10.720 10.835 10.639 10.260 9.449 9.972 10.475 10.250 10.288 9.731 9.923 10.400 10.567 10.335 10.090 10.036 10.733 10.552 10.035 01/12/2004
11.075 10.887 11.130 10.976 11.000 10.632 10.394 10.959 11.420 10.948 10.331 10.636 11.296 11.123 11.118 10.117 10.539 11.022 10.783 11.090 10.300 10.470 10.837 11.124 11.111 10.508 10.540 11.102 11.145 10.811 02/12/2004
10.404 10.329 10.375 10.089 10.052 10.231 10.155 10.303 10.459 9.897 10.002 10.094 10.489 10.368 9.977 10.421 10.850 10.170 10.010 10.065 10.310 10.803 10.209 10.228 9.986 10.199 10.731 10.170 10.150 9.840 03/12/2004
11.252 11.240 11.121 11.031 10.740 11.151 11.124 11.055 11.386 10.874 11.148 11.150 11.633 11.423 11.056 12.358 12.352 11.430 11.164 10.956 12.314 12.321 11.389 11.534 11.022 12.219 12.149 11.525 11.323 10.636 04/12/2004
11.862 11.794 11.555 12.086 12.312 11.550 11.401 11.427 12.729 12.343 11.703 11.654 12.875 12.704 12.454 12.448 11.963 12.762 12.538 12.488 12.543 11.888 12.754 12.847 12.676 12.418 11.924 12.828 12.820 12.406 05/12/2004
11.730 11.901 11.790 11.934 11.981 11.633 11.437 11.616 12.497 12.079 11.687 11.687 12.488 12.333 12.198 12.162 11.938 12.098 11.923 12.406 11.782 11.877 11.919 12.179 12.211 11.827 11.871 12.028 11.979 11.935 06/12/2004
11.227 11.341 11.072 10.805 10.896 11.121 10.969 10.955 11.237 10.970 11.078 10.913 11.009 10.932 11.038 10.891 10.585 10.609 10.469 10.688 10.718 10.547 10.659 10.654 10.472 10.732 10.431 10.606 10.521 10.346 07/12/2004
7.968 8.034 7.894 7.242 6.889 7.905 7.770 7.834 7.264 7.104 8.060 7.933 7.088 7.186 7.012 7.813 7.079 7.248 7.356 7.459 7.962 7.075 7.252 7.185 7.243 8.114 7.071 7.021 7.237 7.453 08/12/2004
3.340 3.370 3.151 3.250 3.251 3.323 3.295 3.102 3.357 3.595 3.496 3.376 3.358 3.368 3.609 3.471 4.221 3.530 3.539 3.564 3.419 4.216 3.552 3.525 3.444 3.276 4.156 3.505 3.638 3.471 09/12/2004
1.061 0.989 0.959 1.837 1.525 0.926 0.861 0.934 1.369 1.494 0.856 0.901 1.354 1.349 1.536 1.718 2.115 1.311 1.293 1.285 1.721 2.122 1.253 1.292 1.045 1.664 1.983 1.150 1.137 1.028 10/12/2004
1.044 1.063 0.890 0.453 0.864 0.955 0.925 0.836 0.669 0.756 1.033 0.958 0.690 0.712 0.745 2.127 1.887 0.861 0.905 0.863 2.298 1.914 0.918 0.825 0.745 2.451 1.882 0.863 0.824 0.798 11/12/2004
5.518 5.322 5.090 4.804 5.069 5.123 4.961 4.959 5.186 5.055 5.146 5.220 5.469 5.406 5.052 4.966 5.538 5.697 5.637 5.381 5.016 5.514 5.602 5.773 5.768 5.230 5.656 5.811 5.869 5.646 12/12/2004
9.276 9.044 8.943 8.540 8.006 8.864 8.726 8.849 8.162 7.845 8.729 8.751 8.196 8.096 7.907 9.007 8.330 8.089 8.000 8.044 9.040 8.308 8.057 8.176 8.250 9.363 8.467 8.366 8.292 8.070 13/12/2004
9.769 9.762 9.520 8.848 8.821 9.578 9.462 9.404 9.151 8.744 9.506 9.405 9.270 9.139 8.821 9.595 9.334 9.091 9.001 8.916 9.630 9.286 9.253 9.153 9.054 9.819 9.439 9.532 9.214 8.911 14/12/2004
10.879 10.577 10.561 10.399 9.801 10.220 9.936 10.318 9.980 9.591 9.927 9.999 9.996 9.845 9.589 9.997 9.695 9.719 9.568 9.713 10.126 9.660 9.690 9.792 9.801 10.544 9.701 9.896 9.877 9.599 15/12/2004
9.343 8.989 9.257 9.431 9.193 8.780 8.537 9.098 9.368 9.003 8.380 8.582 9.199 9.127 8.986 8.574 9.042 9.028 9.000 9.167 8.594 9.009 8.847 9.032 9.270 8.985 9.198 9.026 9.195 9.241 16/12/2004
10.281 10.166 10.311 9.943 10.433 10.140 10.052 10.279 10.501 10.235 10.031 10.061 10.597 10.631 10.211 10.075 10.582 10.469 10.568 10.501 10.225 10.592 10.553 10.445 10.389 10.466 10.568 10.532 10.409 10.502 17/12/2004
10.621 10.501 10.523 10.541 10.304 10.383 10.291 10.443 10.557 10.181 10.423 10.386 10.608 10.628 10.140 10.427 10.487 10.464 10.477 10.497 10.570 10.473 10.652 10.462 10.352 10.848 10.510 10.760 10.471 10.304 18/12/2004
10.415 10.170 10.399 10.076 9.760 10.102 10.037 10.330 9.857 9.540 10.025 10.123 9.823 9.765 9.582 10.421 10.438 9.628 9.531 9.649 10.420 10.424 9.689 9.673 9.478 10.679 10.464 9.828 9.729 9.411 19/12/2004
10.053 10.202 10.320 10.201 10.709 10.074 9.952 10.228 10.993 10.913 10.016 10.283 10.880 10.783 11.018 9.988 10.516 10.783 10.658 10.858 10.029 10.483 10.518 10.818 10.946 10.167 10.613 10.818 11.014 10.755 20/12/2004
8.737 8.749 8.719 8.112 7.840 8.528 8.345 8.566 8.042 8.091 8.479 8.699 8.106 8.044 8.180 8.458 8.990 8.428 8.338 8.312 8.639 8.972 8.330 8.472 8.637 8.956 9.240 8.712 8.755 8.495 21/12/2004
7.585 7.816 8.189 7.841 8.087 7.625 7.531 8.027 8.937 8.565 7.578 8.081 8.598 8.530 8.586 8.266 9.171 9.114 9.008 9.407 8.786 9.156 8.566 9.147 9.567 9.318 9.437 8.979 9.447 9.448 22/12/2004
4.833 5.067 4.886 4.515 4.860 4.959 4.873 4.815 5.295 5.150 5.187 5.111 5.397 5.342 5.186 5.579 5.787 5.586 5.474 5.449 5.888 5.774 5.533 5.635 5.605 6.014 5.825 5.654 5.744 5.485 23/12/2004
3.247 3.530 3.188 3.125 3.411 3.355 3.197 3.087 3.876 3.644 3.247 3.487 4.609 4.453 3.766 3.375 3.878 4.539 4.363 3.862 3.784 3.881 4.586 4.647 4.041 4.126 3.632 4.654 4.495 3.712 24/12/2004
4.622 4.559 4.168 3.720 4.217 4.341 4.174 4.053 4.307 4.209 4.458 4.330 4.796 4.709 4.263 4.802 4.496 4.697 4.570 4.022 4.776 4.484 4.835 4.759 4.236 4.798 4.278 4.809 4.719 4.005 25/12/2004
5.548 5.435 5.222 5.197 4.994 5.302 5.173 5.086 5.260 4.969 5.419 5.295 5.570 5.434 5.011 5.955 5.882 5.369 5.225 5.020 5.957 5.866 5.626 5.444 4.966 6.061 5.807 5.691 5.407 4.803 26/12/2004
4.209 4.015 4.165 4.093 4.567 3.888 3.859 4.076 4.398 4.449 3.981 3.960 4.313 4.242 4.462 4.272 4.798 4.140 4.048 4.030 4.434 4.804 4.126 4.155 3.872 4.529 4.761 4.232 4.075 3.775 27/12/2004
2.781 2.774 2.996 2.687 3.230 2.656 2.578 2.913 3.270 3.186 2.643 2.688 3.148 3.098 3.208 2.793 3.578 2.990 2.930 2.984 2.925 3.572 2.967 3.001 2.894 3.033 3.586 3.046 2.979 2.775 28/12/2004
3.239 3.312 3.588 4.227 4.064 3.210 3.119 3.477 4.316 4.336 3.226 3.438 4.122 4.074 4.367 3.992 5.050 4.089 4.032 4.252 4.193 5.024 4.064 4.119 4.116 4.316 5.058 4.124 4.141 4.010 29/12/2004
2.433 2.514 2.763 2.818 3.082 2.426 2.324 2.690 3.306 3.139 2.525 2.580 3.197 3.166 3.148 3.168 3.741 3.033 2.985 3.026 3.285 3.730 3.093 3.046 2.985 3.307 3.656 3.058 3.035 2.938 30/12/2004
3.566 3.601 3.872 3.593 3.829 3.462 3.341 3.782 4.185 3.865 3.437 3.550 4.072 4.014 3.946 3.714 4.445 3.978 3.878 4.023 3.811 4.431 3.908 4.003 4.178 4.093 4.563 4.154 4.213 4.044 31/12/2004
6.069 6.194 6.702 6.547 5.065 6.198 6.189 6.678 6.691 5.322 6.068 6.426 6.339 6.456 5.398 5.527 6.875 6.480 6.583 6.803 5.844 6.826 6.227 6.448 6.615 6.335 7.195 6.381 6.772 6.739 01/01/2005
3.497 3.818 3.852 3.947 3.664 3.783 3.728 3.793 3.857 3.683 3.846 3.794 3.745 3.711 3.709 4.106 4.133 3.779 3.714 3.801 4.108 4.128 3.725 3.765 3.592 4.049 4.174 3.712 3.752 3.581 02/01/2005
4.118 4.289 4.457 5.044 4.669 4.272 4.180 4.414 4.485 4.491 3.693 4.100 4.349 4.329 4.479 3.214 3.218 4.157 4.135 4.224 2.944 3.225 3.761 4.148 3.726 2.545 2.725 3.335 3.432 3.731 03/01/2005
4.801 4.614 4.767 5.277 4.490 4.451 4.370 4.689 4.394 4.135 4.046 4.253 4.424 4.352 4.217 4.403 4.258 4.181 4.073 4.094 4.358 4.250 3.978 4.221 4.062 4.598 4.255 4.092 4.106 3.914 04/01/2005
6.029 5.735 5.857 5.841 5.649 5.593 5.482 5.785 5.718 5.437 5.351 5.534 5.802 5.717 5.498 5.394 4.866 5.625 5.551 5.523 5.396 4.848 5.533 5.670 5.716 5.650 4.970 5.765 5.853 5.568 05/01/2005
4.472 4.240 4.209 3.446 4.185 4.291 4.254 4.227 3.558 3.747 3.929 3.901 3.704 3.599 3.558 4.482 3.945 3.122 3.405 3.471 4.001 3.923 3.005 3.487 3.273 3.411 3.685 3.730 4.058 3.216 06/01/2005
5.260 4.975 5.040 4.543 5.051 4.741 4.510 4.888 5.515 5.119 4.739 4.795 5.456 5.259 5.284 4.121 4.069 5.432 5.234 5.289 4.253 4.019 5.217 5.514 5.538 4.621 4.326 5.504 5.569 5.238 07/01/2005
7.745 7.784 7.957 6.847 7.285 7.680 7.599 7.870 7.609 7.263 7.518 7.841 7.784 7.602 7.363 7.401 7.999 7.798 7.583 7.656 7.693 7.973 7.536 7.899 8.111 8.077 8.290 8.015 8.206 7.848 08/01/2005
8.669 8.452 8.461 7.981 8.453 8.349 8.235 8.386 8.402 8.296 8.222 8.271 8.514 8.469 8.346 9.092 9.248 8.248 8.201 8.335 9.157 9.234 8.391 8.278 8.418 9.313 9.481 8.627 8.451 8.358 09/01/2005
7.716 7.609 7.308 6.683 7.353 7.499 7.432 7.250 7.162 7.151 7.508 7.367 7.485 7.477 7.236 8.658 8.943 7.349 7.337 7.104 8.695 8.898 7.540 7.362 7.081 8.804 8.904 7.570 7.265 6.993 10/01/2005
7.124 8.662 6.793 6.755 6.899 8.512 8.361 6.706 8.076 7.565 8.868 9.522 8.599 8.613 7.693 8.967 9.021 9.306 9.200 8.792 9.441 9.020 9.877 9.342 9.237 9.637 9.366 10.527 9.885 9.105 11/01/2005
7.948 8.444 7.320 6.709 5.910 8.263 8.126 7.216 6.302 6.109 8.995 8.487 7.247 7.075 6.166 9.247 8.776 7.506 7.294 6.199 9.292 8.736 8.277 7.592 7.166 9.079 8.899 8.766 7.761 6.868 12/01/2005
9.924 10.216 9.771 9.207 8.896 10.077 9.973 9.688 9.210 9.118 10.204 10.244 9.535 9.472 9.134 10.271 10.311 9.720 9.627 9.219 10.495 10.284 9.960 9.775 9.588 10.424 10.305 10.052 9.777 9.438 13/01/2005
10.990 11.127 10.944 10.542 10.174 10.936 10.803 10.827 10.645 10.365 11.148 11.102 10.788 10.686 10.435 11.365 11.240 10.822 10.691 10.660 11.475 11.211 10.856 10.883 10.682 11.373 11.072 10.820 10.779 10.485 14/01/2005
9.741 9.725 9.581 9.485 8.855 9.570 9.431 9.479 9.242 8.884 9.622 9.511 9.387 9.259 8.973 9.710 9.594 9.243 9.133 9.187 9.683 9.574 9.238 9.295 9.159 9.673 9.409 9.242 9.207 8.981 15/01/2005
5.895 5.801 5.814 6.183 6.031 5.716 5.613 5.745 5.989 5.895 6.193 5.962 5.882 5.805 5.935 6.218 6.279 6.048 5.937 5.957 6.590 6.259 6.248 6.110 6.330 6.734 6.453 6.555 6.414 6.197 16/01/2005
11.029 10.815 10.667 7.416 8.886 10.563 10.359 10.530 9.916 8.871 10.714 10.630 9.811 9.722 8.923 9.869 10.134 9.826 9.706 9.710 10.115 10.121 9.942 9.890 9.944 10.192 10.165 10.121 10.014 9.777 17/01/2005
9.975 9.899 9.831 8.998 8.898 9.710 9.537 9.706 9.622 8.959 9.803 9.777 9.595 9.495 8.996 9.582 9.537 9.529 9.403 9.497 9.777 9.515 9.557 9.586 9.663 9.900 9.607 9.724 9.727 9.487 18/01/2005
5.507 5.440 5.364 4.608 4.189 5.306 5.206 5.303 4.813 4.637 5.412 5.497 4.962 4.905 4.684 5.589 5.590 5.072 4.976 5.157 5.992 5.584 5.044 5.083 5.381 6.223 5.777 5.315 5.354 5.309 19/01/2005
6.898 6.866 6.716 6.904 5.874 6.705 6.581 6.653 6.704 6.138 6.879 6.914 6.715 6.672 6.185 6.591 7.073 6.762 6.702 6.778 6.889 7.029 6.777 6.755 6.860 7.100 7.149 6.870 6.846 6.804 20/01/2005
11.026 11.057 10.629 10.564 9.939 10.778 10.613 10.500 10.468 9.861 10.921 10.833 10.599 10.486 9.982 10.979 11.237 10.483 10.335 10.128 11.053 11.194 10.996 10.551 10.262 11.098 11.181 11.083 10.636 9.991 21/01/2005
9.645 9.626 9.849 9.376 9.295 9.477 9.335 9.733 9.568 9.476 9.588 9.810 9.432 9.397 9.491 8.733 8.988 9.574 9.539 9.662 9.059 8.934 9.648 9.602 9.637 9.209 9.085 9.774 9.729 9.592 22/01/2005
8.662 8.771 8.720 7.471 6.595 8.545 8.404 8.574 7.452 6.930 8.948 8.973 7.695 7.580 7.000 9.003 8.244 7.767 7.639 7.551 9.259 8.213 7.874 7.813 7.713 9.319 8.250 8.009 7.927 7.542 23/01/2005
2.518 2.526 2.462 2.203 2.967 2.312 2.167 2.342 2.901 3.351 2.653 2.705 2.784 2.900 3.290 3.154 3.229 3.035 3.119 3.318 3.411 3.255 3.041 2.994 3.156 3.354 3.282 2.981 3.047 3.317 24/01/2005
5.230 5.071 4.891 4.298 5.237 4.898 4.766 4.799 5.409 5.286 5.074 5.034 5.716 5.661 5.373 6.027 7.168 5.723 5.629 5.287 6.235 7.145 5.843 5.732 5.368 6.336 7.123 5.979 5.741 5.215 25/01/2005
3.705 3.515 3.329 2.121 2.400 3.397 3.294 3.245 2.703 2.438 3.670 3.507 2.985 2.871 2.511 3.771 4.301 3.043 2.900 2.776 3.939 4.292 3.254 3.074 3.082 4.169 4.402 3.469 3.229 2.920 26/01/2005
2.147 1.797 1.869 1.369 1.459 1.701 1.613 1.786 1.401 1.547 1.855 1.687 1.562 1.476 1.619 1.729 1.680 1.490 1.402 1.407 2.050 1.665 1.537 1.530 1.682 2.185 1.732 1.681 1.722 1.583 27/01/2005
-0.565 -0.857 -1.353 -1.908 -2.004 -0.995 -1.120 -1.395 -1.551 -1.884 -0.517 -0.972 -1.303 -1.439 -1.733 -0.389 -0.793 -1.214 -1.422 -1.449 0.192 -0.827 -0.706 -1.133 -0.858 0.374 -0.573 -0.404 -0.629 -1.052 28/01/2005
-2.530 -2.584 -2.957 -3.362 -3.323 -2.784 -2.904 -3.053 -3.205 -3.290 -2.144 -2.697 -2.971 -3.069 -3.151 -2.090 -1.788 -2.907 -3.037 -3.091 -1.506 -1.814 -2.430 -2.870 -2.665 -1.350 -1.663 -2.218 -2.470 -2.798 29/01/2005
2.835 2.746 2.535 1.523 1.443 2.558 2.410 2.437 1.717 1.510 2.924 2.700 2.482 2.336 1.626 3.194 3.448 2.619 2.466 2.132 3.555 3.430 2.747 2.697 2.734 3.761 3.636 3.104 2.952 2.520 30/01/2005
-0.885 -1.049 -1.300 -3.151 -3.176 -1.272 -1.465 -1.425 -2.648 -2.872 -0.723 -0.960 -1.102 -1.222 -2.720 -0.791 -0.592 -0.813 -0.981 -1.482 -0.363 -0.613 -0.631 -0.756 -0.808 -0.055 -0.443 -0.392 -0.439 -0.988 31/01/2005
-2.843 -3.092 -3.291 -4.433 -5.273 -3.252 -3.454 -3.417 -5.063 -5.624 -3.039 -3.204 -3.127 -3.217 -5.509 -2.982 -3.189 -3.217 -3.324 -4.516 -2.784 -3.253 -2.927 -3.166 -3.465 -2.776 -3.196 -2.734 -2.984 -3.615 01/02/2005
-2.351 -2.618 -2.320 -3.482 -3.647 -2.763 -2.897 -2.394 -3.391 -3.810 -2.611 -2.832 -2.109 -2.173 -3.638 -2.550 -2.519 -2.685 -2.810 -3.213 -2.476 -2.566 -2.674 -2.650 -2.935 -2.554 -2.649 -2.481 -2.780 -3.126 02/02/2005
-1.441 -1.622 -1.409 -1.836 -1.873 -1.834 -2.025 -1.530 -2.060 -2.221 -2.183 -1.876 -1.464 -1.525 -2.128 -2.095 -1.533 -1.687 -1.849 -1.999 -1.955 -1.538 -1.755 -1.640 -1.418 -1.666 -1.405 -1.436 -1.362 -1.646 03/02/2005
2.833 3.124 3.171 2.655 2.190 3.083 3.003 3.124 2.197 2.088 3.079 3.251 2.676 2.654 2.167 2.909 3.160 2.743 2.702 2.232 3.072 3.156 2.724 2.760 2.551 3.242 3.179 2.849 2.814 2.463 04/02/2005
4.467 4.617 4.604 4.818 4.719 4.594 4.566 4.585 4.594 4.651 4.551 4.719 4.892 4.910 4.659 4.723 4.700 5.001 5.015 4.596 4.834 4.708 4.995 4.996 4.862 4.962 4.811 5.147 4.866 4.877 05/02/2005
4.762 4.635 4.467 4.868 4.334 4.547 4.438 4.396 4.306 4.313 4.836 4.689 4.539 4.496 4.343 5.333 5.390 4.662 4.593 4.314 5.648 5.375 4.972 4.683 4.649 5.876 5.413 5.019 4.801 4.570 06/02/2005
5.044 4.842 4.504 4.580 3.766 4.722 4.604 4.455 4.502 3.820 4.858 4.759 4.929 4.830 3.920 4.701 5.400 5.043 4.912 4.674 4.873 5.383 5.215 5.103 4.996 5.123 5.659 5.527 5.365 4.821 07/02/2005
7.803 7.819 7.569 7.094 7.102 7.658 7.531 7.471 7.306 7.062 7.740 7.527 7.550 7.485 7.118 7.753 7.719 7.507 7.408 7.210 7.859 7.706 7.676 7.529 7.380 7.950 7.705 7.733 7.632 7.281 08/02/2005
6.092 6.012 6.031 5.692 5.273 5.915 5.789 5.970 5.468 5.335 6.089 6.029 5.585 5.504 5.361 6.132 6.031 5.614 5.529 5.545 6.582 6.024 5.690 5.654 5.777 6.927 6.201 5.974 5.871 5.661 09/02/2005
9.770 9.691 9.739 9.212 8.861 9.522 9.358 9.607 9.340 8.914 9.527 9.565 9.510 9.435 9.022 9.798 9.591 9.323 9.205 9.224 9.853 9.557 9.346 9.360 9.226 9.836 9.577 9.409 9.344 9.069 10/02/2005
9.803 9.605 9.636 8.818 8.313 9.389 9.412 9.497 8.434 8.084 9.282 9.293 8.695 8.547 8.120 9.672 8.419 8.390 8.132 8.288 9.432 8.362 8.463 8.475 8.552 9.291 8.463 8.671 8.589 8.265 11/02/2005
8.101 8.244 8.303 7.750 7.391 8.144 8.109 8.236 7.245 7.700 8.335 8.369 7.324 7.293 7.697 8.512 8.175 7.482 7.360 7.498 8.699 8.151 7.412 7.517 7.868 8.917 8.391 7.714 7.805 7.736 12/02/2005
10.248 10.120 9.920 9.818 8.572 9.899 9.710 9.789 8.638 8.553 9.981 9.925 8.927 8.859 8.593 9.654 9.376 8.812 8.717 8.626 9.848 9.348 8.926 8.856 8.746 10.152 9.391 8.991 8.929 8.637 13/02/2005
10.964 11.053 10.868 10.498 10.203 10.910 10.796 10.775 10.552 10.170 11.025 10.966 10.799 10.702 10.257 11.074 11.038 10.666 10.570 10.426 11.089 11.010 10.801 10.720 10.468 11.207 11.015 10.892 10.711 10.286 14/02/2005
10.101 10.049 10.198 10.438 9.968 9.909 9.788 10.102 10.119 9.866 9.711 9.871 10.115 10.034 9.897 10.404 10.049 9.886 9.803 9.949 10.541 10.027 9.799 9.929 9.874 10.762 10.067 9.910 9.937 9.740 15/02/2005
10.007 9.883 10.003 9.875 9.812 9.708 9.574 9.879 10.174 9.755 9.475 9.651 10.115 9.993 9.822 10.209 10.537 10.038 9.935 10.033 10.327 10.524 9.868 10.111 10.004 10.704 10.690 10.170 10.153 9.846 16/02/2005
10.067 9.936 9.979 9.986 9.432 9.779 9.701 9.867 9.753 9.333 9.679 9.721 9.710 9.643 9.379 9.778 9.881 9.597 9.506 9.660 9.934 9.857 9.591 9.635 9.612 10.185 9.991 9.767 9.667 9.485 17/02/2005
11.438 11.251 11.412 11.235 10.057 11.116 11.051 11.337 10.662 9.978 11.030 11.039 10.380 10.343 9.987 10.024 9.392 10.221 10.194 10.533 10.126 9.371 10.101 10.211 10.467 10.303 9.491 10.241 10.285 10.441 18/02/2005
13.014 12.987 12.935 13.015 11.343 12.949 12.935 12.940 12.172 11.394 12.992 12.932 12.160 12.092 11.482 11.890 11.903 12.096 12.016 12.025 11.960 11.895 12.078 12.125 12.091 12.117 11.845 12.160 12.116 11.971 19/02/2005
12.404 12.344 12.471 12.435 12.053 12.358 12.367 12.523 12.521 11.992 12.295 12.394 12.469 12.407 11.999 12.240 12.582 12.342 12.270 12.386 12.429 12.576 12.272 12.376 12.389 12.625 12.636 12.427 12.409 12.273 20/02/2005
11.083 11.043 11.121 10.951 11.030 10.972 10.953 11.088 11.256 11.049 10.891 10.968 11.270 11.231 11.061 11.033 11.442 11.203 11.142 11.225 11.213 11.430 11.159 11.227 11.343 11.466 11.595 11.420 11.390 11.217 21/02/2005
11.357 11.327 11.418 10.971 11.644 11.217 11.113 11.374 12.372 11.720 11.361 11.378 12.490 12.271 11.878 11.636 12.064 12.450 12.195 12.209 11.824 12.045 12.456 12.574 12.518 12.069 12.275 12.935 12.837 12.169 22/02/2005
13.563 13.386 13.371 13.663 13.053 13.189 12.992 13.261 13.583 13.012 13.109 13.245 13.693 13.610 12.990 13.538 13.814 13.656 13.535 13.557 13.725 13.781 13.597 13.717 13.714 14.119 14.018 13.881 13.883 13.542 23/02/2005
12.901 12.745 12.729 12.479 12.089 12.603 12.454 12.664 12.477 12.123 12.562 12.625 12.500 12.463 12.179 12.546 12.763 12.448 12.400 12.383 12.679 12.719 12.446 12.475 12.412 12.912 12.727 12.570 12.529 12.331 24/02/2005
13.070 13.065 12.926 12.561 12.132 12.942 12.839 12.856 12.614 12.203 13.161 13.010 12.645 12.582 12.295 13.314 12.877 12.638 12.563 12.604 13.223 12.848 12.709 12.671 12.803 13.389 12.942 12.746 12.707 12.698 25/02/2005
12.935 12.999 12.909 12.781 12.211 12.919 12.877 12.859 12.834 12.306 13.069 12.941 12.894 12.805 12.428 13.129 13.730 12.853 12.746 12.784 13.102 13.708 12.919 12.898 12.939 13.318 13.791 13.003 12.925 12.788 26/02/2005
10.665 10.540 10.494 9.836 9.914 10.383 10.320 10.396 10.501 10.070 10.487 10.670 10.556 10.501 10.082 10.978 11.353 10.552 10.520 10.650 11.158 11.343 10.613 10.582 10.532 11.156 11.260 10.591 10.535 10.411 27/02/2005
5.556 5.521 5.415 4.742 4.586 5.412 5.301 5.358 5.150 4.884 5.671 5.531 5.357 5.233 4.979 5.724 5.423 5.342 5.204 5.222 5.830 5.409 5.215 5.411 5.507 5.872 5.493 5.547 5.646 5.285 28/02/2005
7.324 7.166 7.030 6.651 7.256 6.895 6.710 6.879 7.089 7.244 6.982 6.957 7.240 7.139 7.362 7.415 7.837 7.140 7.008 6.919 7.471 7.809 7.168 7.213 7.153 7.741 7.947 7.402 7.329 6.935 01/03/2005
10.603 10.383 10.578 10.490 10.697 10.195 10.045 10.464 10.648 10.424 9.716 10.009 10.438 10.308 10.578 10.202 10.590 10.222 10.055 10.401 10.138 10.567 9.936 10.248 10.557 10.396 10.711 10.224 10.353 10.313 02/03/2005
13.565 13.395 13.350 12.782 13.654 13.297 13.194 13.289 14.132 13.447 13.228 13.139 14.157 14.017 13.610 13.207 13.110 14.000 13.827 13.866 13.303 13.082 14.051 14.080 14.128 13.538 13.253 14.346 14.231 13.837 03/03/2005
14.384 14.304 14.480 14.342 14.563 14.249 14.160 14.458 15.060 14.471 13.816 14.188 15.241 15.154 14.650 14.133 14.791 15.175 15.054 14.948 14.323 14.757 14.802 15.243 15.361 14.580 14.839 14.953 15.425 15.184 04/03/2005
13.389 13.497 13.583 13.013 13.104 13.339 13.223 13.442 13.279 13.002 13.190 13.328 13.218 13.125 13.108 13.296 13.647 13.179 13.064 13.098 13.477 13.618 13.042 13.213 13.189 13.624 13.772 13.200 13.254 13.000 05/03/2005
12.224 12.289 12.395 11.341 12.232 12.079 11.965 12.244 12.011 12.136 11.915 12.078 12.160 12.012 12.253 12.101 12.921 12.126 11.938 11.884 12.463 12.899 12.233 12.212 12.124 12.693 12.950 12.526 12.368 11.855 06/03/2005
11.515 11.404 11.471 10.830 11.003 11.280 11.171 11.382 10.973 10.952 11.145 11.289 11.243 11.137 11.054 11.193 11.438 11.085 10.907 10.850 11.275 11.411 11.031 11.142 11.001 11.395 11.398 11.239 11.098 10.803 07/03/2005
12.530 12.493 12.594 12.895 12.705 12.355 12.252 12.509 12.847 12.576 12.103 12.324 12.880 12.742 12.612 12.299 12.644 12.733 12.569 12.620 12.410 12.616 12.521 12.819 12.729 12.470 12.626 12.724 12.709 12.491 08/03/2005
14.594 14.512 14.427 14.022 13.329 14.394 14.322 14.380 13.953 13.217 14.379 14.279 14.153 14.054 13.293 14.788 14.219 14.038 13.919 13.892 14.620 14.214 13.889 14.086 14.147 14.411 14.152 13.944 14.103 13.962 09/03/2005
14.947 14.919 14.863 14.472 14.122 14.702 14.567 14.732 14.975 14.055 14.650 14.697 15.115 14.937 14.177 15.158 15.000 15.030 14.838 14.803 15.259 14.967 14.886 15.148 15.168 15.462 15.063 15.230 15.285 14.817 10/03/2005
18.050 17.953 17.921 17.394 17.323 17.840 17.803 17.871 17.290 17.308 18.134 18.013 17.449 17.318 17.442 17.491 17.693 17.269 17.102 17.118 17.471 17.693 17.635 17.360 17.557 17.663 17.607 17.747 17.768 17.305 11/03/2005
19.421 19.373 19.207 19.994 19.010 19.341 19.252 19.179 18.969 19.037 19.324 19.164 19.075 18.878 19.140 18.840 18.569 18.950 18.734 18.739 18.940 18.533 19.097 19.055 19.133 19.175 18.704 19.545 19.414 18.790 12/03/2005
12.909 12.675 12.665 12.954 12.359 12.561 12.445 12.605 12.394 12.288 12.743 12.720 12.385 12.247 12.398 12.795 12.780 12.444 12.303 12.370 13.080 12.744 12.755 12.506 12.873 13.433 12.909 13.048 13.034 12.643 13/03/2005
9.620 9.684 9.856 9.638 9.486 9.581 9.510 9.798 9.650 9.587 9.883 10.103 9.895 9.834 9.639 9.917 10.827 10.441 10.340 9.837 10.623 10.803 10.595 10.474 10.488 10.567 10.601 10.423 10.927 10.356 14/03/2005
10.942 10.915 10.946 10.432 10.729 10.764 10.653 10.835 10.894 10.756 10.877 10.889 10.889 10.826 10.839 11.341 11.759 10.987 10.880 10.804 11.561 11.728 10.988 11.004 10.992 11.622 11.709 10.995 11.092 10.881 15/03/2005
10.508 10.308 10.131 9.684 9.729 10.115 9.988 10.021 10.161 9.786 10.416 10.278 10.277 10.178 9.861 10.907 11.335 10.445 10.306 10.374 10.936 11.302 10.421 10.472 10.618 11.074 11.312 10.536 10.545 10.454 16/03/2005
9.711 9.660 9.446 9.272 9.176 9.493 9.393 9.363 9.287 9.126 9.404 9.385 9.339 9.227 9.204 9.610 9.622 9.245 9.101 9.173 9.525 9.589 9.020 9.280 9.344 9.587 9.577 9.157 9.254 9.132 17/03/2005
12.897 12.834 12.756 12.595 12.722 12.646 12.561 12.651 13.015 12.609 12.582 12.634 13.133 12.999 12.689 12.885 13.131 12.978 12.820 12.909 13.065 13.103 12.883 13.038 13.074 13.202 13.168 13.046 13.087 12.862 18/03/2005
11.548 11.699 11.429 11.561 11.258 11.525 11.409 11.339 11.339 11.275 11.522 11.540 11.425 11.287 11.387 11.513 11.624 11.359 11.202 11.239 11.723 11.615 11.275 11.415 11.667 11.849 11.717 11.544 11.507 11.466 19/03/2005
9.527 9.604 9.413 9.272 9.199 9.436 9.333 9.319 9.446 9.133 9.426 9.429 9.532 9.365 9.253 9.687 9.982 9.496 9.296 9.304 9.855 9.942 9.443 9.567 9.689 10.089 10.057 9.669 9.697 9.441 20/03/2005
6.415 6.447 6.478 6.097 6.293 6.370 6.302 6.405 6.303 6.230 6.416 6.467 6.363 6.259 6.304 6.765 6.944 6.398 6.255 6.428 6.820 6.907 6.279 6.454 6.942 6.985 7.031 6.502 6.697 6.706 21/03/2005
5.062 5.057 4.732 4.014 4.541 4.947 4.855 4.632 5.271 4.704 4.951 4.877 5.368 5.349 4.729 5.565 5.803 5.577 5.597 5.701 5.593 5.789 5.422 5.563 5.956 5.677 5.959 5.566 5.773 5.970 22/03/2005
10.445 10.371 10.241 9.887 10.132 10.222 10.098 10.131 10.539 10.086 10.181 10.279 10.556 10.475 10.183 10.617 10.731 10.477 10.373 10.550 10.639 10.705 10.343 10.521 10.801 10.721 10.737 10.508 10.671 10.654 23/03/2005
8.516 8.337 8.273 8.063 7.677 8.185 8.041 8.160 8.434 7.922 8.046 8.194 8.506 8.379 8.034 8.271 8.695 8.520 8.375 8.562 8.509 8.651 8.378 8.567 8.967 8.729 8.911 8.730 8.866 8.734 24/03/2005
5.673 5.539 5.402 4.829 4.259 5.380 5.171 5.297 5.241 4.383 5.492 5.536 5.344 5.218 4.501 5.703 6.064 5.401 5.265 5.267 5.966 6.020 5.443 5.455 5.519 6.262 6.187 5.766 5.714 5.317 25/03/2005
5.475 5.284 5.121 4.824 2.699 5.108 4.978 4.995 4.316 2.698 5.142 5.063 4.450 4.377 2.834 5.320 6.359 4.389 4.303 4.286 5.245 6.309 4.389 4.446 4.265 5.265 6.369 4.569 4.508 4.163 26/03/2005
6.611 6.545 6.336 6.268 6.317 6.445 6.334 6.254 6.327 6.188 6.382 6.305 6.475 6.448 6.289 6.802 6.457 6.280 6.195 6.120 6.571 6.459 6.289 6.311 6.071 6.510 6.299 6.151 6.101 5.988 27/03/2005
4.430 4.476 4.394 4.250 4.148 4.329 4.222 4.328 4.437 4.289 4.428 4.462 4.473 4.377 4.384 4.941 4.951 4.429 4.306 4.391 5.171 4.919 4.420 4.482 4.678 5.425 5.114 4.664 4.591 4.502 28/03/2005
7.366 7.323 7.163 6.672 6.759 7.093 6.922 7.031 7.066 6.917 7.118 7.167 7.209 7.094 7.039 8.097 7.818 7.138 7.004 7.040 8.122 7.749 7.131 7.213 7.197 8.309 7.897 7.343 7.215 6.999 29/03/2005
7.576 7.526 7.404 6.872 7.114 7.399 7.336 7.328 7.370 7.218 7.399 7.463 7.498 7.396 7.351 7.463 7.641 7.529 7.442 7.429 7.560 7.605 7.514 7.569 7.439 7.785 7.634 7.643 7.529 7.300 30/03/2005
9.592 9.589 9.584 8.776 9.305 9.462 9.405 9.506 9.387 9.294 9.316 9.424 9.398 9.358 9.408 10.070 9.572 9.294 9.219 9.249 9.981 9.594 9.189 9.316 9.183 10.005 9.595 9.288 9.252 9.114 31/03/2005
13.302 13.120 13.390 12.684 13.416 12.940 12.772 13.251 13.914 13.301 12.948 13.040 13.885 13.750 13.529 13.888 13.351 13.704 13.520 13.647 14.019 13.350 13.737 13.769 13.514 14.265 13.420 14.009 13.757 13.335 01/04/2005
14.986 15.085 15.197 14.588 14.424 14.803 14.600 15.040 15.101 14.612 14.968 15.212 15.369 15.198 14.778 15.457 15.781 15.396 15.174 15.202 15.985 15.732 15.617 15.490 15.816 16.526 15.995 16.078 15.994 15.500 02/04/2005
12.664 12.503 12.604 12.660 12.848 12.350 12.197 12.499 13.130 12.961 12.604 12.566 12.979 12.859 13.046 12.798 13.525 13.069 12.929 13.118 13.184 13.493 12.952 13.138 13.253 13.347 13.695 13.291 13.225 13.042 03/04/2005
11.261 11.052 11.247 10.893 10.933 10.898 10.781 11.149 11.301 11.001 10.607 10.884 11.202 11.082 11.127 10.715 11.384 11.033 10.923 11.208 10.736 11.354 10.825 11.117 11.376 10.962 11.504 11.052 11.213 11.153 04/04/2005
12.288 12.385 12.358 11.958 12.153 12.222 12.113 12.240 12.314 12.246 12.326 12.443 12.440 12.367 12.329 12.707 13.050 12.450 12.395 12.381 12.895 13.018 12.408 12.486 12.541 13.214 13.194 12.652 12.641 12.427 05/04/2005
14.346 14.290 14.208 13.897 14.761 14.177 14.091 14.157 14.077 14.364 13.872 13.836 14.126 14.072 14.394 14.527 14.492 14.051 13.963 13.960 14.187 14.454 13.711 14.057 13.148 13.449 13.707 13.106 13.170 13.004 06/04/2005
12.016 11.838 11.814 11.932 11.888 11.697 11.568 11.729 11.479 11.812 11.166 11.390 11.476 11.398 11.809 10.766 11.248 11.251 11.175 11.412 10.686 11.231 10.896 11.288 11.146 10.642 10.843 10.578 10.842 10.996 07/04/2005
8.263 8.355 8.281 7.992 8.454 8.318 8.284 8.225 8.281 8.534 8.990 8.473 8.311 8.253 8.616 9.179 9.529 8.423 8.331 8.400 9.572 9.489 8.600 8.476 8.694 9.953 10.031 9.233 8.744 8.595 08/04/2005
13.643 13.518 13.416 13.782 12.806 13.223 12.884 13.185 14.159 12.875 13.442 13.322 14.305 14.081 13.157 12.504 12.808 14.188 13.935 13.918 12.849 12.746 14.215 14.330 14.183 13.228 13.071 14.740 14.452 13.868 09/04/2005
10.742 10.678 10.534 10.601 10.317 10.360 10.036 10.342 11.161 10.599 10.408 10.389 11.165 10.972 10.819 10.518 10.701 11.053 10.801 11.483 10.958 10.628 10.969 11.121 11.641 11.250 10.995 11.416 11.252 11.311 10/04/2005
9.916 9.879 10.024 10.055 10.288 9.703 9.531 9.888 10.557 10.495 9.676 9.824 10.460 10.344 10.593 10.594 10.443 10.352 10.224 10.567 10.816 10.411 10.226 10.413 10.617 10.927 10.502 10.460 10.453 10.396 11/04/2005
13.923 13.947 14.204 13.314 13.818 13.768 13.576 14.087 14.031 13.874 13.615 13.911 13.813 13.786 13.841 12.610 13.574 13.658 13.645 13.876 13.089 13.514 13.507 13.683 13.687 13.410 13.685 13.513 13.647 13.637 12/04/2005
14.829 14.588 15.014 14.067 14.435 14.628 14.697 15.015 14.751 14.604 14.494 14.559 14.635 14.561 14.714 15.756 15.606 14.380 14.292 14.530 15.886 15.604 14.321 14.432 14.450 15.909 15.447 14.311 14.326 14.330 13/04/2005
17.939 17.955 18.220 18.025 18.538 17.929 17.897 18.181 18.858 18.434 17.911 17.998 18.759 18.741 18.506 19.771 18.953 18.621 18.589 18.632 19.564 18.908 18.648 18.659 18.375 19.543 18.697 18.511 18.438 18.327 14/04/2005
17.700 17.826 18.081 17.914 17.780 17.707 17.656 17.974 18.226 17.758 17.714 17.806 18.288 18.257 17.831 18.847 18.732 17.957 17.936 17.977 18.730 18.727 18.067 17.969 17.739 18.671 18.600 17.927 17.861 17.724 15/04/2005
17.050 16.809 17.033 16.581 16.583 16.677 16.603 16.952 17.113 16.328 16.455 16.553 17.046 16.999 16.372 17.271 17.590 16.834 16.799 16.907 17.285 17.587 16.811 16.836 16.790 17.343 17.559 16.816 16.791 16.757 16/04/2005
17.781 17.595 17.768 17.306 16.882 17.383 17.250 17.637 17.275 16.676 17.140 17.274 17.144 17.074 16.745 18.110 18.320 16.892 16.834 16.961 18.141 18.329 16.737 16.921 16.936 18.285 18.375 16.890 16.945 16.843 17/04/2005
12.212 12.106 12.042 11.725 11.778 11.914 11.839 11.936 12.482 12.193 12.185 12.227 12.508 12.450 12.325 12.894 13.173 13.010 12.903 13.136 12.654 13.143 12.355 13.061 13.473 12.663 13.276 12.559 13.128 13.311 18/04/2005
10.824 10.370 10.193 9.871 9.797 10.213 10.091 10.121 9.739 9.562 10.282 10.332 10.312 10.178 9.690 10.405 10.634 10.475 10.357 10.413 10.637 10.603 10.293 10.525 10.720 11.029 10.906 10.718 10.777 10.577 19/04/2005
10.800 10.877 10.948 10.930 11.129 10.829 10.796 10.899 11.279 11.151 11.167 11.044 10.974 10.808 11.226 11.432 11.898 11.261 11.121 11.052 11.362 11.868 11.272 11.320 11.462 11.277 11.665 11.234 11.317 11.309 20/04/2005
15.590 15.425 15.480 15.372 15.552 15.205 15.041 15.350 15.584 15.476 15.045 15.188 15.474 15.414 15.552 15.291 15.252 15.331 15.299 15.310 15.083 15.241 15.147 15.357 15.204 15.314 15.114 14.966 15.051 15.140 21/04/2005
17.039 16.885 17.029 16.743 17.497 16.886 16.887 17.020 17.202 17.205 16.488 16.711 17.126 17.104 17.188 17.096 17.190 16.950 16.973 16.976 16.730 17.191 16.847 16.933 16.729 16.632 16.910 16.443 16.542 16.770 22/04/2005
18.766 18.575 18.566 17.923 18.137 18.394 18.247 18.464 18.021 17.700 18.039 18.095 18.258 18.142 17.776 18.033 18.256 17.919 17.812 17.752 18.067 18.210 17.963 17.964 17.770 18.271 18.217 18.039 17.930 17.567 23/04/2005
19.629 19.360 19.448 19.142 18.883 19.312 19.251 19.404 18.928 18.474 18.742 18.928 19.041 18.963 18.569 18.790 19.346 18.718 18.613 18.682 18.608 19.297 18.619 18.759 18.729 18.704 19.242 18.660 18.741 18.569 24/04/2005
15.548 15.281 15.767 15.942 16.062 15.160 15.032 15.680 15.965 15.792 15.032 14.973 15.681 15.566 15.931 15.195 15.786 15.504 15.385 15.724 15.393 15.754 15.286 15.581 15.764 15.602 15.898 15.573 15.758 15.604 25/04/2005
15.225 15.659 15.622 15.137 15.088 15.573 15.446 15.573 15.357 15.088 15.396 15.551 15.188 15.096 15.243 15.320 15.904 15.304 15.235 15.461 15.386 15.851 15.029 15.341 15.495 15.251 15.865 15.257 15.471 15.324 26/04/2005
12.881 13.334 13.147 12.225 12.108 13.246 13.126 13.096 13.417 12.998 13.884 13.717 13.575 13.431 13.150 14.072 14.404 13.775 13.613 13.535 14.231 14.369 13.827 13.863 13.442 14.100 14.286 13.962 13.858 13.277 27/04/2005
15.006 15.091 15.160 14.629 15.638 15.085 15.103 15.154 16.280 15.957 15.384 15.358 16.447 16.328 16.073 16.250 16.340 16.498 16.362 16.242 16.325 16.308 16.456 16.547 16.291 16.386 16.328 16.617 16.538 16.124 28/04/2005
16.023 15.958 15.995 15.513 15.462 15.905 15.951 16.001 15.725 15.519 15.577 15.885 16.015 16.034 15.560 16.306 16.568 15.840 15.884 15.761 16.452 16.561 15.772 15.825 15.543 16.355 16.493 15.605 15.578 15.632 29/04/2005
16.370 15.915 16.087 16.343 16.211 15.864 15.853 16.050 16.548 16.308 15.972 15.646 15.980 15.946 16.338 16.294 16.185 16.269 16.297 16.556 15.965 16.186 15.616 16.283 16.502 15.847 16.489 15.955 16.481 16.419 30/04/2005
18.014 17.999 18.083 16.422 16.445 18.048 18.117 18.125 17.449 16.694 18.050 17.978 17.499 17.270 16.858 17.400 17.406 17.455 17.154 17.269 17.423 17.336 17.197 17.568 17.521 17.498 17.652 17.693 17.783 17.133 01/05/2005
15.959 15.793 15.953 16.405 16.132 15.678 15.599 15.890 17.161 16.483 15.878 15.806 17.146 17.068 16.587 15.592 16.526 17.122 17.054 17.186 15.760 16.458 17.081 17.153 17.182 15.931 16.732 17.209 17.202 17.127 02/05/2005
17.501 17.298 17.373 16.643 17.146 17.145 17.070 17.304 17.143 17.185 17.112 17.200 17.217 17.192 17.243 17.273 17.457 16.961 16.890 16.851 17.495 17.439 17.114 16.978 16.560 17.656 17.467 17.062 16.701 16.494 03/05/2005
14.990 14.451 14.742 14.334 14.941 14.339 14.236 14.648 14.691 14.928 14.130 14.348 14.413 14.342 15.006 14.495 14.775 14.426 14.376 14.631 14.697 14.749 14.253 14.465 14.708 14.869 14.864 14.402 14.579 14.632 04/05/2005
10.807 9.891 9.560 8.784 9.808 9.767 9.619 9.490 9.644 9.431 9.621 9.373 9.894 9.768 9.501 11.279 11.940 9.722 9.635 9.382 11.333 11.916 10.002 9.778 9.610 11.344 11.980 10.223 9.987 9.441 05/05/2005
14.785 14.416 14.291 13.994 14.299 14.134 13.886 14.100 14.577 14.619 14.375 14.364 14.493 14.405 14.712 13.981 14.854 14.594 14.482 14.476 14.178 14.804 14.638 14.645 14.483 14.187 15.000 14.863 14.720 14.284 06/05/2005
19.315 19.288 19.315 19.837 18.718 19.265 19.267 19.300 18.755 18.773 19.360 19.360 18.752 18.701 18.852 18.914 18.521 18.802 18.714 18.710 19.174 18.487 18.812 18.834 18.733 19.316 18.581 18.947 18.847 18.622 07/05/2005
20.494 20.459 20.616 21.530 20.823 20.541 20.642 20.662 20.186 20.682 20.515 20.603 20.170 20.188 20.641 20.992 20.356 20.053 20.006 20.024 21.085 20.306 20.117 20.056 19.992 21.322 20.305 20.094 20.056 19.917 08/05/2005
22.180 22.046 22.014 21.839 21.150 21.965 21.956 21.956 21.552 21.170 22.065 21.997 21.664 21.551 21.301 21.471 22.412 21.564 21.455 21.357 21.631 22.348 21.680 21.634 21.342 21.721 22.342 21.614 21.317 21.151 09/05/2005
22.118 21.956 22.078 21.188 21.941 21.966 22.030 22.081 21.994 21.897 22.019 21.989 22.042 21.990 21.908 21.619 22.359 22.012 21.930 21.920 21.741 22.320 21.993 22.039 21.931 21.877 22.433 22.168 22.055 21.824 10/05/2005
23.238 23.073 23.255 23.403 23.260 22.991 22.944 23.170 23.105 23.265 22.861 22.877 23.125 22.997 23.400 22.635 23.585 22.711 22.583 22.620 22.696 23.586 22.657 22.794 22.669 22.838 23.616 22.998 22.897 22.466 11/05/2005
23.368 23.058 23.231 22.919 22.794 22.880 22.790 23.127 22.901 22.753 22.792 22.774 22.971 22.841 22.889 22.683 23.733 22.651 22.555 22.523 22.827 23.730 22.600 22.751 22.421 22.969 23.737 22.926 22.785 22.216 12/05/2005
20.154 20.006 20.226 19.869 20.599 19.851 19.758 20.130 20.296 20.575 19.896 20.020 20.190 20.150 20.616 20.645 22.106 20.090 20.007 19.931 20.788 22.043 19.947 20.129 19.919 20.893 22.166 20.096 20.176 19.789 13/05/2005
20.967 21.130 21.129 20.678 21.142 20.891 20.710 20.956 21.538 21.255 20.915 21.012 21.499 21.308 21.232 21.358 21.886 21.461 21.229 21.549 21.926 21.796 21.273 21.510 21.791 22.331 22.205 21.587 21.599 21.528 14/05/2005
22.033 22.192 22.270 22.178 22.152 22.044 21.922 22.162 22.496 21.960 22.323 22.126 22.344 22.260 21.887 22.300 22.389 22.227 22.120 22.152 22.627 22.332 22.322 22.211 21.982 23.181 22.597 22.424 22.051 21.861 15/05/2005
21.447 21.420 21.317 20.851 20.704 21.332 21.233 21.266 20.710 20.685 21.349 21.294 20.737 20.586 20.720 20.634 20.242 20.637 20.471 20.509 20.690 20.187 20.750 20.664 20.657 20.785 20.291 20.983 20.711 20.445 16/05/2005
20.107 20.134 20.258 19.812 19.724 19.972 19.854 20.137 19.954 19.676 19.491 20.134 20.087 19.936 19.758 19.375 19.903 20.065 19.892 19.847 19.577 19.860 20.062 20.128 20.146 19.883 20.068 20.357 20.257 19.890 17/05/2005
19.804 19.497 19.598 19.416 19.604 19.433 19.350 19.561 20.376 19.569 19.519 19.521 20.487 20.242 19.788 20.676 21.206 20.445 20.139 20.144 21.047 21.145 20.669 20.575 20.499 21.328 21.341 21.141 20.947 20.104 18/05/2005
17.924 17.718 17.946 17.926 17.849 17.607 17.558 17.857 18.662 18.156 17.448 17.536 18.525 18.385 18.233 17.791 17.953 18.201 18.066 18.382 17.881 17.940 18.275 18.282 18.341 18.055 18.036 18.465 18.366 18.152 19/05/2005
18.809 18.775 19.148 17.931 17.211 19.048 19.242 19.285 19.908 17.326 18.923 18.999 19.735 19.759 17.344 19.133 19.751 19.671 19.698 19.769 19.125 19.741 19.654 19.638 19.435 19.196 19.466 19.452 19.402 19.531 20/05/2005
20.088 19.969 20.140 18.883 18.152 20.001 20.004 20.130 20.026 18.326 19.934 19.985 19.935 19.967 18.455 21.815 20.349 19.849 19.839 19.911 22.226 20.299 19.898 19.840 19.780 22.264 20.301 19.788 19.778 19.765 21/05/2005
19.170 18.680 19.149 18.548 18.786 18.570 18.444 19.083 18.823 18.655 18.256 18.093 18.370 18.274 18.738 18.283 18.533 17.985 17.904 18.266 18.403 18.549 17.638 18.022 18.004 18.404 18.277 17.508 17.757 17.873 22/05/2005
19.617 19.421 19.715 18.953 20.056 19.344 19.305 19.669 19.413 19.834 19.072 19.181 19.292 19.231 19.834 19.274 19.685 19.124 19.008 19.155 19.289 19.674 19.111 19.138 18.931 19.147 19.527 18.994 18.928 18.821 23/05/2005
19.874 19.213 19.029 18.427 18.305 18.948 18.734 18.885 19.016 18.423 18.905 18.883 19.268 19.142 18.557 18.671 19.170 19.258 19.092 19.721 18.774 19.113 19.045 19.320 19.522 18.899 19.225 19.191 20.008 19.321 24/05/2005
21.137 20.762 20.779 21.611 21.529 20.539 20.312 20.624 21.839 21.531 20.384 20.377 21.761 21.644 21.643 20.777 21.467 21.618 21.458 21.773 20.979 21.414 21.599 21.687 21.308 21.010 21.397 21.646 21.745 21.155 25/05/2005
19.426 19.656 19.736 19.784 20.037 19.470 19.304 19.634 20.363 20.326 20.033 20.075 20.394 20.303 20.481 20.004 20.730 20.725 20.620 20.591 20.293 20.705 20.574 20.763 20.263 20.507 20.622 20.599 20.582 20.039 26/05/2005
20.932 20.899 20.766 19.910 20.343 20.754 20.650 20.662 21.459 20.595 20.993 20.934 21.576 21.452 20.778 21.339 21.853 21.686 21.527 21.651 21.713 21.810 21.668 21.772 22.197 21.910 22.025 22.101 22.278 21.829 27/05/2005
15.707 15.673 15.436 14.870 15.020 15.403 15.213 15.275 15.297 15.241 15.365 15.405 15.614 15.476 15.414 15.945 16.414 15.755 15.617 15.627 16.466 16.358 15.803 15.830 15.897 16.816 16.707 16.217 16.095 15.595 28/05/2005
14.124 14.090 13.929 13.161 13.415 13.900 13.721 13.782 13.772 13.544 13.872 13.904 14.075 13.908 13.665 14.214 14.732 14.002 13.850 13.722 14.628 14.690 14.026 14.068 14.094 14.978 14.916 14.426 14.263 13.810 29/05/2005
15.388 15.161 14.795 14.069 13.969 14.933 14.775 14.681 14.128 13.817 14.974 14.896 14.413 14.275 13.936 15.089 15.208 14.455 14.345 13.902 15.560 15.161 14.762 14.524 14.527 15.771 15.672 15.393 15.070 14.289 30/05/2005
17.450 17.216 17.092 17.027 17.590 17.032 16.915 16.956 17.510 17.691 16.825 17.060 17.638 17.553 17.740 16.631 17.320 17.901 17.799 17.558 16.856 17.307 17.757 17.954 17.996 16.885 17.317 18.014 18.301 17.824 31/05/2005
16.514 16.297 16.270 15.045 16.227 15.907 15.600 16.006 16.101 16.229 15.340 15.805 16.079 15.976 16.326 15.315 15.791 16.052 15.960 16.019 15.483 15.778 15.521 16.115 16.339 15.625 15.831 15.650 16.142 16.124 01/06/2005
15.927 15.824 15.616 14.676 14.886 15.589 15.402 15.508 14.783 14.727 15.217 15.343 15.229 15.090 14.822 14.723 14.948 14.914 14.784 14.513 14.382 14.917 14.833 14.961 14.719 14.032 14.630 14.528 14.662 14.432 02/06/2005
16.648 16.503 16.299 15.942 16.092 16.274 16.146 16.176 16.254 16.127 16.051 16.225 16.460 16.330 16.230 16.116 16.617 16.397 16.248 16.284 16.198 16.573 16.325 16.489 16.699 16.343 16.667 16.512 16.622 16.457 03/06/2005
14.360 14.254 14.041 13.333 13.565 14.032 13.903 13.921 14.138 13.642 14.088 14.042 14.339 14.190 13.758 14.541 14.668 14.282 14.110 14.112 14.577 14.608 14.333 14.361 14.520 14.692 14.821 14.702 14.572 14.285 04/06/2005
12.821 12.791 12.603 12.105 12.311 12.529 12.354 12.472 12.572 12.160 12.434 12.453 12.649 12.505 12.298 13.130 13.144 12.590 12.404 12.509 13.108 13.080 12.317 12.655 12.940 13.329 13.335 12.765 12.902 12.749 05/06/2005
11.994 11.742 11.216 10.938 11.339 11.548 11.390 11.100 11.363 11.076 11.470 11.493 11.671 11.583 11.271 11.907 11.808 11.480 11.308 11.162 11.878 11.779 11.646 11.540 11.576 12.028 11.854 11.808 11.957 11.352 06/06/2005
13.111 12.669 12.388 11.775 11.404 12.458 12.264 12.282 11.566 11.192 12.134 12.344 11.668 11.549 11.306 11.922 12.064 11.499 11.294 11.158 12.126 12.015 11.502 11.571 11.837 12.426 12.320 12.159 11.929 11.564 07/06/2005
14.438 14.139 14.003 13.650 13.823 13.910 13.726 13.868 13.992 13.800 13.767 13.885 14.274 14.147 13.937 13.859 14.219 14.109 13.921 13.769 13.782 14.181 13.980 14.167 14.024 13.612 13.993 13.943 14.041 13.787 08/06/2005
14.446 13.916 13.849 13.325 13.342 13.727 13.571 13.765 13.555 13.210 14.222 13.782 13.621 13.562 13.331 14.245 14.302 13.824 13.669 12.922 14.065 14.274 13.944 13.893 13.367 13.671 13.891 13.367 13.408 13.243 09/06/2005
12.422 12.187 12.099 11.838 11.790 12.096 11.937 12.053 12.032 11.853 12.164 11.994 11.808 11.701 11.980 12.381 12.300 11.914 11.753 11.841 12.478 12.259 11.751 11.983 12.298 12.503 12.340 11.978 12.036 12.078 10/06/2005
14.077 14.201 14.094 14.127 14.092 14.024 13.850 13.977 14.519 14.223 14.027 14.064 14.447 14.327 14.357 14.265 15.002 14.485 14.322 14.337 14.300 14.943 14.208 14.551 14.747 14.417 15.145 14.430 14.534 14.529 11/06/2005
15.235 15.451 15.282 15.125 15.287 15.259 15.063 15.160 15.636 15.377 15.301 15.359 15.652 15.491 15.511 15.500 16.025 15.636 15.465 15.573 15.509 15.982 15.505 15.704 15.916 15.884 16.175 15.788 15.829 15.698 12/06/2005
19.957 20.127 19.835 20.129 19.919 20.033 19.928 19.756 20.489 20.088 19.943 19.951 20.588 20.451 20.212 20.773 21.375 20.705 20.544 20.425 20.808 21.327 20.488 20.757 20.811 21.152 21.481 20.748 20.703 20.612 13/06/2005
22.616 22.772 22.627 22.921 23.594 22.631 22.490 22.535 23.716 23.615 22.698 22.573 23.745 23.612 23.736 22.576 23.299 23.665 23.511 23.381 22.545 23.258 23.599 23.716 23.396 22.755 23.264 23.672 23.457 23.188 14/06/2005
24.214 24.119 23.964 24.136 24.949 24.073 24.018 23.929 24.778 24.655 24.039 23.915 24.894 24.854 24.713 23.951 24.141 24.791 24.695 24.542 24.085 24.112 24.915 24.823 24.683 24.226 24.072 24.897 24.643 24.558 15/06/2005
18.767 18.517 18.673 18.684 18.619 18.328 18.183 18.592 18.671 18.378 18.401 18.393 18.784 18.607 18.515 18.385 18.507 18.492 18.292 18.265 18.391 18.481 18.671 18.583 18.775 18.564 18.270 18.663 18.589 18.477 16/06/2005
18.654 18.541 17.892 17.763 17.859 18.332 18.170 17.771 18.082 17.806 17.998 17.932 18.279 18.101 17.985 18.157 18.306 18.098 17.913 17.736 18.037 18.260 18.113 18.186 17.953 18.069 18.261 18.325 18.086 17.652 17/06/2005
16.956 16.836 16.517 15.800 15.948 16.679 16.535 16.413 16.250 16.032 16.540 16.517 16.504 16.334 16.201 17.061 16.993 16.517 16.336 16.187 17.143 16.940 16.585 16.589 16.556 17.260 17.058 16.846 16.769 16.298 18/06/2005
15.681 15.352 15.196 14.804 14.394 15.064 14.838 14.996 14.514 14.247 14.950 14.989 14.842 14.669 14.362 15.206 15.326 14.683 14.493 14.451 15.327 15.291 14.759 14.723 14.848 15.464 15.328 15.010 14.950 14.610 19/06/2005
14.475 14.214 14.009 13.889 13.969 13.884 13.694 13.825 13.137 13.377 13.401 13.456 13.409 13.344 13.457 14.237 13.388 12.974 12.852 12.577 14.158 13.325 13.020 13.025 12.543 14.294 13.128 12.963 12.838 12.401 20/06/2005
15.651 15.375 15.302 15.429 15.229 15.179 15.052 15.165 14.775 14.754 15.126 14.940 14.854 14.767 14.945 15.602 15.645 14.817 14.664 14.572 15.621 15.596 14.862 14.870 15.131 15.787 15.700 15.054 14.985 14.978 21/06/2005
17.484 17.461 17.443 17.434 17.938 17.269 17.145 17.335 18.252 18.026 17.557 17.509 18.297 18.152 18.210 17.506 18.408 18.447 18.276 18.324 17.906 18.379 18.431 18.547 18.700 18.160 18.691 18.884 18.756 18.439 22/06/2005
18.810 18.802 18.831 18.662 19.954 18.744 18.671 18.783 18.986 19.941 18.794 18.773 18.898 18.853 20.088 18.975 19.849 18.855 18.770 18.926 19.159 19.809 18.837 18.897 18.887 19.258 19.925 18.907 18.836 18.776 23/06/2005
21.319 21.268 21.196 20.640 21.104 21.152 21.066 21.158 21.000 21.065 21.077 21.028 21.067 21.003 21.136 21.147 21.320 21.011 20.926 20.907 21.214 21.295 20.995 21.042 20.913 21.349 21.191 20.952 20.817 20.794 24/06/2005
18.845 18.897 18.787 18.408 18.572 18.759 18.653 18.740 18.818 18.480 18.450 18.614 18.840 18.747 18.614 18.456 19.182 18.792 18.679 18.725 18.520 19.143 18.658 18.866 18.882 18.390 19.230 18.768 18.793 18.683 25/06/2005
17.168 16.858 16.877 16.439 16.941 16.703 16.606 16.791 17.135 16.942 16.319 16.530 17.158 17.019 17.048 16.808 17.240 17.099 16.956 17.025 16.979 17.207 17.009 17.211 17.122 17.039 17.304 17.264 17.303 16.868 26/06/2005
17.933 17.691 17.465 17.458 17.721 17.427 17.185 17.323 19.147 17.884 17.271 17.343 19.218 19.094 18.043 18.126 18.348 19.193 19.020 18.999 18.272 18.324 19.227 19.280 19.161 18.366 18.293 19.453 19.397 18.891 27/06/2005
19.544 19.376 19.200 19.452 20.123 19.126 18.949 19.010 20.062 20.248 19.453 19.470 20.450 20.306 20.358 20.959 21.350 20.534 20.378 19.991 21.331 21.304 20.745 20.636 20.085 21.387 21.349 20.983 20.775 19.800 28/06/2005
18.544 18.365 18.145 17.830 18.553 18.162 18.016 18.024 19.032 18.926 18.441 18.417 19.210 19.071 19.058 18.921 19.906 19.542 19.405 19.262 19.389 19.831 19.649 19.587 19.570 19.672 20.129 20.001 19.846 19.368 29/06/2005
18.088 17.829 17.420 16.088 16.591 17.676 17.550 17.298 16.814 16.836 18.058 17.784 17.234 17.142 16.917 18.140 18.306 17.253 17.150 16.951 18.509 18.280 17.845 17.335 17.038 18.728 18.351 17.995 17.696 16.914 30/06/2005
19.242 19.032 18.742 16.971 17.619 18.855 18.740 18.670 18.236 17.821 19.326 18.991 18.572 18.483 17.956 18.748 19.971 18.660 18.560 18.343 19.166 19.946 19.153 18.724 18.120 19.304 20.102 19.287 18.822 17.958 01/07/2005
18.455 18.022 17.877 17.039 17.590 17.891 17.765 17.753 17.932 17.685 18.370 18.093 18.085 17.976 17.788 18.628 19.096 18.098 17.961 17.801 18.992 19.094 18.658 18.142 17.722 19.190 19.168 18.879 18.439 17.493 02/07/2005
20.185 19.875 19.510 18.963 19.047 19.782 19.666 19.414 19.270 18.986 19.983 19.605 19.545 19.473 19.130 20.392 20.285 19.565 19.470 19.168 20.420 20.248 19.945 19.597 19.384 20.454 20.232 19.907 19.666 19.243 03/07/2005
21.768 21.525 20.875 20.262 20.319 21.359 21.218 20.802 20.393 20.507 21.896 21.262 20.661 20.551 20.643 21.911 21.728 20.594 20.435 20.396 22.076 21.675 21.177 20.637 20.565 22.202 21.723 21.324 20.858 20.380 04/07/2005
18.374 18.236 17.814 17.202 17.272 18.062 17.897 17.693 17.655 17.343 18.448 18.046 17.808 17.657 17.485 18.915 18.580 17.807 17.583 17.536 19.017 18.544 18.259 17.900 17.717 19.101 18.661 18.478 18.105 17.458 05/07/2005
17.766 17.459 17.166 16.602 16.368 17.218 17.043 17.000 16.841 16.443 17.521 17.155 16.892 16.740 16.573 17.923 17.693 16.802 16.632 16.650 17.850 17.661 16.983 16.890 16.676 17.930 17.762 17.159 16.968 16.382 06/07/2005
17.560 17.457 17.243 16.853 16.893 17.243 17.051 17.090 16.988 16.768 17.465 17.283 17.195 17.049 16.923 17.483 17.469 16.954 16.825 16.634 17.625 17.443 17.320 17.036 16.600 17.921 17.630 17.683 17.170 16.375 07/07/2005
18.316 17.967 17.422 16.879 16.788 17.723 17.611 17.343 16.962 16.703 18.154 17.852 17.470 17.297 16.819 18.233 18.081 17.212 17.024 16.749 18.278 18.041 17.849 17.324 16.669 18.224 17.965 17.952 17.382 16.463 08/07/2005
19.861 19.691 19.171 18.344 18.271 19.484 19.298 19.053 19.025 18.694 19.808 19.649 19.522 19.300 18.842 19.920 20.463 19.607 19.373 19.159 20.124 20.396 19.967 19.703 19.209 20.211 20.478 20.204 19.887 18.951 09/07/2005
19.853 20.003 19.681 18.987 18.197 19.862 19.721 19.562 18.824 18.471 20.111 20.008 19.212 19.019 18.614 20.403 20.465 19.285 19.066 18.900 20.722 20.415 19.490 19.364 19.114 20.832 20.422 19.749 19.541 18.825 10/07/2005
20.274 20.225 20.077 18.887 18.658 20.057 19.900 19.957 19.806 19.310 20.217 20.284 20.124 19.948 19.471 20.641 20.637 20.269 20.058 19.977 20.905 20.587 20.384 20.349 19.989 21.091 20.795 20.795 20.650 19.685 11/07/2005
19.117 18.585 18.323 17.711 17.946 18.502 18.421 18.279 18.375 17.953 18.613 18.387 18.532 18.416 18.102 19.029 18.819 18.549 18.441 18.342 18.854 18.787 18.832 18.612 18.438 18.623 18.793 18.930 18.799 18.265 12/07/2005
18.986 18.712 18.666 18.095 18.366 18.531 18.361 18.565 18.494 18.500 18.448 18.550 18.739 18.612 18.643 18.929 19.377 18.716 18.557 18.517 19.019 19.351 18.750 18.775 18.502 19.111 19.410 18.942 18.867 18.233 13/07/2005
19.809 19.735 19.713 18.327 19.470 19.600 19.483 19.622 19.921 20.017 19.690 19.760 20.051 19.985 20.073 19.562 20.633 20.242 20.153 20.098 19.829 20.633 20.233 20.275 19.961 19.954 20.769 20.422 20.365 19.853 14/07/2005
18.857 18.779 18.693 18.230 18.761 18.682 18.638 18.621 19.119 19.049 18.716 18.797 19.327 19.229 19.136 18.404 19.978 19.417 19.312 19.270 18.521 19.959 19.403 19.462 19.381 18.700 20.125 19.632 19.611 19.228 15/07/2005
20.225 20.139 19.854 19.034 19.351 19.935 19.790 19.723 19.776 19.495 20.406 20.058 20.176 20.051 19.623 20.361 20.912 20.209 20.074 19.781 20.423 20.877 20.550 20.244 19.802 20.417 20.949 20.701 20.333 19.617 16/07/2005
22.316 22.367 22.421 22.458 22.227 22.308 22.288 22.393 23.027 22.589 22.475 22.464 23.057 22.944 22.634 22.471 23.452 23.119 22.959 22.893 22.683 23.402 23.202 23.146 22.791 22.764 23.479 23.365 23.198 22.663 17/07/2005
26.001 25.903 25.888 24.726 25.490 25.716 25.602 25.771 25.273 25.806 25.941 25.819 25.482 25.320 25.852 25.788 25.354 25.369 25.167 25.066 25.812 25.340 25.473 25.446 24.943 25.856 25.325 25.719 25.415 24.700 18/07/2005
22.274 22.132 22.485 22.548 22.840 21.958 21.838 22.391 23.436 23.215 21.933 22.393 23.189 23.100 23.303 21.808 22.442 23.456 23.345 23.500 22.262 22.404 23.025 23.499 23.702 22.639 22.601 23.234 23.547 23.516 19/07/2005
21.177 21.026 20.978 20.656 20.963 20.871 20.744 20.860 21.177 21.148 20.831 20.946 21.282 21.177 21.205 20.963 21.268 21.358 21.182 21.240 21.019 21.256 21.191 21.415 21.452 21.087 21.327 21.416 21.524 21.286 20/07/2005
22.637 22.663 22.433 21.576 21.884 22.557 22.464 22.387 22.900 22.320 22.558 22.534 22.941 22.873 22.414 22.224 22.373 22.910 22.831 22.840 22.290 22.337 22.893 22.951 22.697 22.307 22.455 23.056 23.019 22.600 21/07/2005
23.980 23.972 23.909 23.210 23.080 23.776 23.608 23.796 23.943 23.466 23.979 23.983 23.979 23.903 23.578 23.471 23.685 24.116 23.975 23.886 23.825 23.641 24.167 24.156 23.771 23.986 23.834 24.394 24.221 23.579 22/07/2005
22.162 22.124 21.959 21.945 21.989 21.891 21.701 21.841 23.007 22.501 21.981 22.059 23.142 23.062 22.504 21.936 22.463 23.263 23.186 23.090 22.158 22.446 23.215 23.290 22.964 22.379 22.532 23.360 23.316 22.827 23/07/2005
23.896 23.517 23.445 23.364 23.895 23.237 22.994 23.288 24.694 23.971 23.083 23.171 24.637 24.591 23.979 22.603 23.312 24.469 24.431 24.514 22.664 23.291 24.426 24.475 24.067 22.434 23.178 24.266 24.257 24.055 24/07/2005
21.491 21.073 20.990 21.185 20.354 20.814 20.598 20.822 20.956 20.715 20.537 20.718 21.012 20.933 20.842 20.874 22.946 20.920 20.815 20.813 20.836 22.922 20.806 20.977 20.502 20.763 22.794 20.783 20.864 20.362 25/07/2005
19.752 19.674 19.676 19.146 19.862 19.481 19.311 19.551 19.997 20.340 19.213 19.526 20.050 19.907 20.472 19.142 20.579 20.159 20.026 20.058 19.187 20.548 19.805 20.237 20.345 19.269 20.616 19.994 20.374 20.125 26/07/2005
19.230 19.029 19.023 18.178 18.655 18.898 18.774 18.940 19.198 19.114 18.411 18.761 19.260 19.144 19.223 18.673 19.465 19.073 18.939 19.014 18.430 19.427 18.527 19.122 18.872 18.356 19.414 18.593 18.857 18.696 27/07/2005
21.121 21.018 21.013 20.016 20.398 20.932 20.824 20.976 21.692 21.066 20.711 20.915 21.523 21.431 21.187 20.465 21.096 21.421 21.296 21.477 20.466 21.069 21.239 21.464 21.009 20.392 21.040 21.262 21.303 20.894 28/07/2005
23.900 23.963 24.084 23.004 23.419 23.842 23.735 24.003 23.730 23.863 23.512 23.862 23.625 23.564 23.973 22.645 23.418 23.535 23.445 23.512 22.668 23.405 23.362 23.573 23.244 22.422 23.117 23.081 23.643 23.154 29/07/2005
23.361 23.447 23.471 22.684 22.932 23.297 23.142 23.387 23.813 23.461 23.148 23.373 23.771 23.630 23.643 22.638 23.561 23.866 23.712 23.802 22.927 23.526 23.622 23.942 23.753 23.182 23.604 23.888 24.138 23.519 30/07/2005
23.007 23.090 23.141 23.057 23.159 22.953 22.836 23.074 24.004 23.590 22.743 23.025 23.979 23.822 23.736 22.953 23.739 23.955 23.778 23.848 23.175 23.711 23.579 24.051 24.006 23.348 23.780 23.737 24.113 23.737 31/07/2005
