# 6448 6449 6450 6451 6452 6528 6529 6530 6531 6532 6610 6611 6612 6613 6614 6693 6694 6695 6696 6697 6776 6777 6778 6779 6780 6859 6860 6861 6862 6863 Date
4.376 4.340 4.283 4.055 4.048 4.308 4.286 4.260 4.196 4.078 4.363 4.388 4.355 4.333 4.105 4.345 4.387 4.383 4.356 4.271 4.399 4.382 4.426 4.389 4.340 4.436 4.408 4.486 4.431 4.305 01/08/1999
4.542 4.484 4.394 4.232 4.190 4.479 4.462 4.389 4.355 4.220 4.546 4.496 4.472 4.448 4.255 4.469 4.453 4.492 4.452 4.414 4.456 4.449 4.507 4.493 4.484 4.480 4.495 4.574 4.552 4.424 02/08/1999
4.316 4.243 4.210 4.009 4.010 4.231 4.227 4.206 4.167 4.025 4.310 4.310 4.253 4.222 4.065 4.233 4.282 4.296 4.262 4.256 4.249 4.277 4.332 4.314 4.302 4.260 4.265 4.354 4.344 4.253 03/08/1999
4.756 4.759 4.875 4.634 4.528 4.755 4.758 4.878 4.641 4.499 4.797 4.787 4.892 4.879 4.531 4.737 4.726 4.775 4.739 4.834 4.745 4.727 4.770 4.793 5.020 4.787 4.797 4.893 4.896 4.969 04/08/1999
3.183 3.341 3.395 3.107 3.081 3.321 3.283 3.377 3.014 2.877 3.419 3.233 3.388 3.362 2.912 3.410 3.300 3.229 3.204 3.355 3.420 3.297 3.341 3.232 3.406 3.431 3.312 3.360 3.452 3.342 05/08/1999
3.744 3.590 3.545 3.308 3.329 3.567 3.570 3.529 3.574 3.467 3.822 3.645 3.681 3.665 3.506 3.760 3.627 3.561 3.522 3.617 3.549 3.629 3.664 3.566 3.678 3.511 3.503 3.631 3.672 3.646 06/08/1999
4.108 4.092 4.031 3.856 3.883 4.088 4.071 4.023 3.971 3.885 4.165 4.121 4.038 3.998 3.918 4.108 4.066 4.053 4.008 3.991 4.194 4.065 4.162 4.063 4.057 4.232 4.126 4.262 4.145 4.024 07/08/1999
4.295 4.362 4.258 4.074 4.088 4.329 4.325 4.233 4.271 4.141 4.436 4.419 4.328 4.301 4.157 4.354 4.284 4.362 4.335 4.309 4.393 4.281 4.409 4.378 4.321 4.392 4.284 4.433 4.403 4.282 08/08/1999
4.320 4.332 4.410 4.315 4.212 4.341 4.316 4.397 4.452 4.295 4.406 4.431 4.391 4.380 4.323 4.317 4.255 4.399 4.382 4.479 4.335 4.253 4.409 4.416 4.462 4.395 4.338 4.517 4.563 4.411 09/08/1999
4.420 4.450 4.392 4.201 4.000 4.457 4.434 4.408 4.260 4.008 4.472 4.440 4.293 4.286 4.052 4.329 4.226 4.276 4.250 4.214 4.257 4.223 4.328 4.298 4.201 4.186 4.173 4.304 4.260 4.159 10/08/1999
4.078 3.946 4.044 3.926 3.846 3.939 3.925 4.033 3.993 3.830 3.942 3.862 3.972 3.942 3.858 3.876 3.791 3.918 3.880 3.920 3.907 3.788 3.898 3.938 3.899 3.964 3.854 4.004 3.946 3.836 11/08/1999
4.154 4.155 4.042 3.805 3.535 4.123 4.092 4.023 3.805 3.561 4.165 4.092 3.896 3.842 3.625 4.167 3.976 3.870 3.809 3.775 4.072 3.981 3.951 3.892 3.803 4.062 3.939 3.968 3.892 3.716 12/08/1999
4.145 4.054 4.004 3.969 4.010 3.942 3.847 3.938 4.307 4.089 4.001 3.983 4.329 4.285 4.152 4.257 4.101 4.277 4.228 4.332 4.223 4.090 4.312 4.304 4.248 4.205 4.127 4.323 4.235 4.184 13/08/1999
4.276 4.319 4.251 4.157 4.037 4.306 4.305 4.241 4.253 4.105 4.355 4.337 4.305 4.270 4.134 4.299 4.289 4.320 4.282 4.314 4.290 4.288 4.333 4.342 4.290 4.262 4.297 4.389 4.375 4.239 14/08/1999
4.377 4.394 4.244 4.065 3.992 4.388 4.384 4.246 4.213 4.073 4.368 4.319 4.292 4.260 4.115 4.297 4.188 4.286 4.257 4.301 4.210 4.187 4.247 4.303 4.225 4.156 4.183 4.262 4.259 4.181 15/08/1999
4.446 4.463 4.441 4.341 4.204 4.451 4.438 4.432 4.546 4.343 4.492 4.508 4.527 4.503 4.374 4.422 4.466 4.551 4.531 4.604 4.460 4.461 4.543 4.564 4.545 4.453 4.487 4.587 4.572 4.517 16/08/1999
4.746 4.698 4.735 4.659 4.622 4.710 4.721 4.737 4.869 4.687 4.836 4.728 4.809 4.780 4.740 4.754 4.777 4.847 4.800 4.884 4.827 4.770 4.823 4.871 4.671 4.756 4.790 4.897 4.772 4.637 17/08/1999
5.167 5.170 5.154 4.895 4.970 5.184 5.155 5.156 5.273 5.143 5.360 5.224 5.255 5.208 5.138 5.342 5.308 5.292 5.232 5.318 5.416 5.308 5.295 5.320 5.180 5.421 5.335 5.365 5.269 5.124 18/08/1999
5.300 5.143 5.294 5.165 4.957 5.158 5.178 5.290 5.173 5.045 5.276 5.160 5.180 5.171 5.070 5.119 5.037 5.135 5.125 5.074 5.109 5.041 5.178 5.161 5.057 5.143 5.201 5.290 5.203 5.015 19/08/1999
5.421 5.423 5.619 5.606 5.325 5.431 5.400 5.624 5.331 5.204 5.403 5.249 5.333 5.327 5.229 5.184 4.950 5.139 5.139 5.241 5.048 4.949 5.165 5.148 5.111 4.924 4.906 5.209 5.143 5.070 20/08/1999
5.259 5.260 5.138 5.025 4.878 5.235 5.219 5.119 4.888 4.774 5.140 5.103 5.015 4.987 4.794 4.961 4.831 4.865 4.825 4.769 4.871 4.843 4.922 4.884 4.743 4.918 4.820 4.904 4.826 4.687 21/08/1999
4.420 4.412 4.423 4.340 4.213 4.417 4.399 4.418 4.371 4.238 4.437 4.424 4.329 4.323 4.271 4.407 4.317 4.311 4.297 4.401 4.351 4.314 4.296 4.323 4.342 4.353 4.360 4.376 4.375 4.326 22/08/1999
3.420 3.430 3.273 2.983 2.983 3.439 3.414 3.281 3.010 2.951 3.459 3.412 3.340 3.293 2.993 3.378 3.367 3.373 3.329 3.291 3.310 3.357 3.362 3.383 3.144 3.447 3.399 3.433 3.315 3.107 23/08/1999
3.604 3.552 3.501 3.204 3.228 3.559 3.537 3.508 3.223 3.143 3.646 3.572 3.422 3.392 3.165 3.665 3.648 3.469 3.445 3.460 3.599 3.648 3.519 3.483 3.439 3.632 3.657 3.558 3.530 3.423 24/08/1999
3.203 3.260 3.242 3.025 3.022 3.245 3.235 3.237 3.188 3.096 3.416 3.311 3.280 3.245 3.124 3.379 3.316 3.300 3.250 3.339 3.395 3.311 3.278 3.307 3.275 3.454 3.389 3.385 3.337 3.223 25/08/1999
3.680 3.702 3.680 3.560 3.517 3.689 3.691 3.684 3.791 3.658 3.749 3.741 3.859 3.828 3.691 3.757 3.743 3.864 3.834 3.937 3.799 3.735 3.830 3.872 3.870 3.739 3.759 3.849 3.899 3.847 26/08/1999
4.528 4.595 4.650 4.449 4.480 4.587 4.568 4.657 4.565 4.484 4.608 4.597 4.605 4.595 4.515 4.521 4.497 4.642 4.625 4.590 4.490 4.505 4.635 4.649 4.523 4.535 4.591 4.732 4.631 4.505 27/08/1999
4.177 4.193 4.244 4.225 4.251 4.196 4.196 4.246 4.268 4.163 3.990 4.084 4.183 4.169 4.183 3.941 3.866 4.092 4.078 4.171 3.894 3.868 3.993 4.096 4.104 3.877 3.844 3.986 4.024 4.092 28/08/1999
3.755 3.792 3.749 3.491 3.480 3.798 3.784 3.751 3.500 3.337 3.717 3.704 3.818 3.786 3.366 3.656 3.611 3.779 3.738 3.637 3.671 3.607 3.738 3.786 3.579 3.660 3.661 3.808 3.792 3.555 29/08/1999
3.041 3.157 3.095 2.634 2.580 3.121 3.108 3.067 2.810 2.694 3.211 3.125 3.070 3.053 2.725 3.134 3.068 3.019 3.003 3.039 3.020 3.059 2.982 3.038 2.966 3.027 3.038 2.985 3.025 2.932 30/08/1999
2.854 2.744 2.581 1.811 1.772 2.694 2.666 2.546 1.848 1.673 2.909 2.923 2.555 2.530 1.723 2.911 2.735 2.633 2.600 2.651 2.697 2.738 2.623 2.652 2.687 2.602 2.672 2.568 2.654 2.643 31/08/1999
2.848 2.821 2.743 2.699 2.560 2.785 2.756 2.720 2.682 2.578 2.728 2.705 2.754 2.734 2.595 2.714 2.641 2.718 2.690 2.759 2.665 2.640 2.675 2.732 2.726 2.486 2.582 2.642 2.728 2.688 01/09/1999
2.959 2.962 2.872 2.646 2.705 2.915 2.885 2.847 2.861 2.718 2.903 2.856 2.954 2.921 2.739 3.066 3.038 2.925 2.888 2.909 3.019 3.036 2.924 2.938 2.910 3.052 3.040 2.958 3.016 2.864 02/09/1999
2.215 2.110 2.209 1.830 1.875 2.101 2.083 2.199 2.006 1.924 2.050 2.151 2.156 2.140 1.942 2.095 2.258 2.162 2.133 2.151 2.138 2.255 2.226 2.169 2.224 2.127 2.177 2.128 2.156 2.200 03/09/1999
2.729 2.742 2.710 2.562 2.656 2.713 2.685 2.699 2.842 2.717 2.759 2.763 2.968 2.957 2.746 2.772 2.865 3.017 3.001 2.947 2.812 2.861 2.967 3.024 3.028 2.866 2.928 3.024 3.056 3.012 04/09/1999
2.197 2.128 2.050 2.297 2.191 2.074 2.036 2.012 2.039 2.175 2.122 2.140 2.107 2.070 2.206 2.220 2.567 2.120 2.069 2.075 2.256 2.551 2.176 2.145 2.167 2.348 2.593 2.255 2.228 2.085 05/09/1999
2.845 2.785 2.744 2.774 2.783 2.762 2.735 2.735 2.860 2.754 2.692 2.760 2.893 2.874 2.777 2.738 2.806 2.860 2.834 2.868 2.761 2.799 2.837 2.869 2.806 2.728 2.776 2.814 2.842 2.761 06/09/1999
2.524 2.508 2.486 2.439 2.449 2.479 2.464 2.466 2.624 2.489 2.523 2.520 2.632 2.617 2.527 2.579 2.649 2.640 2.607 2.631 2.613 2.645 2.636 2.655 2.659 2.608 2.666 2.683 2.685 2.610 07/09/1999
3.066 3.065 2.997 2.868 2.954 3.069 3.061 2.991 3.136 3.033 3.139 3.105 3.161 3.149 3.054 3.143 3.141 3.229 3.217 3.319 3.234 3.137 3.200 3.230 3.208 3.215 3.151 3.233 3.270 3.178 08/09/1999
2.759 2.743 2.730 2.548 2.643 2.745 2.730 2.725 2.779 2.694 2.781 2.771 2.835 2.826 2.705 2.776 2.826 2.884 2.868 2.916 2.867 2.827 2.843 2.888 2.876 2.889 2.861 2.926 2.931 2.867 09/09/1999
2.773 2.844 2.803 2.713 2.808 2.821 2.786 2.795 3.079 2.945 2.928 2.923 3.082 3.072 2.980 2.946 3.157 3.226 3.189 3.202 3.137 3.158 3.171 3.241 3.246 3.223 3.325 3.372 3.413 3.213 10/09/1999
3.674 3.720 3.786 3.700 3.644 3.743 3.747 3.793 3.849 3.707 3.758 3.728 3.797 3.807 3.725 3.748 3.658 3.831 3.842 3.857 3.694 3.665 3.778 3.832 3.751 3.593 3.618 3.756 3.804 3.742 11/09/1999
4.377 4.480 4.688 4.923 4.694 4.489 4.487 4.690 4.902 4.696 4.323 4.444 4.786 4.774 4.718 4.154 4.167 4.748 4.727 4.845 4.105 4.159 4.470 4.747 4.865 4.185 4.306 4.564 4.731 4.857 12/09/1999
3.677 3.739 3.872 3.951 3.743 3.737 3.729 3.873 3.849 3.710 3.449 3.666 3.851 3.845 3.734 3.339 3.408 3.789 3.787 3.822 3.269 3.409 3.584 3.795 3.659 3.284 3.396 3.558 3.636 3.656 13/09/1999
2.185 2.181 2.105 2.109 2.038 2.170 2.148 2.084 2.208 2.044 2.169 2.147 2.291 2.276 2.072 2.228 2.268 2.242 2.214 2.207 2.240 2.261 2.215 2.254 2.200 2.279 2.266 2.226 2.216 2.150 14/09/1999
2.323 2.247 2.195 2.154 2.213 2.224 2.209 2.188 2.240 2.151 2.138 2.107 2.352 2.294 2.166 2.265 2.268 2.290 2.247 2.280 2.259 2.263 2.290 2.308 2.309 2.269 2.240 2.244 2.282 2.266 15/09/1999
2.608 2.585 2.529 2.366 2.393 2.574 2.553 2.526 2.615 2.518 2.624 2.547 2.651 2.623 2.548 2.649 2.630 2.709 2.689 2.673 2.638 2.620 2.622 2.719 2.610 2.665 2.658 2.688 2.690 2.596 16/09/1999
2.294 2.273 2.240 2.210 2.219 2.272 2.273 2.244 2.226 2.180 2.269 2.264 2.273 2.262 2.192 2.256 2.194 2.266 2.256 2.237 2.255 2.198 2.239 2.277 2.247 2.262 2.190 2.250 2.276 2.226 17/09/1999
2.530 2.430 2.466 2.333 2.329 2.419 2.410 2.457 2.383 2.305 2.473 2.455 2.473 2.453 2.326 2.498 2.427 2.443 2.422 2.364 2.430 2.420 2.434 2.454 2.398 2.400 2.409 2.449 2.462 2.372 18/09/1999
2.341 2.181 2.275 2.110 2.123 2.162 2.143 2.264 2.209 2.146 2.252 2.207 2.162 2.143 2.162 2.383 2.284 2.167 2.149 2.267 2.462 2.282 2.226 2.183 2.221 2.529 2.392 2.331 2.295 2.196 19/09/1999
1.746 1.780 1.926 1.892 1.949 1.778 1.751 1.929 2.204 2.158 1.914 2.004 2.189 2.190 2.179 1.947 2.233 2.334 2.302 2.277 2.153 2.223 2.241 2.345 2.403 2.305 2.325 2.379 2.342 2.373 20/09/1999
1.961 1.833 1.913 1.864 1.913 1.829 1.820 1.910 2.049 2.015 1.885 1.906 2.027 2.020 2.034 1.928 1.948 2.038 2.018 2.071 2.005 1.944 1.969 2.042 2.073 1.871 1.955 1.974 2.004 2.061 21/09/1999
2.172 2.116 2.118 2.107 2.081 2.107 2.115 2.105 2.244 2.206 2.224 2.132 2.248 2.225 2.212 2.225 2.213 2.330 2.311 2.367 2.283 2.215 2.274 2.339 2.269 2.264 2.213 2.327 2.318 2.259 22/09/1999
2.340 2.356 2.392 2.268 2.323 2.364 2.351 2.391 2.547 2.477 2.448 2.408 2.544 2.523 2.484 2.412 2.462 2.597 2.591 2.676 2.512 2.460 2.524 2.607 2.619 2.539 2.492 2.592 2.606 2.588 23/09/1999
2.287 2.289 2.346 2.258 2.297 2.288 2.278 2.350 2.519 2.417 2.336 2.330 2.496 2.475 2.428 2.272 2.396 2.549 2.547 2.590 2.364 2.393 2.476 2.566 2.524 2.365 2.449 2.579 2.529 2.500 24/09/1999
2.672 2.639 2.712 2.722 2.754 2.640 2.640 2.719 2.950 2.891 2.744 2.702 2.928 2.913 2.895 2.709 2.738 2.884 2.878 2.940 2.780 2.740 2.904 2.893 2.771 2.714 2.660 2.840 2.797 2.754 25/09/1999
2.523 2.387 2.368 2.315 2.351 2.379 2.373 2.368 2.414 2.367 2.397 2.320 2.439 2.426 2.374 2.378 2.319 2.341 2.334 2.412 2.371 2.323 2.408 2.355 2.324 2.322 2.291 2.370 2.324 2.310 26/09/1999
2.201 2.162 2.173 2.105 2.148 2.173 2.167 2.174 2.277 2.231 2.233 2.200 2.299 2.282 2.240 2.247 2.244 2.298 2.284 2.319 2.298 2.245 2.314 2.314 2.303 2.270 2.247 2.321 2.308 2.280 27/09/1999
2.457 2.395 2.425 2.259 2.321 2.390 2.380 2.427 2.439 2.331 2.429 2.357 2.508 2.491 2.344 2.391 2.352 2.469 2.445 2.491 2.377 2.354 2.431 2.476 2.408 2.356 2.400 2.473 2.463 2.388 28/09/1999
2.733 2.622 2.757 2.723 2.714 2.651 2.657 2.776 2.897 2.786 2.654 2.633 2.830 2.822 2.809 2.621 2.616 2.859 2.856 2.906 2.624 2.614 2.786 2.864 2.774 2.615 2.627 2.785 2.827 2.769 29/09/1999
2.670 2.764 2.813 2.597 2.585 2.764 2.777 2.829 2.815 2.668 2.709 2.742 2.899 2.887 2.709 2.687 2.651 2.903 2.880 2.831 2.605 2.653 2.806 2.909 2.768 2.606 2.684 2.854 2.850 2.765 30/09/1999
2.227 2.287 2.258 2.014 2.137 2.285 2.290 2.266 2.249 2.240 2.299 2.275 2.284 2.271 2.263 2.250 2.174 2.341 2.323 2.343 2.250 2.176 2.254 2.356 2.270 2.238 2.204 2.313 2.336 2.241 01/10/1999
2.591 2.683 2.581 2.379 2.359 2.683 2.695 2.600 2.537 2.459 2.745 2.642 2.668 2.663 2.477 2.698 2.585 2.727 2.712 2.678 2.676 2.589 2.729 2.737 2.655 2.679 2.598 2.755 2.725 2.633 02/10/1999
2.653 2.542 2.565 2.561 2.526 2.559 2.554 2.573 2.587 2.490 2.577 2.502 2.595 2.583 2.511 2.560 2.468 2.646 2.637 2.713 2.554 2.472 2.605 2.648 2.630 2.525 2.495 2.641 2.638 2.603 03/10/1999
2.528 2.402 2.428 2.378 2.335 2.427 2.420 2.433 2.434 2.365 2.359 2.383 2.525 2.513 2.382 2.364 2.299 2.487 2.463 2.549 2.326 2.302 2.389 2.500 2.452 2.295 2.295 2.398 2.459 2.431 04/10/1999
2.397 2.364 2.426 2.340 2.347 2.371 2.376 2.438 2.484 2.383 2.392 2.380 2.515 2.493 2.403 2.362 2.327 2.505 2.494 2.560 2.384 2.329 2.474 2.519 2.477 2.358 2.334 2.455 2.469 2.463 05/10/1999
2.027 2.019 2.071 2.031 2.088 2.023 2.014 2.076 2.229 2.167 2.005 2.018 2.186 2.177 2.188 1.990 2.004 2.218 2.212 2.281 2.044 2.007 2.135 2.232 2.163 2.050 2.052 2.176 2.169 2.145 06/10/1999
1.641 1.642 1.721 1.620 1.678 1.636 1.631 1.735 1.636 1.623 1.628 1.682 1.769 1.756 1.630 1.615 1.742 1.864 1.847 1.875 1.660 1.743 1.784 1.868 1.865 1.702 1.813 1.856 1.905 1.849 07/10/1999
1.514 1.532 1.494 1.366 1.490 1.550 1.560 1.513 1.521 1.493 1.546 1.524 1.608 1.595 1.505 1.667 1.638 1.609 1.601 1.580 1.646 1.639 1.600 1.616 1.583 1.618 1.636 1.595 1.601 1.575 08/10/1999
0.989 0.948 0.975 0.858 0.864 0.938 0.935 0.969 0.889 0.868 0.899 0.898 0.926 0.917 0.878 0.953 0.931 0.807 0.803 0.836 0.921 0.931 0.835 0.808 0.815 0.917 0.931 0.831 0.816 0.814 09/10/1999
1.411 1.350 1.316 1.268 1.271 1.337 1.326 1.306 1.342 1.312 1.308 1.303 1.362 1.359 1.323 1.287 1.264 1.369 1.355 1.376 1.307 1.263 1.301 1.375 1.349 1.299 1.262 1.290 1.324 1.332 10/10/1999
1.077 1.039 0.967 0.861 0.891 1.037 1.038 0.960 0.920 0.905 1.113 1.080 1.034 1.031 0.911 1.125 1.107 1.067 1.066 1.013 1.138 1.111 1.105 1.073 1.013 1.100 1.071 1.060 1.028 1.013 11/10/1999
1.229 1.252 1.199 0.993 0.931 1.254 1.243 1.198 0.966 0.944 1.312 1.291 1.100 1.096 0.953 1.143 1.158 1.162 1.163 1.055 1.171 1.161 1.208 1.167 1.201 1.160 1.211 1.267 1.278 1.199 12/10/1999
1.262 1.204 1.207 1.141 1.163 1.188 1.183 1.192 1.130 1.113 1.150 1.146 1.185 1.172 1.116 1.139 1.109 1.104 1.098 1.050 1.115 1.111 1.111 1.111 1.003 1.107 1.081 1.085 1.064 0.994 13/10/1999
1.517 1.529 1.376 1.023 1.001 1.485 1.438 1.368 1.353 1.250 1.679 1.599 1.571 1.548 1.259 1.658 1.691 1.751 1.739 1.603 1.843 1.686 1.786 1.771 1.719 1.955 1.756 1.863 1.788 1.703 14/10/1999
1.149 1.214 1.153 1.047 1.096 1.202 1.188 1.152 1.149 1.135 1.224 1.208 1.244 1.229 1.144 1.253 1.244 1.248 1.239 1.222 1.282 1.246 1.274 1.256 1.366 1.289 1.290 1.334 1.335 1.348 15/10/1999
1.209 1.214 1.254 1.253 1.274 1.219 1.218 1.256 1.285 1.274 1.122 1.212 1.296 1.285 1.288 1.142 1.224 1.263 1.249 1.248 1.180 1.224 1.221 1.272 1.188 1.212 1.254 1.253 1.239 1.178 16/10/1999
2.016 1.986 1.944 1.822 1.812 1.992 2.002 1.963 1.827 1.762 1.967 1.931 1.859 1.860 1.776 1.850 1.780 1.859 1.857 1.852 1.805 1.785 1.862 1.865 1.901 1.805 1.818 1.901 1.910 1.902 17/10/1999
0.805 0.775 0.787 0.714 0.736 0.765 0.740 0.774 0.737 0.729 0.728 0.709 0.746 0.740 0.735 0.732 0.896 0.881 0.869 0.906 0.773 0.897 0.864 0.882 1.223 1.086 1.181 1.166 1.287 1.206 18/10/1999
1.029 0.989 0.967 0.932 0.965 0.980 0.981 0.964 1.033 1.007 1.010 1.026 1.041 1.025 1.017 0.962 1.037 1.037 1.013 1.054 1.005 1.034 1.035 1.051 1.065 1.110 1.087 1.111 1.068 1.032 19/10/1999
1.617 1.666 1.672 1.588 1.530 1.660 1.663 1.668 1.623 1.523 1.638 1.670 1.662 1.650 1.542 1.552 1.569 1.670 1.659 1.634 1.622 1.570 1.672 1.681 1.661 1.717 1.642 1.784 1.723 1.652 20/10/1999
1.106 1.088 1.062 0.966 1.161 1.082 1.073 1.059 1.170 1.162 1.090 1.064 1.157 1.138 1.181 1.105 1.071 1.165 1.146 1.148 1.087 1.072 1.155 1.176 1.196 1.104 1.104 1.202 1.195 1.173 21/10/1999
1.035 1.017 1.008 0.947 0.985 1.017 1.017 1.011 0.994 0.992 1.013 1.026 1.006 1.001 1.002 1.034 1.019 1.006 0.999 0.974 1.030 1.023 1.014 1.013 0.977 1.026 1.020 1.029 1.020 0.974 22/10/1999
2.411 2.361 2.385 2.360 2.263 2.357 2.348 2.388 2.192 2.113 2.191 2.250 2.202 2.195 2.126 2.027 1.976 2.076 2.069 2.015 1.984 1.979 2.117 2.085 2.054 2.080 2.000 2.174 2.066 2.031 23/10/1999
0.918 0.922 0.913 0.851 0.882 0.928 0.929 0.918 0.916 0.892 0.914 0.924 0.941 0.938 0.900 0.922 0.943 0.945 0.947 0.936 0.922 0.946 0.944 0.949 0.952 0.939 0.942 0.934 0.940 0.951 24/10/1999
1.040 1.055 1.055 0.967 0.976 1.057 1.067 1.057 0.998 0.976 1.079 1.097 1.050 1.045 0.983 1.031 1.067 1.074 1.068 1.016 1.079 1.073 1.088 1.078 1.080 1.098 1.097 1.129 1.096 1.077 25/10/1999
0.554 0.539 0.599 0.537 0.568 0.521 0.504 0.579 0.637 0.605 0.502 0.596 0.614 0.603 0.617 0.537 0.696 0.670 0.657 0.687 0.632 0.699 0.654 0.676 0.788 0.704 0.748 0.735 0.759 0.772 26/10/1999
0.508 0.498 0.508 0.506 0.508 0.497 0.493 0.507 0.518 0.497 0.482 0.493 0.516 0.512 0.504 0.497 0.538 0.504 0.501 0.504 0.504 0.539 0.508 0.510 0.501 0.517 0.532 0.512 0.504 0.498 27/10/1999
0.882 0.891 0.861 0.855 0.856 0.908 0.910 0.877 0.878 0.899 0.976 0.947 0.884 0.884 0.901 0.932 0.891 0.927 0.924 0.926 0.932 0.894 0.943 0.930 0.901 0.911 0.838 0.885 0.895 0.896 28/10/1999
0.781 0.784 0.783 0.819 0.826 0.802 0.804 0.794 0.846 0.862 0.834 0.823 0.831 0.835 0.866 0.813 0.804 0.863 0.860 0.845 0.791 0.808 0.859 0.865 0.827 0.794 0.781 0.833 0.829 0.835 29/10/1999
1.294 1.417 1.385 1.372 1.291 1.421 1.430 1.388 1.375 1.311 1.418 1.407 1.362 1.355 1.322 1.389 1.349 1.408 1.399 1.321 1.361 1.358 1.393 1.413 1.380 1.413 1.356 1.401 1.355 1.364 30/10/1999
0.598 0.662 0.604 0.489 0.503 0.664 0.662 0.605 0.528 0.522 0.682 0.680 0.682 0.662 0.526 0.707 0.695 0.714 0.704 0.656 0.753 0.699 0.714 0.715 0.754 0.718 0.694 0.750 0.747 0.739 31/10/1999
0.763 0.787 0.774 0.708 0.656 0.805 0.786 0.777 0.705 0.720 0.799 0.793 0.788 0.779 0.723 0.724 0.733 0.777 0.763 0.751 0.761 0.737 0.733 0.793 0.845 0.791 0.809 0.834 0.836 0.824 01/11/1999
0.636 0.650 0.658 0.633 0.648 0.657 0.660 0.660 0.649 0.660 0.667 0.662 0.651 0.655 0.663 0.657 0.626 0.630 0.632 0.646 0.617 0.629 0.622 0.630 0.623 0.598 0.617 0.608 0.620 0.628 02/11/1999
1.115 0.989 1.130 1.058 1.079 0.991 0.987 1.128 1.215 1.159 0.927 0.993 1.131 1.125 1.175 0.892 0.948 1.056 1.053 1.157 0.911 0.950 0.977 1.061 1.114 0.906 0.938 0.978 1.024 1.099 03/11/1999
0.908 0.905 0.968 0.829 0.942 0.899 0.884 0.962 1.046 0.964 0.888 0.866 1.107 1.083 0.967 0.898 1.195 1.053 1.036 1.050 0.962 1.198 1.057 1.049 1.069 1.028 1.200 1.078 1.063 1.066 04/11/1999
0.479 0.443 0.451 0.445 0.463 0.449 0.452 0.471 0.463 0.465 0.436 0.436 0.459 0.460 0.469 0.465 0.475 0.446 0.445 0.472 0.464 0.476 0.453 0.449 0.477 0.491 0.506 0.473 0.486 0.474 05/11/1999
0.858 0.888 0.870 0.644 0.657 0.879 0.868 0.879 0.753 0.656 0.838 0.857 0.908 0.906 0.683 0.838 0.798 0.866 0.828 0.879 0.798 0.784 0.862 0.881 0.906 0.770 0.730 0.771 0.824 0.899 06/11/1999
0.419 0.407 0.403 0.383 0.404 0.405 0.401 0.401 0.417 0.414 0.408 0.410 0.427 0.425 0.417 0.432 0.444 0.425 0.424 0.419 0.435 0.445 0.428 0.430 0.426 0.443 0.447 0.434 0.429 0.422 07/11/1999
0.517 0.475 0.483 0.322 0.339 0.466 0.478 0.495 0.363 0.334 0.526 0.480 0.514 0.519 0.335 0.590 0.551 0.493 0.503 0.489 0.498 0.553 0.483 0.495 0.507 0.547 0.555 0.489 0.474 0.506 08/11/1999
0.381 0.381 0.385 0.381 0.388 0.380 0.378 0.386 0.393 0.396 0.377 0.378 0.390 0.388 0.399 0.393 0.404 0.384 0.383 0.386 0.395 0.405 0.384 0.387 0.386 0.397 0.408 0.389 0.386 0.386 09/11/1999
0.921 0.884 0.867 0.614 0.680 0.889 0.897 0.870 0.734 0.681 0.814 0.842 0.849 0.843 0.693 0.809 0.785 0.837 0.829 0.900 0.826 0.789 0.819 0.846 1.043 1.048 0.996 1.046 1.062 1.033 10/11/1999
0.641 0.567 0.588 0.470 0.530 0.564 0.568 0.599 0.526 0.510 0.587 0.569 0.603 0.599 0.515 0.574 0.516 0.552 0.551 0.539 0.563 0.520 0.571 0.553 0.504 0.624 0.536 0.616 0.542 0.503 11/11/1999
1.222 1.166 1.297 1.295 1.260 1.186 1.200 1.296 1.263 1.261 1.112 1.118 1.201 1.194 1.279 1.053 1.057 1.078 1.074 1.124 0.995 1.060 1.061 1.086 1.056 1.042 1.018 1.040 1.013 1.057 12/11/1999
2.101 1.921 2.219 2.320 2.134 1.919 1.905 2.236 2.185 2.052 1.537 1.648 1.859 1.845 2.085 1.463 1.365 1.567 1.558 1.734 1.313 1.370 1.414 1.572 1.557 1.353 1.333 1.386 1.400 1.558 13/11/1999
2.175 2.022 2.275 2.461 2.281 2.024 2.022 2.272 2.261 2.154 1.659 1.746 2.013 1.992 2.187 1.615 1.554 1.692 1.661 1.800 1.514 1.559 1.592 1.709 1.654 1.593 1.535 1.586 1.549 1.620 14/11/1999
2.493 2.303 2.654 2.884 2.624 2.318 2.316 2.660 2.571 2.484 1.887 2.027 2.336 2.307 2.530 1.702 1.671 1.986 1.970 2.034 1.563 1.674 1.812 2.004 1.907 1.663 1.719 1.872 1.867 1.886 15/11/1999
2.020 1.726 1.772 2.159 2.224 1.709 1.703 1.771 2.115 2.023 1.490 1.428 1.834 1.832 2.035 1.488 1.439 1.605 1.602 1.713 1.404 1.446 1.544 1.613 1.604 1.508 1.501 1.611 1.601 1.598 16/11/1999
2.478 2.306 2.517 2.487 2.394 2.308 2.322 2.522 2.360 2.255 2.041 2.052 2.148 2.143 2.286 1.879 1.743 1.855 1.847 1.952 1.836 1.747 1.854 1.860 1.927 2.184 1.915 2.060 1.905 1.908 17/11/1999
3.414 3.231 3.539 3.729 3.490 3.195 3.167 3.522 3.455 3.328 2.967 3.171 3.456 3.437 3.397 2.796 3.004 3.211 3.168 3.109 2.850 3.008 3.254 3.228 3.359 3.158 3.102 3.397 3.343 3.308 18/11/1999
1.674 1.688 1.712 1.426 1.485 1.711 1.713 1.727 1.360 1.357 1.827 1.766 1.705 1.710 1.359 1.682 1.694 1.624 1.620 1.490 1.759 1.701 1.858 1.620 1.711 1.945 1.771 1.991 1.758 1.725 19/11/1999
1.572 1.521 1.658 1.832 2.038 1.533 1.523 1.659 2.009 1.951 1.535 1.515 1.802 1.776 1.980 1.470 1.550 1.781 1.767 1.942 1.518 1.554 1.770 1.790 2.058 1.816 1.829 2.079 2.048 2.054 20/11/1999
1.275 1.228 1.249 1.313 1.211 1.252 1.271 1.259 1.191 1.144 1.216 1.224 1.203 1.195 1.150 1.071 1.194 1.313 1.309 1.225 1.198 1.202 1.362 1.317 1.304 1.305 1.301 1.488 1.438 1.300 21/11/1999
1.096 1.085 1.138 1.027 0.974 1.092 1.104 1.137 1.037 0.966 0.988 1.059 1.107 1.098 0.973 0.887 0.935 1.059 1.049 1.021 0.934 0.942 1.036 1.059 1.031 1.002 0.950 1.066 1.031 1.024 22/11/1999
1.715 1.609 1.674 1.606 1.588 1.606 1.618 1.662 1.578 1.534 1.353 1.411 1.557 1.561 1.548 1.247 1.204 1.407 1.406 1.450 1.176 1.208 1.332 1.414 1.414 1.289 1.240 1.368 1.371 1.406 23/11/1999
1.211 1.113 1.084 1.123 1.200 1.118 1.117 1.090 1.040 1.032 0.955 0.989 1.070 1.064 1.037 0.860 0.832 0.987 0.980 0.965 0.857 0.836 1.020 0.994 1.016 1.018 0.977 1.186 1.064 1.020 24/11/1999
1.159 1.123 1.157 1.027 1.136 1.127 1.128 1.166 1.119 1.097 1.040 1.069 1.076 1.061 1.101 0.940 0.920 1.008 1.009 0.989 0.949 0.922 1.028 1.011 0.994 1.068 1.020 1.180 1.076 1.003 25/11/1999
1.014 1.036 0.968 0.686 0.718 1.040 1.033 0.971 0.816 0.780 0.941 1.014 1.014 0.993 0.806 0.861 0.905 1.055 1.033 0.860 0.894 0.902 1.037 1.054 1.014 0.997 1.034 1.182 1.174 1.002 26/11/1999
0.456 0.348 0.297 0.234 0.250 0.336 0.345 0.302 0.242 0.250 0.250 0.239 0.267 0.262 0.251 0.244 0.251 0.250 0.251 0.244 0.244 0.254 0.249 0.252 0.272 0.250 0.258 0.254 0.277 0.275 27/11/1999
0.955 0.995 0.912 0.696 0.664 0.984 0.972 0.906 0.768 0.721 0.931 0.943 0.936 0.916 0.729 0.908 0.909 0.903 0.896 0.822 0.924 0.911 0.893 0.908 0.962 1.043 0.996 0.991 1.019 0.947 28/11/1999
0.549 0.527 0.476 0.378 0.418 0.535 0.550 0.474 0.464 0.465 0.460 0.426 0.471 0.469 0.475 0.464 0.476 0.471 0.466 0.475 0.468 0.482 0.482 0.477 0.482 0.601 0.625 0.619 0.571 0.488 29/11/1999
0.217 0.221 0.205 0.219 0.226 0.225 0.227 0.208 0.208 0.221 0.229 0.220 0.210 0.212 0.223 0.245 0.231 0.212 0.213 0.208 0.231 0.234 0.214 0.214 0.208 0.224 0.234 0.213 0.212 0.211 30/11/1999
0.517 0.509 0.449 0.431 0.447 0.519 0.520 0.452 0.457 0.485 0.516 0.533 0.467 0.475 0.484 0.405 0.437 0.520 0.527 0.503 0.442 0.438 0.539 0.518 0.537 0.516 0.486 0.584 0.589 0.549 01/12/1999
0.572 0.572 0.512 0.452 0.451 0.587 0.597 0.521 0.500 0.464 0.582 0.536 0.558 0.573 0.457 0.487 0.425 0.596 0.609 0.574 0.403 0.429 0.586 0.589 0.610 0.373 0.421 0.560 0.600 0.623 02/12/1999
0.685 0.711 0.648 0.559 0.557 0.712 0.714 0.651 0.591 0.566 0.760 0.723 0.671 0.670 0.579 0.720 0.667 0.684 0.679 0.635 0.719 0.671 0.728 0.688 0.623 0.683 0.659 0.723 0.704 0.607 03/12/1999
0.610 0.614 0.627 0.495 0.533 0.623 0.629 0.632 0.640 0.597 0.616 0.600 0.628 0.624 0.603 0.601 0.562 0.646 0.638 0.675 0.566 0.566 0.611 0.646 0.624 0.536 0.509 0.554 0.592 0.623 04/12/1999
0.940 1.022 0.968 0.819 0.740 1.030 1.047 0.961 0.860 0.781 0.945 0.861 0.961 0.953 0.784 0.909 0.867 0.942 0.934 0.966 0.858 0.872 0.910 0.949 1.063 0.894 0.854 0.935 0.983 1.050 05/12/1999
0.416 0.381 0.327 0.302 0.315 0.390 0.404 0.334 0.347 0.303 0.401 0.341 0.329 0.336 0.310 0.388 0.387 0.398 0.396 0.386 0.361 0.391 0.401 0.401 0.425 0.329 0.380 0.391 0.403 0.432 06/12/1999
0.646 0.612 0.597 0.683 0.654 0.621 0.630 0.609 0.653 0.607 0.654 0.598 0.568 0.573 0.614 0.608 0.588 0.554 0.560 0.575 0.668 0.590 0.633 0.556 0.592 0.571 0.543 0.574 0.598 0.596 07/12/1999
1.148 1.183 1.093 0.952 0.851 1.175 1.166 1.093 0.909 0.846 1.318 1.226 1.089 1.093 0.862 1.196 1.127 1.137 1.125 0.942 1.279 1.130 1.269 1.150 1.001 1.347 1.174 1.306 1.195 0.993 08/12/1999
0.227 0.212 0.133 0.093 0.084 0.213 0.211 0.135 0.078 0.078 0.179 0.173 0.123 0.122 0.081 0.139 0.157 0.119 0.121 0.077 0.117 0.157 0.134 0.124 0.086 0.110 0.148 0.111 0.108 0.088 09/12/1999
0.460 0.465 0.463 0.487 0.460 0.473 0.478 0.475 0.483 0.461 0.445 0.444 0.468 0.468 0.463 0.422 0.429 0.454 0.459 0.450 0.426 0.433 0.452 0.459 0.427 0.420 0.427 0.446 0.428 0.428 10/12/1999
0.133 0.125 0.165 0.217 0.259 0.131 0.141 0.171 0.203 0.233 0.093 0.116 0.191 0.194 0.226 0.096 0.180 0.163 0.166 0.185 0.112 0.186 0.170 0.166 0.157 0.145 0.220 0.207 0.188 0.164 11/12/1999
0.115 0.147 0.123 0.130 0.171 0.146 0.146 0.129 0.144 0.184 0.160 0.140 0.132 0.133 0.179 0.134 0.153 0.137 0.146 0.147 0.186 0.159 0.199 0.138 0.148 0.162 0.139 0.153 0.142 0.152 12/12/1999
0.292 0.328 0.314 0.296 0.305 0.333 0.336 0.316 0.307 0.315 0.312 0.322 0.328 0.335 0.315 0.301 0.274 0.299 0.303 0.302 0.264 0.277 0.296 0.301 0.271 0.235 0.246 0.250 0.273 0.280 13/12/1999
0.157 0.176 0.150 0.081 0.071 0.164 0.162 0.144 0.137 0.079 0.196 0.178 0.200 0.198 0.082 0.245 0.212 0.265 0.247 0.223 0.226 0.218 0.237 0.269 0.286 0.227 0.217 0.221 0.277 0.258 14/12/1999
0.267 0.329 0.328 0.179 0.171 0.338 0.346 0.334 0.165 0.158 0.303 0.342 0.318 0.312 0.162 0.291 0.260 0.305 0.307 0.224 0.269 0.263 0.299 0.307 0.277 0.257 0.259 0.294 0.314 0.277 15/12/1999
0.544 0.610 0.549 0.358 0.265 0.609 0.610 0.547 0.352 0.294 0.608 0.522 0.471 0.482 0.309 0.560 0.386 0.435 0.445 0.375 0.462 0.390 0.458 0.437 0.455 0.425 0.374 0.435 0.441 0.464 16/12/1999
0.458 0.468 0.436 0.417 0.366 0.470 0.475 0.442 0.404 0.375 0.478 0.448 0.436 0.436 0.380 0.459 0.408 0.448 0.453 0.426 0.461 0.412 0.448 0.446 0.457 0.469 0.452 0.472 0.480 0.457 17/12/1999
0.320 0.332 0.319 0.311 0.320 0.335 0.337 0.321 0.303 0.306 0.330 0.324 0.321 0.326 0.308 0.263 0.249 0.316 0.323 0.309 0.281 0.248 0.329 0.319 0.306 0.213 0.213 0.275 0.340 0.313 18/12/1999
0.415 0.354 0.311 0.198 0.256 0.354 0.305 0.303 0.293 0.274 0.368 0.352 0.386 0.368 0.285 0.252 0.428 0.418 0.413 0.334 0.329 0.423 0.471 0.429 0.429 0.331 0.462 0.477 0.497 0.414 19/12/1999
0.392 0.384 0.358 0.277 0.306 0.379 0.386 0.349 0.306 0.285 0.396 0.354 0.355 0.361 0.284 0.385 0.304 0.327 0.329 0.299 0.346 0.305 0.344 0.330 0.292 0.280 0.268 0.296 0.311 0.291 20/12/1999
0.274 0.251 0.203 0.124 0.170 0.257 0.255 0.207 0.180 0.173 0.254 0.238 0.204 0.205 0.178 0.238 0.188 0.211 0.213 0.196 0.224 0.194 0.217 0.213 0.200 0.204 0.181 0.213 0.219 0.205 21/12/1999
0.121 0.143 0.105 0.123 0.116 0.132 0.135 0.107 0.111 0.115 0.174 0.116 0.106 0.107 0.116 0.154 0.118 0.105 0.106 0.108 0.145 0.115 0.124 0.106 0.108 0.135 0.123 0.126 0.110 0.109 22/12/1999
0.172 0.170 0.189 0.192 0.206 0.173 0.173 0.190 0.181 0.179 0.163 0.153 0.176 0.179 0.178 0.154 0.152 0.173 0.175 0.172 0.144 0.151 0.155 0.160 0.132 0.153 0.149 0.153 0.167 0.141 23/12/1999
0.164 0.163 0.144 0.145 0.126 0.166 0.165 0.147 0.165 0.129 0.156 0.146 0.165 0.167 0.128 0.175 0.153 0.171 0.175 0.157 0.155 0.158 0.174 0.170 0.151 0.138 0.151 0.162 0.163 0.158 24/12/1999
0.134 0.154 0.113 0.100 0.116 0.151 0.146 0.113 0.106 0.113 0.172 0.171 0.114 0.116 0.111 0.127 0.145 0.144 0.144 0.117 0.109 0.154 0.169 0.149 0.154 0.163 0.200 0.227 0.213 0.151 25/12/1999
0.115 0.128 0.120 0.134 0.136 0.121 0.116 0.121 0.134 0.145 0.116 0.136 0.120 0.119 0.143 0.120 0.142 0.135 0.136 0.127 0.124 0.143 0.118 0.136 0.125 0.118 0.142 0.122 0.138 0.128 26/12/1999
0.103 0.105 0.107 0.101 0.099 0.106 0.105 0.108 0.098 0.108 0.105 0.110 0.109 0.112 0.107 0.099 0.136 0.111 0.115 0.111 0.158 0.136 0.127 0.111 0.112 0.169 0.146 0.110 0.111 0.118 27/12/1999
0.153 0.167 0.148 0.150 0.158 0.164 0.162 0.149 0.149 0.160 0.175 0.175 0.168 0.168 0.155 0.190 0.189 0.171 0.167 0.187 0.187 0.189 0.190 0.166 0.188 0.173 0.185 0.192 0.190 0.197 28/12/1999
0.051 0.052 0.075 0.087 0.084 0.053 0.053 0.077 0.086 0.085 0.055 0.065 0.084 0.083 0.088 0.056 0.067 0.074 0.073 0.082 0.062 0.070 0.067 0.076 0.086 0.070 0.075 0.075 0.081 0.086 29/12/1999
0.081 0.077 0.086 0.072 0.088 0.076 0.075 0.085 0.085 0.085 0.073 0.081 0.094 0.095 0.085 0.080 0.080 0.088 0.088 0.092 0.081 0.082 0.082 0.089 0.107 0.085 0.080 0.080 0.087 0.111 30/12/1999
0.076 0.079 0.076 0.061 0.069 0.077 0.076 0.075 0.068 0.066 0.085 0.084 0.077 0.076 0.067 0.084 0.077 0.072 0.072 0.069 0.084 0.079 0.080 0.074 0.069 0.083 0.078 0.079 0.074 0.070 31/12/1999
0.084 0.073 0.067 0.067 0.068 0.068 0.068 0.069 0.066 0.071 0.100 0.075 0.091 0.088 0.078 0.088 0.089 0.089 0.090 0.068 0.093 0.091 0.180 0.090 0.076 0.100 0.098 0.193 0.118 0.073 01/01/2000
0.253 0.263 0.272 0.193 0.175 0.273 0.276 0.280 0.191 0.187 0.307 0.309 0.259 0.264 0.185 0.226 0.251 0.287 0.301 0.258 0.246 0.256 0.325 0.288 0.289 0.261 0.251 0.317 0.298 0.302 02/01/2000
0.299 0.299 0.303 0.293 0.308 0.301 0.305 0.309 0.303 0.316 0.301 0.287 0.289 0.292 0.313 0.286 0.276 0.315 0.321 0.325 0.254 0.279 0.316 0.317 0.319 0.213 0.269 0.304 0.312 0.332 03/01/2000
0.123 0.127 0.134 0.166 0.172 0.128 0.127 0.135 0.183 0.182 0.134 0.133 0.155 0.153 0.183 0.129 0.133 0.161 0.159 0.192 0.136 0.135 0.168 0.163 0.158 0.144 0.139 0.175 0.183 0.170 04/01/2000
0.189 0.210 0.203 0.220 0.233 0.219 0.218 0.204 0.187 0.199 0.186 0.194 0.175 0.175 0.200 0.187 0.215 0.156 0.158 0.177 0.191 0.215 0.187 0.157 0.171 0.198 0.223 0.199 0.163 0.176 05/01/2000
0.212 0.190 0.180 0.189 0.213 0.194 0.182 0.179 0.172 0.188 0.189 0.164 0.159 0.160 0.186 0.162 0.173 0.150 0.150 0.164 0.214 0.172 0.201 0.149 0.147 0.233 0.198 0.217 0.188 0.149 06/01/2000
0.306 0.268 0.252 0.238 0.284 0.263 0.258 0.256 0.177 0.206 0.261 0.210 0.219 0.220 0.201 0.148 0.119 0.171 0.169 0.127 0.122 0.121 0.250 0.177 0.152 0.121 0.121 0.228 0.174 0.151 07/01/2000
0.295 0.292 0.431 0.354 0.350 0.291 0.294 0.424 0.417 0.359 0.320 0.383 0.401 0.412 0.357 0.273 0.357 0.401 0.412 0.433 0.318 0.361 0.369 0.399 0.389 0.335 0.361 0.368 0.398 0.407 08/01/2000
0.189 0.205 0.221 0.158 0.176 0.204 0.200 0.222 0.227 0.209 0.167 0.215 0.242 0.243 0.210 0.162 0.197 0.236 0.232 0.249 0.196 0.196 0.223 0.236 0.209 0.200 0.188 0.214 0.194 0.205 09/01/2000
0.289 0.354 0.309 0.135 0.111 0.357 0.357 0.315 0.272 0.268 0.385 0.439 0.281 0.246 0.307 0.397 0.465 0.323 0.306 0.364 0.509 0.459 0.324 0.333 0.425 0.350 0.382 0.375 0.366 0.418 10/01/2000
0.149 0.187 0.199 0.295 0.271 0.190 0.193 0.201 0.343 0.317 0.215 0.248 0.311 0.306 0.323 0.228 0.359 0.356 0.349 0.384 0.354 0.359 0.362 0.354 0.440 0.424 0.439 0.444 0.436 0.434 11/01/2000
0.089 0.086 0.085 0.088 0.083 0.088 0.088 0.087 0.085 0.087 0.088 0.088 0.086 0.086 0.089 0.094 0.093 0.088 0.088 0.088 0.097 0.095 0.088 0.090 0.090 0.102 0.103 0.095 0.091 0.092 12/01/2000
0.434 0.394 0.386 0.243 0.186 0.412 0.420 0.397 0.159 0.146 0.345 0.362 0.217 0.197 0.184 0.308 0.207 0.176 0.155 0.091 0.282 0.209 0.167 0.188 0.069 0.235 0.208 0.195 0.150 0.073 13/01/2000
0.132 0.095 0.101 0.096 0.109 0.097 0.098 0.122 0.102 0.104 0.211 0.266 0.198 0.201 0.104 0.127 0.277 0.287 0.290 0.266 0.241 0.281 0.342 0.289 0.400 0.339 0.375 0.429 0.399 0.379 14/01/2000
0.273 0.264 0.232 0.200 0.254 0.268 0.271 0.235 0.205 0.224 0.263 0.256 0.248 0.243 0.211 0.222 0.259 0.229 0.223 0.206 0.221 0.260 0.266 0.229 0.219 0.206 0.245 0.258 0.227 0.212 15/01/2000
0.398 0.341 0.284 0.152 0.131 0.336 0.336 0.285 0.064 0.094 0.325 0.326 0.238 0.238 0.082 0.298 0.310 0.245 0.246 0.190 0.398 0.311 0.253 0.247 0.258 0.456 0.311 0.264 0.233 0.257 16/01/2000
0.183 0.178 0.177 0.166 0.169 0.178 0.178 0.178 0.165 0.171 0.178 0.173 0.165 0.165 0.171 0.179 0.178 0.166 0.167 0.165 0.181 0.180 0.171 0.168 0.165 0.194 0.185 0.177 0.171 0.166 17/01/2000
0.157 0.155 0.155 0.149 0.145 0.158 0.156 0.157 0.140 0.137 0.168 0.156 0.142 0.142 0.138 0.161 0.155 0.140 0.140 0.137 0.154 0.157 0.142 0.142 0.142 0.154 0.160 0.145 0.144 0.143 18/01/2000
0.303 0.287 0.292 0.098 0.246 0.287 0.267 0.287 0.241 0.212 0.323 0.303 0.330 0.316 0.214 0.194 0.119 0.304 0.302 0.288 0.154 0.121 0.367 0.313 0.267 0.109 0.114 0.313 0.339 0.268 19/01/2000
0.126 0.123 0.126 0.124 0.133 0.124 0.124 0.125 0.129 0.134 0.128 0.122 0.127 0.127 0.135 0.137 0.132 0.123 0.124 0.128 0.133 0.133 0.126 0.125 0.127 0.133 0.135 0.125 0.125 0.129 20/01/2000
0.280 0.276 0.260 0.211 0.241 0.274 0.271 0.259 0.232 0.243 0.250 0.260 0.253 0.253 0.241 0.250 0.254 0.253 0.253 0.247 0.254 0.255 0.255 0.253 0.249 0.245 0.250 0.243 0.247 0.251 21/01/2000
0.288 0.289 0.287 0.209 0.202 0.298 0.291 0.299 0.280 0.228 0.304 0.291 0.343 0.331 0.247 0.261 0.266 0.322 0.314 0.300 0.275 0.268 0.329 0.324 0.321 0.311 0.292 0.357 0.339 0.313 22/01/2000
0.149 0.157 0.148 0.150 0.170 0.158 0.159 0.150 0.163 0.169 0.174 0.166 0.162 0.163 0.169 0.184 0.191 0.178 0.179 0.174 0.193 0.193 0.185 0.179 0.181 0.191 0.201 0.188 0.189 0.184 23/01/2000
0.727 0.690 0.654 0.310 0.354 0.678 0.685 0.645 0.389 0.379 0.542 0.660 0.554 0.581 0.393 0.514 0.596 0.533 0.552 0.507 0.558 0.598 0.545 0.528 0.476 0.591 0.614 0.525 0.465 0.502 24/01/2000
1.105 1.077 1.050 0.984 0.968 1.079 1.087 1.052 0.901 0.904 0.987 1.005 0.947 0.965 0.906 0.851 0.811 0.876 0.890 0.848 0.864 0.810 0.959 0.869 0.859 0.968 0.813 0.968 0.891 0.879 25/01/2000
0.326 0.331 0.330 0.333 0.353 0.332 0.331 0.331 0.382 0.375 0.345 0.353 0.364 0.365 0.376 0.356 0.386 0.382 0.382 0.404 0.405 0.389 0.398 0.386 0.402 0.403 0.389 0.400 0.397 0.405 26/01/2000
0.495 0.481 0.446 0.393 0.378 0.489 0.494 0.452 0.403 0.360 0.482 0.449 0.443 0.444 0.362 0.460 0.394 0.445 0.446 0.415 0.434 0.397 0.439 0.451 0.459 0.434 0.412 0.459 0.472 0.461 27/01/2000
0.505 0.546 0.472 0.341 0.449 0.549 0.556 0.475 0.487 0.508 0.491 0.505 0.495 0.490 0.509 0.561 0.516 0.468 0.474 0.466 0.545 0.520 0.501 0.469 0.443 0.579 0.537 0.533 0.477 0.445 28/01/2000
0.707 0.771 0.703 0.622 0.630 0.767 0.768 0.704 0.671 0.658 0.808 0.804 0.716 0.728 0.650 0.838 0.845 0.783 0.803 0.738 0.853 0.844 0.862 0.786 0.814 0.880 0.882 0.915 0.879 0.818 29/01/2000
0.657 0.653 0.592 0.533 0.640 0.653 0.661 0.591 0.516 0.597 0.628 0.631 0.555 0.556 0.595 0.670 0.623 0.519 0.549 0.567 0.593 0.627 0.514 0.513 0.464 0.532 0.607 0.494 0.483 0.496 30/01/2000
0.507 0.513 0.479 0.471 0.502 0.517 0.524 0.482 0.484 0.479 0.539 0.504 0.507 0.506 0.484 0.535 0.486 0.499 0.496 0.479 0.525 0.488 0.526 0.501 0.503 0.526 0.487 0.537 0.525 0.499 31/01/2000
0.418 0.405 0.418 0.415 0.424 0.411 0.418 0.422 0.415 0.412 0.436 0.437 0.476 0.469 0.415 0.397 0.391 0.454 0.451 0.453 0.363 0.394 0.441 0.455 0.427 0.330 0.351 0.412 0.414 0.406 01/02/2000
0.443 0.454 0.444 0.368 0.346 0.455 0.449 0.442 0.399 0.383 0.487 0.505 0.432 0.429 0.380 0.458 0.454 0.450 0.450 0.447 0.516 0.453 0.467 0.451 0.465 0.498 0.443 0.463 0.465 0.472 02/02/2000
0.464 0.396 0.337 0.182 0.233 0.394 0.378 0.332 0.209 0.250 0.387 0.400 0.366 0.374 0.259 0.280 0.317 0.399 0.410 0.359 0.309 0.316 0.457 0.388 0.439 0.375 0.340 0.468 0.468 0.451 03/02/2000
0.455 0.425 0.355 0.318 0.355 0.421 0.415 0.352 0.404 0.404 0.471 0.454 0.443 0.447 0.411 0.439 0.420 0.479 0.492 0.477 0.456 0.420 0.496 0.474 0.504 0.481 0.438 0.509 0.509 0.529 04/02/2000
0.376 0.362 0.364 0.347 0.336 0.365 0.363 0.366 0.325 0.310 0.359 0.369 0.343 0.346 0.308 0.360 0.374 0.354 0.355 0.339 0.366 0.377 0.367 0.353 0.346 0.365 0.375 0.358 0.368 0.349 05/02/2000
0.383 0.381 0.363 0.320 0.319 0.385 0.384 0.362 0.313 0.308 0.389 0.378 0.366 0.373 0.318 0.409 0.407 0.361 0.367 0.321 0.410 0.409 0.394 0.363 0.320 0.415 0.404 0.384 0.362 0.325 06/02/2000
0.362 0.343 0.343 0.365 0.381 0.340 0.336 0.342 0.358 0.358 0.328 0.332 0.363 0.360 0.362 0.357 0.387 0.355 0.354 0.341 0.372 0.389 0.370 0.359 0.350 0.389 0.396 0.378 0.362 0.350 07/02/2000
0.303 0.294 0.309 0.293 0.321 0.309 0.313 0.317 0.288 0.292 0.322 0.309 0.353 0.352 0.291 0.275 0.325 0.322 0.313 0.290 0.351 0.327 0.367 0.320 0.288 0.325 0.314 0.368 0.318 0.287 08/02/2000
0.289 0.255 0.254 0.261 0.276 0.254 0.253 0.253 0.255 0.256 0.291 0.275 0.253 0.262 0.256 0.291 0.284 0.246 0.246 0.252 0.245 0.288 0.238 0.247 0.241 0.241 0.240 0.233 0.238 0.240 09/02/2000
0.289 0.291 0.283 0.273 0.292 0.293 0.289 0.288 0.280 0.281 0.286 0.280 0.286 0.287 0.280 0.282 0.280 0.279 0.281 0.280 0.274 0.282 0.281 0.280 0.263 0.263 0.267 0.267 0.266 0.266 10/02/2000
0.742 0.736 0.756 0.767 0.749 0.741 0.744 0.765 0.797 0.779 0.760 0.781 0.783 0.783 0.786 0.724 0.708 0.751 0.749 0.792 0.702 0.709 0.742 0.755 0.718 0.640 0.640 0.645 0.647 0.722 11/02/2000
0.958 0.972 0.933 0.896 0.875 0.980 0.974 0.942 0.945 0.918 0.979 0.973 0.950 0.949 0.917 0.974 0.962 0.937 0.932 0.911 0.988 0.963 0.957 0.942 0.920 1.035 1.015 0.993 0.952 0.924 12/02/2000
0.602 0.626 0.571 0.527 0.466 0.623 0.619 0.574 0.560 0.539 0.630 0.632 0.595 0.599 0.557 0.634 0.646 0.615 0.628 0.571 0.642 0.643 0.621 0.618 0.583 0.658 0.657 0.616 0.585 0.597 13/02/2000
0.654 0.656 0.659 0.638 0.684 0.651 0.650 0.661 0.674 0.703 0.665 0.664 0.714 0.700 0.698 0.602 0.654 0.753 0.749 0.733 0.629 0.654 0.739 0.760 0.746 0.572 0.639 0.735 0.757 0.739 14/02/2000
0.494 0.534 0.444 0.433 0.518 0.534 0.521 0.436 0.498 0.518 0.599 0.518 0.524 0.525 0.515 0.563 0.493 0.512 0.516 0.538 0.578 0.495 0.540 0.510 0.454 0.550 0.499 0.542 0.459 0.472 15/02/2000
0.504 0.482 0.386 0.385 0.510 0.487 0.486 0.386 0.492 0.522 0.503 0.479 0.495 0.485 0.531 0.480 0.489 0.514 0.507 0.526 0.475 0.489 0.557 0.518 0.558 0.477 0.475 0.549 0.535 0.552 16/02/2000
0.749 0.732 0.721 0.723 0.756 0.730 0.726 0.723 0.764 0.792 0.758 0.762 0.748 0.744 0.797 0.740 0.724 0.757 0.757 0.781 0.744 0.727 0.767 0.759 0.778 0.740 0.708 0.753 0.754 0.777 17/02/2000
0.707 0.710 0.697 0.743 0.818 0.712 0.709 0.697 0.797 0.856 0.687 0.777 0.860 0.859 0.864 0.679 0.813 0.933 0.928 0.882 0.786 0.817 0.951 0.941 0.923 0.845 0.821 0.973 0.945 0.921 18/02/2000
0.479 0.445 0.400 0.382 0.437 0.444 0.465 0.406 0.402 0.412 0.463 0.475 0.411 0.419 0.395 0.411 0.438 0.422 0.417 0.412 0.388 0.437 0.397 0.415 0.399 0.385 0.455 0.395 0.408 0.414 19/02/2000
0.888 0.826 0.868 0.817 0.857 0.843 0.839 0.869 0.851 0.823 0.766 0.799 0.807 0.800 0.815 0.758 0.784 0.770 0.766 0.790 0.718 0.781 0.756 0.769 0.710 0.662 0.726 0.692 0.711 0.707 20/02/2000
0.980 0.974 0.968 0.988 1.022 0.972 0.972 0.966 1.096 1.055 0.994 0.998 1.030 1.023 1.059 1.022 0.973 1.033 1.027 1.070 1.020 0.977 1.033 1.038 1.055 0.988 0.935 0.998 1.026 1.040 21/02/2000
0.574 0.586 0.592 0.508 0.554 0.586 0.582 0.592 0.700 0.661 0.645 0.663 0.650 0.658 0.668 0.677 0.738 0.717 0.728 0.749 0.747 0.743 0.730 0.714 0.798 0.781 0.749 0.731 0.731 0.802 22/02/2000
0.854 0.857 0.824 0.832 0.832 0.859 0.857 0.823 0.895 0.884 0.903 0.903 0.871 0.880 0.890 0.939 0.931 0.913 0.930 0.930 0.957 0.931 0.920 0.908 0.947 0.973 0.940 0.912 0.927 0.959 23/02/2000
0.815 0.785 0.766 0.693 0.690 0.793 0.796 0.765 0.706 0.684 0.781 0.774 0.727 0.720 0.695 0.758 0.754 0.743 0.745 0.707 0.774 0.760 0.773 0.749 0.723 0.813 0.804 0.802 0.774 0.732 24/02/2000
0.506 0.449 0.491 0.365 0.457 0.457 0.459 0.492 0.422 0.442 0.391 0.433 0.490 0.484 0.439 0.361 0.420 0.499 0.488 0.497 0.362 0.425 0.457 0.500 0.521 0.416 0.474 0.510 0.528 0.526 25/02/2000
1.153 1.085 0.931 0.647 0.699 1.069 1.043 0.925 0.753 0.717 0.912 0.873 0.926 0.929 0.724 0.991 0.893 0.896 0.888 0.845 0.960 0.894 0.904 0.896 0.939 0.904 0.892 0.883 0.872 0.963 26/02/2000
1.060 1.069 0.964 0.798 0.861 1.071 1.059 0.960 0.767 0.811 0.991 0.963 0.908 0.903 0.809 0.900 0.901 0.858 0.865 0.807 0.871 0.906 0.909 0.855 0.856 0.778 0.848 0.869 0.865 0.868 27/02/2000
0.780 0.773 0.753 0.618 0.757 0.778 0.784 0.759 0.799 0.774 0.811 0.801 0.885 0.871 0.781 0.861 0.871 0.879 0.871 0.849 0.845 0.869 0.919 0.884 0.904 0.826 0.850 0.907 0.884 0.900 28/02/2000
0.811 0.811 0.771 0.759 0.920 0.824 0.830 0.780 0.901 0.959 0.868 0.835 0.886 0.887 0.963 0.832 0.848 0.888 0.892 0.922 0.837 0.852 0.928 0.890 0.942 0.802 0.839 0.918 0.915 0.949 29/02/2000
0.757 0.746 0.707 0.661 0.661 0.722 0.700 0.699 0.648 0.621 0.676 0.700 0.716 0.694 0.634 0.699 0.733 0.654 0.633 0.655 0.704 0.730 0.682 0.663 0.703 0.706 0.729 0.696 0.544 0.674 01/03/2000
0.881 0.893 0.868 0.754 0.745 0.885 0.872 0.865 0.830 0.826 0.824 0.905 0.896 0.892 0.831 0.834 0.923 0.885 0.883 0.876 0.871 0.921 0.897 0.889 0.842 0.842 0.947 0.919 0.891 0.834 02/03/2000
1.204 1.231 1.255 1.280 1.262 1.215 1.207 1.248 1.318 1.309 1.190 1.207 1.272 1.265 1.314 1.215 1.222 1.272 1.259 1.378 1.230 1.223 1.217 1.282 1.388 1.242 1.266 1.254 1.300 1.378 03/03/2000
1.189 1.202 1.234 1.229 1.210 1.183 1.185 1.231 1.309 1.338 1.154 1.198 1.274 1.254 1.343 1.207 1.208 1.271 1.263 1.413 1.227 1.212 1.221 1.279 1.433 1.216 1.256 1.244 1.340 1.417 04/03/2000
1.106 1.147 1.139 1.080 1.070 1.119 1.114 1.123 1.178 1.131 1.072 1.113 1.183 1.174 1.144 1.118 1.156 1.209 1.194 1.231 1.127 1.155 1.136 1.219 1.230 1.098 1.127 1.125 1.209 1.208 05/03/2000
0.849 0.866 0.887 0.845 0.813 0.849 0.841 0.873 0.908 0.861 0.815 0.881 0.869 0.863 0.884 0.829 0.896 0.893 0.885 0.913 0.856 0.896 0.844 0.897 0.925 0.910 0.938 0.908 0.927 0.910 06/03/2000
1.371 1.334 1.306 1.265 1.242 1.319 1.304 1.303 1.242 1.193 1.306 1.305 1.301 1.281 1.203 1.292 1.294 1.285 1.283 1.236 1.306 1.292 1.304 1.289 1.251 1.346 1.290 1.307 1.285 1.239 07/03/2000
1.616 1.590 1.535 1.543 1.535 1.571 1.568 1.537 1.480 1.471 1.523 1.507 1.495 1.484 1.477 1.657 1.574 1.433 1.429 1.430 1.619 1.570 1.428 1.440 1.415 1.665 1.617 1.438 1.407 1.422 08/03/2000
0.707 0.719 0.721 0.682 0.686 0.709 0.700 0.718 0.732 0.704 0.732 0.722 0.760 0.748 0.714 0.710 0.794 0.755 0.743 0.735 0.755 0.795 0.777 0.760 0.755 0.769 0.805 0.800 0.781 0.743 09/03/2000
1.095 1.132 1.099 0.733 0.786 1.123 1.109 1.092 0.862 0.818 1.061 1.075 1.153 1.148 0.832 1.029 1.066 1.100 1.085 1.189 1.023 1.068 1.043 1.112 1.236 1.118 1.148 1.162 1.175 1.215 10/03/2000
2.295 2.334 2.181 1.982 1.942 2.332 2.318 2.179 2.118 1.918 2.265 2.219 2.265 2.259 1.914 2.275 2.179 2.183 2.186 2.151 2.261 2.186 2.259 2.188 2.237 2.408 2.285 2.352 2.245 2.231 11/03/2000
1.260 1.297 1.236 1.137 1.169 1.294 1.288 1.240 1.302 1.235 1.266 1.305 1.422 1.394 1.247 1.270 1.411 1.419 1.392 1.338 1.335 1.402 1.447 1.430 1.421 1.507 1.492 1.531 1.468 1.387 12/03/2000
1.088 1.013 0.923 0.542 0.601 0.966 0.952 0.883 0.524 0.603 1.095 0.963 0.843 0.874 0.576 1.078 0.916 0.870 0.890 0.752 0.972 0.900 0.957 0.850 0.867 0.937 0.913 0.951 0.918 0.898 13/03/2000
1.271 1.281 1.178 0.911 0.987 1.261 1.248 1.156 1.093 1.061 1.257 1.292 1.177 1.176 1.092 1.185 1.195 1.236 1.214 1.130 1.258 1.193 1.252 1.240 1.134 1.197 1.121 1.170 1.167 1.123 14/03/2000
1.103 1.094 1.090 0.969 0.995 1.079 1.077 1.089 1.028 1.006 1.086 1.089 1.085 1.070 1.018 1.073 1.092 1.091 1.074 1.061 1.104 1.094 1.078 1.099 1.090 1.115 1.097 1.090 1.102 1.074 15/03/2000
1.640 1.575 1.520 1.455 1.411 1.550 1.537 1.508 1.497 1.444 1.575 1.559 1.574 1.553 1.458 1.521 1.569 1.579 1.557 1.535 1.544 1.566 1.599 1.585 1.588 1.536 1.561 1.594 1.572 1.563 16/03/2000
1.336 1.331 1.332 1.352 1.372 1.334 1.321 1.331 1.425 1.431 1.351 1.364 1.379 1.368 1.442 1.357 1.413 1.419 1.404 1.466 1.411 1.413 1.414 1.421 1.456 1.406 1.428 1.437 1.437 1.449 17/03/2000
1.827 1.819 1.807 1.772 1.751 1.831 1.830 1.804 1.748 1.696 1.774 1.777 1.791 1.780 1.708 1.788 1.729 1.769 1.751 1.718 1.789 1.731 1.740 1.777 1.729 1.838 1.803 1.821 1.779 1.721 18/03/2000
1.905 1.890 1.889 1.888 1.930 1.885 1.881 1.886 2.024 1.987 1.918 1.887 1.992 1.984 1.994 1.925 1.946 2.045 2.033 2.050 1.962 1.947 1.993 2.051 2.032 1.991 1.976 2.045 2.042 2.015 19/03/2000
2.884 2.819 2.943 2.966 3.023 2.814 2.801 2.915 2.927 2.879 2.531 2.724 2.905 2.899 2.890 2.523 2.576 2.809 2.803 2.800 2.516 2.577 2.694 2.820 2.804 2.532 2.559 2.710 2.769 2.787 20/03/2000
1.336 1.308 1.273 1.055 1.214 1.296 1.288 1.272 1.215 1.153 1.289 1.286 1.399 1.389 1.178 1.307 1.353 1.392 1.388 1.333 1.308 1.354 1.392 1.401 1.352 1.337 1.343 1.384 1.417 1.340 21/03/2000
1.604 1.523 1.432 1.243 1.272 1.504 1.480 1.425 1.283 1.258 1.441 1.429 1.389 1.379 1.271 1.448 1.377 1.352 1.340 1.316 1.426 1.368 1.346 1.355 1.307 1.459 1.405 1.369 1.354 1.288 22/03/2000
2.307 2.306 2.324 2.382 2.391 2.282 2.277 2.309 2.392 2.320 2.171 2.217 2.349 2.331 2.338 2.200 2.221 2.261 2.237 2.289 2.212 2.218 2.210 2.267 2.261 2.355 2.231 2.221 2.190 2.246 23/03/2000
1.822 1.756 1.831 1.560 1.601 1.749 1.737 1.816 1.610 1.568 1.716 1.727 1.777 1.758 1.585 1.724 1.694 1.656 1.638 1.648 1.698 1.690 1.684 1.668 1.615 1.675 1.693 1.705 1.657 1.592 24/03/2000
1.694 1.663 1.728 1.496 1.532 1.636 1.618 1.709 1.541 1.476 1.576 1.647 1.703 1.682 1.487 1.576 1.645 1.604 1.594 1.556 1.519 1.643 1.628 1.619 1.563 1.515 1.585 1.590 1.599 1.525 25/03/2000
1.356 1.311 1.334 1.220 1.161 1.286 1.279 1.327 1.253 1.205 1.310 1.281 1.294 1.275 1.222 1.337 1.324 1.293 1.263 1.290 1.315 1.321 1.263 1.303 1.303 1.373 1.342 1.299 1.283 1.268 26/03/2000
1.604 1.601 1.626 1.477 1.469 1.585 1.580 1.619 1.512 1.472 1.569 1.586 1.663 1.652 1.481 1.587 1.639 1.617 1.612 1.590 1.597 1.633 1.609 1.628 1.615 1.605 1.645 1.645 1.622 1.602 27/03/2000
2.258 2.202 2.312 2.277 2.303 2.187 2.191 2.300 2.310 2.312 2.124 2.150 2.282 2.283 2.319 2.099 2.165 2.181 2.175 2.257 2.067 2.166 2.164 2.187 2.213 2.078 2.146 2.168 2.145 2.202 28/03/2000
3.194 3.180 3.240 3.420 3.332 3.205 3.180 3.240 3.286 3.199 2.977 3.121 3.163 3.145 3.232 2.965 2.998 3.036 3.023 3.081 2.803 2.993 3.024 3.044 3.060 2.897 2.932 2.999 3.017 3.022 29/03/2000
2.033 1.902 1.993 1.648 1.864 1.846 1.806 1.959 1.853 1.724 1.696 1.786 2.176 2.157 1.755 1.830 2.094 2.085 2.055 1.939 1.896 2.089 2.136 2.105 2.016 1.991 2.182 2.260 2.150 1.985 30/03/2000
2.214 2.179 2.226 2.207 2.241 2.146 2.127 2.218 2.075 1.980 2.034 2.040 2.248 2.221 2.007 2.052 1.973 2.014 2.009 1.932 1.990 1.973 1.967 2.017 1.797 1.961 1.945 1.963 1.907 1.777 31/03/2000
2.118 2.123 2.147 1.963 2.048 2.120 2.109 2.141 2.130 2.055 2.124 2.147 2.264 2.236 2.071 2.154 2.187 2.279 2.246 2.297 2.105 2.191 2.216 2.286 2.264 2.043 2.127 2.163 2.201 2.223 01/04/2000
2.179 2.181 2.121 2.020 1.934 2.175 2.165 2.120 2.136 2.040 1.984 2.055 2.101 2.097 2.043 2.072 2.092 2.030 2.032 2.127 2.114 2.096 1.935 2.034 2.029 2.112 2.058 1.896 1.974 2.035 02/04/2000
2.220 2.253 2.173 2.078 2.089 2.232 2.223 2.166 2.243 2.205 2.215 2.226 2.383 2.369 2.225 2.195 2.233 2.308 2.287 2.314 2.190 2.231 2.293 2.317 2.242 2.211 2.243 2.311 2.305 2.223 03/04/2000
3.575 3.385 3.752 4.050 3.909 3.372 3.385 3.731 3.844 3.768 3.158 3.311 3.558 3.516 3.819 2.980 3.030 3.336 3.315 3.568 2.988 3.028 3.167 3.364 3.499 2.936 2.988 3.165 3.258 3.445 04/04/2000
4.061 3.978 4.218 4.570 4.546 3.947 3.939 4.180 4.459 4.384 3.688 3.793 4.140 4.125 4.421 3.811 3.797 3.959 3.925 4.155 3.669 3.783 3.796 3.974 4.057 3.682 3.748 3.812 3.897 4.005 05/04/2000
2.785 2.733 2.833 2.743 2.747 2.709 2.693 2.836 2.591 2.507 2.336 2.508 2.665 2.648 2.539 2.377 2.409 2.489 2.463 2.495 2.305 2.404 2.397 2.505 2.547 2.363 2.399 2.420 2.475 2.504 06/04/2000
2.198 2.157 2.183 2.148 2.105 2.155 2.133 2.184 2.190 2.089 2.133 2.140 2.195 2.177 2.112 2.125 2.109 2.138 2.115 2.164 2.151 2.107 2.121 2.151 2.139 2.167 2.147 2.172 2.184 2.122 07/04/2000
2.707 2.697 2.855 2.751 2.770 2.694 2.684 2.844 2.759 2.724 2.650 2.663 2.764 2.756 2.743 2.649 2.687 2.827 2.804 2.899 2.687 2.683 2.704 2.841 2.929 2.754 2.772 2.817 2.891 2.921 08/04/2000
3.319 3.442 3.530 3.959 3.862 3.426 3.409 3.513 3.750 3.677 3.188 3.308 3.552 3.526 3.707 2.995 3.000 3.446 3.419 3.492 2.903 2.999 3.299 3.460 3.504 3.004 3.060 3.346 3.504 3.475 09/04/2000
2.366 2.386 2.361 2.482 2.438 2.351 2.331 2.342 2.477 2.385 2.438 2.464 2.465 2.450 2.412 2.429 2.491 2.471 2.451 2.373 2.534 2.481 2.504 2.477 2.442 2.668 2.594 2.610 2.531 2.408 10/04/2000
2.225 2.357 2.349 2.234 2.237 2.325 2.295 2.330 2.266 2.259 2.400 2.369 2.371 2.350 2.282 2.448 2.500 2.393 2.372 2.326 2.482 2.496 2.383 2.401 2.445 2.551 2.561 2.465 2.477 2.415 11/04/2000
2.953 2.846 3.023 3.188 2.937 2.851 2.840 3.025 3.015 2.893 2.806 2.838 2.811 2.729 2.967 2.624 2.739 2.780 2.679 2.723 2.680 2.729 2.765 2.816 2.839 2.593 2.674 2.819 2.855 2.706 12/04/2000
2.478 2.441 2.473 2.385 2.432 2.419 2.400 2.466 2.567 2.504 2.430 2.444 2.549 2.555 2.509 2.464 2.540 2.519 2.523 2.548 2.421 2.543 2.550 2.522 2.513 2.423 2.494 2.487 2.494 2.511 13/04/2000
1.736 1.762 1.752 1.679 1.752 1.750 1.732 1.741 1.908 1.808 1.775 1.785 1.897 1.878 1.817 1.805 1.799 1.860 1.838 1.870 1.809 1.794 1.823 1.881 1.858 1.793 1.766 1.832 1.923 1.838 14/04/2000
2.451 2.611 2.379 2.269 2.322 2.586 2.573 2.369 2.394 2.362 2.602 2.510 2.467 2.441 2.384 2.631 2.587 2.567 2.547 2.373 2.661 2.582 2.623 2.579 2.570 2.698 2.645 2.708 2.689 2.542 15/04/2000
2.072 2.069 2.076 1.905 1.969 2.051 2.048 2.067 1.957 1.843 1.951 2.015 2.025 2.018 1.864 1.962 2.016 1.951 1.952 1.946 1.918 2.013 1.908 1.959 1.831 1.810 1.856 1.775 1.849 1.839 16/04/2000
2.368 2.394 2.341 2.422 2.453 2.371 2.359 2.332 2.472 2.412 2.328 2.325 2.379 2.366 2.431 2.355 2.533 2.343 2.322 2.416 2.351 2.535 2.518 2.360 2.383 2.359 2.372 2.371 2.394 2.346 17/04/2000
1.621 1.570 1.559 1.544 1.621 1.540 1.521 1.552 1.660 1.648 1.525 1.522 1.593 1.575 1.680 1.558 1.538 1.544 1.520 1.609 1.599 1.539 1.540 1.560 1.619 1.650 1.588 1.612 1.608 1.599 18/04/2000
2.762 2.737 2.775 2.739 2.651 2.725 2.711 2.766 2.871 2.738 2.722 2.751 2.821 2.786 2.753 2.726 2.838 2.812 2.763 2.878 2.792 2.836 2.798 2.829 2.876 2.650 2.773 2.773 2.796 2.808 19/04/2000
3.314 3.387 3.515 3.442 3.473 3.397 3.397 3.525 3.530 3.443 3.278 3.327 3.524 3.516 3.462 3.278 3.257 3.339 3.311 3.331 3.231 3.253 3.337 3.344 3.316 3.138 3.191 3.250 3.271 3.293 20/04/2000
3.662 3.615 3.765 3.982 3.933 3.593 3.574 3.753 4.067 3.944 3.692 3.668 3.908 3.893 3.966 3.705 3.870 3.861 3.835 3.911 3.818 3.874 3.910 3.878 3.938 3.872 3.870 3.928 3.903 3.914 21/04/2000
4.227 4.090 4.238 4.343 4.312 4.073 4.053 4.235 4.411 4.329 4.213 4.091 4.182 4.169 4.356 4.187 4.128 4.116 4.098 4.158 4.140 4.133 4.161 4.127 4.149 4.014 4.089 4.208 4.190 4.113 22/04/2000
3.463 3.458 3.679 3.617 3.575 3.470 3.466 3.671 3.697 3.591 3.660 3.853 3.917 3.904 3.605 3.651 3.670 3.805 3.791 3.771 3.693 3.665 3.724 3.816 3.710 3.679 3.642 3.758 3.751 3.670 23/04/2000
2.778 2.786 2.787 2.849 2.791 2.780 2.768 2.785 2.795 2.707 2.722 2.769 2.809 2.791 2.729 2.751 2.836 2.771 2.749 2.802 2.710 2.830 2.786 2.781 2.757 2.648 2.763 2.745 2.752 2.729 24/04/2000
3.279 3.246 3.216 3.214 3.240 3.242 3.231 3.215 3.442 3.395 3.316 3.257 3.277 3.266 3.413 3.251 3.261 3.299 3.307 3.383 3.265 3.257 3.307 3.308 3.358 3.151 3.248 3.316 3.332 3.357 25/04/2000
2.358 2.420 2.491 2.508 2.640 2.405 2.393 2.481 2.804 2.757 2.378 2.459 2.684 2.666 2.776 2.434 2.625 2.724 2.699 2.749 2.541 2.620 2.632 2.733 2.707 2.559 2.651 2.690 2.736 2.675 26/04/2000
2.843 2.824 2.905 2.917 2.936 2.790 2.760 2.892 3.190 3.110 2.872 2.921 3.032 3.006 3.131 2.886 3.066 3.092 3.071 3.120 3.049 3.066 3.054 3.099 3.068 3.025 3.093 3.108 3.082 3.038 27/04/2000
3.460 3.203 3.050 3.025 3.091 3.180 3.159 3.038 3.109 3.062 3.108 3.067 3.125 3.111 3.075 3.131 3.071 3.156 3.140 3.019 3.240 3.068 3.155 3.169 3.037 3.019 2.991 3.087 3.135 3.008 28/04/2000
2.572 2.590 2.502 2.312 2.361 2.571 2.554 2.488 2.415 2.365 2.699 2.571 2.617 2.580 2.388 2.721 2.607 2.632 2.601 2.547 2.584 2.606 2.643 2.642 2.595 2.492 2.577 2.645 2.669 2.550 29/04/2000
2.607 2.538 2.510 2.307 2.392 2.503 2.475 2.484 2.552 2.488 2.560 2.555 2.743 2.712 2.521 2.696 2.726 2.728 2.709 2.509 2.701 2.722 2.741 2.745 2.642 2.715 2.744 2.802 2.813 2.598 30/04/2000
2.324 2.409 2.242 1.925 1.955 2.367 2.338 2.228 2.023 1.909 2.330 2.372 2.335 2.333 1.914 2.357 2.359 2.301 2.293 2.266 2.366 2.359 2.352 2.307 2.300 2.378 2.314 2.318 2.285 2.276 01/05/2000
2.407 2.396 2.338 2.113 2.185 2.361 2.340 2.322 2.255 2.191 2.385 2.384 2.415 2.394 2.206 2.407 2.411 2.379 2.368 2.305 2.374 2.412 2.424 2.392 2.353 2.334 2.368 2.395 2.425 2.320 02/05/2000
2.727 2.769 2.756 2.834 2.762 2.748 2.731 2.739 2.971 2.811 2.769 2.803 2.958 2.924 2.846 2.724 3.232 2.975 2.939 3.072 2.786 3.234 3.003 2.990 3.002 2.801 3.245 3.073 3.051 2.960 03/05/2000
3.713 3.704 3.689 3.534 3.757 3.704 3.688 3.690 3.812 3.696 3.580 3.645 3.760 3.749 3.711 3.565 3.600 3.721 3.711 3.689 3.569 3.600 3.727 3.726 3.672 3.602 3.568 3.711 3.670 3.676 04/05/2000
2.343 2.033 2.031 1.799 1.942 2.019 1.983 2.014 2.188 2.124 2.069 2.040 2.223 2.200 2.156 2.108 2.161 2.130 2.090 2.163 2.110 2.154 2.188 2.146 2.106 2.216 2.211 2.262 2.109 2.050 05/05/2000
2.519 2.469 2.431 2.216 2.279 2.454 2.449 2.413 2.274 2.204 2.313 2.417 2.437 2.410 2.244 2.352 2.482 2.388 2.347 2.302 2.430 2.470 2.515 2.408 2.281 2.443 2.356 2.430 2.400 2.226 06/05/2000
2.420 2.332 2.388 2.253 2.393 2.316 2.301 2.376 2.496 2.452 2.402 2.402 2.459 2.449 2.485 2.428 2.602 2.527 2.511 2.417 2.522 2.588 2.618 2.532 2.413 2.539 2.582 2.627 2.497 2.384 07/05/2000
2.417 2.489 2.395 2.384 2.429 2.463 2.463 2.385 2.580 2.488 2.500 2.497 2.471 2.443 2.512 2.560 2.540 2.490 2.452 2.347 2.493 2.526 2.529 2.508 2.321 2.521 2.469 2.475 2.408 2.297 08/05/2000
2.688 2.617 2.677 2.595 2.551 2.590 2.574 2.660 2.681 2.586 2.470 2.517 2.591 2.563 2.626 2.492 2.557 2.493 2.467 2.579 2.448 2.551 2.479 2.501 2.572 2.535 2.503 2.435 2.489 2.527 09/05/2000
2.825 2.683 2.706 2.617 2.652 2.669 2.643 2.690 2.533 2.430 2.517 2.524 2.587 2.563 2.463 2.540 2.481 2.489 2.458 2.472 2.408 2.476 2.490 2.501 2.323 2.310 2.302 2.325 2.334 2.284 10/05/2000
2.176 2.215 2.158 1.948 2.050 2.195 2.190 2.150 2.078 2.034 2.184 2.141 2.096 2.080 2.043 2.227 2.105 2.044 2.031 2.036 2.172 2.098 2.132 2.062 1.960 2.077 1.994 2.052 2.008 1.949 11/05/2000
2.061 1.880 1.874 2.167 2.150 1.817 1.760 1.830 2.184 2.178 2.017 2.034 2.350 2.338 2.193 2.272 2.313 2.278 2.257 2.140 2.266 2.309 2.306 2.287 2.105 2.257 2.247 2.216 2.197 2.086 12/05/2000
2.963 2.894 2.990 3.225 3.231 2.887 2.868 2.978 3.328 3.280 2.874 2.872 3.050 3.037 3.290 2.908 2.979 3.041 3.025 3.117 2.870 2.971 3.010 3.049 3.025 2.819 2.938 2.995 3.056 2.994 13/05/2000
3.023 2.989 3.065 3.273 3.286 2.962 2.939 3.050 3.477 3.396 2.904 2.976 3.102 3.069 3.428 2.976 3.092 3.088 3.055 3.213 3.014 3.083 3.079 3.100 3.209 2.942 3.088 3.088 3.155 3.166 14/05/2000
2.163 1.938 2.273 2.333 1.986 1.895 1.860 2.253 1.996 1.965 1.787 1.944 1.963 1.948 1.976 1.627 1.812 1.827 1.804 1.867 1.752 1.809 1.780 1.838 1.849 1.898 1.823 1.820 1.752 1.831 15/05/2000
2.046 2.318 2.318 2.072 2.137 2.269 2.231 2.284 2.169 2.118 1.749 1.850 2.362 2.330 2.127 1.723 2.189 2.314 2.268 2.339 1.992 2.163 2.247 2.333 2.304 2.166 2.243 2.341 2.314 2.253 16/05/2000
2.083 1.900 1.905 1.688 1.834 1.855 1.833 1.895 1.790 1.714 1.752 1.707 1.790 1.773 1.746 1.787 1.660 1.693 1.671 1.608 1.749 1.652 1.643 1.703 1.519 1.734 1.568 1.538 1.496 1.493 17/05/2000
3.123 3.060 3.033 3.040 3.080 3.023 3.012 3.013 3.240 3.146 3.053 3.028 3.027 2.993 3.188 3.099 3.079 2.961 2.930 3.004 3.042 3.064 3.044 2.979 3.048 2.937 3.021 3.046 2.967 2.994 18/05/2000
3.623 3.592 3.667 3.772 3.736 3.556 3.545 3.655 4.007 3.866 3.576 3.637 3.807 3.794 3.892 3.616 3.742 3.729 3.709 3.726 3.653 3.739 3.770 3.738 3.735 3.592 3.718 3.744 3.716 3.712 19/05/2000
2.989 2.939 3.050 3.074 3.524 2.973 2.977 3.067 3.688 3.672 3.017 2.993 3.416 3.412 3.685 3.070 3.076 3.368 3.379 3.478 3.047 3.077 3.391 3.374 3.457 2.868 3.011 3.320 3.342 3.476 20/05/2000
3.639 3.610 3.686 3.678 3.690 3.573 3.551 3.659 3.999 3.900 3.576 3.685 3.734 3.710 3.927 3.620 3.778 3.686 3.667 3.732 3.697 3.773 3.699 3.704 3.771 3.644 3.763 3.711 3.694 3.733 21/05/2000
4.300 4.267 4.515 4.637 4.627 4.247 4.228 4.508 4.988 4.906 4.330 4.359 4.668 4.652 4.934 4.388 4.568 4.638 4.630 4.715 4.470 4.564 4.571 4.652 4.715 4.353 4.541 4.560 4.635 4.687 22/05/2000
4.838 4.763 5.002 5.066 5.009 4.768 4.746 5.006 5.368 5.208 4.823 4.810 4.930 4.912 5.245 4.867 4.925 4.917 4.896 5.008 4.880 4.919 4.927 4.926 4.967 4.801 4.980 4.974 4.960 4.939 23/05/2000
4.311 4.189 3.972 3.959 3.935 4.190 4.172 3.954 3.795 3.784 4.131 4.005 3.925 3.907 3.806 4.142 4.045 4.082 4.055 3.966 4.197 4.037 4.080 4.096 4.106 4.212 4.103 4.167 4.176 4.066 24/05/2000
3.700 3.634 3.601 3.599 3.720 3.618 3.606 3.582 3.822 3.727 3.564 3.590 3.636 3.624 3.737 3.625 3.769 3.751 3.731 3.738 3.655 3.774 3.793 3.757 3.703 3.644 3.810 3.859 3.799 3.676 25/05/2000
3.730 3.669 3.612 3.564 3.641 3.647 3.666 3.610 3.781 3.694 3.647 3.675 3.677 3.666 3.717 3.678 3.738 3.732 3.716 3.674 3.667 3.733 3.832 3.739 3.692 3.580 3.654 3.736 3.754 3.678 26/05/2000
3.874 3.963 4.055 3.824 3.848 3.937 3.899 4.053 3.911 3.774 3.970 3.997 4.299 4.308 3.802 4.069 4.203 3.989 3.949 4.144 4.093 4.195 4.092 3.994 4.083 4.180 4.167 4.094 4.137 4.101 27/05/2000
3.912 3.864 3.864 3.736 3.848 3.841 3.806 3.846 3.888 3.806 3.860 3.854 3.780 3.746 3.825 3.861 3.877 3.768 3.723 3.764 3.883 3.880 3.792 3.780 3.824 3.974 3.970 3.915 3.854 3.801 28/05/2000
2.458 2.348 2.319 2.311 2.399 2.312 2.298 2.300 2.449 2.355 2.354 2.369 2.415 2.398 2.377 2.446 2.467 2.351 2.320 2.272 2.384 2.466 2.454 2.361 2.312 2.476 2.506 2.570 2.446 2.280 29/05/2000
5.611 5.483 5.325 5.066 4.964 5.472 5.504 5.322 5.404 5.134 5.504 5.303 5.373 5.347 5.161 5.345 5.419 5.512 5.486 5.654 5.277 5.406 5.484 5.527 5.770 5.312 5.331 5.442 5.935 5.736 30/05/2000
6.226 6.390 6.500 6.221 5.744 6.372 6.346 6.491 6.091 5.641 6.102 6.215 6.090 6.082 5.677 5.960 5.686 5.859 5.847 5.747 5.917 5.681 5.882 5.862 5.940 5.987 5.623 5.815 5.829 5.928 31/05/2000
4.498 4.508 4.460 4.444 4.385 4.477 4.466 4.442 4.572 4.381 4.529 4.511 4.509 4.480 4.420 4.552 4.623 4.556 4.518 4.442 4.638 4.610 4.620 4.571 4.570 4.687 4.662 4.692 4.632 4.520 01/06/2000
4.336 4.265 4.327 4.330 4.362 4.243 4.228 4.321 4.522 4.369 4.348 4.320 4.275 4.243 4.415 4.289 4.268 4.143 4.106 4.115 4.356 4.262 4.287 4.160 4.105 4.337 4.263 4.310 4.182 4.050 02/06/2000
3.787 3.701 3.821 3.835 3.897 3.667 3.641 3.795 3.980 3.880 3.708 3.769 3.896 3.864 3.902 3.781 3.861 3.879 3.852 3.803 3.950 3.856 3.879 3.894 3.984 4.044 3.972 4.025 4.036 3.931 03/06/2000
4.707 4.690 4.616 4.684 4.675 4.648 4.615 4.595 4.716 4.579 4.722 4.701 4.696 4.670 4.614 4.749 4.752 4.719 4.686 4.658 4.733 4.743 4.818 4.734 4.811 4.771 4.753 4.873 4.837 4.752 04/06/2000
3.057 2.949 3.028 3.020 3.059 2.915 2.898 3.007 3.127 3.017 2.957 3.009 2.908 2.847 3.052 2.948 3.103 2.916 2.875 2.820 3.086 3.095 3.008 2.944 3.010 3.249 3.228 3.183 3.083 2.954 05/06/2000
3.587 4.265 3.458 3.275 3.322 4.241 4.226 3.442 3.464 3.385 3.599 3.476 3.469 3.439 3.409 3.622 3.574 3.394 3.369 3.392 3.551 3.571 3.520 3.401 3.458 3.569 3.586 3.566 3.529 3.413 06/06/2000
2.666 2.589 2.709 2.331 2.380 2.559 2.523 2.688 2.439 2.342 2.612 2.633 2.737 2.714 2.370 2.643 2.730 2.655 2.630 2.626 2.622 2.719 2.659 2.665 2.783 2.607 2.685 2.639 2.704 2.736 07/06/2000
2.536 2.448 2.629 2.558 2.598 2.443 2.437 2.607 2.504 2.391 2.460 2.411 2.383 2.368 2.409 2.444 2.492 2.381 2.348 2.402 2.436 2.478 2.444 2.402 2.347 2.414 2.457 2.465 2.481 2.305 08/06/2000
2.788 2.660 2.699 2.752 2.737 2.620 2.584 2.668 2.965 2.847 2.636 2.675 2.827 2.806 2.870 2.648 2.810 2.779 2.751 2.724 2.741 2.804 2.769 2.786 2.869 2.894 2.919 2.906 2.898 2.829 09/06/2000
4.762 4.993 5.012 4.533 4.568 4.979 4.964 5.009 4.765 4.690 4.591 4.766 5.211 5.200 4.698 4.617 4.666 5.163 5.148 5.214 4.620 4.665 4.651 5.167 5.086 4.682 4.682 4.699 4.946 5.025 10/06/2000
6.317 6.333 6.606 6.988 6.764 6.314 6.279 6.590 7.059 6.751 6.405 6.405 6.263 6.266 6.786 6.289 6.151 6.065 6.057 6.253 6.183 6.147 6.204 6.088 6.310 6.212 6.127 6.228 6.163 6.288 11/06/2000
5.485 5.702 6.352 7.000 6.745 5.715 5.731 6.383 7.113 6.770 5.960 5.905 6.308 6.277 6.791 5.993 5.719 5.979 5.933 6.412 5.738 5.716 5.780 6.011 6.285 5.966 5.752 5.850 5.957 6.202 12/06/2000
6.132 5.990 6.322 6.928 6.622 5.953 5.912 6.288 6.700 6.360 6.023 5.877 5.913 5.847 6.408 5.758 5.488 5.695 5.622 5.827 5.568 5.481 5.710 5.726 5.951 5.726 5.591 5.832 5.847 5.858 13/06/2000
5.290 5.294 5.565 5.837 5.473 5.254 5.208 5.542 5.764 5.492 4.940 5.222 5.275 5.229 5.528 4.846 4.755 5.242 5.188 5.429 4.698 4.737 4.759 5.262 5.506 4.764 4.775 4.860 5.516 5.425 14/06/2000
3.386 3.229 3.244 3.129 2.998 3.157 3.110 3.204 3.082 2.925 3.071 2.962 3.078 3.022 2.979 3.115 2.813 2.866 2.803 2.970 3.036 2.788 2.780 2.894 2.669 2.411 2.426 2.362 2.548 2.613 15/06/2000
5.070 4.946 5.115 5.179 5.229 4.917 4.884 5.090 5.520 5.283 4.958 4.944 5.158 5.126 5.337 4.906 4.893 4.987 4.947 5.042 4.847 4.882 4.962 4.995 5.032 4.783 4.827 4.930 4.941 4.941 16/06/2000
5.818 5.611 5.718 5.531 5.388 5.590 5.572 5.712 5.409 5.229 5.761 5.725 5.622 5.589 5.251 5.643 5.444 5.406 5.386 5.580 5.573 5.443 5.507 5.415 5.409 5.503 5.411 5.494 5.477 5.378 17/06/2000
5.098 5.052 5.056 4.998 4.885 5.023 4.994 5.021 5.222 5.004 5.033 5.134 5.131 5.092 5.036 5.024 5.120 5.133 5.056 5.020 5.109 5.110 5.168 5.163 5.179 5.156 5.173 5.239 5.222 5.097 18/06/2000
5.078 5.025 5.025 4.962 4.819 4.990 4.960 5.006 4.954 4.730 4.967 5.009 4.998 4.968 4.782 4.840 4.807 4.859 4.804 4.831 4.821 4.800 4.914 4.881 4.817 4.797 4.859 5.007 4.934 4.789 19/06/2000
5.482 5.370 5.448 5.436 5.261 5.356 5.332 5.443 5.604 5.338 5.400 5.351 5.292 5.260 5.376 5.269 5.177 5.148 5.118 5.286 5.255 5.172 5.318 5.156 5.249 5.210 5.199 5.375 5.263 5.208 20/06/2000
5.298 5.250 5.134 5.148 5.030 5.200 5.171 5.110 5.101 4.970 5.327 5.237 5.182 5.155 4.985 5.215 5.117 5.187 5.141 5.004 5.239 5.114 5.240 5.203 5.136 5.327 5.094 5.235 5.193 5.086 21/06/2000
5.320 5.350 5.173 4.767 4.693 5.350 5.341 5.166 4.859 4.721 5.292 5.266 5.037 5.021 4.760 5.169 5.118 5.001 4.963 4.810 5.130 5.111 5.151 5.015 4.929 5.190 5.095 5.156 5.031 4.898 22/06/2000
5.719 5.757 5.668 5.473 5.355 5.745 5.730 5.650 5.394 5.215 5.945 5.808 5.449 5.421 5.263 5.792 5.641 5.368 5.354 5.319 5.753 5.640 5.681 5.377 5.357 5.736 5.593 5.678 5.456 5.327 23/06/2000
3.200 3.149 3.165 3.214 3.190 3.111 3.080 3.142 3.493 3.364 3.077 3.115 3.329 3.284 3.403 3.049 3.202 3.223 3.199 3.418 3.142 3.174 3.120 3.238 3.382 3.369 3.157 3.102 3.176 3.320 24/06/2000
4.938 4.860 4.876 4.605 4.561 4.835 4.799 4.863 4.640 4.514 4.826 4.846 4.772 4.734 4.574 4.733 4.574 4.603 4.553 4.577 4.643 4.564 4.677 4.614 4.683 4.695 4.648 4.711 4.653 4.599 25/06/2000
5.216 5.044 5.050 4.817 4.780 5.002 4.976 5.028 4.904 4.828 4.963 4.997 4.959 4.911 4.877 4.892 4.812 4.796 4.748 4.766 4.815 4.796 4.878 4.815 4.837 4.833 4.732 4.857 4.855 4.754 26/06/2000
5.201 5.114 5.156 5.120 5.078 5.111 5.094 5.152 5.179 5.069 5.162 5.061 5.055 5.042 5.093 4.959 5.038 4.954 4.933 4.982 4.927 5.029 5.079 4.962 4.938 4.930 4.990 5.012 4.884 4.906 27/06/2000
5.760 5.665 5.856 5.902 5.801 5.688 5.694 5.870 6.176 5.873 5.647 5.556 5.604 5.604 5.906 5.508 5.626 5.427 5.463 5.687 5.458 5.619 5.755 5.447 5.766 5.502 5.622 5.745 5.650 5.746 28/06/2000
5.712 5.219 5.315 5.394 5.236 5.222 5.200 5.324 5.215 5.163 5.086 5.125 5.021 4.966 5.180 4.967 5.083 4.976 4.951 4.902 4.993 5.075 5.088 5.005 4.981 5.091 5.094 5.125 5.385 4.921 29/06/2000
4.940 4.870 4.906 4.866 4.759 4.832 4.810 4.874 4.952 4.681 4.735 4.780 4.849 4.804 4.734 4.622 4.601 4.674 4.647 4.511 4.593 4.600 4.732 4.685 4.306 4.500 4.442 4.558 4.474 4.222 30/06/2000
4.634 4.607 4.659 4.560 4.373 4.581 4.588 4.653 4.573 4.383 4.488 4.510 4.449 4.431 4.418 4.399 4.346 4.160 4.133 4.250 4.324 4.335 4.242 4.193 4.182 4.296 4.228 4.207 4.179 4.119 01/07/2000
4.480 4.456 4.393 4.096 3.982 4.465 4.443 4.378 4.219 4.069 4.473 4.478 4.164 4.136 4.090 4.362 4.343 4.033 3.991 3.973 4.356 4.334 4.303 4.043 3.996 4.353 4.284 4.235 4.086 3.936 02/07/2000
4.295 4.187 4.225 4.190 4.128 4.167 4.166 4.215 4.176 4.118 4.203 4.176 4.071 4.054 4.143 4.313 4.259 3.997 3.970 3.961 4.323 4.257 4.157 4.009 3.864 4.225 4.021 4.030 3.911 3.817 03/07/2000
4.141 4.058 4.000 3.738 3.616 4.026 4.021 3.993 3.636 3.492 4.140 3.925 3.832 3.790 3.536 4.169 3.928 3.711 3.669 3.495 4.082 3.919 3.853 3.725 3.430 4.005 3.835 3.838 3.763 3.391 04/07/2000
4.075 3.953 4.121 3.984 3.929 3.926 3.909 4.119 3.735 3.678 4.102 3.926 4.056 4.042 3.700 4.089 4.163 4.079 4.041 3.875 4.138 4.159 4.122 4.090 3.965 4.057 3.955 3.938 3.856 3.933 05/07/2000
2.957 3.039 3.008 2.507 2.404 3.000 2.995 2.989 2.758 2.492 3.192 3.195 3.067 3.034 2.531 3.200 3.231 3.078 3.039 3.033 3.305 3.229 3.210 3.088 3.220 3.359 3.267 3.287 3.274 3.175 06/07/2000
3.479 3.414 3.531 3.599 3.574 3.387 3.381 3.520 3.540 3.482 3.421 3.385 3.426 3.396 3.492 3.460 3.445 3.400 3.365 3.332 3.518 3.437 3.365 3.420 3.305 3.479 3.444 3.379 3.336 3.284 07/07/2000
4.064 4.220 3.980 3.570 3.528 4.205 4.206 3.978 3.678 3.557 4.049 3.901 3.949 3.905 3.584 4.085 3.916 3.883 3.820 3.764 4.020 3.922 3.929 3.887 3.740 3.994 3.887 3.855 3.808 3.700 08/07/2000
4.893 4.867 5.010 4.699 4.681 4.838 4.833 4.980 4.784 4.658 4.962 4.934 4.868 4.856 4.702 4.872 4.819 4.995 4.974 4.993 5.104 4.815 4.932 5.013 4.871 5.118 5.063 5.226 4.859 4.836 09/07/2000
5.116 5.031 5.144 5.189 5.099 5.028 5.001 5.132 5.180 4.992 4.901 4.985 5.017 4.992 5.022 4.810 4.800 4.933 4.898 4.947 4.803 4.792 4.934 4.952 4.978 4.925 4.803 4.959 5.008 4.917 10/07/2000
4.839 4.666 5.035 4.630 4.651 4.628 4.609 5.012 4.739 4.665 4.579 4.889 5.169 5.137 4.687 4.574 4.595 4.910 4.874 4.947 4.611 4.599 4.575 4.923 4.536 4.541 4.524 4.505 4.567 4.497 11/07/2000
5.120 5.042 5.039 4.906 4.879 5.000 4.987 5.016 4.973 4.811 4.902 4.909 4.924 4.896 4.841 4.812 4.798 4.812 4.783 4.782 4.713 4.790 4.902 4.818 4.760 4.729 4.703 4.774 4.797 4.725 12/07/2000
4.550 4.388 4.423 4.300 4.322 4.373 4.369 4.419 4.389 4.339 4.285 4.340 4.322 4.301 4.344 4.237 4.206 4.101 4.073 4.137 4.247 4.202 4.319 4.128 4.208 4.322 4.206 4.330 4.320 4.164 13/07/2000
4.266 4.175 4.219 4.038 4.090 4.146 4.094 4.190 4.264 4.125 4.099 4.155 4.258 4.230 4.158 4.007 4.239 4.320 4.275 4.237 4.182 4.228 4.332 4.331 4.343 4.283 4.266 4.421 4.404 4.288 14/07/2000
3.539 3.428 3.407 2.722 2.777 3.384 3.336 3.386 2.914 2.848 3.435 3.437 3.276 3.237 2.878 3.349 3.317 3.210 3.173 3.069 3.293 3.304 3.302 3.225 3.158 3.290 3.299 3.319 3.235 3.098 15/07/2000
4.126 4.195 4.135 3.965 3.881 4.167 4.144 4.122 3.808 3.684 4.110 4.149 4.078 4.048 3.711 4.079 4.045 3.981 3.945 3.904 4.001 4.035 4.058 3.999 4.035 4.069 4.037 4.071 4.092 3.991 16/07/2000
4.414 4.389 4.361 4.238 4.229 4.368 4.330 4.356 4.268 4.131 4.261 4.265 4.298 4.262 4.163 4.224 4.297 4.242 4.203 4.159 4.263 4.285 4.311 4.256 4.222 4.400 4.316 4.396 4.371 4.169 17/07/2000
3.071 3.029 2.982 2.515 2.467 2.993 2.960 2.948 2.595 2.388 3.025 3.016 2.934 2.883 2.452 3.113 2.932 2.771 2.756 2.681 3.069 2.930 2.887 2.781 2.919 2.947 2.816 2.767 2.824 2.860 18/07/2000
3.586 3.456 3.445 3.159 3.113 3.436 3.401 3.423 3.222 3.124 3.432 3.375 3.328 3.286 3.156 3.442 3.247 3.364 3.323 3.332 3.407 3.241 3.220 3.387 3.457 3.442 3.268 3.254 3.347 3.408 19/07/2000
3.962 3.931 4.011 3.891 3.861 3.922 3.909 4.001 3.962 3.861 4.043 4.021 4.045 4.018 3.888 4.012 4.011 3.910 3.884 3.942 4.016 4.006 4.024 3.926 3.963 4.028 4.013 4.057 4.054 3.925 20/07/2000
3.986 3.944 3.950 3.578 3.612 3.908 3.892 3.931 3.711 3.619 3.828 3.890 3.983 3.939 3.654 3.794 3.936 3.851 3.814 3.852 3.792 3.933 3.910 3.867 3.853 3.793 3.743 3.811 3.804 3.799 21/07/2000
3.789 3.769 3.647 3.082 3.061 3.745 3.755 3.645 3.355 3.300 3.634 3.651 3.663 3.625 3.346 3.685 3.759 3.637 3.595 3.478 3.784 3.749 3.675 3.645 3.599 3.853 3.763 3.718 3.717 3.554 22/07/2000
3.609 3.528 3.477 3.125 3.001 3.515 3.523 3.488 3.138 2.995 3.495 3.455 3.375 3.340 3.033 3.497 3.505 3.334 3.293 3.402 3.527 3.503 3.409 3.337 3.451 3.523 3.499 3.444 3.454 3.398 23/07/2000
4.053 4.091 4.032 3.869 3.784 4.084 4.078 4.021 3.439 3.287 3.954 3.971 3.786 3.765 3.312 3.962 3.973 3.883 3.857 3.818 3.966 3.966 3.902 3.891 3.866 4.138 3.998 3.942 3.898 3.822 24/07/2000
3.423 3.323 3.361 2.718 2.691 3.291 3.250 3.344 2.823 2.727 3.251 3.102 3.227 3.189 2.768 3.230 3.399 3.180 3.116 3.068 3.381 3.403 3.383 3.192 3.166 3.280 3.336 3.284 3.206 3.109 25/07/2000
3.091 2.991 3.072 2.547 2.515 2.966 2.936 3.046 2.587 2.462 2.914 2.963 2.996 2.943 2.512 2.932 3.077 2.812 2.798 2.815 2.922 3.068 2.946 2.830 2.817 2.959 3.020 2.913 2.840 2.776 26/07/2000
3.209 3.153 3.013 3.053 3.000 3.120 3.071 2.999 3.162 3.037 3.105 3.094 2.956 2.929 3.079 3.091 2.985 2.856 2.808 2.843 3.014 2.977 2.920 2.889 2.847 3.069 2.958 2.932 2.923 2.773 27/07/2000
3.392 3.321 3.346 3.132 3.092 3.273 3.227 3.313 3.232 3.072 3.431 3.456 3.313 3.281 3.102 3.402 3.421 3.178 3.113 3.032 3.398 3.401 3.379 3.205 3.206 3.180 3.273 3.308 3.296 3.115 28/07/2000
3.899 3.933 3.875 3.790 3.751 3.925 3.924 3.877 3.917 3.779 3.863 3.899 3.823 3.795 3.808 3.890 3.875 3.795 3.758 3.725 3.881 3.865 3.827 3.808 3.708 3.888 3.844 3.824 3.804 3.671 29/07/2000
3.954 3.847 3.743 3.446 3.418 3.829 3.834 3.728 3.727 3.564 3.833 3.811 3.687 3.657 3.592 3.839 3.849 3.771 3.740 3.692 3.809 3.840 3.832 3.780 3.606 3.801 3.739 3.741 3.654 3.576 30/07/2000
3.591 3.329 3.569 3.415 3.416 3.300 3.292 3.566 3.134 3.067 3.255 3.311 3.381 3.341 3.099 3.240 3.218 3.104 3.078 3.078 3.214 3.215 3.162 3.113 3.198 3.467 3.287 3.277 3.268 3.171 31/07/2000
