# 6448 6449 6450 6451 6452 6528 6529 6530 6531 6532 6610 6611 6612 6613 6614 6693 6694 6695 6696 6697 6776 6777 6778 6779 6780 6859 6860 6861 6862 6863 Date
15.772 15.706 15.734 15.434 15.208 15.555 15.396 15.610 15.721 15.373 15.618 15.604 15.903 15.788 15.508 16.420 16.989 15.962 15.791 15.770 16.649 16.962 15.740 16.035 15.812 16.762 17.118 15.951 15.969 15.564 01/08/1967
15.380 15.268 15.024 15.208 15.376 15.108 14.929 14.908 15.574 15.511 15.052 14.913 15.463 15.307 15.659 15.111 15.768 15.667 15.478 15.591 15.318 15.740 15.331 15.755 15.401 15.849 15.979 15.724 15.603 15.135 02/08/1967
14.746 14.454 14.272 13.795 13.972 14.286 14.123 14.188 13.780 13.631 14.647 14.383 14.057 13.916 13.842 14.837 14.533 13.961 13.794 14.084 14.754 14.495 13.999 14.037 14.096 14.811 14.725 14.418 14.399 13.863 03/08/1967
15.265 15.166 15.139 14.787 15.020 15.024 14.891 15.055 15.145 15.137 14.923 14.894 15.143 15.045 15.343 15.237 15.159 15.046 14.941 15.221 15.535 15.155 14.779 15.080 15.156 15.699 15.415 15.096 15.100 15.011 04/08/1967
16.626 16.593 16.694 16.495 15.789 16.424 16.304 16.590 15.674 15.699 16.855 16.643 15.743 15.650 15.841 16.150 15.833 15.698 15.581 15.850 16.165 15.807 15.831 15.758 16.024 16.068 16.081 16.256 16.026 15.842 05/08/1967
20.231 20.505 20.560 20.481 20.782 20.478 20.436 20.564 21.143 20.854 20.316 20.370 20.979 20.953 20.896 20.610 21.109 20.803 20.793 20.884 20.383 21.112 20.633 20.808 20.769 20.735 21.445 20.981 20.830 20.765 06/08/1967
18.392 18.153 17.927 17.187 17.109 17.952 17.769 17.818 17.397 17.077 17.817 17.847 17.844 17.692 17.211 18.114 18.422 17.630 17.464 17.627 18.145 18.380 17.652 17.697 17.843 18.190 18.412 17.792 17.887 17.590 07/08/1967
18.405 18.474 18.231 17.809 18.089 18.334 18.210 18.133 18.327 18.220 18.265 18.405 18.668 18.560 18.317 18.589 18.842 18.525 18.420 18.158 18.718 18.818 18.532 18.573 18.461 18.858 19.016 18.760 18.667 18.276 08/08/1967
17.437 17.840 17.088 15.958 15.923 17.764 17.686 17.025 16.262 16.001 17.919 17.905 17.345 17.253 16.110 18.335 18.067 17.540 17.421 16.871 18.173 18.071 17.503 17.578 17.309 18.090 18.012 17.599 17.385 17.151 09/08/1967
17.564 17.248 17.024 16.501 16.413 16.974 16.775 16.857 17.081 16.689 17.071 17.008 17.416 17.197 16.892 16.749 16.747 17.495 17.219 17.065 16.647 16.727 16.873 17.603 17.189 17.019 16.966 17.451 17.536 16.797 10/08/1967
17.258 17.244 17.066 17.007 16.421 17.106 16.983 16.985 16.478 16.250 17.132 17.073 16.786 16.638 16.425 16.889 16.912 16.779 16.596 16.346 16.947 16.874 16.863 16.872 16.723 16.490 16.551 16.637 16.828 16.432 11/08/1967
19.424 19.296 20.005 19.327 19.156 19.020 18.858 19.873 19.486 19.156 19.179 19.343 20.149 19.975 19.331 18.743 19.733 19.814 19.601 20.445 18.829 19.707 19.832 19.910 20.225 18.695 19.090 19.420 19.608 19.911 12/08/1967
23.129 23.178 23.592 23.858 23.302 23.005 22.889 23.520 23.566 23.209 23.227 23.153 23.437 23.358 23.289 22.125 22.879 23.372 23.230 23.816 21.834 22.889 23.559 23.441 23.393 21.752 22.215 23.162 23.094 23.192 13/08/1967
18.920 18.962 18.839 18.338 18.137 19.006 19.017 18.856 18.266 18.323 18.891 19.129 18.469 18.414 18.337 18.628 19.444 18.619 18.578 18.555 18.714 19.441 18.499 18.650 18.622 18.915 19.647 18.623 18.635 18.548 14/08/1967
17.218 17.192 17.039 16.494 16.193 16.949 16.746 16.894 16.800 16.307 17.194 17.222 16.928 16.760 16.456 17.523 17.513 16.886 16.719 16.998 17.814 17.500 17.100 16.963 17.114 17.838 17.385 17.200 17.270 16.844 15/08/1967
18.170 18.268 17.831 17.495 17.233 18.087 17.890 17.695 17.813 17.297 18.175 18.243 18.223 18.060 17.419 18.745 18.794 18.156 17.973 17.921 18.875 18.755 18.193 18.240 17.961 18.825 18.764 18.328 18.276 17.734 16/08/1967
19.233 19.392 19.251 18.758 18.301 19.187 19.003 19.128 18.853 18.401 19.005 19.254 19.112 18.941 18.475 18.832 18.466 19.129 18.935 19.030 19.127 18.433 18.729 19.218 19.347 19.338 18.944 19.421 19.839 19.043 17/08/1967
17.583 17.667 17.449 17.650 17.240 17.519 17.421 17.372 17.326 17.014 17.173 17.449 18.018 17.880 17.176 17.225 18.055 17.741 17.615 17.555 17.530 18.019 17.900 17.805 17.859 17.642 18.123 18.137 18.253 17.690 18/08/1967
18.597 18.475 18.419 18.092 18.848 18.444 18.457 18.371 19.133 18.811 18.516 18.399 19.274 19.159 18.955 17.928 19.286 19.184 19.043 19.326 18.074 19.261 19.149 19.234 19.368 18.536 19.833 19.763 19.494 19.148 19/08/1967
20.001 19.958 19.692 19.027 19.435 19.832 19.704 19.556 19.735 19.557 19.802 19.830 20.189 20.064 19.697 19.598 20.056 20.220 20.058 19.873 19.936 20.019 20.121 20.288 20.084 20.149 20.315 20.475 20.391 19.879 20/08/1967
18.194 18.585 18.227 17.358 16.868 18.483 18.397 18.154 17.153 17.062 18.378 18.396 17.393 17.317 17.133 17.982 17.740 17.490 17.419 17.356 18.294 17.706 17.290 17.524 17.621 18.590 18.155 17.710 17.758 17.555 21/08/1967
16.405 16.675 16.185 16.238 16.025 16.437 16.264 16.035 16.574 16.386 16.472 16.418 16.769 16.594 16.535 17.059 17.457 16.862 16.667 16.548 17.288 17.409 16.685 16.961 16.846 17.589 17.731 17.172 17.219 16.564 22/08/1967
17.871 18.029 17.622 17.098 17.296 17.797 17.610 17.485 17.937 17.565 17.938 18.012 18.122 17.946 17.729 18.192 18.746 18.224 18.031 17.953 18.406 18.709 18.117 18.319 18.009 18.481 18.860 18.414 18.370 17.748 23/08/1967
17.023 17.250 17.088 16.921 16.977 17.105 16.987 16.985 17.766 17.529 17.172 17.306 17.533 17.414 17.666 17.498 18.064 17.764 17.614 17.979 17.886 18.037 17.526 17.820 18.244 18.110 18.207 17.833 18.063 18.039 24/08/1967
17.137 17.171 17.139 16.701 16.684 16.986 16.839 17.003 17.377 16.893 17.005 17.039 17.281 17.106 17.055 17.566 17.513 17.198 16.976 17.455 17.678 17.487 17.024 17.290 17.492 17.626 17.556 17.336 17.430 17.185 25/08/1967
18.462 18.672 18.837 18.308 18.622 18.568 18.426 18.737 19.263 19.084 18.723 18.761 19.099 18.904 19.255 18.482 19.263 19.219 19.011 19.287 18.564 19.220 18.824 19.300 19.351 18.402 19.523 19.289 19.396 19.027 26/08/1967
21.816 21.536 22.205 21.761 21.840 21.453 21.340 22.165 21.864 21.756 20.969 21.167 21.657 21.563 21.846 21.122 21.407 21.266 21.155 21.432 20.949 21.373 21.170 21.310 21.099 21.046 21.251 21.204 20.984 20.915 27/08/1967
22.446 22.699 22.967 22.080 22.405 22.632 22.463 22.914 22.758 22.486 22.226 22.608 22.660 22.626 22.632 22.779 23.251 22.459 22.433 22.669 22.980 23.251 22.325 22.508 22.577 23.417 23.627 22.727 22.548 22.552 28/08/1967
20.569 21.008 21.153 20.202 19.580 20.876 20.743 21.083 19.796 19.829 20.962 21.095 19.834 19.831 19.964 19.647 20.554 19.885 19.853 20.012 20.001 20.537 19.641 19.924 20.004 20.398 20.733 19.879 19.887 19.980 29/08/1967
16.921 17.088 16.771 16.620 16.602 16.977 16.878 16.649 17.716 16.775 16.983 17.120 18.060 17.854 16.966 17.183 18.276 18.024 17.792 17.749 17.330 18.240 17.913 18.086 17.957 17.505 18.511 18.412 18.361 17.656 30/08/1967
16.243 16.147 15.964 15.718 15.900 15.943 15.791 15.825 16.490 15.913 16.003 16.082 16.811 16.668 16.092 16.131 16.480 16.765 16.554 16.524 16.296 16.427 16.555 16.814 16.745 16.837 17.072 17.344 17.313 16.496 31/08/1967
18.650 18.472 18.662 18.592 19.003 18.252 18.094 18.522 19.457 19.066 18.105 18.337 19.492 19.380 19.188 18.775 19.437 19.598 19.450 19.494 19.119 19.386 19.309 19.660 19.406 19.505 19.704 19.731 19.735 19.155 01/09/1967
16.499 16.106 15.760 15.285 15.240 15.871 15.713 15.643 15.676 15.350 16.240 16.000 15.939 15.849 15.464 16.490 16.638 15.998 15.867 16.183 16.705 16.607 16.201 16.057 16.459 16.711 16.497 16.212 16.120 16.265 02/09/1967
16.270 16.291 16.389 15.790 16.227 16.120 16.019 16.283 16.768 16.454 16.685 16.710 16.995 16.946 16.562 16.913 17.924 17.384 17.241 17.221 17.365 17.905 17.428 17.436 17.659 17.714 18.048 17.710 17.698 17.396 03/09/1967
15.307 15.702 15.819 15.599 15.931 15.591 15.529 15.738 16.278 15.946 15.758 15.839 16.009 16.027 16.032 16.346 16.342 16.132 16.077 16.119 16.409 16.345 16.079 16.152 16.161 16.255 16.472 16.304 16.151 16.027 04/09/1967
15.701 15.717 15.674 15.743 16.206 15.548 15.467 15.556 16.436 16.117 15.929 15.824 16.087 16.025 16.185 16.096 16.091 15.963 15.904 16.066 15.914 16.083 16.080 15.999 16.023 15.633 16.049 16.187 16.137 15.882 05/09/1967
18.774 18.705 18.901 19.049 18.008 18.744 18.734 18.886 18.630 17.785 18.923 18.883 18.118 18.112 17.859 18.074 17.859 18.065 18.098 18.489 17.684 17.870 17.881 18.040 17.692 17.223 17.347 17.468 17.523 17.747 06/09/1967
18.834 18.785 18.875 18.733 18.280 18.710 18.633 18.805 18.846 18.227 18.756 18.692 18.811 18.710 18.307 18.435 18.209 18.675 18.614 18.654 18.260 18.207 18.514 18.717 18.334 18.192 18.041 18.464 18.424 18.238 07/09/1967
17.819 17.719 17.307 17.023 16.578 17.476 17.323 17.201 17.234 16.732 17.513 17.575 17.666 17.489 16.888 17.449 17.398 17.705 17.545 17.326 17.393 17.370 17.685 17.784 17.469 17.684 17.445 17.911 17.869 17.194 08/09/1967
12.499 12.294 11.883 10.894 10.969 12.142 12.046 11.788 11.353 11.241 12.221 12.250 11.990 11.909 11.373 12.545 13.080 12.343 12.227 11.584 12.785 13.055 12.459 12.408 12.669 13.129 13.197 12.691 12.642 12.448 09/09/1967
11.375 11.185 10.710 10.197 8.842 10.949 10.782 10.593 9.257 8.793 11.082 10.677 9.580 9.435 8.918 11.688 10.496 9.595 9.433 8.895 11.216 10.485 9.495 9.662 9.733 11.356 10.553 9.755 9.933 9.563 10/09/1967
9.778 9.847 9.162 8.570 9.854 9.727 9.630 9.102 9.973 9.803 10.251 10.098 10.331 10.329 9.791 11.311 11.722 10.797 10.790 10.219 11.442 11.705 11.051 10.828 10.717 11.648 11.964 11.337 11.192 10.761 11/09/1967
10.263 10.143 9.643 9.322 9.161 10.031 9.954 9.584 8.239 8.116 10.932 10.277 8.873 8.708 8.248 11.265 10.423 8.717 8.579 7.936 11.418 10.367 9.462 8.788 7.915 12.045 10.910 10.102 8.824 7.771 12/09/1967
9.599 10.215 9.668 8.786 8.485 10.064 9.941 9.571 8.328 8.197 11.258 10.850 9.154 9.055 8.325 10.862 10.511 9.320 9.245 8.490 11.111 10.471 9.818 9.353 9.065 11.346 10.782 10.224 9.602 8.900 13/09/1967
12.602 13.037 12.419 12.236 11.424 12.908 12.793 12.302 11.911 11.516 13.353 13.350 12.290 12.196 11.620 13.325 13.161 12.376 12.256 12.026 13.693 13.132 12.712 12.407 12.269 13.849 13.298 13.006 12.624 12.078 14/09/1967
10.558 10.322 10.182 8.516 8.263 9.991 9.769 9.997 9.286 8.662 10.790 10.660 9.604 9.417 8.761 10.477 11.741 9.797 9.621 9.552 10.696 11.681 10.217 9.863 9.675 10.560 11.582 10.175 9.935 9.449 15/09/1967
6.396 6.156 5.877 5.249 5.732 6.067 5.991 5.802 5.739 5.977 6.701 6.707 6.181 6.106 5.999 6.772 7.527 6.729 6.661 6.425 7.308 7.510 7.126 6.780 6.744 7.438 7.529 7.382 7.140 6.617 16/09/1967
8.116 8.100 7.764 7.230 6.773 8.080 8.066 7.721 7.242 6.909 8.283 8.344 7.477 7.346 6.985 7.872 7.495 7.530 7.378 7.526 7.940 7.500 7.577 7.617 7.729 7.917 7.332 7.737 7.725 7.488 17/09/1967
9.531 9.277 8.848 8.220 8.476 9.228 9.163 8.786 8.854 8.427 9.273 9.017 9.346 9.330 8.483 9.769 9.494 9.375 9.362 9.436 9.868 9.459 9.574 9.407 9.817 10.446 9.826 10.016 9.826 9.731 18/09/1967
13.267 13.169 12.472 12.353 12.098 12.981 12.825 12.320 12.516 12.300 13.168 12.973 12.661 12.517 12.396 13.322 13.300 12.836 12.669 12.587 13.147 13.314 12.970 12.911 12.906 13.188 13.289 13.266 13.221 12.663 19/09/1967
14.601 14.513 13.737 13.097 13.356 14.436 14.339 13.678 13.579 13.474 14.572 14.274 13.739 13.724 13.482 14.683 14.370 13.798 13.778 13.355 14.437 14.371 13.800 13.818 12.910 14.024 14.076 13.674 13.626 12.933 20/09/1967
19.547 19.573 19.433 19.315 19.585 19.545 19.526 19.423 19.094 19.288 19.449 19.373 19.354 19.411 19.249 19.490 19.107 18.968 19.104 19.216 19.123 19.112 18.898 18.923 18.491 19.132 18.972 18.675 18.547 18.656 21/09/1967
15.904 15.706 15.823 15.640 15.553 15.660 15.593 15.790 16.535 16.240 15.713 15.832 16.261 16.243 16.265 15.921 16.585 17.286 17.280 17.723 16.260 16.594 16.777 17.266 17.740 16.752 17.412 17.550 17.783 17.708 22/09/1967
16.267 16.541 17.021 17.074 17.078 16.500 16.460 16.985 18.123 17.525 16.243 16.962 18.065 17.971 17.577 17.257 18.242 18.621 18.521 18.607 17.628 18.229 17.937 18.663 19.330 18.381 19.062 18.812 19.175 19.172 23/09/1967
17.719 17.898 17.920 17.453 16.670 17.509 17.174 17.662 17.246 16.782 17.578 17.933 17.076 16.889 16.950 17.954 17.507 17.271 17.074 17.234 18.181 17.510 17.123 17.350 17.852 18.583 18.180 17.976 18.008 17.547 24/09/1967
12.259 12.274 12.035 11.464 11.527 12.199 12.123 11.992 12.155 11.875 12.383 12.332 12.318 12.189 11.999 12.825 13.151 12.464 12.331 12.160 12.853 13.174 12.430 12.518 12.532 12.813 13.230 12.738 12.655 12.340 25/09/1967
9.631 9.582 8.909 8.367 7.858 9.538 9.491 8.911 8.138 7.862 10.350 9.588 8.364 8.365 7.888 10.171 9.810 8.731 8.689 8.529 9.777 9.825 9.001 8.733 8.858 9.764 9.924 9.184 9.040 8.797 26/09/1967
9.891 9.880 9.110 9.006 8.865 9.725 9.589 9.016 9.297 9.151 10.180 9.779 9.711 9.611 9.283 10.793 10.127 10.128 10.014 9.634 10.755 10.111 10.064 10.143 10.177 10.986 10.357 10.415 10.502 10.029 27/09/1967
10.696 10.539 9.917 9.273 9.706 10.378 10.248 9.803 10.021 9.897 10.821 10.433 10.449 10.407 9.987 10.984 11.330 10.983 10.916 10.306 11.049 11.307 11.178 11.005 11.048 11.471 11.657 11.575 11.523 10.924 28/09/1967
10.435 10.428 10.051 10.239 10.483 10.383 10.356 9.994 10.654 10.638 10.587 10.456 10.688 10.642 10.768 10.690 11.206 11.195 11.084 10.887 10.892 11.211 11.210 11.244 11.448 11.439 11.512 11.751 11.596 11.287 29/09/1967
10.797 11.161 10.700 9.474 9.339 11.093 11.025 10.625 9.821 9.478 11.099 11.277 10.393 10.390 9.490 11.004 11.414 10.811 10.760 10.503 11.436 11.423 10.957 10.814 11.097 11.653 11.708 11.288 11.188 11.027 30/09/1967
10.916 10.946 10.592 9.423 9.047 10.902 10.873 10.564 9.449 9.334 10.908 11.004 10.270 10.291 9.378 11.103 12.039 10.875 10.889 10.499 11.414 11.972 10.882 10.864 10.890 11.542 12.173 11.039 11.146 10.821 01/10/1967
12.334 12.214 11.831 10.975 10.967 12.186 12.155 11.786 11.394 10.854 11.910 11.944 12.078 12.011 10.867 12.390 12.563 12.058 12.025 11.735 12.517 12.549 12.236 12.064 12.396 12.564 12.531 12.228 12.244 12.310 02/10/1967
13.200 13.041 12.671 12.395 12.301 12.907 12.835 12.625 12.585 12.232 13.017 12.896 12.821 12.749 12.321 13.086 13.290 13.085 12.997 12.718 13.393 13.257 13.219 13.122 13.629 13.705 13.569 13.604 13.631 13.507 03/10/1967
11.740 12.079 11.894 12.235 12.390 11.825 11.674 11.760 12.628 12.485 11.538 12.123 12.776 12.562 12.652 11.789 13.176 12.944 12.704 12.474 12.356 13.165 12.773 13.051 13.206 12.601 13.360 13.276 13.411 12.827 04/10/1967
14.062 13.978 13.582 13.005 12.297 13.866 13.797 13.486 12.476 12.447 13.975 13.913 12.888 12.861 12.546 13.957 13.540 12.883 12.858 12.330 13.954 13.552 13.160 12.870 12.887 13.898 13.399 13.002 12.999 12.839 05/10/1967
11.033 10.900 10.608 10.422 10.583 10.774 10.659 10.533 10.696 10.864 10.908 11.035 11.187 11.075 10.968 11.163 11.568 11.382 11.239 11.091 11.158 11.558 11.487 11.414 11.701 11.060 11.516 11.541 11.730 11.510 06/10/1967
9.952 9.748 9.488 8.948 8.909 9.581 9.421 9.383 9.026 8.910 9.663 9.649 9.461 9.347 8.971 10.394 10.514 9.521 9.382 9.278 10.507 10.475 9.541 9.573 9.719 11.013 10.646 9.779 9.945 9.514 07/10/1967
9.829 9.694 9.484 9.551 9.861 9.646 9.581 9.458 10.091 10.070 9.727 9.691 9.806 9.794 10.164 10.217 10.334 9.745 9.757 10.112 10.109 10.319 9.938 9.779 9.727 10.384 10.013 9.451 9.514 9.691 08/10/1967
9.918 9.834 9.322 8.690 8.773 9.737 9.663 9.245 9.181 9.038 9.688 9.843 9.512 9.434 9.105 9.706 10.163 10.007 9.945 9.872 10.021 10.139 9.991 10.046 10.257 10.182 10.171 10.043 10.217 10.142 09/10/1967
8.908 8.803 8.472 7.506 7.711 8.775 8.747 8.474 8.077 8.124 8.743 8.833 8.205 8.182 8.138 8.544 9.494 8.802 8.792 8.524 8.895 9.469 8.639 8.830 9.526 9.226 9.676 8.895 9.494 9.379 10/10/1967
8.276 8.507 7.909 6.988 7.374 8.384 8.274 7.801 7.278 7.550 8.913 8.459 7.534 7.525 7.588 9.450 8.992 7.780 7.772 7.700 9.172 8.983 7.767 7.818 7.844 9.280 9.094 7.994 8.191 7.834 11/10/1967
7.462 7.188 6.701 6.772 6.252 7.045 6.873 6.591 6.788 6.276 7.457 7.190 7.093 6.987 6.393 7.972 7.775 7.332 7.247 7.189 7.971 7.758 7.374 7.396 7.592 8.349 8.036 7.818 7.624 7.385 12/10/1967
9.251 9.190 8.809 8.802 8.221 9.025 8.894 8.669 9.365 8.607 9.047 9.188 9.245 8.938 8.656 8.907 9.623 9.559 9.251 9.143 9.494 9.600 9.494 9.715 10.105 10.093 10.151 10.315 10.202 9.667 13/10/1967
8.832 8.386 7.934 7.113 6.910 8.313 8.264 7.870 7.547 7.237 8.171 8.339 7.980 7.731 7.311 8.323 8.889 8.155 7.933 7.980 8.606 8.895 8.203 8.270 9.000 9.094 9.457 9.015 9.167 8.678 14/10/1967
8.790 8.408 8.203 7.115 7.285 8.339 8.297 8.160 6.596 6.644 7.713 8.240 7.866 7.818 6.656 8.116 8.444 7.142 7.105 6.892 8.125 8.449 7.219 7.189 7.322 8.348 8.540 7.380 7.436 7.238 15/10/1967
7.845 7.652 7.592 7.700 7.172 7.608 7.579 7.538 7.320 6.978 7.280 7.528 7.758 7.739 7.051 7.441 8.234 7.391 7.440 7.417 7.307 8.241 7.307 7.470 7.785 7.603 8.319 7.653 7.631 7.824 16/10/1967
12.637 12.373 12.064 12.209 11.503 12.209 12.079 11.963 12.023 11.194 12.007 12.073 12.161 12.189 11.188 11.892 13.009 12.035 12.110 11.941 11.537 13.004 12.065 12.043 12.133 11.785 13.294 12.297 12.089 12.222 17/10/1967
13.977 13.854 13.547 11.940 11.709 13.696 13.568 13.436 12.164 11.770 13.798 13.798 12.742 12.648 11.850 12.938 13.161 12.838 12.722 12.228 12.971 13.145 13.013 12.884 12.877 12.938 13.162 13.121 13.037 12.725 18/10/1967
11.531 11.353 10.871 9.481 9.547 11.258 11.160 10.834 9.553 9.585 11.496 11.365 10.276 10.213 9.638 11.639 11.343 10.862 10.758 10.097 11.638 11.324 10.986 10.854 11.035 12.036 11.871 11.597 11.319 10.935 19/10/1967
9.841 9.632 9.200 9.033 8.738 9.566 9.512 9.151 8.572 8.543 9.819 9.586 8.988 8.930 8.627 9.685 9.901 9.465 9.281 8.669 9.767 9.876 9.756 9.505 9.281 9.940 10.071 10.031 9.833 9.129 20/10/1967
11.272 11.190 11.220 10.928 10.839 11.087 10.991 11.173 10.775 10.742 11.001 11.033 10.679 10.611 10.792 11.024 10.780 10.520 10.431 10.271 11.068 10.771 10.687 10.555 10.196 11.147 10.714 10.596 10.393 10.071 21/10/1967
10.749 10.462 10.621 11.476 10.596 10.244 10.450 10.486 11.553 10.366 10.238 10.290 11.333 11.168 10.541 11.690 11.899 11.115 10.855 10.850 11.629 11.873 11.098 11.220 11.012 11.753 11.901 11.293 11.139 10.708 22/10/1967
14.393 14.256 14.223 13.513 13.398 14.220 14.341 14.191 13.409 13.156 14.122 14.136 13.484 13.388 13.244 13.650 14.206 13.167 13.008 12.888 13.618 14.198 13.200 13.217 13.018 14.040 14.285 13.478 13.149 12.840 23/10/1967
13.105 13.012 12.931 12.995 12.960 12.855 12.818 12.816 13.220 12.982 12.968 13.030 13.228 13.140 13.080 13.002 13.551 13.275 13.117 13.126 13.257 13.529 13.205 13.318 13.269 13.443 13.694 13.502 13.424 13.066 24/10/1967
12.443 12.285 12.327 12.280 12.332 12.106 11.990 12.214 12.264 12.227 12.640 12.289 12.181 12.108 12.273 12.811 12.791 12.227 12.093 12.410 13.000 12.755 12.403 12.269 12.215 13.057 12.916 12.666 12.509 12.050 25/10/1967
15.234 15.227 15.052 15.033 15.034 15.075 14.966 14.966 15.101 15.079 15.342 15.276 15.161 15.089 15.152 15.183 15.463 15.339 15.269 15.109 15.448 15.463 15.477 15.384 15.405 15.522 15.472 15.546 15.534 15.242 26/10/1967
16.503 16.486 16.184 15.310 15.619 16.380 16.348 16.168 15.878 15.796 16.480 16.370 15.899 15.856 15.867 17.059 16.841 16.333 16.309 15.676 17.229 16.823 16.430 16.347 16.328 17.451 17.006 16.640 16.634 16.285 27/10/1967
13.769 13.679 13.462 12.980 13.216 13.535 13.431 13.373 13.496 13.425 13.518 13.503 13.746 13.656 13.507 14.167 14.497 14.002 13.901 13.712 14.411 14.478 14.072 14.048 14.267 14.786 14.811 14.548 14.476 14.108 28/10/1967
14.696 14.874 14.615 14.223 13.664 14.773 14.711 14.547 13.874 13.542 14.853 14.915 14.080 14.011 13.604 15.590 15.659 14.209 14.122 13.831 16.272 15.654 14.444 14.217 14.566 17.020 16.154 14.969 14.789 14.498 29/10/1967
12.581 12.562 12.444 12.450 12.641 12.380 12.242 12.322 12.641 12.455 12.382 12.497 12.919 12.778 12.513 12.900 13.797 13.216 13.056 12.910 13.453 13.786 13.118 13.264 13.622 13.972 14.404 13.831 13.848 13.447 30/10/1967
11.992 12.121 11.948 11.767 12.244 12.016 11.895 11.876 12.128 12.166 11.804 12.212 12.276 12.193 12.221 11.995 12.975 12.674 12.570 12.090 12.475 12.967 12.655 12.718 12.743 12.938 13.385 13.088 13.353 12.642 31/10/1967
12.437 11.928 11.931 12.270 11.524 11.743 11.563 11.804 12.616 11.676 11.676 12.151 12.556 12.367 11.793 11.591 12.971 13.212 12.984 13.092 12.550 12.951 12.952 13.293 13.940 13.143 13.389 13.711 14.205 13.623 01/11/1967
8.526 8.553 8.403 7.599 7.393 8.421 8.311 8.306 7.745 7.454 8.564 8.851 8.364 8.299 7.515 8.922 9.256 8.487 8.392 8.290 9.219 9.241 8.471 8.528 8.423 8.956 9.047 8.393 8.701 8.307 02/11/1967
5.095 5.440 5.707 5.253 4.868 5.430 5.330 5.631 5.464 5.172 5.818 5.907 5.533 5.503 5.343 5.997 6.268 5.797 5.702 5.718 6.418 6.260 5.760 5.861 6.313 6.497 6.393 5.943 6.171 6.174 03/11/1967
10.974 11.227 11.052 10.253 9.476 11.039 10.907 10.944 9.936 9.411 10.548 11.118 10.090 9.909 9.647 10.231 11.429 10.590 10.353 10.222 11.412 11.409 10.438 10.704 11.383 11.893 11.921 11.207 11.404 11.015 04/11/1967
15.213 15.375 15.019 14.054 13.848 15.224 15.086 14.909 14.297 13.860 15.276 15.274 14.947 14.774 14.019 15.219 15.563 15.009 14.815 14.640 15.450 15.524 15.028 15.101 15.458 15.724 15.912 15.628 15.622 15.155 05/11/1967
13.339 13.203 13.235 12.910 12.756 13.044 12.873 13.112 12.851 12.501 13.146 13.257 12.849 12.742 12.567 13.174 13.137 13.126 12.995 13.253 13.135 13.112 12.852 13.176 14.377 13.463 13.633 13.460 13.689 14.175 06/11/1967
8.051 8.044 7.865 6.736 7.007 7.922 7.762 7.720 7.316 7.097 8.355 8.273 7.617 7.555 7.164 8.539 8.265 7.777 7.686 7.671 8.845 8.234 7.768 7.796 8.212 8.830 8.472 8.085 8.125 8.098 07/11/1967
5.643 5.997 5.479 5.115 4.935 5.900 5.678 5.410 5.414 5.217 6.387 6.074 5.766 5.674 5.288 6.647 6.316 5.937 5.853 5.554 6.898 6.295 5.926 5.983 5.881 6.895 6.625 6.356 6.214 5.800 08/11/1967
4.819 4.773 4.914 5.103 4.947 4.652 4.482 4.810 5.008 4.888 4.601 4.543 4.951 4.860 4.961 4.873 4.781 4.522 4.388 4.593 4.893 4.763 4.480 4.570 4.595 5.083 5.110 4.988 4.774 4.379 09/11/1967
6.977 7.124 7.494 8.154 7.875 6.981 6.871 7.428 8.210 8.202 6.981 7.231 7.846 7.779 8.263 7.074 7.681 7.868 7.770 8.050 7.100 7.695 7.324 7.906 7.897 7.288 7.743 7.604 7.628 7.779 10/11/1967
5.274 5.594 6.168 7.245 6.833 5.417 5.295 6.073 6.616 6.379 5.352 5.659 5.616 5.502 6.493 5.406 5.685 5.381 5.257 5.996 5.477 5.648 5.002 5.449 5.638 5.729 5.887 5.376 5.514 5.442 11/11/1967
3.017 3.835 4.493 6.047 6.061 3.780 3.721 4.490 5.847 5.571 3.909 4.190 4.583 4.550 5.641 3.964 4.084 4.260 4.241 4.895 4.019 4.082 3.862 4.298 4.214 3.986 4.065 3.942 4.114 4.160 12/11/1967
4.589 4.938 5.533 5.870 5.764 4.864 4.786 5.482 6.355 6.093 4.978 5.164 5.165 5.088 6.175 4.980 5.343 4.928 4.919 5.346 4.830 5.365 4.534 4.950 4.486 4.069 4.765 4.089 4.339 4.411 13/11/1967
6.600 6.665 7.344 7.594 7.522 6.535 6.413 7.264 7.753 7.475 5.959 6.442 6.926 6.831 7.586 5.885 6.292 6.583 6.513 7.027 5.890 6.299 6.055 6.632 6.768 6.030 6.286 6.127 6.448 6.652 14/11/1967
9.177 8.931 8.650 8.735 8.711 8.714 8.524 8.493 8.604 8.855 8.548 8.604 8.529 8.341 9.039 8.392 8.430 8.467 8.235 8.357 8.736 8.393 8.443 8.564 8.734 9.149 9.109 9.218 8.967 8.448 15/11/1967
7.831 7.690 7.713 7.102 7.121 7.589 7.432 7.627 7.477 7.323 7.452 7.691 7.704 7.594 7.452 7.665 8.058 7.727 7.606 7.717 7.885 8.034 7.705 7.788 8.058 8.060 8.293 8.032 8.006 7.849 16/11/1967
5.312 6.262 5.720 5.319 5.371 6.117 5.996 5.654 5.731 5.432 6.521 6.397 6.253 6.129 5.531 6.763 6.621 6.322 6.187 6.163 6.847 6.611 6.438 6.386 7.013 6.556 6.586 6.486 6.586 6.867 17/11/1967
6.096 6.148 5.109 3.494 4.957 5.915 5.710 4.922 5.357 5.151 5.566 5.485 6.145 5.904 5.213 5.724 5.911 6.242 6.003 5.896 5.952 5.837 6.186 6.398 6.811 6.279 6.157 6.701 6.726 6.491 18/11/1967
7.687 7.768 7.138 5.853 5.827 7.701 7.613 7.081 5.762 5.841 7.216 7.277 6.661 6.620 5.803 7.214 7.196 6.742 6.734 6.345 7.363 7.195 6.608 6.774 7.026 7.584 7.400 6.866 6.955 7.001 19/11/1967
6.210 6.200 5.327 5.103 3.419 6.055 5.916 5.205 4.140 3.592 5.838 6.105 5.110 5.074 3.607 5.858 6.106 5.529 5.532 4.939 6.235 6.089 5.563 5.544 5.814 6.523 6.364 5.711 5.810 5.766 20/11/1967
4.524 4.321 3.769 3.200 3.035 4.137 4.016 3.610 3.332 3.161 4.102 4.155 3.950 3.891 3.175 4.579 5.537 4.054 3.950 3.510 4.843 5.499 4.215 4.095 4.163 5.358 6.219 5.112 4.639 3.982 21/11/1967
8.908 8.805 8.890 8.645 8.839 8.656 8.541 8.786 8.862 8.778 8.764 8.742 8.753 8.644 8.843 9.690 10.110 8.911 8.733 8.724 9.990 10.093 8.773 8.981 9.260 10.429 10.694 9.613 9.397 8.997 22/11/1967
13.019 12.890 12.724 12.303 12.354 12.851 12.802 12.712 12.305 12.351 12.750 12.772 12.549 12.501 12.370 13.545 13.735 12.553 12.489 12.287 13.773 13.712 12.618 12.579 12.652 14.191 14.062 12.962 12.886 12.616 23/11/1967
14.536 14.532 14.469 13.585 13.492 14.486 14.423 14.452 13.554 13.508 14.247 14.453 13.476 13.455 13.540 14.293 14.456 13.503 13.441 13.359 14.675 14.442 13.642 13.537 13.752 15.079 14.896 14.173 13.958 13.668 24/11/1967
13.053 12.920 12.832 12.190 12.313 12.825 12.709 12.765 12.423 12.250 12.419 12.703 12.614 12.528 12.357 12.667 13.156 12.501 12.351 12.291 13.015 13.121 12.551 12.539 12.659 13.532 13.557 13.084 12.911 12.475 25/11/1967
12.525 12.379 12.597 12.318 12.262 12.252 12.116 12.516 12.476 12.181 11.806 12.115 12.353 12.265 12.278 11.867 12.229 12.312 12.179 12.407 12.161 12.209 11.887 12.345 12.722 12.581 12.528 12.309 12.613 12.533 26/11/1967
10.545 10.473 10.714 10.841 11.000 10.328 10.194 10.621 11.118 11.057 9.567 10.202 10.845 10.702 11.122 9.543 10.462 10.789 10.567 10.970 9.856 10.455 10.349 10.875 11.428 10.268 10.880 11.046 11.332 11.198 27/11/1967
10.468 10.332 10.161 9.783 9.783 10.247 10.136 10.124 9.031 9.752 9.860 10.152 9.537 9.550 9.686 9.659 9.963 9.488 9.516 9.337 9.956 9.965 9.513 9.493 9.770 10.206 10.162 9.907 9.804 9.772 28/11/1967
6.072 5.922 5.577 5.325 5.871 5.809 5.747 5.493 5.932 5.837 5.336 5.600 5.802 5.743 5.947 5.310 5.989 5.885 5.807 5.897 5.455 5.972 5.969 5.927 6.131 5.964 6.252 6.337 6.392 5.979 29/11/1967
5.909 5.725 5.680 5.578 6.459 5.668 5.600 5.684 6.648 6.558 5.350 5.602 6.292 6.248 6.625 6.203 6.535 6.234 6.172 6.839 6.465 6.527 6.241 6.261 6.892 6.254 6.326 6.130 6.361 6.830 30/11/1967
8.900 8.796 8.740 8.335 8.612 8.664 8.570 8.658 8.995 8.675 8.573 8.710 9.199 9.066 8.774 9.086 9.011 9.041 8.916 8.989 9.081 9.001 8.972 9.096 9.006 8.847 8.808 8.884 8.973 8.796 01/12/1967
8.982 8.858 8.706 8.560 8.392 8.706 8.559 8.610 8.299 8.329 8.557 8.711 8.430 8.361 8.381 8.726 9.132 8.325 8.216 8.182 8.801 9.105 8.368 8.353 8.286 8.861 9.160 8.580 8.380 8.081 02/12/1967
8.297 8.160 8.291 8.516 7.279 8.029 7.905 8.223 7.849 7.241 7.957 8.123 7.758 7.742 7.328 8.217 8.183 7.606 7.521 7.567 8.291 8.156 7.595 7.643 7.672 8.733 8.540 8.006 7.753 7.522 03/12/1967
8.872 8.671 8.706 8.189 8.005 8.487 8.329 8.592 8.276 7.952 8.348 8.452 8.414 8.294 8.105 8.656 8.734 8.190 8.036 7.993 8.780 8.697 8.233 8.262 7.991 8.665 8.474 8.228 8.185 7.682 04/12/1967
6.504 6.452 6.367 6.296 4.178 6.369 6.287 6.329 4.550 4.212 6.339 6.356 4.880 4.826 4.303 5.175 5.473 4.915 4.840 4.717 5.225 5.447 4.951 4.973 4.910 5.246 5.353 4.978 4.963 4.753 05/12/1967
1.530 1.311 1.165 0.053 0.397 1.216 1.117 1.091 0.427 0.408 1.148 1.189 0.652 0.549 0.484 1.475 1.896 0.687 0.571 0.435 1.828 1.864 0.759 0.740 0.675 1.739 1.876 0.803 0.730 0.514 06/12/1967
3.323 3.017 2.744 1.442 1.935 2.704 2.441 2.556 1.932 1.882 2.852 2.815 2.615 2.473 1.985 2.747 2.973 2.660 2.492 1.890 3.143 2.932 2.775 2.727 2.159 3.195 3.031 3.037 2.710 1.922 07/12/1967
2.925 2.796 2.637 1.726 2.552 2.504 2.308 2.480 3.001 2.653 2.248 2.499 3.311 3.133 2.766 1.231 2.717 3.299 3.115 2.934 1.437 2.747 3.153 3.396 3.372 1.953 2.309 3.406 3.416 3.124 08/12/1967
4.635 4.405 4.373 3.795 3.629 4.286 4.126 4.291 3.941 3.550 4.067 4.341 4.253 4.068 3.672 4.039 3.903 4.408 4.193 3.911 4.272 3.878 4.441 4.486 4.502 4.636 3.895 4.849 4.908 4.143 09/12/1967
5.622 5.749 5.906 5.464 4.705 5.639 5.510 5.824 5.454 4.850 5.292 5.725 5.682 5.557 4.921 5.422 5.282 5.446 5.313 5.380 5.496 5.239 5.055 5.505 5.003 5.237 5.014 5.086 4.939 4.813 10/12/1967
6.354 6.311 6.336 5.768 5.308 6.200 6.083 6.250 5.939 5.469 6.216 6.325 6.128 6.011 5.545 6.423 6.461 6.104 5.998 6.026 6.634 6.434 6.070 6.175 6.192 6.700 6.407 6.178 6.160 6.012 11/12/1967
6.392 6.370 6.355 5.689 5.398 6.276 6.150 6.290 5.640 5.182 6.193 6.341 6.060 5.962 5.243 6.651 6.968 6.009 5.893 5.701 6.940 6.947 6.344 6.082 5.975 6.827 6.890 6.367 6.177 5.788 12/12/1967
4.970 4.665 4.061 2.884 3.584 4.535 4.437 4.017 3.693 3.466 4.687 4.403 4.325 4.271 3.516 4.864 4.054 4.189 4.115 3.664 4.744 4.026 4.285 4.211 4.110 4.302 3.863 4.280 4.301 4.030 13/12/1967
5.412 5.187 4.849 4.009 4.456 5.048 4.980 4.802 4.536 4.468 5.293 5.068 5.129 5.054 4.566 5.664 5.558 5.202 5.106 5.074 5.786 5.549 5.264 5.240 5.326 5.588 5.348 5.144 5.239 5.216 14/12/1967
4.876 4.832 4.523 3.612 4.052 4.711 4.678 4.443 4.564 4.156 4.978 4.873 5.118 5.056 4.282 4.934 4.952 5.077 5.004 4.996 4.949 4.960 5.169 5.113 5.278 4.651 4.875 5.222 5.260 5.143 15/12/1967
2.762 3.236 2.891 2.291 2.892 3.140 2.993 2.764 3.277 3.094 3.997 3.529 3.512 3.448 3.164 4.311 4.465 3.894 3.827 3.434 4.492 4.473 4.272 3.928 3.611 4.268 4.117 4.160 4.109 3.521 16/12/1967
4.642 4.622 4.203 3.384 3.936 4.305 4.050 3.961 3.945 4.028 4.457 4.622 4.650 4.455 4.126 5.383 5.719 4.712 4.509 3.754 5.428 5.649 4.970 4.795 4.159 5.397 5.557 5.099 5.015 3.788 17/12/1967
7.820 7.796 7.510 6.323 6.491 7.562 7.422 7.372 7.108 6.830 8.188 8.170 7.888 7.773 6.909 8.752 8.756 8.135 8.047 7.477 9.060 8.736 8.388 8.164 7.857 9.260 8.757 8.459 8.431 7.720 18/12/1967
2.835 2.744 2.620 2.052 2.173 2.520 2.324 2.465 2.693 2.289 2.811 2.699 2.781 2.687 2.403 3.161 3.102 2.968 2.858 2.536 3.487 3.068 3.121 3.011 3.086 3.810 3.402 3.612 3.417 2.934 19/12/1967
2.677 2.701 1.936 0.349 1.038 2.708 2.716 1.930 0.681 0.862 2.956 2.691 1.018 1.115 0.793 3.008 2.279 1.216 1.329 0.795 2.974 2.262 1.479 1.164 0.744 2.689 2.306 1.381 1.252 1.019 20/12/1967
10.539 10.274 10.111 9.486 9.106 10.103 9.966 9.990 9.590 9.119 10.140 10.071 9.902 9.732 9.245 10.388 10.209 9.831 9.628 9.440 10.353 10.191 9.832 9.897 9.514 10.305 10.170 9.940 9.854 9.314 21/12/1967
9.520 9.336 9.056 8.541 8.494 9.121 8.933 8.924 9.032 8.648 9.193 9.116 9.331 9.192 8.767 9.957 10.003 9.345 9.205 9.173 9.953 9.985 9.347 9.436 9.417 10.001 9.966 9.545 9.523 9.208 22/12/1967
5.361 5.246 5.627 5.169 5.329 5.119 4.950 5.528 5.945 5.534 5.441 5.843 6.196 6.055 5.622 5.766 6.499 6.312 6.168 5.041 5.219 6.496 6.097 6.367 5.339 4.988 5.136 4.846 5.227 5.114 23/12/1967
6.151 5.919 5.861 4.830 4.938 5.815 5.725 5.780 5.356 5.015 5.518 5.681 5.793 5.685 5.127 6.504 6.512 5.712 5.578 5.458 6.473 6.502 5.527 5.772 5.572 6.298 6.269 5.434 5.487 5.375 24/12/1967
2.143 1.988 1.857 1.301 0.849 1.768 1.612 1.707 1.689 1.058 1.787 1.748 1.945 1.736 1.296 2.454 2.355 1.893 1.652 1.809 2.368 2.337 1.805 1.998 2.394 2.516 2.518 2.200 2.330 2.032 25/12/1967
1.210 1.135 0.995 1.237 -0.125 1.000 0.864 0.926 0.421 -0.069 1.144 1.074 0.663 0.628 0.065 1.758 1.495 0.720 0.641 0.526 1.811 1.465 0.784 0.753 0.837 1.714 1.453 0.810 0.830 0.725 26/12/1967
0.367 0.627 0.597 1.055 0.406 0.583 0.518 0.581 0.717 0.468 0.517 0.400 0.499 0.244 0.662 0.579 0.678 0.669 0.298 0.470 0.671 0.641 0.702 0.680 0.762 0.700 0.738 0.834 0.731 0.406 27/12/1967
1.796 1.751 1.541 1.756 1.098 1.591 1.504 1.433 0.240 1.107 1.516 1.533 0.280 0.158 1.188 1.115 -0.399 0.312 0.181 -0.190 1.298 -0.397 0.380 0.368 0.086 1.126 -0.517 0.590 0.363 -0.090 28/12/1967
2.235 1.954 2.105 2.221 1.879 1.851 1.812 2.060 1.591 1.700 1.784 1.793 1.612 1.634 1.778 2.084 1.625 1.491 1.483 1.316 2.282 1.624 1.461 1.477 1.417 2.727 1.966 1.607 1.479 1.420 29/12/1967
1.401 1.233 1.032 0.591 0.411 1.175 1.090 1.007 0.380 0.214 0.801 0.557 0.472 0.491 0.300 1.015 0.591 0.401 0.381 0.159 0.846 0.579 0.472 0.384 0.272 1.174 1.070 0.743 0.460 0.278 30/12/1967
3.803 3.468 3.503 2.438 2.587 3.373 3.313 3.431 2.734 2.510 2.925 2.888 3.146 3.083 2.608 3.491 3.122 2.723 2.621 2.555 3.284 3.103 3.011 2.753 2.586 3.124 3.012 2.926 2.704 2.474 31/12/1967
2.849 2.753 2.762 1.990 1.966 2.663 2.595 2.702 2.690 2.461 2.666 2.889 2.737 2.673 2.506 3.081 3.477 2.839 2.765 2.788 3.467 3.457 2.862 2.896 3.250 3.659 3.592 3.149 3.221 3.081 01/01/1968
2.682 2.574 2.557 1.789 1.408 2.460 2.401 2.490 1.809 1.551 2.364 2.435 1.910 1.829 1.636 2.957 2.839 1.837 1.728 1.741 3.240 2.807 1.849 1.883 1.928 3.351 2.974 2.132 2.097 1.785 02/01/1968
3.741 3.423 3.344 2.955 3.137 3.248 3.127 3.246 3.509 3.330 3.623 3.534 3.595 3.500 3.455 4.038 4.272 3.709 3.618 3.692 4.327 4.258 3.800 3.772 3.773 4.369 4.265 3.984 3.996 3.586 03/01/1968
2.313 2.053 1.434 1.174 0.176 1.959 1.851 1.375 0.819 0.095 2.724 2.194 0.979 0.820 0.208 2.610 2.110 1.198 1.054 0.671 2.644 2.126 1.953 1.305 0.997 2.783 2.194 2.249 1.821 0.761 04/01/1968
5.071 4.729 4.563 4.094 3.340 4.522 4.307 4.417 3.985 3.356 4.647 4.597 4.297 4.159 3.467 5.034 4.419 4.179 4.016 3.838 5.326 4.370 4.507 4.269 4.183 5.770 4.712 4.856 4.626 3.938 05/01/1968
-0.513 -0.888 -0.866 -0.407 -0.861 -1.049 -1.211 -0.993 -1.279 -0.929 -1.138 -1.132 -1.197 -1.260 -0.839 -0.436 -0.805 -1.236 -1.293 -1.107 -0.145 -0.817 -1.212 -1.219 -0.534 0.276 -0.390 -0.857 -0.625 -0.653 06/01/1968
-1.491 -1.645 -1.642 -2.952 -2.216 -1.841 -2.055 -1.773 -1.955 -2.265 -1.853 -1.814 -1.876 -2.068 -2.160 -1.682 -1.749 -1.972 -2.175 -2.178 -1.525 -1.776 -2.014 -1.880 -1.882 -1.212 -1.490 -1.507 -1.612 -2.159 07/01/1968
-0.584 -0.848 -1.118 -1.786 -1.569 -0.931 -1.051 -1.165 -1.212 -1.568 -0.938 -1.085 -0.999 -1.105 -1.470 -0.612 -0.714 -1.053 -1.207 -1.323 -0.510 -0.708 -0.973 -1.018 -1.021 -0.531 -0.612 -0.752 -0.867 -1.191 08/01/1968
3.009 3.012 2.862 1.970 2.933 2.955 2.947 2.844 2.816 2.849 2.924 3.044 3.322 3.248 2.859 2.956 2.691 3.419 3.350 2.860 3.021 2.702 3.554 3.450 3.702 3.284 2.629 3.569 3.661 3.627 09/01/1968
6.547 6.410 6.353 5.470 5.429 6.290 6.195 6.276 5.973 5.714 6.474 6.501 6.372 6.294 5.768 6.509 6.506 6.394 6.318 6.157 6.761 6.510 6.527 6.439 6.462 6.965 6.551 6.630 6.508 6.341 10/01/1968
6.699 6.521 6.367 5.879 5.790 6.394 6.304 6.251 6.273 6.053 6.473 6.463 6.546 6.522 6.086 6.399 6.752 6.782 6.685 6.605 6.745 6.738 6.916 6.815 7.047 7.169 7.017 7.190 7.086 6.944 11/01/1968
2.950 2.799 2.630 1.625 2.842 2.735 2.644 2.566 2.955 2.923 2.744 2.740 3.310 3.312 2.982 2.706 3.712 3.595 3.531 3.273 3.067 3.713 3.649 3.610 3.695 3.327 3.805 3.738 3.855 3.640 12/01/1968
1.532 1.422 1.115 0.421 0.823 1.302 1.200 1.042 0.582 0.899 0.892 0.843 0.943 0.797 0.976 2.002 2.507 0.786 0.664 0.337 2.378 2.486 0.907 0.835 0.428 2.520 2.445 0.807 0.678 0.281 13/01/1968
4.516 4.269 4.293 3.897 3.757 4.141 3.960 4.238 4.597 4.103 4.161 4.342 4.740 4.638 4.183 4.269 4.704 4.806 4.673 4.545 4.725 4.718 4.716 4.859 4.842 4.822 4.623 4.744 4.812 4.663 14/01/1968
6.712 6.385 6.193 5.196 5.021 6.185 6.026 6.087 5.537 5.200 5.966 6.025 5.750 5.637 5.260 6.232 6.182 5.795 5.648 5.611 6.100 6.158 5.687 5.876 5.840 6.006 6.010 5.766 5.814 5.619 15/01/1968
3.472 3.511 3.246 2.410 2.608 3.369 3.241 3.162 3.344 3.081 3.200 3.271 3.605 3.505 3.139 3.524 4.058 3.665 3.586 3.513 3.725 4.016 3.608 3.724 3.818 4.107 4.057 3.779 3.910 3.666 16/01/1968
1.913 1.873 1.885 2.237 2.336 1.775 1.683 1.841 3.040 2.317 1.748 1.769 2.977 2.918 2.414 2.261 2.916 2.893 2.813 2.768 2.402 2.893 2.866 2.940 3.032 2.879 3.119 3.123 3.233 2.899 17/01/1968
0.761 0.923 0.649 -0.131 0.399 0.663 0.490 0.495 0.913 0.713 1.034 1.015 1.219 1.105 0.838 1.617 2.093 1.354 1.265 1.236 2.438 2.049 1.583 1.423 1.653 2.554 2.146 1.778 1.740 1.520 18/01/1968
-1.586 -1.796 -1.890 -2.012 -1.905 -1.974 -2.151 -2.012 -1.360 -1.706 -1.708 -1.732 -1.336 -1.495 -1.598 -1.087 -0.645 -1.284 -1.425 -1.293 -0.616 -0.685 -1.220 -1.214 -0.947 -0.535 -0.447 -0.939 -1.005 -1.151 19/01/1968
3.584 3.549 3.195 3.199 2.450 3.575 3.495 3.167 2.819 2.325 3.784 3.567 3.325 3.292 2.262 3.999 3.818 3.392 3.339 3.051 4.157 3.813 3.709 3.412 3.260 4.038 3.842 3.730 3.499 3.196 20/01/1968
11.940 11.849 11.725 11.019 10.610 11.665 11.522 11.611 11.090 10.656 11.750 11.712 11.419 11.294 10.784 11.972 11.804 11.376 11.227 11.120 11.887 11.792 11.439 11.433 11.167 11.754 11.731 11.526 11.374 10.981 21/01/1968
11.686 11.363 11.614 11.176 10.721 11.160 11.002 11.501 11.224 10.765 11.125 11.247 11.243 11.113 10.894 11.400 11.399 11.023 10.878 11.015 11.477 11.381 11.039 11.101 10.998 11.611 11.482 11.292 11.156 10.785 22/01/1968
11.124 10.888 10.919 10.511 9.923 10.707 10.548 10.814 10.438 9.929 10.852 10.919 10.666 10.516 10.083 11.166 11.110 10.523 10.356 10.296 11.291 11.087 10.644 10.611 10.473 11.372 11.131 10.832 10.696 10.239 23/01/1968
8.597 8.326 8.432 8.094 6.497 8.127 7.966 8.318 6.596 6.546 8.262 8.226 6.704 6.486 6.692 8.470 8.117 6.712 6.535 6.668 8.854 8.080 6.806 6.792 6.911 8.973 8.323 7.150 7.046 6.731 24/01/1968
6.285 6.270 6.106 5.605 5.176 6.093 5.929 6.006 5.887 5.273 6.427 6.224 6.145 6.011 5.443 6.808 6.990 6.328 6.227 6.035 7.321 6.952 6.481 6.392 6.532 7.648 7.364 6.995 6.738 6.394 25/01/1968
7.668 7.607 7.805 7.520 6.992 7.451 7.322 7.726 7.447 7.072 7.240 7.757 7.432 7.326 7.185 7.632 7.957 7.098 6.999 7.282 7.572 7.937 6.795 7.140 6.862 7.536 7.605 6.592 6.649 6.755 26/01/1968
1.420 1.467 1.622 1.491 2.133 1.260 1.093 1.511 2.367 2.292 1.441 1.656 2.178 2.156 2.342 1.585 2.054 2.260 2.263 2.469 1.934 2.040 2.272 2.251 2.518 2.284 2.166 2.303 2.350 2.560 27/01/1968
1.471 1.620 1.894 1.915 2.039 1.481 1.297 1.759 2.863 2.304 1.410 1.873 2.381 2.478 2.339 1.623 2.117 2.754 2.877 3.089 2.024 2.108 2.346 2.702 2.954 2.259 2.211 2.262 2.694 3.192 28/01/1968
2.251 2.651 3.061 2.792 2.846 2.482 2.335 3.003 3.399 3.075 2.032 2.415 2.455 2.395 3.180 2.039 2.822 2.256 2.271 2.888 2.360 2.801 1.913 2.265 2.481 2.604 3.004 2.096 2.250 2.498 29/01/1968
6.068 6.728 7.192 8.027 7.594 6.585 6.472 7.102 7.849 7.606 6.399 6.579 6.206 6.251 7.598 4.758 4.872 6.499 6.539 7.249 5.039 4.852 5.866 6.484 6.859 5.244 5.196 6.116 6.562 6.957 30/01/1968
6.587 6.791 7.349 7.691 6.106 7.023 7.167 7.446 5.495 6.228 6.741 6.929 5.059 4.713 6.190 6.212 7.201 4.817 4.605 5.011 6.396 7.167 4.370 4.944 5.047 6.729 7.451 5.143 5.112 4.671 31/01/1968
10.206 10.215 9.906 10.549 7.985 10.100 9.979 9.801 7.407 7.926 10.414 10.120 7.322 7.294 7.894 9.167 7.734 7.370 7.410 7.032 9.212 7.678 7.508 7.385 6.932 9.437 7.862 7.615 7.337 6.963 01/02/1968
6.396 6.423 6.453 6.138 6.064 6.297 6.216 6.387 5.787 6.023 6.455 6.399 5.745 5.684 6.132 6.511 6.534 5.821 5.722 5.803 6.520 6.513 5.780 5.870 5.778 6.457 6.306 5.753 5.855 5.608 02/02/1968
3.611 3.854 3.889 4.113 3.422 3.707 3.612 3.828 3.932 3.656 3.981 3.950 3.594 3.482 3.731 4.317 4.427 3.653 3.542 4.003 4.461 4.394 3.559 3.731 4.111 4.517 4.439 3.745 3.942 3.964 03/02/1968
3.218 3.239 3.540 3.502 3.211 3.147 3.047 3.517 3.858 3.141 2.891 3.152 4.008 3.884 3.273 3.538 3.546 3.922 3.770 3.921 3.954 3.535 3.675 3.983 4.465 4.500 3.786 3.870 4.366 4.279 04/02/1968
6.868 6.894 6.705 6.234 5.839 6.760 6.625 6.618 6.418 6.029 6.995 6.924 6.669 6.545 6.115 7.486 6.766 6.789 6.701 6.355 7.575 6.738 6.618 6.839 6.824 7.543 6.860 6.799 6.966 6.670 05/02/1968
2.888 3.130 2.608 2.572 2.365 3.080 3.025 2.557 2.672 2.478 3.211 3.005 2.730 2.679 2.530 3.378 2.987 2.928 2.888 2.929 3.377 3.009 2.721 2.951 3.087 3.354 3.044 2.805 2.698 3.023 06/02/1968
4.083 4.023 3.495 3.597 3.011 3.866 3.754 3.397 2.958 2.818 3.987 3.863 3.312 3.219 2.833 4.334 4.568 3.516 3.414 3.184 4.502 4.560 3.531 3.546 3.575 4.566 4.664 3.721 3.649 3.456 07/02/1968
2.300 2.547 2.080 1.868 1.865 2.334 2.165 1.947 2.549 2.060 2.668 2.713 2.593 2.469 2.109 3.049 3.168 2.761 2.646 2.460 3.406 3.131 2.617 2.843 2.983 3.371 3.193 2.876 2.911 2.776 08/02/1968
2.991 2.979 2.856 2.159 2.448 2.948 2.886 2.815 2.538 2.493 3.029 3.053 2.843 2.824 2.588 3.072 3.130 2.820 2.785 2.577 3.205 3.106 2.819 2.847 2.711 3.103 3.100 2.881 2.857 2.610 09/02/1968
9.032 9.038 8.912 8.444 8.393 8.929 8.854 8.843 8.458 8.460 9.014 8.903 8.554 8.536 8.482 9.128 9.126 8.520 8.497 8.476 9.096 9.124 8.531 8.546 8.344 9.053 9.030 8.556 8.610 8.215 10/02/1968
5.882 6.056 5.558 4.763 5.028 5.936 5.860 5.486 5.120 5.057 6.281 5.990 5.535 5.440 5.135 6.549 6.330 5.650 5.549 5.512 6.303 6.337 5.587 5.681 5.911 5.993 6.328 5.716 5.937 5.820 11/02/1968
4.112 4.038 3.564 3.250 3.374 3.888 3.805 3.475 3.493 3.317 4.042 3.801 3.834 3.668 3.452 4.447 4.328 3.665 3.441 3.340 4.259 4.319 3.783 3.711 3.548 4.156 4.297 4.021 4.046 3.293 12/02/1968
4.508 4.262 3.820 1.656 2.813 4.299 4.326 3.820 2.932 2.833 4.127 4.025 2.922 2.847 2.870 3.289 3.287 2.956 2.890 2.900 3.168 3.253 3.003 2.974 3.066 3.197 3.355 3.189 3.293 3.022 13/02/1968
7.830 7.863 7.750 7.510 7.010 7.782 7.719 7.705 7.158 6.986 7.769 7.851 7.445 7.371 7.047 7.607 7.686 7.164 7.098 7.062 7.662 7.651 7.365 7.178 7.091 7.371 7.358 7.122 7.048 7.024 14/02/1968
9.089 9.170 9.105 8.643 7.805 9.097 9.049 9.043 8.197 7.630 9.083 9.184 8.535 8.522 7.590 8.874 9.305 8.176 8.184 7.969 8.761 9.295 8.497 8.186 8.169 8.574 9.051 8.195 8.405 8.150 15/02/1968
7.578 7.885 7.498 6.747 7.543 7.523 7.251 7.269 8.951 7.946 7.799 7.774 9.485 9.361 7.940 9.972 9.929 9.309 9.188 8.829 9.716 9.953 9.494 9.361 9.376 9.558 9.944 9.706 9.584 9.211 16/02/1968
10.583 10.532 10.298 10.206 9.931 10.185 9.950 10.100 10.750 10.235 10.514 10.605 10.973 10.796 10.301 10.008 10.177 10.993 10.754 10.483 10.075 10.181 11.228 11.090 10.862 10.444 10.391 11.742 11.535 10.554 17/02/1968
13.994 14.016 13.961 12.984 12.231 13.936 13.888 13.894 13.407 12.447 13.939 14.002 13.551 13.454 12.753 13.043 12.960 13.420 13.172 13.205 13.050 12.981 13.485 13.442 13.290 13.177 13.085 13.750 13.402 13.026 18/02/1968
9.561 9.675 9.715 9.373 9.548 9.454 9.375 9.558 9.598 9.428 9.398 9.531 9.941 9.825 9.442 9.708 9.924 9.583 9.434 9.238 9.698 9.887 9.722 9.614 9.114 10.001 9.907 9.792 9.407 9.038 19/02/1968
11.253 11.048 11.020 10.846 10.658 10.823 10.669 10.855 11.055 10.544 10.830 10.842 11.112 11.055 10.604 11.270 11.081 11.021 10.946 10.858 11.514 11.039 11.021 11.031 10.900 11.684 11.238 11.301 11.113 10.831 20/02/1968
10.177 10.179 10.122 10.136 9.793 9.969 9.808 9.980 10.462 9.986 10.155 10.084 10.524 10.392 10.086 10.282 10.827 10.799 10.633 10.719 10.601 10.776 10.784 10.846 11.397 10.913 11.412 11.496 11.558 11.207 21/02/1968
7.670 7.793 7.441 7.406 7.976 7.652 7.525 7.345 8.774 8.264 7.974 7.925 8.612 8.491 8.334 8.544 8.687 8.655 8.527 8.576 8.768 8.652 8.738 8.715 8.887 8.889 8.844 8.963 8.917 8.719 22/02/1968
5.259 5.195 4.805 5.210 5.413 4.967 4.738 4.661 5.867 5.437 5.139 5.006 5.824 5.651 5.566 5.908 6.061 5.839 5.607 5.335 5.991 6.029 5.967 5.941 6.050 6.179 6.351 6.556 6.429 5.693 23/02/1968
8.293 8.095 7.854 8.512 7.641 7.870 7.668 7.706 8.274 7.797 7.816 7.828 8.341 8.195 7.930 7.819 8.245 8.159 7.953 7.986 8.192 8.238 8.256 8.238 8.296 9.125 8.997 9.155 8.583 8.014 24/02/1968
11.394 11.340 10.878 10.046 10.112 11.204 11.105 10.790 10.152 9.532 11.260 11.259 11.377 11.361 9.633 11.588 11.986 10.979 10.899 9.798 11.852 11.965 12.053 11.011 9.918 12.192 12.182 12.238 11.026 9.793 25/02/1968
11.318 11.484 11.014 9.802 9.819 11.452 11.463 10.984 10.333 9.590 11.685 11.436 11.338 11.098 9.591 12.667 12.263 10.986 10.677 9.830 12.628 12.276 11.843 11.082 10.238 12.618 12.048 11.946 10.800 9.776 26/02/1968
7.514 7.148 7.272 7.077 6.162 7.019 6.933 7.190 6.967 6.284 7.076 7.059 7.014 6.951 6.336 7.322 7.827 7.053 6.935 6.907 7.916 7.805 7.248 7.073 7.141 8.031 7.992 7.585 7.139 6.968 27/02/1968
7.892 7.858 8.176 7.625 7.492 7.670 7.530 8.066 7.985 7.614 7.795 7.801 8.207 8.096 7.775 7.859 8.222 8.198 8.042 7.925 8.114 8.203 8.060 8.246 8.040 8.223 8.218 8.121 8.108 7.833 28/02/1968
9.041 8.915 8.829 8.322 8.371 8.701 8.604 8.701 8.899 8.477 8.790 8.972 9.228 9.123 8.627 9.062 9.370 9.329 9.215 8.883 9.297 9.339 9.152 9.391 9.157 9.114 9.363 9.232 9.170 8.931 29/02/1968
6.043 6.114 5.966 5.913 5.094 6.049 5.933 5.894 5.605 5.302 6.048 6.206 5.938 5.844 5.379 6.578 6.891 6.000 5.914 5.706 6.920 6.850 5.974 6.060 5.948 6.814 6.805 6.022 6.096 5.771 01/03/1968
4.114 4.068 3.825 3.184 2.737 3.921 3.735 3.695 2.951 2.879 3.975 3.970 3.265 3.176 2.929 4.403 4.441 3.338 3.236 3.104 4.695 4.431 3.484 3.356 3.393 4.769 4.514 3.608 3.461 3.266 02/03/1968
3.343 3.270 3.211 2.522 2.409 3.074 2.903 3.074 2.525 2.464 3.007 3.045 2.651 2.517 2.523 3.236 3.223 2.600 2.439 2.395 3.365 3.201 2.468 2.664 2.612 3.463 3.252 2.612 2.769 2.397 03/03/1968
2.928 2.757 2.769 2.480 2.401 2.607 2.460 2.655 2.091 2.019 2.588 2.542 2.210 2.126 2.121 2.786 2.759 1.965 1.862 1.852 2.744 2.740 1.834 2.018 1.748 2.850 2.812 1.964 1.805 1.616 04/03/1968
7.388 7.399 7.271 5.762 6.994 7.272 7.185 7.186 6.918 7.051 7.237 7.223 7.093 6.991 7.120 6.993 7.048 6.936 6.872 6.811 7.100 7.030 6.980 6.995 6.792 7.616 7.240 7.331 7.016 6.645 05/03/1968
11.016 10.963 10.843 10.552 10.857 10.882 10.829 10.766 11.011 10.925 10.758 10.956 11.062 10.987 11.009 10.725 11.013 11.100 11.020 11.022 10.826 11.004 11.040 11.131 11.271 10.915 10.959 11.145 11.343 11.149 06/03/1968
7.056 6.974 6.772 5.599 5.787 6.815 6.695 6.683 5.814 5.810 6.730 6.807 6.439 6.384 5.936 6.617 6.483 6.398 6.340 6.091 6.695 6.481 6.351 6.446 6.326 6.718 6.407 6.365 6.515 6.203 07/03/1968
6.363 6.213 5.619 4.176 4.614 6.029 5.928 5.500 4.486 4.554 6.173 6.029 5.031 4.985 4.603 6.191 5.611 5.090 5.019 4.748 6.215 5.582 5.179 5.134 5.059 6.235 5.649 5.318 5.357 4.937 08/03/1968
7.548 7.248 6.915 5.719 5.287 7.090 6.908 6.822 5.456 5.272 6.921 6.955 6.244 6.116 5.361 6.869 6.629 6.059 5.951 5.449 6.829 6.592 6.171 6.113 6.204 6.862 6.580 6.222 6.189 6.007 09/03/1968
6.420 6.246 5.894 5.182 4.616 6.211 6.168 5.885 5.306 5.023 6.380 6.269 5.772 5.674 5.252 6.867 6.967 5.922 5.808 5.683 6.946 6.941 6.102 5.967 6.220 6.982 6.926 6.171 6.145 6.127 10/03/1968
4.293 4.294 3.942 3.582 3.439 4.271 4.181 3.882 3.595 3.380 4.423 4.176 3.714 3.620 3.488 4.362 4.741 4.002 3.912 3.584 4.504 4.734 4.143 4.034 3.970 5.022 5.117 4.565 4.319 3.854 11/03/1968
10.513 9.910 9.551 9.191 8.730 9.780 9.663 9.463 8.682 8.389 9.585 9.335 9.045 8.900 8.521 9.399 8.761 8.591 8.446 8.038 8.882 8.734 8.836 8.654 7.365 8.262 7.632 7.778 7.607 7.149 12/03/1968
11.654 11.337 10.995 9.813 9.468 11.148 11.051 10.871 10.039 9.489 11.095 10.946 10.469 10.363 9.649 10.979 10.792 10.315 10.208 10.017 11.103 10.752 10.413 10.338 9.926 11.009 10.611 10.330 10.203 9.791 13/03/1968
13.421 13.153 13.003 12.133 12.047 12.945 12.779 12.881 12.373 11.972 12.769 12.757 13.095 12.943 12.076 13.121 12.830 12.745 12.599 12.612 13.035 12.800 12.591 12.795 12.660 13.020 12.620 12.485 12.613 12.387 14/03/1968
9.555 9.712 9.311 9.312 9.207 9.585 9.482 9.267 9.218 9.338 9.789 9.582 9.253 9.229 9.430 10.122 10.055 9.139 9.093 8.972 10.006 10.026 9.222 9.152 8.806 10.016 9.811 8.986 8.869 8.695 15/03/1968
7.373 7.266 6.709 4.738 4.424 6.822 6.499 6.431 4.875 4.705 6.931 7.240 5.647 5.482 4.837 7.210 7.821 5.934 5.874 5.219 7.810 7.729 6.338 6.068 5.890 8.522 8.046 6.670 6.525 5.641 16/03/1968
5.922 5.722 5.302 4.205 4.133 5.437 5.186 5.101 4.482 4.257 5.466 5.436 4.853 4.682 4.374 5.990 5.991 4.805 4.628 4.523 6.311 5.946 4.932 4.900 4.941 6.595 6.164 5.210 5.161 4.674 17/03/1968
4.713 4.505 4.200 3.532 3.789 4.354 4.208 4.053 3.772 3.606 4.788 4.238 4.316 4.184 3.720 5.642 5.128 4.155 4.011 3.828 5.339 5.094 4.182 4.214 3.835 5.507 5.155 4.319 4.282 3.610 18/03/1968
9.929 9.594 9.509 8.197 8.448 9.454 9.352 9.414 8.608 8.333 9.581 9.428 9.137 8.986 8.418 9.896 9.775 9.028 8.857 8.752 9.904 9.727 8.999 9.092 9.141 9.798 9.671 9.047 9.142 8.885 19/03/1968
9.177 9.248 8.916 8.394 8.633 9.080 8.920 8.820 8.826 8.818 9.130 9.095 8.949 8.836 8.916 9.262 8.854 8.699 8.575 8.955 9.103 8.817 8.741 8.748 9.263 9.199 8.924 8.941 8.788 9.078 20/03/1968
8.500 8.374 7.848 7.414 7.561 8.158 7.975 7.729 7.713 7.778 8.078 7.995 7.864 7.712 7.896 8.260 8.234 7.697 7.522 7.584 8.537 8.191 7.810 7.752 7.828 8.606 8.389 8.121 7.914 7.616 21/03/1968
5.136 5.044 4.621 4.226 4.225 4.888 4.739 4.452 4.278 4.278 4.915 4.894 4.546 4.396 4.282 5.406 5.642 4.568 4.366 4.217 5.531 5.584 4.620 4.598 4.622 5.696 5.660 4.821 4.746 4.396 22/03/1968
4.338 4.315 3.991 3.977 4.036 4.137 3.974 3.838 4.262 3.997 3.925 3.858 4.369 4.228 3.984 4.502 4.215 4.258 4.083 4.148 4.560 4.191 4.241 4.326 4.270 4.718 4.170 4.369 4.367 4.058 23/03/1968
4.358 4.284 4.073 3.894 4.179 4.145 3.992 3.969 3.746 3.689 3.955 3.971 3.806 3.728 3.774 4.128 4.383 3.618 3.493 3.196 3.937 4.376 3.804 3.641 3.334 3.908 4.170 3.727 3.583 3.197 24/03/1968
4.165 4.237 3.926 3.909 3.582 4.042 3.912 3.850 3.733 3.471 3.882 3.948 3.868 3.794 3.555 4.489 4.544 3.790 3.655 3.573 4.300 4.527 3.861 3.791 3.812 4.419 4.659 4.019 4.005 3.690 25/03/1968
5.298 5.139 4.780 4.641 3.759 4.932 4.884 4.581 5.315 3.696 4.760 4.782 5.694 5.552 3.737 4.552 5.358 5.636 5.450 5.399 4.437 5.360 5.639 5.672 5.656 4.768 5.467 5.855 5.881 5.437 26/03/1968
7.115 7.038 6.827 5.934 5.343 6.866 6.757 6.706 5.548 5.419 6.265 6.627 6.256 6.158 5.485 6.498 7.324 6.128 6.029 5.871 6.521 7.294 6.068 6.190 6.440 6.900 7.276 6.033 6.356 6.246 27/03/1968
7.619 7.582 7.202 6.158 6.295 7.276 7.046 7.009 6.324 6.509 7.214 7.361 6.554 6.470 6.575 7.638 7.866 6.525 6.433 6.271 7.987 7.818 6.682 6.590 6.501 8.406 7.956 6.733 6.717 6.378 28/03/1968
7.155 6.937 6.434 5.221 5.045 6.744 6.589 6.349 5.353 5.024 6.381 6.491 5.834 5.694 5.146 7.043 6.615 5.685 5.566 5.337 7.025 6.602 5.593 5.760 5.664 7.086 6.579 5.707 5.935 5.489 29/03/1968
6.875 6.672 6.415 5.492 5.434 6.516 6.383 6.319 5.803 5.464 6.040 6.232 6.377 6.338 5.567 6.749 6.910 6.230 6.149 6.041 6.788 6.913 5.965 6.253 6.191 6.962 6.942 6.100 6.184 6.122 30/03/1968
7.420 7.111 6.854 6.042 5.907 6.915 6.755 6.728 6.110 6.058 6.528 6.767 6.570 6.495 6.184 6.468 7.159 6.511 6.421 6.379 6.687 7.147 6.461 6.559 6.817 7.099 7.305 6.733 6.944 6.707 31/03/1968
6.853 6.633 6.327 5.204 5.593 6.395 6.227 6.190 5.693 5.707 6.189 6.365 5.897 5.808 5.783 6.510 6.988 5.959 5.835 5.666 6.587 6.959 5.921 6.005 6.120 6.883 7.070 6.110 6.297 5.951 01/04/1968
5.438 4.987 4.660 3.889 5.048 4.793 4.725 4.582 5.180 5.000 4.685 4.724 5.517 5.436 5.086 6.106 5.893 5.295 5.117 4.900 6.087 5.886 5.553 5.346 5.308 6.287 5.866 5.638 5.682 5.102 02/04/1968
8.027 7.752 7.631 6.076 5.472 7.337 6.954 7.349 5.582 5.347 7.349 7.402 5.874 5.782 5.436 7.522 6.976 5.705 5.597 5.565 7.510 6.967 5.844 5.734 5.658 7.683 7.224 6.170 6.059 5.512 03/04/1968
4.823 4.876 4.667 4.344 4.413 4.725 4.612 4.563 4.722 4.476 4.662 4.735 4.531 4.389 4.607 5.238 5.502 4.501 4.323 4.351 5.047 5.452 4.450 4.574 4.253 5.104 5.383 4.472 4.337 4.031 04/04/1968
6.580 6.211 6.127 5.587 6.250 6.054 5.970 6.089 5.862 6.053 5.878 5.907 6.295 6.225 6.223 6.326 6.617 6.095 5.996 6.008 6.299 6.576 6.012 6.144 6.001 6.352 6.590 6.003 6.013 5.862 05/04/1968
6.977 6.871 6.856 6.977 7.368 6.633 6.463 6.716 7.275 7.237 6.728 6.436 7.080 6.964 7.385 7.408 7.728 6.510 6.377 6.775 7.187 7.686 6.534 6.576 6.544 7.462 7.921 6.732 6.284 6.358 06/04/1968
7.686 7.671 7.542 7.105 7.379 7.458 7.269 7.422 7.524 7.685 7.579 7.457 7.555 7.421 7.778 7.550 8.048 7.444 7.254 7.271 7.813 8.007 7.462 7.497 7.622 8.003 8.236 7.659 7.639 7.338 07/04/1968
10.558 10.504 10.579 10.605 10.303 10.482 10.436 10.572 10.587 10.585 10.647 10.525 10.308 10.233 10.649 10.974 10.695 10.336 10.249 10.708 10.980 10.681 10.336 10.356 10.886 10.844 10.932 10.664 10.744 10.759 08/04/1968
8.609 8.604 8.811 8.591 9.550 8.524 8.478 8.781 9.913 9.898 8.491 8.740 9.623 9.564 9.970 8.765 9.094 9.706 9.654 10.027 8.915 9.102 9.385 9.711 9.977 9.013 9.219 9.571 9.821 9.971 09/04/1968
8.566 8.422 8.564 8.787 9.907 8.220 8.057 8.439 9.744 9.763 8.289 8.265 9.317 9.233 9.874 8.873 9.006 9.263 9.166 9.423 8.916 8.969 9.101 9.308 9.262 9.162 9.010 9.169 9.278 9.132 10/04/1968
7.725 7.762 7.727 7.120 7.391 7.522 7.315 7.565 7.999 7.599 8.234 7.807 8.017 7.889 7.797 8.906 8.495 7.894 7.734 7.842 9.138 8.453 8.162 7.941 8.300 9.240 8.639 8.441 8.389 8.062 11/04/1968
7.065 6.941 7.196 7.208 7.313 6.774 6.578 7.088 8.153 8.088 7.119 7.112 7.624 7.513 8.234 7.203 7.758 7.738 7.600 8.318 7.764 7.761 7.546 7.772 8.412 8.010 8.081 7.944 8.100 8.195 12/04/1968
8.387 8.356 8.224 8.324 8.273 8.241 8.119 8.146 7.982 8.257 8.222 8.242 7.709 7.674 8.367 8.638 8.676 7.661 7.652 7.681 8.675 8.654 7.656 7.649 7.648 8.882 8.878 7.761 7.661 7.637 13/04/1968
7.595 7.686 7.524 7.925 6.841 7.583 7.523 7.467 7.211 6.790 7.462 7.515 7.009 6.915 6.897 7.119 7.364 6.941 6.840 6.761 7.085 7.311 6.886 7.002 7.002 7.273 7.489 7.068 7.130 6.830 14/04/1968
5.814 5.877 5.903 6.324 6.666 5.731 5.576 5.802 6.277 5.976 5.526 5.613 6.245 6.145 6.156 5.860 6.303 6.140 5.998 5.708 5.953 6.250 5.925 6.203 6.264 6.279 6.580 6.338 6.543 6.051 15/04/1968
9.295 9.264 9.069 8.438 8.365 9.091 8.917 8.942 8.410 8.316 9.016 9.071 8.981 8.813 8.486 9.200 9.268 8.975 8.795 8.484 9.510 9.236 8.981 9.049 9.136 9.814 9.495 9.414 9.429 8.877 16/04/1968
6.671 6.694 6.231 5.020 5.815 6.577 6.516 6.164 6.283 6.042 6.532 6.556 7.004 6.873 6.169 6.905 7.986 7.146 7.009 6.870 7.164 7.943 7.240 7.203 7.435 7.133 8.051 7.406 7.487 7.276 17/04/1968
4.667 4.571 4.343 3.973 5.026 4.393 4.244 4.184 5.022 5.194 4.620 4.484 4.981 4.942 5.243 5.195 4.686 5.136 5.088 5.011 5.415 4.674 5.161 5.154 5.302 5.619 5.030 5.419 5.357 5.212 18/04/1968
6.980 6.998 6.733 6.117 6.269 6.808 6.663 6.619 6.943 6.490 6.744 6.747 6.444 6.236 6.694 7.056 6.624 6.109 5.868 6.127 7.102 6.565 6.313 6.214 6.152 7.130 6.791 6.752 6.467 5.873 19/04/1968
8.688 8.335 8.350 8.039 7.934 8.074 7.849 8.189 8.400 8.320 7.995 8.076 7.891 7.695 8.591 8.096 7.811 7.916 7.654 8.007 8.415 7.779 7.707 8.000 8.159 8.498 7.927 7.996 8.289 7.851 20/04/1968
10.318 10.509 10.288 9.669 8.658 10.432 10.306 10.227 10.358 9.135 10.434 10.417 10.057 9.988 9.384 10.298 9.489 10.198 10.069 10.280 10.214 9.503 10.099 10.228 10.149 9.856 9.201 9.894 10.033 10.022 21/04/1968
9.888 9.855 10.004 10.926 10.996 9.639 9.503 9.848 11.222 11.143 9.502 9.707 10.542 10.390 11.243 9.880 10.666 10.458 10.286 11.191 10.099 10.620 10.099 10.555 11.256 9.609 10.700 10.338 10.772 10.971 22/04/1968
12.468 12.347 12.267 12.398 12.560 12.140 12.023 12.136 13.037 12.702 12.070 12.156 12.592 12.489 12.796 12.350 12.548 12.553 12.434 12.948 12.060 12.506 12.257 12.616 12.720 11.541 12.202 12.030 12.471 12.543 23/04/1968
14.170 14.253 14.196 14.341 13.631 14.053 13.887 14.085 14.008 13.377 14.239 14.057 13.945 13.901 13.410 13.799 13.465 13.795 13.763 13.881 13.554 13.401 13.700 13.803 13.483 13.592 13.476 13.601 13.510 13.476 24/04/1968
11.104 10.965 10.737 10.920 10.196 10.768 10.625 10.617 10.422 10.113 10.958 10.738 10.822 10.709 10.160 11.383 11.250 10.578 10.430 10.406 11.130 11.195 10.592 10.632 10.428 11.011 11.054 10.509 10.483 10.207 25/04/1968
9.277 9.316 9.106 9.550 9.739 9.133 8.998 8.992 9.877 9.629 9.386 9.481 9.821 9.704 9.714 9.871 10.296 9.989 9.825 9.764 10.084 10.269 9.947 10.056 10.152 10.486 10.565 10.423 10.367 9.938 26/04/1968
9.766 9.714 9.499 9.713 9.590 9.494 9.300 9.352 9.954 9.560 9.395 9.427 9.653 9.505 9.692 9.954 10.198 9.603 9.416 9.488 10.241 10.136 9.655 9.689 9.859 10.798 10.387 10.041 10.219 9.637 27/04/1968
11.762 11.887 11.566 11.040 10.768 11.704 11.534 11.459 10.975 10.724 12.014 12.005 11.448 11.323 10.855 12.425 12.338 11.516 11.330 11.153 12.692 12.307 11.815 11.589 11.586 12.656 12.250 11.887 11.871 11.363 28/04/1968
13.125 13.590 13.072 12.599 12.834 13.434 13.274 12.966 13.151 12.871 13.663 13.645 13.771 13.619 12.973 14.255 14.344 13.809 13.632 13.344 14.822 14.314 14.109 13.882 13.942 15.622 14.352 14.247 14.162 13.693 29/04/1968
10.908 11.026 11.143 11.470 11.583 10.896 10.761 11.049 12.166 12.143 10.783 11.079 11.355 11.252 12.244 11.060 11.936 11.842 11.680 12.004 11.590 11.900 11.455 11.908 11.978 12.211 12.106 11.772 12.057 11.786 30/04/1968
10.857 11.069 11.229 11.539 12.082 10.992 10.995 11.184 11.975 12.262 11.951 12.178 12.214 12.108 12.242 12.321 12.193 12.225 12.093 11.952 12.821 12.152 12.091 12.297 12.268 13.178 12.621 12.652 12.509 12.079 01/05/1968
9.179 8.898 8.724 8.198 8.781 8.790 8.720 8.657 8.528 8.586 9.183 9.191 9.187 9.047 8.596 9.479 9.550 9.118 8.946 8.585 9.745 9.543 9.289 9.187 9.094 9.804 9.582 9.453 9.400 8.871 02/05/1968
7.159 6.805 6.606 4.859 5.700 6.561 6.382 6.453 6.358 6.006 7.052 7.112 6.989 6.840 6.076 7.285 7.457 7.108 6.888 6.708 7.806 7.396 7.242 7.188 7.327 7.822 7.595 7.546 7.515 7.054 03/05/1968
4.498 4.403 4.161 3.840 4.540 4.252 4.092 4.076 4.351 4.751 4.664 4.735 4.388 4.285 4.828 4.210 4.729 4.653 4.516 4.314 4.818 4.698 4.822 4.733 4.857 4.721 4.780 4.999 4.989 4.639 04/05/1968
4.125 4.376 4.060 3.043 5.575 4.224 4.065 3.992 4.330 5.586 5.019 4.769 4.189 4.146 5.616 6.050 6.534 4.467 4.390 4.155 6.465 6.494 4.824 4.509 4.261 6.442 6.518 4.884 4.674 4.200 05/05/1968
7.698 7.673 7.355 8.436 8.616 7.529 7.445 7.333 8.675 8.712 8.082 7.977 8.570 8.441 8.764 8.661 9.201 8.630 8.503 8.278 8.833 9.179 9.173 8.699 8.593 8.364 8.924 8.961 8.845 8.373 06/05/1968
9.027 8.830 8.982 8.822 8.706 8.772 8.735 8.952 8.676 8.534 8.659 8.696 8.657 8.576 8.603 9.661 10.107 8.576 8.482 8.406 9.980 10.050 8.609 8.617 8.956 9.956 10.009 8.518 9.172 8.800 07/05/1968
7.798 7.856 7.538 7.398 7.205 7.805 7.786 7.519 7.079 7.164 7.767 7.801 7.143 7.061 7.218 8.283 8.494 7.119 7.058 6.831 8.425 8.458 7.312 7.155 7.144 8.801 8.598 7.543 7.554 7.050 08/05/1968
9.987 9.554 9.244 8.472 8.569 9.340 9.178 9.121 8.243 8.231 9.424 9.185 8.853 8.721 8.308 10.091 9.727 8.501 8.345 7.986 9.771 9.676 8.934 8.579 8.272 9.827 9.366 8.711 8.582 8.082 09/05/1968
12.820 12.822 12.400 11.258 11.194 12.593 12.449 12.278 11.722 11.465 12.647 12.679 12.517 12.358 11.554 13.150 13.005 12.328 12.141 11.950 12.981 12.957 12.275 12.417 11.698 12.985 12.707 12.175 12.065 11.433 10/05/1968
14.913 15.207 14.555 14.157 14.143 15.016 14.939 14.448 14.506 14.337 15.289 15.079 15.253 15.145 14.384 15.874 15.939 15.181 15.013 14.313 16.056 15.916 15.567 15.238 14.892 16.366 15.976 15.664 15.304 14.753 11/05/1968
20.363 20.262 20.204 19.608 18.195 20.076 19.969 20.108 19.258 18.150 20.103 20.052 19.350 19.140 18.305 19.774 19.271 19.047 18.773 18.794 19.834 19.205 19.100 19.152 18.914 20.213 19.467 19.503 19.255 18.586 12/05/1968
16.744 17.281 17.740 15.142 15.715 17.112 16.988 17.643 16.448 15.950 16.491 16.999 17.283 17.208 16.059 17.160 17.215 16.952 16.903 17.272 17.406 17.202 16.259 16.993 17.140 17.631 17.458 16.586 17.015 16.984 13/05/1968
22.141 21.678 22.022 20.938 20.731 21.482 21.412 21.874 21.172 20.557 21.871 21.832 20.810 20.772 20.648 22.177 21.543 20.668 20.621 20.676 22.168 21.547 20.745 20.681 20.737 22.179 21.533 20.924 20.756 20.691 14/05/1968
24.205 23.546 23.909 22.079 23.121 23.478 23.427 23.841 22.435 22.966 24.099 23.785 22.376 22.319 23.009 23.483 23.131 22.052 21.981 21.936 23.427 23.163 22.246 22.077 22.144 23.325 23.126 22.576 22.287 22.064 15/05/1968
25.751 25.202 24.628 23.750 22.887 24.928 24.796 24.471 23.631 22.974 24.633 24.427 24.010 23.794 23.138 23.142 23.491 23.905 23.649 23.913 22.963 23.457 23.558 24.011 23.998 23.212 23.668 24.029 24.107 23.650 16/05/1968
22.874 22.711 22.735 22.570 22.220 22.345 22.171 22.533 21.661 21.601 22.664 21.969 21.787 21.588 21.627 23.267 23.059 21.921 21.678 21.046 23.080 23.071 22.230 22.022 21.289 22.955 22.727 22.283 21.960 20.966 17/05/1968
23.763 22.691 22.491 23.390 23.410 22.409 22.313 22.341 24.031 23.399 22.726 22.200 22.782 22.647 23.474 23.078 22.857 22.644 22.481 22.802 23.070 22.846 22.962 22.712 23.100 22.910 23.183 23.471 23.231 22.873 18/05/1968
23.885 23.431 23.038 23.491 24.164 23.219 23.198 22.939 25.273 24.694 23.560 22.901 24.018 23.849 24.797 24.324 24.607 23.820 23.621 24.047 24.358 24.586 24.425 23.907 24.150 24.330 24.854 24.927 24.365 23.859 19/05/1968
25.351 24.365 23.650 23.247 23.328 24.042 23.917 23.478 24.494 23.612 24.392 23.219 23.803 23.569 23.780 24.046 24.509 23.703 23.422 22.975 23.693 24.509 23.936 23.821 23.160 23.538 25.227 25.072 24.325 22.767 20/05/1968
19.694 20.260 19.981 19.419 19.423 20.027 19.811 19.858 20.081 19.258 20.151 20.332 20.153 19.993 19.380 20.164 20.963 20.143 19.979 19.877 20.444 20.931 20.507 20.228 20.609 20.481 21.410 21.105 20.965 20.312 21/05/1968
16.509 16.346 15.732 15.217 15.321 16.101 15.932 15.621 15.702 15.470 15.747 16.046 15.895 15.799 15.578 15.770 16.156 15.866 15.739 15.446 15.670 16.149 16.066 15.919 15.857 15.618 16.064 16.030 16.090 15.688 22/05/1968
9.053 8.987 8.847 8.674 9.107 8.891 8.849 8.780 9.208 9.392 8.909 9.018 8.803 8.736 9.489 9.244 9.383 8.957 8.856 8.878 9.528 9.352 9.218 9.023 8.977 9.509 9.362 9.295 9.159 8.831 23/05/1968
6.355 6.267 6.482 6.090 6.572 6.136 6.065 6.392 7.216 6.822 6.325 6.431 6.785 6.671 6.938 6.356 7.186 6.839 6.694 6.747 6.475 7.168 7.032 6.928 6.603 6.304 6.767 6.897 6.771 6.384 24/05/1968
8.340 8.012 8.234 7.901 8.407 7.848 7.709 8.135 8.846 8.744 8.041 7.989 8.140 8.066 8.854 7.814 8.703 8.191 8.128 8.473 8.154 8.674 8.382 8.225 8.384 8.075 8.434 8.256 8.083 8.261 25/05/1968
8.132 7.996 8.215 8.852 9.094 7.862 7.735 8.124 10.219 9.515 7.961 7.979 9.613 9.298 9.699 8.563 8.274 9.491 9.155 9.650 8.794 8.246 9.487 9.648 9.768 8.770 8.030 9.638 9.860 9.279 26/05/1968
10.055 9.518 9.707 10.048 10.993 9.180 8.894 9.492 11.051 10.865 9.297 9.261 10.525 10.337 11.030 10.495 10.583 10.266 10.020 10.117 10.431 10.555 10.514 10.374 10.213 10.575 10.384 10.573 10.346 9.896 27/05/1968
12.893 12.527 12.622 11.502 12.811 12.300 12.086 12.477 12.737 12.794 12.406 12.241 13.088 12.938 12.949 12.551 12.614 12.526 12.381 13.284 12.411 12.590 12.694 12.583 13.128 12.575 12.559 12.812 13.197 12.867 28/05/1968
18.921 18.826 18.883 16.170 15.886 18.379 18.011 18.591 18.889 16.571 18.781 18.734 19.451 19.527 16.861 17.913 17.364 19.513 19.643 19.509 17.645 17.355 19.539 19.479 19.177 17.695 17.584 19.636 19.448 19.334 29/05/1968
21.415 21.244 21.439 21.903 20.986 20.948 20.810 21.279 21.425 21.213 21.452 21.302 20.980 20.776 21.372 21.097 20.589 20.907 20.703 20.527 21.528 20.583 21.136 21.023 21.167 21.666 20.826 21.756 21.371 20.838 30/05/1968
21.281 20.911 20.722 20.351 19.396 20.376 19.949 20.402 19.813 19.101 20.572 20.595 20.082 19.875 19.148 22.527 20.551 20.077 19.890 19.715 22.498 20.579 20.122 20.199 20.165 22.556 20.766 20.799 20.600 19.850 31/05/1968
20.248 19.913 20.104 19.377 18.860 19.712 19.533 19.982 19.383 19.292 19.441 19.664 18.740 18.606 19.311 19.719 20.008 19.197 19.070 19.101 20.054 19.997 18.630 19.287 19.441 20.308 20.424 19.357 19.526 19.208 01/06/1968
17.149 16.806 17.084 17.083 17.432 16.629 16.494 16.972 17.723 17.855 16.671 16.763 17.024 16.940 17.926 17.081 17.701 17.129 17.051 17.347 17.397 17.668 16.888 17.173 17.712 17.447 17.971 17.159 17.351 17.600 02/06/1968
20.517 20.739 20.944 20.786 22.162 20.599 20.494 20.844 22.375 22.256 20.558 20.939 22.396 22.191 22.331 21.458 22.485 22.408 22.193 22.086 21.838 22.475 22.179 22.506 22.625 21.932 22.496 22.402 22.432 22.308 03/06/1968
18.145 17.925 18.071 18.343 18.219 17.527 17.214 17.821 17.465 17.890 17.191 17.487 17.944 17.859 17.987 17.072 17.994 17.952 17.798 17.930 17.442 17.997 17.619 17.993 18.099 17.795 18.130 17.960 17.972 17.930 04/06/1968
13.541 13.250 13.138 13.036 11.615 13.066 12.975 13.039 13.129 12.069 13.103 13.472 13.287 13.186 12.391 13.104 13.383 13.225 13.107 13.199 13.416 13.363 13.308 13.261 13.704 13.557 13.449 13.555 13.570 13.491 05/06/1968
15.511 15.322 14.948 14.195 14.186 15.079 14.900 14.820 14.167 13.939 15.317 15.092 14.494 14.319 14.003 14.874 14.478 14.615 14.402 14.156 15.071 14.438 14.497 14.710 14.817 15.248 14.647 14.868 14.885 14.531 06/06/1968
18.292 18.138 18.042 17.737 20.641 17.826 17.576 17.833 19.784 20.736 17.902 18.031 20.054 19.745 20.933 19.439 19.429 20.146 19.870 19.717 19.813 19.397 20.072 20.286 20.430 20.416 19.801 20.987 20.649 19.961 07/06/1968
18.952 18.939 18.271 18.043 17.767 18.668 18.472 18.079 17.907 17.836 18.786 18.618 18.491 18.265 17.998 19.797 20.092 18.517 18.285 17.890 20.362 20.056 18.914 18.641 18.707 20.698 20.365 19.527 19.408 18.295 08/06/1968
19.696 20.157 19.559 19.241 19.618 19.904 19.734 19.418 20.100 19.966 19.193 19.967 20.372 20.220 20.092 19.785 21.030 20.496 20.340 20.287 20.467 20.998 20.389 20.557 20.657 21.003 21.341 20.840 20.841 20.467 09/06/1968
19.795 19.735 19.501 18.608 18.806 19.539 19.376 19.391 19.081 18.828 19.289 19.649 20.044 19.929 18.929 19.648 20.037 19.771 19.601 19.503 19.549 19.993 19.663 19.845 19.660 19.729 19.914 19.575 19.695 19.472 10/06/1968
17.954 18.074 17.894 17.427 17.712 17.896 17.721 17.803 17.612 17.741 17.655 17.970 17.798 17.670 17.895 17.912 18.357 17.798 17.661 17.599 18.222 18.314 17.734 17.837 17.809 18.578 18.550 18.056 18.010 17.608 11/06/1968
18.224 18.202 18.211 18.085 17.853 18.081 17.994 18.105 18.147 17.895 18.502 18.201 17.854 17.705 18.054 18.596 19.131 17.982 17.783 17.521 19.015 19.104 18.432 18.037 17.799 19.460 19.403 18.874 18.684 17.535 12/06/1968
18.933 19.503 19.403 18.698 18.678 19.326 19.204 19.317 18.922 18.629 19.685 19.589 19.286 19.146 18.770 19.785 20.314 19.636 19.479 19.077 20.511 20.261 19.841 19.682 19.592 21.161 20.649 20.326 20.071 19.350 13/06/1968
17.067 16.561 16.467 15.470 15.605 16.375 16.182 16.376 16.021 15.683 16.486 16.485 16.654 16.487 15.843 16.516 17.306 16.630 16.419 16.230 16.741 17.276 16.836 16.702 16.456 16.974 17.362 17.074 16.829 16.194 14/06/1968
14.932 14.802 14.835 13.922 14.495 14.669 14.594 14.749 14.812 14.441 14.579 14.534 14.848 14.698 14.553 15.010 15.560 15.172 14.987 14.637 15.379 15.527 15.132 15.245 15.192 15.896 15.959 15.682 15.567 14.953 15/06/1968
15.356 15.172 15.448 15.208 15.153 14.985 14.822 15.328 15.502 15.152 14.944 15.162 15.133 14.973 15.278 15.263 16.107 14.868 14.766 14.687 15.634 16.081 14.940 14.888 15.145 15.921 16.615 15.632 15.035 14.917 16/06/1968
17.648 17.969 18.464 17.698 17.611 17.707 17.516 18.281 19.343 18.237 18.185 18.444 18.781 18.651 18.451 18.349 19.751 19.025 18.881 19.383 18.905 19.694 18.633 19.096 19.974 19.456 20.356 19.513 19.556 19.768 17/06/1968
19.268 19.103 19.264 18.562 18.976 18.917 18.734 19.145 20.264 18.991 18.932 19.088 19.903 19.813 19.133 19.568 19.930 20.200 20.084 20.118 20.051 19.880 20.141 20.249 20.286 20.228 20.064 20.305 20.310 20.167 18/06/1968
19.016 18.744 19.193 19.063 19.408 18.570 18.451 19.091 20.253 19.692 18.460 18.701 19.815 19.671 19.833 19.000 19.342 19.865 19.725 20.191 19.191 19.299 19.067 19.954 20.570 19.255 19.810 19.779 21.008 20.390 19/06/1968
15.317 15.101 15.076 14.870 15.119 14.861 14.690 14.937 15.628 15.321 14.869 15.139 15.522 15.349 15.488 15.484 16.250 15.835 15.608 15.668 15.985 16.193 15.677 15.905 16.200 16.420 16.653 16.266 16.200 15.935 20/06/1968
14.691 14.186 14.168 13.996 13.980 13.996 13.833 14.036 14.342 14.144 13.873 13.992 14.002 13.824 14.322 14.196 14.726 14.133 13.960 13.748 14.417 14.670 14.281 14.211 14.255 14.437 14.571 14.374 14.324 14.039 21/06/1968
15.415 15.026 14.973 14.820 15.259 14.886 14.727 14.840 15.744 15.738 15.063 14.930 15.327 15.160 15.909 15.252 15.389 15.195 15.004 15.471 15.338 15.352 15.010 15.255 15.671 15.297 15.325 15.197 15.244 15.423 22/06/1968
16.944 16.785 16.850 16.385 16.637 16.638 16.492 16.755 17.301 17.017 16.756 16.695 16.712 16.589 17.141 16.838 16.944 16.513 16.371 16.828 16.910 16.889 16.329 16.570 16.505 16.565 16.770 16.160 16.220 16.353 23/06/1968
18.735 18.497 18.790 18.415 18.257 18.282 18.057 18.622 18.967 18.550 18.426 18.405 18.424 18.222 18.634 18.594 17.846 18.281 18.031 18.973 18.712 17.821 18.116 18.384 18.530 18.637 17.823 18.447 18.332 18.159 24/06/1968
17.963 17.984 18.429 19.120 19.823 17.779 17.590 18.292 19.752 19.537 17.633 17.750 19.203 19.139 19.625 18.282 19.036 19.227 19.160 19.356 18.306 19.016 19.098 19.252 19.177 18.522 19.110 19.160 19.072 19.113 25/06/1968
14.793 14.643 14.701 14.995 15.182 14.476 14.304 14.595 15.206 15.192 14.371 14.598 14.893 14.816 15.287 14.576 15.012 14.976 14.891 14.746 14.853 14.977 14.989 15.002 15.015 15.214 15.100 15.123 15.057 14.901 26/06/1968
17.740 17.654 17.304 16.295 18.308 17.481 17.346 17.213 18.109 18.383 17.769 17.509 18.059 18.007 18.510 18.596 17.163 18.083 18.025 17.771 18.846 17.121 18.243 18.113 18.138 18.969 17.275 18.403 18.159 18.038 27/06/1968
16.226 16.330 16.236 16.264 16.317 16.085 15.887 16.114 16.523 16.614 16.195 16.396 16.313 16.206 16.817 16.568 17.194 16.612 16.473 16.263 17.301 17.141 16.558 16.667 16.642 17.791 17.536 16.994 16.930 16.448 28/06/1968
18.189 17.936 18.094 18.422 18.088 17.727 17.564 17.961 18.783 18.275 17.781 17.878 18.116 17.967 18.475 17.391 17.091 18.172 17.970 18.375 17.507 17.042 16.901 18.250 18.442 17.694 18.096 18.250 18.170 18.168 29/06/1968
17.942 17.828 17.922 18.113 17.977 17.645 17.520 17.800 18.535 18.199 17.634 17.896 18.090 17.931 18.338 17.782 18.519 18.134 17.969 17.900 18.310 18.466 17.988 18.203 18.083 18.153 18.419 18.130 18.130 17.810 30/06/1968
16.824 16.760 16.567 15.732 15.801 16.576 16.469 16.487 15.976 15.722 16.553 16.528 16.527 16.395 15.864 16.726 16.979 16.379 16.216 16.448 16.856 16.954 16.365 16.436 16.706 16.872 17.089 16.696 16.733 16.484 01/07/1968
16.060 15.872 15.991 16.448 15.513 15.736 15.639 15.890 15.658 15.512 16.056 15.990 15.417 15.297 15.691 16.577 16.246 15.361 15.181 15.258 16.697 16.211 15.401 15.437 15.526 16.966 16.373 15.712 15.608 15.306 02/07/1968
15.511 15.305 15.357 15.444 15.668 15.093 14.970 15.213 15.772 15.729 15.434 15.079 15.455 15.301 15.887 15.643 15.514 15.319 15.117 15.394 15.515 15.478 15.466 15.391 15.814 15.682 15.541 15.739 15.687 15.529 03/07/1968
17.933 17.958 17.891 17.692 17.705 17.781 17.646 17.789 18.016 17.871 17.906 18.014 17.777 17.639 18.034 18.184 18.353 17.893 17.739 17.714 18.514 18.354 17.923 17.943 18.148 18.830 18.374 18.160 18.172 17.871 04/07/1968
15.242 15.562 15.661 15.627 15.781 15.452 15.383 15.593 16.037 15.906 15.229 15.579 15.727 15.634 16.026 15.504 16.158 16.159 16.030 16.129 15.834 16.154 15.697 16.194 16.424 16.409 16.669 16.329 16.398 16.274 05/07/1968
16.884 16.868 16.912 16.237 16.955 16.713 16.646 16.840 17.871 17.034 16.423 16.762 17.739 17.583 17.162 16.572 18.139 17.902 17.727 17.764 17.027 18.122 17.790 17.949 18.147 17.301 18.320 18.137 18.240 17.879 06/07/1968
17.592 17.546 17.581 17.123 18.569 17.375 17.255 17.491 18.492 18.717 17.157 17.343 18.123 18.019 18.848 17.825 18.109 18.063 17.927 18.309 18.044 18.085 17.926 18.088 18.268 18.113 18.162 18.109 18.160 18.089 07/07/1968
17.106 17.110 17.158 17.177 17.829 17.015 16.964 17.128 18.347 17.843 16.975 17.179 18.082 17.977 17.986 16.967 17.826 18.012 17.886 17.971 16.994 17.807 17.922 18.049 18.019 17.071 17.910 18.044 18.104 17.840 08/07/1968
15.624 15.526 15.123 14.535 14.960 15.362 15.242 15.004 14.771 14.517 15.767 15.174 14.721 14.614 14.668 15.663 15.010 14.767 14.555 14.425 15.408 14.990 15.156 14.866 14.673 14.408 15.078 15.351 15.403 14.400 09/07/1968
19.394 19.040 18.954 18.517 18.837 18.893 18.778 18.875 19.057 18.915 18.757 18.792 19.090 18.961 19.072 19.120 19.255 18.890 18.698 18.758 19.123 19.233 18.937 18.959 18.773 19.008 19.104 18.995 19.028 18.496 10/07/1968
19.820 20.050 20.107 19.488 19.750 19.869 19.696 19.983 19.715 19.899 20.058 20.129 19.824 19.694 20.062 19.986 20.166 19.697 19.533 19.803 20.230 20.139 19.754 19.761 19.752 20.250 19.833 19.624 19.617 19.565 11/07/1968
22.383 22.009 21.916 21.137 21.249 21.891 21.770 21.838 21.906 21.247 22.013 22.134 22.160 22.026 21.410 22.198 23.230 22.101 21.916 21.834 22.635 23.215 22.455 22.192 22.129 22.491 23.200 22.711 22.544 21.774 12/07/1968
25.779 25.682 25.712 25.366 26.136 25.592 25.520 25.656 26.514 26.156 25.683 25.707 25.859 25.812 26.299 25.237 26.400 25.987 25.911 25.929 25.500 26.407 26.016 26.026 26.057 25.665 26.371 26.260 26.207 25.926 13/07/1968
24.997 24.927 24.875 24.619 24.936 24.742 24.567 24.721 25.122 24.900 24.518 24.960 25.278 25.104 25.062 24.528 25.372 25.320 25.194 25.001 25.198 25.387 25.313 25.409 25.374 25.512 25.449 25.778 25.762 25.143 14/07/1968
24.767 24.721 24.686 24.198 24.073 24.614 24.478 24.636 24.777 24.192 24.469 24.660 24.637 24.448 24.400 24.083 24.161 24.613 24.413 24.510 24.181 24.170 24.676 24.719 24.821 24.323 24.227 25.126 24.976 24.490 15/07/1968
26.018 26.135 26.211 25.869 25.412 26.096 26.104 26.221 26.788 25.624 26.199 26.413 26.663 26.544 25.706 26.197 26.762 26.817 26.697 26.657 26.518 26.781 26.807 26.855 27.221 26.903 26.926 27.224 27.050 27.039 16/07/1968
24.338 24.286 24.249 23.917 24.332 24.311 24.372 24.277 24.821 24.675 24.543 24.623 24.587 24.586 24.747 24.373 24.766 24.827 24.859 24.845 24.496 24.831 25.114 24.866 25.030 24.690 24.900 25.252 25.103 24.996 17/07/1968
24.650 24.624 24.671 24.072 24.584 24.636 24.634 24.681 25.104 24.968 24.778 24.806 25.003 24.936 25.060 24.983 25.676 25.200 25.169 25.170 25.392 25.670 25.261 25.272 25.371 25.756 25.796 25.603 25.511 25.263 18/07/1968
23.484 23.454 23.871 23.003 23.322 23.354 23.183 23.794 23.913 23.454 23.561 23.563 23.687 23.572 23.512 23.687 24.541 23.829 23.690 23.775 24.044 24.522 23.762 23.895 24.041 24.289 24.748 24.176 24.111 23.828 19/07/1968
23.519 23.303 23.546 22.759 23.109 23.075 22.851 23.377 23.605 23.326 23.441 23.310 23.286 23.097 23.391 23.678 23.880 23.409 23.239 23.536 23.855 23.893 23.227 23.484 23.572 23.921 23.905 23.565 23.663 23.366 20/07/1968
24.283 24.297 24.458 22.969 22.887 24.216 24.118 24.383 23.821 22.947 24.310 24.329 23.494 23.424 23.040 24.833 23.514 23.605 23.499 23.569 24.846 23.507 23.487 23.620 23.555 24.754 23.470 23.419 23.471 23.445 21/07/1968
22.691 22.629 22.427 21.560 22.215 22.432 22.240 22.290 22.175 22.050 22.504 22.413 22.551 22.382 22.178 22.715 22.720 22.652 22.475 22.235 22.582 22.697 22.453 22.736 22.975 22.635 22.717 22.687 23.028 22.629 22/07/1968
18.807 18.777 19.154 18.440 18.814 18.691 18.626 19.049 19.401 19.179 18.761 19.041 19.138 18.991 19.292 18.623 19.361 19.393 19.186 19.307 19.035 19.352 19.049 19.462 19.502 19.396 19.497 19.395 19.597 19.268 23/07/1968
17.442 17.365 17.646 17.240 17.359 17.293 17.212 17.570 18.051 17.719 17.448 17.400 17.519 17.411 17.887 17.450 18.251 17.627 17.490 17.839 17.555 18.217 17.471 17.698 17.632 17.519 18.314 17.728 17.792 17.386 24/07/1968
18.391 18.400 18.593 18.588 18.915 18.234 18.083 18.487 19.570 18.988 18.155 18.308 19.174 19.047 19.117 18.479 19.114 19.144 18.982 19.101 18.735 19.074 18.939 19.214 18.826 18.832 19.155 19.157 19.100 18.547 25/07/1968
16.875 17.013 16.776 16.193 16.336 16.697 16.477 16.592 16.731 16.614 16.870 16.928 16.698 16.492 16.785 16.868 16.953 16.521 16.320 16.144 16.872 16.920 16.381 16.633 16.293 17.026 16.889 16.587 16.536 15.950 26/07/1968
17.010 16.713 16.600 15.501 15.775 16.413 16.211 16.389 16.337 15.905 16.418 16.650 16.523 16.426 16.064 16.448 16.846 16.511 16.412 16.326 16.785 16.811 16.471 16.564 16.398 17.036 16.802 16.625 16.639 16.243 27/07/1968
15.737 15.740 15.944 15.647 15.758 15.521 15.364 15.855 16.186 16.026 15.590 15.583 15.794 15.774 16.120 15.889 16.643 15.857 15.827 16.060 16.167 16.615 15.612 15.880 15.896 16.252 16.776 15.878 15.963 15.808 28/07/1968
16.897 17.009 17.145 16.856 16.964 16.854 16.709 17.046 17.587 17.079 17.043 17.023 17.284 17.182 17.256 17.461 18.016 17.478 17.329 17.488 17.841 17.996 17.442 17.530 17.535 17.721 17.821 17.420 17.532 17.349 29/07/1968
20.746 20.705 20.577 19.684 18.729 20.547 20.359 20.463 18.536 18.582 20.311 20.413 18.742 18.833 18.730 20.272 19.833 18.604 18.684 18.203 20.424 19.859 18.803 18.552 17.962 19.969 19.449 18.410 18.243 18.087 30/07/1968
19.534 19.325 19.126 18.599 19.624 19.051 18.845 18.945 19.173 19.391 18.697 18.647 19.413 19.243 19.517 18.659 18.943 19.043 18.841 18.776 18.605 18.906 19.039 19.126 19.109 18.797 18.886 19.328 19.280 18.792 31/07/1968
